SAMPLES:	17137
BITSPERSAMPLE:	16
CHANNELS:	1
SAMPLERATE:	16000
NORMALIZED:	FALSE
-2
-2
-3
-3
-3
-4
-3
-1
0
1
1
-1
0
1
2
1
1
0
1
0
1
1
2
1
2
2
3
4
3
4
3
3
3
2
3
4
4
5
2
2
2
1
2
2
3
2
1
2
2
3
3
5
4
4
2
2
2
3
3
4
3
3
2
3
4
4
4
2
3
1
1
-1
0
-1
0
0
-1
-1
-2
0
0
0
0
0
-2
-3
-2
-1
-1
-2
-2
-3
-3
-3
-3
-3
-2
-2
-2
-3
-2
-4
-3
-3
-2
-2
-3
-3
-4
-2
-2
-1
-3
-2
-1
-2
0
2
2
4
4
4
5
4
5
5
2
1
1
0
2
-2
-1
-2
-2
0
0
1
1
-1
0
-1
0
0
-2
-3
-5
-5
-4
-3
-3
-2
-4
-6
-3
-2
-1
1
2
1
1
2
1
3
2
1
2
2
3
2
2
2
2
1
3
2
2
2
1
1
1
0
2
2
2
0
0
2
2
2
2
0
0
-1
-4
-4
-2
-1
0
0
2
2
2
1
-1
-1
0
1
1
2
2
0
1
0
0
1
1
1
1
3
3
3
0
-1
-1
-1
-2
-1
1
-1
-1
0
0
1
-1
-2
-2
-2
-2
-2
-1
-2
-2
-2
-1
0
-1
0
-1
0
-2
-1
-2
-3
-4
-5
-5
-4
-4
-3
-1
0
2
0
1
0
0
2
2
1
0
-1
-1
0
1
1
1
1
-1
-1
0
0
2
2
0
1
1
1
2
1
1
3
2
1
2
1
2
2
1
-1
0
0
1
0
-2
-3
-2
-2
-2
-1
-1
-2
-2
-3
0
1
1
2
2
2
1
1
0
2
3
1
0
-1
-1
0
3
2
3
2
0
-2
-1
3
3
2
1
0
-1
0
0
-2
-2
-2
-4
-4
-2
-2
-1
-2
-1
-3
-4
-3
-2
-1
0
0
0
1
1
3
2
2
2
2
4
3
2
3
3
2
3
3
3
3
1
1
1
1
3
1
1
1
2
2
4
6
6
5
4
2
1
1
0
-1
0
0
-1
-1
-1
0
-1
-1
-2
-2
-2
-1
-1
-2
-2
-3
-4
-3
-3
-3
-3
-4
-4
-4
-4
-4
-4
-4
-6
-4
-4
-1
-1
-2
-3
-4
-5
-2
0
0
0
1
0
1
1
4
4
2
2
1
1
0
0
0
0
-1
-1
-1
-1
-3
-3
-2
-3
-3
-3
-3
-2
-3
-2
-1
-2
-2
-3
-2
-2
-1
-2
-2
-3
-3
0
1
1
2
1
2
1
1
0
0
0
1
0
2
3
0
2
2
2
4
4
3
4
4
4
4
2
0
0
1
1
2
1
3
2
3
3
3
4
4
5
4
4
4
3
3
3
4
2
0
0
0
-2
-1
1
-1
-2
-3
-1
-3
-1
2
1
1
3
1
1
4
2
2
3
4
3
1
2
0
-1
-1
-1
-3
-1
-1
-1
0
0
-1
-1
-1
-2
-2
-3
-4
-4
-4
-5
-5
-4
-4
-3
-4
-4
-5
-5
-4
-3
-2
-3
-3
-2
-2
0
0
0
2
1
2
1
2
3
2
0
0
1
2
3
4
1
1
1
1
3
2
3
3
4
4
3
4
3
5
5
2
1
1
1
2
3
1
0
1
0
0
1
2
2
3
3
4
4
1
-1
1
1
0
2
2
1
1
0
0
-3
-3
-2
-2
0
0
-1
-1
-2
0
3
1
-1
-1
-1
1
0
-1
-2
-3
-3
-3
-2
-1
-1
-1
1
1
0
-2
-3
-3
-2
-1
-1
0
-1
1
1
2
2
1
0
-1
0
0
1
0
-1
-2
-3
-1
-2
-1
-2
-2
-3
-3
-2
-2
-1
-1
-1
-1
-1
-1
0
-1
-1
0
1
1
0
0
0
-2
-1
1
0
-1
-3
-3
-3
-2
0
-2
-2
-4
-4
-4
-1
0
-2
-3
-2
-2
0
1
0
-2
-2
0
-2
-1
1
2
2
3
4
6
6
6
5
4
5
4
4
4
3
1
1
0
1
1
2
3
2
2
2
1
3
1
0
0
0
1
0
-1
-1
-1
-1
-1
-1
0
-2
-1
-2
-2
-2
-1
-1
-1
-1
-2
-1
1
-1
0
-1
-2
-3
-3
-2
0
-1
-1
1
0
-2
1
0
1
-1
-1
0
0
0
1
2
2
1
2
-1
-2
0
0
-1
0
1
-1
-1
0
-2
-2
1
1
0
-1
-1
-1
-2
-2
0
0
-2
-3
-3
-2
-1
-2
-1
-1
-1
1
1
1
0
1
0
-1
1
1
4
2
-1
0
1
4
7
7
8
8
10
10
13
13
10
8
5
3
-1
-5
-6
-9
-13
-16
-18
-20
-22
-23
-27
-31
-35
-37
-37
-38
-39
-40
-37
-34
-30
-23
-17
-12
-6
3
11
18
27
34
41
48
52
59
64
69
73
78
77
79
80
78
75
73
69
63
57
50
39
27
15
3
-9
-23
-35
-48
-59
-69
-78
-87
-96
-102
-105
-109
-111
-110
-108
-105
-100
-94
-90
-83
-74
-63
-52
-37
-24
-9
6
21
36
50
63
74
84
93
100
106
108
109
107
105
98
93
88
79
71
62
52
41
32
23
15
6
-2
-10
-19
-24
-29
-35
-39
-41
-43
-44
-46
-45
-46
-46
-41
-38
-37
-39
-36
-39
-41
-41
-43
-44
-48
-48
-50
-51
-49
-46
-43
-40
-30
-22
-14
-5
5
12
22
30
39
43
50
55
59
61
60
60
59
55
52
51
44
40
37
33
28
21
17
12
7
0
-1
-4
-8
-8
-10
-10
-10
-10
-11
-10
-10
-11
-11
-12
-14
-19
-22
-25
-30
-34
-37
-39
-43
-45
-48
-45
-45
-42
-37
-31
-25
-20
-10
-6
3
7
16
23
28
33
36
40
41
42
40
40
37
35
31
29
25
21
17
14
10
7
4
-1
-4
-5
-8
-10
-9
-10
-11
-10
-10
-7
-6
-5
-5
-4
-3
-6
-4
-7
-8
-11
-11
-14
-17
-20
-22
-22
-26
-26
-25
-24
-24
-22
-16
-15
-9
-4
3
9
13
16
21
25
27
29
32
32
30
29
32
28
28
25
24
17
10
8
3
-4
-14
-17
-24
-31
-40
-46
-48
-56
-58
-60
-61
-65
-67
-65
-63
-66
-71
-69
-69
-75
-80
-81
-85
-95
-97
-97
-100
-104
-105
-93
-83
-67
-50
-15
20
54
98
146
197
225
263
308
343
364
386
414
424
422
418
431
425
408
393
379
355
308
281
251
201
128
67
2
-88
-177
-258
-323
-393
-452
-486
-523
-561
-597
-598
-596
-604
-609
-603
-596
-606
-623
-634
-645
-664
-680
-690
-669
-680
-656
-654
-566
-512
-398
-301
-138
26
165
355
524
741
842
1014
1154
1298
1354
1422
1496
1506
1487
1458
1484
1433
1364
1293
1255
1137
999
900
796
626
413
244
45
-200
-445
-632
-803
-976
-1125
-1192
-1277
-1358
-1421
-1401
-1392
-1406
-1385
-1349
-1326
-1355
-1371
-1376
-1398
-1446
-1472
-1484
-1471
-1513
-1463
-1432
-1291
-1184
-955
-723
-434
-126
172
550
869
1262
1534
1880
2119
2371
2508
2632
2694
2699
2691
2639
2626
2533
2473
2338
2235
2050
1888
1705
1492
1246
944
646
263
-93
-483
-819
-1166
-1446
-1684
-1875
-2033
-2156
-2208
-2240
-2233
-2209
-2139
-2093
-2061
-2045
-2029
-2036
-2059
-2112
-2133
-2199
-2234
-2275
-2240
-2172
-2106
-1861
-1618
-1233
-964
-472
-46
440
888
1411
1930
2272
2638
2944
3243
3291
3368
3422
3471
3362
3316
3335
3267
3108
2963
2925
2734
2518
2291
2114
1761
1316
915
506
1
-543
-967
-1350
-1754
-2105
-2305
-2467
-2619
-2725
-2685
-2643
-2612
-2565
-2483
-2411
-2403
-2378
-2370
-2425
-2482
-2599
-2622
-2692
-2674
-2648
-2573
-2294
-2069
-1654
-1382
-801
-377
167
683
1297
1846
2176
2622
2977
3292
3312
3461
3550
3598
3472
3494
3539
3442
3279
3207
3236
3020
2839
2675
2523
2113
1663
1309
846
267
-358
-803
-1272
-1771
-2153
-2371
-2566
-2783
-2863
-2809
-2766
-2736
-2651
-2496
-2416
-2350
-2287
-2243
-2315
-2370
-2465
-2521
-2605
-2642
-2624
-2601
-2353
-2168
-1760
-1505
-958
-516
24
565
1136
1707
2021
2481
2804
3127
3188
3317
3411
3417
3356
3333
3379
3258
3154
3082
3088
2920
2746
2643
2433
2103
1655
1341
860
282
-305
-783
-1232
-1752
-2089
-2306
-2495
-2687
-2723
-2629
-2597
-2514
-2386
-2209
-2108
-2029
-1913
-1890
-1936
-2016
-2054
-2183
-2285
-2382
-2406
-2462
-2313
-2131
-1796
-1521
-1127
-602
-162
369
832
1442
1756
2109
2448
2758
2886
2927
3047
3065
3020
2948
3004
2971
2903
2873
2885
2833
2656
2581
2399
2166
1782
1419
1033
462
-75
-574
-965
-1472
-1836
-2058
-2229
-2385
-2451
-2313
-2259
-2168
-2005
-1830
-1708
-1627
-1525
-1519
-1566
-1695
-1776
-1960
-2131
-2300
-2402
-2548
-2540
-2370
-2123
-1783
-1537
-996
-602
-104
324
863
1274
1483
1818
2126
2312
2311
2416
2530
2530
2439
2525
2630
2672
2728
2832
2941
2846
2819
2721
2583
2300
1904
1570
1090
568
36
-334
-792
-1232
-1510
-1703
-1836
-2000
-1935
-1835
-1791
-1663
-1526
-1362
-1292
-1224
-1268
-1310
-1485
-1709
-1922
-2200
-2431
-2661
-2798
-2972
-2858
-2699
-2319
-2062
-1636
-1145
-713
-181
239
789
1018
1277
1603
1844
1918
1936
2119
2227
2192
2232
2448
2611
2751
2907
3115
3192
3175
3164
3039
2867
2438
2057
1636
1116
528
31
-358
-874
-1237
-1516
-1644
-1825
-1926
-1828
-1802
-1713
-1624
-1449
-1316
-1285
-1299
-1358
-1395
-1689
-1895
-2172
-2430
-2706
-2859
-2989
-3048
-2883
-2637
-2244
-1976
-1416
-985
-447
-21
500
934
1122
1433
1680
1855
1837
1910
2063
2097
2102
2257
2492
2674
2852
3042
3260
3316
3356
3282
3188
2860
2395
1999
1504
922
273
-176
-679
-1147
-1511
-1704
-1846
-1990
-1991
-1901
-1816
-1689
-1545
-1338
-1262
-1250
-1271
-1283
-1407
-1674
-1878
-2153
-2392
-2634
-2719
-2877
-2792
-2666
-2321
-2082
-1679
-1158
-707
-251
146
714
961
1210
1432
1705
1720
1693
1753
1878
1895
1934
2167
2366
2608
2724
3011
3185
3267
3283
3247
3132
2720
2293
1865
1341
678
68
-422
-946
-1388
-1688
-1848
-1989
-2051
-1994
-1864
-1695
-1535
-1303
-1136
-1051
-1044
-1065
-1128
-1319
-1569
-1827
-2053
-2313
-2486
-2654
-2742
-2602
-2432
-2079
-1907
-1360
-928
-476
-128
311
763
887
1099
1306
1502
1389
1370
1467
1609
1591
1722
2000
2244
2444
2615
2990
3121
3189
3218
3228
3056
2612
2236
1789
1222
510
-40
-526
-1048
-1428
-1658
-1783
-1897
-1886
-1758
-1561
-1372
-1172
-898
-759
-698
-752
-828
-1018
-1310
-1603
-1881
-2127
-2434
-2574
-2799
-2748
-2620
-2305
-2020
-1761
-1180
-827
-375
-118
375
629
715
877
1095
1146
1029
1061
1254
1389
1418
1699
2008
2315
2460
2809
3123
3225
3273
3316
3297
2981
2567
2166
1694
1037
346
-110
-636
-1136
-1452
-1615
-1725
-1826
-1739
-1558
-1350
-1189
-958
-697
-637
-661
-766
-905
-1228
-1569
-1847
-2161
-2459
-2741
-2838
-3021
-2880
-2710
-2307
-2081
-1684
-1152
-782
-358
-42
455
610
739
930
1164
1132
1093
1185
1436
1516
1648
1985
2318
2598
2771
3181
3357
3462
3470
3484
3321
2908
2493
2028
1528
804
204
-243
-792
-1219
-1483
-1582
-1714
-1771
-1641
-1450
-1266
-1127
-905
-736
-767
-845
-961
-1165
-1514
-1801
-2091
-2406
-2707
-2874
-3006
-3088
-2925
-2706
-2325
-2128
-1601
-1169
-729
-361
90
497
639
802
1062
1250
1195
1217
1360
1588
1619
1827
2171
2524
2757
3004
3388
3527
3625
3605
3572
3297
2853
2411
1931
1372
616
85
-420
-926
-1329
-1509
-1574
-1706
-1726
-1570
-1356
-1209
-1071
-884
-801
-896
-1006
-1124
-1357
-1667
-1957
-2254
-2529
-2802
-2939
-3087
-3089
-2949
-2678
-2329
-2073
-1520
-1117
-644
-269
202
516
642
844
1121
1221
1199
1236
1426
1604
1649
1895
2241
2608
2796
3124
3461
3608
3665
3639
3592
3236
2820
2352
1891
1237
520
20
-515
-984
-1379
-1473
-1554
-1672
-1665
-1461
-1248
-1136
-981
-812
-804
-940
-1060
-1169
-1425
-1747
-2064
-2355
-2612
-2933
-3037
-3195
-3163
-3032
-2668
-2323
-1997
-1440
-1022
-513
-139
333
577
712
941
1178
1213
1212
1245
1490
1610
1710
1969
2348
2695
2865
3249
3484
3642
3623
3649
3541
3159
2746
2261
1783
1067
429
-51
-590
-1035
-1397
-1471
-1574
-1676
-1601
-1372
-1176
-1078
-895
-785
-847
-996
-1131
-1269
-1571
-1907
-2241
-2525
-2825
-3124
-3215
-3375
-3285
-3127
-2715
-2424
-1981
-1472
-1003
-498
-69
414
622
806
1078
1258
1263
1274
1382
1626
1692
1879
2179
2601
2874
3102
3480
3640
3757
3725
3804
3610
3223
2796
2309
1776
1006
460
-48
-604
-1060
-1394
-1491
-1652
-1738
-1600
-1380
-1216
-1099
-919
-878
-980
-1133
-1291
-1486
-1827
-2165
-2488
-2761
-3091
-3282
-3414
-3476
-3332
-3125
-2723
-2463
-1906
-1484
-904
-453
65
522
719
970
1230
1351
1350
1376
1573
1736
1816
2058
2372
2811
2977
3322
3606
3783
3820
3822
3870
3584
3205
2717
2251
1615
846
353
-215
-729
-1194
-1446
-1561
-1760
-1766
-1622
-1385
-1271
-1130
-976
-990
-1092
-1270
-1422
-1699
-2055
-2393
-2692
-2945
-3234
-3335
-3461
-3395
-3229
-2914
-2579
-2246
-1701
-1261
-689
-291
245
604
800
1064
1291
1384
1391
1465
1697
1813
1939
2158
2508
2861
3025
3396
3645
3834
3821
3846
3822
3495
3095
2564
2097
1368
664
142
-413
-888
-1331
-1482
-1660
-1799
-1789
-1611
-1399
-1325
-1170
-1052
-1051
-1178
-1324
-1494
-1801
-2135
-2469
-2734
-2960
-3193
-3252
-3373
-3263
-3071
-2722
-2419
-2021
-1479
-1044
-532
-110
381
686
901
1210
1421
1490
1534
1626
1868
1930
2039
2251
2562
2849
3007
3393
3584
3749
3689
3740
3641
3270
2842
2298
1790
1039
390
-133
-639
-1138
-1491
-1644
-1800
-1921
-1856
-1658
-1464
-1395
-1230
-1065
-1093
-1185
-1331
-1471
-1797
-2101
-2426
-2646
-2882
-3081
-3155
-3305
-3152
-2991
-2592
-2336
-1836
-1357
-930
-421
18
491
766
1041
1378
1530
1612
1664
1784
2010
1992
2165
2320
2693
2865
3122
3437
3607
3714
3658
3771
3545
3191
2711
2196
1639
903
306
-216
-736
-1220
-1522
-1661
-1840
-1891
-1801
-1593
-1432
-1352
-1157
-1069
-1114
-1252
-1379
-1586
-1937
-2233
-2552
-2777
-3079
-3209
-3367
-3417
-3275
-3041
-2637
-2376
-1789
-1371
-845
-372
134
579
845
1153
1481
1592
1713
1744
1953
2095
2111
2293
2501
2906
2985
3339
3551
3742
3750
3771
3839
3498
3139
2595
2122
1468
742
154
-368
-893
-1371
-1605
-1763
-1903
-1913
-1773
-1572
-1409
-1321
-1128
-1129
-1220
-1411
-1549
-1817
-2175
-2432
-2736
-2952
-3262
-3319
-3449
-3343
-3201
-2864
-2516
-2170
-1615
-1172
-616
-178
364
722
961
1285
1564
1651
1759
1810
2051
2113
2215
2369
2686
3002
3090
3458
3605
3793
3743
3831
3752
3402
2988
2467
1964
1224
516
-59
-560
-1099
-1508
-1713
-1864
-1997
-1951
-1801
-1600
-1455
-1317
-1108
-1160
-1270
-1479
-1610
-1934
-2239
-2478
-2725
-2950
-3229
-3249
-3337
-3156
-3027
-2635
-2370
-1939
-1473
-988
-470
-22
515
799
1044
1404
1628
1712
1783
1882
2085
2110
2270
2400
2760
2937
3089
3401
3526
3665
3595
3681
3494
3150
2706
2231
1691
915
287
-255
-745
-1264
-1576
-1745
-1887
-1989
-1886
-1736
-1546
-1398
-1209
-1021
-1094
-1189
-1390
-1560
-1907
-2185
-2427
-2636
-2897
-3087
-3161
-3228
-3036
-2890
-2497
-2303
-1784
-1387
-891
-434
41
544
773
1044
1420
1612
1699
1770
1937
2112
2146
2353
2508
2879
2956
3184
3423
3568
3633
3545
3600
3329
2987
2498
2067
1481
741
193
-306
-788
-1278
-1518
-1664
-1788
-1842
-1727
-1585
-1420
-1302
-1121
-1044
-1114
-1230
-1413
-1631
-1990
-2256
-2502
-2688
-2961
-3063
-3222
-3237
-3084
-2905
-2563
-2382
-1830
-1468
-967
-548
-59
397
631
950
1340
1519
1649
1766
2014
2186
2268
2492
2690
3033
3072
3349
3512
3678
3665
3591
3592
3279
2929
2416
2007
1391
705
192
-279
-758
-1232
-1457
-1610
-1722
-1762
-1678
-1530
-1392
-1290
-1154
-1144
-1193
-1334
-1480
-1684
-2017
-2270
-2506
-2652
-2911
-2981
-3178
-3128
-3011
-2825
-2543
-2336
-1807
-1468
-957
-561
-87
314
557
916
1265
1426
1593
1735
2027
2190
2326
2518
2750
3057
3108
3391
3506
3679
3613
3576
3527
3217
2868
2367
1964
1344
682
150
-299
-771
-1238
-1480
-1632
-1724
-1779
-1728
-1553
-1428
-1325
-1205
-1168
-1204
-1349
-1466
-1618
-1908
-2171
-2394
-2525
-2798
-2895
-3092
-3001
-2915
-2745
-2499
-2255
-1760
-1423
-919
-529
-52
326
564
942
1235
1368
1537
1669
1975
2094
2257
2406
2664
2932
2999
3282
3392
3546
3473
3476
3402
3130
2791
2336
1940
1322
686
154
-278
-757
-1199
-1434
-1571
-1671
-1728
-1654
-1478
-1376
-1260
-1103
-1063
-1104
-1236
-1338
-1484
-1784
-2049
-2284
-2459
-2785
-2895
-3080
-2998
-2941
-2759
-2505
-2245
-1758
-1411
-926
-552
-57
339
585
943
1215
1342
1506
1623
1953
2048
2230
2385
2659
2916
2988
3290
3392
3535
3453
3453
3373
3113
2764
2311
1900
1294
670
157
-266
-738
-1154
-1382
-1509
-1644
-1689
-1597
-1456
-1390
-1277
-1131
-1127
-1180
-1322
-1437
-1617
-1919
-2186
-2432
-2633
-2965
-3035
-3194
-3121
-3058
-2833
-2548
-2272
-1770
-1424
-941
-578
-63
366
633
976
1284
1429
1597
1733
2097
2188
2367
2548
2807
3056
3109
3413
3480
3608
3492
3477
3404
3120
2759
2276
1867
1262
622
135
-277
-737
-1139
-1356
-1470
-1636
-1662
-1554
-1423
-1381
-1285
-1164
-1166
-1237
-1394
-1506
-1720
-1997
-2280
-2498
-2674
-2977
-3026
-3164
-3077
-2999
-2753
-2468
-2196
-1715
-1393
-906
-539
-53
375
624
965
1294
1441
1603
1752
2110
2202
2375
2581
2827
3059
3103
3379
3441
3548
3418
3421
3363
3055
2693
2206
1795
1163
509
20
-398
-864
-1263
-1440
-1548
-1690
-1709
-1543
-1388
-1341
-1237
-1095
-1071
-1163
-1296
-1403
-1619
-1900
-2161
-2358
-2529
-2816
-2882
-3018
-2933
-2846
-2622
-2370
-2124
-1675
-1359
-853
-485
-22
370
595
948
1266
1404
1530
1668
1976
2051
2218
2420
2661
2857
2905
3149
3238
3370
3253
3298
3256
2986
2632
2174
1772
1126
504
-4
-430
-888
-1286
-1437
-1550
-1642
-1660
-1466
-1284
-1219
-1061
-895
-852
-953
-1073
-1175
-1389
-1686
-1942
-2164
-2391
-2688
-2783
-2951
-2877
-2813
-2602
-2392
-2148
-1714
-1392
-873
-506
-37
314
535
911
1202
1333
1447
1593
1864
1914
2091
2293
2543
2701
2763
3036
3142
3304
3195
3264
3205
2942
2598
2158
1768
1109
543
44
-386
-845
-1232
-1393
-1520
-1625
-1638
-1474
-1295
-1238
-1061
-878
-873
-980
-1133
-1198
-1433
-1717
-1991
-2219
-2459
-2755
-2826
-3015
-2909
-2873
-2628
-2432
-2147
-1717
-1372
-856
-467
-14
326
567
962
1233
1364
1536
1680
1947
1983
2187
2383
2636
2767
2857
3154
3249
3379
3271
3319
3207
2906
2562
2141
1730
1078
548
85
-367
-825
-1179
-1358
-1504
-1644
-1624
-1487
-1336
-1280
-1119
-945
-979
-1092
-1249
-1288
-1540
-1825
-2102
-2313
-2538
-2809
-2852
-3030
-2889
-2858
-2587
-2378
-2060
-1619
-1278
-775
-392
23
347
587
957
1214
1361
1562
1703
1973
2037
2274
2456
2723
2881
2992
3275
3343
3429
3297
3330
3159
2835
2481
2044
1602
946
425
-36
-504
-943
-1263
-1435
-1587
-1696
-1623
-1491
-1347
-1277
-1115
-974
-1010
-1118
-1232
-1287
-1561
-1840
-2093
-2291
-2502
-2740
-2769
-2935
-2785
-2723
-2454
-2247
-1938
-1491
-1177
-702
-343
42
342
550
887
1146
1293
1469
1608
1894
1972
2240
2403
2682
2887
2989
3249
3294
3360
3201
3242
3053
2747
2392
1930
1488
839
323
-127
-580
-973
-1288
-1440
-1562
-1608
-1505
-1389
-1221
-1143
-973
-858
-882
-974
-1080
-1165
-1463
-1719
-1957
-2175
-2380
-2610
-2643
-2830
-2695
-2611
-2368
-2182
-1907
-1473
-1177
-745
-384
-15
268
453
791
1049
1167
1323
1455
1761
1821
2105
2274
2554
2790
2875
3144
3199
3244
3106
3117
2968
2662
2318
1860
1435
835
317
-80
-515
-868
-1193
-1328
-1403
-1438
-1362
-1239
-1081
-1018
-897
-790
-805
-930
-1062
-1188
-1473
-1741
-1970
-2198
-2388
-2631
-2664
-2840
-2734
-2648
-2432
-2238
-1989
-1577
-1290
-878
-520
-137
141
370
717
980
1117
1300
1455
1774
1850
2147
2344
2623
2880
2962
3244
3298
3360
3255
3207
3064
2749
2395
1934
1525
973
449
54
-383
-738
-1079
-1220
-1288
-1357
-1320
-1196
-1076
-1027
-954
-852
-873
-1024
-1177
-1338
-1591
-1869
-2093
-2322
-2497
-2738
-2754
-2918
-2827
-2746
-2542
-2335
-2086
-1692
-1424
-1019
-667
-244
37
302
658
949
1134
1347
1545
1875
1993
2287
2517
2791
3052
3145
3416
3463
3559
3446
3349
3162
2823
2439
1944
1539
966
424
-5
-448
-817
-1154
-1303
-1390
-1476
-1432
-1318
-1202
-1133
-1057
-957
-974
-1080
-1237
-1404
-1615
-1870
-2096
-2322
-2464
-2684
-2696
-2847
-2741
-2646
-2437
-2229
-1990
-1617
-1398
-1007
-682
-257
11
258
618
927
1123
1324
1553
1895
2056
2330
2580
2837
3101
3211
3460
3529
3613
3488
3375
3172
2818
2420
1898
1489
879
325
-111
-538
-907
-1226
-1375
-1480
-1558
-1500
-1387
-1254
-1164
-1099
-970
-975
-1026
-1184
-1357
-1537
-1799
-2029
-2258
-2394
-2625
-2657
-2774
-2672
-2555
-2330
-2125
-1908
-1549
-1336
-947
-657
-255
24
258
594
909
1074
1263
1489
1827
2014
2236
2487
2713
2998
3097
3343
3432
3490
3378
3267
3100
2749
2363
1841
1435
833
293
-147
-523
-881
-1172
-1328
-1441
-1493
-1454
-1340
-1208
-1118
-1084
-944
-957
-994
-1165
-1349
-1530
-1807
-2038
-2271
-2409
-2648
-2676
-2771
-2679
-2527
-2299
-2102
-1892
-1527
-1286
-923
-646
-262
55
281
596
941
1076
1303
1521
1879
2082
2288
2550
2784
3090
3173
3430
3518
3573
3456
3345
3193
2833
2436
1911
1484
896
345
-104
-441
-813
-1107
-1270
-1393
-1458
-1473
-1351
-1239
-1189
-1182
-1077
-1093
-1154
-1330
-1507
-1688
-1967
-2183
-2399
-2520
-2744
-2755
-2839
-2747
-2571
-2362
-2165
-1944
-1578
-1319
-974
-676
-295
29
254
588
963
1111
1388
1617
2001
2196
2422
2694
2952
3224
3298
3560
3620
3661
3509
3396
3218
2821
2399
1885
1425
818
263
-148
-495
-896
-1191
-1345
-1471
-1557
-1561
-1402
-1302
-1277
-1245
-1147
-1147
-1245
-1384
-1517
-1692
-1958
-2133
-2302
-2421
-2623
-2617
-2689
-2601
-2444
-2247
-2069
-1860
-1542
-1291
-939
-644
-293
-22
197
546
911
1098
1382
1621
2002
2181
2440
2704
2983
3195
3291
3530
3566
3595
3425
3310
3095
2704
2281
1791
1312
706
179
-189
-573
-964
-1249
-1403
-1507
-1577
-1527
-1383
-1270
-1220
-1149
-1037
-1026
-1129
-1246
-1351
-1539
-1782
-1955
-2123
-2265
-2455
-2454
-2540
-2465
-2352
-2173
-2032
-1855
-1578
-1320
-954
-668
-341
-107
100
446
793
997
1244
1473
1842
2012
2276
2534
2822
3025
3132
3357
3398
3437
3266
3161
2948
2595
2189
1719
1272
700
203
-158
-548
-904
-1177
-1326
-1382
-1421
-1363
-1271
-1140
-1064
-1000
-892
-886
-975
-1118
-1225
-1433
-1672
-1873
-2070
-2214
-2409
-2418
-2509
-2424
-2346
-2176
-2060
-1885
-1605
-1339
-967
-669
-326
-101
98
458
791
979
1216
1445
1816
1987
2260
2525
2815
3029
3123
3359
3405
3437
3268
3164
2950
2576
2181
1704
1291
728
224
-152
-540
-908
-1173
-1307
-1347
-1407
-1379
-1303
-1175
-1110
-1095
-973
-979
-1049
-1214
-1309
-1517
-1769
-1972
-2170
-2298
-2507
-2511
-2576
-2461
-2412
-2230
-2109
-1891
-1598
-1330
-942
-608
-239
-11
221
614
902
1081
1344
1582
1941
2093
2395
2646
2919
3110
3203
3430
3447
3458
3300
3200
2936
2533
2142
1669
1243
659
150
-237
-651
-1030
-1270
-1398
-1464
-1561
-1522
-1411
-1285
-1239
-1194
-1043
-1049
-1111
-1249
-1317
-1547
-1804
-1996
-2156
-2293
-2486
-2483
-2503
-2378
-2329
-2129
-1989
-1731
-1456
-1184
-819
-476
-131
75
329
713
931
1115
1376
1619
1947
2095
2419
2644
2927
3081
3206
3377
3384
3388
3254
3153
2846
2485
2082
1629
1161
575
77
-323
-749
-1103
-1335
-1479
-1567
-1659
-1585
-1454
-1313
-1242
-1110
-982
-994
-1054
-1154
-1240
-1500
-1728
-1937
-2090
-2255
-2418
-2440
-2459
-2356
-2265
-2060
-1920
-1634
-1363
-1076
-748
-401
-78
100
348
710
903
1085
1304
1562
1852
2005
2307
2534
2824
2949
3088
3221
3253
3239
3120
3021
2743
2424
2017
1593
1107
526
39
-362
-755
-1090
-1320
-1446
-1510
-1547
-1447
-1308
-1140
-1026
-867
-789
-823
-888
-1005
-1120
-1387
-1593
-1842
-2020
-2213
-2383
-2454
-2504
-2431
-2314
-2136
-2010
-1696
-1425
-1129
-816
-458
-137
43
295
668
862
1049
1256
1547
1820
1986
2279
2522
2816
2932
3103
3246
3301
3263
3142
3044
2783
2445
2038
1630
1129
525
32
-363
-751
-1114
-1332
-1425
-1475
-1473
-1364
-1215
-1064
-966
-832
-787
-850
-960
-1099
-1215
-1491
-1716
-1972
-2152
-2355
-2541
-2618
-2651
-2586
-2465
-2300
-2149
-1801
-1545
-1232
-891
-520
-204
28
314
710
894
1102
1334
1648
1920
2087
2392
2620
2908
3038
3264
3425
3485
3438
3300
3198
2910
2536
2125
1712
1206
582
90
-320
-728
-1122
-1330
-1424
-1480
-1465
-1353
-1204
-1089
-1020
-911
-863
-947
-1069
-1207
-1318
-1598
-1842
-2085
-2245
-2449
-2617
-2674
-2667
-2581
-2468
-2285
-2108
-1745
-1509
-1187
-818
-463
-179
64
363
758
910
1097
1336
1652
1923
2081
2408
2606
2889
3048
3302
3477
3536
3496
3338
3229
2895
2515
2092
1655
1158
535
61
-371
-789
-1156
-1353
-1470
-1516
-1496
-1380
-1234
-1115
-1057
-958
-894
-967
-1052
-1190
-1322
-1589
-1834
-2078
-2225
-2418
-2560
-2616
-2596
-2495
-2382
-2180
-2004
-1647
-1406
-1088
-726
-393
-138
78
374
758
906
1055
1275
1591
1866
2012
2348
2548
2832
2995
3241
3424
3483
3442
3280
3161
2806
2422
1984
1542
1029
406
-52
-466
-875
-1207
-1376
-1464
-1485
-1452
-1318
-1141
-985
-937
-817
-737
-796
-874
-1020
-1181
-1466
-1729
-1986
-2133
-2336
-2496
-2573
-2570
-2493
-2379
-2182
-2007
-1669
-1413
-1099
-766
-459
-214
0
294
663
832
990
1195
1531
1821
1975
2314
2564
2872
3025
3267
3447
3506
3469
3320
3194
2836
2418
1970
1527
982
340
-115
-503
-903
-1238
-1390
-1427
-1441
-1404
-1263
-1054
-902
-876
-747
-672
-742
-865
-1042
-1230
-1551
-1831
-2090
-2244
-2441
-2614
-2707
-2714
-2656
-2537
-2347
-2161
-1817
-1547
-1240
-929
-612
-352
-103
197
579
777
980
1208
1593
1916
2101
2447
2756
3098
3231
3477
3640
3673
3654
3523
3407
3050
2586
2150
1707
1153
490
30
-372
-759
-1142
-1304
-1343
-1385
-1356
-1227
-1014
-924
-910
-813
-743
-852
-1018
-1233
-1441
-1778
-2066
-2303
-2468
-2627
-2784
-2867
-2858
-2784
-2645
-2438
-2236
-1864
-1585
-1292
-988
-653
-389
-143
162
551
749
966
1216
1634
1974
2194
2566
2909
3268
3385
3644
3787
3785
3773
3641
3545
3172
2688
2254
1789
1226
567
108
-342
-720
-1124
-1292
-1370
-1428
-1390
-1265
-1053
-1002
-968
-885
-814
-958
-1124
-1345
-1560
-1885
-2169
-2374
-2548
-2697
-2834
-2898
-2876
-2791
-2646
-2420
-2226
-1851
-1578
-1270
-963
-615
-345
-130
175
550
745
938
1192
1589
1934
2182
2574
2919
3273
3392
3643
3792
3797
3767
3617
3536
3159
2692
2216
1733
1168
540
79
-374
-738
-1109
-1277
-1352
-1377
-1339
-1200
-984
-907
-863
-765
-711
-855
-1026
-1251
-1459
-1792
-2094
-2305
-2488
-2675
-2817
-2887
-2871
-2778
-2649
-2424
-2249
-1887
-1620
-1291
-980
-621
-333
-145
156
533
729
898
1156
1527
1875
2112
2509
2846
3188
3302
3531
3723
3740
3681
3528
3449
3072
2618
2116
1639
1078
469
22
-390
-747
-1072
-1233
-1273
-1266
-1243
-1090
-881
-784
-755
-666
-624
-760
-968
-1197
-1396
-1751
-2064
-2294
-2487
-2706
-2857
-2943
-2937
-2830
-2697
-2478
-2312
-1955
-1689
-1374
-1073
-702
-403
-218
98
492
695
881
1158
1546
1916
2148
2556
2897
3227
3348
3578
3795
3818
3746
3605
3512
3127
2666
2175
1704
1143
532
113
-303
-674
-985
-1141
-1165
-1183
-1166
-1023
-847
-770
-769
-703
-664
-820
-1039
-1277
-1489
-1854
-2146
-2371
-2575
-2791
-2930
-3008
-3006
-2890
-2726
-2499
-2345
-1985
-1713
-1421
-1142
-786
-490
-275
54
447
660
870
1153
1572
1961
2197
2605
2945
3275
3409
3648
3849
3881
3817
3667
3561
3172
2699
2215
1736
1171
546
122
-313
-693
-1028
-1176
-1192
-1215
-1191
-1062
-881
-813
-810
-758
-704
-867
-1061
-1312
-1528
-1875
-2166
-2377
-2581
-2759
-2873
-2951
-2927
-2806
-2619
-2403
-2254
-1908
-1653
-1376
-1119
-769
-503
-279
42
426
629
836
1122
1565
1946
2187
2601
2944
3279
3401
3655
3824
3855
3802
3633
3520
3138
2684
2177
1691
1120
491
57
-369
-748
-1095
-1231
-1236
-1227
-1195
-1048
-836
-764
-738
-697
-639
-802
-988
-1251
-1463
-1795
-2133
-2359
-2568
-2729
-2855
-2967
-2907
-2780
-2605
-2418
-2234
-1905
-1669
-1380
-1110
-711
-483
-261
57
439
615
813
1105
1555
1902
2142
2560
2904
3228
3327
3598
3738
3758
3698
3532
3420
3041
2614
2086
1619
1044
425
11
-390
-749
-1078
-1189
-1197
-1179
-1144
-966
-758
-699
-668
-642
-612
-791
-993
-1254
-1460
-1791
-2142
-2386
-2589
-2757
-2905
-3013
-2914
-2784
-2632
-2456
-2224
-1907
-1673
-1368
-1075
-633
-428
-194
127
496
662
890
1209
1660
1983
2231
2648
2983
3292
3388
3664
3771
3779
3701
3557
3436
3046
2640
2110
1672
1086
477
65
-338
-684
-999
-1094
-1130
-1139
-1123
-950
-780
-747
-752
-727
-737
-938
-1163
-1415
-1621
-1971
-2283
-2535
-2714
-2906
-3056
-3122
-3006
-2885
-2730
-2538
-2271
-1945
-1693
-1381
-1062
-609
-386
-126
210
567
747
1032
1368
1819
2129
2386
2793
3116
3406
3504
3779
3876
3880
3770
3643
3500
3081
2649
2124
1705
1086
473
23
-390
-748
-1076
-1170
-1213
-1239
-1242
-1087
-930
-900
-928
-872
-894
-1084
-1318
-1554
-1747
-2095
-2356
-2593
-2733
-2924
-3052
-3092
-2969
-2847
-2657
-2458
-2184
-1843
-1590
-1285
-965
-533
-297
-43
316
657
818
1127
1438
1882
2155
2428
2844
3153
3416
3536
3830
3929
3942
3816
3698
3526
3076
2620
2093
1669
1011
425
-35
-466
-837
-1169
-1251
-1303
-1317
-1299
-1137
-966
-933
-941
-852
-868
-1054
-1273
-1497
-1694
-2046
-2315
-2546
-2698
-2895
-3025
-3087
-2972
-2857
-2652
-2467
-2193
-1846
-1592
-1275
-955
-533
-299
-48
323
668
796
1082
1360
1787
2032
2311
2747
3038
3289
3436
3767
3855
3891
3779
3664
3479
3025
2578
2052
1633
984
438
18
-415
-776
-1090
-1163
-1228
-1229
-1180
-1007
-828
-798
-791
-704
-726
-927
-1134
-1350
-1565
-1935
-2241
-2482
-2663
-2885
-3029
-3122
-3025
-2930
-2733
-2553
-2294
-1951
-1688
-1352
-1050
-631
-397
-138
221
597
737
1003
1273
1702
1978
2254
2701
2992
3283
3427
3774
3863
3911
3828
3694
3522
3074
2642
2128
1726
1107
559
153
-264
-619
-926
-1035
-1121
-1134
-1095
-932
-775
-752
-750
-699
-733
-939
-1154
-1369
-1580
-1961
-2275
-2524
-2700
-2938
-3080
-3197
-3113
-3031
-2854
-2653
-2438
-2091
-1832
-1480
-1201
-782
-545
-262
92
525
713
960
1258
1692
2025
2266
2722
3007
3347
3452
3785
3902
3921
3874
3699
3575
3133
2713
2212
1814
1219
635
220
-191
-544
-887
-1025
-1122
-1159
-1165
-1013
-862
-844
-833
-810
-832
-1015
-1231
-1450
-1625
-1986
-2270
-2495
-2646
-2854
-2971
-3073
-3001
-2908
-2764
-2531
-2358
-2022
-1779
-1431
-1178
-775
-530
-250
88
547
771
982
1303
1722
2094
2290
2748
3026
3387
3469
3776
3942
3909
3904
3696
3604
3170
2771
2272
1837
1267
637
210
-225
-587
-972
-1115
-1194
-1249
-1291
-1157
-984
-964
-936
-911
-891
-1068
-1259
-1471
-1652
-1978
-2257
-2454
-2629
-2816
-2940
-3018
-2994
-2891
-2795
-2549
-2405
-2089
-1838
-1494
-1245
-870
-569
-317
-3
441
723
899
1227
1629
2058
2234
2668
2979
3357
3474
3727
3977
3919
3943
3745
3658
3278
2880
2410
1950
1449
797
345
-82
-440
-841
-1009
-1046
-1087
-1142
-1046
-852
-811
-790
-784
-703
-887
-1079
-1287
-1507
-1802
-2151
-2367
-2607
-2815
-3011
-3108
-3166
-3066
-3022
-2795
-2671
-2405
-2123
-1789
-1510
-1171
-795
-549
-252
151
516
691
1017
1404
1921
2141
2530
2911
3309
3524
3708
4026
4001
4040
3869
3767
3480
3079
2643
2185
1773
1142
638
227
-117
-513
-757
-807
-846
-901
-868
-718
-655
-651
-692
-613
-779
-993
-1222
-1478
-1729
-2126
-2394
-2677
-2890
-3150
-3290
-3426
-3365
-3332
-3147
-3015
-2833
-2525
-2215
-1883
-1559
-1119
-835
-518
-132
324
550
868
1241
1804
2133
2468
2919
3293
3623
3742
4058
4105
4133
4001
3861
3667
3273
2857
2389
2045
1488
931
510
173
-187
-508
-622
-692
-734
-756
-687
-612
-613
-669
-667
-771
-973
-1212
-1490
-1705
-2043
-2361
-2646
-2857
-3107
-3270
-3455
-3453
-3396
-3272
-3116
-3004
-2698
-2427
-2078
-1764
-1301
-965
-648
-272
253
557
845
1219
1742
2202
2464
2956
3296
3694
3803
4058
4196
4187
4102
3932
3807
3425
3007
2517
2155
1688
1084
614
244
-91
-471
-675
-780
-842
-878
-859
-751
-755
-786
-819
-861
-994
-1232
-1472
-1711
-1974
-2314
-2600
-2825
-3062
-3231
-3422
-3496
-3420
-3343
-3177
-3084
-2817
-2533
-2218
-1910
-1477
-1063
-741
-413
123
550
809
1185
1626
2195
2444
2872
3247
3639
3842
4002
4253
4239
4192
4021
3933
3638
3198
2731
2307
1920
1329
795
381
59
-333
-624
-734
-828
-879
-908
-738
-707
-747
-780
-771
-830
-1062
-1260
-1509
-1754
-2139
-2431
-2703
-2927
-3185
-3359
-3508
-3497
-3435
-3324
-3184
-3053
-2736
-2473
-2162
-1830
-1367
-1005
-692
-262
279
598
937
1342
1888
2304
2588
3043
3402
3740
3857
4133
4247
4211
4109
3967
3850
3436
3034
2580
2228
1726
1152
706
364
25
-355
-517
-626
-705
-819
-707
-618
-663
-742
-741
-756
-944
-1136
-1376
-1596
-1978
-2301
-2587
-2826
-3078
-3341
-3481
-3631
-3559
-3530
-3364
-3319
-3083
-2774
-2516
-2194
-1793
-1317
-1004
-628
-115
376
678
1081
1553
2118
2410
2805
3246
3594
3816
3985
4251
4259
4202
4052
3966
3727
3305
2925
2505
2106
1540
1048
684
343
-14
-320
-435
-548
-690
-734
-639
-654
-765
-811
-827
-934
-1118
-1318
-1548
-1832
-2177
-2451
-2730
-2939
-3230
-3412
-3643
-3670
-3640
-3528
-3434
-3328
-2971
-2723
-2383
-2036
-1507
-1111
-744
-316
278
639
984
1417
1968
2414
2670
3166
3510
3846
3964
4225
4372
4298
4223
4058
3980
3580
3217
2775
2355
1868
1271
868
446
128
-290
-496
-621
-742
-856
-847
-765
-866
-910
-956
-975
-1135
-1283
-1492
-1727
-1993
-2326
-2583
-2881
-3100
-3386
-3594
-3798
-3771
-3733
-3603
-3535
-3262
-2927
-2632
-2229
-1809
-1286
-915
-507
26
555
827
1255
1715
2267
2562
2950
3390
3717
4003
4122
4426
4400
4362
4250
4132
3945
3492
3144
2636
2236
1643
1126
697
294
-51
-433
-556
-695
-754
-819
-713
-699
-754
-771
-800
-871
-1066
-1221
-1489
-1691
-2054
-2344
-2698
-2965
-3270
-3529
-3752
-3897
-3847
-3812
-3676
-3597
-3229
-2970
-2565
-2199
-1732
-1272
-910
-454
123
530
839
1333
1804
2325
2595
3095
3437
3812
4001
4203
4421
4330
4341
4175
4109
3788
3401
2986
2529
2092
1508
1074
648
293
-74
-350
-481
-590
-669
-655
-582
-592
-645
-689
-717
-883
-1075
-1334
-1560
-1857
-2246
-2559
-2934
-3186
-3567
-3727
-3991
-4023
-4000
-3894
-3782
-3629
-3254
-2975
-2505
-2158
-1596
-1201
-773
-277
317
667
1085
1579
2109
2577
2883
3384
3679
4026
4120
4337
4419
4347
4289
4088
4006
3614
3256
2782
2390
1912
1373
994
586
278
-91
-294
-433
-562
-669
-645
-591
-624
-718
-765
-803
-1013
-1228
-1491
-1687
-2063
-2430
-2768
-3090
-3377
-3712
-3848
-4111
-4060
-4050
-3877
-3780
-3524
-3177
-2833
-2379
-1936
-1353
-956
-488
36
616
942
1395
1869
2445
2796
3134
3586
3868
4133
4164
4374
4410
4334
4200
4063
3927
3512
3122
2673
2320
1777
1273
885
491
136
-219
-386
-558
-736
-856
-800
-733
-816
-902
-890
-946
-1166
-1371
-1571
-1802
-2185
-2536
-2848
-3123
-3453
-3707
-3886
-4075
-4034
-4008
-3807
-3702
-3369
-3051
-2663
-2222
-1698
-1165
-746
-299
260
765
1063
1509
1959
2501
2715
3138
3521
3806
3968
4035
4293
4258
4203
4075
4073
3815
3412
3040
2668
2280
1680
1259
838
441
38
-222
-379
-581
-755
-787
-680
-657
-739
-749
-700
-836
-1030
-1238
-1451
-1763
-2149
-2487
-2821
-3110
-3488
-3669
-3898
-4014
-4029
-3943
-3754
-3637
-3248
-2941
-2524
-2103
-1560
-1093
-680
-266
321
710
1030
1447
1896
2343
2537
3025
3335
3623
3722
3914
4130
4053
4034
3941
3975
3610
3268
2938
2578
2138
1570
1202
748
365
-8
-204
-371
-582
-692
-662
-576
-588
-629
-601
-592
-765
-912
-1146
-1400
-1750
-2126
-2463
-2860
-3163
-3560
-3713
-3998
-4079
-4102
-3985
-3834
-3686
-3249
-2942
-2495
-2094
-1529
-1095
-692
-266
335
682
1046
1466
1942
2365
2617
3125
3408
3728
3848
4110
4276
4217
4221
4109
4101
3722
3410
3062
2689
2235
1702
1306
856
491
118
-87
-272
-473
-593
-586
-535
-555
-617
-620
-659
-829
-996
-1282
-1532
-1916
-2319
-2690
-3103
-3416
-3856
-4019
-4344
-4396
-4424
-4309
-4150
-3969
-3511
-3170
-2672
-2275
-1666
-1217
-771
-300
318
712
1119
1579
2074
2555
2849
3350
3644
4001
4156
4412
4580
4536
4566
4411
4355
4005
3666
3294
2874
2427
1879
1465
1007
606
223
-28
-220
-451
-587
-614
-566
-590
-672
-684
-743
-902
-1120
-1399
-1673
-2094
-2544
-2938
-3355
-3704
-4155
-4355
-4697
-4757
-4764
-4645
-4438
-4241
-3763
-3360
-2833
-2394
-1772
-1278
-787
-283
375
814
1226
1685
2226
2737
3053
3539
3861
4242
4386
4639
4798
4766
4764
4591
4511
4164
3789
3368
2915
2475
1917
1488
1033
606
234
-40
-194
-418
-541
-567
-492
-493
-591
-594
-650
-798
-1071
-1349
-1689
-2135
-2637
-3067
-3504
-3901
-4338
-4575
-4908
-5006
-4970
-4839
-4579
-4376
-3860
-3429
-2869
-2387
-1782
-1240
-754
-229
438
906
1271
1718
2277
2794
3122
3596
3949
4331
4472
4697
4860
4820
4762
4577
4496
4139
3733
3278
2815
2401
1836
1399
963
544
169
-100
-216
-398
-529
-541
-449
-443
-567
-589
-632
-793
-1107
-1416
-1771
-2218
-2731
-3173
-3603
-4019
-4436
-4662
-4947
-5073
-5017
-4885
-4574
-4370
-3852
-3408
-2823
-2326
-1729
-1137
-669
-127
512
1022
1358
1813
2346
2880
3224
3676
4091
4427
4613
4790
5002
4958
4871
4720
4633
4322
3867
3456
2971
2562
1960
1502
1061
613
212
-97
-213
-411
-558
-587
-513
-548
-696
-737
-804
-998
-1340
-1668
-2013
-2441
-2931
-3349
-3761
-4169
-4543
-4749
-4968
-5127
-5036
-4917
-4585
-4397
-3936
-3451
-2901
-2377
-1784
-1119
-662
-113
509
1080
1443
1894
2412
2979
3339
3740
4196
4494
4708
4846
5084
5053
4946
4826
4724
4467
3982
3592
3120
2688
2078
1576
1132
659
244
-110
-266
-471
-622
-663
-627
-661
-809
-836
-922
-1120
-1450
-1768
-2084
-2506
-2971
-3393
-3787
-4194
-4542
-4763
-4935
-5124
-4998
-4886
-4553
-4390
-3987
-3467
-2949
-2402
-1820
-1113
-671
-115
461
1092
1447
1890
2372
2955
3329
3683
4149
4430
4686
4810
5051
5035
4936
4831
4708
4490
4028
3616
3162
2690
2131
1589
1142
665
270
-80
-284
-456
-622
-647
-668
-639
-767
-790
-880
-1066
-1356
-1680
-2002
-2437
-2893
-3362
-3748
-4167
-4501
-4766
-4907
-5100
-4962
-4826
-4522
-4319
-3965
-3417
-2924
-2358
-1821
-1132
-708
-161
362
990
1338
1757
2230
2772
3211
3527
4029
4307
4641
4778
5017
5033
4936
4870
4697
4542
4085
3688
3210
2727
2200
1626
1177
687
322
-39
-239
-415
-594
-657
-693
-636
-743
-813
-908
-1064
-1350
-1681
-2029
-2452
-2909
-3402
-3772
-4198
-4515
-4825
-4934
-5108
-5016
-4835
-4582
-4287
-4003
-3405
-2933
-2365
-1870
-1218
-742
-262
266
853
1278
1638
2129
2644
3145
3468
3961
4314
4671
4861
5075
5187
5090
5072
4874
4776
4376
3974
3503
2999
2518
1880
1435
914
549
140
-90
-284
-491
-618
-682
-634
-745
-875
-1014
-1144
-1444
-1801
-2183
-2573
-3000
-3512
-3881
-4299
-4601
-4940
-5057
-5181
-5180
-4972
-4776
-4391
-4168
-3591
-3120
-2582
-2084
-1492
-927
-499
36
603
1109
1440
1933
2460
3007
3370
3854
4291
4656
4900
5124
5332
5252
5264
5113
5041
4704
4281
3826
3307
2844
2195
1730
1193
773
341
58
-149
-370
-554
-636
-644
-733
-905
-1059
-1206
-1490
-1833
-2257
-2597
-3017
-3496
-3898
-4297
-4596
-4942
-5067
-5171
-5211
-5032
-4846
-4421
-4199
-3702
-3251
-2719
-2211
-1664
-1038
-621
-93
441
999
1323
1778
2308
2878
3305
3741
4226
4577
4874
5082
5318
5279
5258
5174
5046
4791
4327
3880
3357
2901
2317
1795
1294
814
414
67
-138
-343
-563
-667
-727
-767
-948
-1092
-1258
-1516
-1818
-2244
-2564
-2971
-3407
-3830
-4179
-4489
-4787
-4944
-4989
-5067
-4923
-4728
-4323
-4045
-3689
-3209
-2744
-2205
-1749
-1088
-656
-171
333
895
1297
1661
2215
2791
3321
3682
4160
4553
4875
5080
5268
5323
5241
5164
4975
4785
4360
3872
3378
2914
2400
1811
1335
869
467
93
-177
-351
-594
-764
-868
-906
-1068
-1254
-1421
-1644
-1917
-2305
-2633
-2995
-3387
-3808
-4111
-4395
-4640
-4836
-4847
-4898
-4844
-4639
-4323
-3953
-3725
-3243
-2820
-2297
-1871
-1275
-753
-325
182
717
1250
1597
2131
2726
3339
3706
4121
4574
4931
5158
5311
5453
5387
5284
5096
4932
4633
4114
3656
3153
2695
2068
1575
1145
709
333
-63
-232
-509
-717
-929
-997
-1170
-1407
-1592
-1793
-2019
-2404
-2710
-3061
-3381
-3766
-4072
-4307
-4540
-4714
-4790
-4761
-4816
-4628
-4409
-4039
-3805
-3455
-3005
-2594
-2115
-1651
-1077
-673
-187
351
935
1367
1822
2447
3048
3520
3883
4357
4746
5033
5208
5389
5418
5330
5217
5062
4872
4421
3975
3475
3012
2456
1918
1480
1023
624
178
-121
-382
-635
-878
-1047
-1204
-1440
-1628
-1813
-1999
-2313
-2634
-2938
-3239
-3526
-3853
-4084
-4316
-4474
-4610
-4603
-4649
-4572
-4358
-4099
-3780
-3573
-3128
-2762
-2274
-1858
-1335
-853
-434
139
718
1264
1626
2224
2798
3332
3685
4103
4500
4779
4983
5122
5240
5154
5103
4960
4811
4463
4024
3586
3117
2656
2117
1664
1178
770
334
-60
-368
-639
-888
-1086
-1248
-1450
-1623
-1797
-1963
-2199
-2465
-2765
-3016
-3273
-3561
-3814
-4048
-4211
-4373
-4440
-4465
-4458
-4289
-4116
-3793
-3624
-3276
-2894
-2450
-2014
-1588
-1006
-570
-13
541
1188
1561
2061
2645
3207
3641
3940
4386
4634
4854
4949
5109
5085
4978
4900
4706
4527
4079
3719
3272
2874
2362
1875
1437
940
549
68
-259
-611
-888
-1144
-1304
-1488
-1707
-1849
-2014
-2181
-2403
-2645
-2883
-3099
-3354
-3619
-3804
-4029
-4157
-4327
-4314
-4383
-4289
-4165
-3942
-3688
-3538
-3097
-2746
-2227
-1883
-1295
-759
-219
313
936
1489
1858
2452
2987
3553
3828
4196
4533
4740
4878
4982
5081
4954
4877
4707
4548
4272
3890
3539
3120
2734
2208
1779
1294
858
413
-31
-361
-717
-1007
-1275
-1428
-1644
-1848
-1992
-2149
-2296
-2509
-2734
-2927
-3139
-3387
-3612
-3803
-4008
-4162
-4276
-4304
-4392
-4301
-4207
-3957
-3816
-3555
-3125
-2714
-2257
-1841
-1207
-685
-137
417
1076
1501
1970
2544
3132
3569
3843
4234
4528
4750
4879
5051
5060
4978
4884
4752
4595
4295
3989
3643
3248
2813
2301
1841
1352
917
435
-4
-354
-727
-1044
-1344
-1492
-1721
-1915
-2092
-2256
-2396
-2640
-2820
-3034
-3227
-3502
-3714
-3925
-4130
-4279
-4394
-4470
-4551
-4432
-4333
-4071
-3902
-3534
-3106
-2657
-2176
-1672
-1027
-518
62
672
1284
1692
2228
2811
3360
3712
4036
4410
4683
4926
5062
5207
5167
5114
5022
4876
4684
4361
4054
3651
3226
2706
2168
1651
1146
683
134
-281
-678
-1034
-1384
-1643
-1778
-2006
-2179
-2352
-2475
-2653
-2853
-2991
-3181
-3389
-3661
-3816
-4007
-4185
-4352
-4422
-4529
-4546
-4404
-4247
-3967
-3770
-3328
-2917
-2389
-1909
-1304
-682
-158
455
1078
1665
2084
2643
3185
3682
3980
4325
4649
4903
5131
5220
5287
5238
5189
5075
4881
4652
4317
3944
3473
3017
2418
1844
1282
737
237
-377
-778
-1208
-1533
-1864
-2062
-2199
-2391
-2498
-2628
-2679
-2847
-2956
-3067
-3226
-3424
-3630
-3725
-3878
-4036
-4214
-4237
-4366
-4300
-4163
-3932
-3676
-3462
-2982
-2555
-1975
-1510
-837
-255
289
890
1522
2058
2460
2975
3459
3891
4120
4451
4733
4942
5080
5125
5146
5092
5011
4868
4672
4386
4052
3633
3149
2669
2011
1458
875
298
-234
-817
-1201
-1625
-1919
-2163
-2295
-2443
-2561
-2614
-2673
-2678
-2798
-2853
-2959
-3085
-3259
-3418
-3507
-3647
-3821
-4022
-4034
-4164
-4068
-3944
-3673
-3480
-3262
-2778
-2314
-1745
-1304
-602
-68
472
1042
1680
2165
2519
2961
3435
3830
4021
4340
4608
4785
4852
4918
4960
4891
4793
4659
4498
4215
3875
3469
3025
2542
1843
1306
731
168
-390
-933
-1273
-1692
-1974
-2136
-2195
-2360
-2470
-2478
-2482
-2519
-2588
-2622
-2737
-2857
-3056
-3219
-3351
-3551
-3734
-3917
-3966
-4123
-4020
-3857
-3608
-3478
-3205
-2678
-2243
-1697
-1240
-543
-86
423
1021
1624
2046
2348
2755
3262
3659
3846
4172
4428
4626
4697
4818
4912
4804
4699
4617
4461
4183
3832
3473
3043
2499
1806
1261
701
131
-416
-931
-1261
-1689
-1938
-2069
-2110
-2259
-2389
-2348
-2366
-2416
-2437
-2470
-2582
-2699
-2936
-3148
-3291
-3545
-3694
-3864
-3946
-4102
-3993
-3788
-3587
-3423
-3098
-2532
-2143
-1628
-1179
-527
-86
392
977
1503
1898
2197
2596
3100
3515
3715
4049
4301
4565
4688
4798
4923
4841
4749
4675
4515
4218
3880
3513
3049
2473
1802
1223
633
92
-427
-972
-1348
-1730
-1977
-2164
-2218
-2317
-2449
-2424
-2439
-2439
-2466
-2532
-2593
-2706
-2944
-3185
-3299
-3536
-3668
-3838
-3898
-4005
-3945
-3745
-3526
-3267
-2966
-2413
-1983
-1485
-1064
-446
85
565
1074
1577
2011
2340
2726
3208
3619
3807
4100
4361
4630
4752
4800
4878
4823
4724
4618
4424
4093
3741
3334
2828
2265
1597
990
387
-110
-595
-1173
-1557
-1868
-2118
-2342
-2379
-2423
-2515
-2492
-2468
-2413
-2453
-2546
-2561
-2669
-2849
-3064
-3170
-3362
-3496
-3648
-3697
-3775
-3787
-3620
-3380
-3095
-2873
-2400
-1936
-1449
-1047
-487
72
565
1010
1520
1994
2333
2724
3172
3577
3757
3988
4276
4547
4646
4676
4727
4692
4617
4499
4343
4025
3653
3248
2762
2251
1579
994
412
-73
-557
-1115
-1468
-1763
-2000
-2242
-2235
-2268
-2337
-2290
-2254
-2202
-2265
-2370
-2405
-2527
-2699
-2871
-3028
-3194
-3373
-3540
-3615
-3728
-3757
-3632
-3399
-3146
-2999
-2596
-2120
-1629
-1242
-721
-189
299
747
1264
1784
2116
2531
2944
3367
3574
3804
4100
4388
4528
4556
4628
4594
4572
4425
4312
4031
3623
3229
2779
2352
1671
1116
562
78
-402
-932
-1245
-1563
-1760
-2006
-2009
-2016
-2095
-2044
-2016
-1992
-2045
-2157
-2200
-2315
-2514
-2697
-2878
-3030
-3250
-3448
-3547
-3689
-3744
-3611
-3426
-3190
-3104
-2744
-2266
-1795
-1439
-985
-445
-8
456
954
1504
1820
2235
2648
3091
3344
3602
3934
4213
4439
4492
4594
4575
4596
4469
4320
4068
3679
3302
2846
2454
1817
1228
674
170
-278
-804
-1167
-1480
-1674
-1879
-1985
-1966
-2023
-2018
-1985
-1977
-1958
-2054
-2097
-2177
-2338
-2557
-2759
-2886
-3090
-3290
-3435
-3543
-3656
-3523
-3393
-3154
-3062
-2754
-2285
-1841
-1466
-1092
-505
-85
381
860
1411
1730
2109
2530
2964
3257
3478
3830
4094
4339
4407
4504
4514
4527
4419
4232
3986
3638
3271
2808
2385
1808
1179
606
94
-363
-857
-1288
-1554
-1752
-1914
-2050
-2033
-2017
-2041
-1968
-1946
-1883
-1932
-1965
-2024
-2137
-2349
-2583
-2687
-2877
-3051
-3227
-3301
-3439
-3369
-3256
-3054
-2916
-2681
-2252
-1844
-1443
-1119
-540
-103
336
799
1332
1680
1993
2412
2824
3156
3318
3648
3935
4163
4229
4298
4357
4347
4255
4058
3859
3543
3173
2739
2286
1761
1133
566
68
-389
-866
-1296
-1536
-1711
-1853
-1968
-1932
-1871
-1856
-1776
-1713
-1674
-1691
-1715
-1766
-1874
-2078
-2335
-2475
-2665
-2870
-3068
-3161
-3303
-3365
-3259
-3125
-2979
-2838
-2458
-2079
-1692
-1372
-861
-366
33
517
1036
1481
1749
2171
2605
2999
3194
3463
3810
4050
4159
4203
4303
4303
4231
4066
3877
3628
3229
2841
2373
1888
1303
721
249
-222
-635
-1106
-1338
-1541
-1663
-1768
-1757
-1653
-1630
-1523
-1464
-1398
-1451
-1481
-1531
-1649
-1823
-2107
-2291
-2515
-2730
-2960
-3129
-3237
-3414
-3352
-3293
-3120
-3048
-2778
-2388
-2044
-1694
-1310
-769
-393
70
572
1097
1413
1763
2232
2662
2957
3190
3558
3855
4056
4136
4271
4338
4310
4236
4059
3868
3523
3143
2714
2234
1709
1125
609
122
-319
-753
-1126
-1317
-1513
-1629
-1704
-1630
-1557
-1518
-1407
-1336
-1306
-1399
-1433
-1511
-1685
-1924
-2185
-2366
-2649
-2853
-3090
-3230
-3390
-3496
-3416
-3340
-3144
-3044
-2659
-2318
-1940
-1592
-1139
-653
-274
227
722
1210
1494
1912
2342
2727
2980
3266
3622
3878
4042
4115
4278
4306
4265
4166
3959
3720
3335
2954
2475
1984
1447
901
410
-79
-454
-878
-1134
-1304
-1441
-1562
-1591
-1474
-1433
-1354
-1276
-1167
-1191
-1266
-1312
-1426
-1633
-1904
-2126
-2340
-2615
-2823
-3070
-3179
-3375
-3429
-3389
-3257
-3084
-2948
-2551
-2252
-1861
-1571
-1074
-640
-229
217
722
1188
1478
1899
2286
2694
2906
3222
3543
3781
3897
3975
4143
4134
4087
3948
3736
3477
3087
2677
2194
1737
1223
720
274
-111
-428
-794
-947
-1069
-1151
-1259
-1221
-1108
-1076
-993
-940
-841
-926
-1010
-1095
-1244
-1487
-1805
-2045
-2275
-2572
-2826
-3078
-3178
-3415
-3482
-3442
-3299
-3175
-3077
-2686
-2421
-2070
-1835
-1308
-880
-510
-89
437
915
1206
1651
2080
2540
2754
3118
3459
3705
3826
3934
4110
4087
4052
3900
3721
3448
3047
2627
2162
1708
1207
746
374
50
-239
-508
-618
-706
-766
-805
-770
-668
-627
-553
-537
-525
-637
-785
-913
-1143
-1416
-1790
-2076
-2330
-2678
-2952
-3229
-3332
-3590
-3645
-3593
-3473
-3362
-3280
-2889
-2648
-2318
-2079
-1541
-1126
-794
-368
161
639
937
1427
1899
2373
2619
3026
3399
3655
3825
3970
4161
4147
4137
4001
3841
3562
3186
2770
2296
1869
1387
954
577
277
1
-251
-397
-480
-547
-609
-614
-509
-477
-479
-497
-527
-648
-860
-1016
-1260
-1546
-1925
-2225
-2475
-2825
-3106
-3376
-3474
-3693
-3771
-3704
-3616
-3470
-3409
-3053
-2798
-2472
-2183
-1701
-1233
-903
-455
64
592
931
1435
1928
2415
2726
3104
3516
3758
3974
4100
4273
4267
4211
4089
3891
3654
3267
2882
2428
2052
1599
1153
810
495
243
-54
-203
-307
-416
-510
-541
-460
-500
-549
-589
-641
-801
-1022
-1200
-1422
-1718
-2059
-2352
-2588
-2896
-3170
-3373
-3483
-3640
-3766
-3680
-3630
-3480
-3475
-3191
-2919
-2631
-2327
-1927
-1411
-1097
-628
-123
478
848
1339
1837
2361
2732
3057
3497
3730
3981
4057
4201
4196
4093
3974
3740
3557
3203
2871
2462
2115
1739
1295
1010
688
492
207
51
-30
-141
-189
-285
-204
-265
-317
-383
-451
-583
-832
-1036
-1273
-1554
-1900
-2234
-2488
-2777
-3073
-3280
-3425
-3552
-3768
-3733
-3734
-3619
-3653
-3488
-3194
-2954
-2651
-2349
-1813
-1494
-1044
-557
83
506
949
1469
2012
2465
2760
3224
3513
3796
3904
4042
4101
3999
3920
3730
3567
3306
2999
2680
2308
2025
1617
1333
1032
830
645
432
376
239
258
122
136
119
26
-45
-194
-277
-547
-819
-1104
-1410
-1732
-2145
-2453
-2764
-3070
-3318
-3515
-3599
-3866
-3913
-3937
-3860
-3813
-3786
-3474
-3273
-2940
-2721
-2230
-1841
-1448
-965
-386
173
551
1108
1623
2179
2513
2959
3368
3672
3901
4013
4191
4145
4112
3989
3798
3648
3323
3079
2668
2425
2050
1698
1430
1166
1037
717
637
469
464
332
218
219
75
-24
-196
-288
-529
-859
-1170
-1466
-1770
-2200
-2582
-2892
-3175
-3463
-3674
-3771
-3948
-4152
-4129
-4103
-3965
-4006
-3813
-3524
-3245
-2977
-2651
-2110
-1742
-1241
-732
-65
388
900
1461
2035
2533
2893
3373
3695
4015
4132
4290
4344
4273
4223
3983
3896
3614
3359
3003
2699
2463
2052
1805
1490
1347
1049
847
737
614
522
275
253
132
-9
-181
-336
-518
-865
-1190
-1496
-1779
-2212
-2630
-2955
-3184
-3484
-3731
-3882
-3973
-4224
-4291
-4240
-4153
-4104
-4095
-3750
-3500
-3202
-2950
-2413
-1915
-1469
-954
-319
306
764
1353
1908
2493
2854
3279
3654
3963
4148
4202
4314
4258
4220
4051
3899
3745
3442
3203
2858
2684
2366
2045
1768
1529
1372
1064
956
776
683
463
329
294
134
-13
-246
-412
-704
-1041
-1389
-1702
-2068
-2508
-2858
-3113
-3360
-3641
-3855
-3983
-4135
-4350
-4313
-4301
-4187
-4216
-4060
-3777
-3567
-3262
-2914
-2331
-1923
-1416
-879
-195
334
845
1445
1994
2520
2879
3349
3680
3968
4092
4201
4281
4268
4234
4082
3993
3784
3570
3317
3059
2854
2519
2223
1961
1767
1541
1252
1105
954
812
618
506
428
212
5
-246
-454
-803
-1192
-1531
-1873
-2256
-2708
-3017
-3270
-3557
-3809
-4020
-4113
-4346
-4455
-4414
-4360
-4282
-4324
-4081
-3886
-3635
-3338
-2881
-2367
-1953
-1424
-843
-200
280
858
1452
2030
2508
2934
3400
3744
4014
4152
4316
4374
4420
4363
4258
4192
3991
3818
3527
3326
3049
2716
2423
2172
1968
1647
1366
1201
1059
850
646
509
350
75
-180
-435
-717
-1137
-1538
-1870
-2222
-2642
-3076
-3364
-3630
-3922
-4147
-4326
-4418
-4666
-4669
-4611
-4498
-4437
-4400
-4069
-3868
-3529
-3185
-2630
-2146
-1668
-1118
-496
102
598
1213
1786
2377
2791
3247
3661
3998
4208
4337
4483
4519
4561
4471
4396
4321
4136
3939
3671
3485
3156
2815
2529
2283
2032
1647
1386
1189
992
716
486
329
62
-239
-535
-801
-1171
-1627
-1998
-2327
-2675
-3106
-3465
-3718
-3986
-4239
-4434
-4552
-4649
-4854
-4765
-4698
-4530
-4498
-4332
-3963
-3710
-3305
-2916
-2315
-1864
-1335
-792
-116
445
980
1592
2162
2729
3103
3571
3926
4239
4381
4519
4620
4652
4664
4550
4481
4366
4177
3935
3691
3473
3125
2777
2497
2251
1969
1579
1342
1127
881
574
350
195
-125
-413
-730
-984
-1407
-1838
-2165
-2480
-2830
-3255
-3528
-3754
-4030
-4262
-4431
-4510
-4657
-4837
-4732
-4697
-4568
-4597
-4347
-4044
-3780
-3418
-3005
-2437
-2037
-1508
-975
-262
255
850
1466
2091
2626
3039
3532
3889
4238
4384
4624
4743
4842
4873
4794
4789
4643
4470
4204
3970
3717
3347
3008
2707
2450
2124
1744
1497
1245
955
622
399
201
-138
-438
-769
-1028
-1471
-1889
-2207
-2518
-2875
-3286
-3536
-3757
-4034
-4277
-4430
-4520
-4692
-4877
-4801
-4781
-4688
-4728
-4486
-4215
-3958
-3626
-3221
-2659
-2257
-1729
-1181
-457
80
685
1313
1988
2536
2975
3475
3874
4265
4437
4743
4919
5066
5117
5077
5139
4981
4813
4543
4314
4028
3609
3250
2906
2598
2191
1801
1511
1208
854
501
267
7
-349
-680
-978
-1275
-1710
-2118
-2416
-2720
-3083
-3444
-3677
-3884
-4148
-4374
-4476
-4585
-4727
-4909
-4817
-4775
-4686
-4665
-4456
-4140
-3929
-3558
-3170
-2586
-2174
-1651
-1057
-377
204
757
1417
2062
2614
3054
3548
3969
4332
4538
4831
5037
5161
5227
5213
5266
5124
4950
4715
4461
4162
3719
3322
2922
2542
2102
1679
1335
989
620
247
-15
-300
-624
-962
-1247
-1552
-1929
-2316
-2609
-2882
-3211
-3527
-3758
-3934
-4149
-4365
-4455
-4558
-4657
-4836
-4765
-4676
-4574
-4503
-4353
-4004
-3800
-3427
-3065
-2480
-2035
-1541
-940
-281
345
862
1534
2157
2736
3161
3648
4098
4444
4692
4923
5148
5239
5308
5309
5314
5211
4989
4776
4471
4170
3723
3266
2839
2402
1972
1503
1150
799
453
74
-197
-442
-729
-1058
-1322
-1589
-1916
-2284
-2576
-2797
-3094
-3406
-3636
-3783
-3977
-4215
-4346
-4438
-4551
-4743
-4767
-4660
-4596
-4526
-4465
-4141
-3929
-3618
-3286
-2757
-2254
-1828
-1250
-614
60
561
1207
1867
2498
2959
3426
3967
4372
4708
4938
5218
5361
5453
5518
5514
5484
5245
5043
4694
4378
3942
3468
3015
2551
2133
1633
1270
903
593
213
-85
-332
-586
-919
-1195
-1443
-1739
-2080
-2418
-2639
-2929
-3234
-3500
-3671
-3865
-4138
-4320
-4440
-4565
-4755
-4885
-4796
-4794
-4729
-4718
-4460
-4205
-3941
-3584
-3135
-2570
-2138
-1570
-931
-222
349
946
1642
2329
2888
3359
3908
4411
4816
5096
5387
5593
5719
5798
5803
5780
5568
5315
4951
4586
4138
3646
3150
2668
2217
1708
1268
896
560
187
-155
-431
-675
-1000
-1285
-1508
-1748
-2067
-2393
-2646
-2896
-3190
-3462
-3651
-3845
-4074
-4313
-4412
-4537
-4662
-4843
-4842
-4790
-4803
-4746
-4647
-4318
-4108
-3754
-3382
-2836
-2352
-1848
-1204
-513
176
742
1436
2142
2814
3329
3859
4393
4856
5201
5467
5718
5863
5960
5961
5911
5772
5476
5137
4709
4319
3815
3291
2789
2318
1857
1328
924
570
226
-167
-491
-734
-1017
-1337
-1586
-1768
-2027
-2353
-2649
-2852
-3111
-3384
-3625
-3769
-3954
-4155
-4328
-4397
-4501
-4614
-4740
-4698
-4692
-4682
-4624
-4449
-4147
-3936
-3558
-3174
-2614
-2163
-1578
-910
-192
488
1111
1850
2532
3181
3688
4266
4727
5145
5434
5676
5871
5947
6020
5936
5845
5613
5301
4932
4486
4086
3560
3065
2554
2103
1648
1158
783
426
93
-291
-586
-834
-1113
-1398
-1632
-1809
-2076
-2376
-2626
-2825
-3056
-3327
-3529
-3681
-3849
-4066
-4243
-4351
-4496
-4631
-4791
-4774
-4828
-4802
-4777
-4595
-4333
-4116
-3717
-3326
-2729
-2257
-1618
-937
-188
499
1152
1884
2559
3199
3711
4293
4736
5145
5408
5659
5862
5925
5990
5908
5853
5619
5323
4976
4561
4153
3608
3132
2625
2175
1695
1239
869
501
142
-236
-516
-777
-1058
-1331
-1555
-1743
-2014
-2302
-2530
-2731
-2968
-3244
-3438
-3595
-3810
-4073
-4294
-4441
-4650
-4850
-5034
-5044
-5116
-5110
-5076
-4855
-4584
-4316
-3852
-3364
-2697
-2175
-1464
-734
51
730
1400
2137
2813
3431
3938
4519
4955
5347
5590
5854
6038
6089
6142
6077
6027
5760
5458
5111
4678
4217
3621
3129
2572
2061
1525
1044
638
205
-189
-566
-847
-1125
-1393
-1622
-1803
-1988
-2223
-2453
-2630
-2817
-3053
-3283
-3461
-3636
-3895
-4153
-4359
-4515
-4756
-4955
-5112
-5137
-5218
-5212
-5091
-4848
-4554
-4245
-3704
-3154
-2489
-1924
-1168
-413
324
986
1667
2410
3038
3630
4148
4715
5125
5480
5742
5994
6154
6197
6266
6218
6127
5861
5552
5201
4724
4231
3626
3083
2477
1903
1347
803
337
-142
-551
-930
-1234
-1486
-1718
-1909
-2066
-2229
-2402
-2588
-2741
-2900
-3110
-3312
-3532
-3741
-3994
-4220
-4420
-4582
-4781
-4931
-5079
-5136
-5165
-5108
-4929
-4714
-4359
-4008
-3484
-2964
-2308
-1686
-997
-292
406
1112
1751
2459
3077
3708
4216
4733
5173
5527
5801
5996
6198
6274
6323
6265
6162
5950
5590
5225
4748
4282
3671
3076
2500
1910
1347
757
306
-145
-556
-914
-1189
-1387
-1602
-1768
-1899
-2053
-2218
-2415
-2579
-2763
-3006
-3243
-3519
-3777
-4066
-4321
-4558
-4746
-4935
-5088
-5242
-5323
-5312
-5246
-5053
-4851
-4475
-4119
-3641
-3130
-2512
-1876
-1252
-554
129
856
1493
2213
2866
3528
4084
4614
5110
5471
5811
6031
6270
6370
6416
6385
6252
6046
5678
5307
4824
4330
3745
3152
2589
1992
1445
877
429
4
-376
-694
-962
-1147
-1356
-1528
-1685
-1862
-2052
-2298
-2515
-2758
-3035
-3318
-3628
-3905
-4221
-4494
-4755
-4930
-5097
-5235
-5341
-5396
-5324
-5248
-5024
-4792
-4412
-4038
-3584
-3043
-2459
-1800
-1186
-467
213
942
1600
2332
3016
3670
4263
4782
5298
5645
5998
6231
6442
6523
6509
6456
6267
6005
5611
5188
4682
4106
3506
2900
2327
1718
1155
623
162
-256
-618
-900
-1147
-1343
-1542
-1716
-1880
-2060
-2248
-2480
-2712
-2962
-3217
-3484
-3775
-4029
-4303
-4535
-4765
-4906
-5017
-5113
-5164
-5184
-5070
-4963
-4741
-4492
-4141
-3745
-3321
-2785
-2220
-1551
-933
-242
441
1160
1852
2541
3226
3869
4464
4955
5431
5811
6150
6374
6521
6596
6555
6446
6219
5933
5556
5077
4542
3936
3342
2704
2087
1490
919
386
-129
-548
-903
-1193
-1456
-1676
-1854
-2052
-2230
-2405
-2572
-2775
-3002
-3222
-3439
-3664
-3919
-4129
-4338
-4514
-4674
-4781
-4827
-4877
-4869
-4860
-4729
-4590
-4394
-4136
-3835
-3425
-3031
-2511
-1973
-1326
-715
-80
607
1296
2000
2628
3292
3893
4463
4930
5379
5782
6080
6298
6401
6484
6424
6290
6064
5787
5421
4926
4418
3840
3274
2644
2044
1480
929
407
-99
-516
-876
-1186
-1451
-1680
-1868
-2077
-2278
-2437
-2596
-2770
-2990
-3188
-3380
-3584
-3814
-4014
-4170
-4335
-4461
-4564
-4598
-4627
-4625
-4602
-4523
-4381
-4260
-4038
-3799
-3434
-3067
-2616
-2110
-1529
-907
-333
351
1021
1742
2359
2993
3601
4166
4654
5080
5510
5803
6024
6133
6227
6211
6105
5925
5671
5357
4901
4426
3886
3343
2753
2168
1617
1071
582
90
-321
-708
-1018
-1300
-1535
-1740
-1954
-2158
-2361
-2516
-2694
-2880
-3097
-3275
-3463
-3662
-3859
-4013
-4130
-4259
-4328
-4381
-4381
-4388
-4366
-4311
-4194
-4062
-3920
-3685
-3409
-3038
-2679
-2211
-1695
-1100
-531
69
756
1436
2109
2691
3332
3903
4420
4838
5251
5590
5789
5921
5993
6035
5948
5802
5586
5307
4935
4451
3957
3412
2859
2249
1674
1133
618
157
-291
-637
-967
-1241
-1492
-1679
-1849
-2061
-2234
-2414
-2551
-2744
-2940
-3104
-3266
-3437
-3623
-3753
-3871
-3983
-4075
-4111
-4121
-4144
-4139
-4110
-4037
-3927
-3810
-3608
-3379
-3077
-2749
-2358
-1884
-1371
-798
-252
389
1028
1700
2311
2912
3525
4066
4565
4955
5349
5584
5776
5854
5908
5868
5741
5560
5279
4963
4520
4032
3495
2955
2375
1764
1207
677
204
-239
-632
-934
-1222
-1473
-1696
-1847
-2007
-2193
-2331
-2492
-2624
-2817
-2981
-3106
-3244
-3381
-3512
-3589
-3697
-3787
-3832
-3848
-3851
-3871
-3838
-3833
-3761
-3662
-3508
-3287
-3095
-2771
-2456
-2017
-1578
-1030
-459
91
725
1330
1994
2540
3134
3696
4227
4669
5016
5349
5539
5713
5724
5755
5640
5473
5222
4878
4521
4017
3545
2995
2487
1898
1338
818
313
-98
-525
-842
-1136
-1385
-1616
-1819
-1945
-2102
-2229
-2337
-2463
-2566
-2723
-2854
-2954
-3073
-3183
-3282
-3366
-3465
-3529
-3566
-3603
-3607
-3618
-3605
-3629
-3536
-3438
-3253
-3070
-2872
-2522
-2213
-1740
-1306
-710
-169
405
1038
1650
2262
2772
3347
3843
4321
4667
4974
5210
5360
5454
5425
5402
5212
5019
4709
4360
3953
3467
3005
2464
1988
1420
929
418
-19
-396
-786
-1058
-1335
-1545
-1773
-1949
-2051
-2174
-2252
-2319
-2389
-2439
-2558
-2644
-2704
-2819
-2906
-3012
-3081
-3149
-3203
-3244
-3293
-3281
-3322
-3329
-3343
-3218
-3123
-2933
-2773
-2540
-2198
-1895
-1408
-991
-404
81
675
1283
1873
2419
2903
3418
3828
4228
4490
4756
4896
5008
5029
4981
4905
4682
4499
4178
3877
3467
3039
2599
2102
1676
1154
733
257
-96
-466
-792
-1038
-1287
-1488
-1715
-1844
-1941
-2029
-2101
-2144
-2179
-2224
-2317
-2381
-2440
-2568
-2666
-2789
-2855
-2936
-3006
-3062
-3119
-3131
-3224
-3224
-3228
-3105
-3016
-2844
-2674
-2434
-2102
-1780
-1303
-906
-361
104
694
1250
1804
2316
2777
3234
3598
3968
4206
4452
4574
4689
4717
4674
4599
4408
4260
3972
3713
3342
2948
2543
2075
1687
1204
817
366
14
-350
-650
-895
-1146
-1348
-1555
-1657
-1766
-1841
-1911
-1953
-1999
-2077
-2150
-2226
-2308
-2436
-2552
-2683
-2780
-2878
-2955
-3008
-3078
-3116
-3211
-3196
-3201
-3100
-3008
-2862
-2678
-2453
-2113
-1788
-1346
-961
-457
-4
531
1043
1550
2045
2481
2928
3289
3660
3906
4158
4329
4461
4533
4518
4486
4332
4205
3955
3712
3388
3016
2632
2178
1806
1349
967
543
168
-188
-499
-742
-971
-1134
-1297
-1408
-1504
-1567
-1630
-1689
-1756
-1856
-1949
-2057
-2171
-2299
-2432
-2583
-2736
-2844
-2953
-3017
-3105
-3142
-3218
-3223
-3224
-3178
-3070
-2962
-2763
-2579
-2241
-1936
-1525
-1135
-672
-207
257
779
1235
1759
2190
2672
3051
3437
3736
3986
4223
4359
4492
4482
4495
4351
4212
3989
3741
3457
3090
2745
2280
1911
1466
1081
671
285
-78
-423
-659
-892
-1037
-1186
-1295
-1397
-1463
-1510
-1568
-1615
-1702
-1803
-1916
-2026
-2139
-2269
-2398
-2568
-2696
-2833
-2912
-2993
-3042
-3086
-3141
-3130
-3140
-3048
-2977
-2807
-2656
-2405
-2117
-1776
-1381
-984
-514
-105
398
851
1374
1843
2327
2742
3114
3459
3715
3984
4153
4310
4325
4345
4250
4134
3962
3750
3512
3193
2888
2498
2145
1754
1384
987
614
251
-87
-354
-590
-778
-946
-1080
-1200
-1281
-1348
-1402
-1458
-1529
-1627
-1733
-1836
-1949
-2075
-2213
-2373
-2525
-2657
-2775
-2856
-2935
-2986
-3054
-3077
-3090
-3060
-2994
-2903
-2748
-2573
-2294
-2008
-1637
-1269
-856
-429
3
505
977
1489
1913
2348
2697
3032
3320
3555
3785
3894
3984
3971
3967
3886
3778
3635
3432
3223
2939
2682
2364
2055
1706
1343
1013
663
367
66
-176
-416
-622
-782
-922
-1011
-1115
-1196
-1274
-1361
-1442
-1554
-1637
-1775
-1906
-2065
-2210
-2354
-2489
-2587
-2705
-2771
-2883
-2930
-3006
-3006
-3029
-2984
-2932
-2839
-2688
-2487
-2178
-1900
-1525
-1204
-775
-396
75
548
1023
1464
1821
2217
2524
2879
3114
3385
3547
3681
3752
3778
3804
3728
3645
3486
3326
3121
2878
2644
2350
2056
1683
1354
1023
708
422
119
-117
-390
-574
-749
-841
-925
-1021
-1097
-1203
-1264
-1369
-1440
-1543
-1683
-1835
-2014
-2149
-2313
-2409
-2531
-2612
-2696
-2789
-2840
-2920
-2927
-2981
-2933
-2904
-2815
-2704
-2524
-2254
-1991
-1637
-1320
-913
-551
-107
345
809
1239
1597
1983
2320
2678
2950
3243
3457
3632
3751
3829
3890
3853
3789
3645
3518
3299
3065
2789
2499
2180
1810
1473
1107
799
455
191
-86
-314
-532
-697
-800
-888
-935
-1036
-1080
-1189
-1253
-1368
-1447
-1587
-1744
-1911
-2099
-2241
-2417
-2516
-2647
-2698
-2784
-2824
-2889
-2941
-2972
-3001
-2945
-2906
-2776
-2675
-2447
-2221
-1889
-1560
-1184
-803
-411
45
473
949
1339
1753
2091
2457
2781
3083
3346
3547
3724
3820
3904
3913
3895
3812
3691
3511
3276
2999
2685
2358
2015
1666
1318
978
663
383
126
-91
-299
-466
-609
-694
-774
-849
-921
-1024
-1120
-1254
-1352
-1500
-1643
-1830
-2011
-2180
-2363
-2507
-2662
-2741
-2837
-2890
-2937
-2974
-3003
-3071
-3040
-3019
-2893
-2804
-2610
-2399
-2131
-1808
-1478
-1053
-696
-250
128
613
1028
1455
1836
2198
2560
2836
3152
3369
3595
3692
3784
3831
3840
3829
3718
3614
3384
3152
2839
2551
2246
1901
1583
1228
966
656
430
186
-3
-193
-361
-472
-587
-658
-783
-879
-1013
-1134
-1279
-1423
-1560
-1725
-1893
-2081
-2230
-2398
-2531
-2681
-2777
-2876
-2931
-2985
-3011
-3028
-3053
-3037
-3023
-2905
-2809
-2597
-2400
-2100
-1806
-1442
-1052
-643
-196
216
684
1093
1547
1932
2325
2674
2989
3275
3495
3688
3782
3845
3856
3852
3820
3720
3579
3351
3099
2810
2528
2244
1923
1613
1265
984
701
475
243
24
-177
-382
-510
-651
-740
-879
-996
-1139
-1275
-1413
-1565
-1699
-1863
-1998
-2161
-2294
-2448
-2575
-2715
-2808
-2917
-2983
-3061
-3100
-3129
-3137
-3102
-3085
-2979
-2915
-2711
-2533
-2217
-1921
-1539
-1142
-728
-242
191
721
1146
1646
2031
2455
2813
3150
3469
3686
3917
3994
4097
4064
4056
3972
3871
3739
3509
3293
2957
2702
2353
2087
1749
1435
1109
789
548
276
104
-154
-325
-560
-705
-870
-999
-1128
-1288
-1399
-1568
-1683
-1866
-2002
-2167
-2308
-2441
-2590
-2690
-2847
-2931
-3048
-3105
-3167
-3232
-3242
-3283
-3212
-3203
-3056
-2968
-2772
-2579
-2314
-1973
-1631
-1182
-795
-289
143
663
1132
1625
2093
2488
2886
3188
3527
3771
4006
4153
4237
4271
4214
4175
4031
3915
3684
3463
3168
2858
2532
2177
1868
1496
1189
819
533
238
15
-201
-395
-580
-777
-929
-1093
-1215
-1362
-1489
-1622
-1749
-1874
-2025
-2160
-2314
-2447
-2588
-2703
-2807
-2907
-2976
-3070
-3105
-3180
-3193
-3232
-3186
-3155
-3059
-2936
-2778
-2544
-2315
-1971
-1663
-1232
-859
-387
65
559
1059
1523
2014
2414
2842
3157
3499
3745
3987
4150
4257
4315
4288
4245
4111
3973
3752
3513
3227
2922
2605
2242
1887
1507
1148
799
462
167
-121
-349
-570
-741
-911
-1068
-1216
-1359
-1487
-1629
-1751
-1882
-1995
-2118
-2234
-2350
-2470
-2581
-2708
-2793
-2879
-2911
-2941
-2958
-2969
-3017
-3010
-3035
-2951
-2907
-2758
-2640
-2442
-2203
-1931
-1567
-1239
-804
-453
21
443
957
1444
1924
2380
2747
3133
3416
3738
3947
4165
4273
4341
4351
4301
4231
4069
3896
3628
3364
3046
2742
2412
2054
1683
1283
910
554
229
-60
-338
-582
-810
-1003
-1169
-1328
-1470
-1624
-1761
-1911
-2046
-2178
-2301
-2415
-2525
-2617
-2711
-2788
-2873
-2926
-2966
-2958
-2932
-2903
-2856
-2861
-2817
-2823
-2729
-2669
-2512
-2370
-2164
-1909
-1637
-1271
-952
-522
-180
283
693
1188
1654
2116
2554
2893
3252
3496
3784
3961
4145
4228
4277
4268
4207
4120
3958
3780
3525
3263
2958
2652
2316
1959
1587
1194
813
457
122
-170
-455
-715
-957
-1181
-1370
-1550
-1694
-1847
-1979
-2115
-2243
-2349
-2462
-2544
-2633
-2682
-2736
-2768
-2794
-2806
-2784
-2751
-2674
-2622
-2527
-2503
-2428
-2406
-2321
-2241
-2116
-1960
-1795
-1554
-1330
-1001
-719
-333
1
416
811
1244
1676
2072
2475
2781
3106
3328
3566
3725
3858
3932
3955
3942
3867
3772
3609
3428
3197
2937
2650
2331
2000
1633
1268
885
519
174
-161
-450
-734
-983
-1218
-1423
-1600
-1753
-1880
-1992
-2075
-2155
-2218
-2273
-2315
-2343
-2364
-2362
-2355
-2335
-2317
-2287
-2237
-2179
-2095
-2031
-1948
-1917
-1867
-1850
-1798
-1738
-1665
-1551
-1453
-1292
-1149
-921
-699
-398
-93
256
615
982
1366
1715
2087
2398
2719
2975
3214
3401
3545
3652
3695
3720
3673
3604
3472
3310
3104
2849
2570
2237
1906
1524
1163
787
435
97
-237
-528
-816
-1050
-1285
-1454
-1613
-1727
-1827
-1900
-1949
-2003
-2020
-2055
-2046
-2058
-2029
-2015
-1976
-1938
-1909
-1870
-1844
-1786
-1752
-1685
-1649
-1612
-1611
-1622
-1635
-1643
-1628
-1613
-1567
-1510
-1421
-1312
-1155
-949
-696
-398
-81
277
628
994
1346
1720
2071
2408
2713
2976
3208
3369
3502
3566
3609
3582
3526
3419
3269
3069
2811
2522
2185
1824
1446
1076
712
366
40
-263
-541
-792
-1014
-1194
-1341
-1446
-1532
-1579
-1613
-1633
-1647
-1657
-1651
-1653
-1636
-1621
-1588
-1560
-1525
-1493
-1466
-1441
-1424
-1404
-1390
-1384
-1386
-1424
-1467
-1534
-1588
-1654
-1691
-1703
-1690
-1630
-1564
-1415
-1251
-1003
-739
-402
-46
324
706
1078
1476
1828
2190
2498
2790
3016
3188
3309
3379
3403
3364
3301
3186
3033
2827
2577
2301
1975
1628
1258
893
535
190
-120
-406
-650
-876
-1062
-1212
-1325
-1402
-1451
-1462
-1453
-1431
-1402
-1364
-1323
-1283
-1243
-1200
-1155
-1108
-1070
-1035
-1011
-993
-989
-1002
-1018
-1051
-1101
-1174
-1264
-1357
-1477
-1579
-1687
-1744
-1791
-1791
-1742
-1649
-1488
-1310
-1029
-742
-376
-22
377
774
1152
1541
1870
2217
2466
2708
2866
2988
3051
3054
3043
2961
2880
2723
2565
2362
2133
1888
1607
1326
1015
711
412
131
-116
-354
-540
-706
-831
-929
-992
-1015
-1027
-1004
-981
-932
-887
-840
-785
-744
-705
-686
-665
-658
-676
-696
-750
-800
-891
-983
-1092
-1230
-1363
-1534
-1671
-1844
-1978
-2114
-2211
-2275
-2316
-2275
-2220
-2066
-1901
-1640
-1351
-1002
-623
-226
198
595
1011
1375
1733
2027
2293
2497
2662
2777
2845
2885
2867
2845
2758
2680
2539
2397
2215
2002
1788
1518
1285
988
752
481
270
67
-101
-218
-337
-373
-437
-422
-447
-423
-422
-409
-379
-380
-348
-379
-373
-421
-457
-522
-613
-700
-846
-961
-1133
-1281
-1462
-1643
-1808
-2000
-2137
-2319
-2432
-2568
-2641
-2689
-2703
-2639
-2567
-2383
-2194
-1893
-1591
-1214
-824
-411
29
434
873
1233
1618
1920
2230
2474
2684
2859
2960
3068
3081
3119
3053
2999
2860
2697
2508
2254
2024
1712
1462
1144
895
628
405
220
46
-52
-175
-212
-301
-322
-380
-406
-423
-459
-450
-494
-483
-538
-549
-609
-673
-751
-867
-955
-1110
-1218
-1382
-1518
-1671
-1828
-1965
-2151
-2274
-2451
-2560
-2684
-2763
-2800
-2816
-2738
-2651
-2447
-2245
-1939
-1619
-1240
-822
-402
63
480
942
1339
1754
2111
2442
2725
2946
3150
3274
3396
3425
3445
3383
3293
3150
2968
2760
2501
2244
1945
1667
1374
1117
865
643
451
272
131
-14
-121
-236
-320
-394
-448
-486
-525
-541
-576
-592
-638
-686
-756
-843
-934
-1055
-1166
-1308
-1440
-1594
-1752
-1918
-2103
-2270
-2466
-2626
-2801
-2939
-3056
-3143
-3167
-3163
-3082
-2971
-2776
-2542
-2234
-1879
-1482
-1037
-584
-93
386
879
1338
1780
2175
2528
2831
3079
3287
3431
3537
3586
3601
3561
3495
3378
3232
3035
2817
2566
2300
2027
1745
1481
1212
974
737
534
339
177
37
-69
-145
-202
-231
-261
-272
-294
-322
-361
-420
-491
-587
-692
-819
-955
-1106
-1276
-1460
-1662
-1875
-2097
-2321
-2542
-2757
-2950
-3124
-3273
-3390
-3470
-3506
-3501
-3435
-3317
-3134
-2893
-2582
-2216
-1800
-1338
-843
-326
203
731
1234
1717
2155
2548
2882
3171
3402
3579
3710
3789
3826
3810
3762
3659
3525
3337
3120
2858
2578
2278
1966
1656
1339
1045
758
508
276
89
-68
-186
-267
-321
-356
-379
-390
-419
-447
-488
-549
-621
-707
-807
-929
-1064
-1213
-1381
-1565
-1764
-1977
-2192
-2405
-2609
-2800
-2972
-3127
-3262
-3370
-3451
-3492
-3498
-3442
-3336
-3163
-2925
-2624
-2259
-1843
-1373
-870
-336
212
764
1303
1813
2290
2717
3093
3413
3683
3893
4045
4146
4186
4178
4112
4005
3848
3642
3402
3119
2818
2482
2144
1787
1442
1101
771
478
205
-22
-220
-367
-491
-577
-640
-688
-722
-760
-795
-846
-897
-956
-1029
-1110
-1203
-1312
-1439
-1580
-1744
-1924
-2109
-2298
-2484
-2655
-2811
-2951
-3076
-3181
-3267
-3339
-3373
-3377
-3330
-3239
-3087
-2873
-2608
-2274
-1897
-1463
-999
-495
20
547
1072
1572
2052
2487
2898
3249
3562
3821
4028
4182
4265
4304
4270
4194
4053
3878
3662
3411
3136
2829
2517
2180
1847
1502
1170
852
563
309
80
-113
-279
-415
-530
-620
-700
-770
-833
-888
-948
-1014
-1089
-1175
-1279
-1401
-1528
-1682
-1838
-2007
-2179
-2353
-2517
-2671
-2813
-2930
-3035
-3118
-3191
-3241
-3269
-3277
-3247
-3181
-3063
-2894
-2672
-2393
-2077
-1709
-1317
-886
-435
30
502
961
1423
1854
2278
2660
3017
3331
3589
3802
3938
4026
4038
4013
3935
3823
3678
3491
3293
3048
2798
2509
2212
1901
1594
1305
1021
776
536
332
132
-41
-194
-334
-443
-544
-621
-710
-797
-907
-1025
-1156
-1299
-1437
-1578
-1704
-1838
-1964
-2099
-2230
-2358
-2474
-2572
-2659
-2732
-2806
-2855
-2905
-2930
-2944
-2925
-2874
-2783
-2645
-2479
-2268
-2040
-1761
-1461
-1114
-750
-367
38
442
869
1273
1688
2072
2443
2778
3062
3308
3488
3635
3718
3781
3790
3770
3711
3602
3477
3289
3093
2845
2600
2328
2048
1780
1503
1258
982
743
484
257
44
-156
-317
-494
-633
-811
-962
-1139
-1305
-1465
-1621
-1729
-1849
-1927
-2030
-2106
-2196
-2274
-2339
-2409
-2459
-2531
-2576
-2641
-2679
-2721
-2747
-2755
-2751
-2707
-2664
-2584
-2508
-2392
-2251
-2067
-1846
-1595
-1308
-1008
-665
-327
43
413
798
1188
1561
1936
2267
2598
2877
3149
3371
3563
3716
3805
3876
3868
3849
3754
3646
3483
3284
3068
2799
2548
2237
1956
1625
1317
1014
708
447
164
-56
-310
-510
-725
-915
-1089
-1261
-1369
-1484
-1533
-1615
-1657
-1713
-1761
-1797
-1852
-1873
-1929
-1959
-2014
-2050
-2095
-2149
-2191
-2253
-2292
-2347
-2388
-2428
-2460
-2458
-2446
-2390
-2318
-2206
-2066
-1902
-1698
-1479
-1208
-918
-581
-224
148
535
918
1318
1703
2100
2468
2817
3123
3388
3609
3777
3898
3961
3983
3942
3862
3730
3561
3345
3096
2811
2502
2174
1828
1481
1126
796
468
176
-103
-354
-588
-802
-986
-1143
-1266
-1377
-1455
-1529
-1572
-1607
-1621
-1628
-1637
-1642
-1655
-1665
-1690
-1713
-1757
-1805
-1863
-1921
-1983
-2047
-2115
-2191
-2265
-2331
-2384
-2427
-2443
-2446
-2414
-2364
-2271
-2153
-1985
-1780
-1536
-1249
-936
-572
-201
216
623
1049
1460
1867
2272
2647
3018
3325
3616
3819
3992
4084
4127
4113
4027
3916
3723
3529
3254
2976
2636
2288
1924
1541
1184
795
462
103
-183
-470
-700
-912
-1114
-1269
-1440
-1539
-1647
-1690
-1736
-1740
-1728
-1705
-1652
-1620
-1558
-1541
-1506
-1505
-1498
-1505
-1535
-1568
-1633
-1682
-1753
-1808
-1871
-1941
-2008
-2075
-2119
-2157
-2167
-2156
-2118
-2042
-1939
-1784
-1597
-1367
-1095
-794
-453
-90
308
708
1123
1526
1924
2313
2677
3032
3341
3621
3840
4008
4109
4143
4122
4025
3891
3688
3456
3175
2860
2510
2127
1739
1322
930
523
153
-208
-531
-821
-1084
-1294
-1502
-1654
-1814
-1923
-2025
-2079
-2101
-2095
-2046
-2000
-1904
-1826
-1711
-1624
-1526
-1452
-1390
-1331
-1300
-1259
-1268
-1264
-1304
-1328
-1376
-1418
-1467
-1527
-1566
-1616
-1623
-1639
-1615
-1591
-1519
-1428
-1297
-1130
-934
-692
-437
-127
187
545
893
1251
1598
1937
2268
2569
2862
3098
3323
3479
3606
3662
3664
3610
3495
3349
3138
2916
2631
2337
2001
1658
1305
942
601
248
-62
-373
-635
-884
-1095
-1281
-1446
-1569
-1686
-1762
-1831
-1859
-1869
-1845
-1796
-1731
-1642
-1555
-1443
-1350
-1252
-1187
-1126
-1088
-1065
-1046
-1056
-1060
-1101
-1123
-1175
-1213
-1260
-1308
-1340
-1377
-1376
-1384
-1350
-1318
-1248
-1163
-1046
-900
-737
-529
-314
-48
214
512
793
1085
1366
1635
1903
2136
2373
2554
2726
2840
2925
2961
2949
2898
2791
2668
2490
2311
2080
1846
1586
1318
1050
769
509
232
-14
-257
-469
-661
-834
-973
-1095
-1196
-1281
-1348
-1394
-1425
-1434
-1426
-1398
-1347
-1294
-1226
-1164
-1107
-1067
-1044
-1026
-1030
-1031
-1046
-1059
-1077
-1106
-1122
-1154
-1172
-1197
-1209
-1216
-1220
-1200
-1182
-1132
-1083
-1002
-915
-802
-662
-509
-315
-120
111
329
574
806
1047
1293
1521
1759
1954
2155
2299
2440
2518
2578
2592
2559
2509
2392
2292
2114
1959
1745
1537
1311
1060
833
560
341
82
-120
-326
-502
-651
-794
-895
-1006
-1075
-1148
-1185
-1214
-1218
-1202
-1171
-1121
-1071
-1012
-965
-920
-891
-869
-862
-859
-866
-878
-893
-921
-944
-982
-1014
-1057
-1093
-1131
-1167
-1191
-1213
-1218
-1219
-1198
-1170
-1116
-1040
-935
-801
-651
-464
-271
-48
176
428
680
936
1204
1447
1699
1902
2110
2255
2387
2462
2498
2515
2461
2414
2287
2175
1998
1819
1617
1386
1175
911
695
436
229
13
-176
-336
-495
-605
-729
-803
-879
-921
-949
-957
-937
-915
-867
-823
-767
-719
-678
-638
-611
-586
-576
-573
-583
-609
-639
-686
-739
-806
-878
-958
-1038
-1121
-1199
-1272
-1339
-1393
-1442
-1466
-1477
-1467
-1427
-1359
-1260
-1129
-972
-787
-580
-349
-102
159
434
704
983
1242
1499
1720
1922
2084
2210
2307
2350
2380
2351
2307
2216
2097
1949
1764
1574
1352
1138
908
690
473
265
81
-98
-245
-381
-490
-580
-643
-681
-703
-697
-677
-636
-586
-531
-472
-417
-363
-319
-277
-245
-218
-206
-203
-213
-248
-298
-369
-451
-549
-657
-770
-888
-1007
-1130
-1244
-1353
-1449
-1532
-1596
-1642
-1665
-1668
-1638
-1578
-1483
-1356
-1198
-1012
-804
-575
-332
-76
185
453
717
977
1222
1449
1653
1828
1975
2087
2166
2212
2223
2199
2141
2052
1933
1788
1620
1438
1246
1052
853
657
470
289
122
-28
-165
-281
-375
-449
-497
-526
-534
-522
-497
-458
-413
-362
-309
-258
-212
-171
-137
-108
-90
-87
-98
-131
-185
-260
-351
-460
-583
-713
-850
-992
-1134
-1275
-1411
-1534
-1643
-1734
-1808
-1856
-1881
-1877
-1841
-1768
-1657
-1511
-1339
-1137
-912
-673
-420
-155
118
392
666
930
1181
1415
1621
1802
1952
2069
2153
2201
2216
2198
2149
2069
1962
1832
1681
1517
1346
1168
987
813
642
482
331
194
74
-27
-109
-168
-204
-222
-226
-216
-199
-173
-146
-121
-96
-80
-70
-68
-73
-86
-111
-155
-214
-296
-394
-503
-628
-762
-902
-1046
-1189
-1330
-1469
-1597
-1717
-1823
-1913
-1983
-2033
-2058
-2054
-2020
-1952
-1851
-1718
-1554
-1362
-1149
-915
-662
-401
-129
146
424
694
959
1206
1435
1640
1822
1974
2099
2193
2256
2291
2292
2267
2210
2129
2023
1896
1754
1600
1440
1271
1106
939
774
619
475
346
232
134
49
-21
-75
-117
-146
-164
-177
-183
-193
-202
-218
-241
-268
-306
-351
-406
-469
-544
-627
-726
-835
-956
-1084
-1214
-1347
-1473
-1598
-1715
-1822
-1915
-1996
-2062
-2110
-2137
-2139
-2114
-2064
-1985
-1876
-1735
-1561
-1362
-1139
-895
-629
-348
-54
248
549
848
1136
1407
1659
1887
2091
2267
2412
2527
2607
2653
2668
2652
2607
2528
2427
2298
2146
1976
1793
1596
1396
1189
982
779
579
393
219
61
-81
-205
-316
-411
-494
-562
-620
-663
-696
-724
-748
-772
-798
-826
-858
-896
-941
-990
-1044
-1104
-1168
-1238
-1314
-1392
-1476
-1561
-1642
-1716
-1780
-1831
-1873
-1900
-1908
-1900
-1872
-1826
-1756
-1660
-1544
-1403
-1238
-1048
-836
-600
-348
-81
198
482
775
1064
1346
1614
1867
2094
2296
2465
2604
2712
2785
2824
2827
2798
2735
2640
2517
2371
2202
2010
1804
1586
1360
1130
896
664
436
214
1
-197
-380
-545
-695
-820
-925
-1015
-1089
-1150
-1192
-1227
-1248
-1258
-1262
-1259
-1254
-1248
-1242
-1237
-1236
-1235
-1240
-1248
-1259
-1271
-1285
-1301
-1318
-1336
-1351
-1365
-1369
-1362
-1344
-1319
-1276
-1221
-1154
-1069
-968
-852
-721
-573
-413
-238
-49
151
358
575
789
1005
1220
1429
1625
1807
1969
2109
2225
2317
2379
2415
2422
2399
2350
2273
2172
2047
1903
1739
1559
1366
1165
958
749
539
332
133
-61
-245
-416
-577
-723
-850
-962
-1056
-1133
-1191
-1237
-1267
-1284
-1292
-1289
-1279
-1259
-1233
-1206
-1175
-1142
-1111
-1079
-1050
-1023
-1003
-984
-970
-958
-947
-937
-925
-910
-893
-875
-846
-814
-774
-722
-662
-593
-516
-430
-331
-223
-108
16
146
282
420
561
706
846
984
1119
1243
1356
1458
1545
1618
1674
1711
1728
1725
1705
1665
1609
1538
1449
1346
1230
1104
968
827
680
534
387
241
102
-32
-157
-273
-380
-475
-558
-631
-694
-742
-782
-811
-829
-843
-848
-849
-846
-842
-833
-824
-814
-803
-794
-787
-782
-781
-783
-787
-792
-798
-803
-807
-805
-801
-789
-774
-754
-724
-690
-647
-597
-542
-477
-405
-325
-240
-150
-52
47
149
255
361
467
570
670
765
856
938
1011
1075
1131
1173
1203
1221
1227
1222
1203
1173
1134
1083
1024
955
878
795
708
619
524
428
331
239
150
65
-14
-88
-160
-224
-280
-329
-370
-406
-435
-459
-479
-496
-513
-525
-536
-544
-548
-554
-561
-570
-584
-596
-607
-623
-636
-650
-665
-677
-690
-701
-708
-711
-709
-701
-691
-676
-656
-630
-598
-562
-518
-465
-406
-340
-267
-189
-107
-17
77
170
266
365
463
555
645
729
807
876
938
988
1032
1064
1086
1099
1100
1093
1071
1039
994
938
877
806
729
646
557
466
381
292
208
129
51
-19
-86
-146
-201
-249
-292
-327
-357
-382
-402
-424
-442
-461
-477
-493
-509
-524
-538
-554
-573
-595
-619
-643
-669
-695
-715
-734
-749
-760
-771
-777
-784
-784
-778
-766
-744
-712
-669
-618
-562
-498
-424
-344
-254
-158
-54
52
158
262
365
463
560
651
738
821
899
970
1034
1089
1128
1154
1166
1160
1142
1110
1066
1009
945
871
791
708
625
541
460
380
306
236
170
112
61
17
-21
-52
-81
-111
-141
-174
-209
-242
-275
-306
-339
-378
-421
-471
-524
-581
-637
-690
-739
-780
-819
-855
-889
-920
-949
-971
-987
-991
-984
-966
-936
-899
-856
-807
-752
-686
-610
-525
-432
-335
-238
-138
-41
58
154
249
348
442
541
641
735
823
899
963
1013
1050
1073
1082
1078
1065
1041
1007
966
916
864
808
752
697
646
597
550
511
472
435
403
369
334
297
256
208
157
102
50
-9
-72
-139
-213
-291
-372
-455
-539
-615
-687
-749
-805
-856
-904
-948
-983
-1016
-1033
-1044
-1043
-1030
-1011
-984
-954
-919
-880
-836
-786
-729
-669
-601
-535
-465
-395
-325
-250
-177
-98
-16
74
170
269
367
460
548
626
694
757
810
854
895
924
952
971
987
996
995
994
983
970
954
934
913
885
862
827
788
747
692
634
567
500
428
348
269
183
88
-3
-106
-205
-306
-401
-491
-579
-647
-721
-775
-823
-867
-897
-924
-937
-948
-953
-948
-943
-928
-911
-895
-867
-843
-814
-785
-754
-719
-693
-660
-629
-600
-562
-532
-486
-443
-389
-324
-252
-169
-84
8
103
187
280
365
443
528
597
681
747
826
898
963
1030
1079
1115
1145
1155
1166
1158
1156
1144
1116
1093
1042
990
925
851
773
688
610
515
414
318
196
89
-28
-136
-241
-338
-421
-510
-580
-647
-709
-749
-783
-806
-816
-830
-826
-839
-840
-845
-851
-843
-841
-826
-809
-793
-772
-758
-740
-722
-714
-690
-687
-667
-657
-644
-621
-599
-555
-508
-440
-360
-280
-184
-86
1
106
190
293
376
475
566
652
756
838
921
993
1046
1095
1125
1159
1186
1195
1219
1210
1201
1177
1128
1080
1001
940
851
772
688
583
480
364
251
139
33
-62
-154
-240
-309
-395
-456
-522
-571
-608
-643
-654
-679
-694
-713
-742
-765
-793
-810
-824
-837
-828
-832
-821
-808
-806
-786
-779
-764
-755
-755
-742
-749
-743
-727
-709
-664
-615
-543
-456
-375
-266
-178
-72
18
114
208
294
392
474
567
656
736
812
879
940
1004
1050
1114
1147
1190
1213
1220
1221
1190
1163
1102
1054
982
916
833
750
650
562
453
370
264
187
97
15
-59
-146
-211
-287
-342
-393
-433
-469
-499
-544
-568
-628
-652
-708
-734
-766
-797
-807
-824
-827
-831
-828
-824
-814
-816
-796
-812
-802
-810
-810
-799
-792
-753
-715
-661
-590
-521
-436
-355
-271
-185
-107
-28
50
122
203
273
353
423
504
573
649
716
778
849
884
960
970
1030
1033
1045
1050
1016
999
967
904
882
814
754
732
601
638
470
493
380
319
273
170
125
56
-20
-43
-110
-164
-153
-292
-230
-390
-357
-449
-494
-506
-576
-576
-621
-645
-663
-681
-710
-695
-733
-711
-738
-743
-740
-760
-746
-751
-734
-714
-680
-653
-593
-565
-499
-451
-409
-333
-303
-227
-179
-124
-51
-8
68
126
186
271
316
401
448
504
563
602
657
697
727
772
772
801
793
786
787
750
755
723
706
685
642
620
574
531
493
432
389
331
274
232
171
138
90
49
10
-48
-88
-144
-190
-236
-277
-311
-347
-383
-419
-459
-487
-521
-534
-565
-573
-596
-618
-623
-651
-649
-662
-661
-657
-650
-633
-609
-600
-559
-546
-504
-475
-440
-392
-356
-307
-256
-208
-153
-98
-45
26
74
148
198
261
313
365
415
466
505
551
581
611
632
642
654
650
660
654
654
645
631
615
599
572
545
505
476
436
394
356
316
282
247
211
179
138
97
61
11
-20
-65
-96
-129
-170
-205
-242
-276
-304
-338
-356
-382
-415
-433
-466
-483
-505
-527
-539
-556
-559
-563
-565
-559
-553
-543
-535
-525
-507
-487
-468
-433
-410
-371
-339
-295
-255
-213
-167
-117
-71
-28
17
58
107
144
197
229
273
310
338
370
389
415
436
448
471
478
484
500
497
507
505
500
509
486
482
460
454
442
418
405
387
367
346
323
295
271
237
222
182
162
122
98
68
31
1
-34
-64
-103
-142
-180
-207
-249
-278
-318
-343
-382
-411
-437
-461
-486
-508
-519
-535
-548
-555
-555
-558
-558
-552
-537
-533
-516
-495
-467
-443
-417
-380
-343
-313
-276
-240
-197
-161
-124
-82
-40
5
45
91
135
176
226
261
294
325
356
392
414
431
453
478
501
514
530
552
567
573
572
579
569
563
558
538
506
486
478
449
402
377
370
335
283
256
243
189
134
110
73
-3
-55
-73
-125
-212
-246
-241
-303
-381
-399
-399
-461
-524
-524
-523
-585
-615
-594
-594
-638
-640
-601
-603
-628
-607
-551
-551
-551
-507
-445
-430
-408
-350
-295
-275
-243
-177
-131
-102
-56
12
60
100
159
219
266
302
345
384
414
439
468
489
509
529
551
569
585
598
609
612
615
606
586
577
566
533
493
472
453
406
360
339
309
261
217
191
153
94
55
27
-29
-94
-131
-163
-224
-284
-310
-334
-390
-429
-439
-459
-503
-525
-525
-542
-572
-569
-561
-571
-579
-562
-543
-544
-532
-501
-469
-456
-423
-381
-340
-312
-268
-224
-191
-154
-112
-73
-42
0
42
82
119
165
207
245
281
313
339
360
384
400
410
421
438
444
450
455
467
468
463
460
457
442
424
407
383
362
335
307
277
249
219
191
161
131
99
70
42
8
-26
-60
-89
-123
-156
-186
-210
-236
-265
-280
-298
-316
-332
-340
-348
-361
-365
-366
-367
-369
-363
-354
-348
-344
-329
-315
-303
-286
-263
-244
-224
-200
-174
-150
-128
-100
-76
-54
-33
-7
14
34
57
80
99
118
144
163
178
195
212
224
232
243
250
255
261
266
270
268
268
270
266
260
254
250
242
227
214
202
187
172
155
139
125
110
92
75
57
39
20
4
-17
-32
-48
-66
-81
-98
-111
-120
-131
-142
-153
-161
-170
-179
-185
-192
-198
-199
-201
-202
-203
-201
-197
-195
-190
-184
-178
-170
-163
-154
-144
-132
-122
-111
-98
-87
-75
-63
-50
-40
-28
-14
-3
10
24
39
54
66
77
89
101
111
121
134
140
146
153
158
163
168
173
175
177
179
179
178
174
168
163
159
153
150
142
133
123
111
100
88
76
65
53
40
25
13
-1
-14
-26
-39
-52
-64
-75
-89
-101
-113
-122
-130
-139
-143
-149
-155
-159
-161
-164
-165
-168
-167
-165
-163
-163
-158
-154
-149
-142
-136
-130
-122
-115
-105
-97
-88
-77
-67
-55
-45
-33
-21
-8
2
12
25
36
47
57
65
74
82
92
101
109
118
125
131
136
138
142
145
147
150
151
151
151
147
145
140
135
131
125
120
114
105
98
90
80
71
59
51
40
30
20
8
-2
-14
-23
-32
-42
-51
-58
-66
-73
-80
-86
-91
-96
-99
-103
-107
-109
-113
-117
-118
-118
-116
-114
-114
-110
-107
-105
-102
-97
-92
-86
-80
-75
-66
-59
-54
-47
-42
-34
-27
-21
-13
-5
1
9
16
22
28
33
39
44
50
57
61
65
68
69
70
70
72
75
76
78
77
76
74
71
68
65
63
61
58
53
48
46
42
38
32
28
23
20
14
8
3
-3
-7
-11
-14
-16
-16
-20
-22
-22
-25
-27
-27
-29
-30
-30
-31
-32
-32
-34
-36
-35
-38
-36
-32
-32
-29
-26
-24
-21
-19
-17
-13
-12
-9
-6
-5
-7
-5
-5
-4
-3
-5
-2
0
2
4
5
4
3
4
6
4
6
9
8
7
9
9
9
9
10
12
14
14
14
12
9
9
9
6
6
6
5
5
5
6
5
6
4
4
3
2
2
1
0
-2
-4
-5
-5
-4
-5
-4
-4
-3
-2
-3
-2
-4
-4
-5
-6
-7
-6
-8
-9
-8
-10
-8
-9
-10
-9
-7
-7
-6
-6
-4
-5
-5
-3
-4
-2
-2
-2
-1
0
0
-1
0
2
2
3
3
4
6
7
7
7
7
6
6
6
5
5
5
6
8
6
7
7
7
7
7
6
6
6
6
4
4
2
1
0
0
-1
0
0
0
0
-1
-2
-2
-4
-3
-3
-4
-4
-5
-2
-4
-4
-4
-6
-6
-6
-7
-4
-5
-5
-7
-6
-6
-5
-4
-4
-3
-4
-5
-5
-5
-4
-3
-4
-3
-3
-2
-1
1
2
2
1
2
3
2
0
2
2
2
3
4
4
5
6
5
4
4
5
4
5
4
6
5
5
6
5
7
7
7
6
5
5
3
3
2
2
2
1
0
2
2
1
-1
-3
-1
-1
-2
-2
-3
-3
-3
-6
-7
-7
-5
-4
-3
-4
-4
-5
-4
-5
-5
-5
-6
-5
-6
-8
-7
-5
-4
-4
-3
-2
-2
-4
-4
-2
-1
0
2
1
-1
-1
1
1
5
5
5
5
6
5
5
4
4
4
4
4
4
5
6
5
3
2
2
4
4
5
5
3
3
2
3
4
3
3
3
2
2
0
-2
0
-2
-1
0
1
1
0
0
-2
-3
-3
-2
-2
-1
-2
-1
-3
-4
-5
-5
-5
-5
-3
-2
-4
-2
-3
-3
-2
-3
-3
-2
-3
-3
-3
-2
-2
-3
0
1
0
-1
-2
1
1
1
3
2
1
1
1
1
2
5
5
5
6
5
4
3
2
3
3
3
3
2
1
0
1
1
1
2
2
2
2
2
1
0
1
0
0
-2
-2
-1
-1
-2
-3
-2
-5
-4
-3
-1
-2
-2
-1
-3
0
-1
0
-1
-1
0
-3
-2
-3
-5
-4
-5
-4
-3
-2
-3
-1
-1
-1
-1
0
0
-1
-1
-2
1
1
0
0
1
1
0
1
2
3
3
3
5
3
3
3
3
2
2
3
1
1
1
2
2
4
4
3
4
2
2
2
2
1
1
0
0
2
1
2
0
0
-1
0
-1
0
-1
-2
-1
-1
0
0
1
2
1
0
1
-1
0
1
-1
-2
-1
0
-1
-1
-2
-3
-3
-2
-3
-2
-2
0
-1
1
1
3
2
2
2
1
2
0
-1
-3
-4
-4
-4
-2
1
1
1
2
4
5
4
4
3
-1
-1
-2
-3
-3
-3
-3
-2
-1
0
1
3
4
3
4
2
3
1
-1
-1
-3
-2
-2
-3
-3
-1
0
1
3
2
2
2
0
-1
0
0
-1
-2
-2
-1
-1
-1
0
1
-1
0
-1
-1
-2
-1
-1
0
0
-1
-1
0
0
1
0
0
-1
0
0
0
-1
1
-1
0
0
-1
-1
-2
-1
-2
-2
1
1
1
1
0
2
2
2
1
2
2
3
1
0
0
0
0
0
-2
-3
-1
-1
2
3
4
4
2
2
0
-2
0
-1
-2
0
-1
1
1
1
1
2
1
1
0
1
0
0
-1
-1
-1
-1
0
0
0
-1
0
-1
-1
-1
-2
-2
2
2
2
1
1
1
0
-1
-2
0
0
0
-1
-1
0
0
-2
-2
-2
-2
-1
0
1
1
2
0
0
-1
-2
-3
-3
-2
-1
0
2
1
0
0
-1
-2
-3
-4
-2
-2
0
3
2
1
0
0
0
-1
-1
0
0
0
1
2
2
2
1
0
0
-1
-1
1
1
1
1
0
1
1
1
1
1
-1
0
0
0
-1
0
0
-1
0
0
0
2
2
1
1
3
3
0
-1
0
-1
0
1
1
2
1
-1
-1
-3
-3
-4
-2
0
1
3
3
3
2
-1
-3
-4
-3
-4
-1
0
1
3
5
4
3
3
1
0
-2
-2
-2
0
1
2
3
2
2
2
0
-1
-4
-5
-4
-3
-1
1
2
2
1
1
-1
-2
-1
-1
0
-1
-1
-1
-1
-1
-1
-2
-2
-3
-2
-1
1
1
2
1
1
1
-1
-1
-1
-1
-2
-1
0
0
0
0
1
0
-1
0
0
-3
-2
-1
-2
-1
1
1
0
0
0
-1
-1
-1
0
0
1
2
2
3
2
1
0
-1
-2
-1
1
-1
0
4
3
3
2
0
1
0
2
0
2
3
2
0
1
2
0
1
0
0
0
1
0
0
-1
-1
1
0
0
1
0
1
0
-2
-1
-3
-3
-1
1
1
2
1
2
0
-1
-2
-4
-5
-4
-2
-1
0
1
2
2
1
0
0
0
-2
-1
-1
0
1
1
2
0
1
0
-1
-1
-1
-1
-1
-1
1
1
1
-1
0
0
0
0
0
1
2
1
1
1
0
0
1
1
0
1
-1
1
0
1
0
1
0
-1
0
-1
0
0
2
1
1
0
-1
0
-2
-1
1
1
0
2
0
0
-1
-1
-1
0
0
-1
-1
-1
0
0
0
0
2
0
1
1
1
0
0
-2
-1
1
-1
0
2
1
2
1
1
1
0
2
1
1
0
1
2
1
0
0
0
0
0
0
0
0
0
0
-1
-1
-2
-1
0
0
-1
-1
-1
0
1
0
-1
0
0
0
-1
0
-1
-2
-1
-1
-1
-1
-2
-1
-2
-1
-1
0
-1
0
-1
0
0
-2
0
-1
-1
-1
-1
-1
0
-1
-1
1
0
-1
0
1
1
2
1
-1
0
-1
-1
-1
0
-1
-1
0
1
0
1
1
2
3
2
1
1
2
0
0
2
0
0
0
2
1
2
-1
-1
0
0
0
0
2
1
1
0
-1
-1
0
0
0
0
0
0
-1
-1
0
1
1
1
0
0
0
0
-1
1
0
1
0
1
2
1
0
-1
-1
-1
0
-1
-2
-1
0
0
0
0
1
2
0
1
2
0
1
1
-1
-1
1
1
0
1
1
0
0
2
1
0
1
1
1
-1
0
-1
-1
-1
-1
-2
0
0
0
0
0
0
1
0
-1
-2
-2
-1
-1
-1
-1
-1
-1
1
0
-1
1
0
1
1
0
0
0
0
0
-1
0
-1
-1
0
0
1
-1
1
1
-1
0
1
0
1
1
0
-1
-1
-1
-1
0
0
0
-1
1
-1
-1
0
0
0
1
2
0
1
1
1
1
0
0
-1
0
0
-1
0
0
1
2
1
2
1
0
-1
-1
-1
0
-2
0
0
0
-1
0
0
-2
-1
0
0
0
1
0
0
1
0
0
-1
-2
-1
0
0
1
-2
-2
0
0
-1
0
-1
0
1
1
2
1
2
1
0
1
0
0
-1
-2
-2
0
1
0
0
-1
0
-1
1
-1
0
0
-1
0
-1
0
2
1
1
2
-1
0
1
1
1
1
-1
0
-1
0
0
0
0
0
1
1
0
1
0
0
0
-1
0
-1
0
1
1
1
1
1
0
-1
-1
0
0
-1
-1
1
2
0
1
2
1
-2
0
0
-1
-1
-1
0
-1
-1
-1
-2
0
1
2
1
0
0
0
0
0
0
1
2
1
1
0
1
1
0
0
0
1
0
1
1
1
0
0
0
2
1
0
0
-1
-1
-1
0
-2
0
1
1
1
1
0
0
1
-1
0
0
0
1
-1
1
-1
-1
0
0
0
1
1
0
1
1
1
1
-1
-1
0
0
1
0
0
1
0
-2
-2
-1
0
1
0
0
0
0
0
-2
-1
-1
-1
-1
0
0
0
1
-1
-1
0
0
2
0
-1
1
0
1
1
1
0
0
-1
0
-1
-1
0
1
2
0
0
1
1
0
0
-1
2
1
0
1
0
0
1
0
0
0
0
1
0
-1
-2
-1
-1
-1
1
0
0
1
1
1
1
1
1
-1
-1
-1
1
0
-1
-2
-1
-1
-1
0
0
-1
0
1
1
0
0
0
0
1
0
1
0
-1
0
-1
-1
-1
-1
-1
-1
-1
0
0
1
1
1
0
0
-1
-1
0
0
-1
-1
1
0
0
0
-1
0
0
0
1
0
0
0
-1
0
1
2
0
0
0
1
1
0
0
1
0
0
-1
1
1
0
1
0
1
-2
-1
-1
1
0
1
0
2
1
-1
-1
-1
1
-1
-1
0
-1
0
1
1
0
-1
-1
-1
