SAMPLES:	19714
BITSPERSAMPLE:	16
CHANNELS:	1
SAMPLERATE:	16000
NORMALIZED:	FALSE
-1
-1
1
0
-1
0
-1
1
1
1
0
1
0
1
1
1
-1
-2
-1
0
-1
-1
0
-1
0
0
1
1
0
0
0
-1
1
-1
0
0
0
1
1
0
0
1
1
1
0
0
0
0
-1
1
0
1
0
-1
0
0
0
0
0
0
-1
0
0
0
-1
-1
-1
-1
0
0
0
0
2
0
0
0
0
1
0
0
0
0
0
2
0
0
0
1
0
0
0
0
0
0
1
1
0
1
0
-1
-1
0
0
0
0
0
0
0
-1
0
0
1
0
1
1
0
1
-2
-2
0
0
0
0
0
0
0
0
1
0
0
2
0
-2
-2
0
-1
-1
1
0
0
0
0
1
0
0
0
1
0
1
1
1
0
2
0
0
0
-1
-1
0
0
0
-1
1
-1
-1
0
0
1
1
0
0
-1
0
-1
0
1
-1
0
1
1
1
-1
1
0
-1
0
0
0
1
-1
0
0
0
1
0
-1
-1
0
1
0
0
-1
-1
0
-1
0
0
0
-1
-1
0
0
1
0
-1
-1
0
0
0
0
1
0
0
0
2
0
0
1
0
0
0
0
0
1
0
0
2
0
-1
-1
1
0
0
0
0
0
1
0
0
0
-1
0
1
-1
0
0
0
-1
0
0
0
1
1
1
0
0
0
0
-1
-1
0
-1
1
-1
0
-1
0
0
0
0
0
-1
0
0
-1
-2
0
0
0
1
0
1
-1
1
1
0
1
1
0
0
-1
0
0
-1
0
1
1
1
-1
-1
-2
-1
-1
-1
-1
0
2
-1
2
2
1
1
-1
-2
-1
-1
-2
0
1
2
3
0
-1
0
1
1
1
0
0
0
0
0
-1
-1
0
0
1
1
1
0
0
2
1
-1
1
0
0
0
0
0
-2
0
0
0
-1
-1
1
0
0
0
0
-1
0
-1
0
1
0
-1
0
0
0
1
1
1
0
0
-1
-1
1
0
-1
0
0
0
1
0
1
0
0
0
0
-1
0
-1
-1
1
0
0
0
0
0
2
-1
-1
-1
-1
1
0
0
1
0
0
0
0
0
-1
0
0
0
0
-1
1
-1
0
0
0
1
0
0
0
0
0
0
0
0
0
0
0
0
0
-1
-1
0
-1
0
0
-1
0
0
0
2
1
2
1
-1
0
0
0
0
-1
-1
0
-1
1
-1
-1
0
0
1
1
0
1
0
-1
0
-1
1
2
0
1
0
0
2
-1
-1
0
0
-1
-1
0
-1
-1
-1
-1
0
0
0
1
0
1
0
-1
1
0
1
0
1
1
0
1
1
0
0
0
-1
0
1
-1
-1
-1
-1
1
1
0
0
0
0
-1
1
1
2
2
0
-1
-2
0
0
0
0
1
0
1
0
2
2
2
1
0
0
0
0
0
-1
0
0
0
0
0
0
-1
-2
-1
-1
-2
-1
-1
0
0
1
2
0
-1
0
-1
-1
-1
-2
-1
1
0
1
1
1
0
0
-1
-1
0
0
1
1
1
1
1
0
0
1
-1
-1
0
0
0
0
0
0
1
0
0
1
-1
-1
1
-1
0
-1
0
-1
-1
0
1
1
1
1
1
0
0
1
2
0
0
0
0
-1
-1
0
0
-1
-1
-1
0
0
2
0
1
0
0
-1
1
-1
0
0
-1
1
0
1
0
1
0
1
1
-1
-1
0
-1
-2
0
0
-1
0
0
0
0
0
0
1
0
1
0
0
0
0
-1
-1
-1
-1
-2
-1
0
0
0
1
0
0
1
1
0
0
1
0
0
1
0
0
-1
0
-1
-1
0
0
-1
-1
0
0
0
1
1
-1
-1
0
1
0
1
1
1
0
0
0
0
1
1
0
0
-1
0
1
1
1
-2
-1
0
-1
-1
0
1
1
0
0
0
-1
0
-1
-1
0
-1
-1
0
0
0
1
1
0
1
0
1
0
0
-1
-1
0
1
1
0
0
1
-1
0
-1
-1
-1
0
0
1
1
1
1
-1
1
0
0
0
0
1
1
1
1
1
0
0
0
0
-1
1
0
-1
0
0
-1
-1
-1
0
-1
0
0
-1
0
1
0
0
0
0
2
0
-1
0
-1
-1
-2
-1
1
1
0
-2
-1
0
0
1
1
0
0
1
0
1
0
1
0
0
-1
1
-1
-1
-1
-1
-1
0
-1
0
1
1
-1
0
-1
0
0
-1
-1
-1
1
0
0
2
0
0
0
-1
1
1
0
0
2
0
0
0
0
0
1
0
0
1
0
-1
-2
0
-1
-1
1
0
-1
0
1
-1
1
-1
1
1
1
0
1
0
-1
1
0
0
0
0
0
-1
1
-1
0
0
-2
-1
-1
-1
1
-1
-1
1
0
1
1
1
1
1
-2
-3
-1
0
-1
-2
-1
-1
0
1
-1
0
1
2
1
1
-1
-1
-1
0
0
-2
1
-1
0
1
0
0
1
1
1
1
0
0
1
0
-1
0
-1
0
1
-1
1
0
0
1
0
-1
0
-1
-1
0
-1
-1
-1
-1
1
1
-1
0
0
-2
-1
-1
-1
0
0
-1
1
0
1
2
0
2
0
-1
0
0
1
0
-1
0
-1
0
0
-1
1
-1
-1
0
0
-1
0
0
1
1
1
2
1
0
0
-1
0
-1
-1
-2
0
0
0
-1
0
-1
0
0
-1
0
0
1
0
1
-1
0
0
-2
0
0
1
1
0
1
0
1
0
0
0
0
0
0
0
0
2
0
-2
0
1
2
1
1
3
4
4
6
5
4
7
6
5
4
5
2
2
1
-1
-1
-2
-2
-6
-6
-8
-9
-10
-8
-9
-9
-9
-10
-9
-9
-8
-6
-6
-6
-6
-5
-5
-4
-2
-4
-5
-5
-5
-5
-6
-7
-6
-6
-7
-7
-6
-6
-4
-4
-3
-2
1
3
6
12
12
16
19
21
26
27
30
31
32
34
34
34
34
31
30
29
26
25
20
13
12
7
1
-1
-8
-12
-16
-21
-23
-26
-29
-29
-32
-32
-31
-33
-30
-30
-31
-26
-25
-24
-21
-22
-17
-15
-17
-11
-12
-9
-7
-8
-6
-3
-6
-2
-2
-3
2
0
1
5
4
8
11
10
15
16
17
21
20
23
27
26
27
30
25
26
23
19
19
14
10
6
1
-3
-7
-15
-20
-23
-28
-27
-32
-33
-30
-32
-31
-27
-26
-20
-12
-9
1
7
12
21
26
33
40
43
48
49
50
53
48
45
44
33
29
23
10
4
-7
-18
-25
-41
-48
-55
-67
-70
-77
-83
-82
-89
-87
-83
-83
-74
-68
-59
-48
-39
-27
-11
-2
14
26
38
53
63
73
85
91
98
105
102
107
105
101
99
92
86
79
66
57
47
33
23
11
-2
-9
-24
-31
-39
-51
-55
-63
-70
-70
-77
-82
-81
-84
-82
-81
-81
-74
-74
-70
-61
-60
-52
-42
-36
-25
-17
-9
5
10
21
32
39
54
64
75
90
101
115
129
134
145
149
150
151
143
136
125
107
92
71
47
25
-3
-29
-55
-85
-110
-140
-168
-196
-225
-250
-269
-290
-304
-311
-315
-313
-299
-277
-249
-213
-174
-127
-80
-33
23
77
123
174
215
257
296
326
365
393
415
439
454
462
470
461
456
436
401
367
315
260
198
124
57
-19
-104
-179
-254
-327
-395
-456
-511
-567
-615
-644
-674
-692
-693
-692
-677
-657
-618
-559
-496
-411
-318
-224
-114
-3
118
243
349
460
557
634
709
759
798
822
815
809
777
721
673
596
516
438
334
247
142
30
-49
-156
-252
-322
-415
-476
-533
-584
-589
-610
-602
-562
-538
-470
-393
-324
-227
-154
-71
24
82
163
230
267
321
347
371
399
390
395
379
333
295
231
162
87
-15
-101
-198
-310
-399
-485
-563
-629
-683
-703
-729
-738
-705
-654
-594
-518
-415
-302
-201
-82
56
179
286
390
504
586
653
739
812
870
914
967
1024
1034
1046
1062
1030
991
916
832
728
565
414
253
66
-101
-279
-438
-587
-751
-856
-948
-1049
-1115
-1186
-1250
-1300
-1353
-1350
-1360
-1375
-1338
-1310
-1245
-1132
-993
-798
-615
-412
-159
61
313
579
804
1016
1174
1304
1421
1477
1530
1554
1515
1462
1381
1290
1189
1068
955
807
637
481
303
128
-44
-211
-382
-553
-691
-798
-888
-930
-929
-916
-878
-788
-663
-550
-410
-255
-136
-26
83
189
263
300
365
391
381
401
406
391
365
321
285
199
97
21
-108
-242
-378
-532
-670
-822
-942
-1027
-1132
-1178
-1205
-1221
-1198
-1136
-1040
-929
-810
-638
-469
-327
-125
72
251
411
580
756
875
996
1152
1251
1339
1445
1536
1605
1653
1699
1724
1682
1640
1596
1427
1272
1104
874
629
375
145
-91
-361
-540
-715
-937
-1067
-1186
-1313
-1416
-1514
-1602
-1685
-1801
-1824
-1863
-1951
-1928
-1943
-1900
-1793
-1687
-1459
-1245
-994
-674
-368
-24
317
608
917
1178
1370
1550
1700
1775
1836
1864
1878
1853
1795
1782
1716
1613
1523
1437
1281
1091
932
717
448
177
-61
-306
-583
-778
-939
-1089
-1174
-1167
-1117
-1047
-940
-778
-626
-496
-313
-174
-102
-19
24
12
1
-39
-66
-123
-178
-209
-258
-296
-348
-340
-417
-463
-507
-608
-661
-807
-844
-932
-1012
-1084
-1054
-1035
-1024
-912
-753
-570
-436
-190
91
294
466
728
966
1113
1233
1427
1469
1535
1579
1637
1659
1604
1633
1570
1520
1461
1429
1259
1131
1028
846
692
508
334
165
-88
-196
-375
-601
-722
-912
-1077
-1263
-1384
-1545
-1719
-1833
-1950
-2061
-2211
-2252
-2292
-2361
-2241
-2146
-1983
-1814
-1481
-1153
-865
-469
-10
349
604
1006
1370
1532
1738
1967
2142
2218
2248
2406
2403
2368
2370
2345
2220
2093
1953
1704
1466
1222
909
542
227
-29
-364
-655
-831
-965
-1135
-1189
-1112
-1077
-1048
-933
-737
-674
-597
-436
-400
-398
-400
-435
-484
-619
-673
-756
-924
-963
-1059
-1117
-1249
-1211
-1253
-1369
-1332
-1325
-1287
-1356
-1227
-1123
-1072
-991
-744
-565
-458
-200
111
321
534
854
1164
1317
1514
1803
1950
2034
2093
2250
2139
2082
2043
1938
1770
1581
1462
1226
1060
880
742
548
397
335
192
108
107
-25
-89
-193
-214
-330
-508
-577
-752
-929
-1118
-1243
-1400
-1619
-1745
-1873
-2032
-2186
-2298
-2361
-2478
-2457
-2400
-2321
-2249
-2057
-1747
-1537
-1220
-861
-461
-217
129
548
872
1100
1428
1731
1983
2145
2405
2605
2670
2778
2828
2856
2742
2707
2569
2329
2153
1901
1615
1312
1051
789
483
253
87
-78
-236
-263
-311
-382
-398
-406
-436
-510
-547
-585
-745
-846
-998
-1162
-1332
-1519
-1654
-1885
-2018
-2191
-2277
-2441
-2502
-2568
-2630
-2607
-2530
-2397
-2279
-2028
-1796
-1452
-1164
-742
-404
-82
289
691
1020
1297
1639
1991
2201
2422
2695
2855
2942
3012
3152
3118
3004
2879
2764
2490
2245
2019
1688
1354
1051
806
515
288
131
17
-169
-208
-309
-418
-501
-530
-570
-737
-857
-992
-1222
-1423
-1596
-1799
-2079
-2316
-2433
-2606
-2767
-2937
-2956
-3118
-3061
-2934
-2764
-2648
-2446
-2026
-1708
-1301
-941
-433
-211
147
621
1032
1225
1506
1910
2250
2445
2731
3086
3207
3296
3497
3663
3531
3411
3269
3116
2785
2469
2166
1714
1271
923
556
196
-61
-282
-453
-637
-744
-849
-943
-981
-948
-1055
-1189
-1273
-1461
-1641
-1848
-1998
-2231
-2501
-2609
-2703
-2837
-2990
-2998
-3020
-3039
-2817
-2603
-2376
-2254
-1829
-1386
-1079
-701
-295
102
290
705
1189
1411
1554
1900
2332
2615
2788
3208
3467
3571
3693
3932
3936
3686
3576
3374
3119
2646
2298
1898
1309
869
478
87
-266
-499
-653
-851
-1010
-1083
-1122
-1184
-1176
-1171
-1365
-1461
-1613
-1817
-2063
-2280
-2414
-2723
-2900
-2982
-3072
-3234
-3303
-3197
-3233
-3035
-2799
-2495
-2344
-2012
-1459
-1152
-808
-359
112
348
683
1235
1594
1698
2041
2545
2925
3077
3509
3872
3993
4040
4249
4319
4049
3828
3608
3290
2767
2318
1875
1325
735
358
-82
-425
-696
-874
-1012
-1145
-1195
-1221
-1217
-1195
-1167
-1299
-1385
-1447
-1675
-1929
-2125
-2264
-2542
-2797
-2926
-2977
-3195
-3297
-3222
-3255
-3113
-2959
-2623
-2504
-2157
-1735
-1319
-1010
-544
17
201
612
1083
1610
1689
2020
2533
2958
3152
3556
4006
4162
4147
4376
4476
4279
3972
3728
3433
2841
2381
1819
1311
693
244
-191
-621
-903
-1182
-1389
-1440
-1482
-1503
-1594
-1488
-1422
-1510
-1536
-1506
-1563
-1894
-2027
-2095
-2304
-2584
-2715
-2711
-2863
-3039
-2939
-2894
-2898
-2713
-2451
-2161
-2069
-1629
-1251
-889
-551
-65
356
510
979
1408
1719
1857
2210
2705
3016
3312
3763
4039
4158
4258
4461
4395
4129
3864
3592
3187
2574
2079
1500
963
442
5
-440
-818
-1162
-1385
-1517
-1551
-1611
-1726
-1739
-1658
-1673
-1765
-1747
-1768
-1944
-2219
-2315
-2419
-2666
-2866
-2857
-2915
-3033
-3081
-2905
-2893
-2734
-2491
-2142
-1973
-1722
-1217
-888
-493
-158
407
617
961
1380
1774
1943
2187
2622
3069
3312
3722
4076
4247
4384
4483
4592
4275
4065
3731
3421
2805
2222
1721
1062
543
19
-384
-819
-1201
-1431
-1559
-1672
-1698
-1782
-1788
-1779
-1700
-1785
-1823
-1842
-1966
-2123
-2389
-2403
-2635
-2786
-2884
-2886
-2943
-3076
-2898
-2960
-2650
-2618
-2157
-2029
-1779
-1316
-1055
-542
-340
296
453
879
1217
1652
1847
2105
2486
2955
3148
3608
3898
4153
4269
4370
4547
4254
4135
3775
3533
2962
2467
1961
1327
750
245
-185
-586
-988
-1181
-1405
-1520
-1560
-1614
-1624
-1708
-1594
-1702
-1780
-1878
-1945
-2117
-2381
-2481
-2634
-2845
-2970
-2988
-3047
-3129
-3166
-2982
-3008
-2673
-2495
-2034
-2019
-1599
-1194
-845
-413
-141
479
570
1052
1413
1892
2030
2388
2824
3324
3499
3914
4167
4456
4429
4530
4617
4348
4123
3688
3477
2934
2363
1814
1273
727
188
-267
-595
-984
-1232
-1435
-1465
-1590
-1692
-1714
-1758
-1784
-1987
-2051
-2149
-2357
-2578
-2826
-2961
-3200
-3390
-3472
-3532
-3612
-3666
-3555
-3437
-3153
-2897
-2487
-2247
-1892
-1393
-963
-466
-70
487
801
1234
1719
2227
2468
2780
3252
3775
4001
4336
4668
4926
4924
4948
5086
4844
4496
4105
3831
3265
2602
1975
1424
723
63
-474
-951
-1408
-1722
-1905
-2002
-2111
-2179
-2130
-2158
-2149
-2218
-2241
-2305
-2496
-2673
-2895
-3110
-3299
-3466
-3597
-3646
-3719
-3674
-3586
-3453
-3090
-2848
-2431
-2131
-1615
-1121
-656
-154
341
882
1158
1668
2107
2523
2703
3018
3448
3861
4030
4374
4650
4860
4865
4957
5035
4767
4448
4048
3789
3078
2456
1790
1165
410
-323
-836
-1394
-1849
-2106
-2235
-2327
-2406
-2365
-2234
-2234
-2154
-2200
-2103
-2222
-2369
-2591
-2788
-2985
-3245
-3325
-3507
-3495
-3624
-3500
-3398
-3264
-2945
-2679
-2249
-1945
-1393
-869
-391
52
572
1122
1388
1805
2272
2602
2763
3010
3441
3791
3902
4197
4470
4678
4644
4779
4845
4603
4277
3915
3636
2949
2248
1636
966
227
-532
-1025
-1531
-1994
-2211
-2314
-2363
-2443
-2330
-2174
-2094
-2034
-2048
-1960
-2000
-2186
-2405
-2654
-2770
-3061
-3168
-3324
-3345
-3445
-3428
-3266
-3201
-2849
-2669
-2243
-1933
-1474
-946
-508
-33
428
964
1256
1609
2096
2456
2654
2896
3275
3663
3780
4090
4341
4633
4590
4711
4797
4617
4340
3958
3709
3055
2375
1669
1085
309
-402
-968
-1419
-1886
-2163
-2273
-2277
-2337
-2265
-2097
-2007
-1918
-2002
-1878
-1914
-2017
-2289
-2522
-2642
-2885
-3014
-3149
-3180
-3278
-3324
-3152
-3154
-2815
-2639
-2297
-1987
-1672
-1154
-816
-292
92
673
930
1266
1726
2154
2386
2601
2938
3362
3505
3784
4075
4410
4462
4488
4712
4559
4416
4017
3861
3306
2645
1944
1383
712
-56
-634
-1104
-1560
-1897
-2045
-2013
-2026
-2034
-1888
-1786
-1668
-1777
-1707
-1731
-1805
-2066
-2360
-2518
-2771
-2990
-3123
-3183
-3250
-3388
-3258
-3240
-3101
-2850
-2637
-2187
-2057
-1550
-1246
-744
-322
195
699
901
1398
1815
2190
2363
2648
3104
3406
3572
3893
4226
4527
4453
4730
4731
4643
4343
4088
3837
3156
2484
1819
1285
513
-221
-724
-1206
-1603
-1867
-1922
-1868
-1979
-1919
-1809
-1617
-1680
-1696
-1662
-1709
-1879
-2206
-2405
-2624
-2949
-3174
-3243
-3302
-3435
-3509
-3382
-3439
-3231
-3084
-2618
-2366
-2160
-1658
-1355
-774
-466
224
526
872
1339
1776
2081
2288
2693
3211
3448
3749
4095
4574
4741
4792
5100
4970
4947
4488
4422
3934
3264
2537
1915
1330
444
-192
-693
-1166
-1513
-1786
-1795
-1877
-2022
-1878
-1778
-1608
-1791
-1702
-1730
-1806
-2043
-2343
-2501
-2828
-3141
-3303
-3386
-3456
-3644
-3593
-3565
-3566
-3321
-3106
-2600
-2565
-2107
-1703
-1259
-829
-406
251
429
898
1377
1803
2031
2311
2860
3317
3556
3947
4385
4859
4844
5104
5242
5180
4968
4600
4533
3857
3195
2458
1904
1168
293
-241
-757
-1196
-1546
-1797
-1805
-2035
-2000
-1893
-1758
-1734
-1908
-1763
-1866
-1956
-2247
-2495
-2692
-3057
-3277
-3449
-3549
-3661
-3811
-3661
-3760
-3541
-3362
-3036
-2718
-2598
-1948
-1638
-1093
-739
-108
335
564
1173
1641
1981
2206
2633
3240
3529
3852
4293
4773
5013
5035
5383
5370
5295
4925
4778
4460
3716
3036
2344
1745
873
87
-401
-959
-1380
-1748
-1873
-1976
-2128
-2004
-1930
-1762
-1922
-1929
-1837
-1947
-2125
-2417
-2644
-2900
-3246
-3402
-3608
-3678
-3886
-3873
-3810
-3866
-3528
-3432
-2929
-2857
-2382
-1850
-1469
-914
-529
191
375
814
1368
1770
2028
2292
2833
3318
3533
3973
4393
4861
4946
5165
5447
5369
5287
4924
4891
4289
3623
2889
2261
1611
652
39
-493
-1038
-1477
-1777
-1810
-1982
-2030
-1937
-1829
-1758
-1970
-1836
-1861
-2035
-2276
-2586
-2790
-3153
-3376
-3570
-3724
-3847
-4056
-3921
-4027
-3823
-3619
-3286
-2909
-2773
-2118
-1749
-1160
-763
-145
375
562
1125
1568
1921
2103
2452
3008
3323
3626
4051
4497
4873
4911
5288
5366
5400
5157
4977
4769
4059
3419
2645
2144
1287
436
-79
-650
-1154
-1614
-1779
-1821
-2029
-1992
-1913
-1736
-1832
-1903
-1767
-1894
-2082
-2391
-2617
-2892
-3213
-3387
-3618
-3720
-3953
-4033
-3958
-4035
-3729
-3563
-3051
-2897
-2489
-1932
-1511
-926
-533
229
479
895
1399
1808
2032
2219
2677
3182
3434
3812
4204
4692
4855
5013
5321
5346
5331
4996
4914
4416
3733
2986
2350
1705
742
42
-489
-1055
-1567
-1981
-2037
-2196
-2333
-2257
-2066
-1947
-2054
-1961
-1872
-1937
-2162
-2364
-2558
-2816
-3085
-3269
-3430
-3548
-3826
-3766
-3817
-3737
-3503
-3188
-2721
-2588
-1980
-1577
-987
-574
33
585
793
1298
1674
2006
2074
2315
2790
3139
3378
3727
4156
4558
4598
4918
5067
5146
4950
4755
4592
3999
3322
2601
2068
1226
357
-248
-770
-1296
-1779
-2019
-2046
-2229
-2232
-2103
-1839
-1854
-1853
-1731
-1649
-1756
-2019
-2168
-2421
-2680
-2982
-3164
-3281
-3523
-3732
-3669
-3785
-3622
-3464
-2994
-2717
-2461
-1870
-1486
-840
-550
191
453
773
1193
1544
1812
1806
2151
2570
2846
3102
3475
3989
4313
4390
4843
4894
5050
4742
4756
4469
3886
3210
2537
2047
1054
330
-270
-762
-1271
-1676
-1778
-1816
-1955
-1841
-1690
-1414
-1523
-1422
-1312
-1315
-1496
-1807
-1954
-2295
-2596
-2914
-3119
-3282
-3626
-3727
-3755
-3872
-3678
-3550
-3031
-2946
-2518
-2037
-1571
-999
-689
61
166
583
931
1343
1523
1565
2027
2408
2675
2990
3412
3994
4176
4426
4846
4923
5016
4724
4853
4416
3893
3144
2611
2037
1025
387
-213
-684
-1185
-1502
-1528
-1640
-1693
-1568
-1361
-1153
-1309
-1109
-1089
-1138
-1429
-1720
-1931
-2344
-2681
-2995
-3234
-3479
-3816
-3824
-3936
-3968
-3765
-3591
-3121
-3080
-2496
-2123
-1553
-1091
-647
4
66
541
870
1308
1405
1603
2132
2480
2784
3124
3610
4128
4229
4623
4930
5077
5009
4841
4912
4388
3865
3094
2697
1947
1006
370
-233
-734
-1271
-1521
-1608
-1813
-1854
-1763
-1511
-1466
-1568
-1339
-1363
-1385
-1722
-1901
-2182
-2572
-2876
-3158
-3355
-3677
-3888
-3881
-4022
-3944
-3756
-3447
-3069
-2868
-2240
-1875
-1221
-817
-189
288
437
913
1249
1629
1679
1999
2461
2756
3040
3347
3834
4195
4303
4714
4917
5072
4877
4837
4726
4217
3629
2967
2544
1684
873
224
-335
-891
-1378
-1604
-1747
-2009
-2013
-1921
-1659
-1728
-1698
-1536
-1508
-1556
-1854
-1976
-2330
-2648
-2975
-3190
-3428
-3759
-3917
-3933
-4090
-3963
-3796
-3393
-3075
-2712
-2126
-1701
-1039
-624
84
403
676
1111
1478
1751
1824
2193
2578
2840
3110
3428
3895
4165
4346
4730
4891
4997
4793
4770
4521
4019
3381
2801
2238
1393
656
51
-474
-1011
-1421
-1609
-1783
-2007
-1966
-1819
-1585
-1660
-1564
-1441
-1383
-1513
-1742
-1925
-2275
-2608
-2929
-3147
-3434
-3772
-3896
-3941
-4089
-3932
-3773
-3329
-3067
-2602
-2068
-1557
-941
-480
196
433
797
1209
1594
1763
1902
2256
2596
2843
3142
3486
3909
4157
4383
4749
4853
4953
4753
4727
4393
3872
3252
2648
2032
1200
532
-73
-573
-1079
-1409
-1595
-1801
-1964
-1897
-1736
-1574
-1628
-1500
-1396
-1395
-1556
-1799
-2016
-2369
-2679
-3016
-3259
-3573
-3873
-3952
-4057
-4093
-3916
-3694
-3282
-3019
-2483
-1974
-1379
-795
-269
321
544
1017
1411
1782
1885
2087
2417
2698
2956
3256
3618
3959
4176
4413
4715
4769
4844
4656
4645
4210
3713
3099
2483
1864
979
389
-295
-762
-1296
-1565
-1762
-2003
-2090
-2063
-1848
-1757
-1735
-1576
-1468
-1478
-1648
-1860
-2050
-2371
-2658
-2997
-3241
-3543
-3818
-3899
-4052
-3959
-3800
-3498
-3122
-2813
-2238
-1745
-1063
-519
78
556
860
1343
1701
2000
2083
2293
2605
2815
3071
3341
3677
3961
4086
4396
4521
4676
4586
4536
4407
3960
3494
2812
2329
1512
751
65
-532
-1054
-1589
-1785
-1998
-2165
-2231
-2141
-1854
-1798
-1682
-1498
-1369
-1380
-1598
-1697
-1953
-2249
-2599
-2899
-3149
-3501
-3731
-3885
-4018
-3910
-3763
-3375
-3050
-2661
-2100
-1579
-897
-401
250
630
1006
1406
1734
1957
2017
2269
2548
2767
3003
3290
3623
3846
4009
4308
4446
4602
4504
4487
4264
3849
3326
2720
2185
1335
629
-35
-554
-1127
-1565
-1755
-1929
-2049
-2055
-1877
-1646
-1585
-1452
-1266
-1202
-1294
-1507
-1641
-1971
-2333
-2694
-2978
-3278
-3641
-3822
-4005
-4098
-3983
-3776
-3356
-3056
-2569
-2013
-1433
-824
-285
350
677
1064
1425
1733
1873
1967
2254
2539
2737
3003
3304
3658
3802
4047
4332
4497
4613
4507
4514
4171
3760
3178
2673
2029
1194
538
-56
-568
-1147
-1484
-1685
-1853
-1960
-1877
-1684
-1538
-1485
-1299
-1161
-1183
-1351
-1530
-1732
-2129
-2507
-2867
-3164
-3548
-3860
-4018
-4209
-4234
-4099
-3797
-3436
-3096
-2530
-1969
-1337
-794
-160
383
710
1135
1496
1787
1872
2067
2392
2668
2885
3176
3550
3840
3997
4319
4567
4732
4714
4669
4578
4147
3661
3100
2626
1865
1066
442
-114
-688
-1228
-1530
-1774
-2012
-2088
-1977
-1814
-1768
-1669
-1446
-1360
-1434
-1607
-1748
-2003
-2365
-2712
-3031
-3377
-3775
-4027
-4186
-4334
-4263
-4075
-3714
-3391
-2935
-2317
-1703
-1018
-443
256
688
1114
1564
1919
2133
2196
2454
2716
2942
3136
3432
3775
3975
4203
4490
4675
4750
4663
4657
4410
3950
3415
2911
2373
1554
826
204
-351
-953
-1417
-1714
-2016
-2229
-2272
-2144
-2024
-1984
-1797
-1590
-1521
-1617
-1758
-1919
-2183
-2495
-2822
-3124
-3500
-3865
-4083
-4272
-4319
-4193
-3963
-3608
-3282
-2714
-2117
-1422
-749
-94
516
914
1422
1830
2146
2253
2377
2612
2828
3018
3236
3534
3830
4039
4323
4534
4695
4704
4671
4606
4253
3808
3252
2784
2099
1322
601
-10
-589
-1148
-1524
-1835
-2104
-2243
-2246
-2109
-2027
-1922
-1720
-1563
-1527
-1662
-1779
-2013
-2256
-2607
-2924
-3245
-3622
-3923
-4123
-4260
-4212
-4058
-3786
-3447
-3059
-2464
-1870
-1150
-505
152
632
1069
1545
1903
2124
2209
2378
2595
2807
3007
3270
3573
3874
4113
4398
4558
4719
4732
4718
4554
4153
3703
3145
2625
1860
1116
391
-220
-799
-1297
-1634
-1939
-2124
-2216
-2181
-2076
-1990
-1873
-1703
-1610
-1634
-1776
-1934
-2184
-2458
-2842
-3174
-3505
-3855
-4078
-4257
-4279
-4188
-3994
-3671
-3308
-2835
-2238
-1610
-917
-264
321
790
1252
1717
2039
2214
2347
2556
2788
2994
3236
3481
3801
4061
4301
4532
4640
4787
4758
4706
4426
3991
3516
2947
2369
1576
845
133
-478
-1017
-1483
-1803
-2078
-2220
-2271
-2247
-2125
-2050
-1892
-1757
-1706
-1753
-1918
-2060
-2298
-2566
-2945
-3283
-3620
-3943
-4136
-4282
-4237
-4143
-3914
-3563
-3199
-2641
-2050
-1376
-666
-31
550
998
1501
1944
2250
2411
2573
2797
2959
3183
3367
3656
3936
4145
4402
4540
4686
4730
4746
4634
4294
3857
3344
2824
2133
1352
610
-71
-682
-1223
-1657
-1983
-2259
-2378
-2422
-2344
-2247
-2124
-1921
-1801
-1745
-1852
-1939
-2087
-2275
-2559
-2902
-3240
-3601
-3898
-4107
-4200
-4145
-4021
-3758
-3464
-3066
-2486
-1880
-1124
-455
202
677
1125
1598
1989
2238
2335
2528
2656
2816
3000
3241
3585
3814
4074
4314
4479
4620
4677
4767
4566
4225
3734
3248
2676
1896
1165
436
-198
-822
-1310
-1685
-1988
-2192
-2255
-2210
-2103
-2023
-1827
-1634
-1519
-1564
-1665
-1747
-1965
-2214
-2566
-2916
-3304
-3684
-3997
-4208
-4288
-4201
-4011
-3751
-3458
-2982
-2388
-1697
-953
-286
312
738
1216
1673
2011
2163
2284
2481
2614
2788
3008
3326
3664
3886
4194
4390
4570
4667
4766
4773
4473
4082
3511
3019
2291
1527
800
91
-543
-1150
-1569
-1908
-2134
-2262
-2254
-2168
-2089
-1981
-1760
-1578
-1520
-1622
-1704
-1852
-2116
-2421
-2785
-3123
-3508
-3863
-4139
-4318
-4321
-4163
-3902
-3599
-3210
-2658
-2036
-1315
-629
10
547
990
1521
1939
2215
2345
2559
2778
2918
3125
3355
3732
3967
4235
4457
4622
4748
4790
4852
4657
4328
3786
3245
2624
1862
1118
383
-278
-945
-1472
-1875
-2148
-2323
-2399
-2360
-2315
-2258
-2127
-1899
-1744
-1762
-1862
-1983
-2167
-2443
-2726
-3030
-3331
-3668
-3971
-4191
-4278
-4168
-3933
-3617
-3262
-2781
-2216
-1561
-885
-220
345
835
1320
1830
2178
2377
2585
2813
3027
3133
3368
3631
3958
4164
4367
4551
4638
4746
4727
4705
4385
3962
3398
2819
2161
1378
693
-26
-663
-1318
-1787
-2130
-2338
-2437
-2456
-2407
-2366
-2265
-2059
-1820
-1712
-1740
-1852
-1976
-2198
-2432
-2698
-2965
-3253
-3587
-3862
-4060
-4030
-3868
-3608
-3318
-2952
-2442
-1887
-1212
-559
54
535
983
1484
1885
2140
2318
2543
2770
2889
3039
3267
3578
3841
4016
4228
4344
4465
4480
4517
4366
4005
3542
3003
2455
1720
1017
343
-293
-928
-1489
-1856
-2108
-2243
-2275
-2235
-2145
-2063
-1863
-1615
-1445
-1424
-1518
-1626
-1832
-2088
-2361
-2653
-2948
-3308
-3638
-3913
-4029
-3918
-3737
-3468
-3225
-2789
-2278
-1663
-978
-364
204
597
1088
1515
1841
2038
2230
2489
2655
2779
2967
3254
3581
3785
4007
4195
4318
4402
4409
4428
4144
3777
3284
2812
2187
1438
783
129
-444
-1063
-1470
-1766
-1957
-2064
-2063
-1982
-1903
-1760
-1533
-1336
-1310
-1403
-1540
-1700
-1989
-2277
-2589
-2895
-3271
-3666
-3967
-4203
-4190
-4056
-3806
-3582
-3272
-2794
-2242
-1561
-921
-291
180
628
1113
1508
1796
2020
2304
2561
2729
2923
3216
3577
3878
4104
4356
4512
4636
4661
4700
4548
4186
3749
3259
2733
1994
1307
654
69
-526
-1029
-1353
-1613
-1780
-1865
-1837
-1815
-1782
-1653
-1468
-1386
-1482
-1651
-1820
-2094
-2405
-2695
-2971
-3309
-3734
-4082
-4385
-4503
-4438
-4199
-3935
-3698
-3299
-2812
-2164
-1509
-820
-211
283
815
1276
1675
1949
2260
2589
2837
3049
3302
3669
4030
4302
4563
4733
4891
4938
4965
4899
4575
4171
3623
3124
2431
1698
1010
354
-226
-830
-1238
-1584
-1799
-1936
-1982
-1967
-2014
-1967
-1829
-1690
-1672
-1819
-1968
-2206
-2495
-2740
-2998
-3232
-3612
-3940
-4272
-4487
-4473
-4317
-3992
-3793
-3407
-2963
-2396
-1726
-1064
-319
210
800
1295
1731
2042
2301
2685
2972
3196
3381
3669
4045
4333
4594
4787
4901
5005
4965
4976
4724
4348
3865
3299
2736
1932
1233
506
-111
-728
-1281
-1656
-1965
-2106
-2196
-2195
-2177
-2196
-2074
-1928
-1853
-1879
-2050
-2192
-2492
-2739
-2994
-3243
-3494
-3843
-4089
-4382
-4412
-4321
-4065
-3794
-3507
-3007
-2523
-1866
-1203
-482
148
692
1258
1700
2049
2293
2636
2992
3214
3402
3618
3960
4271
4531
4781
4895
4989
4957
4926
4775
4425
4003
3474
2923
2190
1416
709
40
-592
-1189
-1648
-1979
-2192
-2283
-2313
-2265
-2259
-2185
-2015
-1923
-1877
-1976
-2105
-2309
-2594
-2840
-3095
-3328
-3604
-3883
-4125
-4276
-4219
-4060
-3808
-3559
-3177
-2678
-2132
-1462
-807
-156
393
930
1446
1836
2133
2439
2821
3101
3300
3511
3801
4127
4381
4643
4837
4940
4958
4904
4805
4532
4131
3664
3144
2518
1754
1054
405
-233
-846
-1364
-1727
-2003
-2161
-2235
-2221
-2230
-2218
-2083
-1966
-1920
-1965
-2073
-2221
-2473
-2735
-2968
-3205
-3452
-3745
-3971
-4175
-4200
-4100
-3880
-3641
-3355
-2898
-2398
-1755
-1155
-490
97
659
1205
1662
2040
2331
2717
3041
3311
3507
3748
4049
4304
4523
4732
4888
4960
4912
4806
4591
4218
3755
3237
2689
1966
1252
597
-8
-630
-1206
-1622
-1944
-2170
-2311
-2333
-2325
-2335
-2237
-2088
-2005
-2003
-2060
-2124
-2317
-2552
-2784
-3007
-3243
-3537
-3774
-3988
-4110
-4066
-3905
-3647
-3426
-3014
-2538
-1947
-1349
-760
-85
458
1062
1518
1954
2242
2562
2918
3211
3469
3637
3917
4166
4374
4561
4744
4887
4899
4798
4647
4327
3917
3382
2861
2203
1475
812
183
-391
-1025
-1501
-1873
-2120
-2288
-2343
-2302
-2279
-2203
-2055
-1933
-1877
-1900
-1943
-2074
-2320
-2558
-2836
-3072
-3379
-3650
-3889
-4098
-4117
-4038
-3794
-3597
-3249
-2786
-2258
-1652
-1088
-406
154
737
1249
1685
2014
2279
2648
2976
3254
3445
3685
3972
4193
4415
4618
4809
4891
4839
4766
4531
4208
3715
3214
2583
1864
1172
517
-64
-729
-1265
-1721
-1997
-2204
-2270
-2234
-2204
-2154
-2056
-1911
-1834
-1835
-1878
-1982
-2204
-2470
-2749
-2991
-3291
-3572
-3838
-4044
-4162
-4122
-3936
-3719
-3432
-3034
-2513
-1957
-1365
-740
-116
445
984
1461
1836
2147
2490
2882
3195
3420
3635
3915
4179
4419
4641
4840
4945
4925
4861
4717
4456
4032
3547
2944
2229
1484
804
202
-450
-1055
-1558
-1897
-2151
-2285
-2284
-2253
-2235
-2199
-2081
-1973
-1964
-2006
-2076
-2238
-2499
-2783
-3008
-3265
-3540
-3818
-4010
-4145
-4175
-4054
-3844
-3563
-3222
-2735
-2194
-1598
-1006
-374
234
805
1334
1755
2133
2477
2879
3227
3498
3722
3977
4251
4495
4726
4907
5032
5018
4951
4822
4605
4226
3750
3176
2470
1689
946
320
-307
-944
-1494
-1896
-2195
-2419
-2489
-2467
-2446
-2437
-2353
-2199
-2152
-2156
-2185
-2251
-2465
-2733
-2941
-3145
-3370
-3655
-3826
-3979
-4038
-3990
-3796
-3495
-3165
-2691
-2186
-1594
-1041
-405
222
819
1375
1804
2188
2495
2869
3197
3498
3717
3946
4188
4386
4591
4753
4879
4868
4806
4674
4469
4131
3679
3153
2502
1739
972
310
-293
-910
-1458
-1901
-2216
-2467
-2570
-2550
-2491
-2444
-2368
-2194
-2113
-2075
-2095
-2107
-2256
-2495
-2719
-2945
-3141
-3428
-3612
-3798
-3889
-3896
-3782
-3502
-3192
-2727
-2249
-1681
-1144
-535
88
678
1257
1686
2056
2344
2698
3015
3320
3543
3766
4011
4191
4381
4557
4703
4730
4698
4608
4433
4139
3736
3259
2687
1954
1190
501
-121
-723
-1265
-1715
-2059
-2310
-2442
-2429
-2350
-2258
-2172
-2022
-1955
-1943
-1987
-2021
-2116
-2326
-2563
-2851
-3076
-3358
-3566
-3745
-3855
-3872
-3851
-3653
-3402
-2979
-2507
-1965
-1417
-848
-239
325
933
1419
1814
2138
2496
2853
3167
3422
3659
3953
4167
4355
4542
4712
4778
4764
4724
4573
4300
3899
3433
2897
2188
1410
687
42
-579
-1130
-1581
-1936
-2204
-2370
-2378
-2301
-2206
-2114
-1976
-1909
-1926
-1988
-2030
-2094
-2268
-2493
-2772
-3023
-3309
-3539
-3689
-3792
-3803
-3797
-3651
-3444
-3098
-2638
-2115
-1547
-1007
-409
159
754
1263
1675
2044
2404
2779
3099
3376
3596
3872
4110
4319
4498
4652
4746
4745
4719
4580
4346
3970
3517
2984
2314
1558
807
139
-488
-1038
-1521
-1900
-2200
-2399
-2460
-2419
-2329
-2239
-2120
-2047
-2031
-2077
-2111
-2145
-2271
-2465
-2722
-2955
-3217
-3460
-3627
-3731
-3728
-3719
-3591
-3391
-3065
-2635
-2132
-1545
-992
-390
191
805
1337
1735
2090
2439
2825
3140
3419
3637
3871
4079
4272
4462
4619
4721
4727
4702
4562
4332
3977
3570
3065
2428
1694
950
276
-374
-937
-1442
-1840
-2193
-2443
-2561
-2564
-2492
-2404
-2271
-2185
-2144
-2165
-2170
-2181
-2277
-2437
-2668
-2891
-3143
-3380
-3561
-3693
-3704
-3706
-3587
-3418
-3097
-2669
-2174
-1593
-1050
-445
118
740
1310
1742
2078
2363
2730
3030
3316
3543
3785
3995
4156
4345
4514
4647
4683
4683
4569
4319
3944
3545
3076
2479
1758
1035
351
-317
-898
-1392
-1766
-2123
-2378
-2505
-2516
-2453
-2342
-2161
-2035
-1982
-2001
-2002
-2030
-2145
-2294
-2518
-2760
-3053
-3296
-3472
-3613
-3639
-3650
-3531
-3395
-3093
-2664
-2163
-1588
-1076
-478
35
619
1184
1667
2036
2284
2625
2886
3159
3397
3683
3929
4072
4247
4411
4544
4578
4601
4541
4287
3890
3471
3007
2426
1706
1026
335
-353
-963
-1429
-1767
-2100
-2313
-2426
-2434
-2398
-2284
-2083
-1929
-1848
-1881
-1910
-1989
-2134
-2299
-2527
-2742
-3042
-3306
-3510
-3630
-3636
-3645
-3528
-3386
-3100
-2714
-2228
-1637
-1120
-538
-40
538
1082
1567
1982
2290
2658
2906
3171
3411
3722
3990
4142
4302
4440
4545
4543
4554
4514
4298
3918
3506
3054
2486
1780
1127
469
-213
-854
-1351
-1695
-2034
-2256
-2369
-2385
-2388
-2327
-2153
-2005
-1922
-1965
-1997
-2080
-2249
-2429
-2646
-2821
-3082
-3326
-3527
-3646
-3626
-3615
-3482
-3340
-3066
-2708
-2256
-1671
-1152
-564
-58
522
1065
1528
1939
2281
2689
2966
3235
3479
3795
4065
4222
4368
4493
4575
4538
4529
4471
4275
3904
3499
3040
2480
1794
1156
546
-126
-771
-1315
-1687
-2043
-2288
-2401
-2425
-2433
-2414
-2260
-2110
-2027
-2048
-2060
-2107
-2275
-2443
-2629
-2770
-3008
-3262
-3449
-3588
-3569
-3560
-3428
-3310
-3068
-2710
-2281
-1714
-1207
-593
-52
534
1070
1517
1918
2245
2656
2957
3228
3451
3755
4035
4209
4355
4486
4585
4555
4544
4474
4295
3932
3494
3012
2448
1769
1122
542
-114
-756
-1331
-1715
-2038
-2287
-2393
-2410
-2396
-2386
-2255
-2089
-1999
-2007
-2029
-2067
-2227
-2395
-2566
-2685
-2889
-3179
-3384
-3545
-3531
-3517
-3407
-3288
-3067
-2709
-2302
-1753
-1242
-631
-69
522
1069
1494
1892
2218
2630
2950
3199
3409
3679
3956
4143
4318
4470
4575
4565
4559
4495
4310
3950
3493
2987
2393
1688
1039
463
-177
-809
-1378
-1757
-2056
-2276
-2366
-2370
-2351
-2357
-2253
-2093
-2006
-2014
-2047
-2105
-2266
-2433
-2591
-2691
-2846
-3102
-3288
-3453
-3454
-3424
-3302
-3150
-2932
-2586
-2223
-1727
-1249
-671
-126
448
997
1411
1820
2154
2580
2933
3191
3410
3645
3901
4079
4276
4438
4544
4546
4524
4447
4249
3908
3469
2964
2357
1643
994
417
-204
-808
-1347
-1722
-2027
-2239
-2331
-2334
-2326
-2352
-2286
-2168
-2101
-2111
-2141
-2203
-2352
-2511
-2660
-2756
-2880
-3064
-3196
-3323
-3326
-3294
-3147
-2954
-2696
-2360
-2025
-1585
-1153
-618
-116
453
988
1405
1804
2151
2586
2951
3263
3508
3763
3985
4153
4352
4498
4604
4594
4560
4421
4182
3831
3409
2914
2306
1611
947
351
-277
-861
-1380
-1763
-2079
-2304
-2411
-2428
-2416
-2433
-2389
-2307
-2268
-2268
-2293
-2327
-2453
-2594
-2739
-2844
-2962
-3119
-3209
-3308
-3277
-3253
-3093
-2888
-2598
-2253
-1935
-1505
-1108
-581
-115
453
971
1377
1758
2088
2542
2892
3243
3512
3822
4061
4229
4423
4560
4661
4642
4599
4434
4168
3790
3378
2893
2312
1621
978
377
-246
-822
-1326
-1678
-1999
-2206
-2318
-2316
-2302
-2291
-2217
-2141
-2123
-2148
-2177
-2209
-2350
-2492
-2658
-2790
-2968
-3159
-3258
-3371
-3314
-3310
-3137
-2974
-2688
-2337
-2013
-1552
-1184
-630
-199
351
837
1231
1617
1915
2383
2699
3056
3332
3687
3988
4169
4368
4502
4609
4584
4533
4377
4100
3697
3277
2780
2213
1512
893
299
-301
-863
-1349
-1661
-1972
-2146
-2251
-2224
-2202
-2166
-2055
-1980
-1957
-1998
-2030
-2076
-2213
-2348
-2526
-2660
-2866
-3046
-3153
-3250
-3165
-3157
-2979
-2856
-2558
-2223
-1893
-1431
-1080
-536
-165
348
796
1185
1558
1837
2294
2580
2923
3210
3587
3914
4096
4310
4450
4558
4531
4467
4322
4017
3607
3176
2689
2123
1436
834
245
-338
-900
-1367
-1672
-1970
-2144
-2260
-2245
-2238
-2200
-2087
-2024
-2010
-2074
-2118
-2180
-2296
-2426
-2598
-2723
-2918
-3056
-3154
-3205
-3092
-3055
-2872
-2753
-2439
-2106
-1765
-1314
-955
-444
-115
372
827
1236
1617
1895
2335
2612
2947
3266
3644
3975
4150
4382
4524
4630
4611
4539
4395
4037
3618
3170
2679
2099
1422
829
210
-393
-977
-1413
-1722
-2010
-2184
-2294
-2299
-2314
-2256
-2126
-2043
-2051
-2123
-2182
-2252
-2371
-2491
-2630
-2753
-2932
-3060
-3132
-3158
-3034
-2983
-2802
-2680
-2389
-2057
-1723
-1288
-943
-469
-168
294
734
1148
1531
1799
2224
2490
2835
3146
3529
3868
4074
4310
4448
4575
4562
4514
4356
4014
3588
3133
2616
2033
1381
775
169
-444
-992
-1403
-1680
-1929
-2087
-2163
-2178
-2161
-2089
-1922
-1813
-1816
-1874
-1969
-2049
-2215
-2333
-2469
-2602
-2784
-2965
-3044
-3093
-2980
-2944
-2780
-2660
-2401
-2080
-1762
-1314
-967
-510
-201
251
668
1047
1405
1688
2118
2379
2707
2991
3372
3716
3959
4204
4361
4480
4471
4437
4281
3973
3555
3093
2543
1948
1275
676
82
-512
-1040
-1443
-1686
-1928
-2054
-2130
-2120
-2094
-2023
-1854
-1765
-1740
-1804
-1898
-2025
-2222
-2349
-2496
-2605
-2792
-2965
-3051
-3087
-2964
-2908
-2722
-2589
-2305
-1988
-1648
-1197
-843
-381
-68
382
766
1114
1433
1732
2172
2434
2733
3001
3376
3721
3959
4206
4368
4463
4451
4410
4280
3963
3561
3086
2532
1917
1210
638
36
-535
-1087
-1473
-1716
-1962
-2081
-2165
-2115
-2115
-2042
-1917
-1861
-1834
-1906
-1977
-2151
-2356
-2524
-2673
-2771
-2970
-3113
-3208
-3203
-3081
-2967
-2745
-2578
-2236
-1919
-1525
-1101
-716
-257
80
533
884
1234
1518
1851
2278
2553
2840
3113
3496
3826
4063
4279
4441
4514
4510
4464
4333
4006
3609
3124
2543
1912
1170
602
-19
-596
-1160
-1569
-1828
-2084
-2195
-2270
-2194
-2183
-2102
-1985
-1944
-1910
-1965
-2016
-2166
-2374
-2562
-2722
-2812
-3005
-3133
-3237
-3207
-3061
-2914
-2655
-2467
-2091
-1786
-1378
-970
-596
-151
162
605
911
1251
1503
1847
2258
2518
2827
3090
3478
3773
4018
4231
4389
4459
4448
4405
4255
3919
3515
3026
2421
1765
1012
445
-172
-735
-1282
-1673
-1933
-2172
-2247
-2281
-2168
-2117
-2011
-1869
-1824
-1793
-1828
-1853
-1978
-2190
-2391
-2561
-2661
-2867
-2992
-3113
-3079
-2939
-2787
-2531
-2349
-1967
-1664
-1257
-872
-513
-100
192
605
884
1208
1426
1763
2142
2398
2709
2962
3339
3597
3851
4081
4255
4321
4308
4257
4099
3754
3346
2865
2247
1570
829
268
-324
-857
-1364
-1704
-1953
-2163
-2202
-2196
-2063
-1992
-1870
-1725
-1690
-1693
-1728
-1748
-1883
-2099
-2301
-2471
-2594
-2810
-2916
-3024
-2974
-2851
-2685
-2453
-2266
-1868
-1542
-1124
-770
-409
-23
270
652
940
1257
1449
1781
2122
2385
2671
2926
3295
3525
3777
4007
4206
4269
4252
4185
4015
3657
3237
2767
2159
1469
738
165
-416
-936
-1413
-1720
-1965
-2149
-2179
-2148
-2019
-1946
-1826
-1678
-1642
-1666
-1716
-1755
-1891
-2109
-2306
-2479
-2619
-2843
-2934
-3021
-2967
-2860
-2711
-2501
-2311
-1901
-1561
-1134
-790
-409
-27
277
670
986
1309
1497
1831
2149
2414
2673
2938
3308
3530
3784
4004
4234
4310
4307
4227
4031
3659
3216
2759
2170
1480
736
133
-466
-996
-1464
-1767
-2000
-2159
-2190
-2149
-2026
-1954
-1817
-1657
-1585
-1603
-1658
-1723
-1864
-2080
-2279
-2448
-2594
-2807
-2895
-2967
-2915
-2810
-2684
-2481
-2293
-1884
-1558
-1136
-791
-405
-34
245
649
942
1243
1405
1724
2020
2265
2526
2819
3210
3452
3730
3965
4214
4307
4337
4264
4053
3661
3202
2752
2176
1487
737
133
-484
-1017
-1480
-1766
-1968
-2100
-2121
-2071
-1949
-1866
-1694
-1533
-1435
-1459
-1518
-1604
-1774
-2000
-2218
-2390
-2557
-2761
-2872
-2951
-2895
-2785
-2647
-2456
-2260
-1865
-1536
-1120
-772
-392
-42
227
609
866
1113
1247
1533
1805
2031
2313
2642
3050
3328
3627
3887
4127
4238
4300
4256
4053
3654
3209
2751
2174
1488
750
160
-462
-991
-1448
-1718
-1901
-2016
-2030
-1980
-1853
-1747
-1551
-1402
-1315
-1349
-1418
-1514
-1712
-1955
-2192
-2386
-2576
-2790
-2916
-3012
-2944
-2820
-2656
-2468
-2272
-1873
-1540
-1124
-790
-420
-76
200
571
811
1037
1166
1443
1730
1963
2263
2600
3028
3338
3640
3914
4135
4256
4321
4305
4111
3715
3274
2804
2223
1522
786
183
-436
-970
-1426
-1699
-1889
-2003
-2012
-1965
-1825
-1699
-1505
-1358
-1283
-1317
-1393
-1492
-1684
-1944
-2195
-2422
-2622
-2848
-2988
-3094
-3036
-2893
-2739
-2532
-2351
-1945
-1619
-1222
-887
-544
-178
86
483
734
984
1134
1422
1768
2009
2318
2625
3077
3397
3683
3956
4180
4313
4359
4373
4200
3837
3386
2934
2359
1659
919
295
-322
-880
-1341
-1632
-1835
-1974
-1989
-1948
-1817
-1695
-1535
-1400
-1325
-1349
-1420
-1532
-1715
-1971
-2225
-2471
-2687
-2914
-3071
-3165
-3129
-2974
-2818
-2582
-2382
-1982
-1623
-1244
-882
-553
-178
73
441
713
960
1136
1397
1763
2002
2301
2590
3026
3365
3639
3921
4154
4307
4338
4358
4208
3888
3425
2968
2394
1692
956
311
-302
-895
-1367
-1669
-1871
-2016
-2031
-1977
-1866
-1747
-1608
-1456
-1351
-1341
-1376
-1478
-1633
-1875
-2106
-2331
-2559
-2806
-3007
-3094
-3094
-2959
-2806
-2565
-2349
-1999
-1602
-1223
-819
-484
-115
149
460
741
957
1155
1368
1694
1929
2231
2521
2911
3279
3563
3855
4077
4258
4294
4294
4154
3879
3426
2938
2361
1683
966
309
-279
-861
-1342
-1679
-1862
-1984
-2001
-1941
-1831
-1710
-1593
-1433
-1302
-1253
-1287
-1383
-1517
-1758
-1999
-2235
-2459
-2725
-2996
-3115
-3154
-3046
-2920
-2703
-2474
-2176
-1770
-1397
-942
-565
-188
108
399
725
929
1145
1343
1668
1919
2218
2538
2922
3318
3604
3905
4122
4315
4363
4356
4215
3956
3505
2997
2411
1750
1039
360
-213
-778
-1265
-1658
-1847
-1978
-2007
-1964
-1844
-1710
-1621
-1465
-1336
-1266
-1313
-1402
-1508
-1733
-1981
-2217
-2421
-2642
-2911
-3034
-3094
-3000
-2891
-2715
-2484
-2262
-1871
-1560
-1116
-731
-348
-23
237
602
812
1044
1234
1570
1866
2144
2471
2848
3272
3555
3846
4082
4290
4368
4368
4264
4035
3615
3125
2558
1936
1242
544
-37
-598
-1083
-1520
-1742
-1903
-1960
-1948
-1824
-1660
-1581
-1445
-1337
-1275
-1345
-1438
-1541
-1745
-2015
-2256
-2453
-2633
-2869
-2992
-3047
-2981
-2860
-2720
-2478
-2317
-1956
-1666
-1268
-897
-540
-170
70
442
679
948
1148
1460
1805
2077
2398
2737
3189
3510
3804
4057
4292
4437
4449
4397
4191
3832
3350
2799
2190
1497
776
130
-443
-957
-1416
-1709
-1894
-1969
-1982
-1867
-1686
-1563
-1446
-1337
-1266
-1325
-1433
-1564
-1735
-2023
-2284
-2504
-2672
-2886
-3054
-3100
-3073
-2904
-2778
-2513
-2339
-2022
-1697
-1343
-949
-656
-276
-49
286
538
797
1031
1271
1631
1907
2236
2550
2993
3392
3714
4009
4263
4493
4539
4523
4351
4057
3602
3058
2457
1758
1028
320
-260
-798
-1271
-1636
-1850
-1942
-1965
-1873
-1699
-1535
-1415
-1295
-1196
-1209
-1315
-1471
-1641
-1925
-2222
-2471
-2668
-2878
-3108
-3182
-3199
-3039
-2882
-2625
-2380
-2121
-1766
-1432
-1022
-739
-399
-130
138
411
632
899
1107
1430
1742
2073
2414
2808
3270
3632
3964
4231
4488
4587
4561
4432
4168
3760
3216
2628
1942
1214
482
-114
-645
-1134
-1543
-1804
-1925
-1972
-1918
-1774
-1595
-1473
-1350
-1232
-1185
-1263
-1405
-1588
-1841
-2151
-2418
-2622
-2823
-3055
-3190
-3217
-3130
-2933
-2710
-2425
-2188
-1873
-1527
-1156
-816
-509
-174
92
375
622
881
1121
1399
1759
2100
2444
2799
3236
3637
3963
4232
4467
4590
4553
4436
4206
3839
3310
2748
2090
1409
666
60
-463
-968
-1398
-1723
-1856
-1959
-1939
-1850
-1673
-1546
-1439
-1303
-1218
-1238
-1350
-1505
-1721
-2013
-2289
-2495
-2694
-2913
-3116
-3163
-3174
-3003
-2821
-2570
-2335
-2103
-1740
-1439
-1066
-771
-394
-68
204
513
753
1033
1278
1654
2029
2371
2714
3104
3528
3852
4126
4357
4516
4507
4418
4218
3913
3424
2901
2282
1650
920
268
-260
-797
-1245
-1641
-1798
-1922
-1940
-1899
-1737
-1581
-1477
-1341
-1224
-1189
-1261
-1365
-1520
-1753
-2041
-2251
-2449
-2651
-2901
-2983
-3039
-2952
-2786
-2596
-2334
-2178
-1826
-1559
-1216
-927
-595
-205
20
349
574
854
1082
1412
1819
2145
2485
2841
3302
3635
3921
4172
4379
4424
4362
4230
3980
3576
3065
2521
1909
1211
508
-40
-570
-1057
-1480
-1711
-1812
-1863
-1840
-1708
-1530
-1419
-1301
-1182
-1131
-1172
-1272
-1395
-1589
-1872
-2126
-2355
-2551
-2804
-2942
-3018
-3015
-2854
-2713
-2442
-2302
-1985
-1700
-1398
-1080
-818
-406
-200
122
375
644
893
1156
1596
1922
2284
2600
3092
3480
3787
4063
4291
4434
4376
4314
4097
3805
3295
2792
2201
1541
826
205
-286
-808
-1232
-1571
-1689
-1756
-1775
-1697
-1534
-1403
-1321
-1221
-1162
-1172
-1284
-1398
-1558
-1794
-2075
-2333
-2515
-2732
-2911
-2990
-3023
-2894
-2793
-2563
-2387
-2126
-1828
-1543
-1169
-926
-534
-283
39
349
600
904
1129
1546
1860
2231
2545
2960
3371
3677
3974
4164
4352
4327
4286
4070
3823
3380
2905
2324
1695
1025
365
-135
-667
-1062
-1447
-1630
-1723
-1750
-1720
-1613
-1459
-1360
-1258
-1201
-1187
-1262
-1356
-1497
-1692
-1940
-2215
-2433
-2627
-2840
-2919
-3002
-2926
-2840
-2694
-2505
-2301
-1966
-1701
-1292
-1016
-626
-293
12
414
666
1012
1214
1602
1944
2268
2606
2946
3365
3647
3957
4135
4341
4349
4306
4122
3869
3467
3002
2461
1824
1170
472
-44
-604
-1036
-1468
-1706
-1843
-1912
-1911
-1861
-1699
-1593
-1458
-1365
-1321
-1368
-1426
-1506
-1676
-1884
-2134
-2349
-2523
-2760
-2849
-2950
-2921
-2819
-2725
-2537
-2387
-2019
-1747
-1352
-1038
-681
-263
10
446
712
1039
1244
1548
1941
2248
2575
2880
3290
3590
3895
4095
4307
4366
4325
4179
3953
3585
3112
2621
1999
1367
628
94
-453
-909
-1371
-1673
-1799
-1912
-1923
-1911
-1733
-1615
-1484
-1366
-1280
-1306
-1388
-1445
-1594
-1795
-2050
-2263
-2428
-2670
-2813
-2923
-2969
-2850
-2774
-2588
-2482
-2147
-1826
-1483
-1118
-834
-367
-97
295
602
865
1107
1319
1713
2042
2361
2650
3031
3393
3683
3924
4142
4265
4259
4153
3951
3648
3187
2719
2119
1523
792
210
-301
-778
-1213
-1582
-1692
-1822
-1832
-1843
-1670
-1498
-1380
-1245
-1148
-1118
-1214
-1281
-1417
-1608
-1860
-2079
-2254
-2478
-2681
-2784
-2894
-2814
-2731
-2544
-2432
-2210
-1842
-1550
-1137
-895
-457
-127
183
540
766
1054
1232
1580
1927
2243
2521
2839
3255
3533
3764
3972
4136
4157
4091
3894
3637
3212
2754
2174
1600
919
263
-223
-743
-1175
-1595
-1740
-1882
-1907
-1931
-1819
-1599
-1492
-1333
-1229
-1142
-1192
-1250
-1347
-1518
-1742
-1950
-2144
-2339
-2580
-2689
-2804
-2806
-2721
-2579
-2406
-2299
-1945
-1657
-1236
-934
-564
-138
125
517
772
1094
1318
1611
1988
2309
2600
2842
3258
3561
3744
3914
4076
4128
4085
3908
3670
3310
2855
2309
1748
1144
436
-74
-596
-1060
-1518
-1746
-1911
-1985
-1999
-1989
-1783
-1679
-1539
-1412
-1286
-1263
-1296
-1327
-1447
-1630
-1828
-2039
-2204
-2436
-2594
-2685
-2764
-2675
-2615
-2414
-2338
-2083
-1761
-1401
-1010
-721
-234
44
390
706
997
1294
1500
1880
2206
2508
2730
3069
3433
3601
3760
3891
3998
3989
3856
3657
3388
2964
2452
1910
1383
707
127
-348
-814
-1260
-1586
-1753
-1879
-1884
-1915
-1776
-1637
-1529
-1385
-1239
-1152
-1184
-1185
-1260
-1415
-1611
-1851
-2013
-2225
-2464
-2560
-2705
-2637
-2619
-2477
-2354
-2226
-1878
-1615
-1188
-959
-526
-169
88
459
693
1032
1177
1514
1864
2160
2429
2698
3118
3347
3552
3691
3852
3910
3827
3675
3489
3134
2654
2107
1603
1009
353
-116
-593
-997
-1405
-1601
-1724
-1764
-1768
-1688
-1486
-1378
-1218
-1069
-933
-956
-986
-1039
-1194
-1382
-1657
-1843
-2045
-2354
-2492
-2673
-2665
-2631
-2575
-2398
-2345
-2011
-1804
-1419
-1159
-842
-420
-199
208
446
796
963
1243
1646
1936
2269
2517
2947
3250
3487
3666
3845
3945
3895
3770
3605
3303
2864
2325
1795
1271
595
117
-391
-783
-1216
-1479
-1568
-1645
-1626
-1594
-1373
-1252
-1093
-946
-825
-822
-904
-974
-1146
-1362
-1650
-1905
-2120
-2468
-2679
-2858
-2954
-2880
-2879
-2688
-2644
-2358
-2115
-1789
-1452
-1178
-703
-463
-30
292
653
901
1148
1613
1936
2292
2570
2991
3350
3583
3786
3989
4106
4076
3974
3833
3567
3146
2677
2120
1623
954
470
-46
-498
-932
-1280
-1376
-1513
-1528
-1543
-1355
-1247
-1138
-1002
-927
-915
-1020
-1113
-1274
-1526
-1801
-2072
-2298
-2605
-2868
-2993
-3161
-3088
-3081
-2903
-2822
-2622
-2316
-2014
-1620
-1363
-866
-575
-190
226
582
923
1153
1630
2027
2381
2694
3080
3491
3729
3917
4134
4270
4267
4173
4036
3826
3384
2961
2394
1881
1206
656
163
-362
-802
-1234
-1374
-1551
-1620
-1666
-1518
-1399
-1342
-1225
-1159
-1125
-1222
-1328
-1441
-1681
-1951
-2197
-2413
-2645
-2918
-3018
-3194
-3167
-3135
-2991
-2833
-2701
-2363
-2069
-1637
-1364
-916
-526
-220
256
610
998
1238
1667
2121
2471
2814
3123
3554
3825
4012
4197
4341
4364
4282
4127
3953
3542
3103
2540
2002
1347
699
212
-338
-763
-1236
-1448
-1621
-1706
-1735
-1648
-1495
-1447
-1343
-1275
-1209
-1268
-1395
-1483
-1686
-1947
-2208
-2425
-2610
-2891
-3014
-3203
-3227
-3175
-3075
-2863
-2750
-2386
-2100
-1676
-1338
-959
-487
-210
268
653
1038
1293
1655
2132
2471
2838
3098
3512
3808
4016
4179
4324
4364
4283
4144
3944
3607
3149
2616
2055
1441
750
248
-285
-720
-1161
-1453
-1603
-1717
-1712
-1675
-1537
-1482
-1389
-1296
-1231
-1240
-1375
-1453
-1630
-1868
-2135
-2369
-2536
-2831
-2994
-3178
-3274
-3213
-3151
-2912
-2826
-2482
-2165
-1796
-1394
-1084
-574
-266
159
583
965
1253
1544
2046
2403
2787
3051
3440
3779
3999
4171
4314
4393
4296
4169
3951
3658
3197
2690
2123
1546
838
301
-196
-659
-1083
-1447
-1582
-1727
-1732
-1728
-1612
-1542
-1470
-1350
-1281
-1258
-1385
-1465
-1601
-1816
-2077
-2305
-2455
-2718
-2907
-3054
-3187
-3121
-3089
-2849
-2749
-2475
-2117
-1804
-1367
-1100
-610
-263
106
546
910
1250
1486
1974
2375
2757
3052
3409
3787
4005
4182
4317
4436
4350
4190
3976
3699
3239
2745
2172
1628
900
298
-165
-662
-1098
-1532
-1671
-1824
-1882
-1903
-1786
-1654
-1601
-1459
-1368
-1322
-1415
-1489
-1573
-1767
-2033
-2247
-2378
-2596
-2797
-2911
-3063
-3010
-2987
-2789
-2648
-2445
-2063
-1784
-1357
-1097
-648
-289
21
491
810
1170
1379
1810
2245
2616
2935
3262
3659
3872
4062
4190
4333
4290
4124
3919
3675
3228
2753
2217
1707
1018
369
-49
-561
-974
-1408
-1570
-1705
-1782
-1802
-1693
-1489
-1440
-1287
-1188
-1132
-1191
-1265
-1335
-1523
-1801
-2053
-2211
-2418
-2678
-2803
-3000
-3004
-2991
-2861
-2698
-2576
-2188
-1935
-1540
-1273
-861
-491
-240
259
576
920
1128
1501
1973
2342
2686
3012
3439
3664
3874
4020
4172
4178
4047
3856
3630
3214
2730
2257
1765
1148
490
93
-414
-807
-1199
-1396
-1505
-1586
-1590
-1526
-1308
-1260
-1127
-1022
-965
-1011
-1109
-1183
-1353
-1603
-1884
-2087
-2276
-2595
-2748
-2963
-3020
-3006
-2929
-2743
-2705
-2348
-2109
-1745
-1447
-1083
-675
-451
34
404
736
977
1313
1827
2199
2563
2893
3358
3624
3816
4009
4156
4193
4098
3938
3713
3337
2853
2419
1947
1384
739
335
-152
-566
-961
-1193
-1286
-1402
-1416
-1432
-1262
-1252
-1176
-1067
-1016
-1066
-1230
-1302
-1466
-1689
-1967
-2204
-2375
-2726
-2910
-3088
-3180
-3156
-3102
-2886
-2866
-2570
-2292
-1920
-1571
-1252
-788
-529
-94
334
696
989
1276
1815
2205
2597
2923
3383
3738
3891
4120
4263
4325
4241
4095
3877
3542
3078
2622
2149
1597
940
485
10
-434
-878
-1171
-1252
-1393
-1426
-1482
-1349
-1332
-1295
-1168
-1095
-1091
-1258
-1333
-1465
-1687
-1936
-2182
-2340
-2664
-2911
-3037
-3174
-3149
-3129
-2923
-2864
-2647
-2340
-1982
-1602
-1329
-864
-560
-198
230
609
928
1145
1639
2051
2452
2777
3180
3625
3793
4039
4205
4319
4267
4133
3946
3666
3240
2766
2294
1746
1076
543
71
-391
-843
-1224
-1329
-1468
-1500
-1542
-1424
-1340
-1304
-1174
-1084
-1026
-1135
-1239
-1347
-1577
-1825
-2085
-2265
-2523
-2832
-2944
-3119
-3101
-3105
-2940
-2811
-2649
-2319
-2008
-1611
-1336
-896
-541
-219
215
579
925
1118
1543
1981
2349
2689
3035
3504
3717
3953
4137
4284
4270
4150
3983
3749
3326
2854
2387
1843
1181
564
104
-380
-820
-1257
-1410
-1547
-1598
-1609
-1508
-1374
-1330
-1210
-1127
-1071
-1160
-1276
-1383
-1611
-1874
-2130
-2321
-2535
-2843
-2952
-3115
-3096
-3091
-2948
-2765
-2654
-2299
-2017
-1628
-1356
-950
-526
-224
228
583
963
1181
1559
2045
2388
2717
3036
3495
3754
3939
4099
4257
4268
4158
3981
3782
3361
2891
2438
1913
1299
621
176
-297
-725
-1183
-1382
-1500
-1583
-1584
-1518
-1349
-1291
-1188
-1102
-1049
-1152
-1272
-1364
-1561
-1839
-2108
-2294
-2500
-2786
-2930
-3085
-3086
-3070
-2958
-2767
-2700
-2369
-2085
-1707
-1441
-1079
-621
-340
108
466
864
1133
1463
1992
2358
2687
3004
3451
3780
3924
4063
4212
4255
4153
3962
3767
3364
2879
2405
1912
1346
638
185
-281
-707
-1190
-1448
-1553
-1673
-1667
-1646
-1464
-1386
-1276
-1167
-1088
-1158
-1271
-1313
-1444
-1692
-1959
-2127
-2300
-2557
-2734
-2892
-2929
-2876
-2817
-2625
-2564
-2274
-1975
-1618
-1315
-1000
-552
-303
113
465
821
1117
1383
1890
2259
2585
2899
3301
3659
3802
3951
4081
4154
4064
3885
3677
3316
2844
2344
1861
1326
636
167
-290
-709
-1186
-1505
-1606
-1731
-1713
-1699
-1521
-1429
-1312
-1185
-1091
-1117
-1233
-1269
-1360
-1589
-1851
-2031
-2175
-2418
-2624
-2788
-2897
-2816
-2811
-2619
-2564
-2313
-1999
-1677
-1336
-1046
-588
-356
25
395
720
1030
1254
1722
2096
2402
2720
3086
3457
3612
3807
3959
4078
4017
3884
3728
3434
3003
2525
2066
1537
873
386
-55
-489
-952
-1316
-1427
-1570
-1570
-1553
-1394
-1306
-1217
-1086
-1016
-1035
-1166
-1233
-1328
-1573
-1831
-2036
-2179
-2415
-2648
-2783
-2963
-2890
-2910
-2718
-2663
-2489
-2153
-1867
-1507
-1252
-771
-506
-169
250
578
926
1130
1557
1971
2264
2585
2922
3330
3510
3715
3894
4061
4039
3924
3828
3614
3207
2745
2317
1799
1135
580
151
-311
-769
-1189
-1317
-1472
-1523
-1532
-1399
-1271
-1212
-1060
-1004
-995
-1126
-1210
-1275
-1529
-1798
-2042
-2190
-2415
-2705
-2829
-3029
-2976
-2996
-2839
-2722
-2630
-2280
-2012
-1614
-1360
-905
-551
-249
224
558
942
1164
1538
1972
2268
2586
2888
3317
3541
3736
3926
4094
4127
4004
3925
3739
3334
2876
2438
1934
1239
581
136
-369
-841
-1318
-1483
-1622
-1732
-1740
-1652
-1471
-1404
-1215
-1121
-1067
-1144
-1227
-1231
-1437
-1724
-1974
-2145
-2342
-2662
-2800
-2956
-2942
-2890
-2806
-2611
-2553
-2215
-1941
-1563
-1280
-899
-467
-195
267
602
975
1224
1531
1956
2270
2575
2848
3280
3571
3771
3943
4096
4203
4077
3970
3772
3411
2959
2485
1996
1328
597
116
-393
-863
-1343
-1593
-1685
-1834
-1806
-1767
-1591
-1485
-1295
-1156
-1101
-1104
-1202
-1209
-1355
-1636
-1896
-2111
-2288
-2595
-2751
-2878
-2947
-2836
-2785
-2584
-2538
-2243
-1935
-1625
-1328
-1006
-528
-272
116
485
826
1084
1320
1735
2097
2387
2638
3080
3469
3688
3863
4036
4224
4140
4004
3838
3557
3106
2631
2152
1572
802
268
-199
-693
-1150
-1509
-1566
-1731
-1735
-1703
-1548
-1423
-1288
-1111
-1052
-1031
-1176
-1200
-1307
-1569
-1858
-2090
-2221
-2536
-2718
-2824
-2945
-2880
-2841
-2619
-2585
-2363
-2036
-1738
-1405
-1134
-650
-368
-47
349
656
919
1125
1519
1910
2213
2483
2874
3342
3584
3814
3970
4188
4196
4042
3928
3674
3250
2768
2298
1788
1046
446
-13
-514
-943
-1365
-1490
-1603
-1641
-1649
-1508
-1343
-1241
-1084
-1006
-926
-1107
-1175
-1232
-1457
-1758
-2033
-2131
-2428
-2703
-2814
-2965
-2950
-2970
-2764
-2715
-2571
-2220
-1926
-1545
-1310
-838
-489
-228
196
494
786
1013
1393
1839
2117
2453
2809
3326
3572
3844
4050
4215
4294
4139
4098
3831
3372
2908
2465
1942
1220
565
107
-440
-917
-1314
-1506
-1635
-1692
-1711
-1602
-1411
-1320
-1146
-1093
-983
-1093
-1215
-1260
-1462
-1719
-2017
-2164
-2352
-2676
-2826
-2954
-2931
-2962
-2830
-2707
-2601
-2227
-1936
-1559
-1344
-905
-488
-299
102
409
740
977
1303
1810
2078
2417
2773
3332
3632
3871
4128
4285
4414
4262
4209
4004
3546
3068
2648
2114
1429
675
174
-352
-900
-1323
-1546
-1687
-1795
-1794
-1725
-1517
-1437
-1248
-1190
-1118
-1154
-1285
-1336
-1560
-1776
-2063
-2280
-2418
-2697
-2888
-3002
-2952
-2923
-2848
-2634
-2543
-2203
-1862
-1473
-1250
-895
-431
-255
102
406
755
999
1241
1743
2042
2361
2684
3215
3605
3821
4100
4276
4446
4339
4240
4091
3739
3264
2803
2277
1636
831
199
-288
-844
-1345
-1637
-1749
-1901
-1933
-1881
-1638
-1528
-1401
-1279
-1179
-1193
-1345
-1361
-1549
-1803
-2096
-2310
-2470
-2742
-2942
-3051
-3043
-2928
-2879
-2632
-2544
-2245
-1855
-1475
-1174
-906
-442
-220
147
460
776
1062
1285
1747
2061
2388
2712
3159
3621
3844
4179
4337
4507
4489
4386
4249
3925
3498
2972
2444
1770
973
275
-270
-806
-1346
-1717
-1852
-2008
-2049
-2012
-1790
-1629
-1522
-1344
-1236
-1219
-1371
-1397
-1520
-1796
-2079
-2320
-2502
-2771
-2984
-3086
-3189
-3020
-2967
-2755
-2690
-2431
-1997
-1677
-1310
-1068
-586
-304
33
404
732
1075
1276
1702
2081
2403
2735
3106
3659
3888
4221
4407
4584
4675
4546
4435
4108
3715
3167
2637
1959
1165
481
-129
-666
-1220
-1666
-1830
-1988
-2035
-2018
-1862
-1670
-1583
-1354
-1257
-1241
-1370
-1450
-1528
-1795
-2063
-2329
-2510
-2754
-2971
-3058
-3214
-3046
-2990
-2802
-2698
-2502
-2076
-1780
-1360
-1114
-639
-287
-8
405
743
1107
1280
1640
2077
2353
2673
2997
3563
3791
4072
4320
4474
4613
4475
4392
4071
3658
3140
2616
1965
1179
506
-124
-671
-1223
-1728
-1903
-2059
-2130
-2099
-1997
-1784
-1696
-1431
-1293
-1246
-1327
-1429
-1461
-1677
-1932
-2194
-2342
-2556
-2788
-2859
-3011
-2873
-2801
-2654
-2481
-2335
-1945
-1665
-1221
-947
-554
-151
102
524
804
1130
1318
1594
2034
2280
2579
2863
3366
3630
3858
4142
4271
4427
4341
4277
4003
3589
3105
2575
1951
1186
505
-123
-672
-1220
-1767
-1989
-2120
-2231
-2191
-2086
-1869
-1769
-1519
-1327
-1223
-1243
-1355
-1363
-1537
-1784
-2071
-2210
-2391
-2690
-2783
-2928
-2874
-2773
-2668
-2464
-2367
-2009
-1698
-1297
-980
-658
-200
61
474
752
1019
1249
1472
1909
2183
2472
2744
3188
3558
3757
4058
4214
4391
4389
4318
4136
3757
3308
2769
2194
1463
752
130
-435
-983
-1551
-1882
-2020
-2156
-2152
-2065
-1867
-1736
-1559
-1356
-1232
-1181
-1300
-1309
-1458
-1681
-1963
-2165
-2322
-2635
-2801
-2935
-3011
-2927
-2857
-2653
-2597
-2341
-1972
-1624
-1259
-997
-502
-185
177
519
789
1064
1248
1645
1989
2277
2548
2919
3416
3635
3921
4130
4332
4434
4334
4258
3972
3611
3091
2613
2002
1268
646
92
-439
-1019
-1465
-1654
-1828
-1918
-1900
-1760
-1601
-1523
-1353
-1240
-1157
-1265
-1308
-1400
-1632
-1885
-2140
-2316
-2593
-2841
-2958
-3128
-3102
-3082
-2902
-2789
-2684
-2288
-1960
-1536
-1275
-811
-383
-74
316
637
973
1152
1468
1863
2162
2440
2714
3262
3543
3793
4035
4234
4425
4331
4309
4099
3822
3332
2866
2356
1628
956
351
-168
-756
-1297
-1584
-1761
-1913
-1981
-1903
-1717
-1635
-1489
-1361
-1251
-1274
-1348
-1356
-1542
-1794
-2082
-2264
-2467
-2762
-2887
-3073
-3080
-3045
-2953
-2739
-2698
-2366
-2024
-1605
-1292
-912
-401
-112
268
615
962
1169
1410
1813
2122
2402
2599
3081
3447
3661
3925
4127
4365
4342
4339
4217
3976
3532
3040
2576
1871
1155
494
-52
-652
-1241
-1621
-1822
-1967
-2082
-2039
-1863
-1733
-1579
-1405
-1299
-1254
-1292
-1288
-1404
-1655
-1971
-2206
-2362
-2661
-2868
-3032
-3144
-3064
-3019
-2817
-2745
-2580
-2209
-1817
-1446
-1146
-621
-233
100
482
827
1102
1333
1706
2087
2391
2596
2928
3388
3651
3894
4120
4364
4478
4453
4386
4194
3833
3321
2864
2249
1512
804
207
-386
-1017
-1501
-1796
-1947
-2105
-2146
-2016
-1872
-1746
-1579
-1433
-1381
-1363
-1362
-1416
-1628
-1899
-2166
-2336
-2562
-2853
-2992
-3151
-3136
-3052
-2935
-2794
-2756
-2454
-2051
-1646
-1349
-945
-414
-74
300
669
1000
1287
1560
1974
2325
2583
2811
3237
3640
3848
4082
4290
4529
4525
4439
4300
4039
3610
3114
2628
1943
1220
565
-5
-623
-1190
-1618
-1826
-1993
-2138
-2099
-1946
-1823
-1743
-1554
-1451
-1401
-1416
-1419
-1562
-1796
-2033
-2262
-2443
-2755
-2965
-3075
-3166
-3096
-3043
-2889
-2835
-2679
-2290
-1865
-1490
-1201
-660
-201
134
522
886
1239
1451
1767
2167
2459
2690
2979
3458
3718
3903
4108
4359
4496
4388
4313
4132
3851
3381
2933
2376
1655
965
331
-270
-882
-1427
-1792
-1984
-2188
-2276
-2176
-1988
-1920
-1758
-1570
-1431
-1400
-1389
-1397
-1560
-1758
-1992
-2191
-2442
-2753
-2918
-3038
-3093
-3042
-2971
-2819
-2777
-2495
-2088
-1652
-1328
-923
-335
24
397
770
1148
1388
1577
1932
2241
2496
2700
3061
3467
3613
3818
4017
4265
4299
4222
4156
3957
3637
3159
2721
2083
1375
704
60
-538
-1144
-1635
-1918
-2104
-2261
-2277
-2075
-1903
-1744
-1538
-1353
-1218
-1204
-1181
-1242
-1411
-1650
-1895
-2127
-2408
-2749
-2912
-3125
-3151
-3130
-3024
-2903
-2826
-2445
-2066
-1631
-1313
-762
-242
94
509
877
1199
1397
1634
1971
2228
2494
2683
3140
3421
3599
3840
4038
4311
4273
4276
4148
3967
3543
3077
2596
1888
1201
516
-100
-722
-1327
-1724
-1965
-2139
-2259
-2181
-1952
-1793
-1573
-1401
-1211
-1135
-1144
-1160
-1266
-1479
-1746
-1994
-2216
-2557
-2821
-3025
-3260
-3236
-3249
-3070
-3034
-2808
-2413
-2021
-1628
-1255
-616
-231
167
576
932
1216
1411
1707
2013
2291
2474
2779
3224
3437
3705
3919
4225
4397
4390
4390
4257
4010
3511
3117
2506
1816
1130
494
-118
-778
-1291
-1635
-1854
-2048
-2097
-1983
-1803
-1647
-1460
-1298
-1149
-1135
-1177
-1232
-1415
-1680
-1965
-2211
-2484
-2833
-3034
-3304
-3455
-3464
-3440
-3277
-3225
-2857
-2477
-2039
-1661
-1154
-542
-183
298
704
1081
1346
1569
1940
2242
2464
2647
3051
3398
3579
3826
4085
4378
4415
4453
4431
4295
3917
3479
3057
2394
1699
1014
443
-239
-870
-1353
-1647
-1908
-2133
-2135
-2022
-1875
-1754
-1555
-1368
-1252
-1253
-1258
-1324
-1548
-1829
-2077
-2318
-2660
-3008
-3205
-3457
-3556
-3608
-3515
-3374
-3246
-2830
-2408
-1910
-1517
-909
-328
90
573
971
1376
1599
1841
2226
2477
2653
2856
3282
3533
3683
3920
4216
4426
4409
4481
4446
4278
3845
3449
2968
2260
1518
851
257
-477
-1092
-1551
-1811
-2129
-2334
-2268
-2131
-1990
-1831
-1580
-1388
-1294
-1286
-1271
-1381
-1635
-1907
-2126
-2406
-2816
-3150
-3352
-3588
-3661
-3698
-3531
-3416
-3209
-2751
-2262
-1764
-1329
-648
-99
327
756
1169
1548
1713
1945
2304
2501
2673
2900
3342
3538
3742
4004
4303
4487
4487
4590
4511
4331
3869
3474
2902
2151
1395
706
64
-672
-1266
-1705
-1966
-2305
-2430
-2331
-2182
-2014
-1801
-1543
-1368
-1294
-1293
-1302
-1455
-1704
-1965
-2196
-2520
-2930
-3229
-3451
-3676
-3710
-3719
-3532
-3440
-3135
-2659
-2154
-1646
-1133
-426
63
485
896
1307
1614
1742
1977
2295
2443
2634
2906
3339
3520
3796
4061
4365
4544
4568
4667
4554
4341
3860
3458
2829
2093
1344
669
30
-676
-1257
-1647
-1932
-2241
-2312
-2219
-2067
-1915
-1687
-1460
-1312
-1290
-1306
-1351
-1541
-1806
-2084
-2342
-2693
-3091
-3359
-3586
-3787
-3806
-3799
-3612
-3514
-3158
-2683
-2144
-1608
-1062
-354
117
553
973
1379
1642
1766
2025
2312
2459
2660
2969
3377
3555
3824
4098
4418
4566
4596
4679
4573
4291
3815
3413
2769
2033
1276
623
-26
-751
-1313
-1669
-1989
-2267
-2333
-2226
-2084
-1960
-1713
-1486
-1338
-1322
-1320
-1378
-1580
-1846
-2129
-2410
-2785
-3170
-3423
-3668
-3852
-3861
-3825
-3616
-3480
-3076
-2557
-1973
-1427
-864
-140
327
781
1204
1580
1798
1919
2181
2429
2565
2720
3050
3408
3551
3779
4076
4397
4497
4547
4631
4533
4186
3733
3335
2671
1889
1114
477
-216
-970
-1503
-1835
-2162
-2419
-2451
-2299
-2160
-2024
-1730
-1473
-1307
-1285
-1273
-1336
-1547
-1835
-2142
-2468
-2876
-3274
-3556
-3839
-3999
-3995
-3909
-3647
-3447
-2983
-2423
-1802
-1266
-685
16
482
935
1319
1641
1839
1961
2207
2435
2591
2751
3105
3451
3623
3889
4200
4535
4640
4724
4780
4658
4298
3842
3393
2690
1890
1094
428
-311
-1042
-1581
-1923
-2247
-2466
-2482
-2348
-2196
-2022
-1715
-1476
-1324
-1322
-1322
-1411
-1649
-1980
-2307
-2671
-3089
-3498
-3789
-4078
-4205
-4167
-4001
-3693
-3453
-2932
-2340
-1705
-1188
-574
113
576
1008
1383
1699
1890
2006
2262
2485
2649
2828
3202
3551
3745
4041
4353
4685
4774
4870
4901
4750
4379
3890
3412
2701
1889
1080
389
-356
-1072
-1644
-1991
-2301
-2515
-2542
-2418
-2226
-2038
-1739
-1520
-1386
-1401
-1413
-1515
-1780
-2127
-2450
-2820
-3207
-3603
-3875
-4134
-4213
-4138
-3925
-3610
-3353
-2815
-2232
-1611
-1103
-469
202
667
1097
1492
1823
2029
2149
2406
2608
2761
2940
3299
3620
3804
4084
4351
4642
4684
4771
4757
4578
4183
3673
3211
2499
1695
893
216
-507
-1236
-1800
-2132
-2414
-2641
-2673
-2529
-2325
-2144
-1878
-1646
-1509
-1507
-1508
-1579
-1821
-2136
-2432
-2753
-3107
-3478
-3713
-3917
-3961
-3876
-3641
-3348
-3078
-2543
-1952
-1345
-836
-203
464
918
1315
1694
2032
2212
2293
2525
2706
2819
2957
3294
3577
3741
3959
4216
4469
4482
4547
4483
4302
3857
3368
2908
2195
1400
615
-16
-734
-1452
-1965
-2249
-2494
-2704
-2684
-2498
-2304
-2116
-1856
-1578
-1449
-1435
-1417
-1480
-1709
-2045
-2327
-2651
-3019
-3391
-3592
-3767
-3817
-3726
-3493
-3215
-2937
-2390
-1801
-1216
-728
-106
512
906
1239
1592
1890
2024
2087
2334
2529
2625
2804
3130
3461
3625
3889
4199
4452
4508
4539
4488
4288
3853
3383
2900
2199
1413
670
47
-675
-1330
-1801
-2040
-2295
-2452
-2408
-2227
-2045
-1879
-1614
-1388
-1291
-1316
-1331
-1459
-1734
-2095
-2415
-2771
-3160
-3520
-3699
-3884
-3919
-3823
-3594
-3318
-3014
-2462
-1910
-1335
-860
-249
313
671
1003
1342
1609
1736
1836
2135
2329
2478
2700
3074
3436
3620
3971
4296
4575
4623
4666
4641
4430
4007
3554
3064
2354
1580
872
243
-485
-1101
-1533
-1776
-2056
-2187
-2140
-1976
-1826
-1682
-1436
-1284
-1229
-1291
-1349
-1550
-1870
-2236
-2601
-2977
-3392
-3725
-3906
-4095
-4126
-4008
-3771
-3492
-3186
-2656
-2097
-1526
-1052
-451
114
462
796
1118
1409
1549
1680
2005
2265
2469
2692
3132
3540
3777
4135
4483
4813
4853
4887
4894
4709
4276
3774
3298
2592
1801
1058
431
-275
-924
-1386
-1657
-1919
-2095
-2080
-1930
-1799
-1706
-1508
-1388
-1360
-1479
-1584
-1796
-2131
-2525
-2918
-3267
-3673
-4001
-4178
-4340
-4353
-4199
-3940
-3599
-3283
-2727
-2120
-1505
-996
-384
234
612
968
1282
1584
1752
1888
2203
2489
2688
2896
3334
3748
3981
4310
4642
4990
5024
5031
5020
4833
4392
3850
3373
2647
1842
1035
381
-327
-1027
-1550
-1866
-2104
-2320
-2317
-2165
-2013
-1894
-1705
-1554
-1510
-1622
-1750
-1930
-2252
-2654
-3034
-3354
-3726
-4054
-4227
-4349
-4357
-4174
-3908
-3505
-3171
-2621
-2002
-1391
-864
-291
342
734
1092
1396
1665
1852
1985
2274
2557
2755
2982
3364
3792
4014
4344
4653
4979
5053
5053
5032
4820
4426
3886
3388
2641
1832
1002
299
-431
-1137
-1673
-2046
-2293
-2501
-2477
-2336
-2165
-2003
-1784
-1624
-1567
-1640
-1766
-1950
-2256
-2625
-2986
-3290
-3646
-3928
-4107
-4184
-4219
-3998
-3736
-3331
-2985
-2495
-1880
-1328
-801
-291
331
724
1060
1378
1647
1857
1993
2264
2583
2785
3037
3384
3833
4060
4340
4633
4926
5029
5011
5008
4796
4432
3893
3388
2670
1850
1023
320
-387
-1097
-1644
-2043
-2309
-2532
-2529
-2412
-2260
-2127
-1930
-1762
-1706
-1765
-1886
-2059
-2328
-2675
-3015
-3301
-3645
-3915
-4111
-4152
-4198
-3986
-3729
-3348
-2993
-2576
-1977
-1445
-919
-451
141
590
924
1253
1556
1827
1995
2237
2600
2848
3140
3460
3926
4197
4433
4694
4966
5120
5075
5075
4886
4561
4020
3490
2849
2052
1255
551
-85
-781
-1375
-1802
-2094
-2339
-2445
-2401
-2304
-2230
-2127
-1992
-1926
-1992
-2120
-2287
-2498
-2818
-3147
-3423
-3715
-3961
-4177
-4203
-4224
-4035
-3795
-3446
-3073
-2686
-2112
-1580
-1022
-562
20
529
913
1268
1601
1939
2134
2369
2715
3009
3289
3579
4013
4308
4513
4724
4966
5120
5044
5003
4827
4506
3960
3418
2849
2103
1342
652
77
-593
-1215
-1661
-1953
-2226
-2415
-2422
-2352
-2305
-2264
-2129
-2050
-2106
-2249
-2376
-2550
-2841
-3154
-3382
-3604
-3836
-4034
-4062
-4016
-3923
-3680
-3383
-2996
-2671
-2180
-1651
-1145
-701
-225
329
709
1041
1377
1749
2012
2207
2554
2922
3225
3504
3889
4299
4527
4728
4941
5134
5104
4977
4835
4545
4070
3488
2964
2335
1599
889
288
-293
-921
-1424
-1751
-2004
-2228
-2337
-2304
-2254
-2230
-2179
-2110
-2151
-2303
-2475
-2641
-2885
-3188
-3429
-3601
-3800
-3965
-4033
-3929
-3858
-3650
-3385
-2999
-2677
-2304
-1810
-1341
-909
-534
-26
395
709
1038
1416
1778
2001
2328
2766
3134
3452
3764
4265
4538
4767
4922
5164
5211
5063
4934
4704
4343
3765
3248
2694
2003
1250
600
47
-557
-1143
-1535
-1804
-2035
-2244
-2287
-2256
-2245
-2242
-2215
-2217
-2345
-2527
-2696
-2900
-3153
-3424
-3601
-3768
-3920
-3989
-3955
-3824
-3703
-3418
-3121
-2744
-2447
-2023
-1575
-1164
-785
-394
77
405
739
1090
1495
1814
2100
2518
2949
3299
3629
4018
4439
4642
4851
5034
5197
5140
4990
4867
4583
4148
3594
3102
2479
1743
1039
459
-119
-741
-1257
-1558
-1837
-2093
-2266
-2288
-2285
-2342
-2326
-2340
-2394
-2588
-2745
-2891
-3117
-3363
-3605
-3704
-3868
-3947
-3980
-3868
-3751
-3578
-3277
-2946
-2595
-2319
-1860
-1447
-1030
-680
-241
224
549
919
1326
1751
2073
2385
2873
3278
3623
3935
4347
4688
4827
5020
5163
5243
5081
4934
4763
4406
3884
3341
2836
2152
1404
751
188
-427
-1031
-1461
-1721
-2041
-2295
-2396
-2394
-2424
-2495
-2438
-2475
-2575
-2760
-2850
-2979
-3235
-3456
-3615
-3664
-3828
-3848
-3813
-3654
-3568
-3331
-3017
-2676
-2407
-2130
-1661
-1314
-946
-614
-137
281
593
1006
1454
1853
2161
2535
3050
3408
3735
4066
4483
4727
4852
5037
5151
5142
4950
4829
4598
4193
3671
3196
2679
1970
1258
643
79
-546
-1088
-1492
-1786
-2124
-2340
-2416
-2471
-2533
-2596
-2555
-2636
-2746
-2883
-2963
-3120
-3348
-3531
-3632
-3676
-3755
-3704
-3614
-3435
-3327
-3021
-2746
-2405
-2196
-1922
-1510
-1214
-876
-567
-92
306
643
1063
1526
1929
2254
2644
3149
3498
3814
4118
4532
4732
4860
5004
5096
5060
4839
4705
4435
4055
3536
3083
2550
1847
1144
544
4
-610
-1151
-1562
-1868
-2188
-2421
-2521
-2604
-2687
-2740
-2730
-2782
-2900
-3014
-3090
-3232
-3422
-3584
-3620
-3626
-3638
-3569
-3454
-3252
-3149
-2825
-2583
-2252
-2072
-1794
-1386
-1106
-777
-470
30
404
732
1148
1619
2005
2303
2703
3195
3514
3808
4108
4555
4730
4849
4992
5096
5046
4786
4673
4403
4016
3466
3006
2469
1741
1029
450
-70
-710
-1285
-1655
-1944
-2267
-2526
-2615
-2663
-2759
-2784
-2766
-2771
-2909
-3021
-3065
-3184
-3355
-3503
-3508
-3513
-3553
-3519
-3425
-3224
-3167
-2881
-2662
-2328
-2128
-1858
-1416
-1115
-732
-433
86
468
801
1220
1665
2055
2332
2716
3189
3510
3833
4142
4584
4797
4918
5080
5176
5157
4918
4794
4514
4089
3531
2999
2422
1679
939
300
-282
-918
-1490
-1870
-2154
-2454
-2664
-2745
-2745
-2805
-2782
-2733
-2720
-2808
-2917
-2942
-3057
-3200
-3329
-3378
-3411
-3474
-3430
-3341
-3143
-3095
-2825
-2592
-2254
-2025
-1797
-1326
-1011
-608
-349
156
550
844
1237
1645
2005
2219
2532
3004
3318
3589
3898
4332
4583
4648
4845
4980
5008
4807
4693
4494
4070
3529
3016
2485
1749
982
327
-257
-902
-1488
-1889
-2151
-2455
-2651
-2725
-2697
-2727
-2705
-2604
-2571
-2621
-2735
-2745
-2851
-3021
-3172
-3262
-3308
-3390
-3357
-3253
-3061
-3013
-2798
-2534
-2223
-1987
-1815
-1345
-985
-617
-368
118
571
825
1178
1590
1947
2138
2370
2835
3188
3392
3667
4093
4408
4425
4624
4809
4875
4702
4575
4465
4080
3541
3045
2593
1872
1078
419
-135
-797
-1443
-1876
-2132
-2466
-2711
-2793
-2751
-2760
-2752
-2612
-2534
-2543
-2628
-2599
-2662
-2841
-2991
-3072
-3096
-3180
-3180
-3074
-2914
-2849
-2735
-2457
-2202
-1952
-1807
-1401
-993
-664
-401
14
510
759
1060
1457
1821
2043
2222
2620
3026
3215
3446
3815
4199
4260
4420
4622
4734
4636
4485
4411
4124
3633
3121
2711
2068
1293
611
65
-553
-1235
-1745
-2040
-2378
-2700
-2850
-2841
-2833
-2838
-2730
-2617
-2571
-2603
-2569
-2560
-2695
-2827
-2897
-2887
-2930
-2983
-2906
-2792
-2693
-2695
-2475
-2269
-2021
-1876
-1596
-1161
-844
-571
-248
257
557
801
1182
1581
1880
2068
2381
2860
3114
3302
3618
4068
4248
4353
4556
4726
4714
4535
4451
4267
3853
3278
2844
2318
1559
820
245
-297
-966
-1577
-1915
-2192
-2552
-2799
-2809
-2761
-2783
-2739
-2597
-2480
-2495
-2498
-2451
-2491
-2620
-2722
-2707
-2689
-2757
-2746
-2658
-2517
-2549
-2467
-2251
-2032
-1852
-1715
-1322
-984
-720
-494
-78
318
502
788
1189
1550
1758
1964
2384
2776
2941
3176
3610
3958
4063
4235
4456
4558
4439
4338
4253
3975
3478
2977
2577
1936
1192
557
43
-557
-1191
-1661
-1923
-2254
-2562
-2657
-2610
-2594
-2602
-2467
-2331
-2277
-2314
-2282
-2282
-2364
-2481
-2550
-2540
-2583
-2615
-2589
-2501
-2445
-2478
-2294
-2077
-1868
-1760
-1521
-1131
-867
-640
-372
79
357
535
879
1292
1566
1719
2006
2458
2742
2905
3235
3694
3911
4015
4222
4404
4396
4247
4175
4004
3638
3102
2672
2194
1483
787
218
-321
-942
-1509
-1874
-2146
-2461
-2646
-2646
-2568
-2544
-2448
-2278
-2160
-2150
-2147
-2115
-2155
-2246
-2357
-2414
-2431
-2492
-2498
-2494
-2414
-2395
-2337
-2094
-1888
-1713
-1621
-1275
-962
-730
-519
-178
237
429
652
1050
1415
1605
1784
2190
2612
2827
3051
3478
3900
3997
4150
4330
4461
4327
4170
4046
3792
3314
2739
2334
1750
1006
335
-182
-734
-1354
-1845
-2119
-2358
-2613
-2714
-2611
-2517
-2452
-2298
-2090
-1991
-1995
-1976
-1930
-1982
-2100
-2210
-2247
-2280
-2374
-2377
-2383
-2291
-2329
-2207
-2015
-1835
-1738
-1611
-1243
-1024
-789
-599
-217
95
266
529
933
1232
1411
1693
2158
2534
2785
3122
3607
3955
4069
4293
4467
4540
4380
4247
4082
3743
3206
2664
2235
1565
818
193
-309
-887
-1476
-1882
-2110
-2325
-2556
-2555
-2422
-2334
-2231
-2024
-1814
-1735
-1740
-1721
-1688
-1801
-1946
-2050
-2091
-2187
-2288
-2306
-2289
-2238
-2333
-2191
-2075
-1902
-1856
-1647
-1305
-1102
-858
-669
-263
-41
122
409
790
1032
1204
1530
1981
2293
2567
2942
3428
3684
3829
4094
4269
4303
4157
4085
3907
3527
3013
2566
2122
1407
713
167
-318
-904
-1430
-1737
-1939
-2153
-2331
-2235
-2108
-2044
-1876
-1643
-1454
-1415
-1415
-1374
-1397
-1581
-1751
-1840
-1950
-2121
-2230
-2273
-2261
-2289
-2383
-2219
-2137
-1971
-1944
-1665
-1361
-1156
-921
-706
-289
-115
57
388
773
997
1170
1540
1996
2271
2544
2933
3420
3598
3745
4001
4165
4134
3960
3904
3685
3262
2724
2323
1835
1094
440
-41
-489
-1077
-1529
-1737
-1892
-2092
-2187
-2020
-1885
-1816
-1609
-1366
-1214
-1229
-1220
-1154
-1233
-1450
-1626
-1710
-1854
-2068
-2170
-2220
-2226
-2299
-2346
-2148
-2071
-1917
-1889
-1569
-1317
-1150
-944
-718
-340
-214
-33
329
696
894
1089
1504
1951
2198
2485
2896
3377
3529
3706
3970
4119
4057
3902
3858
3607
3174
2633
2244
1704
979
382
-71
-521
-1100
-1471
-1641
-1792
-1978
-2002
-1824
-1698
-1601
-1378
-1159
-1050
-1080
-1075
-1034
-1150
-1355
-1554
-1692
-1865
-2108
-2227
-2328
-2382
-2464
-2513
-2316
-2257
-2097
-2061
-1758
-1538
-1385
-1170
-938
-570
-442
-226
151
500
710
968
1406
1858
2128
2458
2873
3359
3547
3765
4056
4195
4165
4047
4016
3768
3361
2836
2440
1896
1194
637
176
-302
-854
-1203
-1380
-1535
-1712
-1724
-1545
-1435
-1325
-1122
-935
-853
-904
-948
-958
-1098
-1344
-1596
-1801
-2013
-2285
-2435
-2555
-2617
-2690
-2740
-2539
-2479
-2312
-2269
-1997
-1782
-1642
-1406
-1167
-789
-650
-422
-57
303
528
815
1263
1731
2031
2373
2777
3274
3486
3697
4005
4152
4142
4021
4009
3784
3407
2907
2530
2066
1385
852
420
-38
-551
-911
-1082
-1233
-1408
-1451
-1259
-1151
-1080
-917
-743
-684
-787
-879
-929
-1099
-1419
-1717
-1942
-2191
-2485
-2641
-2730
-2769
-2813
-2848
-2637
-2567
-2408
-2346
-2120
-1894
-1780
-1530
-1299
-922
-763
-544
-200
186
464
763
1219
1706
2061
2412
2811
3297
3546
3740
4021
4161
4152
3990
3954
3735
3380
2908
2530
2136
1506
988
576
168
-310
-679
-870
-1025
-1196
-1272
-1123
-1008
-967
-847
-690
-634
-750
-874
-947
-1129
-1455
-1784
-2013
-2265
-2564
-2743
-2823
-2848
-2876
-2921
-2744
-2647
-2512
-2437
-2280
-2031
-1925
-1688
-1481
-1130
-915
-703
-372
27
380
701
1148
1643
2071
2438
2833
3292
3605
3802
4042
4162
4179
4021
3937
3738
3407
2995
2596
2226
1666
1183
769
396
-43
-404
-626
-802
-968
-1048
-970
-870
-833
-749
-607
-567
-662
-810
-899
-1096
-1401
-1733
-1979
-2239
-2542
-2754
-2854
-2919
-2972
-3040
-2960
-2865
-2791
-2704
-2625
-2390
-2266
-2060
-1858
-1552
-1265
-1041
-704
-277
144
503
931
1444
1937
2333
2752
3222
3630
3841
4081
4244
4321
4209
4090
3954
3671
3293
2884
2538
2048
1553
1129
778
381
2
-260
-441
-614
-732
-736
-671
-657
-640
-553
-533
-617
-792
-929
-1126
-1426
-1758
-2037
-2287
-2564
-2775
-2889
-2967
-3040
-3102
-3111
-3033
-2990
-2904
-2845
-2667
-2486
-2298
-2091
-1838
-1515
-1261
-954
-548
-99
282
670
1142
1675
2103
2528
2987
3459
3725
3946
4158
4298
4275
4155
4055
3867
3548
3169
2846
2456
1976
1538
1194
840
462
150
-58
-241
-415
-513
-511
-532
-577
-578
-572
-659
-839
-1035
-1252
-1550
-1905
-2221
-2479
-2722
-2928
-3058
-3132
-3205
-3253
-3278
-3235
-3164
-3091
-2987
-2857
-2644
-2438
-2230
-2001
-1706
-1393
-1105
-739
-291
141
533
958
1494
1997
2434
2865
3334
3711
3933
4147
4328
4403
4333
4215
4103
3879
3555
3222
2904
2504
2049
1668
1322
967
602
310
87
-115
-313
-428
-485
-554
-628
-684
-756
-912
-1146
-1412
-1689
-2027
-2376
-2691
-2913
-3110
-3274
-3404
-3463
-3485
-3496
-3507
-3406
-3303
-3189
-3083
-2888
-2638
-2429
-2212
-1930
-1541
-1219
-872
-429
75
480
885
1372
1956
2397
2792
3215
3680
3956
4129
4342
4487
4488
4348
4263
4128
3873
3525
3245
2937
2496
2026
1668
1313
912
518
242
21
-223
-439
-519
-583
-678
-772
-824
-925
-1136
-1390
-1640
-1915
-2266
-2591
-2844
-3032
-3255
-3409
-3517
-3550
-3572
-3583
-3559
-3454
-3378
-3278
-3152
-2962
-2761
-2531
-2264
-1908
-1511
-1167
-756
-273
205
610
1089
1621
2174
2591
3017
3457
3867
4097
4293
4511
4575
4532
4414
4348
4166
3909
3632
3386
3046
2564
2152
1784
1375
920
563
277
16
-265
-436
-514
-648
-761
-842
-916
-1089
-1315
-1551
-1801
-2111
-2447
-2721
-2955
-3180
-3380
-3493
-3564
-3606
-3595
-3604
-3572
-3479
-3402
-3275
-3191
-3021
-2831
-2577
-2320
-1950
-1560
-1231
-812
-305
183
628
1125
1705
2267
2697
3159
3610
4012
4195
4433
4633
4673
4630
4530
4488
4293
4054
3800
3564
3189
2690
2310
1917
1467
1008
652
342
47
-266
-446
-566
-748
-883
-982
-1109
-1315
-1559
-1824
-2096
-2427
-2765
-3039
-3276
-3494
-3650
-3733
-3766
-3793
-3747
-3755
-3688
-3566
-3445
-3278
-3206
-2987
-2789
-2508
-2248
-1853
-1457
-1115
-640
-95
431
901
1407
2022
2563
2992
3452
3887
4255
4400
4652
4797
4833
4779
4703
4655
4452
4201
3916
3665
3237
2727
2329
1903
1433
971
601
268
-59
-401
-617
-771
-981
-1150
-1265
-1410
-1623
-1891
-2165
-2419
-2743
-3073
-3324
-3512
-3706
-3827
-3884
-3874
-3893
-3852
-3820
-3726
-3573
-3432
-3226
-3113
-2854
-2629
-2309
-2003
-1605
-1197
-815
-310
236
757
1213
1707
2273
2756
3158
3579
3964
4290
4434
4654
4758
4807
4770
4718
4659
4477
4229
3928
3659
3217
2728
2303
1862
1408
955
569
218
-107
-440
-696
-872
-1080
-1255
-1394
-1543
-1742
-2001
-2267
-2500
-2780
-3073
-3308
-3469
-3633
-3748
-3817
-3827
-3834
-3822
-3788
-3732
-3575
-3465
-3283
-3155
-2904
-2667
-2366
-2043
-1662
-1252
-863
-376
158
677
1109
1593
2125
2613
2981
3381
3771
4107
4280
4474
4623
4714
4715
4684
4677
4553
4335
4058
3817
3419
2942
2490
2074
1634
1150
740
385
50
-327
-631
-851
-1067
-1293
-1480
-1627
-1820
-2081
-2347
-2547
-2798
-3080
-3307
-3449
-3586
-3727
-3788
-3798
-3785
-3799
-3742
-3694
-3547
-3458
-3283
-3127
-2927
-2712
-2435
-2103
-1776
-1367
-972
-501
-11
514
987
1494
1996
2534
2956
3374
3763
4151
4419
4622
4808
4934
5018
4993
5005
4936
4771
4501
4221
3850
3369
2846
2364
1907
1393
892
471
99
-338
-722
-1025
-1268
-1540
-1774
-1961
-2150
-2400
-2681
-2891
-3112
-3383
-3612
-3749
-3859
-3984
-4030
-4013
-3986
-3965
-3886
-3784
-3665
-3503
-3331
-3123
-2966
-2740
-2495
-2166
-1873
-1500
-1086
-666
-222
278
801
1275
1778
2301
2828
3232
3668
4066
4463
4695
4925
5094
5238
5281
5272
5276
5136
4910
4568
4230
3733
3196
2623
2139
1605
1066
550
128
-312
-748
-1094
-1378
-1622
-1892
-2073
-2278
-2479
-2748
-2966
-3155
-3374
-3594
-3737
-3812
-3900
-3949
-3907
-3866
-3822
-3770
-3615
-3530
-3362
-3199
-2966
-2803
-2630
-2370
-2092
-1783
-1510
-1081
-695
-292
127
667
1146
1614
2086
2660
3127
3541
3964
4398
4732
4922
5141
5294
5390
5337
5316
5233
4982
4618
4224
3784
3194
2589
2040
1514
939
383
-80
-500
-942
-1313
-1593
-1831
-2076
-2281
-2423
-2605
-2808
-3005
-3151
-3295
-3460
-3581
-3638
-3674
-3719
-3696
-3625
-3562
-3513
-3436
-3287
-3244
-3099
-2983
-2783
-2671
-2515
-2264
-2013
-1742
-1468
-1051
-684
-285
159
684
1167
1654
2142
2731
3199
3654
4089
4533
4864
5068
5303
5431
5532
5453
5416
5272
4982
4606
4174
3718
3122
2536
1973
1434
871
325
-123
-530
-942
-1287
-1573
-1798
-2034
-2229
-2382
-2560
-2747
-2929
-3073
-3205
-3324
-3416
-3456
-3493
-3510
-3493
-3434
-3368
-3307
-3255
-3136
-3146
-3041
-2998
-2862
-2785
-2679
-2445
-2241
-1979
-1730
-1315
-952
-543
-88
445
958
1462
1968
2586
3087
3569
4015
4497
4861
5070
5324
5454
5588
5479
5429
5285
4993
4604
4148
3722
3135
2533
1949
1420
854
272
-186
-593
-1001
-1390
-1697
-1910
-2149
-2361
-2510
-2651
-2824
-3004
-3130
-3225
-3330
-3412
-3425
-3435
-3443
-3437
-3373
-3286
-3217
-3163
-3033
-3029
-2950
-2908
-2797
-2703
-2629
-2398
-2187
-1919
-1671
-1260
-860
-440
43
593
1139
1654
2167
2776
3299
3766
4197
4655
5014
5211
5430
5537
5650
5537
5443
5278
4975
4572
4093
3652
3078
2466
1858
1309
747
152
-340
-767
-1175
-1580
-1924
-2150
-2369
-2573
-2717
-2824
-2944
-3091
-3199
-3259
-3335
-3407
-3416
-3408
-3403
-3409
-3361
-3280
-3217
-3176
-3069
-3031
-2977
-2934
-2849
-2730
-2672
-2469
-2240
-1955
-1690
-1297
-838
-389
115
677
1262
1803
2309
2890
3437
3878
4283
4690
5048
5247
5427
5549
5647
5575
5453
5303
5041
4663
4205
3778
3248
2644
2024
1457
890
290
-248
-703
-1136
-1555
-1929
-2181
-2379
-2578
-2700
-2779
-2840
-2949
-3042
-3081
-3150
-3234
-3279
-3299
-3319
-3383
-3400
-3376
-3370
-3390
-3360
-3306
-3306
-3262
-3219
-3076
-2996
-2843
-2583
-2281
-1959
-1603
-1113
-612
-112
431
1024
1609
2129
2658
3244
3721
4149
4535
4941
5230
5426
5595
5723
5760
5644
5510
5309
5007
4577
4128
3659
3066
2426
1796
1222
608
-3
-515
-975
-1397
-1806
-2101
-2276
-2464
-2607
-2667
-2709
-2762
-2871
-2916
-2958
-3054
-3159
-3221
-3272
-3369
-3462
-3495
-3507
-3548
-3582
-3532
-3470
-3465
-3371
-3260
-3075
-2942
-2705
-2373
-2026
-1662
-1250
-720
-229
263
802
1381
1919
2417
2950
3505
3960
4386
4780
5184
5448
5646
5815
5892
5875
5705
5531
5239
4852
4361
3833
3270
2595
1922
1264
649
16
-573
-1060
-1502
-1878
-2201
-2432
-2566
-2713
-2799
-2828
-2872
-2898
-2967
-3004
-3046
-3131
-3230
-3296
-3368
-3450
-3509
-3523
-3506
-3483
-3457
-3361
-3243
-3173
-3022
-2873
-2645
-2470
-2206
-1873
-1530
-1166
-782
-284
174
631
1136
1680
2196
2681
3193
3730
4175
4587
4956
5340
5575
5723
5845
5855
5775
5525
5270
4911
4446
3889
3307
2718
2034
1364
732
149
-442
-988
-1418
-1791
-2117
-2396
-2591
-2701
-2831
-2912
-2930
-2968
-2998
-3064
-3109
-3160
-3254
-3357
-3402
-3454
-3499
-3503
-3460
-3382
-3299
-3209
-3068
-2910
-2799
-2622
-2439
-2213
-2025
-1771
-1469
-1148
-814
-445
16
458
911
1399
1925
2429
2913
3398
3899
4311
4678
4998
5313
5495
5578
5616
5553
5415
5121
4809
4424
3955
3423
2863
2302
1683
1056
482
-49
-554
-1038
-1442
-1768
-2070
-2330
-2542
-2657
-2769
-2857
-2888
-2920
-2941
-3001
-3059
-3108
-3188
-3282
-3320
-3322
-3318
-3304
-3244
-3145
-3033
-2943
-2830
-2682
-2596
-2474
-2322
-2120
-1947
-1758
-1488
-1179
-851
-510
-63
409
864
1343
1872
2388
2858
3296
3774
4187
4504
4780
5036
5237
5269
5263
5197
5067
4801
4466
4134
3726
3256
2761
2276
1748
1169
611
125
-354
-814
-1238
-1567
-1864
-2159
-2406
-2582
-2680
-2796
-2855
-2881
-2899
-2927
-2976
-2990
-3035
-3103
-3152
-3127
-3071
-3046
-3007
-2911
-2786
-2686
-2594
-2482
-2361
-2317
-2208
-2047
-1844
-1698
-1502
-1192
-871
-532
-164
329
797
1233
1708
2249
2712
3100
3474
3904
4229
4440
4649
4843
4950
4879
4828
4736
4563
4232
3894
3562
3149
2679
2236
1812
1301
755
246
-179
-658
-1110
-1487
-1766
-2058
-2353
-2563
-2703
-2789
-2882
-2897
-2878
-2878
-2887
-2871
-2840
-2856
-2895
-2886
-2809
-2748
-2707
-2641
-2512
-2390
-2302
-2196
-2089
-1987
-1957
-1827
-1654
-1473
-1339
-1132
-816
-514
-195
173
649
1073
1470
1914
2411
2781
3090
3413
3785
4030
4163
4321
4456
4486
4364
4299
4194
3996
3649
3330
3007
2593
2135
1742
1370
882
382
-67
-444
-897
-1315
-1632
-1874
-2152
-2410
-2551
-2638
-2709
-2759
-2714
-2662
-2640
-2627
-2555
-2497
-2493
-2492
-2438
-2352
-2310
-2265
-2185
-2067
-1976
-1916
-1820
-1732
-1665
-1624
-1498
-1334
-1181
-1053
-846
-564
-296
-16
312
715
1078
1411
1775
2178
2478
2722
2995
3308
3518
3617
3729
3848
3881
3782
3715
3644
3494
3202
2918
2649
2290
1865
1492
1167
737
258
-161
-501
-899
-1300
-1597
-1813
-2061
-2294
-2389
-2406
-2437
-2459
-2388
-2302
-2268
-2247
-2161
-2072
-2055
-2055
-2007
-1926
-1893
-1867
-1792
-1692
-1620
-1590
-1518
-1432
-1371
-1354
-1271
-1126
-997
-899
-758
-516
-293
-85
159
505
815
1072
1349
1690
1971
2165
2407
2701
2940
3040
3153
3302
3400
3361
3323
3298
3206
2994
2750
2544
2249
1876
1499
1192
808
350
-68
-401
-746
-1135
-1428
-1635
-1833
-2049
-2140
-2122
-2093
-2091
-2025
-1910
-1859
-1842
-1783
-1687
-1666
-1699
-1707
-1676
-1666
-1676
-1635
-1555
-1485
-1452
-1409
-1338
-1274
-1244
-1218
-1119
-1006
-917
-849
-706
-513
-344
-181
62
366
607
819
1085
1396
1618
1817
2087
2391
2577
2687
2853
3032
3113
3099
3115
3098
2980
2784
2614
2419
2118
1757
1429
1110
705
287
-65
-369
-709
-1015
-1224
-1371
-1537
-1669
-1694
-1655
-1632
-1612
-1543
-1474
-1460
-1468
-1437
-1415
-1457
-1539
-1590
-1623
-1655
-1684
-1652
-1583
-1521
-1482
-1434
-1366
-1314
-1285
-1250
-1157
-1071
-1015
-971
-846
-704
-577
-440
-220
34
222
417
673
965
1177
1407
1700
1997
2179
2331
2547
2751
2859
2889
2951
2954
2874
2739
2641
2479
2212
1890
1607
1326
958
601
286
13
-305
-565
-738
-857
-1011
-1135
-1164
-1159
-1173
-1190
-1147
-1132
-1155
-1208
-1217
-1252
-1329
-1424
-1489
-1540
-1598
-1620
-1599
-1535
-1489
-1444
-1417
-1380
-1364
-1344
-1331
-1299
-1290
-1293
-1300
-1261
-1173
-1106
-993
-848
-642
-459
-254
15
318
594
865
1186
1516
1788
2025
2302
2560
2744
2857
2962
3031
3026
2965
2897
2797
2585
2333
2082
1841
1534
1201
899
604
305
11
-188
-366
-532
-703
-800
-869
-941
-1005
-1036
-1047
-1111
-1176
-1249
-1297
-1377
-1459
-1523
-1569
-1607
-1646
-1648
-1623
-1580
-1557
-1546
-1542
-1548
-1560
-1582
-1608
-1628
-1677
-1714
-1748
-1707
-1641
-1556
-1414
-1219
-973
-727
-433
-77
285
605
947
1310
1684
1980
2290
2597
2868
3041
3181
3311
3374
3360
3286
3221
3082
2868
2627
2400
2136
1806
1480
1177
868
550
266
50
-171
-370
-556
-664
-782
-899
-991
-1068
-1138
-1249
-1322
-1401
-1481
-1580
-1660
-1713
-1763
-1806
-1838
-1854
-1872
-1871
-1864
-1871
-1890
-1931
-1964
-2015
-2065
-2081
-2112
-2123
-2140
-2068
-1955
-1798
-1583
-1296
-970
-650
-293
121
534
896
1273
1650
2032
2325
2643
2945
3209
3366
3498
3613
3652
3622
3536
3460
3290
3065
2810
2579
2295
1960
1633
1317
998
668
383
145
-102
-331
-534
-665
-817
-965
-1094
-1212
-1328
-1462
-1552
-1647
-1749
-1854
-1930
-1979
-2015
-2038
-2043
-2052
-2058
-2040
-2012
-2003
-2012
-2038
-2066
-2114
-2161
-2170
-2184
-2192
-2194
-2111
-1972
-1783
-1542
-1226
-878
-531
-155
269
692
1061
1427
1796
2172
2469
2764
3036
3276
3423
3532
3628
3671
3648
3561
3473
3320
3113
2865
2634
2371
2054
1719
1390
1071
738
425
148
-122
-380
-618
-792
-950
-1106
-1259
-1401
-1526
-1659
-1763
-1862
-1947
-2038
-2114
-2161
-2186
-2188
-2177
-2160
-2138
-2097
-2051
-2005
-1979
-1971
-1979
-2012
-2044
-2049
-2032
-2012
-1993
-1923
-1781
-1586
-1347
-1051
-711
-367
-16
384
805
1185
1527
1875
2246
2577
2860
3115
3348
3515
3614
3696
3760
3768
3699
3601
3483
3303
3058
2800
2543
2243
1886
1511
1152
788
410
60
-259
-558
-853
-1096
-1279
-1434
-1585
-1727
-1839
-1948
-2045
-2129
-2190
-2247
-2304
-2351
-2373
-2374
-2364
-2336
-2297
-2246
-2186
-2116
-2050
-1995
-1965
-1962
-1975
-1977
-1943
-1888
-1833
-1775
-1681
-1525
-1316
-1058
-753
-429
-108
238
627
1032
1412
1770
2135
2502
2832
3117
3379
3610
3772
3871
3939
3975
3954
3873
3764
3613
3398
3126
2835
2531
2186
1802
1404
1010
603
195
-187
-530
-852
-1151
-1403
-1605
-1778
-1929
-2052
-2153
-2240
-2312
-2364
-2394
-2416
-2428
-2420
-2395
-2359
-2312
-2250
-2172
-2090
-1996
-1894
-1800
-1731
-1688
-1664
-1659
-1656
-1634
-1584
-1536
-1496
-1432
-1313
-1143
-934
-683
-403
-113
185
528
908
1283
1644
2003
2369
2706
2997
3266
3509
3692
3795
3850
3871
3842
3753
3629
3476
3258
2971
2650
2324
1969
1581
1187
794
390
-24
-412
-755
-1070
-1366
-1627
-1838
-2018
-2173
-2288
-2362
-2413
-2457
-2470
-2447
-2412
-2360
-2285
-2183
-2080
-1977
-1861
-1729
-1592
-1462
-1327
-1195
-1096
-1034
-994
-970
-974
-992
-996
-993
-997
-1006
-973
-889
-774
-629
-448
-227
11
278
590
927
1264
1589
1923
2255
2552
2809
3036
3221
3340
3395
3418
3407
3348
3242
3101
2917
2668
2371
2054
1727
1376
1008
638
271
-100
-459
-783
-1073
-1343
-1589
-1793
-1955
-2086
-2186
-2242
-2263
-2263
-2241
-2182
-2097
-1997
-1888
-1760
-1624
-1501
-1379
-1252
-1128
-1011
-908
-811
-733
-691
-686
-706
-751
-822
-905
-983
-1057
-1124
-1177
-1183
-1144
-1072
-959
-792
-574
-322
-36
292
643
999
1356
1711
2053
2351
2603
2817
2991
3113
3186
3223
3228
3188
3095
2957
2774
2543
2269
1971
1660
1329
979
628
291
-36
-350
-640
-898
-1124
-1329
-1500
-1628
-1720
-1786
-1812
-1802
-1758
-1694
-1613
-1504
-1386
-1274
-1172
-1065
-965
-890
-826
-764
-707
-673
-664
-665
-699
-772
-880
-1001
-1130
-1279
-1431
-1562
-1666
-1751
-1803
-1787
-1714
-1599
-1431
-1195
-902
-584
-230
165
571
959
1330
1690
2015
2290
2524
2734
2905
3026
3105
3157
3159
3095
2982
2837
2642
2397
2125
1840
1534
1201
872
564
262
-32
-299
-536
-749
-944
-1101
-1214
-1296
-1352
-1367
-1338
-1292
-1228
-1144
-1049
-958
-878
-801
-733
-680
-644
-618
-596
-586
-595
-625
-683
-769
-887
-1030
-1190
-1364
-1543
-1723
-1887
-2019
-2113
-2168
-2172
-2108
-1987
-1820
-1596
-1313
-982
-635
-270
120
504
859
1195
1526
1831
2094
2326
2547
2737
2872
2958
3019
3034
2978
2872
2743
2574
2350
2095
1837
1568
1275
988
730
484
238
15
-172
-329
-473
-590
-658
-695
-721
-730
-715
-684
-661
-642
-618
-596
-588
-590
-594
-602
-621
-650
-684
-732
-803
-898
-1018
-1152
-1307
-1486
-1679
-1867
-2048
-2221
-2375
-2485
-2549
-2575
-2559
-2477
-2328
-2138
-1910
-1628
-1307
-975
-640
-281
98
463
813
1174
1535
1862
2144
2410
2653
2838
2975
3081
3162
3186
3156
3098
3005
2860
2662
2444
2220
1962
1687
1426
1182
938
697
492
326
166
19
-96
-189
-278
-364
-429
-480
-541
-607
-665
-718
-781
-855
-925
-989
-1067
-1152
-1231
-1313
-1406
-1510
-1622
-1741
-1875
-2016
-2162
-2305
-2441
-2565
-2672
-2756
-2810
-2824
-2795
-2717
-2584
-2393
-2157
-1883
-1554
-1190
-809
-412
5
427
835
1238
1639
2020
2365
2679
2966
3214
3406
3549
3655
3714
3719
3679
3612
3502
3342
3140
2918
2669
2379
2070
1766
1463
1152
853
583
335
91
-132
-313
-476
-632
-769
-880
-979
-1073
-1163
-1235
-1307
-1391
-1479
-1552
-1628
-1719
-1811
-1893
-1977
-2064
-2141
-2211
-2280
-2352
-2422
-2489
-2560
-2629
-2690
-2735
-2755
-2756
-2721
-2649
-2540
-2388
-2178
-1913
-1609
-1258
-859
-438
-1
459
920
1369
1802
2220
2609
2966
3291
3574
3811
4000
4135
4218
4249
4225
4141
4009
3840
3628
3379
3097
2787
2447
2084
1721
1357
990
635
302
-4
-287
-544
-769
-970
-1153
-1314
-1451
-1566
-1664
-1749
-1816
-1868
-1915
-1963
-2003
-2040
-2084
-2126
-2162
-2203
-2251
-2297
-2336
-2365
-2385
-2396
-2405
-2404
-2401
-2400
-2398
-2389
-2366
-2323
-2247
-2135
-1992
-1809
-1580
-1305
-983
-622
-229
181
612
1050
1483
1907
2307
2678
3017
3323
3591
3811
3984
4107
4183
4206
4186
4115
3991
3820
3602
3345
3054
2731
2386
2017
1632
1242
857
487
137
-187
-482
-747
-984
-1194
-1378
-1543
-1693
-1822
-1927
-2012
-2075
-2116
-2139
-2151
-2149
-2138
-2125
-2105
-2081
-2059
-2041
-2028
-2023
-2018
-2008
-1988
-1956
-1915
-1872
-1833
-1798
-1771
-1745
-1717
-1681
-1620
-1537
-1421
-1268
-1081
-856
-594
-300
20
363
720
1087
1451
1800
2131
2436
2720
2981
3209
3398
3545
3650
3712
3737
3724
3670
3573
3430
3238
3008
2741
2444
2114
1757
1385
1001
620
251
-99
-423
-724
-997
-1246
-1468
-1664
-1836
-1977
-2086
-2172
-2230
-2261
-2269
-2252
-2214
-2161
-2095
-2019
-1932
-1834
-1741
-1652
-1577
-1510
-1451
-1396
-1337
-1275
-1215
-1162
-1123
-1101
-1092
-1095
-1104
-1108
-1103
-1080
-1034
-958
-856
-723
-561
-368
-144
111
390
685
986
1287
1582
1871
2157
2434
2690
2915
3107
3259
3374
3450
3485
3474
3411
3295
3127
2915
2663
2374
2049
1697
1321
931
537
149
-221
-577
-909
-1217
-1496
-1745
-1958
-2126
-2248
-2329
-2369
-2372
-2346
-2292
-2210
-2104
-1980
-1841
-1688
-1525
-1361
-1199
-1055
-923
-813
-721
-647
-586
-531
-497
-480
-488
-521
-573
-645
-725
-807
-884
-952
-1003
-1032
-1034
-1006
-940
-836
-691
-505
-284
-35
235
523
822
1135
1450
1765
2066
2343
2593
2811
2995
3138
3235
3273
3259
3184
3056
2886
2678
2434
2150
1835
1490
1123
750
376
11
-341
-679
-997
-1291
-1551
-1774
-1946
-2064
-2132
-2153
-2134
-2082
-2005
-1901
-1781
-1642
-1493
-1333
-1166
-999
-837
-690
-560
-452
-370
-308
-262
-234
-229
-243
-283
-349
-434
-537
-651
-772
-894
-1014
-1123
-1214
-1285
-1323
-1322
-1279
-1193
-1065
-896
-694
-460
-195
99
412
740
1073
1399
1709
1999
2269
2514
2724
2892
3010
3069
3070
3020
2928
2798
2632
2426
2184
1904
1593
1259
914
568
226
-112
-432
-739
-1027
-1282
-1495
-1661
-1777
-1840
-1858
-1836
-1786
-1711
-1615
-1508
-1389
-1263
-1131
-991
-852
-721
-601
-493
-404
-335
-281
-246
-229
-233
-256
-299
-359
-440
-535
-638
-752
-872
-992
-1106
-1210
-1292
-1343
-1358
-1337
-1276
-1179
-1047
-883
-683
-451
-189
94
392
703
1011
1314
1607
1883
2140
2369
2562
2709
2807
2853
2855
2813
2727
2603
2440
2238
1992
1716
1417
1100
777
453
133
-178
-481
-763
-1018
-1240
-1414
-1542
-1618
-1653
-1649
-1614
-1553
-1471
-1374
-1264
-1143
-1010
-874
-736
-600
-472
-355
-247
-157
-86
-37
-12
-12
-34
-77
-140
-223
-323
-434
-560
-698
-843
-991
-1128
-1251
-1350
-1417
-1444
-1440
-1401
-1325
-1218
-1075
-899
-690
-452
-190
94
390
689
986
1273
1546
1798
2022
2213
2366
2475
2542
2561
2539
2475
2367
2216
2028
1807
1560
1292
1010
721
428
139
-137
-397
-636
-842
-1008
-1137
-1225
-1277
-1293
-1282
-1246
-1185
-1108
-1016
-910
-788
-657
-523
-388
-254
-126
-10
92
175
239
272
283
267
224
156
66
-37
-158
-297
-452
-619
-794
-971
-1134
-1277
-1398
-1496
-1567
-1612
-1625
-1610
-1556
-1464
-1338
-1179
-990
-773
-536
-280
-14
256
528
796
1058
1308
1536
1737
1906
2042
2143
2209
2237
2230
2186
2107
1993
1848
1675
1475
1254
1017
774
526
283
52
-161
-353
-516
-647
-750
-824
-871
-892
-890
-866
-818
-751
-670
-579
-483
-385
-283
-180
-77
19
103
174
229
260
273
264
235
184
106
4
-118
-259
-405
-558
-712
-863
-1017
-1165
-1309
-1442
-1559
-1648
-1715
-1760
-1775
-1757
-1705
-1615
-1485
-1323
-1136
-930
-703
-464
-210
49
311
572
826
1069
1303
1519
1713
1878
2010
2106
2168
2198
2197
2164
2102
2014
1895
1756
1596
1417
1219
1010
797
582
376
182
3
-156
-287
-393
-476
-532
-565
-581
-583
-566
-535
-496
-446
-392
-343
-295
-252
-207
-166
-130
-104
-89
-90
-110
-146
-199
-264
-345
-444
-564
-698
-841
-982
-1119
-1247
-1368
-1484
-1592
-1691
-1773
-1834
-1867
-1872
-1850
-1799
-1717
-1600
-1443
-1251
-1029
-782
-519
-246
36
319
602
879
1145
1395
1627
1842
2031
2197
2328
2422
2475
2490
2469
2415
2332
2219
2083
1924
1749
1562
1362
1150
929
708
491
286
97
-74
-226
-353
-456
-536
-593
-632
-655
-663
-660
-643
-618
-586
-553
-522
-495
-473
-454
-442
-434
-433
-442
-466
-504
-553
-616
-690
-772
-866
-974
-1087
-1205
-1319
-1425
-1518
-1595
-1662
-1715
-1752
-1772
-1767
-1735
-1671
-1577
-1457
-1308
-1127
-919
-688
-432
-160
122
409
695
976
1247
1502
1740
1958
2147
2313
2449
2554
2625
2657
2648
2596
2509
2390
2244
2071
1880
1675
1457
1231
1003
771
537
309
92
-113
-297
-461
-604
-722
-813
-881
-927
-957
-968
-964
-949
-924
-889
-849
-809
-767
-729
-695
-669
-650
-639
-641
-650
-671
-708
-755
-810
-873
-942
-1015
-1091
-1168
-1246
-1320
-1387
-1439
-1479
-1501
-1503
-1489
-1448
-1385
-1293
-1174
-1031
-858
-664
-452
-220
29
285
550
819
1084
1341
1583
1808
2012
2189
2338
2460
2548
2604
2627
2610
2558
2468
2342
2185
1999
1794
1573
1341
1100
856
611
375
140
-84
-291
-485
-658
-805
-932
-1029
-1099
-1145
-1165
-1170
-1154
-1125
-1081
-1028
-966
-897
-831
-765
-700
-644
-594
-551
-519
-499
-493
-500
-523
-562
-614
-675
-742
-812
-882
-952
-1016
-1083
-1143
-1199
-1244
-1273
-1285
-1275
-1241
-1184
-1101
-995
-867
-717
-547
-357
-150
69
302
541
783
1019
1250
1469
1671
1850
2006
2140
2244
2318
2362
2376
2354
2301
2214
2094
1947
1775
1579
1372
1152
931
706
483
264
54
-149
-333
-505
-659
-791
-901
-983
-1048
-1080
-1095
-1087
-1065
-1031
-985
-929
-864
-792
-721
-652
-583
-528
-471
-434
-391
-368
-350
-348
-362
-387
-431
-481
-546
-611
-680
-743
-802
-856
-912
-962
-1008
-1044
-1067
-1075
-1059
-1023
-965
-884
-784
-670
-536
-394
-231
-64
118
310
504
699
886
1066
1231
1379
1511
1624
1713
1782
1823
1849
1840
1813
1765
1687
1593
1476
1345
1199
1043
888
720
563
403
254
105
-24
-153
-263
-363
-451
-519
-582
-609
-645
-648
-650
-642
-623
-606
-581
-555
-530
-502
-479
-464
-446
-454
-443
-462
-469
-494
-530
-562
-620
-665
-732
-793
-854
-916
-967
-1013
-1051
-1077
-1103
-1111
-1113
-1097
-1065
-1017
-945
-862
-752
-635
-496
-350
-196
-37
127
297
460
628
785
937
1076
1202
1307
1402
1471
1524
1546
1559
1539
1509
1467
1397
1336
1240
1154
1044
944
835
720
615
502
412
312
245
161
108
53
13
-18
-48
-52
-78
-66
-71
-66
-53
-54
-45
-52
-57
-65
-88
-109
-144
-194
-238
-305
-365
-441
-522
-602
-703
-786
-889
-980
-1067
-1162
-1235
-1315
-1374
-1428
-1470
-1494
-1512
-1510
-1494
-1459
-1408
-1343
-1249
-1151
-1024
-885
-739
-571
-407
-224
-50
134
314
490
668
833
988
1139
1266
1386
1473
1557
1607
1645
1667
1655
1660
1618
1592
1524
1477
1394
1319
1228
1135
1037
939
863
752
689
591
524
446
376
319
245
202
141
84
48
-18
-56
-119
-172
-232
-302
-361
-441
-510
-589
-677
-761
-843
-940
-1023
-1121
-1202
-1297
-1372
-1445
-1521
-1568
-1625
-1656
-1687
-1695
-1703
-1686
-1655
-1617
-1553
-1474
-1388
-1282
-1162
-1025
-879
-718
-540
-371
-168
11
215
407
599
791
973
1152
1317
1471
1616
1733
1849
1932
2002
2058
2077
2100
2075
2075
2016
1967
1896
1820
1705
1614
1493
1374
1233
1106
992
819
717
567
439
301
171
60
-74
-190
-292
-425
-506
-641
-724
-828
-935
-1013
-1113
-1189
-1277
-1350
-1423
-1499
-1562
-1610
-1684
-1715
-1764
-1791
-1821
-1831
-1834
-1828
-1804
-1769
-1720
-1658
-1586
-1507
-1401
-1300
-1179
-1043
-899
-758
-595
-430
-258
-84
97
285
466
659
835
1025
1191
1349
1510
1654
1774
1887
1998
2076
2134
2196
2227
2235
2248
2222
2191
2133
2078
1978
1889
1787
1652
1515
1391
1233
1069
920
761
595
415
282
98
-58
-212
-363
-511
-656
-788
-915
-1043
-1153
-1274
-1364
-1463
-1559
-1616
-1689
-1745
-1796
-1821
-1855
-1888
-1888
-1886
-1900
-1872
-1845
-1816
-1777
-1716
-1653
-1594
-1507
-1406
-1312
-1193
-1061
-936
-793
-649
-502
-348
-190
-30
126
291
453
599
762
920
1063
1207
1355
1495
1608
1725
1833
1913
1984
2041
2090
2113
2122
2123
2108
2071
2028
1973
1912
1815
1718
1618
1497
1354
1213
1079
913
743
591
434
251
94
-63
-213
-389
-525
-666
-811
-951
-1064
-1176
-1297
-1393
-1473
-1557
-1638
-1690
-1736
-1776
-1813
-1810
-1819
-1816
-1806
-1770
-1736
-1703
-1646
-1575
-1517
-1447
-1350
-1258
-1179
-1076
-951
-855
-745
-605
-476
-364
-219
-81
40
173
310
434
552
680
794
897
1006
1103
1189
1279
1358
1425
1486
1546
1586
1617
1645
1656
1655
1642
1624
1590
1546
1494
1444
1372
1294
1215
1137
1028
925
833
722
587
473
372
236
101
-4
-110
-250
-363
-450
-552
-680
-759
-824
-916
-1018
-1061
-1096
-1183
-1246
-1246
-1266
-1330
-1339
-1297
-1306
-1335
-1287
-1231
-1225
-1217
-1131
-1066
-1051
-998
-890
-822
-793
-712
-592
-536
-495
-388
-281
-239
-173
-54
28
76
160
265
327
376
458
541
582
632
703
763
803
847
907
951
972
1004
1041
1056
1060
1074
1080
1067
1049
1036
1021
988
948
919
876
820
766
714
645
573
506
436
354
270
197
118
32
-44
-119
-202
-277
-350
-423
-494
-560
-621
-675
-731
-774
-807
-843
-876
-898
-911
-930
-944
-943
-938
-942
-933
-908
-892
-877
-848
-816
-785
-756
-716
-673
-630
-585
-529
-475
-420
-367
-306
-244
-186
-120
-53
14
86
159
234
311
385
456
526
596
659
716
772
824
865
902
939
971
990
1009
1024
1027
1023
1009
993
970
934
896
858
808
752
695
637
573
501
431
363
285
206
131
52
-29
-107
-185
-259
-326
-393
-457
-511
-568
-625
-672
-713
-754
-794
-823
-848
-874
-895
-907
-917
-924
-927
-923
-913
-902
-889
-865
-838
-812
-784
-746
-707
-668
-621
-565
-508
-451
-388
-321
-248
-182
-108
-28
48
121
195
271
342
404
471
540
601
657
716
772
822
863
905
941
963
981
996
1003
1000
994
986
973
950
925
897
861
814
773
726
667
607
549
484
412
348
280
205
137
70
-3
-72
-138
-205
-270
-330
-386
-442
-496
-550
-599
-647
-694
-738
-775
-810
-843
-866
-886
-909
-925
-943
-960
-972
-978
-974
-965
-950
-929
-901
-870
-835
-798
-755
-708
-659
-599
-535
-466
-394
-321
-246
-172
-100
-22
56
139
222
308
392
470
546
621
688
750
808
861
908
948
988
1021
1049
1068
1084
1091
1085
1078
1064
1044
1019
988
950
907
861
813
755
695
632
567
499
429
361
295
226
159
93
27
-41
-107
-175
-242
-311
-375
-438
-501
-559
-615
-668
-720
-774
-829
-879
-924
-962
-994
-1017
-1036
-1051
-1058
-1059
-1056
-1049
-1038
-1022
-998
-965
-922
-872
-814
-750
-686
-621
-554
-482
-405
-324
-237
-147
-57
32
120
208
294
379
457
530
598
661
719
774
827
873
907
933
950
964
976
984
988
985
974
954
933
905
871
836
794
749
699
647
593
540
488
433
376
315
256
194
132
70
6
-58
-122
-184
-247
-309
-368
-427
-488
-547
-607
-660
-708
-752
-789
-821
-849
-872
-887
-900
-909
-912
-913
-907
-893
-872
-840
-801
-758
-709
-660
-611
-556
-499
-438
-369
-296
-225
-152
-81
-6
69
143
217
285
348
404
459
510
561
605
646
675
700
719
735
756
768
776
774
765
752
734
718
699
675
644
609
571
533
495
455
413
368
321
273
227
182
136
89
42
-6
-55
-103
-151
-196
-240
-286
-331
-372
-411
-448
-479
-510
-536
-558
-579
-591
-603
-611
-616
-619
-620
-613
-604
-588
-569
-544
-514
-484
-454
-423
-386
-350
-308
-266
-222
-177
-133
-87
-40
5
53
98
143
179
215
250
282
311
340
364
387
406
423
441
458
468
473
476
475
473
468
462
452
441
427
410
394
376
355
333
307
281
255
230
205
178
149
120
92
59
30
1
-28
-59
-88
-117
-147
-174
-200
-224
-248
-270
-290
-311
-327
-342
-354
-366
-379
-387
-391
-394
-397
-396
-391
-385
-374
-366
-355
-342
-327
-310
-294
-272
-251
-226
-202
-178
-151
-126
-98
-68
-42
-15
11
35
62
86
109
134
156
179
200
222
240
259
273
287
299
311
319
328
331
334
336
335
333
331
327
323
316
309
296
283
271
256
240
224
205
185
164
145
121
98
74
52
30
4
-21
-47
-71
-95
-115
-138
-160
-183
-203
-220
-236
-250
-266
-278
-289
-298
-306
-312
-318
-321
-324
-322
-319
-315
-310
-304
-296
-286
-272
-255
-240
-223
-206
-187
-166
-147
-125
-102
-79
-55
-31
-8
15
38
61
82
103
125
146
165
185
202
217
232
244
257
269
280
286
290
294
295
296
295
296
293
286
281
270
259
248
237
225
211
194
177
158
139
121
100
82
63
43
21
-1
-21
-42
-60
-78
-98
-117
-136
-153
-169
-183
-196
-207
-215
-229
-238
-243
-251
-255
-256
-257
-255
-256
-255
-251
-245
-236
-228
-217
-205
-191
-178
-166
-152
-135
-121
-104
-86
-71
-55
-38
-21
-3
13
30
46
63
78
92
106
119
132
141
150
160
167
174
180
185
188
191
192
192
192
191
189
185
181
174
167
158
151
144
135
126
113
103
91
79
68
57
45
35
22
9
-3
-16
-29
-39
-51
-62
-72
-80
-89
-97
-104
-109
-116
-119
-123
-124
-125
-127
-127
-125
-124
-121
-116
-113
-107
-103
-96
-91
-86
-78
-71
-64
-56
-49
-42
-32
-25
-17
-10
-3
3
7
14
17
23
30
31
38
41
42
44
46
48
49
50
50
50
49
47
45
43
39
38
35
34
29
26
22
21
20
18
17
16
14
12
11
8
4
2
1
-2
-2
-5
-7
-9
-11
-11
-12
-15
-17
-17
-21
-20
-20
-19
-17
-16
-16
-15
-13
-13
-13
-13
-11
-11
-12
-10
-7
-5
-5
-3
-3
0
1
3
3
3
3
6
6
7
9
9
9
11
10
11
11
13
15
15
15
15
15
15
15
15
16
16
16
16
14
13
14
14
14
13
13
11
10
9
8
6
4
4
2
0
-3
-4
-5
-4
-6
-6
-8
-9
-11
-13
-12
-14
-13
-13
-14
-12
-11
-13
-12
-12
-12
-14
-13
-14
-12
-11
-12
-11
-10
-9
-9
-9
-7
-6
-5
-6
-4
-1
-2
2
4
4
3
6
7
6
9
8
11
11
10
11
10
9
10
10
11
10
9
8
9
10
10
8
5
6
6
6
4
4
3
3
2
1
1
-1
-2
-1
-3
-3
-4
-4
-5
-4
-4
-4
-4
-4
-5
-4
-6
-6
-5
-5
-6
-7
-6
-7
-5
-6
-5
-4
-4
-4
-6
-4
-3
-4
-3
-2
-2
-2
-2
-2
-1
0
0
1
1
1
2
3
2
2
3
3
4
3
3
5
4
4
3
4
4
3
4
3
3
3
1
1
1
3
2
3
4
2
2
3
2
3
2
2
0
0
1
1
-1
0
-1
0
1
1
0
0
0
-1
-1
-2
-2
-3
-2
-2
-2
-2
-2
-1
-2
-2
-2
-2
-2
-3
-3
-2
-2
-2
-1
-2
-2
-1
0
-1
-1
0
0
0
0
1
0
0
-2
0
-1
0
0
-1
-1
0
-1
0
-1
-2
-2
-1
0
1
0
1
0
2
0
0
0
1
1
1
2
1
0
1
0
-1
-1
1
2
3
4
3
1
1
1
2
0
1
1
2
2
2
2
1
1
0
-1
-1
-2
-2
0
1
1
0
-2
-1
-2
-2
-1
0
-1
-1
-1
-1
0
-1
0
-2
-2
-2
-2
-2
-2
-1
-1
0
-1
-1
-1
-3
-2
-1
-1
-1
0
-1
-1
-1
-2
-1
-2
0
-1
0
0
0
0
1
2
2
-2
-2
-2
-1
1
3
5
6
5
4
3
2
2
2
3
3
6
7
3
2
1
-2
-1
-1
1
3
4
3
3
1
1
-2
-2
-1
0
2
3
4
1
-1
-3
-5
-5
-4
-3
1
0
0
-2
-2
-3
-4
-6
-5
-1
2
5
4
0
-4
-6
-7
-3
1
3
4
2
2
-1
-3
-4
-3
-1
4
5
6
3
-1
-4
-4
-1
2
4
6
8
5
2
-1
0
-2
1
2
2
2
3
1
-1
-1
0
0
1
3
0
0
-1
-1
0
1
-1
0
-1
-2
-2
-1
-1
-1
-1
1
0
1
-1
-1
-2
-3
-1
1
1
-1
-3
-4
-5
-3
-2
-2
0
0
-2
-4
-4
-6
-6
-4
-2
3
2
1
-2
-6
-6
-5
-3
3
5
5
6
3
-1
-4
-6
-2
2
6
8
8
5
-1
-3
-4
-4
0
3
5
9
9
5
2
-2
-4
-3
1
4
4
3
4
2
0
0
-2
-2
0
3
4
3
-2
-3
-4
-3
-2
0
0
1
4
3
0
-3
-5
-6
-2
2
4
4
0
-3
-6
-6
-4
-2
1
3
4
3
0
-4
-7
-8
-6
-3
3
6
5
4
0
-4
-5
-3
-4
-1
1
3
3
1
0
-1
-1
-2
1
2
3
2
2
1
0
0
0
0
0
1
2
3
3
3
0
1
0
1
1
0
0
2
2
2
3
2
-1
-1
-3
-3
-2
0
4
3
5
3
2
-1
-4
-4
-5
-2
-1
-1
0
0
0
1
1
0
0
-1
0
-1
0
0
2
2
3
4
1
-2
-4
-5
-4
-4
-3
-1
2
4
6
5
2
-2
-3
-3
-3
0
1
3
3
3
2
-1
-2
-5
-2
-1
4
7
8
7
4
2
-3
-6
-6
-7
-5
-4
0
4
4
3
3
-1
-4
-4
-5
-4
-2
0
2
3
3
1
1
-1
-4
-6
-5
-4
-5
-2
1
1
3
3
0
-2
-3
-3
-3
-3
-1
1
1
3
2
0
0
-1
-2
0
2
3
4
5
4
0
0
-3
-7
-7
-5
-4
-1
3
4
5
6
3
0
0
-2
-4
-3
0
0
2
3
3
3
2
-1
-1
-2
-1
0
0
2
4
3
2
2
-1
-1
-1
-1
0
2
3
3
2
1
0
-1
-2
1
1
1
3
1
1
0
-2
-4
-3
-1
-3
-2
-1
-1
0
1
2
2
2
2
-1
-1
0
-1
-2
-2
-2
-1
1
1
1
1
0
-1
0
1
1
1
2
3
4
4
3
-1
0
-1
0
1
-1
-1
0
2
0
-1
0
0
0
2
3
1
0
0
-2
-1
-2
-1
-2
-1
0
-1
-2
-1
0
1
0
2
0
-1
-2
-3
-2
0
-1
1
1
0
2
-1
-2
-1
-1
0
0
1
2
3
2
2
1
1
0
1
0
-2
-1
0
0
-1
-2
-1
-1
0
2
0
2
2
1
1
0
-2
-1
-1
-2
-1
-1
0
1
-1
1
-1
-1
-1
0
2
2
2
2
1
1
0
-1
0
-3
-2
-1
0
0
0
2
1
2
3
3
2
3
2
0
0
-3
-3
-3
-3
-3
-1
-1
0
2
1
2
4
2
2
1
0
-1
-2
-2
-3
-2
-2
0
-2
-1
-1
0
1
2
1
2
2
2
2
0
-1
-1
-1
-1
-1
-1
-2
-1
1
0
0
-1
-1
-1
0
0
1
0
-2
-2
-1
0
0
-1
0
0
0
1
0
1
1
1
2
1
0
1
0
-1
-1
-1
-1
0
-1
-1
-2
-1
0
0
-1
1
0
1
1
1
2
0
1
0
-1
0
-2
0
-1
0
-1
-1
1
-1
-1
-1
0
0
1
0
1
0
0
0
1
1
1
0
0
0
1
1
0
0
0
0
-1
-1
-1
2
1
-1
1
1
0
0
0
-1
1
0
1
0
1
-1
0
0
0
1
0
-1
0
0
0
0
0
0
0
0
0
1
1
0
-1
0
0
0
0
1
1
2
0
0
0
0
0
-1
1
0
0
1
0
0
0
0
0
0
0
1
0
1
0
0
-1
0
-1
-1
0
0
0
-1
-1
0
0
0
0
0
0
0
0
1
0
1
1
0
1
0
-2
-1
