SAMPLES:	15261
BITSPERSAMPLE:	16
CHANNELS:	1
SAMPLERATE:	16000
NORMALIZED:	FALSE
1
2
2
3
1
2
2
2
1
1
1
-1
2
2
1
2
2
1
1
2
1
1
0
1
2
1
0
2
0
1
0
1
0
0
0
1
0
-1
0
1
0
-1
0
0
1
1
0
0
1
0
-2
-1
1
0
-1
-1
-1
1
0
-1
0
0
-1
-2
-1
-1
-2
0
0
0
-1
-1
-1
-1
0
1
-1
0
1
0
1
0
0
1
0
0
0
2
1
-1
1
0
1
0
0
0
-1
1
1
1
1
0
-1
0
-1
-1
1
1
0
0
-1
-1
-1
-1
0
0
0
0
0
-1
-1
-1
-2
-2
-1
-1
-2
-3
-1
-1
-2
-1
-1
-2
-2
-2
-1
-2
-2
-2
-4
-2
-3
-1
0
-2
-3
-2
-2
0
-1
-2
-2
0
-1
0
0
0
0
-1
-1
0
0
0
1
1
2
2
2
1
2
3
3
4
2
2
2
3
3
3
2
3
1
3
2
2
2
2
2
2
2
1
2
1
2
2
0
0
1
1
1
1
0
0
0
1
0
0
0
0
0
1
2
1
1
1
2
2
2
1
2
2
1
0
1
2
1
2
2
0
0
1
1
0
0
0
0
1
1
-2
1
0
-2
-2
-1
-1
-2
-2
-2
-2
-1
-3
-2
-2
-2
-1
-2
-2
-2
-1
-3
-2
-1
-3
-2
-3
-3
-1
-2
-3
-4
-2
-2
-3
-3
-3
-3
-3
-2
-2
-2
-2
-2
-2
-1
-1
-2
-1
-2
-2
-3
-2
-1
-1
-2
-1
-1
-2
-1
-1
-1
-1
-1
0
-1
0
-1
-1
-1
0
0
1
1
0
0
0
0
0
0
2
1
2
1
2
2
2
3
2
3
2
3
2
3
4
3
2
3
3
3
3
4
3
4
4
3
2
4
4
4
3
3
3
2
2
3
2
1
3
2
2
2
1
1
1
0
1
1
0
0
0
-1
0
2
0
0
-1
0
0
0
0
-2
-1
-1
-1
0
-1
-1
-2
-1
-1
-2
-1
-2
-1
-1
-2
-2
-2
-1
0
-2
-1
-2
-3
-2
-2
0
-1
-1
-3
-1
-1
-2
-2
-2
-2
-2
-1
1
-1
-2
0
-1
0
0
-2
-2
-2
-2
-1
-2
-1
-1
-1
0
-1
0
0
-1
-1
1
-1
-1
1
0
-1
-1
-1
0
-1
-1
0
0
-1
-1
0
0
1
1
1
0
0
0
1
1
1
1
0
0
1
0
2
1
1
2
2
1
0
2
2
1
2
0
2
2
1
2
0
2
0
2
2
1
2
2
2
1
0
2
1
0
1
1
1
1
1
0
0
1
0
1
-1
1
1
-1
0
0
0
0
0
1
-1
-1
1
0
-1
-1
-1
-1
-1
0
-1
-2
-1
-1
-1
-1
-1
-2
-1
0
-2
-2
-1
-1
-1
-2
-1
0
-1
-2
-1
-1
-1
-1
-2
-1
0
0
-1
0
0
-1
0
0
0
1
0
0
1
1
0
1
0
1
1
1
0
1
-1
0
1
2
0
0
1
2
1
0
-1
0
0
1
0
-1
0
-1
0
0
0
-1
-1
1
0
-2
0
-1
-2
-1
0
-1
0
0
-1
-1
-1
-1
-1
0
-1
-1
-1
-1
0
1
1
0
0
0
0
-1
0
0
1
1
0
0
-1
0
1
0
1
1
-1
0
0
-1
1
0
0
0
1
1
0
0
0
1
0
2
2
2
1
1
1
3
2
2
1
1
2
0
1
2
2
1
2
2
2
1
2
3
2
1
1
2
2
1
2
3
3
2
2
2
1
1
2
0
0
1
0
1
1
-1
-1
0
0
0
-1
-1
-2
-1
-1
-2
-2
-2
-2
-2
-2
-2
-2
-1
-2
-3
-1
-2
-2
-2
-2
-2
-2
-1
-2
-2
-2
-1
-1
-2
-2
-2
-2
-4
-3
-2
-2
-3
-3
-3
-3
-2
-2
-3
-3
-3
-2
-2
-1
-2
-1
-3
-2
-3
-1
-2
-3
-1
-2
-1
-1
-1
-1
-1
-1
0
-1
-1
0
1
-1
1
0
0
2
1
0
2
3
2
3
3
3
4
4
4
5
3
3
5
4
4
5
5
5
5
6
4
5
5
5
5
4
3
3
4
3
2
2
2
1
2
0
2
1
-1
0
0
-1
0
-1
0
-1
-2
-1
0
-1
-2
0
-1
-2
0
0
-1
-1
-1
-2
-2
-1
-1
-3
-3
-2
-1
-2
-2
-3
-3
-1
-2
-3
-2
-2
-2
-2
-2
-1
0
0
0
1
2
1
2
2
3
2
1
2
2
3
1
3
2
1
1
-1
0
-1
0
0
-1
-1
-1
-3
-3
-2
-4
-3
-3
-3
-3
-4
-4
-3
-4
-4
-5
-4
-4
-5
-5
-3
-4
-4
-3
-3
-4
-3
-3
-2
-1
-1
-1
0
0
2
2
2
2
2
2
4
4
5
4
3
4
3
4
6
4
4
4
3
2
1
3
3
1
0
2
1
1
0
-1
0
-1
0
-1
-2
-2
-1
1
1
0
0
0
2
2
2
3
1
2
1
1
1
0
0
-1
-1
-1
-2
-3
-4
-4
-5
-5
-6
-5
-3
-3
-5
-5
-5
-5
-1
0
0
-1
-1
1
4
5
5
3
2
4
7
10
7
4
3
5
8
11
8
3
1
2
5
7
4
0
0
0
3
2
-1
-4
-4
-3
-3
-4
-5
-8
-7
-4
-7
-7
-9
-9
-8
-6
-6
-7
-7
-5
-2
0
-1
-2
0
2
5
6
8
10
10
11
12
16
16
17
17
17
15
15
16
16
14
12
9
5
2
2
-1
-3
-8
-13
-17
-20
-20
-22
-23
-27
-30
-31
-32
-28
-25
-26
-26
-24
-23
-17
-11
-7
-5
-1
2
6
12
17
19
22
24
25
27
27
30
30
30
24
21
19
16
18
16
10
4
-3
-4
0
0
-5
-11
-15
-12
-9
-4
-8
-13
-14
-10
-4
0
-2
-10
-11
-7
-5
-3
-8
-15
-16
-18
-17
-17
-19
-25
-26
-29
-30
-27
-21
-20
-21
-20
-17
-14
-2
7
12
14
17
23
37
49
57
52
48
51
59
70
69
55
42
39
41
45
38
26
7
-4
-2
-4
-14
-29
-38
-45
-46
-50
-58
-66
-67
-68
-62
-62
-71
-76
-68
-62
-55
-50
-60
-62
-50
-38
-27
-22
-30
-24
-12
-10
17
46
26
14
43
51
59
95
90
45
38
54
71
100
82
29
12
14
14
42
40
-21
-43
-30
-25
-19
-10
-36
-35
-14
-2
24
38
24
37
82
83
119
139
124
112
162
161
180
194
158
114
117
111
100
98
21
-39
-64
-79
-119
-123
-187
-237
-248
-262
-296
-302
-322
-347
-314
-291
-292
-281
-238
-207
-164
-151
-138
-114
-84
-37
-2
-17
-59
-39
1
63
113
132
77
83
149
221
258
285
255
230
301
371
377
360
383
355
392
431
426
373
381
369
351
313
252
219
211
178
73
-23
-130
-165
-191
-248
-376
-482
-542
-554
-545
-595
-674
-755
-737
-688
-608
-616
-661
-660
-536
-425
-279
-65
-41
-136
-21
236
302
437
544
423
280
461
607
681
686
560
408
495
592
559
534
416
210
170
328
264
78
-38
-1
-46
-26
-22
-64
-151
-82
2
43
-7
-76
-24
144
216
77
-30
-106
-94
-59
-27
-178
-346
-456
-437
-434
-503
-649
-747
-754
-737
-775
-876
-982
-1028
-860
-629
-565
-518
-367
-330
-262
102
367
382
498
625
543
635
906
1040
1087
1089
969
938
1052
1097
1080
926
624
466
494
422
326
158
-119
-278
-175
-165
-204
-275
-403
-490
-387
-306
-274
-239
-287
-299
-254
-249
-270
-171
-157
-172
-180
-253
-353
-291
-246
-308
-340
-419
-555
-565
-497
-572
-630
-636
-615
-462
-228
-257
-365
-233
-12
173
412
502
309
287
558
834
966
970
811
757
955
1105
1053
927
788
661
657
630
459
250
132
106
75
-53
-269
-336
-335
-326
-385
-458
-589
-594
-507
-450
-516
-628
-669
-626
-530
-527
-555
-607
-567
-537
-522
-555
-562
-568
-499
-415
-465
-558
-522
-441
-397
-189
17
-74
-191
-24
182
324
546
623
427
371
587
838
996
1017
851
750
852
992
1038
998
840
658
610
615
559
429
321
185
76
-28
-96
-160
-183
-237
-321
-368
-473
-473
-429
-355
-488
-346
-354
-497
-655
-406
-358
-378
-393
-528
-704
-693
-448
-427
-439
-761
-811
-736
-526
-607
-574
-678
-696
-486
-250
-280
-346
-225
-92
143
332
383
371
472
680
950
1152
1121
1066
1143
1266
1362
1391
1368
1256
1201
1116
1047
902
766
674
601
400
146
6
-77
-144
-256
-352
-517
-621
-667
-606
-621
-683
-753
-763
-749
-715
-680
-687
-678
-749
-723
-695
-610
-696
-658
-725
-746
-814
-704
-694
-680
-763
-874
-889
-700
-465
-478
-476
-467
-349
-244
60
213
271
214
309
496
809
993
1030
1018
1138
1339
1535
1623
1623
1601
1552
1519
1527
1511
1384
1242
1076
895
704
593
481
332
109
-105
-296
-442
-578
-658
-747
-874
-1012
-1074
-1080
-1084
-1058
-1059
-1067
-1072
-1042
-1069
-1032
-938
-825
-818
-857
-866
-831
-760
-755
-689
-702
-814
-969
-826
-708
-682
-735
-776
-877
-499
179
303
-96
-292
-58
326
988
1184
813
293
549
1196
1928
1889
1441
1200
1521
1868
2027
1980
1674
1493
1426
1538
1461
1337
1084
1025
905
728
577
537
546
455
257
-90
-297
-323
-187
-201
-489
-900
-1106
-1036
-900
-882
-1093
-1422
-1648
-1618
-1493
-1521
-1696
-1836
-1950
-2000
-1944
-1838
-1927
-2013
-1992
-1928
-1874
-1839
-1811
-1705
-1452
-1395
-1379
-1296
-800
-20
417
148
43
476
1004
1702
2231
2016
1458
1606
2394
3206
3438
2965
2665
2792
3115
3250
3358
2969
2504
2180
2095
2049
1852
1516
1070
792
282
322
431
373
-174
-315
-481
-509
-369
-265
-404
-684
-736
-742
-539
-665
-768
-881
-916
-1170
-1314
-1374
-1387
-1530
-1841
-2204
-2488
-2572
-2487
-2534
-2892
-3217
-3317
-3204
-2996
-2871
-2981
-2974
-2759
-2575
-2293
-1928
-1655
-1459
-649
189
411
197
468
1209
2003
2748
2755
2437
2113
2835
3781
4654
4197
3352
2968
3493
4060
4105
3612
2588
2105
1993
2241
1996
1439
571
156
48
-76
-150
-318
-503
-777
-827
-873
-712
-551
-436
-424
-578
-716
-611
-306
-215
-316
-588
-827
-864
-685
-672
-1059
-1570
-1832
-1933
-2081
-2178
-2420
-2853
-3145
-3140
-3134
-3153
-3118
-3119
-3004
-2929
-2903
-2738
-2159
-1639
-1184
-582
-231
-243
63
1084
1818
2245
2435
2404
2264
2934
3908
4339
4135
3654
3485
3858
4371
4194
3738
3123
2735
2582
2566
2172
1620
1064
598
339
64
-175
-339
-364
-607
-864
-1043
-995
-765
-478
-433
-762
-991
-879
-411
-136
-279
-765
-976
-791
-511
-459
-819
-1366
-1771
-1608
-1472
-1609
-2178
-2517
-2822
-2898
-2909
-2749
-2887
-3157
-3208
-3328
-3233
-2927
-2250
-2179
-1760
-1566
-1270
-1124
-158
477
877
1207
1377
1358
1669
2663
3220
3619
3328
3099
3108
3922
4374
4351
3724
3069
2891
3136
3280
2824
2103
1355
1065
926
808
528
108
-325
-587
-652
-720
-759
-800
-778
-844
-1011
-1029
-841
-604
-576
-694
-954
-1060
-847
-547
-565
-1040
-1393
-1500
-1373
-1389
-1487
-1992
-2477
-2748
-2650
-2516
-2602
-2906
-3197
-3283
-3279
-2911
-2563
-2535
-2179
-1298
-1219
-1514
-828
146
580
1267
1671
1235
1179
2345
3456
4099
3807
3221
3269
4240
4800
4837
4317
3466
3070
3401
3613
3159
2310
1398
1039
888
721
368
-42
-567
-851
-954
-1015
-1079
-1035
-949
-992
-1192
-1239
-940
-587
-434
-603
-954
-1019
-684
-235
-227
-689
-1283
-1350
-1149
-1004
-1337
-1936
-2534
-2763
-2569
-2473
-2795
-3270
-3471
-3547
-3507
-3256
-3292
-2886
-1733
-1306
-2091
-1993
-885
-28
1147
1945
1273
293
1422
3141
4605
4655
3698
2939
3815
5050
5598
5346
4101
3175
3251
3885
3678
2965
1708
975
691
552
287
-94
-592
-1132
-1298
-1480
-1516
-1445
-1160
-1122
-1385
-1654
-1461
-889
-418
-346
-817
-1150
-1015
-360
120
-58
-899
-1371
-1262
-990
-960
-1355
-2085
-2772
-2830
-2553
-2618
-3037
-3497
-3772
-3990
-3741
-3636
-3226
-2240
-1771
-2324
-2443
-1385
-531
774
1679
1399
334
1147
2760
4363
4930
4256
3456
3792
5020
5678
5920
4943
3953
3640
4098
3989
3612
2678
1676
1133
777
593
279
13
-655
-1054
-1414
-1518
-1373
-1079
-1026
-1350
-1621
-1654
-1187
-677
-421
-756
-1168
-1243
-870
-305
-157
-691
-1337
-1554
-1493
-1299
-1353
-1870
-2656
-3152
-3019
-2895
-2945
-3359
-3843
-4340
-4111
-3739
-3301
-2396
-2005
-2496
-2682
-1477
-632
447
1231
1251
448
1110
2523
3933
4634
4238
3730
3965
4936
5401
5821
5209
4434
3994
4254
4064
3894
3234
2256
1590
1158
907
646
540
-112
-661
-1126
-1258
-1108
-828
-806
-1163
-1482
-1596
-1205
-749
-532
-873
-1264
-1350
-1097
-660
-434
-809
-1425
-1705
-1727
-1611
-1654
-1997
-2731
-3278
-3320
-3225
-3261
-3495
-3959
-4495
-4328
-3900
-3613
-2710
-2060
-2504
-2924
-1756
-842
106
947
1189
415
921
2284
3699
4534
4279
3765
3992
5035
5432
5898
5413
4704
4159
4490
4264
4118
3475
2520
1768
1398
1099
775
680
61
-508
-961
-1037
-995
-722
-710
-987
-1353
-1439
-1088
-605
-433
-799
-1189
-1277
-1010
-631
-413
-837
-1416
-1730
-1695
-1615
-1764
-2194
-2915
-3371
-3496
-3415
-3556
-3833
-4341
-4776
-4545
-4105
-3857
-3009
-2342
-2785
-3142
-1812
-840
-47
723
1071
394
1079
2553
3826
4452
4334
3952
4274
5379
5726
6033
5592
4967
4418
4780
4493
4204
3496
2641
1792
1416
1122
767
518
-117
-695
-1079
-1073
-1055
-862
-955
-1222
-1468
-1353
-948
-513
-443
-770
-1029
-1007
-691
-304
-224
-707
-1230
-1429
-1386
-1294
-1558
-2080
-2861
-3217
-3344
-3310
-3515
-3957
-4542
-5063
-4610
-4328
-3799
-3111
-2664
-3544
-3436
-1865
-753
-53
398
431
-92
1292
2850
4085
4062
3859
3585
4583
5617
5944
5926
5351
4761
4563
5062
4633
4235
3286
2529
1736
1505
1168
886
466
-332
-893
-1172
-1075
-1005
-868
-1221
-1605
-1695
-1361
-779
-428
-551
-993
-1069
-884
-429
-2
-90
-711
-1201
-1213
-1111
-968
-1263
-1865
-2730
-2999
-3018
-2963
-3215
-3807
-4474
-4994
-4458
-4242
-3485
-2971
-2833
-3891
-3412
-1871
-701
77
275
-19
-368
1435
2976
4277
3931
3548
3303
4780
5747
6113
5850
5087
4500
4676
5205
4640
4140
2994
2256
1645
1574
1049
726
206
-545
-1051
-1282
-1272
-1161
-1020
-1423
-1791
-1819
-1474
-834
-459
-590
-1104
-1139
-903
-334
116
32
-612
-1152
-1189
-1001
-704
-962
-1657
-2614
-2894
-2830
-2663
-2955
-3635
-4444
-4821
-4280
-3989
-3353
-2899
-2953
-3833
-3127
-1749
-880
-145
293
-67
-254
1443
2884
3974
3942
3683
3518
4766
5609
6021
5881
5195
4563
4774
5066
4535
4070
3101
2219
1629
1502
975
605
64
-650
-1188
-1437
-1484
-1347
-1279
-1685
-1986
-1960
-1621
-1086
-778
-851
-1227
-1197
-952
-493
-131
-69
-499
-1023
-1132
-1000
-729
-915
-1422
-2265
-2635
-2728
-2638
-2812
-3384
-4204
-4483
-3952
-3873
-3381
-2718
-2739
-3565
-2739
-1552
-1003
-268
446
85
7
1423
2664
3691
3990
3803
3706
4678
5288
5734
5878
5311
4593
4656
4762
4377
4069
3228
2260
1647
1402
985
714
197
-593
-1123
-1362
-1433
-1304
-1260
-1613
-1924
-1898
-1587
-1122
-918
-974
-1239
-1196
-995
-626
-266
-206
-581
-1064
-1129
-1062
-864
-1087
-1566
-2305
-2568
-2703
-2678
-2936
-3566
-4323
-4286
-3807
-3911
-3369
-2727
-2909
-3566
-2389
-1440
-946
-267
379
-91
186
1551
2771
3712
3753
3537
3776
4905
5302
5770
5705
5113
4593
4889
4820
4424
3972
3029
2269
1818
1482
954
723
69
-634
-1056
-1283
-1450
-1345
-1346
-1648
-1877
-1895
-1559
-1091
-900
-1054
-1233
-1171
-916
-513
-134
-183
-597
-995
-968
-880
-770
-993
-1534
-2228
-2489
-2547
-2596
-2887
-3567
-4287
-4282
-3915
-3949
-3211
-2583
-3040
-3741
-2526
-1535
-919
-165
228
-502
-131
1506
2940
3747
3490
3137
3579
4920
5474
5839
5512
4799
4511
5064
5004
4478
3760
2829
2216
1937
1498
880
486
-101
-661
-982
-1296
-1537
-1407
-1347
-1558
-1817
-1855
-1534
-978
-729
-875
-1141
-1090
-767
-230
139
-54
-559
-868
-696
-605
-590
-906
-1475
-2121
-2331
-2447
-2640
-3032
-3603
-4153
-4197
-4106
-4078
-3143
-2619
-3169
-3702
-2572
-1858
-1005
-157
12
-821
-128
1495
2904
3607
3365
3054
3662
4943
5482
5832
5387
4759
4627
5185
4950
4494
3709
2880
2254
1997
1481
916
439
-108
-602
-951
-1288
-1450
-1316
-1351
-1558
-1798
-1794
-1449
-937
-739
-911
-1186
-1070
-687
-133
101
-126
-661
-852
-616
-425
-576
-1048
-1682
-2133
-2274
-2438
-2708
-3293
-3862
-4204
-3937
-4157
-4126
-3319
-2891
-3466
-3438
-2417
-2046
-1193
-327
-206
-758
217
1492
2811
3459
3316
3170
4020
4973
5377
5815
5356
4808
4849
5216
4793
4477
3712
2863
2287
1987
1434
959
501
-157
-605
-956
-1259
-1295
-1221
-1373
-1616
-1730
-1684
-1278
-937
-827
-1011
-1179
-977
-597
-136
-28
-134
-618
-764
-611
-373
-584
-1038
-1716
-2116
-2288
-2497
-2740
-3370
-3870
-4242
-3834
-4250
-4000
-3331
-2929
-3654
-3357
-2412
-2057
-1113
-307
-189
-802
346
1550
3096
3485
3376
3204
4186
5044
5599
5967
5335
4875
4937
5283
4827
4570
3601
2788
2224
1948
1386
916
391
-370
-728
-1129
-1408
-1441
-1329
-1516
-1760
-1842
-1740
-1292
-1011
-892
-1066
-1136
-941
-543
-128
19
-28
-399
-625
-569
-369
-464
-835
-1506
-2049
-2393
-2598
-2814
-3341
-3845
-4347
-4145
-4498
-3917
-3239
-2926
-3865
-3583
-2584
-1939
-952
-288
-282
-977
361
1783
3468
3449
3363
3191
4343
5186
5874
5923
5257
4870
4993
5371
4806
4442
3314
2757
2091
1911
1182
755
156
-432
-807
-1279
-1571
-1603
-1342
-1502
-1721
-1923
-1719
-1227
-811
-733
-974
-1080
-861
-365
68
246
50
-352
-601
-412
-204
-305
-799
-1493
-2074
-2433
-2539
-2784
-3338
-4105
-4456
-4295
-4451
-3816
-3063
-3056
-4137
-3552
-2420
-1656
-906
-256
-595
-898
637
2282
3592
3413
3245
3313
4695
5457
6031
5773
5191
4746
5218
5439
4798
4131
3094
2564
2029
1869
1013
546
-96
-536
-958
-1334
-1692
-1712
-1487
-1630
-1848
-2046
-1738
-1211
-797
-852
-1086
-1147
-811
-244
182
218
-115
-518
-588
-245
-78
-398
-1003
-1666
-2149
-2344
-2354
-2814
-3535
-4272
-4360
-4280
-4258
-3532
-3012
-3340
-4180
-3143
-2259
-1394
-774
-268
-966
-603
1043
2629
3556
3320
3129
3478
5056
5657
6112
5615
5145
4821
5532
5460
4858
4009
3065
2515
2119
1805
966
518
-179
-612
-1068
-1396
-1778
-1730
-1658
-1870
-2128
-2233
-1860
-1337
-1029
-1163
-1315
-1284
-879
-255
193
157
-208
-552
-499
-118
44
-280
-885
-1601
-2054
-2087
-2058
-2609
-3366
-4059
-4143
-4219
-3911
-3127
-2880
-3601
-4055
-2911
-2228
-1282
-649
-456
-1388
-498
1144
2738
3274
3117
2861
3519
5004
5608
5960
5347
4976
4802
5524
5212
4771
3793
3016
2370
2062
1537
858
394
-291
-757
-1220
-1522
-1828
-1660
-1708
-1955
-2226
-2151
-1710
-1189
-1024
-1151
-1247
-1132
-673
-17
328
239
-116
-381
-269
94
184
-188
-835
-1514
-1842
-1892
-1998
-2575
-3396
-4035
-3944
-4030
-3615
-2968
-2984
-3988
-3794
-2616
-2057
-1261
-612
-875
-1579
-119
1474
2801
2988
2958
2674
3773
4968
5565
5645
5062
4627
4693
5300
4884
4489
3435
2677
2004
1921
1310
784
209
-498
-1042
-1349
-1504
-1648
-1503
-1756
-2015
-2147
-1826
-1334
-922
-930
-1111
-1124
-858
-332
163
376
173
-222
-386
-89
211
121
-397
-1111
-1631
-1822
-1778
-2045
-2706
-3796
-3975
-3779
-3625
-3086
-2666
-3387
-4291
-3138
-2138
-1480
-933
-563
-1602
-1150
657
2239
2872
2863
2573
2776
4320
5097
5607
5175
4657
4089
4761
4887
4636
3882
2881
1994
1677
1613
1046
670
-190
-892
-1391
-1390
-1562
-1428
-1517
-1927
-2188
-2035
-1489
-1007
-744
-945
-1090
-1008
-555
3
391
445
82
-283
-345
100
322
170
-591
-1319
-1802
-1752
-1672
-1981
-2887
-3913
-3842
-3717
-3025
-2432
-2498
-3934
-3981
-2627
-1658
-886
-439
-1053
-1949
-433
1417
2781
2888
2655
2187
3301
4734
5427
5469
4838
4195
4178
4919
4724
4333
3318
2452
1684
1627
1248
826
275
-593
-1231
-1562
-1627
-1749
-1552
-1838
-2285
-2520
-2146
-1515
-1075
-980
-1230
-1296
-1090
-453
66
373
307
0
-256
-147
272
381
164
-621
-1266
-1657
-1488
-1611
-2024
-3021
-3632
-3639
-3411
-2475
-2049
-2696
-4043
-3304
-2109
-1141
-495
-335
-1544
-1592
286
2067
3004
2821
2363
2289
3873
4991
5560
5127
4431
3919
4507
4838
4519
3831
2807
1994
1526
1405
859
494
-289
-1046
-1531
-1719
-1847
-1738
-1665
-2077
-2456
-2436
-1888
-1205
-847
-944
-1226
-1190
-756
-10
333
364
227
48
-43
139
418
284
-30
-706
-1184
-1546
-1510
-1863
-2344
-3269
-3632
-3664
-3327
-2393
-2189
-2936
-4035
-2883
-1810
-777
-423
-394
-1609
-1091
779
2445
3117
2750
2336
2541
4248
5056
5573
4881
4266
3796
4575
4603
4288
3397
2415
1608
1248
1097
530
134
-813
-1382
-1811
-1894
-2004
-1797
-1872
-2223
-2433
-2210
-1637
-990
-675
-788
-1015
-886
-362
340
558
463
397
367
300
310
513
314
18
-475
-880
-1493
-1677
-1901
-2316
-3151
-3603
-3745
-3550
-2575
-2273
-2873
-4044
-3042
-2013
-862
-499
-384
-1413
-1066
664
2379
3243
2791
2470
2573
4182
4928
5625
4977
4337
3751
4368
4423
4152
3369
2342
1473
997
883
325
25
-840
-1464
-2067
-2112
-2134
-1924
-1945
-2242
-2492
-2334
-1729
-1012
-609
-710
-954
-760
-206
488
727
607
464
570
628
528
563
339
93
-264
-540
-1234
-1677
-1943
-2218
-2834
-3384
-3689
-3798
-2847
-2244
-2636
-3990
-3421
-2387
-1235
-536
-275
-1237
-1462
265
2119
3352
2932
2556
2392
3930
4901
5685
5267
4467
3820
4274
4617
4221
3652
2529
1677
1009
946
330
161
-568
-1345
-2080
-2259
-2272
-2055
-1870
-2284
-2671
-2688
-2032
-1236
-670
-794
-1100
-956
-287
577
949
708
415
549
869
956
865
428
86
-103
-214
-683
-1402
-2003
-2337
-2597
-3108
-3481
-3932
-3447
-2588
-2418
-3723
-3925
-2876
-1860
-929
-289
-867
-1908
-538
1588
3236
3105
2705
2259
3415
4808
5709
5614
4738
3976
4143
4889
4516
3900
2728
1904
1129
1053
500
57
-573
-1315
-1866
-2244
-2389
-2420
-2102
-2291
-2560
-2718
-2348
-1651
-949
-690
-872
-887
-495
407
1044
1059
685
664
932
1195
1177
835
384
106
-25
-242
-987
-1825
-2286
-2451
-2905
-3363
-3832
-4001
-3157
-2494
-3228
-4268
-3443
-2524
-1558
-637
-439
-1795
-1459
716
2730
3280
2928
2514
2915
4504
5572
5986
5305
4483
4106
4893
4904
4301
3218
2263
1395
1065
760
91
-520
-1292
-1767
-2208
-2433
-2708
-2547
-2454
-2531
-2693
-2583
-2118
-1452
-847
-644
-698
-563
63
841
1234
1080
872
988
1264
1339
1190
836
359
-10
-109
-562
-1451
-2116
-2434
-2891
-3427
-3712
-4173
-3884
-3021
-2998
-4212
-4115
-3080
-2280
-1324
-485
-1204
-1921
-320
1847
3141
3232
2913
2742
4003
5349
6009
5924
5218
4418
4719
5238
4816
3943
2971
1991
1314
1072
444
-208
-898
-1550
-2071
-2356
-2699
-2798
-2550
-2508
-2684
-2734
-2459
-1952
-1239
-731
-658
-667
-323
410
1074
1185
965
993
1224
1340
1319
1104
564
130
-82
-315
-1047
-1824
-2358
-2727
-3297
-3717
-4045
-4329
-3663
-2981
-3522
-4601
-3874
-2839
-1928
-969
-587
-1669
-1523
620
2603
3453
3222
2912
3130
4703
5748
6281
5805
5014
4491
4998
5180
4569
3723
2641
1730
1088
768
37
-447
-1205
-1862
-2470
-2747
-2937
-2720
-2494
-2643
-2834
-2835
-2368
-1662
-893
-648
-661
-593
-34
819
1335
1246
1116
1299
1442
1444
1421
1023
551
189
-50
-612
-1353
-2005
-2468
-2880
-3563
-3944
-4442
-4014
-3228
-3073
-4431
-4650
-3471
-2405
-1429
-660
-1061
-2087
-577
1767
3455
3377
3145
2840
3900
5323
6292
6336
5485
4715
4589
5253
4882
4294
3097
2153
1123
817
281
-247
-928
-1783
-2428
-2918
-2971
-3000
-2636
-2749
-2888
-3067
-2699
-2023
-1228
-683
-613
-642
-397
535
1303
1530
1300
1333
1470
1539
1614
1417
951
389
127
-253
-911
-1678
-2223
-2674
-3333
-3789
-4279
-4413
-3757
-3108
-3940
-4991
-4179
-2928
-2033
-1175
-734
-1752
-1495
676
2873
3515
3327
2971
3389
4859
6001
6496
6064
5238
4533
5082
5222
4680
3605
2582
1531
922
558
-51
-617
-1532
-2287
-2812
-2891
-3024
-2858
-2738
-2878
-3029
-2832
-2174
-1464
-799
-493
-455
-379
268
1214
1676
1550
1353
1473
1591
1673
1606
1209
566
111
-93
-547
-1416
-2110
-2608
-3252
-3834
-4081
-4615
-4507
-3616
-3589
-4903
-4972
-3499
-2656
-1806
-940
-1163
-1982
-433
1932
3458
3517
3156
3057
4275
5780
6447
6529
5763
4854
4830
5607
5237
4318
3079
2125
1259
939
363
-296
-1132
-2067
-2640
-2854
-2982
-3087
-2844
-2888
-3043
-3025
-2495
-1823
-1118
-640
-465
-430
-49
825
1598
1659
1387
1381
1624
1738
1695
1378
781
279
1
-211
-997
-1907
-2575
-3071
-3732
-4013
-4511
-4825
-4077
-3584
-4504
-5353
-4116
-3079
-2192
-1243
-949
-2002
-1280
1099
3114
3665
3208
2958
3733
5482
6328
6719
6097
5167
4818
5682
5676
4791
3612
2544
1656
1176
740
-72
-843
-1761
-2448
-2800
-3029
-3192
-2965
-2812
-3024
-3100
-2760
-2132
-1343
-655
-396
-458
-206
501
1474
1773
1584
1412
1667
1790
1767
1498
990
495
158
-63
-777
-1718
-2566
-2979
-3627
-4008
-4505
-4974
-4442
-3715
-4223
-5384
-4645
-3515
-2529
-1532
-865
-1891
-1784
326
2605
3600
3411
3033
3414
5087
6125
6649
6347
5584
4911
5558
5752
5023
3935
2994
2014
1355
888
97
-631
-1413
-2148
-2735
-3039
-3281
-3079
-2848
-2989
-3218
-2972
-2398
-1583
-781
-390
-460
-345
264
1238
1801
1694
1479
1618
1829
1822
1602
1133
639
311
40
-540
-1574
-2455
-2987
-3394
-4011
-4332
-4993
-4778
-3971
-3863
-5084
-5062
-3793
-2894
-1826
-970
-1360
-2169
-348
1929
3532
3526
3352
3209
4598
5933
6591
6598
5934
5166
5247
5850
5223
4317
3258
2433
1478
1091
316
-347
-1123
-1849
-2548
-2940
-3221
-3195
-2895
-2965
-3223
-3152
-2594
-1857
-1017
-523
-458
-466
0
910
1737
1756
1462
1468
1752
1780
1710
1366
797
299
52
-324
-1215
-2141
-2861
-3288
-3922
-4245
-4763
-4846
-4155
-3776
-4670
-5295
-4124
-3089
-2091
-1235
-1116
-2197
-1151
1300
3254
3614
3342
3139
3952
5688
6549
6836
6096
5344
5017
5851
5606
4693
3557
2633
1669
1129
635
-186
-902
-1792
-2421
-2964
-3186
-3356
-3066
-2999
-3212
-3306
-2899
-2150
-1331
-660
-481
-524
-286
615
1640
1944
1596
1418
1671
1813
1909
1738
1141
429
101
-86
-720
-1673
-2588
-3188
-3752
-4130
-4508
-4837
-4365
-3880
-4290
-5254
-4544
-3389
-2314
-1445
-1002
-1867
-1627
538
2785
3809
3532
3165
3509
5283
6368
6915
6398
5608
4915
5582
5795
5021
3907
2842
1871
1146
740
-51
-696
-1608
-2354
-2969
-3206
-3417
-3240
-3014
-3144
-3348
-3174
-2485
-1614
-820
-512
-564
-466
240
1309
1916
1734
1406
1517
1727
1864
1800
1302
587
131
-69
-502
-1442
-2393
-3106
-3577
-4059
-4343
-4870
-4660
-4045
-3989
-5025
-4937
-3698
-2663
-1639
-953
-1288
-1816
-108
2185
3854
3831
3487
3398
4805
6122
6835
6727
5952
5127
5247
5788
5224
4323
3145
2214
1328
914
168
-431
-1226
-2058
-2752
-3065
-3269
-3244
-2953
-2976
-3171
-3187
-2685
-1831
-947
-501
-482
-415
10
869
1677
1812
1486
1412
1591
1635
1631
1294
754
178
-163
-610
-1403
-2262
-2966
-3458
-4054
-4362
-4917
-4836
-4153
-3808
-4856
-5175
-3968
-2941
-1932
-1015
-1003
-1903
-610
1686
3532
3788
3651
3379
4391
5881
6714
6783
6128
5365
5129
5752
5352
4549
3386
2518
1553
1125
422
-267
-977
-1766
-2505
-2947
-3158
-3279
-3007
-2964
-3144
-3277
-2875
-2116
-1199
-679
-572
-528
-152
605
1484
1756
1472
1362
1567
1650
1672
1414
863
322
25
-373
-1165
-2029
-2770
-3330
-3869
-4196
-4708
-4904
-4249
-3707
-4481
-5202
-4171
-3040
-2147
-1225
-926
-1779
-1122
1178
3158
3722
3518
3378
4058
5615
6536
6798
6263
5545
5177
5666
5507
4686
3674
2686
1762
1125
565
-215
-789
-1573
-2364
-2960
-3180
-3242
-3034
-2895
-3093
-3273
-3027
-2245
-1305
-730
-630
-586
-244
476
1388
1790
1554
1388
1565
1721
1710
1503
1015
519
132
-270
-1035
-1905
-2684
-3264
-3805
-4228
-4771
-5035
-4363
-3752
-4369
-5284
-4488
-3234
-2218
-1317
-948
-1775
-1457
728
2961
3765
3503
3270
3823
5326
6372
6773
6380
5636
5191
5609
5578
4806
3882
2908
1934
1190
633
-116
-644
-1314
-2154
-2853
-3208
-3185
-2928
-2717
-2942
-3160
-3054
-2365
-1384
-696
-590
-627
-381
286
1201
1713
1574
1383
1481
1615
1628
1435
1076
629
194
-345
-1058
-1869
-2541
-3097
-3720
-4285
-4829
-5073
-4340
-3637
-4266
-5366
-4720
-3376
-2251
-1325
-909
-1824
-1651
508
2839
3784
3530
3239
3648
5205
6286
6761
6383
5686
5147
5585
5637
4877
3967
3057
2160
1359
765
-6
-499
-1082
-1878
-2582
-3122
-3212
-2881
-2520
-2743
-3040
-3038
-2489
-1500
-670
-467
-608
-506
15
988
1585
1505
1237
1313
1418
1455
1337
1004
569
128
-352
-1090
-1838
-2483
-2957
-3585
-4243
-4729
-5016
-4324
-3601
-3992
-5309
-4850
-3569
-2369
-1517
-886
-1745
-1914
138
2565
3720
3500
3305
3448
4993
6151
6855
6502
5869
5135
5479
5673
5075
4206
3208
2346
1464
984
184
-305
-1000
-1771
-2429
-2949
-3199
-3001
-2656
-2783
-2985
-3053
-2583
-1752
-847
-541
-514
-481
-147
765
1488
1545
1223
1284
1325
1430
1388
1147
582
123
-271
-864
-1599
-2320
-2889
-3543
-4146
-4524
-4817
-4449
-3728
-3880
-5106
-4965
-3610
-2547
-1799
-1032
-1447
-1998
-318
2147
3532
3446
3329
3425
4698
5896
6662
6629
6097
5298
5312
5641
5139
4364
3399
2533
1424
1008
393
-138
-956
-1749
-2407
-2854
-2977
-2912
-2779
-2950
-2982
-2913
-2358
-1774
-1045
-707
-420
-249
102
768
1322
1512
1354
1502
1466
1413
1207
1142
652
177
-279
-794
-1642
-2391
-2819
-3507
-4234
-4658
-4845
-4835
-4008
-3839
-4860
-5419
-3993
-2775
-1979
-1220
-1105
-1925
-918
1621
3424
3616
3345
3488
4329
5728
6554
6832
6266
5570
5300
5698
5373
4679
3735
2805
1704
1099
597
99
-571
-1507
-2314
-2821
-2910
-2818
-2680
-2865
-3101
-3087
-2516
-1800
-1117
-829
-617
-382
54
705
1298
1450
1280
1435
1606
1475
1200
1035
697
261
-166
-688
-1549
-2338
-2824
-3345
-4067
-4572
-4980
-5086
-4274
-3765
-4555
-5506
-4479
-3187
-2246
-1333
-838
-1746
-1372
879
3035
3732
3525
3476
3943
5364
6348
6830
6468
5758
5220
5647
5589
4932
4118
3179
2117
1301
813
319
-179
-1116
-2111
-2657
-2858
-2845
-2681
-2679
-3139
-3250
-2769
-1989
-1300
-980
-847
-639
-201
397
1114
1343
1132
1203
1601
1545
1333
1069
779
474
190
-370
-1270
-2057
-2675
-3077
-3612
-4237
-4880
-5176
-4385
-3677
-4100
-5373
-4848
-3580
-2555
-1548
-818
-1666
-1896
186
2441
3573
3503
3459
3482
4897
6050
6678
6498
5882
5182
5513
5661
4975
4348
3471
2480
1454
1038
312
-125
-802
-1717
-2529
-2903
-2977
-2808
-2511
-2879
-3150
-3010
-2364
-1519
-848
-655
-669
-444
105
907
1433
1351
1261
1535
1547
1369
1216
1027
751
476
-157
-1136
-1912
-2423
-2761
-3276
-4025
-4857
-5257
-4346
-3492
-3938
-5330
-5002
-3852
-2732
-1533
-870
-1885
-2177
-73
2152
3334
3375
3332
3288
4614
5788
6558
6380
5802
5211
5480
5472
4855
4335
3514
2562
1478
981
198
-79
-655
-1498
-2477
-2982
-3089
-2742
-2293
-2622
-3101
-3179
-2508
-1538
-653
-414
-614
-640
-4
933
1603
1501
1283
1407
1509
1406
1301
1047
673
330
-159
-993
-1898
-2430
-2740
-3220
-4019
-4658
-5206
-4614
-3651
-3661
-5134
-5157
-3932
-2824
-1729
-882
-1462
-2143
-453
1854
3395
3459
3435
3321
4461
5670
6522
6551
6001
5356
5342
5532
5033
4473
3594
2708
1613
1044
376
38
-566
-1432
-2269
-2787
-2946
-2815
-2447
-2533
-2910
-3060
-2575
-1711
-948
-533
-504
-536
-187
620
1380
1436
1362
1386
1416
1249
1229
1031
712
212
-321
-998
-1717
-2294
-2819
-3265
-4011
-4518
-5098
-4445
-3710
-3749
-5154
-4883
-3735
-2885
-1934
-1022
-1417
-2156
-439
1695
3148
3116
3368
3258
4411
5485
6378
6390
5922
5308
5290
5524
5010
4530
3634
2794
1668
1219
547
210
-534
-1386
-2179
-2561
-2749
-2808
-2613
-2684
-2914
-3016
-2589
-1884
-1287
-936
-712
-553
-306
315
1020
1218
1332
1460
1434
1214
1188
1196
978
481
-160
-825
-1429
-1996
-2474
-3068
-3736
-4379
-4671
-3907
-3275
-3782
-5082
-4483
-3340
-2567
-1700
-1047
-1798
-2135
-168
1985
2942
2853
2978
3081
4375
5473
6262
6025
5527
4982
5207
5255
4796
4254
3399
2473
1477
1060
440
181
-627
-1489
-2320
-2569
-2708
-2609
-2446
-2732
-3093
-3057
-2462
-1662
-1110
-970
-914
-666
-196
509
1047
1140
1229
1395
1374
1207
1179
1152
934
490
-171
-955
-1527
-2021
-2341
-3083
-3700
-4430
-4533
-3711
-2987
-3734
-5033
-4309
-3213
-2261
-1385
-886
-2009
-1922
90
2296
2991
2968
2784
3091
4522
5583
6218
5863
5358
4837
5269
5129
4677
3975
3272
2269
1479
939
425
104
-640
-1503
-2263
-2547
-2658
-2411
-2298
-2726
-3211
-2997
-2359
-1473
-1046
-978
-1075
-747
-88
695
1013
972
1082
1268
1266
1120
1063
898
766
396
-288
-1199
-1738
-2101
-2340
-3016
-3693
-4475
-4613
-3616
-2914
-3681
-4949
-4238
-3283
-2181
-1215
-897
-2036
-1723
264
2262
3045
2956
2723
3165
4710
5542
6083
5739
5260
4896
5395
5135
4511
3869
3256
2412
1693
1124
452
79
-553
-1214
-1929
-2399
-2596
-2413
-2289
-2563
-2916
-2840
-2392
-1640
-1163
-979
-1018
-820
-250
441
763
843
1020
1126
1049
949
911
766
761
416
-322
-1253
-1737
-2010
-2250
-2816
-3506
-4361
-4575
-3487
-2885
-3652
-4805
-4080
-3300
-2272
-1297
-969
-1987
-1588
309
2127
2889
2822
2758
3212
4677
5393
5995
5651
5303
4981
5431
5108
4564
3941
3328
2509
1797
1290
531
67
-659
-1185
-1903
-2302
-2619
-2576
-2567
-2609
-2813
-2802
-2483
-1961
-1462
-1143
-1001
-900
-448
109
515
755
1021
1100
966
841
878
880
865
463
-188
-1068
-1609
-1880
-2083
-2703
-3307
-4086
-4299
-3378
-2828
-3619
-4633
-3795
-3096
-2281
-1398
-945
-1923
-1438
424
2181
2720
2741
2765
3224
4574
5336
5916
5574
5250
4904
5302
5067
4585
3909
3255
2402
1718
1232
538
-45
-806
-1390
-1971
-2287
-2538
-2568
-2505
-2600
-2758
-2713
-2299
-1848
-1399
-1089
-978
-824
-447
132
460
801
988
1032
789
701
850
951
801
210
-428
-1246
-1620
-1811
-2059
-2910
-3453
-4101
-3978
-3059
-2757
-3860
-4543
-3475
-2792
-2004
-1269
-1163
-2144
-1114
770
2334
2508
2558
2534
3352
4642
5349
5713
5310
5006
4823
5296
4915
4477
3736
3198
2307
1769
1171
584
-14
-720
-1338
-1918
-2232
-2406
-2282
-2288
-2522
-2749
-2618
-2121
-1583
-1221
-1081
-1061
-844
-399
172
469
766
838
786
534
617
822
870
519
-90
-782
-1406
-1578
-1729
-2217
-3039
-3510
-4032
-3407
-2621
-2826
-4141
-4019
-3064
-2405
-1621
-1078
-1676
-2160
-518
1199
2330
2213
2264
2328
3692
4673
5271
5280
4882
4613
4857
5196
4626
4210
3468
2991
2221
1873
1142
660
-2
-665
-1208
-1768
-2145
-2255
-2061
-2275
-2558
-2738
-2496
-2020
-1528
-1329
-1286
-1229
-951
-395
57
346
567
632
489
401
588
818
781
328
-220
-862
-1263
-1427
-1524
-2256
-2880
-3354
-3522
-2798
-2254
-2968
-4112
-3446
-2651
-2034
-1392
-1097
-2115
-1886
-52
1572
2117
1954
2012
2473
3933
4658
5179
4948
4621
4491
5028
5011
4466
3988
3348
2785
2207
1853
1130
631
-108
-686
-1190
-1725
-2122
-2169
-2091
-2389
-2660
-2699
-2401
-1997
-1676
-1499
-1476
-1378
-1016
-412
-84
189
385
356
208
296
609
760
579
27
-483
-988
-1144
-1314
-1650
-2496
-2876
-3271
-3025
-2273
-2182
-3385
-3902
-2831
-2185
-1540
-1020
-1279
-2257
-1193
642
1971
2031
1958
1934
2815
4129
4818
5093
4709
4439
4447
4980
4765
4380
3702
3111
2395
1994
1618
1111
537
-254
-823
-1343
-1699
-1957
-1924
-2040
-2438
-2701
-2523
-2105
-1788
-1607
-1568
-1616
-1423
-878
-343
-121
71
170
50
1
267
569
556
178
-353
-865
-1155
-1177
-1384
-2023
-2684
-2984
-3218
-2610
-1990
-2416
-3665
-3343
-2366
-1730
-1044
-751
-1595
-1893
-324
1313
2150
2053
1997
2011
3258
4348
4967
4814
4529
4252
4460
4757
4553
4116
3374
2755
2021
1757
1369
1030
377
-345
-994
-1405
-1608
-1696
-1659
-1928
-2426
-2596
-2212
-1729
-1501
-1498
-1648
-1678
-1299
-674
-269
-136
-87
-112
-215
-51
282
437
177
-279
-717
-1131
-1254
-1318
-1667
-2367
-2709
-3047
-2941
-2253
-1904
-2811
-3467
-2693
-2051
-1410
-713
-875
-1869
-1228
420
1743
2069
2064
1873
2345
3706
4580
4872
4529
4301
4159
4623
4620
4333
3745
3145
2476
1952
1628
1165
807
213
-435
-1083
-1496
-1721
-1663
-1636
-2057
-2595
-2646
-2196
-1697
-1496
-1637
-1917
-1829
-1323
-645
-197
-135
-341
-450
-348
116
485
494
-104
-532
-873
-978
-1023
-1216
-1859
-2376
-2523
-2837
-2234
-1692
-1902
-3186
-2732
-2145
-1697
-1066
-415
-1325
-1796
-406
998
1937
1945
2129
1823
2995
3874
4697
4626
4421
3974
4176
4550
4282
4021
3452
2895
2025
1748
1281
1013
555
-33
-773
-1343
-1710
-1718
-1521
-1771
-2440
-2779
-2500
-1961
-1582
-1503
-1849
-2105
-1818
-1134
-448
-133
-323
-628
-719
-315
278
623
213
-536
-951
-1063
-836
-934
-1388
-2261
-2361
-2696
-2280
-1550
-1360
-2581
-2979
-1966
-1572
-1071
-506
-486
-1663
-839
504
1752
1844
2074
1988
2459
3457
4029
4574
4381
4204
3808
4255
4045
3870
3578
3219
2370
1587
1289
988
864
315
-339
-1134
-1600
-1664
-1363
-1298
-2017
-2612
-2617
-1988
-1585
-1366
-1563
-2009
-2078
-1568
-779
-360
-295
-605
-835
-838
-269
297
357
-312
-992
-1327
-1210
-916
-1096
-1818
-2413
-2634
-2640
-1696
-1096
-1770
-2961
-2397
-1512
-974
-412
-170
-1044
-1338
111
1474
2091
1859
1942
1991
3033
3702
4264
4272
4105
3801
3876
4071
3717
3557
3166
2740
1793
1392
1026
971
613
50
-686
-1293
-1517
-1362
-1019
-1423
-2137
-2482
-2080
-1582
-1305
-1345
-1689
-1984
-1820
-1192
-591
-359
-490
-718
-945
-766
-217
218
-72
-727
-1291
-1520
-1287
-1073
-1408
-2166
-2485
-2786
-2178
-1238
-1099
-2408
-2716
-1836
-1187
-543
-28
-415
-1482
-623
860
2033
1982
1967
1756
2379
3336
3991
4348
4155
3920
3653
4041
3843
3710
3353
3002
2195
1573
1270
1079
936
370
-243
-970
-1321
-1445
-1107
-1124
-1815
-2368
-2362
-1855
-1548
-1351
-1639
-1939
-2059
-1624
-1005
-575
-504
-745
-933
-1066
-585
-86
120
-507
-1085
-1524
-1436
-1182
-1191
-1783
-2349
-2565
-2489
-1395
-842
-1495
-2711
-1993
-1324
-656
-79
166
-1016
-1166
348
1707
2213
1970
1978
1927
3011
3581
4280
4134
4009
3536
3765
3803
3532
3302
2933
2492
1653
1250
869
893
438
-19
-672
-1177
-1563
-1366
-1003
-1324
-2023
-2387
-2133
-1645
-1274
-1295
-1620
-1957
-1873
-1290
-655
-421
-595
-930
-1170
-978
-356
140
-138
-921
-1560
-1601
-1278
-1051
-1379
-2081
-2476
-2693
-1832
-771
-655
-2109
-2331
-1521
-758
-129
556
-83
-1257
-354
1258
2403
2223
2170
1783
2493
3254
4002
4196
3969
3521
3340
3708
3410
3205
2749
2496
1848
1359
823
667
514
18
-382
-927
-1423
-1724
-1237
-1055
-1510
-2105
-2303
-1918
-1391
-1058
-1263
-1608
-1940
-1624
-966
-410
-405
-762
-1111
-1224
-775
-206
41
-580
-1308
-1716
-1490
-1227
-1183
-1689
-2269
-2557
-2525
-1427
-647
-1055
-2362
-1892
-1186
-511
136
648
-469
-975
395
1856
2486
2260
2195
1969
2916
3490
4162
4038
3804
3265
3469
3595
3241
2953
2623
2258
1597
1234
777
665
345
-50
-521
-1060
-1543
-1562
-1138
-1201
-1754
-2182
-2198
-1697
-1254
-1088
-1430
-1739
-1856
-1369
-779
-363
-513
-875
-1143
-1096
-607
-187
-169
-830
-1347
-1654
-1396
-1260
-1286
-1898
-2184
-2490
-2269
-1248
-652
-1422
-2335
-1529
-1017
-405
181
470
-775
-603
779
2059
2303
2222
2111
2235
3174
3606
4081
3886
3705
3268
3611
3453
3100
2800
2599
2067
1454
1086
692
555
246
-155
-741
-1266
-1605
-1438
-1151
-1410
-2001
-2274
-2070
-1538
-1198
-1215
-1568
-1780
-1675
-1164
-604
-340
-550
-856
-1102
-983
-520
-126
-283
-883
-1438
-1695
-1435
-1259
-1423
-1995
-2148
-2581
-2019
-976
-625
-1802
-2112
-1246
-816
-176
457
265
-913
-140
1200
2312
2309
2341
2109
2651
3422
3768
4047
3926
3623
3300
3619
3284
2955
2679
2429
1722
1211
804
514
365
35
-462
-1032
-1495
-1664
-1362
-1163
-1599
-2138
-2232
-1875
-1401
-1138
-1272
-1618
-1773
-1517
-972
-484
-379
-633
-931
-1184
-916
-422
-116
-552
-1143
-1660
-1715
-1397
-1243
-1648
-2206
-2330
-2593
-1620
-705
-843
-2182
-1871
-975
-499
163
632
-60
-890
417
1767
2597
2319
2329
2181
3045
3658
3979
4071
3846
3484
3408
3695
3226
2908
2601
2252
1503
1106
711
483
241
-154
-643
-1205
-1649
-1660
-1296
-1270
-1844
-2213
-2160
-1771
-1361
-1136
-1344
-1715
-1745
-1367
-818
-476
-407
-691
-983
-1137
-712
-251
-172
-724
-1257
-1636
-1615
-1311
-1267
-1847
-2378
-2506
-2456
-1408
-742
-1272
-2399
-1814
-947
-363
251
465
-444
-724
734
2089
2582
2248
2145
2261
3246
3822
4130
4001
3694
3410
3640
3766
3309
2939
2630
2194
1579
1228
818
527
218
-184
-676
-1268
-1666
-1595
-1316
-1416
-1981
-2244
-2176
-1780
-1414
-1242
-1555
-1902
-1827
-1356
-868
-612
-545
-818
-1017
-997
-495
-165
-256
-751
-1154
-1415
-1415
-1240
-1355
-1924
-2266
-2382
-2286
-1308
-769
-1469
-2371
-1663
-941
-428
213
339
-614
-611
777
2046
2451
2201
1968
2223
3275
3804
4147
3980
3604
3305
3706
3742
3349
2967
2602
2075
1566
1284
957
640
149
-340
-786
-1247
-1521
-1382
-1289
-1556
-2009
-2056
-1916
-1536
-1304
-1253
-1564
-1745
-1569
-1118
-847
-689
-541
-697
-853
-867
-460
-250
-286
-698
-1116
-1454
-1487
-1346
-1500
-2020
-2339
-2387
-2505
-1567
-835
-1382
-2507
-1846
-1003
-633
43
407
-431
-797
598
1929
2551
2329
2118
2152
3188
3806
4225
4165
3697
3292
3576
3780
3369
3039
2536
1963
1363
1150
921
673
98
-569
-1042
-1428
-1525
-1340
-1283
-1748
-2197
-2122
-1791
-1367
-1203
-1261
-1543
-1528
-1164
-657
-624
-701
-476
-374
-389
-529
-401
-428
-306
-434
-779
-1300
-1584
-1581
-1575
-1788
-2290
-2428
-2761
-2273
-1340
-1118
-2253
-2461
-1529
-1020
-472
243
62
-900
-133
1431
2490
2565
2475
2312
2869
3764
4310
4475
4119
3659
3569
3926
3713
3314
2793
2279
1613
1238
918
645
238
-367
-1011
-1486
-1672
-1689
-1516
-1719
-2156
-2430
-2162
-1775
-1338
-1241
-1405
-1558
-1267
-695
-435
-432
-395
-228
-183
-200
-222
-173
-203
-212
-463
-889
-1341
-1554
-1537
-1661
-2088
-2502
-2651
-2827
-2069
-1412
-1812
-2845
-2335
-1491
-1134
-394
126
-511
-983
533
1903
2643
2535
2590
2538
3407
4145
4583
4603
4181
3835
3928
4187
3681
3289
2811
2307
1569
1174
781
448
4
-602
-1173
-1603
-1922
-1891
-1709
-1851
-2363
-2511
-2332
-1834
-1423
-1264
-1455
-1558
-1251
-788
-320
-174
-100
-162
-147
-232
50
244
196
-246
-671
-1089
-1368
-1358
-1488
-1912
-2501
-2644
-2989
-2470
-1731
-1789
-2878
-2826
-1945
-1641
-968
-211
-386
-1279
-200
1289
2345
2439
2585
2482
3031
3888
4426
4776
4487
4154
4023
4386
3918
3543
3214
2788
1929
1359
938
484
130
-329
-857
-1457
-1952
-2107
-1819
-1695
-2109
-2432
-2448
-2188
-1718
-1220
-1147
-1456
-1421
-1041
-464
-112
151
160
39
-251
-109
350
546
177
-447
-991
-1488
-1451
-1346
-1581
-2342
-2760
-3199
-2969
-1991
-1633
-2571
-3226
-2437
-1980
-1266
-479
-190
-1169
-736
731
2101
2544
2616
2592
2863
3755
4278
4858
4734
4467
4144
4456
4126
3715
3419
3048
2256
1535
1026
467
148
-223
-707
-1385
-1996
-2304
-2050
-1804
-2033
-2367
-2529
-2488
-2050
-1406
-1088
-1377
-1457
-1189
-662
-225
191
341
188
-121
-180
229
569
502
-148
-790
-1407
-1568
-1397
-1374
-1967
-2689
-3152
-3394
-2513
-1636
-2012
-3236
-3009
-2295
-1699
-754
-63
-677
-1261
-3
1542
2625
2759
2767
2679
3417
4137
4819
5124
4798
4335
4260
4386
4007
3768
3305
2648
1824
1238
724
430
114
-489
-1165
-1794
-2191
-2107
-1836
-1882
-2267
-2526
-2613
-2216
-1624
-1172
-1285
-1506
-1399
-947
-384
28
310
119
-186
-382
29
451
583
-13
-770
-1356
-1594
-1439
-1348
-1727
-2669
-3097
-3481
-2942
-1971
-1739
-2991
-3470
-2675
-2071
-1173
-243
-309
-1463
-718
891
2442
2822
2854
2538
2958
3918
4708
5318
5102
4585
4102
4452
4332
4131
3624
3020
2141
1457
990
711
446
-215
-921
-1518
-1984
-2082
-1790
-1648
-2051
-2448
-2579
-2294
-1682
-1135
-1016
-1329
-1428
-1093
-354
134
421
309
-1
-385
-117
497
724
229
-625
-1234
-1623
-1465
-1367
-1619
-2634
-3220
-3529
-3457
-2505
-2019
-2764
-3901
-3166
-2570
-1804
-863
-218
-1286
-1286
294
1903
2829
2813
2732
2646
3784
4456
5295
5300
4956
4251
4457
4594
4257
3910
3316
2555
1652
1190
704
495
-86
-791
-1394
-1880
-2265
-2120
-1758
-1945
-2456
-2601
-2493
-1997
-1330
-890
-1121
-1356
-1150
-453
196
478
543
329
19
-132
452
753
560
-238
-803
-1328
-1483
-1360
-1514
-2154
-3115
-3245
-3670
-3118
-2464
-2378
-3612
-3710
-2834
-2357
-1510
-557
-508
-1476
-350
1095
2581
2821
2992
2722
3433
4319
4961
5499
5278
4741
4379
4850
4460
4146
3635
3025
2021
1475
943
503
41
-618
-1263
-1696
-2207
-2427
-2187
-1974
-2411
-2580
-2563
-2311
-1760
-1081
-924
-1247
-1095
-661
67
341
633
583
423
12
256
628
607
166
-464
-995
-1522
-1520
-1607
-1893
-2767
-3324
-3575
-3760
-3159
-2597
-2882
-3958
-3550
-2733
-2146
-1266
-407
-857
-1317
122
1708
2830
2900
3053
2990
3918
4692
5435
5656
5236
4717
4683
4941
4465
4162
3487
2749
1837
1438
853
356
-215
-874
-1431
-1904
-2313
-2438
-2172
-2168
-2444
-2529
-2452
-2066
-1443
-928
-1002
-1123
-851
-325
226
510
780
674
338
30
397
608
512
-50
-714
-1389
-1725
-1745
-1883
-2326
-3208
-3659
-4030
-3881
-3150
-2660
-3345
-4091
-3416
-2648
-1858
-865
-388
-1286
-1061
629
2254
3010
3102
3032
3224
4392
5219
5820
5631
5232
4782
5006
4963
4567
4018
3276
2458
1783
1333
689
159
-483
-1106
-1582
-1980
-2375
-2410
-2232
-2255
-2427
-2380
-2246
-1771
-1238
-868
-931
-825
-535
-39
349
658
909
768
323
103
382
476
318
-222
-945
-1744
-2127
-2196
-2292
-2813
-3585
-4136
-4556
-4323
-3348
-2913
-3674
-4304
-3524
-2698
-1676
-642
-403
-1224
-694
1112
2744
3479
3410
3303
3713
5015
5693
6118
5805
5404
4985
5224
5082
4540
3835
3087
2357
1620
1089
465
-47
-770
-1283
-1649
-2086
-2440
-2384
-2195
-2295
-2379
-2257
-1986
-1518
-1075
-770
-687
-490
-193
217
457
715
939
778
366
184
247
233
103
-410
-1238
-2029
-2499
-2606
-2678
-3108
-3907
-4471
-4848
-4579
-3497
-3065
-3838
-4415
-3392
-2630
-1588
-538
-166
-1029
-379
1520
3047
3626
3548
3625
3964
5159
5626
6092
5693
5294
4824
5095
4788
4128
3521
2892
2160
1321
807
180
-218
-774
-1129
-1593
-2129
-2424
-2140
-1790
-1898
-2076
-2010
-1750
-1173
-622
-304
-407
-317
-56
402
642
837
852
570
223
108
258
177
-75
-787
-1513
-2277
-2604
-2691
-2848
-3416
-4138
-4526
-4948
-4380
-3334
-3007
-4032
-4099
-3155
-2422
-1338
-157
-86
-1039
-8
1782
3272
3530
3660
3464
4004
4932
5591
5882
5448
4928
4601
4877
4415
3945
3326
2741
1844
1251
667
164
-268
-656
-1080
-1562
-2096
-2260
-1873
-1512
-1658
-1871
-1840
-1587
-952
-356
-153
-385
-348
-108
359
618
815
654
293
-123
-104
164
169
-299
-1139
-1872
-2497
-2659
-2636
-2931
-3666
-4397
-4662
-4857
-4012
-3116
-3039
-4045
-3852
-2936
-2069
-894
34
-115
-873
367
1970
3453
3557
3684
3397
4118
4895
5584
5748
5373
4851
4571
4773
4315
3985
3336
2764
1781
1312
723
312
-224
-570
-1082
-1529
-1997
-2072
-1805
-1529
-1667
-1834
-1808
-1568
-1013
-503
-293
-466
-420
-275
131
420
742
571
150
-365
-328
-35
59
-445
-1279
-2072
-2608
-2744
-2607
-2919
-3696
-4470
-4665
-4742
-4047
-3087
-3002
-3855
-3892
-2838
-2019
-749
159
147
-660
409
2040
3481
3843
3905
3657
4087
5005
5574
5902
5573
5051
4530
4678
4369
4032
3461
2815
1829
1192
683
252
-163
-583
-1148
-1624
-2040
-2137
-1882
-1541
-1691
-1895
-1866
-1614
-1051
-511
-235
-441
-434
-336
112
499
833
642
197
-318
-385
-105
-24
-468
-1289
-2114
-2663
-2792
-2664
-2955
-3664
-4462
-4742
-4844
-4207
-3173
-3055
-3888
-4123
-3006
-2132
-807
126
149
-751
204
2013
3519
4000
3953
3756
4060
5083
5655
6089
5722
5101
4520
4689
4464
4041
3483
2779
1820
1109
647
239
-128
-594
-1154
-1584
-2040
-2157
-1857
-1418
-1594
-1852
-1786
-1516
-918
-333
5
-336
-403
-255
288
686
931
695
191
-327
-395
-98
-90
-623
-1506
-2364
-2814
-2921
-2839
-3204
-3939
-4780
-4946
-4905
-4391
-3410
-3304
-4000
-4300
-3010
-2142
-858
41
198
-648
268
2142
3627
4193
4072
3954
4159
5235
5740
6287
5900
5197
4516
4682
4509
4056
3506
2729
1755
979
656
352
-13
-593
-1113
-1501
-1943
-1995
-1607
-1216
-1431
-1724
-1627
-1311
-674
-126
144
-232
-362
-179
370
756
882
607
57
-479
-519
-180
-213
-848
-1808
-2647
-3079
-3160
-3084
-3464
-4231
-5034
-5128
-5092
-4619
-3561
-3309
-3926
-4291
-3066
-2180
-820
188
438
-462
273
2084
3707
4396
4204
3987
4114
5214
5749
6371
5929
5175
4422
4637
4508
4094
3487
2677
1736
1050
759
390
-7
-561
-1004
-1341
-1782
-1937
-1605
-1158
-1239
-1554
-1559
-1360
-714
-135
223
-152
-366
-305
229
629
805
561
-4
-583
-678
-299
-313
-885
-1821
-2569
-3086
-3242
-3240
-3466
-4099
-4785
-5012
-5103
-4802
-3685
-3103
-3517
-4061
-3170
-2305
-1048
200
777
-60
81
1769
3498
4427
4321
4159
4019
4991
5630
6309
5979
5315
4507
4577
4599
4195
3580
2792
1989
1175
809
311
-52
-586
-913
-1339
-1860
-2199
-1847
-1273
-1198
-1557
-1717
-1551
-908
-187
248
-27
-395
-343
211
700
884
716
126
-466
-626
-301
-309
-834
-1741
-2479
-3005
-3270
-3403
-3513
-4059
-4709
-5078
-5143
-5034
-4036
-3254
-3430
-3990
-3371
-2503
-1405
75
879
252
-9
1586
3329
4495
4602
4416
4095
4898
5736
6345
6197
5515
4681
4537
4686
4320
3722
2895
2059
1198
753
256
-84
-561
-942
-1394
-1893
-2306
-1955
-1288
-1142
-1501
-1718
-1558
-951
-70
346
149
-296
-230
253
853
1026
824
235
-408
-620
-406
-344
-932
-1731
-2515
-3085
-3483
-3558
-3612
-4134
-4777
-5213
-5257
-5288
-4392
-3433
-3358
-4013
-3655
-2621
-1571
-83
852
561
-52
1329
3132
4529
4730
4534
4144
4705
5673
6226
6309
5602
4815
4350
4616
4298
3813
2997
2147
1237
750
442
103
-278
-825
-1222
-1632
-1914
-1773
-1181
-971
-1312
-1482
-1303
-795
-152
351
277
-38
-89
261
709
864
761
320
-259
-745
-731
-705
-1012
-1692
-2383
-3147
-3718
-3906
-3848
-4085
-4674
-5187
-5440
-5461
-5030
-3822
-3238
-3645
-3985
-3018
-1917
-588
677
1044
370
747
2521
4108
4930
4843
4537
4425
5314
5999
6435
6099
5300
4459
4387
4474
4066
3447
2566
1674
872
609
383
88
-504
-1026
-1386
-1693
-1727
-1362
-980
-1157
-1426
-1368
-970
-464
40
275
97
-134
-30
375
618
656
383
-92
-725
-984
-964
-907
-1294
-2028
-2950
-3670
-3907
-3845
-3780
-4285
-4951
-5528
-5456
-5264
-4227
-3344
-3282
-3995
-3643
-2436
-1174
236
970
723
232
1520
3223
4778
4967
4648
4135
4720
5650
6328
6466
5727
4757
4224
4582
4404
3929
2992
2197
1267
761
494
362
-102
-729
-1139
-1519
-1790
-1545
-949
-832
-1204
-1417
-1167
-656
-9
409
389
-84
-252
71
595
652
431
-58
-642
-1143
-1167
-992
-1148
-1851
-2850
-3636
-3993
-3926
-3784
-4039
-4829
-5526
-5541
-5154
-4621
-3597
-3121
-3497
-3902
-2766
-1441
-196
749
1059
522
810
2557
4249
5122
4682
4288
4262
5335
5995
6469
6034
5086
4257
4385
4615
4110
3357
2371
1631
962
706
361
108
-469
-970
-1310
-1536
-1561
-1154
-778
-924
-1233
-1138
-740
-203
262
481
230
-154
-148
249
536
389
85
-470
-1013
-1368
-1275
-1324
-1650
-2415
-3315
-3964
-4151
-3987
-3961
-4382
-5185
-5567
-5334
-4893
-4275
-3287
-3049
-3507
-3437
-1998
-821
230
1017
1148
693
1489
3299
4654
5014
4554
4343
4624
5646
6095
6373
5722
4842
4246
4587
4488
3836
2987
2176
1493
1021
699
275
-65
-584
-1004
-1274
-1395
-1427
-1097
-877
-996
-1206
-929
-621
-193
99
337
33
-206
-212
147
281
149
-233
-734
-1210
-1511
-1478
-1640
-1987
-2803
-3497
-4109
-4206
-4217
-4201
-4715
-5241
-5449
-5148
-4864
-4237
-3264
-2950
-3183
-2944
-1575
-617
513
1282
1554
1142
2069
3588
4817
5056
4816
4646
4920
5730
6094
6320
5661
4903
4327
4581
4288
3687
2892
2213
1448
945
599
268
-119
-629
-1040
-1291
-1421
-1370
-1052
-919
-1099
-1183
-849
-592
-295
-31
176
-130
-262
-242
57
55
-49
-388
-763
-1286
-1565
-1600
-1764
-2175
-2939
-3541
-4122
-4207
-4364
-4375
-4827
-5134
-5341
-5034
-4829
-4282
-3286
-2772
-2861
-2745
-1501
-608
519
1353
1824
1391
2069
3431
4721
5107
4915
4712
4848
5590
5911
6193
5631
4886
4220
4401
4198
3613
2876
2184
1400
932
669
316
-145
-614
-999
-1118
-1179
-1227
-1073
-911
-896
-932
-639
-584
-369
-157
202
-18
-228
-375
-248
-194
-236
-380
-823
-1455
-1933
-1838
-1849
-2234
-3011
-3667
-4178
-4257
-4266
-4304
-4619
-4950
-5108
-4801
-4433
-4012
-3065
-2441
-2384
-2405
-1355
-422
570
1507
2064
1712
1953
3262
4515
5155
4908
4703
4598
5329
5689
5952
5522
4807
4159
4135
4095
3493
2941
2291
1651
1015
701
304
28
-291
-671
-924
-1131
-1296
-1127
-737
-624
-896
-970
-931
-567
-232
24
-191
-601
-820
-682
-423
-484
-685
-1162
-1663
-2190
-2158
-2114
-2351
-3032
-3691
-4162
-4312
-4284
-4295
-4366
-4651
-4832
-4753
-4291
-3947
-2981
-2209
-2032
-2231
-1532
-450
466
1592
2201
2006
1761
2956
4284
5218
5067
4802
4566
5074
5647
5961
5781
4948
4293
4008
4101
3632
3255
2591
1870
1146
778
485
280
33
-484
-829
-1108
-1269
-1139
-718
-612
-925
-1152
-1166
-792
-357
-97
-310
-749
-1052
-882
-584
-607
-818
-1246
-1750
-2219
-2237
-2257
-2390
-2876
-3460
-4051
-4249
-4220
-4142
-4102
-4355
-4605
-4733
-4239
-3904
-2999
-2189
-1895
-2226
-1804
-613
365
1383
2031
2047
1597
2538
3927
5122
5088
4806
4508
4946
5593
5980
5964
5205
4462
4047
4226
3930
3565
2899
2131
1390
1050
773
535
296
-279
-735
-937
-1123
-1152
-857
-685
-972
-1211
-1273
-1031
-637
-313
-395
-807
-1155
-1146
-842
-802
-957
-1279
-1766
-2272
-2363
-2334
-2455
-2743
-3210
-3824
-4227
-4223
-4124
-4028
-4165
-4496
-4677
-4476
-3912
-3377
-2339
-1953
-1960
-2075
-982
118
1056
1860
2114
1797
1921
3489
4642
5310
4780
4641
4501
5444
5867
6025
5484
4738
4197
4072
4239
3714
3216
2293
1725
1125
963
598
410
-53
-609
-882
-1043
-1185
-1042
-784
-850
-1255
-1426
-1304
-861
-530
-492
-833
-1278
-1406
-1142
-817
-985
-1279
-1736
-2140
-2386
-2247
-2269
-2475
-2918
-3442
-3879
-3995
-3904
-3858
-3825
-4185
-4413
-4359
-3840
-3444
-2793
-1975
-1777
-1817
-1489
-296
486
1446
2025
2155
1704
2472
3883
4961
5132
4650
4438
4716
5667
5939
5998
5233
4562
4078
4315
4201
3737
2977
2115
1519
1193
1026
672
320
-312
-743
-877
-1046
-1187
-1009
-939
-1182
-1522
-1499
-1267
-888
-792
-932
-1291
-1512
-1404
-1065
-1026
-1343
-1644
-1939
-2148
-2230
-2204
-2445
-2728
-3083
-3405
-3675
-3812
-3879
-3907
-3868
-4063
-4086
-3965
-3531
-3311
-2633
-1812
-1488
-1518
-1131
-56
651
1596
2131
2272
1892
2860
4043
4951
4891
4609
4469
4913
5617
5735
5678
4963
4445
4039
4289
3926
3489
2670
1986
1389
1147
856
456
1
-551
-891
-1090
-1292
-1368
-1237
-1264
-1526
-1724
-1615
-1363
-1129
-1172
-1241
-1451
-1465
-1352
-1094
-1266
-1476
-1636
-1719
-1916
-2051
-2183
-2448
-2559
-2761
-3019
-3442
-3663
-3734
-3619
-3495
-3612
-3746
-3725
-3333
-3051
-2284
-1494
-1270
-1420
-937
152
831
1719
2240
2296
2040
3074
4129
4843
4867
4677
4568
5035
5634
5629
5604
5106
4594
4157
4291
3917
3505
2801
2078
1390
1042
726
335
-61
-663
-1172
-1462
-1567
-1552
-1399
-1532
-1880
-2003
-1790
-1497
-1290
-1280
-1360
-1493
-1458
-1279
-1044
-1181
-1444
-1586
-1611
-1783
-1882
-2044
-2348
-2552
-2688
-2893
-3268
-3567
-3705
-3650
-3540
-3595
-3719
-3730
-3493
-3190
-2620
-1751
-1308
-1341
-1180
-208
552
1421
2200
2453
2066
2630
3924
4756
5010
4819
4694
4861
5571
5761
5748
5331
4695
4218
4300
4152
3539
2903
2099
1348
862
739
308
-249
-907
-1429
-1669
-1702
-1666
-1646
-1778
-2077
-2084
-1759
-1436
-1327
-1270
-1243
-1247
-1194
-971
-838
-930
-1227
-1325
-1307
-1437
-1651
-1884
-2183
-2498
-2568
-2712
-3072
-3548
-3751
-3742
-3708
-3678
-3765
-3728
-3702
-3377
-3022
-2094
-1297
-959
-1031
-524
395
1295
2452
2994
2828
2578
3742
4819
5598
5499
5276
5007
5421
5930
6042
5802
4947
4316
4044
4115
3487
2850
1939
1159
496
293
-73
-683
-1300
-1849
-2088
-2180
-2163
-2198
-2220
-2352
-2387
-2143
-1817
-1590
-1454
-1334
-1281
-1227
-1023
-870
-797
-995
-1142
-1202
-1198
-1382
-1626
-1906
-2223
-2381
-2461
-2709
-3205
-3542
-3573
-3547
-3461
-3562
-3563
-3591
-3316
-3035
-2267
-1293
-808
-785
-623
297
1074
2314
3045
3245
2725
3342
4454
5507
5750
5445
5168
5104
5613
5837
6026
5225
4426
3799
3818
3438
2894
2110
1244
459
-26
-185
-615
-1146
-1779
-2070
-2272
-2279
-2224
-2157
-2250
-2327
-2217
-1934
-1644
-1429
-1276
-1166
-1133
-1059
-884
-700
-704
-847
-971
-1044
-1154
-1280
-1498
-1815
-2161
-2234
-2399
-2725
-3185
-3369
-3433
-3406
-3380
-3471
-3493
-3517
-3158
-2836
-1868
-1161
-739
-874
-309
481
1416
2464
3044
2956
2637
3559
4491
5430
5349
5202
4696
4998
5367
5660
5489
4710
3902
3364
3363
2927
2493
1595
759
-41
-379
-598
-770
-1227
-1868
-2324
-2374
-2285
-1973
-1881
-2019
-2356
-2177
-1743
-1220
-1005
-1098
-1176
-1159
-827
-602
-385
-714
-961
-1122
-942
-992
-1171
-1551
-1971
-2275
-2329
-2270
-2617
-3105
-3468
-3393
-3375
-3227
-3228
-3225
-3278
-2974
-2524
-1763
-673
-196
-178
-91
929
1735
2923
3520
3592
2991
3586
4705
5597
5745
5291
4928
4780
5414
5485
5513
4583
3796
3044
3061
2682
2159
1384
459
-327
-775
-922
-1192
-1469
-1987
-2395
-2532
-2433
-2219
-1948
-1928
-2101
-2149
-1813
-1429
-998
-941
-971
-1109
-963
-801
-526
-592
-909
-1238
-1275
-1256
-1359
-1555
-1960
-2378
-2681
-2582
-2648
-2881
-3288
-3375
-3430
-3271
-3058
-2818
-2779
-2699
-2349
-1822
-722
150
470
231
773
1560
2650
3505
3853
3322
3154
4027
4997
5560
5220
4775
4266
4658
4903
5031
4466
3660
2829
2561
2440
1945
1363
544
-166
-760
-993
-1324
-1481
-1675
-1999
-2328
-2407
-2323
-2042
-1663
-1597
-1859
-1995
-1729
-1194
-717
-613
-852
-1095
-996
-553
-194
-289
-785
-1172
-1261
-1080
-946
-1172
-1743
-2308
-2452
-2333
-2165
-2349
-2693
-3038
-3079
-2879
-2456
-2154
-2225
-2293
-2068
-1486
-562
343
572
357
568
1370
2280
3157
3457
3087
2783
3438
4323
4900
4802
4364
3923
4014
4362
4476
4159
3406
2729
2319
2179
1759
1307
642
-20
-603
-910
-1223
-1444
-1458
-1666
-2033
-2415
-2342
-2083
-1653
-1487
-1741
-2088
-2048
-1434
-819
-503
-824
-1165
-1136
-570
-18
85
-315
-922
-1103
-833
-463
-623
-1194
-1774
-2039
-1916
-1709
-1685
-2128
-2630
-2768
-2552
-2251
-2066
-2016
-2241
-2242
-1866
-1290
-428
202
255
-47
457
1238
2104
2872
3152
2621
2454
3333
4152
4702
4525
4116
3599
3898
4173
4338
3950
3162
2390
2054
1922
1482
1134
380
-362
-920
-1129
-1452
-1606
-1628
-1987
-2339
-2626
-2532
-2292
-1838
-1704
-1944
-2118
-2006
-1340
-753
-377
-634
-817
-787
-171
399
490
105
-409
-564
-370
33
-173
-758
-1326
-1515
-1474
-1257
-1333
-1870
-2359
-2410
-2267
-2065
-1911
-1985
-2262
-2170
-1743
-1384
-675
-21
89
-185
359
1082
1802
2541
2962
2524
2357
3146
3898
4419
4370
3986
3485
3721
3949
4065
3770
3027
2166
1821
1702
1319
912
179
-621
-1130
-1341
-1607
-1779
-1957
-2370
-2583
-2685
-2726
-2563
-2159
-1984
-2028
-1937
-1790
-1336
-769
-262
-184
-194
-245
135
702
947
755
420
138
53
347
389
-35
-673
-1048
-1217
-1102
-1157
-1541
-2055
-2380
-2511
-2396
-2166
-2189
-2414
-2525
-2232
-1956
-1410
-668
-241
-420
-276
524
1255
1957
2511
2580
2232
2679
3478
4096
4260
4021
3624
3518
3812
3815
3776
3252
2487
1833
1704
1401
925
365
-365
-970
-1370
-1550
-1796
-1949
-2293
-2475
-2532
-2562
-2521
-2181
-1850
-1704
-1539
-1333
-1055
-569
32
429
549
474
559
988
1386
1420
1199
803
399
407
616
417
-214
-870
-1307
-1460
-1399
-1597
-2112
-2739
-3110
-3129
-2849
-2645
-2794
-3028
-3052
-2674
-2196
-1426
-740
-529
-666
-220
712
1455
2153
2530
2460
2260
2921
3662
4227
4186
3853
3417
3475
3655
3645
3522
2888
2077
1492
1377
972
581
-31
-729
-1396
-1656
-1789
-1864
-1963
-2218
-2405
-2367
-2209
-1965
-1557
-1189
-1065
-928
-611
-127
404
841
1106
1106
1096
1258
1700
1890
1723
1270
823
508
532
518
76
-724
-1448
-1816
-1845
-1860
-2241
-2905
-3492
-3730
-3565
-3135
-2995
-3221
-3505
-3266
-2784
-2104
-1251
-555
-550
-593
92
1004
1781
2430
2793
2454
2444
3040
3863
4288
4207
3666
3254
3344
3439
3458
3199
2478
1558
1195
999
680
225
-359
-1118
-1580
-1713
-1729
-1735
-1839
-2070
-2071
-1841
-1654
-1338
-888
-536
-430
-145
183
626
1028
1403
1520
1528
1469
1572
1852
1900
1598
1089
618
208
137
-1
-502
-1339
-2019
-2398
-2471
-2493
-2832
-3420
-3950
-4098
-3862
-3398
-3191
-3386
-3581
-3324
-2725
-2022
-1100
-488
-409
-404
291
1140
1905
2541
2814
2572
2500
3026
3668
4153
4038
3558
3072
3136
3169
3185
2932
2296
1477
1052
900
644
306
-253
-833
-1256
-1326
-1318
-1217
-1302
-1437
-1406
-1218
-1030
-683
-224
49
170
339
581
906
1285
1534
1582
1451
1272
1299
1495
1469
1121
629
53
-390
-489
-588
-1084
-1818
-2431
-2827
-2925
-2916
-3090
-3544
-3973
-4135
-3873
-3444
-3168
-3229
-3288
-3108
-2569
-1874
-1031
-404
-181
-147
327
1137
1830
2404
2718
2634
2367
2727
3317
3817
3714
3339
2823
2766
2828
2862
2696
2219
1507
998
908
768
550
122
-332
-765
-866
-818
-661
-661
-764
-825
-722
-540
-207
213
477
499
533
656
928
1239
1479
1463
1229
943
907
1077
1069
768
199
-421
-900
-945
-998
-1366
-2047
-2646
-3028
-3098
-3066
-3162
-3499
-3887
-4039
-3782
-3388
-3115
-3000
-2975
-2846
-2397
-1693
-1021
-293
87
157
334
1119
1751
2290
2686
2696
2286
2429
3126
3577
3619
3229
2793
2538
2765
2795
2751
2342
1722
1164
1108
1076
848
545
84
-344
-505
-404
-358
-325
-409
-563
-575
-392
-138
163
374
367
278
373
546
815
975
964
673
423
352
478
505
198
-359
-974
-1331
-1388
-1339
-1652
-2251
-2856
-3140
-3121
-2971
-3062
-3415
-3780
-3839
-3542
-3047
-2677
-2668
-2722
-2520
-1940
-1306
-496
145
377
315
739
1493
2089
2585
2833
2695
2353
2740
3333
3780
3614
3225
2776
2769
2961
3014
2865
2339
1740
1368
1415
1251
998
595
139
-250
-282
-232
-263
-347
-480
-608
-588
-461
-273
-69
19
-51
-51
61
176
352
438
353
83
-43
-74
-4
-89
-411
-900
-1374
-1598
-1628
-1593
-1933
-2436
-2933
-3070
-2983
-2822
-2895
-3247
-3510
-3517
-3088
-2644
-2257
-2328
-2354
-2149
-1490
-866
-209
377
554
569
901
1701
2154
2617
2780
2742
2437
2791
3305
3723
3659
3273
2883
2830
3046
3063
3016
2484
1861
1444
1520
1378
1119
684
197
-221
-295
-243
-276
-430
-653
-755
-703
-622
-531
-362
-307
-324
-282
-159
-116
24
117
107
-59
-192
-277
-230
-256
-490
-851
-1260
-1564
-1635
-1563
-1786
-2223
-2628
-2842
-2837
-2665
-2619
-2864
-3133
-3222
-2941
-2476
-2119
-2031
-2031
-1909
-1562
-881
-309
218
568
771
800
1299
1964
2372
2693
2808
2635
2456
3015
3465
3730
3504
3187
2813
2953
3139
3113
2877
2244
1677
1414
1493
1190
880
350
-137
-474
-486
-549
-683
-866
-1099
-1125
-1074
-1026
-950
-775
-731
-700
-602
-561
-475
-269
-135
-180
-299
-424
-436
-283
-291
-505
-844
-1193
-1420
-1342
-1280
-1517
-1904
-2262
-2418
-2330
-2138
-2163
-2368
-2621
-2698
-2417
-1984
-1662
-1563
-1543
-1498
-1125
-573
-30
525
872
873
900
1463
1968
2459
2814
2819
2373
2427
2942
3396
3613
3378
2880
2561
2804
2913
2951
2557
1877
1288
1223
1139
853
509
-84
-602
-799
-779
-926
-1040
-1253
-1461
-1465
-1371
-1301
-1203
-1036
-972
-879
-773
-700
-545
-347
-202
-228
-259
-340
-270
-144
-111
-269
-565
-837
-1006
-942
-930
-1050
-1399
-1724
-1915
-1843
-1696
-1697
-1888
-2153
-2234
-2047
-1650
-1349
-1240
-1306
-1261
-944
-478
-71
362
714
777
812
1206
1692
2035
2412
2528
2269
2134
2526
2946
3202
3081
2696
2361
2375
2494
2526
2324
1709
1149
905
891
666
355
-160
-640
-924
-950
-950
-1056
-1274
-1521
-1549
-1456
-1323
-1176
-1026
-985
-960
-802
-589
-389
-240
-143
-95
-119
-49
86
224
191
101
-80
-265
-419
-478
-529
-668
-913
-1218
-1422
-1547
-1524
-1546
-1647
-1883
-2029
-2008
-1776
-1497
-1375
-1347
-1356
-1191
-864
-445
-160
197
541
702
788
1149
1601
1909
2264
2381
2167
2067
2498
2878
3039
2838
2448
2140
2199
2280
2215
1872
1217
702
587
607
315
-81
-632
-1069
-1244
-1119
-1178
-1403
-1665
-1807
-1759
-1520
-1308
-1186
-1096
-1012
-844
-553
-219
-32
110
195
306
381
556
703
767
724
627
496
342
215
93
-111
-370
-627
-887
-1126
-1284
-1379
-1512
-1691
-1863
-1960
-1936
-1797
-1638
-1575
-1548
-1493
-1319
-981
-607
-373
-85
305
567
687
1011
1422
1666
1936
2135
2031
1892
2205
2494
2595
2435
2127
1813
1834
1844
1691
1388
886
431
259
276
28
-321
-780
-1107
-1283
-1205
-1222
-1361
-1562
-1628
-1523
-1267
-1011
-848
-722
-592
-356
-61
290
464
547
621
797
908
1018
1093
1054
963
880
792
623
398
156
-112
-350
-587
-837
-1103
-1319
-1528
-1661
-1770
-1911
-2019
-1986
-1872
-1790
-1708
-1660
-1554
-1371
-1066
-768
-551
-365
-16
382
608
735
1000
1235
1453
1704
1805
1603
1576
1778
1955
2016
1873
1570
1333
1336
1288
1238
1004
634
253
182
170
34
-230
-527
-786
-897
-798
-760
-795
-892
-880
-786
-522
-302
-143
-43
94
227
444
658
724
755
816
894
894
938
875
785
656
543
385
171
-86
-352
-542
-742
-952
-1214
-1435
-1665
-1780
-1832
-1909
-2036
-2076
-1997
-1891
-1778
-1695
-1620
-1504
-1283
-1013
-760
-586
-350
-15
288
424
606
858
1089
1309
1483
1453
1315
1427
1676
1898
1873
1678
1437
1381
1445
1500
1430
1088
710
527
583
538
344
32
-278
-460
-450
-339
-343
-425
-532
-477
-327
-124
38
147
201
230
357
520
675
717
749
738
729
741
785
766
649
480
306
129
-84
-280
-467
-689
-959
-1218
-1452
-1655
-1781
-1847
-1967
-2142
-2274
-2256
-2141
-2030
-2000
-2007
-1968
-1823
-1545
-1248
-1060
-963
-716
-355
-45
179
419
641
853
1130
1329
1391
1397
1584
1841
2060
2038
1911
1816
1833
1898
1919
1784
1422
1150
1068
1085
956
700
350
79
-36
-16
30
-42
-214
-303
-216
-56
59
137
128
117
162
310
451
524
502
482
518
518
528
525
473
301
165
9
-190
-417
-566
-730
-944
-1231
-1478
-1677
-1781
-1840
-1913
-2110
-2308
-2361
-2269
-2130
-2109
-2149
-2190
-2046
-1846
-1545
-1349
-1228
-1088
-694
-309
-64
163
417
665
978
1326
1440
1484
1642
1929
2191
2352
2270
2140
2159
2252
2288
2227
1966
1612
1468
1469
1363
1133
810
470
259
240
197
92
-96
-255
-310
-214
-135
-125
-138
-175
-141
-47
89
140
171
164
198
245
260
239
194
123
2
-115
-286
-474
-636
-754
-884
-1108
-1369
-1594
-1703
-1767
-1826
-1976
-2200
-2335
-2310
-2161
-2094
-2084
-2158
-2062
-1856
-1570
-1373
-1221
-1067
-783
-310
38
253
391
704
1014
1460
1728
1804
1791
2004
2327
2590
2676
2500
2331
2294
2412
2397
2270
1920
1581
1402
1369
1230
949
623
292
97
21
-31
-189
-363
-502
-559
-537
-485
-440
-410
-366
-343
-273
-169
-61
21
73
91
63
76
110
129
50
-99
-298
-474
-592
-674
-777
-980
-1261
-1518
-1657
-1722
-1796
-1924
-2132
-2322
-2378
-2278
-2154
-2110
-2117
-2086
-1881
-1604
-1319
-1152
-988
-788
-372
102
448
601
758
1054
1456
1911
2127
2153
2097
2298
2578
2865
2835
2609
2341
2300
2340
2331
2113
1697
1323
1140
1099
930
654
259
-23
-183
-186
-284
-420
-611
-683
-675
-578
-543
-516
-468
-377
-279
-187
-119
-66
23
100
142
103
61
29
43
-9
-142
-365
-575
-731
-803
-896
-1077
-1344
-1588
-1740
-1791
-1829
-1936
-2098
-2228
-2251
-2153
-2012
-1933
-1890
-1805
-1602
-1326
-1033
-829
-649
-425
-67
322
663
874
1027
1246
1577
1916
2118
2191
2167
2240
2406
2582
2565
2404
2180
2036
1991
1928
1732
1402
1102
867
749
602
380
80
-137
-259
-313
-379
-493
-603
-643
-573
-506
-455
-461
-411
-320
-170
-90
-54
-54
-11
64
135
131
51
-39
-102
-129
-221
-373
-578
-733
-871
-961
-1096
-1272
-1478
-1607
-1691
-1752
-1830
-1903
-1942
-1916
-1832
-1753
-1667
-1575
-1397
-1173
-927
-750
-556
-337
-34
304
596
786
916
1135
1386
1679
1838
1919
1893
1978
2090
2218
2203
2070
1887
1776
1749
1664
1528
1251
998
774
692
554
394
158
-39
-188
-246
-267
-325
-395
-483
-491
-467
-379
-324
-261
-251
-220
-170
-82
4
60
76
42
17
0
14
-1
-71
-217
-374
-498
-582
-636
-741
-920
-1141
-1285
-1377
-1406
-1460
-1569
-1717
-1787
-1737
-1642
-1535
-1507
-1481
-1420
-1226
-1019
-797
-640
-490
-306
-56
217
422
629
779
969
1125
1321
1421
1529
1610
1699
1751
1763
1749
1683
1661
1599
1557
1426
1306
1129
1014
907
813
677
511
348
211
161
121
64
-51
-149
-213
-200
-150
-133
-174
-227
-231
-177
-108
-75
-114
-162
-193
-174
-174
-200
-292
-396
-489
-552
-627
-733
-836
-972
-1078
-1193
-1270
-1378
-1433
-1498
-1551
-1597
-1605
-1583
-1532
-1438
-1381
-1292
-1192
-1026
-870
-653
-477
-296
-102
119
331
539
766
929
1117
1255
1398
1485
1624
1706
1775
1788
1754
1706
1670
1665
1580
1480
1299
1147
1004
933
809
651
477
301
202
138
94
-9
-86
-159
-169
-141
-108
-91
-86
-38
3
79
130
172
199
242
273
275
271
226
190
132
74
-49
-173
-319
-460
-588
-737
-901
-1082
-1229
-1372
-1465
-1557
-1638
-1729
-1785
-1814
-1807
-1751
-1695
-1623
-1554
-1445
-1308
-1117
-924
-744
-589
-442
-266
-58
172
344
478
575
696
846
1010
1119
1156
1158
1177
1239
1305
1336
1297
1228
1180
1169
1170
1143
1077
1000
949
921
898
864
804
756
710
678
624
577
536
515
492
449
386
317
294
273
263
193
102
-5
-72
-121
-190
-297
-448
-578
-680
-726
-798
-888
-1022
-1141
-1229
-1273
-1305
-1367
-1436
-1504
-1516
-1498
-1442
-1411
-1385
-1360
-1301
-1211
-1107
-1002
-921
-822
-708
-560
-418
-279
-163
-34
114
278
423
544
647
755
879
991
1075
1118
1156
1208
1290
1360
1392
1378
1358
1358
1387
1393
1355
1267
1179
1121
1101
1074
999
895
795
753
737
731
661
570
463
400
354
300
215
94
-15
-114
-178
-267
-355
-480
-588
-704
-794
-887
-977
-1065
-1170
-1260
-1359
-1413
-1467
-1480
-1524
-1564
-1619
-1640
-1620
-1582
-1530
-1511
-1467
-1420
-1293
-1165
-1010
-895
-776
-643
-475
-283
-118
31
131
261
381
548
678
805
897
982
1079
1172
1271
1326
1376
1380
1402
1406
1428
1426
1406
1370
1324
1308
1295
1305
1272
1233
1166
1109
1063
1018
961
874
786
690
612
526
433
319
199
82
-28
-126
-229
-330
-440
-558
-685
-807
-909
-995
-1070
-1161
-1264
-1374
-1463
-1522
-1563
-1606
-1665
-1718
-1736
-1696
-1633
-1570
-1538
-1505
-1440
-1325
-1181
-1055
-966
-892
-786
-642
-465
-307
-186
-84
36
194
365
516
619
700
785
897
1015
1108
1161
1188
1225
1281
1353
1406
1433
1436
1440
1447
1450
1440
1410
1371
1326
1283
1232
1176
1109
1037
956
864
772
682
607
532
452
346
226
112
16
-71
-163
-276
-403
-519
-616
-704
-805
-923
-1047
-1149
-1221
-1271
-1323
-1382
-1442
-1481
-1494
-1491
-1489
-1493
-1490
-1464
-1409
-1350
-1284
-1226
-1155
-1063
-954
-845
-745
-651
-545
-418
-288
-163
-65
29
128
254
377
484
557
627
718
829
943
1010
1044
1061
1116
1191
1265
1283
1261
1243
1259
1305
1333
1306
1230
1171
1149
1165
1153
1085
971
874
821
796
747
645
509
393
325
275
200
76
-71
-197
-276
-334
-412
-520
-639
-739
-798
-847
-906
-986
-1070
-1130
-1159
-1175
-1197
-1227
-1257
-1263
-1253
-1229
-1209
-1196
-1171
-1130
-1077
-1020
-966
-911
-849
-772
-684
-603
-523
-447
-353
-250
-146
-59
17
96
196
301
397
471
530
594
681
779
856
899
925
965
1028
1097
1136
1141
1130
1141
1167
1196
1192
1156
1109
1081
1070
1053
1005
929
847
785
736
678
596
494
401
319
245
159
62
-42
-134
-214
-295
-385
-471
-552
-612
-673
-740
-813
-872
-912
-938
-972
-1021
-1068
-1091
-1086
-1074
-1077
-1099
-1105
-1083
-1030
-989
-963
-962
-936
-880
-801
-740
-697
-667
-606
-516
-414
-329
-265
-198
-114
-4
93
184
252
331
416
513
594
672
736
809
876
937
980
1020
1054
1086
1103
1096
1086
1072
1071
1060
1035
985
937
890
858
815
757
677
601
535
482
429
361
282
204
142
86
33
-29
-102
-180
-247
-311
-369
-430
-495
-563
-622
-671
-707
-742
-781
-825
-869
-903
-926
-945
-969
-1000
-1029
-1039
-1031
-1008
-986
-965
-940
-901
-845
-783
-715
-656
-594
-528
-450
-362
-266
-172
-77
9
98
193
286
374
444
498
538
578
625
678
713
742
755
780
804
834
853
860
855
849
846
846
846
837
822
799
785
768
757
737
713
673
637
592
554
508
457
396
331
271
216
164
100
34
-44
-112
-186
-252
-330
-412
-506
-582
-652
-709
-765
-821
-877
-924
-960
-989
-1005
-1023
-1028
-1037
-1029
-1018
-987
-948
-895
-846
-793
-737
-675
-607
-541
-487
-450
-414
-377
-323
-268
-210
-165
-116
-65
-1
66
128
185
230
279
333
398
457
513
553
593
634
681
732
777
812
837
867
893
927
946
961
962
958
953
947
937
910
873
825
786
738
689
626
558
484
416
352
286
215
134
50
-37
-118
-205
-287
-369
-436
-502
-555
-607
-652
-683
-704
-719
-738
-761
-789
-806
-815
-825
-848
-875
-898
-898
-888
-869
-856
-846
-833
-803
-762
-717
-680
-649
-614
-561
-495
-434
-373
-329
-281
-227
-159
-88
-21
38
97
166
241
321
395
460
519
580
642
707
758
798
829
860
891
921
938
948
953
958
964
964
958
936
906
870
828
773
710
637
571
510
453
395
331
268
211
161
114
55
-16
-93
-166
-229
-292
-362
-440
-512
-571
-615
-652
-696
-745
-791
-824
-846
-861
-882
-905
-924
-926
-914
-898
-887
-882
-875
-853
-819
-784
-745
-714
-673
-622
-559
-493
-429
-367
-303
-229
-151
-69
8
78
148
220
294
371
440
507
570
633
692
749
804
848
884
911
932
948
956
956
950
938
928
916
901
878
850
819
786
750
706
656
594
531
470
410
344
273
199
128
60
-8
-76
-148
-219
-290
-355
-417
-479
-541
-599
-654
-702
-747
-788
-828
-866
-894
-918
-932
-944
-954
-961
-962
-954
-938
-916
-896
-873
-841
-801
-752
-703
-660
-613
-561
-496
-424
-357
-297
-234
-160
-76
10
86
154
218
292
375
451
518
574
630
692
757
812
857
886
919
955
986
1010
1020
1019
1014
1009
1003
987
956
918
879
843
800
750
692
625
558
493
429
360
286
205
126
56
-10
-80
-155
-233
-307
-369
-427
-483
-546
-606
-660
-702
-734
-769
-806
-843
-869
-882
-887
-895
-907
-917
-915
-900
-882
-868
-858
-842
-815
-773
-732
-697
-663
-618
-558
-490
-425
-367
-312
-246
-168
-88
-16
48
114
189
271
346
409
465
523
587
652
703
745
780
818
856
885
902
907
907
913
914
908
887
859
828
802
772
730
679
625
576
527
475
416
353
290
226
169
108
43
-22
-84
-145
-205
-262
-317
-371
-421
-464
-506
-545
-580
-610
-637
-662
-685
-706
-724
-739
-753
-763
-773
-779
-775
-772
-765
-754
-737
-712
-678
-642
-604
-562
-515
-460
-400
-340
-281
-216
-151
-80
-7
61
127
194
259
327
390
450
506
557
606
652
692
723
747
765
779
791
793
787
778
762
744
723
694
662
626
589
552
512
470
423
375
325
278
229
178
124
68
12
-38
-89
-137
-186
-233
-273
-308
-342
-375
-406
-436
-464
-488
-511
-536
-561
-587
-608
-626
-642
-656
-671
-683
-687
-684
-675
-662
-651
-632
-600
-565
-526
-484
-440
-388
-333
-269
-208
-148
-86
-23
44
108
167
222
280
335
387
437
477
513
543
568
590
601
608
613
612
611
602
591
576
558
540
517
497
474
450
420
392
360
328
296
260
225
185
144
105
71
36
2
-31
-62
-87
-107
-127
-150
-175
-196
-216
-235
-257
-280
-309
-336
-358
-379
-400
-425
-450
-467
-480
-487
-494
-503
-506
-500
-485
-467
-450
-430
-403
-367
-324
-282
-241
-201
-158
-108
-55
-9
28
64
102
144
184
218
243
261
277
296
311
320
324
326
327
327
330
328
325
318
307
300
294
289
280
268
251
235
222
210
193
171
147
123
103
90
75
58
39
23
16
9
5
-4
-18
-31
-39
-46
-55
-71
-89
-107
-125
-136
-150
-164
-180
-193
-204
-211
-218
-226
-229
-227
-226
-226
-221
-214
-203
-190
-175
-162
-147
-130
-109
-88
-66
-50
-36
-20
-2
18
34
49
59
67
77
87
95
103
108
113
113
116
118
122
127
123
120
116
115
115
115
107
96
86
81
78
72
58
43
31
25
23
15
3
-12
-22
-24
-25
-28
-39
-49
-54
-55
-53
-58
-68
-78
-80
-76
-75
-77
-85
-89
-85
-78
-76
-82
-90
-92
-87
-78
-77
-82
-85
-84
-73
-58
-51
-53
-53
-51
-40
-27
-18
-23
-28
-27
-19
-6
5
12
9
8
15
31
44
49
44
36
36
49
63
67
55
44
41
52
67
71
62
48
45
58
72
77
69
55
51
59
71
76
67
53
47
55
62
65
58
50
50
54
60
60
56
50
47
48
51
51
45
40
39
41
43
40
38
31
28
26
25
19
14
10
10
8
4
-1
-6
-8
-10
-13
-17
-23
-25
-28
-30
-35
-45
-51
-56
-55
-56
-59
-65
-72
-73
-69
-65
-68
-74
-79
-79
-75
-74
-77
-81
-84
-80
-73
-67
-64
-62
-60
-53
-45
-41
-37
-32
-27
-18
-12
-8
-1
4
13
21
27
29
33
41
50
58
61
59
61
66
74
75
72
66
65
66
70
69
61
52
45
42
41
36
26
11
1
-2
-4
-8
-20
-30
-39
-46
-48
-55
-67
-76
-83
-82
-82
-80
-84
-88
-88
-87
-86
-89
-93
-95
-94
-89
-85
-86
-88
-86
-82
-72
-65
-64
-61
-56
-48
-38
-27
-18
-13
-8
-2
11
27
44
55
62
69
79
93
107
115
122
123
128
139
150
159
162
164
167
170
174
175
169
165
162
160
155
150
142
132
123
114
105
96
82
66
51
36
22
8
-5
-20
-33
-45
-57
-71
-86
-101
-116
-131
-144
-153
-165
-176
-188
-197
-203
-203
-202
-202
-206
-211
-213
-208
-201
-192
-188
-186
-184
-171
-153
-131
-110
-93
-81
-69
-50
-28
-6
10
24
36
51
76
102
123
141
155
167
183
197
212
218
224
227
231
240
246
250
248
247
245
242
239
231
221
206
191
175
159
142
123
105
88
70
55
37
15
-8
-32
-56
-78
-101
-124
-150
-173
-192
-206
-217
-226
-238
-250
-262
-271
-276
-281
-286
-291
-295
-292
-282
-266
-250
-235
-224
-212
-200
-183
-165
-147
-130
-115
-95
-71
-44
-15
12
36
53
71
89
106
127
141
154
169
183
203
218
232
241
247
251
253
255
255
252
248
242
235
230
221
214
204
191
179
167
154
139
121
102
81
63
44
23
0
-21
-41
-59
-73
-89
-104
-118
-134
-150
-162
-176
-187
-195
-203
-206
-208
-207
-207
-202
-200
-197
-195
-191
-185
-179
-169
-158
-145
-131
-116
-99
-85
-70
-60
-51
-39
-27
-13
0
14
28
42
58
70
80
89
98
104
108
113
116
121
124
130
134
135
138
135
134
132
129
126
123
117
110
103
96
88
79
71
60
50
38
30
22
12
5
-5
-13
-23
-28
-35
-41
-47
-52
-58
-61
-63
-65
-67
-69
-72
-74
-74
-72
-71
-68
-65
-63
-59
-55
-52
-47
-45
-42
-40
-36
-31
-25
-22
-18
-13
-11
-7
-2
-1
1
2
3
6
10
10
14
16
15
16
15
17
18
17
17
17
16
15
17
15
17
15
14
11
11
9
9
8
7
7
8
8
8
6
4
4
3
4
5
4
3
1
1
3
2
2
2
4
4
5
6
6
4
6
6
5
6
6
6
4
3
3
2
3
3
1
0
-1
-1
-1
-2
-3
-3
-5
-7
-9
-9
-10
-11
-11
-12
-11
-13
-11
-12
-11
-9
-10
-11
-10
-9
-9
-6
-6
-5
-3
-1
2
-1
1
2
3
5
6
7
7
8
8
9
10
10
10
11
13
13
16
14
12
14
12
11
10
10
9
8
10
8
7
7
6
5
4
5
2
3
2
2
1
-1
-3
-5
-6
-7
-9
-7
-9
-11
-11
-12
-13
-13
-14
-14
-16
-17
-15
-14
-14
-15
-14
-15
-14
-12
-11
-9
-8
-6
-4
-4
-2
1
2
2
2
2
4
4
7
7
8
8
10
9
9
10
10
10
11
12
11
11
12
12
11
10
8
7
7
7
9
7
9
6
5
4
2
1
0
1
-1
-2
0
-2
-4
-4
-6
-7
-7
-9
-8
-8
-9
-10
-10
-9
-11
-9
-9
-10
-8
-10
-9
-7
-8
-6
-5
-5
-6
-4
-4
-4
-3
-2
-4
-2
0
-1
-1
-1
2
3
1
3
1
3
5
4
4
4
4
5
6
7
8
6
8
7
7
7
7
6
6
6
8
7
6
6
4
4
5
5
3
3
3
2
3
2
0
3
0
1
0
0
0
1
2
2
-1
1
1
-1
-1
-3
-2
-1
-2
-3
-2
0
-1
-3
-2
-2
-4
-5
-5
-4
-5
-4
-4
-4
-4
-4
-3
-3
-4
-4
-4
-5
-5
-4
-4
-3
-2
-1
-1
-2
-3
-3
-3
-1
-1
-2
-1
0
-1
0
0
-1
1
2
2
1
1
1
0
1
2
3
3
1
3
3
3
4
2
1
2
1
3
4
2
1
-1
0
0
0
1
1
2
2
0
1
-1
0
-2
-2
-3
-1
-2
-2
-2
-3
-2
-4
-5
-2
-3
-3
-3
-1
-1
-2
-1
-2
-3
-2
-1
-2
-1
0
0
0
1
1
2
0
1
1
2
2
4
4
4
3
3
3
4
4
3
5
2
3
1
2
2
1
2
1
1
1
2
1
2
3
1
0
1
0
1
-1
0
0
2
0
-1
-1
1
0
-1
-2
-2
0
1
1
1
0
-2
-2
-2
-3
-4
-4
-3
-3
-1
0
-1
-1
-2
-3
-3
-4
-6
-4
-3
-1
-1
-2
-1
0
-2
-2
-2
-3
-2
-3
-1
0
0
1
1
1
-1
0
1
-1
0
2
2
2
3
2
3
2
1
2
4
3
3
3
2
2
1
2
1
1
1
1
2
2
3
1
1
1
1
0
1
1
1
0
-2
-1
-1
-1
0
1
1
0
2
0
-1
-1
-2
0
0
-2
0
1
-1
-1
-1
-1
-2
-1
-1
-2
-3
-3
-1
0
0
0
-1
-1
-3
-3
-3
-3
-1
-1
1
1
1
1
1
0
1
2
0
0
-1
-1
2
1
1
1
1
0
2
1
-1
1
1
1
0
-1
-1
0
0
0
1
1
1
1
0
1
2
1
0
-1
0
-1
0
0
-1
0
-1
0
1
-1
1
-1
-2
0
1
-1
-1
-2
-3
-2
-3
1
-1
0
0
0
-1
-1
-2
-2
-2
-1
0
-1
2
2
0
2
1
2
0
2
2
1
1
-1
0
0
-1
-1
-1
-1
1
0
2
2
1
2
2
2
1
2
3
2
2
3
1
1
1
2
3
1
1
0
0
0
0
1
1
1
0
-2
-2
-1
-2
-1
1
0
0
0
-1
0
1
-1
-1
-2
-1
-1
0
-2
-2
-2
-1
-2
-2
-1
-2
-2
-3
-1
-1
-2
-1
-1
0
1
0
0
0
1
1
0
-1
-1
-2
-3
-3
-2
0
-1
0
1
-1
1
1
1
0
1
3
1
2
1
2
1
0
0
0
0
-2
-1
0
1
1
0
2
3
3
2
2
1
2
1
0
0
-1
0
2
0
-2
-1
-2
-2
-3
-2
-1
-1
2
3
3
2
0
1
2
2
1
-1
-1
1
-1
-2
-1
-1
-3
-3
-1
0
-1
1
0
1
0
2
0
-1
0
0
1
1
-1
-1
0
0
0
-1
-1
0
1
1
2
1
0
2
1
1
1
1
1
1
0
1
1
0
0
0
-1
-1
0
0
1
0
1
0
1
0
-2
-2
-1
1
0
0
-1
0
1
0
-1
-1
-2
-1
-2
-2
-1
0
1
-2
-1
0
-2
0
-1
0
0
1
-1
0
-1
-2
-1
0
0
0
1
2
1
1
1
2
1
0
0
0
-1
-1
-1
-1
0
1
1
0
1
2
1
1
0
0
-1
0
1
0
0
0
0
1
2
2
1
1
3
2
1
-1
-1
-2
-3
-2
-2
-2
-1
1
2
2
1
1
2
3
3
1
2
2
-1
-3
-2
-4
-3
-2
-1
0
2
2
3
3
3
3
2
0
0
-2
-4
-3
-3
-2
-4
-2
0
2
3
1
3
3
4
1
1
0
-1
-1
-3
-2
-3
-2
-1
-1
-1
2
2
2
4
2
2
2
1
1
-1
-2
-3
-4
-3
-2
-2
-1
1
1
3
2
3
2
2
0
0
-1
-2
-2
-1
-1
-1
0
-1
-1
2
0
0
3
2
2
2
1
-2
-3
-3
-3
-2
-2
-1
-1
1
1
2
2
3
2
-1
0
-2
-1
-1
-2
-2
-1
0
1
1
1
3
2
3
3
1
0
-1
-2
-3
-2
0
1
1
1
1
2
2
1
1
-1
0
-1
-1
-1
-3
-2
-2
-2
0
0
1
1
0
1
0
0
0
1
-1
0
0
0
1
1
1
1
1
0
1
0
0
0
-1
0
0
0
-1
0
