SAMPLES:	19685
BITSPERSAMPLE:	16
CHANNELS:	1
SAMPLERATE:	16000
NORMALIZED:	FALSE
0
-1
-1
0
-1
0
0
-1
1
0
1
0
0
0
0
-1
0
0
0
1
0
1
0
0
-2
0
-1
0
0
0
1
-1
0
1
1
-1
0
-1
-1
-1
0
-2
-1
0
0
0
0
0
1
0
0
1
0
1
0
1
1
-1
0
-1
0
-1
0
0
-1
0
0
0
0
-1
-1
-1
-1
-1
-1
0
-1
-1
1
1
-1
0
0
2
2
0
1
1
1
-1
0
0
0
0
1
-1
0
1
0
-1
-1
0
0
2
0
-1
0
-1
-1
-1
0
-1
-1
-1
0
0
-1
1
0
-2
-1
-1
0
1
1
0
1
1
1
0
0
0
-1
0
0
0
-1
-1
0
-1
1
0
0
0
2
0
1
1
0
0
0
0
0
0
0
0
1
0
0
0
-1
-1
-1
-1
0
0
0
0
-1
0
1
0
1
2
0
-1
-1
0
0
0
1
1
0
1
0
0
1
0
0
1
-2
-2
-2
-1
-1
-1
-1
0
-1
-1
0
0
-2
0
0
0
-1
0
0
1
0
1
1
1
1
0
1
2
1
1
1
0
2
2
0
2
0
0
0
0
-1
-1
-1
-2
-2
0
1
0
0
0
0
-1
-1
-1
1
1
1
2
1
1
1
-2
-1
0
-1
0
-1
-1
-1
-1
0
-2
-2
-1
-1
0
-2
-2
-1
-1
-1
0
0
1
0
-1
0
2
0
1
0
-1
0
-1
1
1
1
1
2
1
2
2
1
2
1
1
1
2
0
0
1
1
1
1
1
-1
1
-1
0
0
0
0
1
0
0
1
0
2
0
0
1
1
0
-1
0
0
-1
-1
-1
-1
0
-1
-2
-3
-4
-4
-5
-6
-5
-5
-5
-4
-4
-5
-4
-2
-3
-2
-1
0
1
3
3
4
4
5
5
7
6
8
8
8
9
10
9
9
8
6
5
1
1
0
-2
-4
-6
-8
-9
-9
-11
-10
-10
-10
-10
-9
-8
-7
-3
-2
-1
3
3
5
6
9
10
12
14
17
18
18
18
16
18
15
13
8
3
-3
-7
-13
-15
-22
-25
-26
-28
-25
-24
-22
-20
-17
-12
-11
-8
-4
-2
-1
1
3
4
6
6
8
9
10
11
11
10
8
6
4
-1
-8
-13
-20
-27
-30
-35
-39
-41
-42
-41
-39
-36
-30
-24
-16
-7
3
13
23
34
43
50
57
61
65
70
71
73
75
77
81
83
88
90
94
98
98
99
98
93
86
76
65
49
33
12
-10
-32
-57
-81
-104
-129
-151
-172
-191
-208
-222
-231
-238
-240
-240
-233
-223
-207
-186
-162
-134
-105
-73
-39
-6
26
55
83
107
123
139
151
160
163
164
163
161
157
154
151
145
143
138
134
129
124
117
105
93
80
65
47
31
16
3
-7
-11
-10
0
12
32
55
83
114
145
175
199
221
232
237
232
216
187
148
99
42
-23
-95
-171
-249
-326
-402
-473
-538
-596
-644
-682
-707
-718
-715
-697
-666
-621
-562
-491
-408
-318
-220
-118
-13
90
192
285
371
445
509
563
602
627
642
645
637
620
594
561
521
477
427
373
321
265
210
156
107
62
20
-11
-35
-50
-57
-54
-40
-17
12
46
80
115
145
177
206
225
230
222
202
171
134
81
12
-66
-151
-241
-331
-423
-518
-614
-701
-772
-834
-887
-927
-953
-962
-951
-918
-867
-803
-727
-633
-522
-396
-264
-131
2
136
270
401
522
623
705
777
838
886
914
921
908
879
841
800
749
684
600
512
434
357
282
203
127
59
3
-28
-47
-68
-87
-92
-76
-49
-18
12
32
48
70
98
120
120
98
65
35
-3
-59
-129
-219
-327
-431
-518
-604
-705
-807
-897
-969
-1013
-1026
-1041
-1058
-1050
-1001
-924
-825
-712
-611
-510
-373
-199
-33
105
242
371
494
625
766
861
906
943
992
1036
1048
1045
1009
959
917
882
837
766
680
586
513
457
399
316
236
180
131
91
75
60
14
-23
-16
-8
-28
-55
-71
-123
-190
-220
-247
-320
-416
-490
-576
-671
-729
-779
-875
-977
-1016
-1041
-1073
-1078
-1067
-1095
-1103
-1014
-907
-851
-780
-645
-525
-409
-218
-16
93
189
374
554
664
765
884
951
986
1060
1124
1109
1074
1069
1055
1014
974
908
813
748
702
624
533
463
375
277
232
210
126
35
13
-6
-85
-127
-121
-173
-255
-284
-310
-410
-500
-527
-584
-693
-761
-789
-858
-921
-932
-957
-1015
-1020
-965
-944
-923
-844
-747
-675
-559
-390
-271
-177
-21
153
261
359
491
595
664
749
843
874
886
954
1018
1031
1037
1051
1030
1002
1016
996
906
811
752
674
579
513
421
281
173
132
60
-54
-128
-191
-287
-368
-420
-515
-661
-753
-826
-921
-1023
-1095
-1168
-1247
-1270
-1281
-1300
-1294
-1250
-1193
-1123
-999
-883
-784
-647
-479
-338
-217
-57
77
160
255
386
481
525
612
698
745
793
895
991
1018
1063
1130
1174
1174
1191
1207
1149
1066
1008
952
850
736
643
520
382
271
182
71
-61
-163
-261
-361
-458
-546
-642
-754
-831
-899
-956
-1009
-1044
-1058
-1076
-1064
-1038
-983
-942
-884
-791
-702
-620
-529
-409
-322
-242
-133
-27
45
114
211
292
350
428
519
572
622
695
764
806
858
897
915
933
957
968
946
945
914
872
832
801
740
652
582
487
373
260
152
28
-119
-248
-368
-502
-627
-742
-844
-969
-1064
-1148
-1221
-1297
-1365
-1408
-1469
-1496
-1518
-1504
-1486
-1439
-1354
-1261
-1123
-970
-777
-583
-366
-136
92
321
545
760
950
1127
1282
1419
1537
1630
1699
1740
1770
1758
1731
1675
1600
1486
1358
1226
1061
882
700
540
357
203
76
-31
-136
-195
-219
-234
-231
-201
-163
-142
-111
-65
-51
-60
-73
-104
-165
-253
-316
-433
-558
-697
-816
-966
-1123
-1253
-1401
-1538
-1686
-1768
-1872
-1940
-1974
-1976
-1951
-1898
-1767
-1632
-1456
-1248
-996
-748
-470
-174
116
383
654
911
1134
1349
1547
1703
1832
1942
2034
2066
2093
2097
2055
1992
1916
1833
1683
1547
1399
1246
1065
917
779
619
481
375
267
154
63
-11
-109
-202
-271
-357
-462
-569
-657
-790
-910
-1032
-1137
-1290
-1411
-1513
-1629
-1748
-1843
-1901
-1995
-2038
-2055
-2028
-2025
-1949
-1827
-1710
-1563
-1353
-1108
-898
-644
-353
-67
176
478
758
999
1211
1461
1667
1819
1980
2138
2228
2285
2357
2389
2351
2307
2262
2156
2026
1895
1768
1576
1415
1263
1110
932
798
674
527
396
287
153
1
-141
-292
-478
-669
-845
-1062
-1276
-1479
-1657
-1875
-2037
-2185
-2321
-2462
-2534
-2576
-2640
-2646
-2596
-2517
-2456
-2302
-2106
-1917
-1712
-1428
-1132
-873
-573
-218
97
370
688
1009
1257
1478
1735
1935
2071
2206
2348
2420
2444
2488
2486
2416
2339
2261
2136
1968
1841
1689
1516
1346
1213
1052
886
774
659
532
409
329
203
58
-80
-216
-428
-641
-852
-1083
-1361
-1612
-1836
-2085
-2310
-2500
-2634
-2797
-2890
-2944
-2947
-2938
-2854
-2713
-2546
-2339
-2090
-1790
-1491
-1151
-796
-414
-45
333
695
1047
1363
1652
1910
2140
2328
2478
2608
2702
2753
2757
2741
2677
2564
2423
2269
2079
1862
1650
1445
1220
1005
821
650
483
347
256
162
77
11
-44
-139
-253
-369
-524
-723
-945
-1156
-1413
-1667
-1919
-2117
-2337
-2515
-2658
-2752
-2837
-2888
-2860
-2824
-2722
-2622
-2408
-2225
-1980
-1732
-1405
-1086
-759
-385
-2
379
704
1083
1410
1724
1969
2260
2479
2662
2795
2944
3006
2998
2974
2908
2783
2577
2409
2178
1920
1636
1405
1144
870
643
451
265
95
-5
-89
-190
-266
-317
-401
-525
-637
-771
-955
-1156
-1341
-1552
-1778
-1973
-2135
-2283
-2424
-2496
-2558
-2593
-2621
-2587
-2534
-2462
-2352
-2205
-2018
-1835
-1601
-1339
-1045
-759
-449
-101
235
552
886
1233
1537
1811
2094
2369
2570
2741
2910
3028
3045
3039
3023
2929
2767
2610
2466
2232
1987
1770
1557
1280
1039
855
671
463
305
199
39
-132
-261
-384
-580
-779
-951
-1155
-1421
-1662
-1869
-2102
-2340
-2508
-2639
-2789
-2898
-2946
-2980
-3022
-3001
-2924
-2839
-2725
-2543
-2301
-2063
-1778
-1439
-1069
-721
-344
61
455
829
1208
1595
1933
2231
2523
2779
2984
3145
3276
3361
3350
3314
3212
3075
2885
2679
2465
2197
1944
1667
1398
1116
860
638
400
212
38
-122
-285
-444
-569
-740
-897
-1059
-1233
-1434
-1660
-1843
-2072
-2264
-2448
-2585
-2701
-2819
-2862
-2909
-2916
-2923
-2880
-2784
-2700
-2545
-2374
-2120
-1878
-1586
-1235
-888
-506
-155
270
655
1037
1424
1795
2147
2424
2699
2937
3111
3264
3358
3444
3420
3374
3273
3118
2924
2694
2461
2174
1884
1592
1298
1000
726
474
245
13
-159
-332
-479
-638
-760
-904
-1072
-1237
-1407
-1607
-1828
-2039
-2232
-2444
-2622
-2746
-2849
-2919
-2990
-2968
-2974
-2934
-2896
-2773
-2636
-2492
-2306
-2061
-1782
-1517
-1195
-800
-412
-46
354
810
1228
1586
2004
2388
2707
2924
3198
3400
3506
3572
3656
3669
3567
3460
3346
3140
2867
2621
2345
2009
1653
1366
1050
733
444
216
-21
-243
-409
-547
-693
-823
-931
-1070
-1231
-1407
-1580
-1809
-2025
-2250
-2447
-2654
-2810
-2927
-3016
-3089
-3131
-3139
-3132
-3104
-3060
-2946
-2816
-2645
-2497
-2221
-1957
-1655
-1333
-893
-462
-73
383
895
1361
1754
2196
2641
2959
3210
3512
3739
3837
3861
3986
3952
3843
3699
3609
3370
3068
2821
2528
2164
1772
1476
1155
795
498
267
18
-220
-386
-501
-672
-797
-916
-1046
-1239
-1417
-1593
-1837
-2069
-2288
-2483
-2693
-2857
-2973
-3095
-3202
-3250
-3282
-3310
-3318
-3270
-3197
-3111
-2937
-2806
-2542
-2308
-1952
-1597
-1155
-692
-240
271
782
1284
1737
2183
2639
3004
3316
3630
3829
3974
4000
4133
4068
3995
3852
3740
3503
3215
2962
2638
2256
1854
1540
1184
798
479
232
-61
-305
-493
-625
-841
-998
-1133
-1277
-1505
-1681
-1855
-2091
-2317
-2497
-2650
-2845
-2994
-3093
-3167
-3243
-3256
-3238
-3214
-3210
-3117
-3016
-2870
-2696
-2536
-2243
-1979
-1607
-1259
-778
-321
117
608
1106
1580
1987
2414
2884
3227
3497
3780
3991
4115
4130
4273
4225
4134
3970
3870
3632
3306
3019
2690
2289
1855
1524
1139
714
357
71
-251
-531
-765
-944
-1190
-1370
-1516
-1681
-1914
-2084
-2255
-2469
-2668
-2820
-2974
-3154
-3274
-3336
-3361
-3394
-3359
-3306
-3229
-3199
-3027
-2885
-2682
-2503
-2279
-1955
-1662
-1279
-891
-374
60
496
991
1485
1914
2318
2749
3190
3439
3697
3939
4127
4169
4197
4293
4183
4034
3845
3709
3380
3021
2712
2359
1916
1496
1155
748
313
-3
-301
-598
-864
-1051
-1217
-1411
-1525
-1631
-1761
-1955
-2058
-2213
-2390
-2574
-2712
-2891
-3055
-3154
-3198
-3242
-3267
-3232
-3180
-3110
-3072
-2889
-2750
-2553
-2390
-2115
-1811
-1498
-1107
-661
-175
242
695
1205
1681
2091
2509
2934
3299
3507
3782
3995
4132
4126
4185
4196
4041
3859
3665
3465
3097
2768
2455
2085
1643
1246
911
497
106
-176
-467
-725
-950
-1091
-1243
-1376
-1462
-1552
-1665
-1820
-1909
-2071
-2263
-2446
-2619
-2815
-2965
-3071
-3145
-3203
-3206
-3186
-3128
-3092
-3013
-2851
-2683
-2501
-2313
-1994
-1710
-1369
-967
-485
-47
367
844
1370
1824
2231
2654
3089
3372
3608
3902
4096
4148
4140
4237
4135
3946
3737
3552
3266
2899
2596
2280
1857
1414
1076
736
300
-26
-285
-577
-810
-1006
-1131
-1306
-1418
-1510
-1588
-1750
-1883
-1973
-2168
-2379
-2561
-2745
-2917
-3067
-3163
-3209
-3248
-3221
-3187
-3119
-3103
-2952
-2769
-2575
-2420
-2154
-1807
-1558
-1201
-768
-292
76
488
995
1496
1879
2286
2732
3122
3342
3642
3924
4039
4044
4122
4187
3995
3820
3636
3439
3092
2772
2478
2107
1647
1278
960
555
150
-128
-408
-675
-879
-1035
-1181
-1330
-1411
-1487
-1609
-1768
-1847
-1982
-2194
-2390
-2565
-2752
-2908
-3041
-3087
-3163
-3145
-3128
-3071
-3067
-2973
-2770
-2601
-2418
-2232
-1838
-1598
-1299
-901
-424
-25
334
795
1329
1736
2126
2559
3007
3293
3543
3872
4043
4114
4117
4265
4164
3982
3791
3631
3335
2969
2653
2304
1862
1434
1083
706
282
-86
-358
-640
-845
-1037
-1167
-1318
-1426
-1517
-1629
-1781
-1910
-2027
-2206
-2412
-2593
-2788
-2950
-3085
-3141
-3219
-3221
-3175
-3129
-3083
-3049
-2825
-2674
-2462
-2309
-1941
-1647
-1407
-1013
-570
-127
213
634
1150
1591
1969
2384
2825
3169
3382
3702
3911
4033
4025
4127
4135
3955
3770
3603
3375
2994
2640
2312
1902
1462
1073
718
327
-86
-362
-616
-812
-1001
-1131
-1246
-1387
-1493
-1605
-1728
-1891
-2031
-2186
-2379
-2580
-2774
-2953
-3092
-3179
-3239
-3273
-3220
-3175
-3082
-3069
-2891
-2723
-2511
-2334
-2059
-1683
-1449
-1059
-633
-144
231
637
1138
1618
2015
2398
2818
3184
3403
3669
3904
4044
4067
4098
4151
4010
3828
3648
3450
3096
2716
2384
2008
1576
1168
816
470
48
-243
-448
-638
-824
-963
-1048
-1190
-1317
-1425
-1511
-1671
-1828
-1989
-2159
-2376
-2572
-2763
-2919
-3043
-3118
-3171
-3157
-3126
-3045
-3016
-2925
-2748
-2572
-2376
-2200
-1803
-1558
-1217
-836
-358
33
400
859
1354
1769
2099
2505
2874
3141
3361
3635
3798
3868
3869
3960
3888
3731
3563
3400
3102
2724
2393
2055
1642
1221
870
561
159
-165
-345
-527
-707
-868
-929
-1050
-1172
-1269
-1327
-1450
-1621
-1775
-1940
-2148
-2365
-2557
-2722
-2872
-2985
-3059
-3092
-3082
-3060
-3023
-3002
-2850
-2723
-2544
-2416
-2077
-1800
-1538
-1186
-753
-340
12
443
961
1427
1770
2203
2618
2977
3219
3547
3775
3908
3923
4031
4053
3924
3767
3604
3357
2983
2632
2297
1894
1453
1068
750
375
7
-211
-413
-588
-779
-861
-967
-1079
-1166
-1231
-1320
-1497
-1633
-1809
-2002
-2214
-2402
-2551
-2705
-2831
-2911
-2978
-2974
-2982
-2928
-2955
-2832
-2730
-2586
-2475
-2228
-1907
-1714
-1396
-1028
-609
-276
106
608
1103
1458
1876
2296
2696
2950
3280
3552
3718
3763
3847
3960
3865
3735
3566
3388
3050
2712
2395
2032
1611
1222
894
559
176
-85
-311
-478
-665
-797
-890
-996
-1072
-1169
-1242
-1426
-1571
-1758
-1960
-2155
-2350
-2498
-2658
-2802
-2891
-2988
-2983
-2997
-2936
-2967
-2875
-2742
-2611
-2478
-2283
-1907
-1707
-1397
-1034
-582
-236
134
633
1152
1508
1909
2324
2734
2982
3269
3555
3725
3786
3829
3978
3881
3734
3541
3392
3062
2710
2389
2040
1615
1218
873
559
169
-107
-322
-468
-626
-769
-823
-912
-974
-1085
-1141
-1303
-1463
-1628
-1814
-1995
-2188
-2343
-2494
-2661
-2747
-2844
-2829
-2844
-2809
-2813
-2774
-2638
-2528
-2392
-2264
-1925
-1705
-1450
-1114
-693
-346
-9
436
939
1277
1639
2042
2443
2709
2942
3227
3432
3540
3582
3748
3708
3563
3380
3267
2997
2657
2343
2021
1630
1223
871
569
194
-96
-295
-442
-589
-747
-794
-885
-956
-1066
-1140
-1271
-1445
-1595
-1774
-1957
-2159
-2343
-2497
-2677
-2774
-2861
-2856
-2846
-2844
-2816
-2816
-2695
-2580
-2434
-2333
-2064
-1788
-1573
-1254
-843
-464
-139
277
785
1173
1520
1938
2352
2678
2893
3174
3427
3588
3642
3781
3821
3692
3521
3408
3215
2891
2571
2267
1914
1493
1115
811
456
111
-106
-287
-456
-643
-723
-806
-901
-982
-1079
-1176
-1342
-1473
-1639
-1832
-2018
-2233
-2409
-2593
-2710
-2798
-2846
-2825
-2845
-2808
-2830
-2755
-2617
-2486
-2373
-2187
-1864
-1657
-1380
-977
-557
-230
153
670
1138
1475
1883
2301
2672
2891
3141
3433
3613
3685
3757
3860
3760
3596
3466
3336
3049
2709
2407
2080
1644
1229
889
550
137
-140
-360
-579
-781
-910
-955
-1064
-1096
-1179
-1237
-1362
-1478
-1601
-1791
-1960
-2168
-2360
-2540
-2689
-2758
-2854
-2866
-2880
-2854
-2851
-2858
-2688
-2576
-2438
-2315
-1999
-1742
-1523
-1166
-712
-345
5
491
1049
1419
1791
2212
2624
2883
3079
3407
3602
3699
3708
3839
3798
3643
3495
3395
3166
2805
2489
2176
1749
1302
912
594
171
-182
-396
-639
-816
-969
-969
-1040
-1068
-1117
-1165
-1247
-1387
-1500
-1665
-1855
-2064
-2254
-2433
-2610
-2690
-2770
-2841
-2863
-2875
-2820
-2886
-2752
-2625
-2475
-2362
-2134
-1811
-1614
-1329
-917
-502
-164
221
775
1212
1557
1935
2368
2713
2875
3186
3428
3583
3575
3687
3744
3621
3470
3354
3213
2876
2530
2227
1858
1418
979
669
308
-109
-330
-560
-716
-876
-910
-922
-985
-1029
-1105
-1160
-1302
-1460
-1597
-1788
-1998
-2183
-2353
-2504
-2606
-2658
-2749
-2770
-2816
-2743
-2793
-2718
-2579
-2432
-2302
-2143
-1798
-1605
-1340
-984
-561
-225
111
612
1088
1463
1825
2276
2713
2917
3214
3508
3721
3750
3840
3965
3856
3713
3549
3436
3115
2744
2418
2069
1646
1169
831
502
61
-199
-411
-584
-752
-855
-856
-947
-1002
-1093
-1157
-1268
-1458
-1582
-1764
-1971
-2155
-2325
-2474
-2592
-2645
-2757
-2787
-2837
-2786
-2820
-2770
-2635
-2494
-2372
-2228
-1891
-1696
-1459
-1126
-703
-399
-86
379
873
1236
1597
2051
2518
2750
3031
3364
3618
3668
3748
3918
3834
3678
3487
3399
3080
2696
2361
2029
1616
1114
762
453
27
-274
-465
-620
-809
-936
-940
-1001
-1072
-1145
-1192
-1253
-1433
-1553
-1695
-1886
-2079
-2260
-2403
-2536
-2622
-2751
-2791
-2835
-2826
-2881
-2826
-2721
-2604
-2519
-2362
-2057
-1860
-1635
-1292
-848
-539
-207
277
817
1174
1554
2040
2517
2767
3051
3397
3684
3728
3800
3978
3914
3734
3527
3449
3117
2706
2370
2042
1614
1107
738
437
22
-300
-489
-621
-819
-936
-948
-967
-1041
-1104
-1126
-1179
-1307
-1434
-1557
-1728
-1909
-2088
-2224
-2332
-2422
-2533
-2573
-2587
-2581
-2680
-2613
-2536
-2429
-2396
-2247
-1969
-1798
-1578
-1240
-793
-476
-141
342
871
1205
1549
2007
2447
2667
2935
3235
3511
3545
3617
3793
3752
3611
3435
3375
3069
2676
2367
2068
1644
1171
814
535
138
-166
-344
-469
-655
-753
-764
-785
-858
-928
-950
-1046
-1169
-1315
-1474
-1664
-1858
-2039
-2204
-2319
-2417
-2519
-2567
-2579
-2547
-2684
-2620
-2555
-2440
-2426
-2307
-2008
-1849
-1627
-1298
-824
-491
-160
323
838
1165
1473
1904
2330
2530
2774
3051
3304
3327
3388
3549
3520
3388
3224
3150
2854
2471
2148
1860
1424
959
599
322
-66
-363
-534
-655
-821
-916
-908
-930
-980
-1034
-1042
-1139
-1261
-1383
-1540
-1713
-1896
-2052
-2197
-2323
-2409
-2490
-2518
-2528
-2468
-2587
-2537
-2463
-2349
-2314
-2221
-1902
-1735
-1512
-1201
-720
-365
-43
420
922
1263
1558
1963
2404
2627
2848
3117
3363
3407
3439
3587
3589
3458
3293
3205
2943
2579
2236
1957
1534
1070
686
409
17
-293
-500
-624
-780
-909
-911
-935
-962
-1010
-1007
-1069
-1185
-1287
-1425
-1572
-1734
-1899
-2023
-2171
-2256
-2346
-2384
-2399
-2359
-2454
-2449
-2358
-2267
-2219
-2138
-1825
-1641
-1442
-1140
-687
-345
-52
374
870
1199
1495
1890
2356
2612
2823
3129
3391
3488
3507
3685
3712
3574
3405
3294
3041
2645
2271
1964
1538
1046
634
348
-62
-401
-634
-769
-922
-1086
-1098
-1114
-1143
-1195
-1187
-1216
-1334
-1438
-1559
-1709
-1869
-2051
-2179
-2326
-2418
-2506
-2548
-2560
-2528
-2588
-2595
-2467
-2367
-2288
-2198
-1891
-1673
-1490
-1183
-746
-425
-147
239
744
1058
1354
1742
2212
2485
2664
2988
3246
3376
3375
3571
3603
3475
3307
3203
2993
2598
2236
1920
1545
1070
687
423
51
-285
-514
-652
-782
-941
-947
-939
-975
-1032
-1046
-1073
-1195
-1309
-1433
-1602
-1772
-1975
-2130
-2256
-2354
-2436
-2475
-2495
-2470
-2530
-2525
-2386
-2281
-2193
-2113
-1806
-1579
-1387
-1067
-616
-295
-15
357
875
1196
1498
1898
2365
2646
2805
3130
3374
3496
3470
3646
3656
3522
3334
3221
3024
2624
2251
1920
1555
1072
694
416
52
-305
-544
-699
-841
-995
-993
-980
-1030
-1096
-1141
-1189
-1325
-1430
-1555
-1722
-1893
-2095
-2237
-2354
-2439
-2494
-2515
-2535
-2524
-2566
-2539
-2415
-2304
-2207
-2133
-1837
-1611
-1383
-1055
-600
-256
39
396
898
1240
1549
1947
2394
2695
2860
3174
3420
3534
3522
3673
3695
3576
3390
3270
3088
2707
2336
2019
1658
1162
753
445
61
-323
-591
-751
-916
-1077
-1100
-1093
-1146
-1226
-1292
-1355
-1504
-1626
-1763
-1913
-2088
-2290
-2408
-2534
-2604
-2652
-2676
-2675
-2671
-2699
-2666
-2547
-2412
-2332
-2243
-1937
-1705
-1445
-1117
-645
-274
35
417
927
1319
1629
2037
2481
2804
2996
3304
3584
3696
3712
3868
3886
3771
3581
3463
3272
2857
2486
2167
1784
1260
813
480
71
-343
-628
-781
-957
-1125
-1170
-1154
-1207
-1307
-1365
-1403
-1547
-1683
-1794
-1915
-2086
-2269
-2356
-2476
-2540
-2587
-2588
-2554
-2542
-2550
-2532
-2414
-2291
-2230
-2151
-1863
-1660
-1411
-1123
-691
-329
-44
360
865
1280
1562
1948
2379
2700
2897
3187
3465
3595
3618
3763
3769
3658
3475
3368
3166
2731
2383
2067
1682
1181
761
426
48
-340
-611
-754
-914
-1073
-1117
-1087
-1159
-1270
-1303
-1314
-1446
-1562
-1626
-1745
-1909
-2072
-2148
-2279
-2375
-2425
-2409
-2378
-2365
-2366
-2376
-2274
-2191
-2136
-2077
-1824
-1655
-1413
-1166
-770
-405
-147
267
773
1206
1459
1810
2271
2593
2782
3070
3371
3540
3534
3674
3733
3625
3427
3342
3165
2723
2355
2048
1663
1159
726
391
36
-368
-669
-815
-965
-1160
-1210
-1167
-1269
-1391
-1406
-1388
-1510
-1599
-1640
-1752
-1905
-2055
-2132
-2255
-2355
-2415
-2399
-2370
-2347
-2366
-2366
-2272
-2194
-2149
-2070
-1813
-1650
-1401
-1152
-740
-382
-123
296
799
1217
1464
1787
2273
2565
2757
3045
3369
3538
3508
3660
3756
3646
3436
3375
3209
2780
2403
2113
1726
1211
767
455
87
-328
-640
-777
-931
-1144
-1202
-1164
-1266
-1408
-1434
-1427
-1542
-1660
-1746
-1833
-1986
-2146
-2235
-2342
-2404
-2492
-2487
-2440
-2399
-2459
-2426
-2329
-2223
-2186
-2057
-1750
-1584
-1329
-1051
-606
-272
26
475
980
1368
1650
2005
2495
2761
2956
3247
3566
3706
3671
3814
3881
3744
3506
3426
3202
2771
2374
2025
1601
1076
629
316
-83
-469
-773
-909
-1066
-1265
-1316
-1300
-1377
-1517
-1565
-1594
-1698
-1849
-1982
-2040
-2193
-2340
-2417
-2525
-2523
-2585
-2578
-2519
-2457
-2529
-2469
-2376
-2220
-2146
-1983
-1646
-1467
-1197
-900
-457
-133
207
673
1165
1537
1857
2251
2705
2942
3137
3411
3690
3791
3759
3891
3897
3739
3497
3389
3120
2678
2267
1852
1415
911
487
164
-240
-582
-857
-981
-1136
-1292
-1309
-1313
-1369
-1476
-1528
-1581
-1693
-1829
-1963
-2020
-2185
-2301
-2369
-2487
-2460
-2479
-2489
-2440
-2396
-2481
-2416
-2333
-2170
-2105
-1943
-1628
-1438
-1195
-865
-446
-128
221
702
1184
1543
1879
2294
2706
2909
3137
3398
3649
3715
3741
3882
3840
3693
3499
3386
3098
2645
2248
1819
1384
896
497
143
-288
-616
-873
-1009
-1205
-1323
-1325
-1362
-1413
-1493
-1531
-1615
-1739
-1845
-1978
-2064
-2238
-2333
-2416
-2504
-2500
-2505
-2526
-2458
-2433
-2505
-2416
-2314
-2160
-2131
-1926
-1639
-1422
-1187
-782
-363
-49
312
830
1299
1629
1973
2392
2766
2930
3192
3427
3644
3670
3762
3872
3790
3650
3505
3377
3049
2609
2237
1829
1393
916
537
159
-307
-619
-860
-1020
-1255
-1347
-1348
-1392
-1439
-1493
-1513
-1627
-1748
-1855
-1995
-2119
-2296
-2376
-2470
-2528
-2581
-2585
-2569
-2505
-2510
-2534
-2425
-2331
-2211
-2179
-1924
-1690
-1455
-1184
-725
-339
-30
369
912
1364
1680
2070
2515
2855
3024
3318
3553
3735
3754
3897
3953
3854
3700
3582
3419
3037
2623
2249
1849
1389
914
537
136
-341
-639
-867
-1052
-1286
-1373
-1392
-1438
-1510
-1560
-1593
-1727
-1854
-1988
-2130
-2276
-2434
-2513
-2595
-2630
-2694
-2680
-2624
-2561
-2570
-2520
-2398
-2288
-2182
-2110
-1822
-1612
-1347
-1029
-580
-219
81
501
1026
1455
1785
2189
2637
2925
3108
3381
3598
3750
3761
3887
3882
3778
3581
3447
3247
2855
2462
2076
1694
1240
790
421
21
-389
-666
-865
-1029
-1229
-1302
-1338
-1373
-1469
-1527
-1573
-1698
-1836
-1983
-2104
-2238
-2384
-2478
-2534
-2561
-2624
-2608
-2548
-2495
-2519
-2418
-2294
-2179
-2110
-2017
-1730
-1534
-1259
-932
-509
-172
114
540
1044
1444
1785
2185
2632
2874
3076
3337
3563
3700
3713
3832
3820
3719
3499
3364
3144
2758
2358
1973
1600
1133
669
285
-122
-491
-793
-974
-1143
-1338
-1411
-1452
-1478
-1585
-1636
-1681
-1791
-1909
-2032
-2122
-2225
-2357
-2437
-2470
-2486
-2533
-2499
-2440
-2384
-2398
-2252
-2132
-2021
-1970
-1840
-1569
-1373
-1094
-758
-344
-28
280
713
1199
1552
1901
2306
2725
2932
3167
3422
3638
3728
3767
3888
3868
3747
3537
3413
3139
2738
2334
1957
1547
1026
560
164
-268
-655
-970
-1144
-1353
-1537
-1619
-1656
-1696
-1813
-1856
-1923
-2021
-2120
-2237
-2316
-2413
-2524
-2595
-2613
-2604
-2632
-2558
-2475
-2418
-2401
-2233
-2112
-1997
-1950
-1778
-1513
-1285
-1010
-640
-200
123
460
928
1409
1744
2098
2525
2920
3130
3400
3653
3851
3881
3961
4054
4007
3851
3676
3545
3204
2801
2416
2044
1569
1026
602
191
-267
-668
-960
-1160
-1412
-1561
-1644
-1677
-1745
-1852
-1891
-1992
-2093
-2193
-2339
-2451
-2571
-2678
-2765
-2780
-2784
-2794
-2700
-2598
-2561
-2521
-2354
-2234
-2119
-2067
-1839
-1572
-1319
-1047
-614
-162
152
512
1030
1486
1811
2162
2630
2991
3204
3486
3749
3915
3891
4019
4046
3955
3764
3631
3457
3060
2666
2312
1932
1419
916
528
115
-338
-696
-948
-1164
-1426
-1531
-1592
-1633
-1702
-1781
-1817
-1937
-2024
-2128
-2298
-2430
-2541
-2632
-2713
-2725
-2737
-2732
-2630
-2521
-2503
-2436
-2303
-2178
-2086
-2006
-1739
-1502
-1244
-950
-486
-83
213
623
1149
1552
1874
2240
2725
3040
3258
3548
3822
3942
3940
4094
4066
3960
3766
3649
3399
2979
2584
2219
1802
1273
781
373
-49
-491
-811
-1036
-1262
-1524
-1605
-1658
-1722
-1800
-1871
-1912
-2047
-2124
-2252
-2407
-2538
-2631
-2701
-2751
-2751
-2767
-2747
-2626
-2515
-2503
-2402
-2287
-2135
-2072
-1917
-1640
-1437
-1165
-818
-350
-9
326
814
1318
1687
2033
2432
2884
3130
3348
3642
3887
3942
3997
4103
4050
3926
3747
3600
3274
2859
2448
2056
1601
1058
557
136
-296
-706
-987
-1175
-1398
-1615
-1665
-1704
-1762
-1841
-1891
-1946
-2073
-2156
-2303
-2430
-2548
-2621
-2669
-2677
-2655
-2658
-2611
-2467
-2375
-2344
-2222
-2106
-1951
-1904
-1678
-1439
-1254
-966
-570
-136
159
564
1099
1553
1915
2279
2711
3077
3272
3504
3789
3966
3953
4052
4078
4014
3853
3697
3500
3129
2736
2327
1939
1451
904
436
4
-449
-830
-1098
-1310
-1578
-1743
-1794
-1859
-1951
-2048
-2087
-2182
-2303
-2416
-2559
-2677
-2789
-2853
-2875
-2844
-2818
-2784
-2681
-2520
-2455
-2367
-2226
-2076
-1947
-1851
-1582
-1377
-1158
-819
-382
10
313
805
1332
1733
2083
2456
2892
3147
3349
3570
3819
3869
3844
3941
3898
3793
3600
3466
3219
2833
2464
2101
1719
1219
740
354
-91
-507
-840
-1069
-1326
-1551
-1632
-1681
-1767
-1857
-1907
-1953
-2059
-2163
-2272
-2415
-2531
-2634
-2679
-2709
-2691
-2668
-2609
-2495
-2400
-2373
-2264
-2144
-1997
-1920
-1764
-1525
-1335
-1053
-692
-246
82
452
970
1436
1794
2133
2559
2962
3186
3425
3668
3876
3866
3921
4011
3939
3794
3606
3479
3166
2766
2393
2036
1575
1059
638
232
-253
-657
-960
-1200
-1465
-1629
-1685
-1774
-1857
-1917
-1959
-2040
-2140
-2221
-2348
-2488
-2587
-2656
-2706
-2749
-2717
-2667
-2594
-2501
-2465
-2403
-2278
-2123
-1986
-1892
-1671
-1447
-1193
-890
-480
-83
233
645
1135
1540
1858
2239
2697
3042
3261
3518
3787
3925
3919
4045
4086
3993
3783
3644
3457
3093
2679
2323
1913
1387
904
514
63
-425
-789
-1038
-1270
-1519
-1628
-1707
-1800
-1879
-1945
-2010
-2108
-2224
-2326
-2476
-2604
-2713
-2767
-2835
-2830
-2787
-2730
-2654
-2591
-2554
-2443
-2289
-2117
-2011
-1861
-1613
-1384
-1107
-792
-357
-40
301
730
1220
1556
1906
2357
2797
3095
3328
3626
3878
3937
3996
4116
4097
3946
3733
3614
3326
2933
2512
2137
1654
1125
686
280
-187
-625
-917
-1130
-1377
-1586
-1680
-1770
-1865
-1972
-2058
-2135
-2266
-2413
-2524
-2662
-2779
-2860
-2890
-2885
-2825
-2766
-2685
-2568
-2520
-2435
-2281
-2119
-1963
-1871
-1624
-1368
-1116
-819
-417
1
295
712
1219
1644
1958
2368
2833
3177
3415
3668
3936
4079
4088
4206
4221
4143
3954
3788
3607
3210
2798
2372
1952
1431
918
497
54
-401
-765
-1038
-1264
-1528
-1687
-1782
-1881
-1988
-2120
-2194
-2305
-2465
-2606
-2719
-2847
-2943
-3003
-2994
-2951
-2857
-2803
-2690
-2599
-2573
-2436
-2316
-2139
-2033
-1872
-1592
-1338
-1066
-717
-251
102
436
952
1422
1765
2101
2564
2975
3209
3469
3705
3950
3995
4090
4202
4158
4080
3903
3789
3493
3064
2665
2251
1808
1266
796
381
-103
-500
-850
-1100
-1365
-1600
-1711
-1819
-1913
-2057
-2162
-2258
-2406
-2567
-2702
-2823
-2941
-3024
-3048
-3025
-2938
-2847
-2781
-2664
-2622
-2539
-2389
-2233
-2067
-1952
-1719
-1464
-1201
-917
-501
-53
253
677
1193
1601
1927
2329
2823
3134
3369
3627
3856
4045
4074
4215
4232
4163
4021
3860
3685
3273
2862
2445
2031
1533
1007
574
112
-346
-724
-1042
-1293
-1570
-1725
-1820
-1916
-2025
-2154
-2218
-2354
-2496
-2648
-2758
-2877
-2980
-3017
-3015
-2960
-2854
-2781
-2684
-2587
-2531
-2370
-2198
-2004
-1892
-1711
-1489
-1266
-1001
-697
-269
81
410
873
1345
1714
2062
2517
2954
3204
3483
3711
3933
4062
4112
4203
4165
4057
3870
3734
3459
3044
2645
2219
1801
1292
813
381
-83
-505
-859
-1141
-1420
-1648
-1760
-1865
-1955
-2090
-2178
-2273
-2421
-2572
-2719
-2824
-2965
-3036
-3068
-3059
-2988
-2912
-2819
-2674
-2582
-2452
-2265
-2049
-1899
-1771
-1531
-1337
-1089
-810
-441
-71
231
622
1096
1541
1892
2273
2736
3072
3329
3613
3824
4017
4085
4135
4162
4081
3907
3737
3565
3215
2820
2410
1984
1546
1048
604
173
-273
-648
-943
-1225
-1489
-1642
-1752
-1853
-1948
-2064
-2146
-2290
-2440
-2592
-2729
-2865
-2987
-3033
-3092
-3054
-2976
-2904
-2772
-2621
-2523
-2355
-2185
-1975
-1875
-1676
-1445
-1255
-990
-685
-277
19
344
775
1251
1657
2027
2457
2884
3156
3436
3712
3915
4058
4104
4162
4121
3998
3821
3670
3404
3030
2656
2236
1785
1312
854
429
-12
-409
-715
-993
-1278
-1481
-1592
-1717
-1823
-1926
-2031
-2173
-2350
-2499
-2654
-2818
-2963
-3035
-3109
-3142
-3070
-2972
-2882
-2732
-2616
-2510
-2331
-2170
-1971
-1860
-1587
-1383
-1168
-904
-529
-119
148
530
997
1443
1810
2231
2701
3067
3316
3607
3872
4032
4130
4191
4217
4118
3967
3818
3606
3273
2890
2509
2044
1552
1072
636
179
-250
-585
-867
-1147
-1397
-1547
-1648
-1781
-1880
-1965
-2088
-2252
-2421
-2568
-2736
-2909
-3013
-3074
-3151
-3130
-3033
-2915
-2811
-2652
-2574
-2444
-2287
-2123
-1944
-1806
-1503
-1335
-1100
-822
-400
-35
246
689
1151
1534
1884
2335
2787
3086
3340
3629
3890
3990
4079
4163
4186
4068
3943
3847
3599
3253
2856
2502
2004
1488
1024
605
112
-313
-622
-884
-1166
-1412
-1517
-1603
-1756
-1865
-1928
-2062
-2227
-2410
-2548
-2744
-2931
-3036
-3109
-3173
-3161
-3068
-2954
-2852
-2720
-2653
-2498
-2396
-2225
-2072
-1895
-1606
-1424
-1147
-830
-398
-45
316
807
1269
1639
2012
2464
2885
3159
3437
3725
3964
4013
4107
4189
4198
4049
3967
3881
3597
3229
2826
2500
1964
1461
1021
595
72
-357
-645
-904
-1218
-1446
-1520
-1606
-1773
-1867
-1908
-2067
-2234
-2397
-2514
-2746
-2931
-3020
-3081
-3140
-3142
-3034
-2938
-2851
-2741
-2644
-2484
-2414
-2228
-2088
-1909
-1652
-1429
-1133
-803
-387
-43
335
822
1287
1664
2043
2477
2892
3172
3467
3760
4000
4048
4163
4238
4231
4057
3999
3887
3576
3189
2788
2464
1920
1448
1026
588
63
-371
-639
-912
-1248
-1454
-1549
-1642
-1831
-1910
-1964
-2166
-2350
-2500
-2615
-2863
-3038
-3101
-3146
-3191
-3173
-3048
-2951
-2865
-2766
-2634
-2453
-2376
-2164
-2027
-1829
-1579
-1320
-1004
-645
-224
83
456
937
1387
1763
2134
2558
2950
3218
3505
3795
4024
4077
4211
4278
4240
4054
3981
3846
3500
3097
2699
2352
1810
1338
935
496
-16
-437
-688
-946
-1270
-1453
-1553
-1659
-1852
-1928
-1990
-2212
-2414
-2565
-2693
-2936
-3115
-3180
-3236
-3270
-3238
-3114
-3006
-2901
-2816
-2667
-2477
-2372
-2161
-2030
-1808
-1557
-1292
-965
-564
-142
142
535
1033
1473
1848
2224
2670
3038
3283
3561
3857
4059
4112
4271
4346
4294
4119
4036
3901
3529
3123
2737
2365
1820
1308
911
464
-39
-439
-673
-910
-1211
-1377
-1455
-1575
-1769
-1863
-1936
-2163
-2392
-2552
-2712
-2963
-3179
-3265
-3344
-3406
-3390
-3272
-3170
-3066
-2991
-2831
-2647
-2532
-2342
-2195
-1944
-1704
-1427
-1065
-629
-218
105
557
1084
1521
1915
2338
2814
3163
3426
3717
3994
4161
4240
4416
4457
4377
4220
4129
3947
3553
3159
2787
2367
1813
1288
873
396
-103
-469
-703
-958
-1249
-1395
-1467
-1583
-1765
-1849
-1930
-2143
-2343
-2483
-2639
-2900
-3105
-3195
-3278
-3357
-3343
-3218
-3143
-3027
-2974
-2804
-2640
-2515
-2337
-2190
-1912
-1698
-1413
-1057
-627
-240
96
566
1073
1473
1856
2295
2769
3083
3360
3658
3919
4073
4182
4376
4378
4283
4152
4070
3841
3448
3077
2736
2289
1745
1266
859
374
-101
-431
-672
-965
-1255
-1381
-1488
-1595
-1777
-1857
-1968
-2175
-2322
-2463
-2611
-2864
-3028
-3129
-3209
-3272
-3259
-3145
-3096
-2971
-2947
-2770
-2614
-2455
-2286
-2134
-1817
-1614
-1318
-971
-530
-158
182
662
1150
1523
1902
2356
2811
3086
3365
3668
3925
4064
4183
4371
4336
4216
4078
3981
3695
3293
2926
2579
2099
1554
1132
721
234
-209
-508
-741
-1048
-1308
-1406
-1524
-1630
-1798
-1883
-2028
-2231
-2360
-2510
-2667
-2900
-3025
-3124
-3201
-3237
-3211
-3107
-3049
-2933
-2885
-2690
-2527
-2336
-2178
-1988
-1681
-1461
-1152
-802
-373
-25
328
814
1280
1652
2046
2508
2929
3198
3479
3779
4026
4137
4274
4417
4370
4221
4066
3930
3589
3180
2806
2429
1918
1378
977
545
56
-352
-632
-852
-1158
-1378
-1458
-1572
-1688
-1836
-1933
-2114
-2306
-2443
-2591
-2764
-2963
-3064
-3159
-3235
-3258
-3218
-3152
-3088
-3007
-2928
-2750
-2590
-2394
-2256
-2011
-1734
-1456
-1124
-748
-327
16
424
932
1392
1792
2211
2675
3073
3357
3648
3923
4155
4243
4392
4475
4429
4264
4100
3922
3550
3146
2754
2346
1808
1275
854
396
-88
-467
-747
-974
-1270
-1456
-1528
-1632
-1750
-1875
-1970
-2153
-2304
-2437
-2564
-2733
-2890
-2972
-3051
-3106
-3114
-3058
-3016
-2930
-2874
-2771
-2603
-2441
-2264
-2143
-1869
-1634
-1341
-1021
-639
-260
53
491
980
1391
1771
2182
2624
2983
3256
3550
3796
4001
4086
4247
4287
4236
4093
3961
3772
3400
3028
2633
2219
1685
1192
777
309
-137
-480
-747
-994
-1266
-1397
-1471
-1580
-1713
-1824
-1930
-2118
-2244
-2389
-2547
-2734
-2879
-2974
-3066
-3117
-3115
-3058
-3019
-2916
-2852
-2726
-2556
-2375
-2215
-2084
-1806
-1590
-1303
-981
-588
-229
97
555
1026
1414
1794
2210
2656
2997
3283
3591
3840
4032
4126
4272
4278
4205
4057
3927
3700
3310
2933
2524
2095
1561
1088
685
206
-204
-519
-776
-1022
-1244
-1329
-1416
-1530
-1669
-1745
-1854
-2027
-2124
-2270
-2452
-2640
-2778
-2880
-2976
-3024
-3022
-2978
-2940
-2852
-2789
-2665
-2525
-2350
-2230
-2095
-1841
-1644
-1374
-1045
-644
-316
32
494
947
1330
1710
2154
2615
2946
3261
3607
3876
4054
4166
4316
4295
4215
4061
3931
3652
3248
2880
2459
2009
1476
1032
624
134
-264
-566
-823
-1064
-1256
-1345
-1465
-1597
-1729
-1786
-1907
-2062
-2146
-2288
-2468
-2657
-2785
-2877
-2960
-3011
-3002
-2979
-2935
-2877
-2810
-2676
-2572
-2395
-2297
-2107
-1873
-1662
-1359
-995
-579
-271
134
619
1066
1464
1868
2347
2791
3108
3455
3803
4041
4186
4317
4436
4373
4262
4098
3919
3571
3154
2782
2333
1863
1344
929
498
19
-351
-624
-862
-1109
-1278
-1372
-1494
-1623
-1734
-1805
-1945
-2090
-2201
-2351
-2535
-2720
-2828
-2901
-2972
-3008
-2982
-2962
-2892
-2845
-2747
-2598
-2496
-2321
-2223
-1984
-1771
-1519
-1192
-822
-436
-141
300
787
1189
1567
1975
2441
2822
3114
3460
3750
3945
4071
4216
4298
4210
4088
3943
3710
3330
2924
2540
2082
1602
1119
709
276
-167
-482
-696
-922
-1161
-1274
-1338
-1436
-1541
-1625
-1717
-1871
-2019
-2170
-2335
-2529
-2701
-2787
-2865
-2939
-2953
-2929
-2900
-2826
-2797
-2670
-2547
-2430
-2306
-2193
-1948
-1738
-1460
-1140
-760
-414
-81
393
879
1252
1634
2073
2537
2888
3190
3549
3812
4001
4141
4305
4350
4250
4137
3998
3710
3306
2906
2491
2014
1496
1032
604
147
-279
-550
-745
-1020
-1237
-1302
-1366
-1471
-1559
-1631
-1742
-1919
-2065
-2226
-2412
-2619
-2753
-2816
-2905
-2967
-2942
-2907
-2861
-2807
-2770
-2629
-2543
-2406
-2322
-2163
-1931
-1709
-1419
-1074
-676
-348
44
538
1002
1358
1754
2211
2666
2974
3287
3628
3862
4035
4185
4323
4314
4217
4117
3957
3639
3236
2843
2417
1921
1392
952
507
29
-365
-609
-838
-1161
-1339
-1397
-1493
-1607
-1691
-1767
-1896
-2067
-2189
-2356
-2555
-2741
-2834
-2897
-2983
-2998
-2947
-2908
-2853
-2825
-2763
-2632
-2545
-2379
-2278
-2059
-1845
-1574
-1249
-858
-458
-124
323
827
1265
1624
2050
2526
2950
3231
3559
3859
4075
4227
4367
4433
4365
4267
4140
3920
3563
3146
2728
2257
1729
1200
745
270
-206
-560
-812
-1074
-1385
-1540
-1615
-1717
-1808
-1896
-1984
-2093
-2224
-2343
-2512
-2685
-2839
-2918
-2995
-3034
-3002
-2954
-2887
-2810
-2776
-2664
-2518
-2377
-2197
-2053
-1807
-1597
-1301
-962
-569
-230
97
549
1030
1402
1756
2198
2652
3003
3266
3584
3816
4012
4142
4263
4258
4153
4056
3893
3624
3249
2851
2424
1950
1443
951
507
47
-365
-660
-894
-1136
-1380
-1494
-1559
-1644
-1714
-1805
-1897
-2006
-2116
-2244
-2416
-2573
-2721
-2793
-2882
-2890
-2851
-2822
-2725
-2661
-2610
-2473
-2339
-2189
-2078
-1912
-1685
-1487
-1210
-870
-492
-210
133
605
1072
1409
1801
2275
2698
2999
3280
3585
3775
3962
4080
4192
4148
4021
3906
3706
3395
2997
2612
2178
1722
1230
772
340
-110
-473
-746
-963
-1195
-1386
-1460
-1537
-1628
-1707
-1798
-1897
-2019
-2107
-2233
-2404
-2546
-2668
-2711
-2795
-2780
-2725
-2685
-2565
-2528
-2441
-2315
-2211
-2096
-2038
-1839
-1647
-1455
-1179
-822
-460
-188
201
692
1124
1474
1909
2382
2759
3032
3338
3615
3799
3961
4076
4164
4095
3972
3843
3618
3279
2879
2500
2066
1611
1127
690
266
-184
-522
-796
-1012
-1247
-1414
-1478
-1585
-1696
-1806
-1904
-2012
-2136
-2218
-2345
-2510
-2638
-2723
-2761
-2835
-2798
-2720
-2656
-2560
-2530
-2418
-2315
-2226
-2127
-2035
-1809
-1632
-1406
-1078
-698
-348
-32
406
889
1283
1669
2116
2553
2889
3160
3480
3745
3938
4079
4189
4238
4157
4035
3879
3633
3280
2879
2483
2026
1548
1063
608
166
-281
-615
-873
-1102
-1325
-1459
-1525
-1644
-1780
-1900
-1994
-2105
-2232
-2335
-2476
-2630
-2745
-2827
-2894
-2939
-2885
-2809
-2735
-2661
-2605
-2485
-2365
-2253
-2135
-1977
-1741
-1546
-1256
-878
-502
-172
185
651
1082
1436
1830
2266
2662
2956
3240
3556
3796
3980
4096
4196
4188
4072
3949
3774
3510
3125
2726
2311
1835
1351
887
441
-9
-418
-694
-922
-1150
-1330
-1416
-1486
-1619
-1746
-1846
-1937
-2079
-2207
-2343
-2503
-2642
-2751
-2835
-2914
-2923
-2868
-2814
-2741
-2683
-2604
-2482
-2350
-2224
-2117
-1906
-1705
-1489
-1158
-775
-420
-116
301
769
1144
1503
1915
2383
2758
3059
3395
3680
3927
4081
4218
4292
4201
4087
3949
3767
3428
3001
2601
2140
1652
1161
715
272
-194
-529
-791
-1018
-1244
-1399
-1459
-1574
-1687
-1796
-1875
-1992
-2159
-2276
-2439
-2588
-2701
-2784
-2843
-2914
-2876
-2825
-2773
-2700
-2646
-2533
-2411
-2265
-2156
-2012
-1781
-1603
-1346
-990
-607
-276
50
509
938
1291
1663
2106
2560
2889
3207
3507
3758
3958
4091
4223
4205
4092
3972
3830
3587
3189
2781
2356
1886
1392
923
501
48
-354
-659
-904
-1131
-1337
-1432
-1527
-1625
-1716
-1805
-1889
-2050
-2185
-2325
-2484
-2608
-2707
-2755
-2840
-2856
-2797
-2770
-2694
-2659
-2589
-2474
-2360
-2206
-2106
-1909
-1692
-1486
-1182
-819
-427
-114
252
727
1125
1503
1893
2351
2761
3048
3377
3647
3880
4040
4173
4264
4196
4098
3993
3811
3509
3094
2692
2246
1729
1240
779
347
-111
-493
-770
-1037
-1280
-1442
-1533
-1639
-1748
-1833
-1925
-2063
-2217
-2361
-2508
-2662
-2784
-2865
-2934
-2980
-2941
-2874
-2829
-2724
-2686
-2590
-2458
-2323
-2177
-2053
-1832
-1618
-1359
-1042
-655
-273
37
458
939
1323
1714
2119
2570
2910
3184
3513
3752
3955
4051
4188
4226
4124
4046
3914
3703
3356
2939
2541
2078
1564
1092
663
242
-212
-537
-785
-1055
-1275
-1391
-1472
-1585
-1680
-1775
-1878
-2037
-2183
-2325
-2487
-2653
-2775
-2862
-2945
-2962
-2901
-2850
-2805
-2694
-2674
-2547
-2422
-2300
-2174
-2040
-1815
-1609
-1327
-1004
-604
-246
80
549
1025
1388
1795
2231
2665
2966
3262
3592
3806
3986
4060
4204
4192
4069
3981
3813
3568
3193
2782
2376
1929
1430
953
538
120
-317
-613
-861
-1125
-1333
-1439
-1536
-1642
-1732
-1863
-1958
-2124
-2259
-2389
-2557
-2703
-2809
-2879
-2965
-2957
-2875
-2840
-2777
-2686
-2660
-2500
-2397
-2256
-2132
-1965
-1740
-1523
-1215
-873
-465
-126
247
727
1174
1543
1961
2408
2817
3092
3407
3718
3924
4095
4182
4307
4249
4122
4010
3826
3561
3184
2795
2363
1916
1412
917
497
64
-340
-641
-922
-1190
-1411
-1519
-1630
-1738
-1847
-2015
-2106
-2281
-2408
-2531
-2698
-2833
-2945
-3000
-3076
-3048
-2964
-2937
-2843
-2810
-2756
-2577
-2476
-2308
-2176
-1955
-1729
-1485
-1149
-780
-377
-53
373
842
1252
1647
2065
2515
2912
3193
3532
3836
4063
4233
4336
4437
4339
4218
4101
3927
3604
3199
2797
2318
1850
1334
863
425
-39
-393
-694
-996
-1254
-1454
-1529
-1662
-1784
-1917
-2062
-2163
-2330
-2438
-2589
-2759
-2897
-2991
-3010
-3075
-3044
-2981
-2950
-2838
-2856
-2747
-2576
-2456
-2284
-2145
-1873
-1656
-1404
-1073
-679
-310
0
454
905
1286
1691
2114
2575
2948
3228
3575
3859
4065
4202
4313
4359
4225
4126
4019
3798
3371
2954
2549
2067
1599
1116
698
236
-215
-490
-758
-1021
-1252
-1372
-1423
-1575
-1685
-1807
-1900
-2041
-2190
-2303
-2490
-2660
-2784
-2836
-2864
-2944
-2911
-2868
-2821
-2737
-2767
-2616
-2515
-2373
-2243
-2103
-1847
-1675
-1430
-1105
-699
-384
-52
434
901
1290
1726
2185
2660
3014
3311
3661
3919
4099
4234
4370
4368
4258
4158
4013
3710
3271
2893
2479
2008
1519
1046
617
119
-276
-541
-801
-1053
-1294
-1385
-1492
-1642
-1763
-1890
-2005
-2190
-2333
-2485
-2664
-2831
-2918
-2967
-3026
-3068
-2998
-2941
-2864
-2797
-2769
-2607
-2534
-2352
-2242
-2083
-1850
-1656
-1370
-1014
-599
-278
131
654
1137
1530
1984
2453
2901
3211
3500
3824
4055
4230
4374
4493
4432
4338
4194
4033
3722
3321
2931
2474
2007
1478
996
536
56
-306
-594
-847
-1120
-1365
-1466
-1596
-1725
-1894
-2032
-2183
-2353
-2492
-2660
-2820
-2982
-3030
-3101
-3152
-3141
-3053
-2984
-2892
-2828
-2799
-2675
-2580
-2374
-2285
-2116
-1879
-1646
-1332
-961
-531
-189
252
776
1237
1623
2076
2537
2954
3254
3566
3892
4130
4319
4465
4558
4482
4429
4287
4125
3796
3381
2951
2474
2010
1463
979
514
55
-307
-589
-857
-1153
-1379
-1485
-1631
-1795
-1984
-2106
-2267
-2431
-2568
-2724
-2874
-3025
-3054
-3140
-3184
-3139
-3030
-2964
-2906
-2873
-2856
-2702
-2557
-2356
-2291
-2088
-1834
-1573
-1232
-871
-445
-113
341
855
1289
1681
2129
2590
2997
3295
3603
3897
4120
4289
4418
4496
4408
4341
4174
3976
3619
3194
2777
2329
1875
1344
884
446
18
-322
-582
-844
-1139
-1332
-1420
-1576
-1735
-1907
-2009
-2179
-2343
-2456
-2606
-2755
-2920
-2962
-3037
-3086
-3028
-2949
-2935
-2899
-2893
-2840
-2669
-2548
-2388
-2336
-2091
-1864
-1584
-1252
-901
-499
-178
299
793
1233
1638
2088
2534
2933
3224
3544
3833
4070
4246
4385
4478
4378
4314
4159
3958
3616
3215
2828
2384
1915
1386
933
490
71
-280
-577
-840
-1130
-1291
-1379
-1551
-1699
-1874
-1970
-2128
-2278
-2410
-2580
-2715
-2872
-2924
-3011
-3068
-3035
-3005
-2996
-2927
-2933
-2867
-2714
-2609
-2461
-2388
-2110
-1905
-1602
-1294
-918
-545
-219
286
764
1202
1577
2020
2464
2878
3184
3541
3840
4086
4273
4425
4530
4430
4376
4249
4045
3700
3290
2883
2413
1895
1374
922
472
41
-323
-609
-847
-1095
-1245
-1358
-1523
-1663
-1812
-1907
-2071
-2246
-2406
-2567
-2711
-2869
-2961
-3061
-3112
-3089
-3059
-3029
-2946
-2962
-2901
-2736
-2612
-2477
-2382
-2108
-1902
-1608
-1306
-906
-563
-218
300
753
1158
1511
2004
2497
2921
3236
3600
3906
4155
4355
4511
4599
4498
4437
4333
4091
3693
3250
2835
2363
1815
1290
819
369
-69
-385
-639
-886
-1116
-1261
-1349
-1495
-1642
-1778
-1896
-2068
-2258
-2420
-2597
-2802
-2965
-3066
-3147
-3203
-3174
-3111
-3064
-2980
-2979
-2900
-2719
-2600
-2471
-2380
-2134
-1911
-1618
-1273
-859
-506
-126
408
866
1278
1660
2175
2682
3069
3370
3714
3999
4234
4426
4566
4608
4488
4395
4268
4005
3577
3141
2735
2266
1718
1167
690
240
-202
-487
-736
-978
-1187
-1313
-1362
-1495
-1619
-1732
-1838
-1986
-2164
-2325
-2508
-2723
-2880
-2976
-3069
-3135
-3112
-3034
-2973
-2912
-2917
-2840
-2673
-2592
-2498
-2453
-2241
-2028
-1764
-1394
-995
-626
-253
274
778
1217
1609
2085
2582
2973
3284
3642
3931
4181
4380
4545
4613
4526
4450
4327
4125
3747
3345
2941
2483
1965
1381
887
412
-60
-398
-682
-929
-1171
-1339
-1409
-1533
-1641
-1757
-1857
-1992
-2166
-2342
-2513
-2720
-2899
-3009
-3111
-3176
-3172
-3092
-3001
-2954
-2945
-2840
-2662
-2592
-2504
-2454
-2233
-2029
-1798
-1426
-1047
-667
-317
181
719
1167
1564
2010
2495
2894
3217
3587
3883
4118
4307
4468
4556
4494
4427
4302
4114
3774
3379
2980
2524
2023
1444
945
463
-18
-386
-681
-923
-1173
-1347
-1435
-1532
-1632
-1740
-1832
-1956
-2127
-2304
-2462
-2666
-2858
-2985
-3084
-3150
-3163
-3086
-2995
-2942
-2912
-2795
-2619
-2549
-2444
-2376
-2138
-1926
-1707
-1361
-1016
-632
-307
150
682
1129
1542
1978
2460
2865
3196
3572
3887
4108
4282
4414
4505
4446
4372
4250
4037
3699
3287
2901
2429
1910
1346
857
381
-96
-453
-737
-981
-1211
-1345
-1418
-1502
-1613
-1717
-1797
-1911
-2077
-2242
-2405
-2613
-2791
-2916
-3005
-3076
-3093
-3024
-2962
-2887
-2858
-2758
-2593
-2517
-2397
-2334
-2093
-1887
-1668
-1356
-1020
-636
-334
109
646
1098
1505
1949
2449
2880
3208
3586
3915
4128
4296
4415
4498
4421
4321
4206
3989
3625
3182
2790
2321
1788
1251
782
322
-146
-486
-747
-997
-1211
-1327
-1372
-1456
-1576
-1670
-1738
-1842
-1995
-2149
-2330
-2529
-2680
-2800
-2891
-2962
-2960
-2897
-2862
-2788
-2763
-2697
-2545
-2468
-2354
-2325
-2129
-1939
-1740
-1460
-1136
-750
-468
-32
519
984
1370
1803
2328
2795
3119
3479
3826
4041
4219
4359
4460
4401
4286
4194
4021
3668
3216
2822
2392
1881
1364
906
461
-16
-375
-636
-896
-1130
-1284
-1340
-1423
-1550
-1639
-1694
-1797
-1958
-2120
-2305
-2503
-2653
-2788
-2885
-2964
-2964
-2895
-2865
-2807
-2769
-2725
-2567
-2485
-2373
-2334
-2177
-1974
-1790
-1506
-1200
-798
-497
-75
470
938
1323
1748
2270
2753
3071
3390
3743
3965
4142
4275
4382
4347
4222
4130
3975
3662
3213
2809
2416
1931
1411
935
519
50
-329
-592
-828
-1057
-1235
-1295
-1342
-1454
-1539
-1580
-1675
-1839
-2013
-2175
-2362
-2531
-2686
-2796
-2897
-2945
-2895
-2840
-2809
-2768
-2755
-2597
-2526
-2431
-2357
-2229
-2021
-1876
-1591
-1299
-898
-580
-181
333
801
1211
1652
2168
2658
2999
3309
3666
3909
4101
4223
4342
4333
4226
4130
3973
3715
3294
2889
2505
2023
1476
958
549
106
-293
-581
-812
-1027
-1217
-1291
-1310
-1400
-1489
-1529
-1605
-1756
-1928
-2092
-2269
-2443
-2609
-2740
-2892
-2987
-2968
-2886
-2859
-2840
-2850
-2726
-2628
-2546
-2449
-2331
-2096
-1944
-1666
-1349
-940
-607
-241
273
768
1207
1646
2155
2662
3029
3344
3695
3958
4161
4279
4401
4401
4310
4212
4050
3829
3439
3015
2609
2119
1564
998
553
120
-304
-606
-850
-1054
-1231
-1319
-1320
-1400
-1490
-1522
-1569
-1718
-1892
-2061
-2242
-2422
-2601
-2721
-2898
-3023
-3020
-2922
-2872
-2868
-2873
-2798
-2663
-2582
-2490
-2400
-2153
-1975
-1737
-1423
-1026
-682
-376
126
659
1112
1526
2020
2544
2928
3245
3604
3902
4122
4269
4409
4445
4361
4288
4152
3935
3595
3162
2744
2255
1728
1163
666
216
-241
-546
-794
-1009
-1181
-1285
-1278
-1348
-1444
-1478
-1506
-1647
-1836
-2004
-2188
-2371
-2577
-2699
-2849
-2982
-2991
-2906
-2837
-2824
-2798
-2763
-2619
-2531
-2451
-2403
-2207
-2008
-1804
-1534
-1186
-815
-521
-68
479
957
1360
1834
2364
2782
3101
3459
3805
4040
4201
4342
4426
4340
4246
4135
3909
3593
3150
2746
2277
1763
1229
727
280
-193
-520
-751
-973
-1159
-1266
-1264
-1314
-1412
-1453
-1469
-1558
-1720
-1887
-2067
-2233
-2431
-2561
-2694
-2808
-2828
-2769
-2694
-2676
-2625
-2629
-2515
-2434
-2362
-2346
-2234
-2047
-1870
-1625
-1332
-950
-637
-248
281
778
1174
1620
2128
2574
2907
3245
3622
3894
4072
4202
4332
4302
4191
4108
3913
3634
3200
2802
2387
1883
1361
872
449
-8
-390
-624
-838
-1042
-1176
-1203
-1239
-1340
-1398
-1420
-1479
-1612
-1774
-1962
-2139
-2346
-2492
-2645
-2774
-2842
-2833
-2774
-2760
-2697
-2714
-2626
-2552
-2476
-2454
-2376
-2172
-2010
-1750
-1462
-1064
-705
-340
175
688
1102
1532
2031
2494
2857
3188
3559
3857
4066
4199
4323
4336
4228
4140
3964
3713
3298
2862
2461
1974
1450
947
526
101
-322
-572
-758
-940
-1105
-1159
-1156
-1230
-1301
-1320
-1360
-1495
-1658
-1816
-1983
-2200
-2362
-2525
-2692
-2821
-2836
-2786
-2765
-2707
-2716
-2652
-2593
-2512
-2468
-2428
-2225
-2072
-1849
-1607
-1237
-848
-521
-64
434
879
1283
1756
2250
2668
3016
3380
3703
3949
4122
4271
4318
4234
4148
4016
3808
3436
2995
2602
2169
1659
1137
688
272
-167
-450
-631
-798
-997
-1100
-1070
-1097
-1188
-1228
-1263
-1412
-1605
-1744
-1877
-2099
-2288
-2453
-2639
-2806
-2829
-2771
-2738
-2703
-2696
-2667
-2611
-2539
-2459
-2435
-2298
-2119
-1937
-1715
-1412
-999
-663
-287
200
678
1106
1535
2034
2536
2894
3223
3561
3833
4017
4160
4252
4211
4111
3991
3831
3513
3078
2689
2321
1850
1312
829
418
1
-325
-532
-688
-883
-1026
-1018
-1004
-1077
-1159
-1189
-1289
-1473
-1646
-1777
-1964
-2184
-2366
-2552
-2723
-2784
-2763
-2719
-2695
-2694
-2729
-2683
-2616
-2561
-2517
-2452
-2234
-2085
-1867
-1598
-1223
-854
-538
-49
440
887
1330
1802
2353
2747
3052
3414
3722
3936
4079
4229
4266
4198
4076
3945
3710
3306
2905
2546
2116
1586
1083
649
248
-110
-386
-559
-734
-910
-972
-965
-996
-1088
-1138
-1192
-1337
-1546
-1722
-1880
-2099
-2322
-2505
-2665
-2780
-2821
-2789
-2756
-2755
-2828
-2838
-2748
-2715
-2653
-2619
-2411
-2236
-2053
-1791
-1455
-1056
-755
-282
247
690
1144
1614
2162
2618
2936
3325
3691
3945
4096
4269
4360
4325
4190
4060
3874
3497
3079
2697
2295
1770
1278
838
423
44
-287
-477
-634
-824
-935
-945
-966
-1035
-1079
-1121
-1236
-1432
-1618
-1788
-2001
-2226
-2403
-2554
-2722
-2809
-2796
-2755
-2752
-2785
-2844
-2774
-2718
-2659
-2633
-2521
-2323
-2165
-1946
-1652
-1248
-936
-546
-2
479
910
1352
1869
2375
2730
3101
3497
3816
3993
4140
4270
4288
4175
4049
3926
3629
3227
2821
2473
2002
1489
1032
612
239
-147
-392
-529
-700
-870
-901
-900
-964
-1010
-1043
-1107
-1276
-1470
-1641
-1843
-2069
-2261
-2406
-2589
-2734
-2767
-2716
-2713
-2720
-2794
-2795
-2728
-2682
-2643
-2610
-2438
-2265
-2071
-1808
-1435
-1084
-741
-244
304
741
1142
1616
2148
2546
2886
3265
3617
3850
3964
4111
4192
4124
4016
3932
3731
3370
2948
2610
2214
1700
1196
769
412
13
-297
-450
-575
-765
-842
-815
-853
-907
-946
-973
-1110
-1319
-1496
-1677
-1904
-2123
-2274
-2436
-2588
-2679
-2641
-2628
-2656
-2722
-2803
-2768
-2736
-2705
-2699
-2592
-2403
-2236
-2013
-1698
-1342
-994
-581
-25
470
864
1280
1815
2289
2629
2979
3352
3675
3822
3982
4158
4170
4097
4039
3930
3650
3234
2870
2524
2050
1506
1045
682
278
-82
-286
-395
-591
-736
-714
-721
-789
-865
-904
-1013
-1220
-1418
-1589
-1819
-2080
-2265
-2421
-2574
-2718
-2747
-2717
-2752
-2813
-2917
-2945
-2892
-2850
-2829
-2785
-2615
-2436
-2252
-1974
-1626
-1250
-871
-358
210
675
1070
1559
2103
2525
2872
3242
3626
3876
4032
4237
4333
4271
4196
4112
3913
3546
3124
2745
2322
1789
1266
860
462
73
-197
-335
-485
-661
-692
-675
-720
-818
-888
-962
-1119
-1317
-1495
-1691
-1940
-2168
-2334
-2486
-2649
-2745
-2734
-2725
-2763
-2823
-2904
-2875
-2802
-2756
-2754
-2682
-2515
-2357
-2151
-1842
-1472
-1110
-697
-153
389
796
1204
1735
2252
2637
2992
3374
3713
3912
4073
4231
4233
4127
4049
3938
3681
3296
2888
2519
2073
1538
1078
698
298
-39
-244
-377
-529
-629
-640
-660
-741
-832
-881
-973
-1128
-1320
-1508
-1698
-1925
-2142
-2309
-2478
-2634
-2699
-2687
-2701
-2726
-2784
-2826
-2762
-2699
-2686
-2691
-2589
-2417
-2251
-2013
-1679
-1304
-945
-527
20
508
885
1337
1888
2366
2721
3064
3430
3711
3857
3996
4097
4043
3929
3857
3719
3420
3019
2656
2310
1840
1336
940
569
188
-94
-255
-387
-522
-593
-609
-654
-730
-775
-829
-936
-1096
-1284
-1460
-1656
-1889
-2089
-2262
-2458
-2611
-2653
-2677
-2721
-2743
-2792
-2802
-2755
-2714
-2705
-2683
-2542
-2354
-2164
-1925
-1593
-1209
-878
-467
65
515
902
1383
1933
2392
2726
3065
3440
3712
3853
3984
4070
4021
3924
3838
3676
3342
2943
2619
2267
1796
1321
939
588
249
-10
-167
-293
-425
-501
-525
-566
-615
-654
-727
-839
-1006
-1191
-1389
-1630
-1871
-2085
-2306
-2539
-2682
-2741
-2814
-2896
-2944
-2996
-3011
-2974
-2920
-2899
-2869
-2704
-2497
-2294
-2048
-1688
-1316
-995
-553
-13
439
859
1383
1950
2401
2747
3130
3534
3807
3959
4117
4200
4153
4048
3948
3748
3385
3012
2692
2317
1846
1388
1026
708
381
117
-34
-165
-303
-386
-407
-439
-501
-550
-615
-730
-916
-1133
-1376
-1648
-1905
-2161
-2418
-2639
-2777
-2850
-2924
-3007
-3047
-3085
-3069
-2996
-2939
-2937
-2907
-2729
-2537
-2339
-2065
-1695
-1359
-1050
-574
-32
408
848
1410
1984
2413
2766
3184
3573
3801
3957
4141
4207
4116
3990
3898
3673
3306
2963
2656
2270
1798
1390
1077
758
411
169
31
-114
-268
-344
-358
-420
-503
-542
-605
-752
-972
-1207
-1476
-1767
-2050
-2325
-2590
-2812
-2945
-3009
-3063
-3117
-3111
-3102
-3059
-2978
-2907
-2889
-2852
-2670
-2470
-2258
-1970
-1590
-1237
-901
-412
133
601
1069
1642
2221
2642
2987
3383
3738
3930
4065
4218
4248
4112
3955
3842
3600
3237
2881
2561
2166
1704
1313
1001
671
316
77
-63
-226
-397
-473
-488
-551
-625
-665
-734
-879
-1096
-1327
-1580
-1854
-2148
-2436
-2689
-2888
-3003
-3062
-3088
-3083
-3043
-3020
-2971
-2874
-2796
-2784
-2738
-2555
-2366
-2181
-1900
-1508
-1140
-788
-294
258
738
1208
1784
2355
2760
3080
3447
3776
3946
4059
4181
4190
4038
3878
3769
3547
3190
2829
2522
2145
1705
1323
1015
682
323
74
-80
-253
-436
-515
-521
-567
-651
-701
-756
-902
-1129
-1351
-1577
-1859
-2181
-2474
-2705
-2905
-3043
-3105
-3113
-3111
-3104
-3078
-3018
-2938
-2885
-2851
-2766
-2603
-2441
-2252
-1948
-1565
-1191
-787
-257
297
787
1294
1878
2415
2805
3140
3484
3759
3902
4015
4112
4077
3921
3790
3687
3459
3116
2791
2499
2139
1736
1387
1083
755
421
186
32
-130
-288
-347
-345
-391
-484
-538
-598
-770
-1019
-1248
-1485
-1789
-2118
-2401
-2633
-2844
-2983
-3040
-3062
-3095
-3114
-3104
-3062
-3007
-2968
-2931
-2859
-2735
-2593
-2398
-2098
-1735
-1370
-940
-397
165
669
1183
1760
2283
2691
3051
3395
3637
3774
3916
4030
3984
3839
3751
3662
3432
3122
2841
2553
2188
1812
1501
1193
849
545
338
171
1
-121
-159
-184
-255
-330
-386
-497
-697
-936
-1177
-1452
-1768
-2080
-2367
-2619
-2811
-2923
-2997
-3049
-3073
-3086
-3100
-3072
-3006
-2975
-2982
-2943
-2833
-2697
-2512
-2218
-1860
-1503
-1085
-535
43
542
1044
1621
2173
2610
2976
3324
3584
3746
3896
4010
3982
3855
3776
3692
3486
3186
2892
2610
2277
1924
1606
1300
968
667
456
290
106
-51
-113
-148
-229
-330
-423
-550
-756
-1001
-1248
-1532
-1866
-2202
-2481
-2704
-2884
-3013
-3081
-3098
-3102
-3101
-3083
-3024
-2971
-2970
-2976
-2933
-2829
-2693
-2497
-2200
-1846
-1476
-1033
-483
79
578
1099
1680
2237
2673
3028
3376
3654
3819
3934
4015
3991
3878
3795
3708
3501
3199
2917
2658
2353
2012
1688
1384
1070
781
569
388
182
12
-72
-136
-242
-357
-461
-607
-815
-1053
-1309
-1621
-1964
-2290
-2581
-2832
-3036
-3174
-3252
-3285
-3282
-3263
-3247
-3220
-3187
-3176
-3175
-3122
-2986
-2816
-2608
-2295
-1892
-1462
-996
-450
130
679
1225
1809
2363
2789
3130
3472
3767
3930
4012
4074
4074
3998
3905
3804
3618
3347
3062
2800
2502
2148
1792
1479
1185
894
648
446
250
69
-60
-151
-255
-381
-511
-659
-861
-1110
-1383
-1683
-2011
-2354
-2660
-2914
-3118
-3254
-3321
-3338
-3332
-3308
-3275
-3247
-3215
-3180
-3140
-3059
-2925
-2751
-2533
-2228
-1839
-1414
-964
-452
112
664
1193
1728
2232
2637
2975
3318
3609
3771
3859
3954
3995
3943
3862
3783
3624
3365
3096
2845
2538
2172
1832
1541
1253
959
724
535
343
166
44
-49
-166
-297
-435
-605
-824
-1079
-1368
-1698
-2050
-2388
-2691
-2949
-3140
-3259
-3330
-3358
-3340
-3296
-3266
-3242
-3188
-3126
-3068
-2978
-2833
-2656
-2448
-2153
-1773
-1361
-929
-425
131
661
1161
1677
2166
2566
2915
3262
3534
3678
3780
3882
3913
3846
3758
3670
3502
3242
2986
2754
2461
2096
1779
1527
1248
959
743
590
411
227
116
41
-80
-239
-374
-531
-772
-1066
-1363
-1682
-2037
-2359
-2622
-2864
-3071
-3199
-3264
-3301
-3301
-3272
-3265
-3272
-3237
-3166
-3118
-3063
-2921
-2721
-2509
-2232
-1844
-1410
-989
-504
71
623
1111
1611
2140
2590
2933
3261
3554
3729
3811
3891
3939
3873
3751
3655
3529
3300
3037
2815
2553
2211
1886
1627
1367
1074
846
688
506
307
172
91
-34
-191
-342
-517
-765
-1061
-1355
-1667
-2000
-2319
-2603
-2860
-3078
-3235
-3329
-3368
-3389
-3423
-3472
-3474
-3427
-3384
-3352
-3257
-3080
-2896
-2670
-2342
-1937
-1531
-1096
-553
16
533
1038
1598
2130
2551
2917
3285
3581
3746
3875
3989
4014
3937
3876
3832
3690
3461
3231
3020
2728
2381
2071
1790
1491
1199
976
776
548
352
228
120
-20
-173
-345
-561
-806
-1067
-1371
-1717
-2058
-2385
-2701
-2976
-3175
-3317
-3403
-3416
-3401
-3439
-3504
-3487
-3406
-3360
-3319
-3193
-3009
-2843
-2623
-2275
-1886
-1512
-1071
-531
9
488
1016
1583
2077
2464
2833
3210
3484
3670
3817
3917
3918
3873
3864
3811
3659
3444
3247
3034
2746
2428
2120
1823
1524
1248
1015
781
557
377
242
114
-33
-195
-394
-604
-827
-1082
-1406
-1774
-2118
-2448
-2763
-3027
-3218
-3354
-3424
-3407
-3377
-3411
-3477
-3467
-3382
-3317
-3262
-3145
-2969
-2796
-2579
-2249
-1855
-1467
-1038
-513
26
532
1056
1617
2107
2480
2834
3203
3505
3679
3784
3864
3883
3853
3822
3774
3638
3434
3249
3066
2812
2486
2161
1864
1563
1271
1017
793
563
348
192
64
-90
-277
-451
-631
-844
-1109
-1420
-1760
-2104
-2422
-2707
-2959
-3180
-3326
-3384
-3388
-3391
-3435
-3494
-3505
-3428
-3341
-3276
-3185
-3032
-2836
-2613
-2303
-1909
-1500
-1083
-602
-55
477
984
1511
2004
2404
2751
3115
3434
3613
3704
3788
3854
3845
3810
3797
3727
3565
3374
3215
3002
2683
2338
2036
1753
1448
1181
966
733
489
311
195
47
-144
-315
-466
-668
-947
-1257
-1582
-1933
-2282
-2583
-2852
-3103
-3296
-3402
-3449
-3493
-3561
-3638
-3658
-3602
-3535
-3493
-3421
-3275
-3081
-2857
-2553
-2162
-1752
-1344
-864
-307
224
708
1218
1750
2203
2581
2949
3272
3473
3593
3730
3836
3840
3824
3862
3864
3712
3509
3348
3162
2853
2496
2194
1900
1577
1293
1066
816
546
359
241
91
-98
-250
-377
-569
-843
-1142
-1464
-1828
-2198
-2521
-2808
-3074
-3274
-3384
-3434
-3457
-3486
-3530
-3539
-3481
-3415
-3391
-3345
-3208
-3020
-2824
-2568
-2203
-1801
-1408
-943
-384
147
599
1095
1666
2180
2582
2941
3267
3481
3622
3781
3910
3925
3905
3948
3960
3819
3597
3427
3249
2956
2601
2280
1972
1639
1323
1050
768
482
264
115
-46
-227
-363
-479
-662
-929
-1219
-1528
-1892
-2276
-2623
-2936
-3225
-3432
-3536
-3585
-3602
-3601
-3596
-3586
-3535
-3453
-3406
-3370
-3255
-3056
-2861
-2649
-2325
-1913
-1507
-1065
-519
42
512
989
1568
2137
2565
2906
3243
3505
3669
3822
3977
4049
4037
4044
4058
3961
3759
3567
3397
3138
2786
2442
2142
1821
1463
1142
868
592
336
143
-5
-164
-323
-452
-618
-875
-1180
-1480
-1817
-2197
-2562
-2882
-3162
-3384
-3517
-3570
-3586
-3587
-3579
-3558
-3508
-3433
-3382
-3352
-3258
-3080
-2884
-2683
-2389
-2012
-1624
-1200
-675
-115
367
829
1379
1935
2364
2710
3054
3344
3538
3712
3899
4020
4040
4044
4066
4015
3855
3675
3503
3266
2930
2586
2288
1970
1605
1275
1018
768
507
307
171
23
-156
-317
-488
-744
-1066
-1389
-1731
-2114
-2497
-2832
-3123
-3367
-3538
-3624
-3656
-3669
-3677
-3679
-3651
-3583
-3532
-3512
-3454
-3301
-3114
-2917
-2639
-2283
-1918
-1521
-996
-400
121
593
1135
1700
2152
2530
2913
3236
3453
3659
3891
4042
4080
4103
4155
4135
4007
3854
3694
3457
3136
2813
2500
2150
1771
1435
1151
874
620
427
276
117
-53
-217
-396
-632
-926
-1260
-1624
-2003
-2380
-2738
-3063
-3319
-3487
-3591
-3641
-3639
-3622
-3630
-3626
-3556
-3464
-3436
-3410
-3299
-3122
-2945
-2717
-2380
-2008
-1639
-1169
-566
16
505
1015
1583
2093
2494
2869
3222
3479
3684
3899
4068
4124
4137
4185
4193
4097
3945
3779
3564
3277
2963
2639
2275
1889
1536
1217
914
649
433
245
66
-106
-281
-482
-710
-980
-1312
-1692
-2077
-2448
-2823
-3172
-3444
-3621
-3737
-3806
-3808
-3781
-3781
-3792
-3729
-3600
-3512
-3483
-3398
-3218
-3021
-2813
-2502
-2101
-1706
-1273
-702
-76
460
949
1512
2083
2530
2891
3244
3557
3779
3957
4115
4191
4195
4199
4214
4153
3991
3797
3596
3359
3060
2721
2368
2000
1640
1304
1005
741
496
278
100
-62
-241
-442
-648
-887
-1188
-1535
-1887
-2234
-2594
-2931
-3202
-3402
-3549
-3642
-3664
-3654
-3673
-3710
-3679
-3569
-3470
-3431
-3370
-3218
-3037
-2855
-2579
-2209
-1831
-1424
-893
-291
242
732
1282
1860
2336
2715
3079
3403
3656
3859
4025
4115
4140
4182
4213
4175
4045
3870
3680
3465
3202
2872
2500
2121
1762
1415
1077
768
500
255
43
-127
-296
-499
-711
-935
-1203
-1519
-1857
-2186
-2520
-2861
-3156
-3386
-3568
-3702
-3758
-3762
-3782
-3830
-3838
-3743
-3627
-3553
-3482
-3352
-3164
-2984
-2731
-2380
-2010
-1616
-1125
-538
13
508
1044
1624
2157
2579
2970
3345
3652
3904
4107
4264
4342
4405
4459
4447
4360
4194
4012
3820
3563
3221
2837
2457
2078
1706
1351
1007
704
441
215
19
-170
-374
-593
-820
-1103
-1416
-1745
-2112
-2475
-2822
-3152
-3435
-3649
-3784
-3855
-3866
-3862
-3865
-3879
-3831
-3699
-3608
-3561
-3489
-3328
-3131
-2934
-2629
-2251
-1863
-1422
-873
-284
220
722
1293
1881
2368
2767
3191
3572
3855
4080
4279
4414
4452
4486
4489
4430
4282
4080
3901
3664
3312
2920
2557
2192
1802
1432
1109
809
536
302
97
-107
-320
-532
-735
-995
-1327
-1657
-2006
-2392
-2762
-3096
-3398
-3640
-3789
-3851
-3864
-3854
-3831
-3810
-3776
-3684
-3587
-3546
-3497
-3373
-3171
-2965
-2714
-2348
-1935
-1507
-1011
-427
120
609
1150
1737
2274
2691
3093
3508
3823
4045
4236
4385
4434
4430
4447
4418
4307
4125
3934
3723
3402
3017
2651
2293
1898
1513
1185
882
592
336
118
-101
-313
-515
-709
-940
-1251
-1582
-1909
-2270
-2649
-2992
-3300
-3563
-3746
-3835
-3859
-3861
-3835
-3797
-3773
-3725
-3650
-3595
-3545
-3441
-3262
-3045
-2798
-2468
-2048
-1609
-1140
-584
-2
521
1031
1596
2154
2611
2995
3395
3751
3997
4178
4332
4420
4435
4455
4480
4428
4276
4091
3887
3611
3256
2892
2537
2152
1766
1427
1108
795
522
297
75
-149
-352
-565
-806
-1102
-1427
-1758
-2128
-2503
-2852
-3176
-3479
-3704
-3835
-3908
-3951
-3964
-3936
-3939
-3960
-3916
-3853
-3819
-3766
-3614
-3391
-3161
-2872
-2465
-2002
-1557
-1036
-414
179
697
1250
1865
2396
2796
3200
3616
3926
4120
4291
4446
4502
4510
4554
4574
4460
4258
4065
3829
3496
3114
2757
2399
1997
1622
1291
972
666
409
203
-1
-222
-445
-674
-932
-1250
-1594
-1940
-2299
-2653
-2984
-3277
-3521
-3692
-3785
-3823
-3839
-3844
-3836
-3843
-3821
-3767
-3729
-3703
-3619
-3433
-3214
-2969
-2642
-2219
-1779
-1309
-725
-101
459
1002
1610
2196
2648
3037
3466
3836
4075
4265
4451
4566
4589
4636
4697
4655
4486
4296
4089
3779
3383
2986
2602
2178
1744
1369
1017
668
363
126
-78
-296
-520
-741
-985
-1287
-1634
-1994
-2366
-2739
-3093
-3409
-3672
-3876
-3993
-4042
-4042
-4026
-3998
-3953
-3904
-3825
-3764
-3714
-3646
-3503
-3284
-3052
-2764
-2394
-1954
-1482
-948
-336
269
836
1414
2004
2514
2922
3313
3704
4011
4230
4414
4575
4661
4714
4781
4804
4724
4567
4381
4121
3767
3346
2912
2482
2036
1618
1229
866
538
256
18
-189
-382
-598
-828
-1087
-1404
-1763
-2150
-2528
-2887
-3230
-3533
-3769
-3928
-4023
-4052
-4025
-3993
-3949
-3914
-3857
-3788
-3765
-3709
-3626
-3463
-3262
-3024
-2695
-2304
-1843
-1350
-782
-173
422
1008
1584
2130
2603
3004
3399
3749
4025
4246
4423
4574
4648
4715
4765
4757
4676
4526
4323
4031
3664
3250
2818
2397
1974
1574
1201
854
549
276
38
-161
-360
-583
-827
-1118
-1454
-1831
-2226
-2597
-2953
-3287
-3585
-3806
-3944
-4029
-4051
-4021
-3993
-3959
-3953
-3901
-3845
-3840
-3773
-3687
-3505
-3316
-3058
-2699
-2298
-1831
-1343
-761
-155
429
1021
1597
2141
2622
3046
3455
3793
4065
4304
4488
4621
4688
4767
4814
4791
4694
4534
4318
4018
3646
3243
2824
2401
1984
1593
1225
875
565
294
47
-170
-401
-638
-904
-1235
-1585
-1965
-2344
-2711
-3078
-3401
-3683
-3883
-4015
-4092
-4102
-4071
-4055
-4008
-3988
-3908
-3852
-3817
-3709
-3602
-3391
-3183
-2875
-2511
-2105
-1636
-1145
-572
23
616
1207
1782
2339
2838
3273
3657
3994
4284
4513
4684
4792
4880
4938
4948
4891
4753
4563
4298
3967
3556
3102
2663
2225
1802
1407
1025
686
362
84
-178
-417
-669
-934
-1221
-1578
-1932
-2313
-2679
-3048
-3405
-3692
-3940
-4113
-4229
-4278
-4265
-4227
-4199
-4123
-4086
-3980
-3904
-3819
-3684
-3551
-3289
-3046
-2693
-2319
-1873
-1376
-862
-255
368
981
1563
2143
2711
3186
3601
3963
4310
4584
4758
4931
5030
5121
5136
5115
5042
4855
4621
4305
3932
3467
2970
2525
2071
1617
1207
812
474
128
-172
-438
-700
-966
-1258
-1544
-1904
-2267
-2634
-2987
-3316
-3623
-3851
-4052
-4179
-4256
-4272
-4241
-4196
-4167
-4084
-4041
-3920
-3831
-3735
-3589
-3432
-3142
-2898
-2537
-2154
-1698
-1185
-655
-15
601
1189
1751
2324
2872
3294
3705
4057
4379
4613
4764
4980
5076
5169
5172
5164
5081
4859
4629
4302
3925
3450
2974
2552
2079
1624
1216
842
511
153
-131
-399
-660
-934
-1229
-1515
-1895
-2269
-2650
-2999
-3305
-3608
-3833
-4033
-4156
-4239
-4269
-4255
-4231
-4221
-4162
-4123
-4009
-3938
-3854
-3710
-3552
-3282
-3059
-2710
-2328
-1875
-1374
-823
-193
396
983
1552
2148
2692
3124
3561
3918
4228
4472
4660
4918
5013
5139
5164
5178
5104
4893
4697
4361
3999
3545
3091
2667
2170
1730
1315
941
607
248
-15
-302
-548
-823
-1115
-1409
-1806
-2172
-2578
-2927
-3245
-3563
-3800
-4025
-4145
-4235
-4272
-4251
-4234
-4213
-4168
-4137
-4019
-3974
-3873
-3744
-3583
-3327
-3118
-2747
-2364
-1878
-1370
-788
-137
466
1097
1705
2334
2893
3350
3800
4166
4477
4734
4930
5180
5261
5382
5403
5411
5322
5084
4869
4501
4111
3632
3139
2675
2143
1668
1223
813
447
59
-226
-540
-805
-1107
-1417
-1718
-2121
-2473
-2885
-3227
-3551
-3870
-4093
-4313
-4414
-4484
-4503
-4446
-4415
-4362
-4302
-4273
-4130
-4073
-3943
-3802
-3646
-3369
-3171
-2783
-2388
-1888
-1350
-771
-83
540
1187
1813
2444
3022
3491
3942
4338
4654
4912
5102
5342
5433
5526
5541
5538
5442
5176
4935
4576
4172
3673
3157
2677
2132
1621
1160
735
343
-74
-389
-706
-998
-1321
-1634
-1908
-2269
-2594
-2955
-3257
-3557
-3859
-4061
-4243
-4330
-4366
-4356
-4262
-4199
-4125
-4038
-3987
-3837
-3758
-3634
-3476
-3353
-3090
-2909
-2558
-2181
-1739
-1197
-671
0
601
1216
1825
2409
2981
3438
3873
4250
4560
4821
5005
5226
5322
5412
5429
5395
5319
5071
4834
4497
4113
3643
3133
2654
2114
1620
1144
702
301
-111
-446
-785
-1097
-1421
-1734
-2014
-2351
-2656
-3002
-3315
-3611
-3906
-4114
-4298
-4395
-4410
-4400
-4318
-4258
-4187
-4103
-4060
-3944
-3853
-3760
-3615
-3503
-3254
-3054
-2753
-2363
-1941
-1381
-877
-217
416
1019
1642
2215
2817
3291
3732
4141
4486
4797
5000
5268
5425
5530
5595
5567
5556
5347
5124
4832
4477
4036
3508
3056
2514
2001
1506
1056
656
219
-134
-480
-796
-1131
-1465
-1741
-2090
-2437
-2808
-3155
-3470
-3813
-4042
-4228
-4368
-4418
-4451
-4411
-4393
-4361
-4309
-4270
-4210
-4149
-4072
-3950
-3843
-3645
-3397
-3114
-2723
-2286
-1715
-1166
-549
140
779
1437
2042
2657
3197
3644
4077
4448
4813
5055
5307
5522
5637
5733
5701
5692
5551
5313
5022
4648
4232
3667
3146
2610
2065
1542
1039
616
179
-207
-564
-886
-1179
-1519
-1815
-2136
-2482
-2836
-3211
-3493
-3798
-4038
-4201
-4339
-4387
-4424
-4399
-4363
-4306
-4252
-4198
-4128
-4067
-3992
-3903
-3778
-3627
-3381
-3092
-2726
-2276
-1743
-1145
-552
134
805
1462
2096
2680
3239
3689
4114
4486
4842
5129
5358
5590
5718
5820
5839
5791
5689
5458
5167
4753
4295
3757
3161
2593
2006
1444
906
416
-46
-465
-828
-1183
-1490
-1793
-2110
-2414
-2751
-3049
-3381
-3670
-3911
-4133
-4277
-4394
-4438
-4436
-4393
-4332
-4235
-4142
-4057
-3964
-3902
-3799
-3726
-3601
-3456
-3247
-2942
-2615
-2169
-1674
-1080
-482
157
837
1466
2088
2633
3169
3640
4038
4413
4761
5083
5316
5543
5738
5844
5913
5880
5805
5601
5299
4915
4436
3924
3323
2726
2149
1563
1009
503
40
-391
-777
-1125
-1456
-1762
-2086
-2395
-2719
-3033
-3339
-3639
-3885
-4098
-4258
-4369
-4416
-4411
-4365
-4301
-4198
-4091
-4014
-3920
-3864
-3781
-3718
-3635
-3495
-3332
-3069
-2768
-2354
-1887
-1351
-748
-129
533
1159
1778
2364
2888
3381
3818
4213
4565
4886
5171
5398
5615
5751
5845
5862
5795
5637
5363
5022
4568
4058
3499
2898
2299
1704
1142
622
142
-289
-679
-1023
-1350
-1661
-1961
-2264
-2566
-2875
-3168
-3451
-3711
-3930
-4104
-4227
-4306
-4331
-4307
-4259
-4192
-4110
-4034
-3962
-3913
-3862
-3794
-3719
-3616
-3465
-3239
-2954
-2608
-2175
-1666
-1094
-483
177
860
1520
2156
2766
3335
3831
4266
4669
5028
5324
5562
5775
5944
6031
6056
6024
5905
5664
5337
4945
4459
3893
3291
2679
2054
1432
857
335
-146
-585
-972
-1310
-1634
-1951
-2253
-2543
-2834
-3126
-3401
-3654
-3884
-4083
-4234
-4334
-4398
-4423
-4406
-4356
-4297
-4239
-4176
-4108
-4053
-3993
-3898
-3777
-3628
-3436
-3155
-2813
-2426
-1964
-1416
-816
-200
459
1154
1823
2437
3032
3608
4096
4507
4898
5254
5521
5713
5888
6022
6047
5993
5903
5731
5423
5031
4612
4117
3533
2918
2333
1736
1116
556
62
-397
-839
-1217
-1532
-1854
-2177
-2466
-2725
-2996
-3272
-3519
-3736
-3945
-4125
-4252
-4334
-4401
-4416
-4379
-4330
-4271
-4198
-4108
-4034
-3957
-3845
-3712
-3551
-3351
-3076
-2737
-2357
-1910
-1395
-828
-245
373
1033
1677
2276
2834
3384
3891
4312
4698
5068
5382
5613
5805
5969
6045
6029
5967
5846
5599
5233
4825
4350
3789
3174
2559
1947
1321
733
207
-282
-747
-1149
-1483
-1807
-2129
-2419
-2677
-2949
-3225
-3474
-3708
-3943
-4144
-4281
-4379
-4465
-4495
-4440
-4367
-4310
-4222
-4104
-4023
-3979
-3895
-3765
-3646
-3492
-3262
-2951
-2602
-2197
-1698
-1147
-564
21
664
1338
1960
2508
3029
3569
4041
4417
4790
5163
5458
5670
5877
6050
6099
6077
6036
5910
5613
5208
4765
4243
3619
2955
2316
1672
1034
455
-62
-549
-1006
-1388
-1709
-2027
-2329
-2601
-2862
-3140
-3413
-3667
-3919
-4160
-4347
-4470
-4559
-4619
-4598
-4504
-4398
-4296
-4164
-4025
-3932
-3847
-3730
-3588
-3455
-3272
-3026
-2697
-2317
-1876
-1361
-778
-158
447
1103
1793
2415
2931
3442
3980
4415
4747
5100
5453
5696
5855
6036
6173
6182
6124
6050
5877
5511
5055
4562
3993
3309
2603
1941
1273
621
32
-480
-959
-1403
-1763
-2068
-2353
-2614
-2861
-3099
-3346
-3588
-3834
-4076
-4292
-4456
-4564
-4636
-4664
-4620
-4509
-4391
-4261
-4112
-3971
-3853
-3728
-3571
-3420
-3272
-3066
-2796
-2450
-2067
-1617
-1079
-483
127
738
1417
2084
2661
3174
3707
4206
4581
4927
5284
5585
5771
5918
6079
6144
6108
6020
5892
5618
5175
4686
4149
3519
2790
2097
1440
756
114
-441
-911
-1365
-1772
-2077
-2351
-2597
-2821
-3020
-3205
-3407
-3612
-3823
-4009
-4179
-4313
-4388
-4423
-4416
-4365
-4253
-4126
-3998
-3863
-3724
-3579
-3438
-3272
-3118
-2941
-2726
-2462
-2128
-1753
-1319
-817
-248
329
915
1559
2188
2741
3244
3765
4232
4596
4956
5309
5583
5755
5902
6027
6057
6007
5896
5721
5400
4944
4452
3904
3262
2555
1894
1253
581
-33
-544
-981
-1413
-1786
-2064
-2328
-2576
-2794
-2977
-3161
-3370
-3576
-3779
-3961
-4132
-4266
-4339
-4361
-4347
-4298
-4189
-4057
-3933
-3801
-3648
-3498
-3362
-3199
-3026
-2841
-2643
-2385
-2058
-1703
-1292
-799
-239
316
902
1545
2166
2722
3233
3758
4216
4579
4940
5281
5533
5683
5817
5917
5908
5833
5697
5493
5158
4709
4226
3686
3062
2385
1743
1118
472
-111
-597
-1016
-1425
-1781
-2064
-2336
-2586
-2816
-3023
-3220
-3432
-3661
-3885
-4071
-4239
-4388
-4466
-4464
-4430
-4371
-4248
-4071
-3896
-3742
-3559
-3369
-3212
-3049
-2849
-2624
-2427
-2175
-1829
-1449
-1031
-531
70
650
1248
1908
2547
3120
3633
4158
4617
4963
5276
5568
5788
5886
5966
6019
5964
5827
5636
5396
5024
4546
4040
3476
2834
2142
1483
840
192
-381
-870
-1292
-1693
-2039
-2320
-2594
-2829
-3043
-3243
-3438
-3637
-3839
-4060
-4242
-4383
-4488
-4547
-4542
-4466
-4356
-4208
-4021
-3802
-3601
-3424
-3244
-3079
-2903
-2727
-2528
-2330
-2083
-1743
-1374
-930
-399
198
772
1370
2038
2652
3196
3708
4221
4650
4954
5237
5503
5684
5746
5808
5862
5786
5633
5454
5236
4865
4381
3902
3343
2685
1982
1321
670
2
-577
-1056
-1490
-1903
-2231
-2476
-2726
-2927
-3083
-3232
-3388
-3557
-3716
-3893
-4053
-4175
-4251
-4285
-4282
-4209
-4077
-3917
-3742
-3529
-3318
-3149
-2981
-2828
-2662
-2514
-2341
-2165
-1941
-1597
-1237
-799
-275
303
858
1421
2064
2652
3163
3648
4130
4539
4814
5076
5329
5495
5563
5620
5680
5628
5501
5350
5141
4784
4304
3815
3241
2564
1867
1188
524
-138
-701
-1169
-1606
-1983
-2256
-2486
-2717
-2864
-2967
-3120
-3268
-3400
-3579
-3791
-3946
-4052
-4147
-4213
-4200
-4120
-4011
-3856
-3649
-3408
-3222
-3059
-2872
-2731
-2629
-2525
-2346
-2219
-2053
-1717
-1358
-958
-478
123
699
1249
1898
2526
3061
3536
4039
4473
4746
5004
5259
5437
5508
5562
5647
5628
5508
5349
5148
4790
4273
3763
3189
2492
1774
1097
450
-204
-760
-1201
-1615
-1973
-2234
-2435
-2643
-2794
-2885
-3040
-3216
-3370
-3560
-3776
-3943
-4032
-4109
-4168
-4130
-4017
-3868
-3682
-3443
-3165
-2968
-2811
-2633
-2496
-2430
-2363
-2197
-2088
-1946
-1639
-1273
-882
-412
215
817
1389
2040
2685
3216
3668
4156
4547
4779
4999
5194
5329
5370
5404
5466
5435
5303
5116
4905
4538
4010
3504
2937
2243
1523
859
235
-411
-960
-1388
-1778
-2130
-2391
-2551
-2732
-2890
-2976
-3106
-3274
-3433
-3576
-3745
-3897
-3961
-3996
-4018
-3964
-3827
-3652
-3466
-3236
-2979
-2787
-2645
-2485
-2362
-2305
-2229
-2090
-1962
-1814
-1521
-1151
-762
-283
313
918
1479
2085
2692
3191
3628
4055
4409
4643
4834
5010
5147
5223
5262
5313
5300
5181
4997
4776
4444
3952
3441
2878
2214
1515
845
239
-373
-931
-1377
-1751
-2091
-2377
-2545
-2708
-2882
-2997
-3108
-3240
-3382
-3491
-3613
-3740
-3797
-3814
-3805
-3753
-3620
-3470
-3324
-3124
-2902
-2731
-2603
-2430
-2315
-2277
-2193
-2069
-1940
-1816
-1559
-1215
-876
-457
55
630
1143
1670
2252
2767
3219
3615
4024
4353
4575
4802
5004
5155
5199
5252
5275
5177
5005
4774
4501
4063
3541
2997
2395
1748
1073
501
-57
-623
-1094
-1469
-1793
-2111
-2315
-2489
-2672
-2811
-2941
-3041
-3163
-3253
-3376
-3499
-3544
-3582
-3573
-3543
-3431
-3319
-3236
-3059
-2876
-2709
-2597
-2440
-2303
-2294
-2225
-2129
-1997
-1896
-1731
-1400
-1101
-748
-312
244
777
1242
1835
2386
2881
3294
3710
4139
4386
4619
4828
5002
5063
5056
5110
5027
4861
4641
4383
4023
3501
3004
2455
1840
1207
622
85
-505
-990
-1372
-1724
-2027
-2247
-2405
-2599
-2727
-2801
-2895
-2986
-3047
-3107
-3226
-3293
-3293
-3287
-3271
-3227
-3122
-3036
-2927
-2776
-2610
-2451
-2364
-2246
-2153
-2102
-2043
-1936
-1753
-1639
-1410
-1066
-730
-342
118
685
1156
1639
2182
2660
3108
3448
3828
4147
4340
4518
4656
4794
4791
4781
4782
4647
4455
4182
3880
3440
2930
2442
1851
1255
672
130
-419
-926
-1278
-1614
-1911
-2116
-2246
-2394
-2549
-2588
-2635
-2729
-2802
-2840
-2916
-3017
-3043
-3043
-3054
-3062
-3010
-2917
-2832
-2715
-2571
-2400
-2304
-2225
-2102
-2041
-1992
-1924
-1756
-1611
-1476
-1172
-849
-496
-117
374
877
1300
1804
2275
2737
3117
3424
3770
4004
4198
4330
4460
4572
4561
4572
4498
4380
4168
3863
3545
3104
2646
2102
1543
1016
454
-58
-545
-917
-1237
-1556
-1770
-1940
-2071
-2234
-2339
-2369
-2479
-2575
-2659
-2718
-2805
-2893
-2906
-2944
-2957
-2938
-2881
-2767
-2688
-2545
-2407
-2288
-2195
-2142
-2045
-2057
-2012
-1931
-1832
-1701
-1548
-1218
-933
-571
-147
331
832
1259
1785
2259
2670
3014
3301
3623
3810
3960
4106
4235
4338
4321
4358
4319
4215
4020
3759
3499
3062
2605
2086
1577
1039
469
2
-446
-817
-1172
-1444
-1628
-1812
-1946
-2061
-2113
-2183
-2292
-2357
-2433
-2504
-2612
-2687
-2726
-2790
-2828
-2814
-2753
-2664
-2600
-2454
-2314
-2213
-2132
-2097
-2011
-2052
-2021
-1972
-1894
-1764
-1634
-1309
-1039
-648
-240
236
755
1203
1726
2163
2573
2901
3176
3461
3635
3786
3927
4039
4134
4143
4188
4149
4064
3901
3658
3391
2964
2540
2014
1505
966
407
-51
-518
-865
-1201
-1433
-1594
-1741
-1815
-1898
-1922
-1992
-2074
-2138
-2231
-2323
-2457
-2546
-2627
-2712
-2760
-2743
-2686
-2597
-2494
-2319
-2149
-2047
-1927
-1877
-1800
-1846
-1848
-1806
-1794
-1704
-1637
-1369
-1148
-831
-440
6
525
953
1469
1937
2350
2709
3001
3310
3503
3637
3784
3874
3950
3932
3955
3929
3823
3681
3459
3255
2888
2512
2080
1620
1150
611
193
-243
-606
-936
-1201
-1359
-1539
-1649
-1744
-1796
-1866
-1967
-2019
-2103
-2184
-2319
-2411
-2462
-2552
-2606
-2613
-2551
-2484
-2420
-2285
-2132
-2052
-1977
-1920
-1849
-1856
-1884
-1818
-1775
-1689
-1628
-1405
-1149
-894
-537
-135
343
731
1158
1632
2020
2372
2654
2970
3209
3325
3478
3587
3675
3668
3688
3710
3633
3528
3365
3231
2961
2631
2293
1889
1467
971
554
149
-264
-604
-902
-1110
-1324
-1483
-1575
-1649
-1714
-1795
-1823
-1891
-1971
-2052
-2145
-2207
-2305
-2368
-2400
-2404
-2376
-2355
-2283
-2201
-2132
-2072
-2028
-1979
-1946
-1949
-1902
-1854
-1763
-1670
-1525
-1268
-1030
-715
-378
35
441
798
1222
1603
1969
2263
2548
2841
3009
3169
3296
3412
3475
3484
3531
3505
3451
3329
3203
3020
2731
2439
2066
1672
1236
812
428
19
-303
-594
-848
-1055
-1219
-1317
-1425
-1492
-1533
-1582
-1659
-1745
-1799
-1903
-2026
-2118
-2177
-2245
-2305
-2271
-2224
-2192
-2129
-2021
-1929
-1904
-1879
-1829
-1834
-1896
-1895
-1863
-1810
-1767
-1601
-1337
-1095
-769
-393
64
453
834
1267
1640
1977
2237
2528
2769
2907
3059
3164
3270
3318
3345
3405
3393
3372
3268
3167
2977
2705
2405
2012
1621
1167
753
353
-30
-328
-618
-838
-1030
-1171
-1258
-1362
-1412
-1447
-1503
-1587
-1671
-1736
-1858
-1989
-2088
-2160
-2238
-2307
-2280
-2244
-2199
-2130
-2016
-1916
-1881
-1845
-1815
-1832
-1902
-1920
-1912
-1879
-1836
-1672
-1426
-1173
-826
-433
26
424
826
1261
1632
1955
2205
2491
2706
2822
2956
3064
3178
3216
3270
3373
3394
3386
3319
3266
3087
2812
2510
2144
1741
1257
847
461
72
-246
-518
-706
-892
-1026
-1087
-1157
-1195
-1244
-1296
-1364
-1465
-1581
-1729
-1875
-2017
-2155
-2275
-2369
-2395
-2432
-2428
-2365
-2271
-2208
-2168
-2082
-2041
-2063
-2100
-2070
-2041
-2026
-1969
-1764
-1525
-1303
-966
-544
-107
255
673
1134
1510
1814
2093
2421
2652
2773
2936
3114
3231
3269
3362
3483
3493
3464
3416
3359
3171
2896
2612
2281
1872
1408
1033
664
275
-31
-269
-459
-643
-770
-836
-911
-968
-1024
-1082
-1167
-1293
-1429
-1589
-1771
-1932
-2091
-2235
-2348
-2407
-2467
-2499
-2469
-2419
-2383
-2354
-2293
-2250
-2273
-2300
-2261
-2229
-2199
-2132
-1932
-1701
-1489
-1169
-769
-359
-13
395
849
1215
1529
1842
2188
2457
2642
2864
3094
3255
3345
3472
3604
3615
3590
3546
3477
3295
3030
2762
2434
2042
1595
1209
858
480
170
-62
-244
-425
-574
-656
-724
-790
-875
-951
-1034
-1183
-1365
-1544
-1727
-1922
-2109
-2258
-2364
-2436
-2499
-2516
-2473
-2425
-2388
-2332
-2282
-2248
-2259
-2297
-2288
-2278
-2266
-2227
-2103
-1905
-1701
-1444
-1102
-682
-309
47
498
932
1280
1591
1951
2304
2531
2728
2994
3231
3343
3433
3614
3711
3674
3637
3626
3528
3254
2989
2739
2373
1918
1514
1205
833
455
200
20
-198
-417
-515
-589
-706
-828
-922
-1031
-1215
-1417
-1613
-1813
-2033
-2227
-2376
-2503
-2575
-2607
-2609
-2557
-2468
-2393
-2322
-2256
-2218
-2207
-2242
-2272
-2286
-2310
-2309
-2255
-2138
-1969
-1730
-1432
-1070
-651
-244
184
631
1052
1437
1780
2119
2432
2665
2884
3116
3313
3447
3587
3749
3827
3841
3837
3806
3649
3387
3135
2832
2425
1990
1627
1260
846
495
240
-2
-273
-461
-565
-695
-852
-963
-1056
-1227
-1426
-1610
-1802
-2023
-2239
-2390
-2532
-2663
-2724
-2729
-2707
-2646
-2543
-2443
-2374
-2329
-2305
-2310
-2350
-2390
-2414
-2431
-2427
-2374
-2243
-2028
-1753
-1423
-1009
-547
-104
335
796
1247
1624
1943
2291
2605
2824
3038
3291
3508
3641
3780
3946
4042
4033
4011
3974
3800
3518
3223
2904
2495
2052
1664
1280
864
482
185
-79
-339
-553
-708
-861
-1031
-1158
-1275
-1420
-1586
-1775
-1952
-2147
-2351
-2507
-2633
-2739
-2823
-2868
-2861
-2825
-2765
-2673
-2566
-2500
-2477
-2454
-2431
-2429
-2434
-2400
-2340
-2284
-2168
-1942
-1643
-1308
-899
-409
62
492
937
1395
1787
2109
2452
2776
3010
3211
3444
3660
3787
3893
4018
4092
4065
4010
3959
3800
3540
3251
2929
2543
2101
1702
1325
918
528
203
-78
-343
-572
-755
-920
-1101
-1267
-1416
-1576
-1740
-1924
-2109
-2289
-2470
-2612
-2724
-2805
-2855
-2891
-2904
-2896
-2862
-2805
-2731
-2666
-2616
-2570
-2538
-2502
-2442
-2358
-2253
-2151
-1998
-1773
-1508
-1193
-793
-319
131
563
1020
1462
1830
2155
2516
2843
3071
3276
3525
3734
3844
3949
4087
4139
4070
3992
3927
3748
3456
3180
2896
2504
2047
1649
1300
889
479
170
-93
-382
-638
-795
-929
-1111
-1294
-1426
-1579
-1795
-2007
-2191
-2373
-2585
-2750
-2828
-2882
-2926
-2926
-2867
-2812
-2781
-2718
-2621
-2557
-2542
-2512
-2461
-2439
-2414
-2328
-2187
-2054
-1906
-1663
-1364
-1059
-714
-266
198
612
1034
1479
1871
2167
2465
2783
3034
3215
3414
3638
3787
3877
3993
4093
4076
3977
3877
3725
3448
3120
2806
2447
2015
1573
1190
809
409
60
-224
-485
-737
-936
-1071
-1201
-1342
-1476
-1609
-1768
-1958
-2169
-2370
-2549
-2725
-2858
-2928
-2930
-2903
-2859
-2754
-2628
-2526
-2437
-2325
-2234
-2216
-2212
-2172
-2136
-2125
-2056
-1909
-1766
-1607
-1355
-1030
-712
-365
73
514
906
1302
1730
2101
2373
2653
2938
3139
3282
3460
3641
3746
3827
3943
4017
3981
3905
3809
3629
3340
3018
2683
2274
1816
1381
967
549
152
-187
-486
-767
-1011
-1204
-1364
-1503
-1632
-1763
-1903
-2057
-2236
-2433
-2620
-2781
-2926
-3039
-3078
-3052
-3002
-2907
-2753
-2584
-2441
-2298
-2145
-2044
-2007
-1974
-1924
-1903
-1886
-1798
-1662
-1536
-1371
-1107
-809
-518
-177
246
649
1002
1392
1809
2148
2405
2685
2956
3123
3240
3408
3572
3651
3728
3858
3941
3917
3861
3805
3652
3382
3079
2754
2346
1873
1421
996
555
132
-224
-540
-844
-1111
-1327
-1507
-1668
-1803
-1933
-2072
-2215
-2371
-2540
-2695
-2826
-2940
-3027
-3046
-3003
-2941
-2832
-2661
-2468
-2301
-2135
-1954
-1831
-1777
-1724
-1662
-1646
-1646
-1569
-1444
-1349
-1218
-982
-716
-480
-187
203
575
892
1254
1657
1980
2218
2479
2746
2915
3034
3201
3373
3472
3564
3694
3788
3789
3747
3686
3544
3302
3005
2664
2266
1817
1360
911
476
70
-313
-655
-948
-1210
-1452
-1655
-1802
-1930
-2074
-2198
-2292
-2400
-2529
-2623
-2668
-2715
-2752
-2722
-2634
-2543
-2441
-2277
-2081
-1916
-1768
-1603
-1453
-1377
-1339
-1279
-1236
-1237
-1217
-1134
-1039
-972
-855
-661
-468
-280
-23
300
588
862
1190
1521
1775
1997
2257
2491
2651
2813
3015
3174
3276
3385
3490
3511
3450
3371
3247
3020
2728
2421
2071
1654
1230
834
433
31
-335
-644
-933
-1203
-1415
-1585
-1740
-1871
-1971
-2057
-2137
-2196
-2248
-2287
-2297
-2279
-2252
-2205
-2110
-1999
-1900
-1791
-1634
-1478
-1378
-1272
-1137
-1051
-1048
-1035
-979
-979
-1036
-1031
-959
-937
-954
-863
-698
-587
-472
-232
68
292
529
873
1213
1454
1701
2021
2298
2476
2670
2903
3064
3138
3217
3286
3256
3156
3047
2900
2669
2391
2107
1784
1418
1053
693
331
-18
-331
-621
-887
-1101
-1277
-1440
-1575
-1661
-1742
-1829
-1882
-1900
-1931
-1966
-1950
-1907
-1885
-1845
-1748
-1640
-1571
-1478
-1343
-1233
-1175
-1098
-1000
-975
-1008
-1016
-1007
-1069
-1160
-1183
-1177
-1218
-1249
-1176
-1055
-962
-824
-574
-284
-38
250
621
988
1287
1589
1938
2238
2453
2657
2876
3031
3092
3146
3194
3163
3060
2947
2820
2615
2358
2097
1822
1499
1149
819
494
167
-145
-418
-657
-875
-1064
-1219
-1341
-1434
-1520
-1593
-1641
-1669
-1700
-1730
-1724
-1703
-1696
-1678
-1610
-1531
-1482
-1417
-1315
-1232
-1203
-1161
-1099
-1097
-1159
-1209
-1227
-1308
-1428
-1475
-1475
-1507
-1546
-1465
-1318
-1201
-1049
-777
-455
-198
88
468
842
1127
1400
1744
2035
2221
2406
2629
2796
2858
2934
3031
3047
2984
2921
2859
2708
2494
2279
2052
1761
1434
1132
828
510
213
-41
-271
-484
-655
-801
-925
-1013
-1081
-1149
-1209
-1237
-1263
-1307
-1335
-1334
-1349
-1380
-1377
-1339
-1324
-1321
-1279
-1224
-1216
-1224
-1208
-1210
-1277
-1366
-1433
-1515
-1641
-1746
-1788
-1816
-1858
-1845
-1735
-1598
-1459
-1252
-959
-664
-392
-76
292
624
897
1191
1515
1772
1965
2184
2417
2584
2698
2833
2960
3007
2995
2985
2940
2799
2604
2400
2164
1862
1542
1244
946
641
355
121
-87
-282
-447
-576
-672
-764
-847
-906
-947
-994
-1050
-1088
-1119
-1167
-1230
-1268
-1284
-1315
-1358
-1366
-1354
-1375
-1406
-1417
-1427
-1488
-1579
-1646
-1721
-1833
-1950
-2008
-2039
-2083
-2098
-2022
-1892
-1763
-1583
-1311
-1003
-718
-410
-31
346
666
986
1343
1670
1917
2168
2449
2675
2833
2992
3163
3257
3279
3303
3299
3200
3026
2848
2626
2331
2011
1715
1406
1070
768
505
252
9
-190
-356
-523
-667
-786
-892
-992
-1067
-1134
-1208
-1276
-1329
-1389
-1461
-1507
-1536
-1580
-1626
-1638
-1643
-1681
-1718
-1734
-1767
-1848
-1931
-1993
-2071
-2184
-2272
-2303
-2330
-2350
-2315
-2193
-2042
-1869
-1628
-1308
-973
-649
-275
149
550
900
1272
1665
2000
2270
2564
2866
3087
3245
3413
3578
3641
3643
3651
3619
3478
3274
3070
2818
2489
2136
1815
1484
1124
789
509
243
-29
-256
-443
-625
-798
-944
-1060
-1171
-1265
-1342
-1411
-1478
-1534
-1581
-1628
-1665
-1689
-1710
-1737
-1750
-1758
-1784
-1820
-1851
-1891
-1970
-2055
-2129
-2211
-2313
-2393
-2425
-2448
-2448
-2396
-2270
-2115
-1924
-1660
-1337
-998
-647
-244
180
584
970
1374
1762
2101
2414
2732
3020
3249
3443
3622
3757
3819
3840
3829
3756
3606
3409
3176
2892
2555
2200
1849
1487
1119
780
479
188
-80
-314
-520
-709
-882
-1030
-1154
-1260
-1347
-1421
-1488
-1538
-1579
-1624
-1664
-1680
-1690
-1716
-1741
-1745
-1759
-1805
-1852
-1882
-1934
-2032
-2125
-2191
-2278
-2392
-2471
-2489
-2503
-2515
-2462
-2323
-2166
-1997
-1743
-1410
-1067
-730
-328
130
559
948
1370
1815
2189
2502
2832
3166
3413
3590
3780
3957
4019
4006
4003
3955
3786
3551
3327
3056
2688
2298
1953
1591
1183
818
523
230
-74
-320
-509
-709
-911
-1057
-1171
-1295
-1405
-1472
-1532
-1604
-1657
-1689
-1726
-1770
-1793
-1810
-1845
-1879
-1904
-1940
-1996
-2052
-2104
-2177
-2265
-2345
-2417
-2496
-2565
-2595
-2590
-2561
-2498
-2375
-2202
-1994
-1742
-1433
-1073
-695
-293
148
609
1056
1486
1923
2341
2697
3018
3321
3579
3766
3916
4045
4111
4107
4064
3986
3829
3604
3347
3051
2695
2309
1932
1548
1152
781
453
141
-152
-397
-607
-807
-981
-1118
-1238
-1351
-1442
-1509
-1575
-1638
-1684
-1721
-1762
-1803
-1834
-1861
-1898
-1938
-1978
-2026
-2077
-2134
-2198
-2261
-2323
-2395
-2466
-2517
-2553
-2588
-2585
-2526
-2438
-2326
-2145
-1892
-1622
-1320
-950
-530
-124
296
776
1255
1680
2104
2543
2929
3225
3502
3767
3943
4033
4114
4172
4135
4028
3917
3776
3535
3237
2943
2616
2218
1809
1443
1071
672
312
21
-255
-532
-752
-910
-1062
-1211
-1304
-1360
-1433
-1508
-1544
-1576
-1634
-1691
-1727
-1767
-1828
-1882
-1919
-1967
-2032
-2095
-2149
-2211
-2280
-2341
-2396
-2452
-2507
-2553
-2578
-2591
-2594
-2561
-2477
-2351
-2199
-1990
-1710
-1396
-1062
-682
-249
178
595
1044
1510
1932
2316
2706
3072
3357
3590
3810
3978
4063
4100
4120
4085
3972
3832
3671
3449
3169
2869
2549
2194
1824
1462
1109
759
432
135
-128
-361
-563
-739
-889
-1007
-1108
-1205
-1289
-1358
-1437
-1531
-1613
-1687
-1777
-1876
-1955
-2020
-2097
-2175
-2234
-2290
-2357
-2419
-2461
-2496
-2541
-2576
-2596
-2608
-2611
-2602
-2578
-2519
-2424
-2293
-2131
-1923
-1651
-1353
-1037
-674
-270
129
515
938
1376
1764
2112
2477
2830
3100
3319
3552
3748
3847
3905
3977
3998
3921
3815
3719
3563
3315
3051
2791
2478
2112
1762
1441
1098
744
434
171
-88
-334
-545
-723
-896
-1065
-1215
-1344
-1477
-1623
-1759
-1868
-1971
-2089
-2193
-2263
-2317
-2385
-2440
-2453
-2472
-2518
-2542
-2531
-2526
-2548
-2545
-2507
-2489
-2482
-2436
-2363
-2301
-2220
-2075
-1893
-1716
-1495
-1194
-879
-565
-205
201
590
967
1377
1783
2134
2454
2789
3094
3325
3530
3734
3883
3966
4029
4083
4064
3979
3876
3749
3548
3287
3008
2702
2349
1970
1603
1241
863
492
163
-133
-422
-700
-947
-1162
-1372
-1574
-1746
-1901
-2059
-2214
-2332
-2413
-2500
-2584
-2623
-2630
-2644
-2649
-2613
-2566
-2555
-2537
-2476
-2417
-2393
-2357
-2280
-2219
-2189
-2125
-2022
-1951
-1895
-1775
-1619
-1483
-1333
-1098
-830
-591
-314
41
407
734
1085
1482
1830
2131
2454
2794
3066
3286
3523
3744
3888
3982
4082
4140
4108
4038
3965
3831
3617
3368
3106
2792
2427
2056
1685
1286
874
492
135
-221
-571
-882
-1170
-1446
-1695
-1912
-2106
-2290
-2445
-2562
-2653
-2727
-2771
-2786
-2779
-2750
-2703
-2641
-2577
-2514
-2446
-2374
-2301
-2221
-2142
-2064
-1984
-1902
-1824
-1755
-1681
-1609
-1541
-1459
-1358
-1239
-1107
-944
-744
-522
-275
-1
303
606
899
1217
1547
1864
2170
2481
2785
3040
3269
3488
3664
3781
3861
3930
3945
3899
3826
3727
3567
3341
3094
2815
2479
2104
1727
1341
928
521
144
-228
-597
-937
-1232
-1516
-1779
-1998
-2186
-2358
-2501
-2598
-2668
-2720
-2736
-2719
-2691
-2657
-2600
-2537
-2484
-2422
-2343
-2262
-2181
-2082
-1978
-1887
-1801
-1708
-1627
-1566
-1503
-1426
-1361
-1303
-1209
-1090
-964
-819
-620
-393
-173
74
358
653
944
1261
1608
1928
2222
2521
2811
3046
3239
3426
3586
3686
3754
3812
3832
3789
3706
3599
3427
3186
2915
2613
2261
1868
1480
1095
687
281
-89
-441
-793
-1112
-1386
-1639
-1878
-2077
-2236
-2378
-2499
-2569
-2609
-2643
-2654
-2635
-2609
-2589
-2548
-2485
-2417
-2343
-2242
-2121
-2011
-1903
-1782
-1670
-1583
-1498
-1416
-1351
-1303
-1251
-1191
-1128
-1054
-952
-825
-684
-525
-337
-128
102
357
632
916
1204
1491
1770
2037
2292
2528
2742
2946
3133
3297
3436
3550
3632
3667
3649
3586
3472
3300
3074
2812
2516
2183
1819
1453
1079
694
313
-48
-389
-723
-1034
-1306
-1548
-1777
-1980
-2136
-2264
-2385
-2478
-2527
-2565
-2597
-2607
-2573
-2519
-2464
-2375
-2247
-2117
-2003
-1870
-1718
-1592
-1495
-1388
-1280
-1213
-1180
-1133
-1077
-1051
-1031
-974
-895
-838
-770
-647
-503
-374
-224
-17
193
378
585
834
1064
1263
1484
1737
1963
2163
2391
2634
2825
2974
3125
3244
3283
3270
3254
3191
3047
2867
2679
2443
2145
1839
1549
1233
886
561
257
-55
-372
-649
-899
-1145
-1380
-1575
-1742
-1909
-2054
-2161
-2239
-2299
-2325
-2311
-2271
-2209
-2128
-2028
-1915
-1802
-1688
-1575
-1466
-1369
-1290
-1228
-1175
-1133
-1106
-1081
-1046
-1011
-985
-948
-893
-827
-757
-672
-563
-455
-348
-224
-81
68
215
380
570
764
962
1180
1422
1666
1898
2127
2343
2520
2660
2778
2873
2930
2939
2908
2846
2732
2575
2387
2187
1964
1712
1446
1179
902
602
305
26
-246
-520
-778
-1004
-1219
-1434
-1614
-1749
-1857
-1950
-2004
-2008
-1998
-1983
-1936
-1860
-1788
-1724
-1644
-1557
-1490
-1438
-1382
-1327
-1295
-1265
-1223
-1178
-1145
-1106
-1054
-998
-944
-872
-789
-717
-652
-583
-514
-448
-371
-279
-184
-80
52
203
362
543
764
993
1210
1432
1664
1868
2039
2215
2385
2506
2579
2643
2671
2635
2559
2493
2393
2237
2069
1909
1710
1457
1209
972
704
413
153
-86
-355
-623
-843
-1034
-1230
-1397
-1502
-1581
-1664
-1708
-1698
-1680
-1667
-1625
-1557
-1508
-1473
-1421
-1359
-1322
-1294
-1249
-1197
-1167
-1136
-1079
-1025
-982
-930
-857
-790
-745
-703
-662
-640
-635
-623
-603
-592
-581
-545
-486
-421
-334
-199
-36
134
325
547
778
998
1228
1475
1698
1885
2061
2222
2333
2400
2460
2501
2496
2455
2408
2332
2197
2036
1871
1673
1430
1179
929
649
343
51
-218
-498
-768
-988
-1177
-1354
-1495
-1578
-1627
-1660
-1658
-1620
-1571
-1522
-1447
-1357
-1276
-1197
-1110
-1021
-945
-873
-797
-728
-669
-605
-539
-484
-439
-400
-377
-376
-388
-418
-464
-527
-600
-675
-752
-819
-874
-909
-921
-904
-850
-763
-640
-480
-288
-67
179
441
705
969
1229
1471
1693
1894
2072
2218
2328
2411
2461
2471
2443
2385
2293
2164
2000
1810
1596
1345
1071
785
485
178
-129
-417
-684
-928
-1134
-1297
-1423
-1508
-1556
-1559
-1531
-1481
-1404
-1304
-1193
-1077
-956
-832
-712
-599
-494
-392
-301
-224
-163
-111
-73
-54
-48
-57
-85
-140
-215
-304
-418
-546
-678
-810
-942
-1071
-1183
-1277
-1352
-1400
-1405
-1363
-1289
-1174
-1010
-813
-591
-337
-57
228
515
805
1087
1344
1577
1788
1973
2120
2236
2327
2383
2399
2382
2332
2244
2119
1962
1778
1557
1308
1039
758
468
181
-91
-342
-569
-760
-910
-1021
-1094
-1129
-1128
-1097
-1040
-962
-869
-767
-658
-547
-439
-333
-234
-143
-67
-8
36
58
60
42
7
-54
-135
-232
-357
-502
-655
-817
-981
-1144
-1299
-1440
-1571
-1687
-1781
-1841
-1873
-1864
-1811
-1711
-1581
-1408
-1193
-953
-686
-397
-91
218
523
818
1100
1355
1587
1793
1971
2116
2231
2317
2366
2382
2365
2320
2239
2127
1983
1814
1619
1400
1171
933
693
462
246
48
-120
-264
-377
-459
-514
-545
-552
-542
-516
-477
-433
-383
-330
-277
-229
-188
-156
-140
-137
-154
-182
-231
-297
-378
-475
-592
-720
-857
-1005
-1155
-1300
-1440
-1574
-1700
-1808
-1899
-1977
-2031
-2055
-2048
-2012
-1938
-1823
-1680
-1511
-1307
-1070
-818
-542
-250
53
356
648
937
1212
1466
1701
1914
2101
2254
2381
2477
2541
2569
2568
2536
2470
2375
2254
2103
1926
1731
1522
1302
1078
858
649
449
266
106
-34
-159
-262
-337
-400
-448
-478
-492
-503
-510
-505
-502
-510
-522
-539
-567
-611
-661
-717
-787
-870
-958
-1050
-1152
-1259
-1361
-1461
-1564
-1662
-1750
-1828
-1901
-1957
-1995
-2012
-2013
-1988
-1931
-1848
-1741
-1608
-1445
-1259
-1053
-823
-570
-305
-25
265
562
852
1136
1412
1678
1919
2134
2328
2492
2621
2714
2780
2815
2807
2771
2708
2616
2487
2330
2155
1957
1735
1502
1269
1032
786
549
333
129
-65
-237
-380
-504
-615
-702
-766
-816
-861
-893
-911
-929
-954
-974
-991
-1017
-1052
-1087
-1119
-1158
-1210
-1259
-1304
-1356
-1413
-1465
-1510
-1557
-1608
-1649
-1678
-1705
-1728
-1733
-1717
-1691
-1649
-1582
-1492
-1380
-1253
-1103
-924
-732
-524
-294
-45
213
474
746
1019
1283
1535
1775
1996
2193
2363
2506
2623
2706
2756
2773
2762
2718
2643
2538
2405
2244
2056
1847
1618
1380
1127
869
614
363
124
-100
-307
-495
-659
-802
-923
-1015
-1088
-1141
-1180
-1205
-1220
-1227
-1226
-1219
-1209
-1196
-1179
-1160
-1142
-1125
-1111
-1100
-1095
-1099
-1103
-1111
-1124
-1144
-1166
-1189
-1211
-1232
-1250
-1260
-1264
-1257
-1236
-1201
-1149
-1081
-992
-885
-760
-616
-450
-266
-69
143
367
594
823
1050
1276
1490
1686
1866
2024
2155
2262
2343
2401
2434
2437
2415
2364
2282
2173
2036
1876
1695
1494
1280
1051
814
568
321
81
-147
-358
-550
-720
-873
-1001
-1106
-1182
-1230
-1253
-1252
-1236
-1207
-1168
-1124
-1074
-1018
-959
-901
-840
-785
-732
-684
-642
-615
-600
-597
-607
-630
-665
-704
-755
-813
-870
-925
-979
-1028
-1065
-1094
-1113
-1112
-1091
-1051
-991
-910
-804
-682
-538
-370
-182
20
238
461
686
909
1130
1341
1539
1721
1878
2006
2110
2186
2240
2267
2267
2245
2191
2105
1990
1847
1680
1497
1294
1075
847
610
366
119
-120
-343
-545
-729
-886
-1015
-1124
-1207
-1257
-1276
-1266
-1230
-1173
-1098
-1018
-932
-844
-756
-673
-595
-520
-459
-405
-352
-312
-290
-283
-289
-317
-363
-415
-479
-553
-635
-714
-800
-888
-963
-1025
-1079
-1121
-1142
-1143
-1126
-1086
-1014
-921
-808
-673
-517
-343
-146
72
299
531
765
992
1203
1405
1593
1759
1899
2011
2098
2151
2176
2176
2152
2100
2017
1907
1763
1597
1411
1206
987
760
522
276
33
-201
-419
-616
-792
-940
-1059
-1154
-1221
-1256
-1259
-1231
-1176
-1103
-1011
-911
-802
-695
-592
-494
-405
-333
-271
-217
-172
-138
-118
-113
-128
-163
-215
-279
-355
-443
-533
-632
-735
-836
-935
-1024
-1102
-1163
-1206
-1230
-1235
-1212
-1160
-1080
-972
-841
-687
-512
-318
-103
129
369
612
848
1070
1280
1472
1644
1795
1921
2016
2079
2113
2117
2091
2040
1962
1858
1727
1570
1396
1203
998
782
555
327
102
-115
-316
-493
-649
-774
-872
-945
-989
-1004
-991
-956
-896
-816
-729
-631
-531
-432
-339
-254
-184
-130
-92
-67
-59
-60
-75
-103
-150
-216
-295
-390
-493
-604
-717
-836
-957
-1074
-1183
-1283
-1370
-1439
-1488
-1516
-1522
-1504
-1455
-1378
-1271
-1132
-972
-788
-582
-357
-117
135
390
641
882
1110
1323
1515
1687
1835
1956
2048
2109
2139
2139
2111
2056
1976
1868
1743
1600
1443
1272
1086
893
693
490
292
102
-68
-221
-347
-450
-531
-578
-605
-608
-592
-559
-513
-460
-400
-339
-280
-225
-179
-144
-121
-114
-125
-145
-181
-227
-283
-354
-438
-536
-645
-761
-883
-1005
-1127
-1247
-1361
-1466
-1556
-1628
-1684
-1717
-1729
-1719
-1687
-1632
-1550
-1439
-1304
-1145
-963
-762
-546
-313
-70
178
425
664
897
1117
1321
1511
1680
1826
1948
2043
2109
2146
2156
2140
2098
2032
1944
1839
1718
1582
1437
1276
1104
923
738
554
375
210
59
-74
-187
-275
-343
-385
-409
-415
-408
-394
-373
-349
-323
-302
-282
-271
-267
-274
-291
-317
-355
-401
-459
-527
-609
-700
-802
-912
-1026
-1141
-1255
-1364
-1466
-1560
-1641
-1705
-1750
-1775
-1780
-1765
-1724
-1663
-1581
-1474
-1344
-1189
-1016
-825
-617
-399
-173
60
293
524
747
962
1168
1361
1537
1696
1836
1952
2043
2110
2150
2168
2162
2135
2087
2019
1934
1829
1710
1577
1432
1279
1115
948
782
619
460
313
176
53
-55
-148
-221
-281
-327
-362
-389
-415
-438
-462
-490
-521
-557
-599
-644
-693
-743
-796
-854
-918
-989
-1067
-1150
-1239
-1329
-1417
-1502
-1577
-1642
-1695
-1737
-1767
-1780
-1775
-1754
-1715
-1654
-1577
-1480
-1369
-1237
-1086
-919
-737
-538
-325
-108
117
341
564
781
987
1189
1380
1560
1724
1870
1997
2101
2182
2241
2280
2294
2287
2266
2224
2167
2090
1995
1881
1753
1606
1452
1292
1129
965
805
650
496
349
210
77
-45
-159
-261
-354
-438
-514
-586
-655
-724
-794
-865
-937
-1012
-1087
-1158
-1227
-1292
-1355
-1413
-1470
-1528
-1586
-1643
-1696
-1745
-1785
-1812
-1828
-1830
-1819
-1795
-1759
-1711
-1648
-1570
-1477
-1367
-1242
-1106
-958
-795
-623
-440
-248
-47
161
369
581
790
990
1184
1367
1541
1702
1850
1979
2089
2181
2246
2292
2317
2319
2306
2274
2226
2161
2082
1985
1872
1743
1600
1446
1278
1110
941
773
611
452
299
150
7
-129
-253
-372
-483
-585
-679
-768
-852
-930
-1008
-1081
-1154
-1223
-1291
-1354
-1413
-1468
-1517
-1563
-1601
-1632
-1658
-1682
-1700
-1710
-1716
-1712
-1697
-1672
-1633
-1583
-1527
-1456
-1376
-1281
-1170
-1047
-909
-761
-603
-438
-268
-93
88
271
458
645
831
1012
1186
1348
1495
1627
1746
1848
1937
2006
2054
2081
2088
2077
2047
2005
1947
1877
1791
1695
1588
1472
1351
1222
1089
944
799
649
504
366
229
98
-31
-157
-271
-378
-476
-566
-653
-739
-822
-901
-973
-1042
-1103
-1162
-1219
-1272
-1324
-1366
-1409
-1448
-1484
-1512
-1535
-1552
-1556
-1556
-1547
-1527
-1499
-1458
-1406
-1345
-1274
-1199
-1115
-1026
-928
-819
-703
-580
-449
-312
-171
-23
129
285
443
604
761
916
1060
1200
1333
1457
1576
1682
1774
1851
1909
1945
1960
1953
1927
1890
1840
1778
1701
1611
1508
1397
1282
1166
1045
919
789
650
513
382
257
140
28
-86
-200
-308
-407
-492
-577
-661
-749
-835
-919
-993
-1056
-1115
-1171
-1224
-1278
-1329
-1372
-1410
-1441
-1467
-1492
-1510
-1520
-1522
-1516
-1503
-1485
-1463
-1437
-1399
-1352
-1295
-1228
-1150
-1061
-958
-844
-720
-590
-456
-321
-184
-49
93
233
371
509
648
783
914
1043
1167
1290
1410
1521
1622
1706
1778
1836
1884
1920
1946
1955
1945
1918
1869
1804
1720
1623
1514
1397
1270
1137
996
846
697
554
412
279
148
16
-111
-237
-355
-459
-556
-647
-733
-817
-898
-967
-1027
-1080
-1131
-1186
-1241
-1292
-1337
-1368
-1392
-1412
-1421
-1435
-1445
-1443
-1440
-1431
-1407
-1385
-1354
-1314
-1268
-1207
-1142
-1078
-1009
-933
-857
-779
-685
-582
-476
-360
-232
-95
37
173
311
447
576
692
810
928
1031
1128
1223
1311
1398
1465
1527
1584
1626
1662
1697
1708
1696
1687
1660
1624
1581
1525
1457
1376
1283
1179
1061
946
830
689
558
424
282
140
7
-118
-236
-348
-454
-561
-650
-721
-811
-890
-951
-999
-1054
-1115
-1149
-1175
-1212
-1236
-1243
-1257
-1282
-1304
-1295
-1293
-1309
-1301
-1275
-1244
-1221
-1217
-1184
-1124
-1083
-1041
-991
-927
-831
-766
-699
-596
-500
-406
-317
-224
-103
4
108
231
359
497
607
713
851
955
1048
1154
1236
1328
1396
1447
1507
1559
1596
1611
1623
1639
1610
1598
1589
1529
1477
1416
1341
1266
1176
1088
987
867
760
652
527
385
291
176
1
-96
-199
-375
-470
-566
-709
-795
-896
-987
-1051
-1153
-1202
-1220
-1328
-1388
-1355
-1416
-1470
-1451
-1475
-1478
-1454
-1454
-1435
-1414
-1393
-1331
-1302
-1294
-1190
-1105
-1104
-1007
-871
-860
-755
-610
-559
-453
-346
-221
-107
-29
133
253
300
480
635
685
801
944
1072
1143
1238
1355
1418
1472
1537
1616
1625
1650
1709
1686
1687
1711
1640
1596
1572
1588
1461
1142
1349
1465
904
774
1055
866
479
363
504
343
-94
-78
-35
-296
-525
-594
-568
-770
-1084
-990
-972
-1298
-1396
-1325
-1346
-1558
-1685
-1515
-1494
-1742
-1726
-1531
-1567
-1676
-1606
-1440
-1447
-1492
-1343
-1208
-1209
-1155
-988
-893
-873
-742
-574
-498
-414
-263
-116
-7
67
214
387
439
518
669
790
857
943
1032
1119
1209
1279
1338
1384
1453
1503
1526
1519
1548
1563
1527
1505
1481
1431
1381
1363
1279
1190
1137
1058
952
872
769
632
516
411
337
192
36
-42
-143
-274
-380
-500
-580
-654
-786
-870
-931
-998
-1078
-1135
-1194
-1244
-1257
-1296
-1342
-1325
-1324
-1350
-1316
-1315
-1294
-1246
-1213
-1163
-1112
-1059
-987
-908
-843
-773
-689
-583
-499
-419
-329
-235
-144
-64
30
117
203
298
381
467
556
617
697
769
824
889
923
963
1023
1038
1056
1087
1093
1112
1120
1114
1111
1102
1075
1052
1018
974
930
879
824
767
706
632
573
516
439
356
293
226
140
61
-15
-90
-170
-241
-308
-373
-447
-512
-558
-613
-671
-717
-752
-796
-833
-859
-886
-909
-926
-937
-945
-949
-947
-935
-924
-917
-892
-860
-842
-816
-770
-728
-693
-647
-593
-543
-491
-433
-370
-311
-254
-182
-112
-54
5
75
142
201
257
323
388
435
491
553
596
637
681
723
752
778
808
832
845
854
868
869
862
862
859
839
822
808
781
748
716
686
644
596
555
512
456
404
356
306
247
186
131
77
12
-51
-107
-164
-230
-292
-340
-392
-454
-509
-550
-595
-649
-689
-712
-747
-787
-808
-816
-835
-859
-860
-845
-849
-857
-835
-804
-795
-783
-735
-686
-668
-635
-570
-514
-485
-431
-349
-291
-254
-187
-101
-45
-5
73
157
201
242
320
392
425
470
542
595
615
654
713
742
746
776
810
812
806
822
833
813
792
792
779
740
711
693
658
608
568
536
482
422
378
330
265
204
155
98
28
-30
-81
-144
-208
-257
-306
-367
-422
-463
-507
-557
-598
-625
-658
-694
-718
-736
-756
-773
-774
-772
-777
-773
-758
-742
-727
-704
-670
-637
-604
-564
-519
-473
-427
-372
-315
-261
-205
-148
-85
-30
28
92
151
209
264
320
374
420
464
512
553
587
618
650
678
696
715
733
739
743
743
738
730
715
699
676
649
619
587
551
511
469
422
378
331
281
230
176
121
68
12
-43
-97
-150
-203
-253
-298
-347
-395
-435
-477
-516
-552
-583
-611
-638
-659
-675
-690
-701
-705
-707
-705
-700
-688
-673
-657
-633
-607
-580
-546
-512
-472
-433
-390
-342
-294
-245
-194
-143
-90
-38
14
66
117
167
217
266
312
357
398
438
476
510
540
566
590
610
627
641
651
658
661
659
656
648
635
619
600
577
552
524
493
459
424
385
345
305
263
219
176
133
90
47
4
-38
-83
-126
-170
-214
-253
-291
-329
-363
-398
-432
-460
-488
-514
-539
-559
-575
-588
-599
-603
-605
-606
-602
-597
-588
-576
-557
-539
-517
-491
-463
-431
-398
-362
-325
-285
-244
-203
-161
-118
-75
-31
14
58
103
147
189
231
269
307
340
373
404
431
457
480
499
517
532
543
551
558
562
562
559
552
545
534
517
499
476
452
425
394
364
329
294
256
218
180
141
101
61
21
-21
-64
-105
-146
-184
-222
-260
-295
-324
-353
-377
-403
-425
-446
-463
-475
-488
-498
-505
-506
-506
-500
-489
-477
-464
-451
-436
-414
-392
-369
-341
-314
-282
-250
-213
-178
-143
-106
-69
-33
3
37
71
103
134
166
199
231
261
289
315
339
362
380
397
409
418
424
428
430
425
423
419
411
401
391
380
362
347
329
307
286
261
236
206
176
146
111
75
43
9
-26
-60
-89
-118
-146
-176
-204
-232
-262
-287
-311
-334
-350
-369
-380
-388
-395
-396
-397
-398
-397
-391
-384
-374
-362
-351
-335
-315
-291
-265
-238
-211
-183
-159
-134
-106
-79
-52
-25
4
34
61
93
123
152
179
204
226
247
264
278
290
297
306
315
324
329
333
337
340
343
343
338
328
315
299
281
263
243
222
199
179
159
139
121
102
80
60
39
18
-1
-25
-47
-71
-96
-120
-143
-166
-185
-203
-219
-232
-244
-252
-260
-267
-275
-282
-288
-292
-295
-297
-298
-294
-288
-281
-270
-260
-250
-239
-226
-213
-197
-178
-160
-143
-121
-100
-75
-52
-27
-6
16
35
52
70
86
102
119
136
152
169
186
203
218
231
241
247
252
257
259
258
255
253
250
248
245
243
240
236
230
222
212
198
182
163
144
125
107
85
68
52
35
20
5
-10
-24
-36
-48
-62
-75
-91
-107
-123
-139
-152
-168
-179
-190
-200
-208
-211
-214
-215
-214
-212
-211
-208
-205
-203
-199
-194
-189
-182
-172
-161
-152
-144
-134
-122
-110
-98
-81
-64
-51
-35
-20
-5
9
27
42
58
70
82
91
101
111
117
126
135
141
149
154
158
162
164
165
164
162
161
159
156
152
149
142
136
131
126
119
112
104
94
88
74
62
50
35
25
11
0
-9
-18
-27
-37
-46
-55
-63
-70
-77
-82
-88
-93
-98
-104
-108
-113
-114
-115
-118
-118
-114
-112
-108
-105
-102
-97
-92
-87
-81
-77
-70
-66
-59
-52
-46
-41
-35
-29
-23
-16
-10
-3
4
10
17
22
25
28
33
38
41
46
51
53
55
59
61
60
61
59
58
57
55
53
49
47
43
45
43
41
38
35
31
27
23
18
15
12
9
4
0
-3
-6
-10
-11
-11
-14
-12
-14
-16
-18
-20
-20
-19
-17
-16
-17
-15
-16
-16
-17
-16
-14
-11
-10
-10
-8
-7
-7
-8
-8
-7
-7
-5
-2
-2
-1
-2
-2
-2
-2
-3
-1
0
2
2
4
4
3
5
5
7
6
6
6
6
8
8
8
8
9
10
9
10
10
10
10
9
8
7
8
9
9
10
8
5
7
7
6
7
6
8
7
6
4
2
0
1
0
-1
-1
-2
-4
-3
-5
-7
-7
-9
-9
-10
-9
-9
-8
-10
-9
-10
-12
-11
-12
-13
-10
-9
-10
-9
-8
-10
-8
-7
-8
-7
-7
-6
-5
-3
-3
-3
-3
-3
-3
-3
-2
-1
-1
2
2
2
1
1
3
3
4
3
4
7
7
8
9
8
9
10
8
9
8
7
7
6
4
5
6
3
5
5
5
3
2
3
1
-1
-2
-4
-4
-4
-5
-6
-8
-6
-6
-7
-6
-8
-9
-9
-10
-9
-9
-9
-10
-11
-11
-11
-11
-9
-8
-9
-7
-7
-6
-6
-7
-7
-6
-4
-2
-1
2
-1
0
3
2
3
2
3
3
4
6
6
4
7
6
10
11
11
9
9
9
10
12
12
12
11
12
11
11
12
9
9
8
8
8
7
7
6
7
5
6
4
3
3
2
0
-1
-1
-2
-1
-1
-3
-3
-4
-4
-5
-6
-4
-6
-6
-6
-8
-7
-8
-8
-9
-9
-9
-7
-10
-11
-9
-10
-8
-8
-7
-5
-5
-5
-4
-5
-7
-7
-6
-4
-4
-2
-2
-1
1
0
1
1
1
3
3
4
5
4
5
6
8
7
7
8
9
7
7
9
11
10
9
9
8
7
6
8
7
7
6
4
4
4
4
3
4
3
2
1
0
-1
-4
-4
-4
-3
-5
-5
-5
-7
-7
-6
-6
-6
-6
-5
-7
-9
-7
-7
-7
-7
-7
-8
-8
-6
-5
-5
-6
-4
-6
-7
-6
-4
-3
0
0
-1
0
1
0
1
1
2
3
2
4
2
1
3
5
6
8
8
7
8
6
6
6
6
6
6
5
6
5
4
6
7
6
7
6
4
3
2
1
0
1
1
2
2
2
1
1
0
-1
0
-2
-2
-3
-6
-6
-6
-5
-5
-6
-6
-6
-7
-7
-8
-7
-8
-8
-6
-5
-4
-4
-4
-5
-7
-6
-6
-4
-2
-2
-1
-2
-3
-2
0
1
2
1
3
3
3
2
2
2
3
4
3
4
2
2
3
4
7
7
5
3
4
3
6
5
4
5
4
4
4
4
3
3
3
5
4
4
4
1
1
0
-2
-1
-2
1
2
3
3
2
0
-2
-2
-2
-2
-2
-2
-1
-4
-4
-6
-6
-7
-3
-3
-1
-1
-4
-5
-9
-8
-6
-2
1
2
2
-1
-5
-6
-6
-3
0
3
4
3
0
-1
-1
-1
0
2
5
5
5
6
4
0
-2
-1
-1
0
1
5
6
4
1
-2
-4
-2
2
7
8
4
0
-2
-5
-3
-1
3
6
7
2
-2
-4
-5
-2
1
4
4
1
-4
-7
-7
-5
0
4
5
2
-1
-5
-8
-5
-1
3
4
2
-3
-6
-7
-5
-3
0
4
5
0
-5
-7
-6
-3
2
4
5
2
0
-5
-6
-3
-1
4
5
4
2
-1
-2
-2
-1
2
6
8
6
3
2
0
0
-2
-2
1
2
4
3
0
-3
-2
0
3
3
4
5
5
3
-2
-4
-4
0
2
3
1
-1
-1
-1
-3
-2
-1
2
3
0
-3
-4
-4
-4
-1
0
-1
1
-1
-4
-6
-2
1
1
1
3
2
0
-2
-1
-2
1
5
2
-3
-6
-4
-2
0
0
0
3
3
1
-2
-3
-1
3
6
4
0
-2
-1
1
0
-3
-1
2
3
2
-3
-3
-4
-2
2
1
2
4
5
2
-2
-2
1
1
3
3
-1
0
0
0
-2
-4
-3
1
3
6
6
2
0
0
1
-1
-3
0
3
2
-2
-4
-2
-2
-3
-2
-2
-2
0
-1
-1
-2
-1
2
0
-2
-3
-2
2
1
-1
-1
0
2
3
0
-2
1
3
1
-1
-4
-2
3
0
-5
-4
-2
2
2
-3
-5
-3
4
5
1
-4
0
6
7
2
-4
-4
1
6
-1
-7
-6
-1
6
3
-5
-8
0
7
5
-2
-5
1
7
8
2
-5
-5
2
8
2
-4
-4
2
7
1
-7
-5
-1
2
3
0
-1
0
5
4
-1
0
-1
-1
4
5
-1
-3
0
2
1
0
-5
-4
3
12
8
-2
0
4
6
-1
-7
-3
6
7
-2
-10
-1
0
0
-3
-8
1
5
5
-2
-10
9
10
-6
-5
-4
7
6
-4
-1
-8
5
8
-12
-7
-1
0
2
-3
0
1
-2
2
-4
-3
0
-2
4
10
5
-7
-5
-4
-6
1
-5
-12
0
16
11
-10
-10
3
-2
-2
4
-5
-1
13
7
-10
