SAMPLES:	19461
BITSPERSAMPLE:	16
CHANNELS:	1
SAMPLERATE:	16000
NORMALIZED:	FALSE
-3
-1
0
0
0
-1
0
2
3
2
2
1
1
-2
-5
-5
-3
-3
0
1
2
3
3
4
3
5
4
6
6
6
3
1
1
1
3
6
6
6
6
6
2
0
-1
-1
-1
-1
-1
-1
-5
-7
-8
-7
-6
-7
-8
-8
-7
-9
-7
-6
-6
-4
-3
0
-1
1
1
-2
-1
-3
-2
-4
-3
-4
-3
-3
-1
3
2
2
4
2
3
5
5
3
2
2
2
1
1
1
1
1
1
2
2
1
2
2
0
-1
-2
-5
-5
-1
0
0
2
2
4
3
3
4
3
3
1
0
-1
-5
-6
-6
-6
-4
-3
-4
-3
-2
-2
0
2
3
3
3
1
0
0
-3
-2
0
0
1
-1
-2
-4
-5
-6
-6
-6
-5
-4
-4
-3
-4
-5
-5
-3
0
2
3
2
0
-1
-2
0
3
4
7
8
10
8
6
3
1
1
-2
0
-1
0
2
4
5
7
7
9
10
8
8
6
2
1
0
-2
-5
-5
-4
-1
2
3
4
5
6
7
9
8
4
3
-1
-1
-1
-3
-4
-8
-8
-6
-6
-4
0
2
2
-2
-3
-3
-5
-7
-9
-9
-9
-9
-8
-9
-5
-5
-6
-5
-6
-4
-5
-3
-3
-2
-1
1
3
3
5
4
5
5
6
7
8
8
8
7
6
7
6
6
6
6
7
5
4
4
4
5
4
4
4
2
2
2
3
2
0
-1
-1
-1
-2
-3
-3
-3
-3
-3
-3
-2
-1
-3
-1
1
1
0
1
1
-1
-1
-1
-2
-2
-3
-4
-4
-3
-4
-3
-2
-3
-2
-1
-1
0
0
-1
-2
-2
-2
-2
-3
-3
0
-1
-2
-3
-2
-3
-3
-4
-3
-3
-2
-2
-1
-1
0
0
0
1
1
3
3
2
1
0
1
1
2
2
2
1
0
1
2
1
1
1
0
1
2
1
1
0
2
0
1
0
0
-1
0
1
0
0
-1
-2
0
-2
0
0
-2
-1
0
-1
0
1
-1
0
0
-1
-1
0
1
1
-1
0
-1
0
0
0
-1
-1
1
0
-1
0
-1
0
0
2
0
1
2
0
0
1
-1
0
0
0
0
0
0
0
1
1
0
1
1
1
-1
0
0
0
1
1
0
1
0
-1
-1
0
0
0
0
0
1
0
0
0
0
-1
0
0
0
0
1
1
0
1
-1
1
0
-1
-1
-2
-2
-1
0
0
0
1
0
1
1
1
1
1
0
-1
-1
-1
0
1
1
-1
0
1
1
2
0
2
0
-1
-1
-1
-1
-1
0
1
1
0
0
0
-2
-2
-1
-1
0
-1
0
0
0
0
0
-1
-1
0
1
1
2
1
1
1
3
2
1
0
0
0
-2
-2
-3
-1
0
-1
-1
-1
-1
0
-1
0
0
2
1
1
0
1
1
-1
-1
0
-1
-2
-2
-1
0
0
0
0
1
1
1
1
0
0
-1
0
-1
-2
-1
-1
0
0
1
2
2
1
1
2
3
1
0
-1
-2
-3
-3
-5
-5
-4
-4
-1
0
2
4
4
5
4
4
3
3
0
0
-2
-4
-5
-5
-5
-4
-3
-1
0
0
1
3
3
4
4
3
4
2
2
-1
-1
-3
-3
-3
-3
-2
-1
0
1
0
2
1
2
3
2
2
2
1
1
-1
-2
-4
-1
-3
-1
0
0
1
1
2
2
3
1
1
-1
-1
-2
-1
-1
-2
-1
-1
-1
-2
-1
0
2
0
1
1
0
0
-2
-2
0
0
0
1
0
3
0
0
2
0
0
-2
-1
-1
0
-1
-1
-1
-1
0
0
1
1
0
-1
0
0
1
0
0
0
0
0
2
1
0
1
1
1
0
-1
0
0
-1
-1
-1
0
0
0
2
1
1
0
1
0
-1
-2
-1
-1
-1
-1
-2
1
-1
-1
1
1
1
1
1
2
2
2
1
0
0
-1
-1
0
0
-1
1
0
-1
0
-1
0
0
1
0
0
0
0
0
-1
0
-1
0
-1
1
0
1
-1
-1
1
1
1
0
1
0
-1
-2
0
0
0
1
0
1
0
0
1
0
0
0
0
0
0
0
-1
0
1
0
0
2
0
-1
-1
-1
-1
0
0
-1
0
0
1
0
1
0
-1
0
-2
0
1
0
1
-2
0
-1
-1
0
0
-1
-1
1
1
1
1
1
0
-1
0
1
-1
-1
-1
-1
0
0
1
1
1
2
2
1
0
1
0
-1
-2
-1
-1
-1
-1
-1
0
-1
0
0
0
1
0
2
2
2
0
-2
-1
-2
-1
-1
0
0
-1
0
1
0
1
3
0
-1
0
-1
0
2
2
-1
-1
0
0
-2
-2
-1
1
1
0
1
1
0
0
1
1
1
1
-1
1
0
0
0
-1
0
0
1
-1
0
-1
0
1
1
1
1
1
0
0
1
0
-1
0
-1
-1
-1
0
0
-1
0
0
0
2
2
1
1
1
1
1
-1
-1
0
-1
1
1
1
0
1
0
0
-1
-2
0
-1
-1
0
-2
-1
0
-1
0
1
0
2
1
2
1
1
1
1
1
0
-1
-1
-1
-2
-3
-1
0
0
1
0
0
-1
-2
-2
-2
-1
-1
-1
-1
-1
1
2
1
1
0
0
1
0
-1
-1
0
-1
1
-2
0
1
1
0
0
1
0
-1
0
-1
-1
0
1
2
1
0
0
-1
0
-1
-2
-1
-2
0
1
0
1
1
1
1
1
1
1
2
2
0
0
1
-1
-1
0
0
0
-1
0
0
0
0
0
0
0
0
-2
-1
-2
0
0
1
1
0
-1
-1
-1
-2
-1
-1
0
0
-1
-1
1
0
0
0
0
2
1
2
2
1
0
-1
1
-1
-1
0
1
1
1
0
1
0
1
-1
1
0
-1
-2
0
-1
-1
0
0
1
1
0
0
0
1
0
-1
0
-1
-1
-1
0
0
0
1
0
1
1
2
1
1
1
1
1
1
-1
0
0
-1
0
0
0
-1
0
-1
0
1
-1
0
1
1
1
0
1
1
-1
-1
0
-1
0
0
2
1
2
2
2
1
0
2
0
1
1
-1
-2
-3
-1
0
0
-1
0
1
1
1
0
-1
-1
0
-2
-3
-3
0
-2
-2
-1
-2
-3
-1
0
-2
-3
-3
-3
-2
-1
-1
-2
-2
-2
-2
-1
-2
-2
-3
-2
-2
-1
-1
-2
-2
-2
-2
-1
0
-1
0
2
3
3
3
2
3
4
4
5
4
4
5
5
4
5
6
4
3
3
3
2
1
-2
0
-2
-1
-2
-1
-1
-1
0
0
0
-2
-2
-1
0
0
2
1
1
1
1
0
1
1
0
0
0
-1
-3
-3
-2
-1
-1
-1
1
0
-1
-3
-2
-2
-1
-1
-1
-1
-2
-1
-1
-1
0
-1
-1
-3
-2
-1
-1
-1
0
1
2
1
1
4
3
3
3
3
3
3
5
4
3
3
3
1
0
-1
-3
-4
-5
-5
-3
-4
-2
-3
-4
-3
-3
-4
-5
-5
-6
-4
-4
-4
-2
-1
0
1
3
2
3
3
5
5
6
7
7
7
6
4
4
3
2
1
0
1
-1
-1
-1
0
2
1
1
2
1
0
2
2
0
0
0
1
-1
-1
-2
-3
-3
-4
-5
-6
-6
-6
-9
-9
-9
-8
-7
-7
-6
-4
-1
0
2
3
5
7
8
8
10
10
10
11
11
10
10
10
7
5
4
3
1
0
-1
-2
-2
-2
-2
-2
-2
-1
0
2
2
2
2
1
-2
-4
-6
-8
-11
-14
-15
-16
-18
-19
-19
-17
-16
-14
-13
-9
-5
-2
2
5
9
10
12
12
13
13
11
9
6
4
0
-2
-5
-9
-10
-11
-12
-11
-10
-9
-4
0
5
10
15
21
26
30
32
33
34
35
35
33
30
24
18
10
2
-7
-17
-27
-35
-45
-52
-61
-69
-76
-79
-82
-84
-84
-84
-79
-74
-65
-55
-44
-32
-20
-7
8
23
38
52
63
73
82
91
96
101
102
103
103
103
101
97
93
90
87
84
80
78
73
68
66
61
55
48
39
29
18
3
-12
-30
-48
-67
-85
-106
-126
-145
-162
-176
-190
-200
-207
-208
-206
-199
-186
-169
-149
-125
-95
-63
-28
7
43
76
110
142
170
191
211
227
240
249
248
243
235
222
206
185
156
126
97
70
43
14
-15
-38
-55
-67
-78
-85
-88
-88
-82
-73
-63
-49
-32
-11
14
36
59
81
102
123
139
150
155
155
150
141
123
99
67
31
-11
-61
-118
-180
-244
-307
-373
-435
-494
-544
-588
-624
-651
-667
-673
-664
-640
-606
-562
-505
-436
-357
-272
-182
-89
5
99
192
277
350
417
474
522
556
575
581
572
553
526
491
445
392
337
281
230
180
133
94
64
47
38
41
53
76
109
151
198
246
295
345
393
435
467
489
501
501
491
468
429
378
312
236
154
61
-40
-139
-243
-342
-434
-520
-598
-665
-718
-759
-788
-802
-806
-798
-777
-743
-704
-653
-596
-534
-465
-394
-324
-253
-184
-123
-64
-6
44
90
137
179
221
262
300
337
372
407
436
464
495
518
539
561
577
589
601
606
599
583
564
531
491
445
384
315
244
167
83
-4
-93
-183
-267
-343
-417
-486
-538
-586
-620
-644
-661
-667
-660
-641
-619
-588
-551
-508
-454
-397
-339
-282
-219
-152
-88
-38
3
40
73
99
115
126
138
153
171
199
225
242
258
289
324
349
371
392
419
453
486
519
549
572
586
607
623
606
561
515
460
383
283
173
51
-76
-196
-309
-421
-528
-623
-695
-739
-765
-787
-792
-774
-742
-705
-661
-609
-557
-500
-431
-360
-296
-227
-163
-112
-75
-48
-28
-16
-13
-24
-30
-16
6
42
92
140
182
247
335
408
456
503
563
636
715
787
840
889
935
981
1019
1018
975
906
838
752
626
458
262
71
-111
-300
-474
-626
-768
-876
-922
-939
-974
-994
-977
-960
-943
-912
-897
-892
-857
-817
-791
-732
-667
-626
-553
-435
-356
-284
-154
-31
44
164
309
392
467
587
653
669
711
736
706
685
671
611
582
588
547
507
521
499
436
425
406
304
221
183
103
-3
-68
-141
-218
-233
-230
-223
-158
-63
34
199
400
522
619
762
849
855
865
852
740
605
506
377
209
37
-156
-337
-468
-618
-792
-925
-1047
-1200
-1316
-1373
-1468
-1593
-1664
-1674
-1673
-1647
-1603
-1543
-1436
-1296
-1132
-936
-725
-528
-299
-12
276
513
727
917
1085
1229
1326
1366
1371
1356
1334
1307
1268
1177
1064
980
900
814
731
640
544
483
459
419
341
290
260
240
233
264
294
322
390
488
575
611
611
611
604
544
423
262
66
-187
-452
-704
-1016
-1334
-1614
-1824
-1985
-2109
-2231
-2319
-2333
-2307
-2253
-2159
-2029
-1895
-1639
-1277
-932
-584
-166
222
596
1051
1442
1656
1853
2047
2128
2141
2136
1996
1778
1637
1484
1257
1073
856
576
389
308
148
-47
-136
-220
-297
-280
-248
-251
-222
-141
-13
169
378
528
687
909
1047
1104
1156
1132
984
800
596
283
-76
-462
-856
-1254
-1581
-1904
-2171
-2321
-2421
-2530
-2555
-2498
-2498
-2430
-2278
-2112
-1947
-1632
-1244
-888
-460
34
450
879
1374
1773
2041
2295
2480
2507
2503
2427
2192
1912
1685
1416
1118
891
617
300
108
-10
-182
-329
-396
-488
-555
-487
-433
-417
-345
-263
-148
38
260
437
632
873
1021
1128
1249
1267
1152
1020
838
512
145
-233
-619
-1042
-1409
-1758
-2065
-2268
-2408
-2514
-2575
-2561
-2596
-2560
-2415
-2208
-2033
-1772
-1355
-975
-568
-60
454
898
1341
1790
2143
2412
2651
2729
2729
2686
2497
2210
1962
1714
1363
1055
831
522
218
44
-110
-294
-393
-447
-537
-548
-494
-475
-410
-309
-236
-167
25
198
327
518
664
698
706
739
648
467
243
-69
-444
-805
-1134
-1479
-1796
-2077
-2354
-2510
-2554
-2556
-2569
-2500
-2403
-2262
-2060
-1721
-1341
-1019
-608
-169
309
743
1193
1622
1971
2269
2531
2685
2822
2853
2777
2644
2460
2207
1863
1582
1321
981
673
429
169
-59
-229
-341
-435
-474
-483
-481
-396
-291
-208
-86
78
166
265
398
525
580
569
539
409
248
40
-216
-519
-889
-1294
-1652
-1967
-2253
-2548
-2764
-2900
-2989
-3012
-2915
-2768
-2622
-2456
-2122
-1678
-1268
-765
-228
330
800
1319
1821
2208
2483
2732
2868
2971
2965
2861
2714
2546
2320
1991
1672
1365
1004
648
421
152
-117
-360
-517
-614
-677
-709
-691
-636
-497
-322
-92
207
438
662
901
1125
1275
1344
1362
1302
1138
903
605
216
-190
-641
-1103
-1544
-1976
-2398
-2732
-2992
-3214
-3415
-3472
-3456
-3438
-3333
-3117
-2942
-2698
-2217
-1662
-1132
-577
106
709
1311
1968
2510
2832
3121
3319
3415
3400
3312
3068
2777
2555
2258
1878
1513
1139
732
420
168
-88
-379
-563
-708
-781
-786
-811
-805
-692
-517
-274
41
422
754
1063
1442
1732
1902
1989
1976
1861
1645
1349
953
441
-92
-647
-1212
-1707
-2213
-2739
-3161
-3425
-3666
-3891
-4016
-4042
-4113
-4056
-3856
-3687
-3545
-3157
-2595
-2004
-1338
-594
108
808
1644
2405
2960
3429
3767
3898
4024
4051
3849
3499
3233
2918
2469
2091
1753
1259
828
556
274
-41
-294
-460
-626
-738
-818
-894
-890
-798
-693
-419
-40
320
668
1124
1549
1828
2040
2196
2174
2008
1774
1428
966
408
-212
-829
-1385
-1959
-2524
-3043
-3441
-3776
-4039
-4217
-4388
-4528
-4562
-4521
-4410
-4241
-4029
-3666
-3072
-2271
-1444
-663
258
1237
2178
3122
3954
4543
4884
5135
5324
5274
5007
4619
4094
3591
3089
2533
1952
1359
845
358
-46
-311
-671
-1023
-1212
-1373
-1551
-1692
-1736
-1697
-1579
-1256
-836
-384
107
620
1146
1642
1992
2158
2223
2146
1889
1477
993
379
-338
-1031
-1643
-2276
-2853
-3355
-3760
-4055
-4312
-4502
-4664
-4737
-4747
-4700
-4664
-4399
-4034
-3549
-2892
-2034
-1093
-228
881
2079
3072
3998
4895
5512
5919
6169
6200
5925
5530
5041
4386
3750
3103
2375
1781
1236
706
231
-197
-512
-859
-1152
-1389
-1706
-1919
-2036
-2110
-1984
-1764
-1436
-1014
-420
200
747
1316
1828
2135
2313
2400
2229
1844
1325
723
-3
-737
-1453
-2126
-2745
-3237
-3693
-4076
-4369
-4642
-4820
-4913
-5000
-5102
-5031
-4990
-4691
-4164
-3499
-2815
-1898
-707
337
1520
2883
3931
4703
5538
6144
6379
6452
6343
5855
5361
4889
4205
3517
3034
2366
1661
1247
880
320
-219
-531
-983
-1488
-1765
-2052
-2341
-2390
-2350
-2145
-1755
-1214
-754
-110
691
1268
1734
2286
2581
2516
2352
2016
1422
677
-41
-851
-1623
-2319
-2982
-3609
-3987
-4374
-4743
-4879
-4949
-5183
-5297
-5333
-5373
-5074
-4611
-4064
-3385
-2303
-1251
-178
1288
2649
3566
4606
5636
6267
6620
6915
6774
6333
6032
5506
4774
4140
3537
2620
1929
1510
867
85
-394
-829
-1454
-1874
-2107
-2476
-2736
-2713
-2626
-2355
-1934
-1439
-928
-129
640
1201
1863
2477
2686
2699
2612
2232
1594
842
67
-836
-1690
-2543
-3336
-3955
-4411
-4890
-5161
-5213
-5346
-5501
-5498
-5508
-5331
-4876
-4382
-3746
-2829
-1737
-734
565
1984
3056
4010
5147
6026
6568
6971
7142
6896
6598
6234
5545
4828
4138
3278
2352
1743
1079
187
-510
-988
-1571
-2101
-2359
-2637
-2923
-2934
-2777
-2553
-2142
-1656
-1111
-421
366
999
1588
2217
2560
2652
2643
2425
1926
1273
526
-292
-1198
-2073
-2924
-3656
-4281
-4831
-5244
-5483
-5647
-5814
-5888
-5875
-5620
-5132
-4588
-3905
-2925
-1840
-767
504
1893
2997
3999
5095
5997
6651
7118
7326
7200
6976
6617
5990
5291
4575
3621
2687
1931
1109
159
-620
-1197
-1835
-2349
-2686
-2962
-3173
-3131
-2961
-2619
-2145
-1618
-1003
-242
485
1110
1720
2287
2645
2765
2778
2570
2115
1476
744
-69
-934
-1836
-2692
-3483
-4151
-4783
-5283
-5642
-5984
-6256
-6434
-6439
-6108
-5577
-4988
-4230
-3143
-1990
-890
508
1967
3086
4168
5332
6277
6961
7460
7657
7536
7394
7041
6372
5698
4934
3873
2910
2125
1165
98
-693
-1376
-2119
-2692
-3083
-3420
-3604
-3548
-3339
-2959
-2463
-1887
-1238
-465
269
915
1546
2134
2462
2611
2622
2412
1951
1315
583
-219
-1090
-1987
-2843
-3593
-4285
-4951
-5460
-5927
-6345
-6681
-6873
-6727
-6248
-5747
-5131
-4192
-3021
-2004
-733
855
2166
3230
4512
5708
6591
7290
7795
7910
7892
7836
7340
6682
6051
5109
3985
3174
2300
1157
105
-630
-1440
-2205
-2752
-3187
-3545
-3654
-3583
-3347
-2943
-2457
-1903
-1189
-350
364
1036
1750
2297
2573
2745
2746
2488
1979
1359
639
-192
-1067
-1962
-2789
-3558
-4272
-4929
-5481
-5941
-6345
-6713
-6665
-6287
-5908
-5438
-4600
-3546
-2602
-1449
70
1369
2407
3634
4855
5796
6552
7185
7486
7622
7690
7401
6849
6328
5509
4486
3668
2892
1814
753
-28
-814
-1621
-2246
-2779
-3202
-3412
-3468
-3339
-3048
-2674
-2226
-1574
-783
-88
549
1264
1836
2174
2403
2476
2269
1829
1283
599
-194
-1018
-1894
-2750
-3519
-4223
-4866
-5433
-5860
-6223
-6618
-6602
-6250
-5949
-5550
-4770
-3759
-2848
-1696
-204
1049
2108
3337
4533
5471
6245
6903
7263
7465
7552
7269
6804
6321
5501
4565
3773
2970
1914
938
209
-587
-1339
-1922
-2495
-2910
-3104
-3230
-3152
-2931
-2646
-2289
-1688
-957
-359
249
954
1492
1848
2131
2223
2013
1623
1128
459
-294
-1033
-1879
-2658
-3313
-3945
-4511
-4949
-5324
-5637
-5982
-5952
-5645
-5400
-5076
-4397
-3445
-2617
-1548
-144
1034
2028
3217
4364
5239
5969
6620
6960
7173
7248
6904
6459
6052
5247
4375
3666
2869
1792
889
281
-500
-1171
-1667
-2204
-2582
-2709
-2830
-2766
-2581
-2344
-2056
-1502
-804
-303
262
947
1422
1713
1987
2027
1759
1326
829
112
-688
-1451
-2326
-3099
-3685
-4269
-4791
-5111
-5394
-5673
-5979
-5882
-5513
-5244
-4916
-4223
-3246
-2426
-1396
-32
1112
2024
3161
4288
5124
5805
6427
6746
6976
7073
6699
6214
5837
5073
4189
3544
2810
1743
845
301
-433
-1065
-1492
-1954
-2292
-2341
-2395
-2316
-2114
-1873
-1619
-1087
-406
66
594
1273
1712
1925
2166
2171
1868
1395
890
185
-636
-1464
-2374
-3181
-3797
-4444
-4962
-5250
-5538
-5823
-6088
-6100
-5767
-5411
-5038
-4428
-3420
-2500
-1551
-237
1036
1900
2918
4095
5016
5653
6240
6616
6774
6887
6670
6146
5678
5039
4128
3385
2711
1809
829
213
-377
-1014
-1482
-1855
-2195
-2286
-2293
-2216
-2037
-1799
-1540
-1082
-419
138
623
1272
1822
2073
2263
2314
2095
1609
1105
479
-349
-1214
-2102
-2946
-3636
-4310
-4870
-5256
-5572
-5859
-6108
-6294
-6108
-5750
-5363
-4874
-3963
-2980
-2139
-959
475
1467
2407
3659
4797
5536
6138
6684
6852
6946
6924
6506
5955
5435
4587
3749
3067
2312
1287
520
15
-604
-1151
-1548
-1953
-2194
-2253
-2289
-2199
-1999
-1750
-1432
-812
-147
309
892
1577
1990
2209
2317
2229
1795
1279
712
-119
-971
-1842
-2738
-3456
-4038
-4592
-5046
-5359
-5625
-5867
-6080
-5975
-5685
-5351
-4929
-4178
-3194
-2379
-1393
14
1139
2034
3267
4527
5387
5982
6612
6899
6986
7014
6668
6066
5572
4794
3878
3204
2507
1492
610
118
-437
-983
-1397
-1801
-2124
-2217
-2318
-2322
-2139
-1884
-1638
-1079
-344
128
637
1354
1874
2149
2307
2253
1876
1294
690
-133
-1017
-1918
-2865
-3657
-4224
-4749
-5192
-5470
-5718
-5951
-6138
-6081
-5737
-5385
-5001
-4336
-3334
-2449
-1507
-130
1127
1982
3123
4415
5343
5937
6553
6946
7082
7129
6837
6269
5771
5063
4041
3359
2724
1746
789
279
-245
-816
-1210
-1517
-1851
-1989
-2058
-2112
-1966
-1737
-1537
-1078
-343
131
556
1223
1784
2019
2219
2242
1937
1366
728
-46
-923
-1802
-2732
-3551
-4152
-4672
-5177
-5401
-5590
-5837
-6039
-6053
-5793
-5371
-4970
-4448
-3566
-2633
-1756
-539
864
1792
2699
3898
4972
5567
6116
6597
6798
6843
6716
6270
5780
5188
4226
3397
2839
2030
1029
431
10
-575
-1066
-1275
-1559
-1839
-1920
-1918
-1859
-1679
-1483
-1145
-496
93
465
1034
1701
2023
2183
2330
2178
1673
1029
318
-557
-1477
-2359
-3204
-3870
-4405
-4992
-5348
-5495
-5778
-6029
-6138
-6101
-5836
-5380
-4949
-4379
-3445
-2513
-1585
-180
1151
1976
3001
4318
5210
5744
6422
6851
6893
6948
6825
6300
5784
5119
4127
3356
2779
1853
902
465
32
-653
-1044
-1239
-1656
-1951
-1927
-1956
-1932
-1711
-1477
-1100
-400
118
496
1172
1800
2038
2210
2334
2034
1437
844
118
-889
-1752
-2586
-3405
-3980
-4472
-5005
-5261
-5457
-5761
-6019
-6098
-5955
-5665
-5215
-4770
-4067
-3109
-2221
-1090
394
1441
2317
3566
4780
5493
6160
6824
7007
7036
7078
6705
6118
5609
4711
3690
3038
2334
1233
487
191
-399
-1021
-1238
-1529
-1981
-2051
-2025
-2078
-1921
-1638
-1433
-865
-128
255
765
1516
1953
2082
2270
2205
1685
1048
444
-477
-1459
-2281
-3181
-3939
-4407
-4909
-5300
-5453
-5668
-5981
-6191
-6044
-5743
-5327
-4831
-4195
-3293
-2348
-1351
27
1255
2108
3180
4440
5374
5977
6644
6987
7029
7041
6813
6236
5725
4973
3926
3101
2497
1546
562
135
-247
-880
-1228
-1374
-1761
-1954
-1923
-1898
-1822
-1557
-1358
-1000
-294
230
608
1256
1788
1950
2070
2125
1779
1155
529
-239
-1163
-2025
-2877
-3731
-4279
-4764
-5208
-5418
-5552
-5815
-6072
-6081
-5756
-5290
-4797
-4214
-3317
-2326
-1450
-243
1128
2003
2844
4064
5126
5731
6319
6777
6854
6887
6799
6301
5760
5196
4220
3289
2737
1985
918
300
3
-554
-1032
-1149
-1409
-1695
-1727
-1705
-1648
-1459
-1261
-1066
-538
31
325
802
1398
1623
1658
1786
1618
1087
483
-196
-1041
-1886
-2713
-3557
-4177
-4635
-5165
-5501
-5618
-5863
-6108
-6198
-6083
-5692
-5160
-4672
-3975
-2909
-1971
-1082
333
1554
2244
3299
4637
5411
5913
6591
6902
6896
7014
6834
6233
5768
5107
4084
3392
2904
1891
918
588
184
-473
-763
-871
-1235
-1417
-1422
-1452
-1385
-1193
-1071
-777
-197
164
405
992
1489
1536
1612
1696
1336
747
157
-601
-1497
-2341
-3180
-3914
-4371
-4869
-5367
-5575
-5735
-6039
-6194
-6236
-6021
-5620
-5117
-4638
-3807
-2752
-1925
-827
641
1559
2330
3645
4792
5371
5958
6633
6749
6808
6895
6541
5967
5514
4674
3771
3281
2613
1515
872
638
70
-464
-603
-818
-1173
-1215
-1225
-1229
-1085
-919
-744
-263
288
518
871
1491
1748
1709
1793
1639
1074
448
-223
-1094
-2037
-2882
-3739
-4341
-4759
-5301
-5666
-5794
-6025
-6241
-6357
-6245
-5873
-5428
-4914
-4290
-3287
-2352
-1450
-87
1160
1878
2914
4174
5028
5525
6183
6601
6628
6730
6594
6096
5610
4969
4009
3331
2857
1996
1090
782
448
-153
-472
-607
-954
-1182
-1146
-1163
-1067
-894
-753
-427
180
587
812
1322
1786
1809
1792
1770
1332
664
18
-723
-1646
-2499
-3324
-4090
-4542
-4989
-5473
-5655
-5801
-6033
-6158
-6180
-5880
-5430
-4932
-4408
-3588
-2545
-1671
-588
853
1786
2544
3689
4771
5354
5822
6365
6513
6516
6515
6118
5576
5057
4217
3323
2809
2273
1327
725
571
108
-404
-549
-765
-1115
-1178
-1125
-1130
-961
-782
-620
-157
450
735
1056
1637
1901
1842
1850
1665
1066
366
-307
-1149
-2074
-2864
-3697
-4341
-4758
-5267
-5634
-5745
-5951
-6163
-6262
-6192
-5799
-5324
-4842
-4288
-3316
-2305
-1434
-147
1228
1994
2910
4141
5098
5580
6139
6590
6610
6672
6555
6003
5486
4897
3954
3184
2761
2079
1120
747
521
-62
-429
-526
-845
-1103
-1103
-1129
-1122
-932
-791
-579
-3
533
779
1278
1833
1937
1903
1884
1545
876
176
-584
-1534
-2429
-3257
-4097
-4626
-5104
-5616
-5861
-5936
-6170
-6331
-6409
-6196
-5721
-5224
-4749
-4034
-2937
-2021
-1051
437
1613
2332
3481
4722
5509
5996
6649
6922
6913
6965
6630
5969
5466
4683
3702
3084
2578
1725
916
661
262
-297
-537
-694
-1027
-1157
-1194
-1192
-1125
-929
-755
-363
291
752
1094
1717
2117
2132
2094
1919
1401
650
-118
-1021
-1994
-2902
-3833
-4591
-5070
-5611
-6021
-6149
-6255
-6487
-6584
-6600
-6240
-5696
-5189
-4690
-3739
-2629
-1775
-616
923
1819
2638
3956
5076
5661
6235
6835
6924
6983
6973
6452
5791
5288
4328
3444
2911
2278
1328
753
497
-3
-502
-669
-927
-1188
-1251
-1275
-1223
-1076
-852
-610
-56
600
996
1432
2108
2371
2389
2353
2114
1483
750
-58
-998
-1954
-2905
-3871
-4518
-5031
-5606
-5928
-6016
-6219
-6458
-6482
-6466
-6110
-5568
-5068
-4568
-3555
-2525
-1683
-397
1079
1822
2764
4139
5145
5638
6299
6796
6804
6910
6842
6272
5688
5134
4119
3332
2832
2081
1161
745
406
-148
-553
-777
-1130
-1321
-1417
-1508
-1409
-1177
-1010
-697
-4
561
880
1460
2124
2304
2379
2407
2135
1537
889
61
-875
-1819
-2816
-3747
-4332
-4905
-5533
-5872
-6037
-6343
-6582
-6558
-6697
-6451
-5886
-5382
-4969
-4017
-2971
-2161
-852
716
1512
2508
3977
5061
5641
6409
6981
6975
7165
7206
6683
6083
5646
4692
3851
3382
2663
1719
1261
911
287
-186
-511
-996
-1315
-1473
-1676
-1660
-1423
-1284
-1016
-301
287
595
1180
1872
2098
2192
2309
2100
1571
987
203
-704
-1618
-2530
-3440
-4063
-4590
-5265
-5745
-5978
-6280
-6624
-6648
-6893
-6803
-6238
-5692
-5336
-4522
-3359
-2546
-1357
381
1368
2258
3793
5062
5764
6501
7204
7218
7357
7529
7047
6290
5960
5134
4132
3666
3075
2079
1451
1219
592
-53
-385
-899
-1408
-1548
-1745
-1886
-1676
-1438
-1250
-622
102
420
837
1566
1883
1890
2025
1903
1334
744
65
-845
-1746
-2521
-3395
-4118
-4557
-5179
-5761
-5996
-6180
-6583
-6664
-6859
-6884
-6346
-5749
-5359
-4676
-3439
-2538
-1509
264
1472
2249
3735
5135
5948
6590
7345
7451
7498
7698
7297
6491
6129
5424
4360
3855
3334
2374
1601
1404
844
93
-269
-758
-1357
-1510
-1716
-1947
-1781
-1480
-1329
-801
-32
292
591
1294
1692
1689
1803
1748
1201
628
32
-866
-1739
-2453
-3325
-4112
-4548
-5139
-5734
-5968
-6071
-6467
-6598
-6761
-6867
-6377
-5770
-5385
-4770
-3551
-2583
-1668
54
1444
2222
3603
5050
5929
6545
7300
7472
7480
7668
7328
6558
6173
5536
4429
3878
3402
2505
1668
1416
930
141
-242
-744
-1341
-1506
-1766
-2071
-1904
-1563
-1450
-997
-199
180
474
1193
1701
1778
1924
1937
1482
1010
472
-394
-1227
-1920
-2835
-3699
-4146
-4786
-5471
-5744
-5867
-6348
-6622
-6784
-7083
-6766
-6148
-5804
-5383
-4196
-3129
-2312
-686
1000
1828
3076
4648
5688
6265
7085
7451
7407
7624
7463
6723
6269
5841
4740
4050
3640
2874
1882
1524
1134
260
-267
-743
-1383
-1689
-1919
-2266
-2227
-1847
-1686
-1364
-567
6
334
1040
1762
1940
2064
2200
1896
1427
970
193
-644
-1376
-2234
-3172
-3711
-4300
-5112
-5536
-5698
-6182
-6676
-6812
-7185
-7057
-6450
-6035
-5765
-4675
-3444
-2623
-1136
808
1748
2830
4511
5770
6336
7092
7696
7607
7764
7731
7028
6389
6078
5043
4182
3739
3020
1893
1355
1024
130
-545
-1008
-1646
-2102
-2237
-2531
-2601
-2241
-2000
-1725
-981
-252
114
781
1640
1939
2026
2235
2059
1550
1126
424
-418
-1196
-1983
-2918
-3576
-4107
-4923
-5470
-5685
-6084
-6669
-6783
-7107
-7091
-6506
-6018
-5771
-4830
-3484
-2593
-1277
733
1850
2798
4468
5861
6530
7185
7911
7871
7971
8009
7367
6607
6320
5405
4413
3954
3239
2067
1356
1012
150
-612
-1116
-1766
-2313
-2424
-2700
-2853
-2566
-2307
-2070
-1379
-584
-176
466
1391
1836
1966
2197
2092
1611
1197
540
-327
-1126
-1878
-2801
-3547
-4068
-4842
-5452
-5708
-6047
-6650
-6809
-7061
-7225
-6724
-6156
-5890
-5165
-3790
-2717
-1578
351
1797
2696
4251
5764
6630
7217
7971
8085
8105
8225
7719
6857
6507
5820
4730
4212
3650
2549
1685
1333
603
-246
-784
-1418
-2078
-2274
-2541
-2865
-2729
-2431
-2279
-1755
-887
-355
167
1121
1791
2019
2249
2291
1877
1439
871
-25
-886
-1620
-2531
-3420
-3936
-4630
-5370
-5719
-5962
-6563
-6971
-7129
-7564
-7446
-6854
-6483
-6136
-4951
-3634
-2592
-964
985
2074
3365
5072
6323
6995
7735
8222
8162
8333
8170
7368
6733
6396
5362
4542
4177
3388
2356
1842
1391
503
-189
-764
-1526
-2026
-2258
-2736
-2922
-2606
-2413
-2164
-1359
-520
-35
778
1721
2160
2365
2572
2379
1891
1412
591
-361
-1126
-1981
-3038
-3706
-4253
-5101
-5680
-5929
-6360
-7016
-7220
-7615
-7970
-7554
-7003
-6759
-5987
-4563
-3370
-2152
-61
1613
2620
4297
5910
6902
7546
8321
8456
8446
8548
8058
7160
6762
6110
4909
4336
3826
2825
1934
1555
863
-20
-624
-1314
-2053
-2383
-2744
-3204
-3051
-2718
-2587
-2050
-1051
-362
241
1293
2044
2304
2555
2670
2289
1835
1234
257
-570
-1294
-2309
-3278
-3787
-4542
-5379
-5781
-6065
-6694
-7175
-7323
-7838
-7817
-7192
-6786
-6372
-5165
-3732
-2627
-1068
1102
2297
3499
5291
6627
7370
8034
8604
8527
8582
8473
7734
6973
6618
5587
4496
4010
3227
2093
1388
922
8
-816
-1404
-2156
-2749
-3004
-3407
-3587
-3198
-2924
-2653
-1824
-854
-281
562
1648
2137
2367
2669
2655
2223
1802
1068
114
-601
-1395
-2449
-3270
-3839
-4747
-5463
-5793
-6194
-6865
-7153
-7361
-7741
-7369
-6720
-6326
-5663
-4285
-2952
-1803
-23
1890
2878
4304
5936
7041
7656
8300
8647
8509
8564
8255
7465
6853
6346
5152
4257
3670
2675
1571
952
309
-683
-1400
-2012
-2752
-3187
-3401
-3746
-3663
-3184
-2901
-2428
-1464
-612
-41
966
1914
2280
2583
2868
2745
2362
1904
1071
180
-560
-1495
-2570
-3336
-4036
-5017
-5659
-6010
-6516
-7119
-7352
-7585
-7848
-7358
-6717
-6298
-5537
-4186
-2923
-1717
132
1932
2977
4552
6135
7200
7818
8507
8765
8642
8692
8295
7517
6915
6318
5131
4301
3638
2589
1499
868
155
-823
-1509
-2166
-2897
-3252
-3493
-3823
-3694
-3209
-2931
-2377
-1346
-545
65
1106
2025
2451
2786
3049
2926
2536
2023
1136
263
-570
-1643
-2770
-3554
-4332
-5335
-5943
-6294
-6811
-7364
-7546
-7742
-7979
-7428
-6757
-6309
-5501
-4150
-2886
-1622
313
2147
3243
4927
6593
7633
8306
9046
9260
9129
9137
8670
7804
7094
6413
5169
4285
3571
2448
1283
629
-113
-1124
-1844
-2535
-3275
-3600
-3872
-4185
-4067
-3594
-3317
-2692
-1574
-787
-96
979
1972
2482
2840
3122
3019
2638
2122
1232
370
-504
-1639
-2777
-3596
-4416
-5417
-5981
-6340
-6858
-7361
-7494
-7660
-7891
-7336
-6651
-6168
-5355
-4006
-2688
-1361
557
2407
3531
5195
6855
7894
8624
9334
9560
9434
9401
8938
8010
7208
6473
5167
4187
3391
2208
961
246
-524
-1580
-2356
-3041
-3751
-4065
-4303
-4548
-4402
-3911
-3582
-2898
-1771
-932
-165
914
1996
2559
2950
3277
3239
2883
2383
1522
623
-272
-1386
-2564
-3481
-4328
-5350
-5962
-6351
-6844
-7344
-7454
-7543
-7792
-7306
-6571
-6060
-5299
-3939
-2552
-1237
615
2523
3653
5211
6867
7955
8680
9388
9664
9518
9488
9075
8129
7310
6578
5191
4111
3292
2069
768
19
-762
-1866
-2653
-3267
-3951
-4270
-4432
-4655
-4466
-3944
-3582
-2911
-1790
-883
-133
983
2115
2674
3095
3471
3457
3097
2592
1704
739
-161
-1301
-2554
-3463
-4319
-5400
-6040
-6418
-6914
-7426
-7500
-7602
-7910
-7455
-6716
-6227
-5483
-4096
-2713
-1393
507
2474
3665
5259
6952
8078
8797
9538
9819
9653
9646
9202
8248
7434
6676
5210
4103
3281
2020
721
-46
-876
-2022
-2795
-3399
-4095
-4443
-4584
-4814
-4613
-4088
-3692
-3013
-1848
-873
-119
1074
2205
2779
3220
3596
3556
3162
2620
1685
673
-261
-1457
-2734
-3591
-4447
-5503
-6120
-6467
-6933
-7379
-7447
-7600
-7893
-7397
-6670
-6170
-5377
-3954
-2566
-1211
774
2787
4077
5723
7411
8552
9248
9945
10190
9987
9924
9360
8349
7463
6596
5068
3935
3048
1747
445
-386
-1280
-2412
-3169
-3811
-4513
-4858
-4995
-5178
-4945
-4402
-3950
-3212
-1977
-923
-98
1125
2235
2854
3334
3671
3626
3255
2693
1751
749
-196
-1413
-2675
-3541
-4395
-5425
-6036
-6400
-6834
-7245
-7360
-7519
-7758
-7239
-6520
-5987
-5137
-3703
-2319
-938
1036
3033
4329
5930
7568
8690
9348
9981
10226
9992
9872
9266
8240
7315
6397
4897
3714
2755
1438
112
-784
-1678
-2740
-3483
-4123
-4770
-5071
-5172
-5260
-4969
-4387
-3899
-3145
-1898
-813
44
1210
2306
2942
3412
3705
3678
3352
2779
1847
871
-68
-1285
-2535
-3460
-4322
-5387
-6042
-6447
-6883
-7319
-7457
-7593
-7756
-7191
-6484
-5897
-4971
-3512
-2169
-744
1189
3072
4301
5887
7449
8478
9125
9767
9976
9772
9682
9078
8101
7262
6327
4864
3732
2725
1343
25
-866
-1796
-2837
-3571
-4241
-4853
-5068
-5174
-5192
-4785
-4166
-3692
-2855
-1605
-590
279
1463
2506
3101
3585
3859
3817
3529
2942
1996
1108
178
-1067
-2290
-3184
-4137
-5292
-5946
-6391
-6917
-7410
-7533
-7770
-7826
-7186
-6509
-5911
-4884
-3398
-2108
-618
1347
3001
4179
5822
7274
8207
8847
9543
9635
9530
9456
8776
7811
7055
6025
4588
3538
2414
986
-293
-1126
-2147
-3186
-3936
-4622
-5145
-5300
-5413
-5299
-4756
-4145
-3590
-2591
-1359
-432
493
1742
2682
3241
3701
3926
3831
3515
2856
1955
1135
163
-1057
-2189
-3024
-4134
-5186
-5770
-6236
-6836
-7249
-7417
-7733
-7493
-6755
-6160
-5561
-4277
-2829
-1613
42
2043
3328
4612
6315
7641
8368
9079
9655
9576
9577
9338
8407
7473
6773
5485
4115
3124
1906
393
-680
-1493
-2632
-3616
-4310
-4988
-5354
-5456
-5527
-5268
-4600
-4030
-3356
-2195
-1041
-259
799
2032
2739
3207
3591
3687
3475
3107
2346
1487
686
-291
-1491
-2444
-3308
-4460
-5300
-5804
-6313
-6914
-7189
-7491
-7553
-6947
-6268
-5801
-4844
-3331
-2105
-764
1185
2829
3890
5481
7060
8018
8607
9322
9519
9453
9366
8735
7725
6998
6033
4583
3510
2467
1045
-274
-1069
-2068
-3167
-3971
-4637
-5163
-5313
-5408
-5366
-4857
-4213
-3650
-2724
-1536
-677
168
1345
2242
2711
3119
3338
3214
2923
2403
1580
780
-43
-1063
-2062
-2863
-3842
-4803
-5425
-5896
-6472
-6858
-7131
-7354
-6925
-6247
-5795
-5063
-3664
-2334
-1152
590
2385
3483
4876
6528
7669
8304
8968
9355
9397
9398
8989
8113
7350
6561
5201
4055
3076
1719
313
-622
-1559
-2677
-3580
-4324
-4926
-5161
-5292
-5389
-5057
-4447
-3914
-3113
-2008
-1115
-303
798
1770
2361
2814
3133
3120
2915
2514
1831
1062
277
-682
-1658
-2452
-3354
-4336
-5051
-5569
-6195
-6674
-6945
-7317
-7147
-6513
-6088
-5592
-4413
-3044
-1929
-392
1471
2672
3924
5600
6932
7688
8409
8959
9101
9278
9108
8347
7591
6966
5748
4512
3599
2340
865
-180
-1018
-2115
-3062
-3804
-4449
-4740
-4868
-5020
-4863
-4308
-3796
-3140
-2120
-1221
-494
511
1565
2223
2673
3052
3140
2975
2631
2018
1267
501
-447
-1512
-2344
-3170
-4185
-4942
-5425
-6015
-6584
-6821
-7170
-7165
-6537
-6034
-5657
-4697
-3337
-2257
-891
994
2322
3418
5028
6491
7322
8072
8765
8937
9148
9149
8501
7697
7118
6077
4766
3837
2680
1179
29
-758
-1811
-2811
-3537
-4198
-4593
-4735
-4887
-4857
-4415
-3892
-3351
-2438
-1494
-790
105
1208
1965
2398
2808
2995
2887
2593
2045
1342
614
-269
-1334
-2231
-3010
-4006
-4799
-5271
-5761
-6361
-6617
-6919
-6933
-6342
-5795
-5409
-4560
-3279
-2233
-995
819
2190
3180
4685
6125
6967
7685
8436
8637
8846
8906
8384
7617
7045
6143
4893
3995
2909
1457
314
-470
-1474
-2459
-3167
-3821
-4279
-4451
-4621
-4648
-4316
-3874
-3416
-2606
-1727
-1056
-226
797
1534
1976
2387
2586
2524
2297
1792
1130
481
-335
-1313
-2176
-2935
-3864
-4622
-5104
-5538
-6100
-6340
-6655
-6675
-6086
-5586
-5242
-4447
-3199
-2201
-1083
636
1986
2894
4344
5730
6597
7322
8082
8334
8600
8736
8306
7617
7115
6285
5081
4238
3195
1820
681
-140
-1133
-2128
-2872
-3562
-4066
-4262
-4488
-4574
-4280
-3927
-3536
-2752
-1895
-1243
-420
600
1318
1817
2284
2517
2486
2323
1905
1264
680
-75
-1008
-1809
-2548
-3474
-4237
-4733
-5228
-5829
-6109
-6484
-6611
-6049
-5586
-5348
-4664
-3412
-2416
-1389
268
1609
2461
3878
5264
6158
6914
7705
8022
8330
8558
8223
7562
7117
6356
5149
4293
3275
1972
815
-16
-978
-1999
-2755
-3449
-3971
-4168
-4393
-4532
-4252
-3896
-3553
-2819
-1955
-1309
-544
496
1227
1740
2192
2445
2408
2227
1857
1215
600
-133
-1054
-1844
-2557
-3468
-4244
-4729
-5221
-5793
-6092
-6468
-6530
-5957
-5473
-5215
-4501
-3253
-2248
-1178
451
1716
2594
3978
5323
6167
6915
7662
7999
8321
8519
8177
7535
7104
6308
5140
4284
3237
1962
848
17
-921
-1920
-2643
-3324
-3806
-3998
-4228
-4357
-4061
-3695
-3361
-2672
-1853
-1227
-492
511
1211
1692
2092
2298
2254
2056
1672
1033
373
-367
-1291
-2098
-2787
-3653
-4418
-4898
-5384
-5900
-6185
-6532
-6443
-5874
-5451
-5115
-4291
-3068
-2096
-936
687
1848
2809
4191
5496
6285
7007
7658
7944
8234
8337
7895
7248
6805
5900
4796
4003
2963
1711
693
-72
-1012
-1935
-2587
-3247
-3649
-3854
-4116
-4189
-3854
-3522
-3174
-2473
-1736
-1171
-391
570
1219
1686
2049
2185
2149
1946
1515
913
246
-518
-1457
-2221
-2863
-3681
-4391
-4787
-5244
-5730
-5990
-6287
-6129
-5656
-5346
-5003
-4136
-2994
-2139
-949
680
1773
2796
4224
5554
6341
7096
7768
8033
8298
8328
7834
7193
6753
5776
4698
3948
2949
1702
720
42
-891
-1816
-2506
-3123
-3515
-3832
-4135
-4254
-3955
-3651
-3341
-2653
-1951
-1392
-583
410
1068
1574
1957
2134
2114
1887
1440
883
201
-573
-1445
-2156
-2788
-3597
-4157
-4495
-4975
-5359
-5679
-6012
-5820
-5458
-5226
-4957
-4082
-3064
-2286
-1064
529
1535
2584
4050
5349
6105
6898
7574
7828
8155
8145
7582
7006
6554
5557
4560
3805
2813
1635
754
106
-708
-1540
-2252
-2871
-3226
-3519
-3925
-4084
-3769
-3553
-3265
-2545
-1875
-1331
-470
508
1059
1570
2005
2100
2003
1756
1215
553
-113
-914
-1693
-2398
-3022
-3785
-4235
-4527
-4992
-5285
-5582
-5890
-5709
-5235
-4950
-4727
-3794
-2767
-1947
-594
903
1826
2895
4317
5510
6182
6894
7457
7610
7981
7915
7226
6681
6242
5199
4270
3588
2551
1491
722
72
-604
-1432
-2077
-2636
-3051
-3323
-3744
-3832
-3589
-3466
-3120
-2391
-1766
-1224
-381
511
1044
1369
1791
1956
1792
1487
889
254
-459
-1218
-1912
-2611
-3209
-3802
-4310
-4630
-4946
-5304
-5610
-5848
-5622
-5103
-4798
-4559
-3619
-2586
-1680
-299
1158
2129
3080
4474
5691
6264
6914
7368
7585
7789
7619
7078
6413
5943
4980
4090
3470
2547
1546
821
322
-397
-1359
-1935
-2370
-2882
-3301
-3572
-3639
-3557
-3372
-3018
-2325
-1676
-1123
-287
482
1060
1280
1571
1922
1790
1460
904
242
-450
-1266
-1981
-2575
-3269
-3804
-4250
-4762
-5100
-5343
-5834
-6083
-5769
-5372
-5041
-4775
-4079
-2916
-1998
-768
902
1837
2834
4201
5313
6221
6858
7258
7664
7828
7663
7330
6726
6233
5390
4562
4070
3157
2112
1298
855
-6
-991
-1642
-2184
-2732
-3127
-3406
-3663
-3595
-3509
-3049
-2569
-1949
-1284
-546
205
784
1147
1450
1731
1830
1502
1013
447
-244
-1036
-1970
-2407
-3090
-3891
-4104
-4513
-5085
-5450
-5667
-5993
-5937
-5366
-5253
-5053
-4207
-3291
-2304
-1051
407
1506
2606
3716
4953
5930
6508
7139
7428
7628
7654
7404
6796
6497
5835
4971
4469
3542
2427
1562
888
120
-801
-1572
-2005
-2567
-3050
-3492
-3640
-3479
-3508
-3249
-2500
-2002
-1644
-761
-47
576
1127
1390
1694
1626
1290
1101
544
-340
-890
-1762
-2504
-2989
-3691
-4034
-4326
-4601
-5016
-5430
-5631
-5550
-5295
-5066
-4814
-4355
-3213
-2256
-1433
125
1343
2163
3458
4752
5670
6216
6703
7132
7367
7434
7251
6660
6354
5996
5078
4460
3653
2522
1600
1066
240
-654
-1255
-1887
-2477
-2823
-3255
-3614
-3568
-3393
-3010
-2573
-2095
-1565
-949
-208
441
961
1366
1475
1466
1359
978
440
-301
-919
-1704
-2447
-2974
-3574
-3830
-4131
-4361
-4752
-5006
-5392
-5546
-4984
-4904
-4652
-4182
-3386
-2415
-1636
-259
1098
1962
3256
4494
5497
6255
6718
7024
7417
7446
7179
6966
6346
5983
4952
4173
3613
2517
1708
1024
251
-517
-1128
-1941
-2379
-2646
-3138
-3418
-3333
-3317
-3110
-2702
-2225
-1711
-1213
-286
362
796
1093
1493
1737
1463
1186
641
248
-465
-1351
-1929
-2593
-3261
-3927
-4000
-4259
-4767
-5081
-5502
-5716
-5569
-5277
-5040
-4711
-4069
-3171
-2276
-1041
493
1448
2745
3970
5071
6190
6605
7041
7377
7496
7434
7261
6688
6111
5380
4614
3936
3198
2644
1661
841
478
-506
-1344
-1987
-2428
-2658
-3191
-3485
-3458
-3425
-3253
-2726
-2307
-1657
-904
-167
366
953
1432
1516
1587
1299
1109
595
-115
-758
-1606
-1949
-2792
-3655
-3849
-4205
-4456
-4883
-5224
-5657
-5973
-5705
-5438
-5334
-4777
-4009
-3087
-1719
-300
987
2105
3473
4722
5861
6553
6986
7354
7756
7665
7340
6976
6470
6022
5037
4497
4141
3254
2568
1870
978
199
-729
-1445
-2147
-2776
-3274
-3681
-3992
-4110
-3734
-3366
-2979
-2257
-1639
-945
-94
463
1016
1321
1446
1592
1114
570
217
-329
-1063
-1781
-2443
-2927
-3537
-3914
-3931
-4396
-4752
-5211
-5692
-5833
-5650
-5448
-5215
-4507
-3528
-2408
-1177
260
1487
2778
3948
5303
6377
6699
7315
7770
7844
7668
7215
6733
6222
5709
5099
4329
3702
3124
2128
1254
615
-308
-1145
-1786
-2449
-3044
-3512
-4032
-4059
-3948
-3723
-3275
-2640
-1796
-1184
-445
141
593
1134
1388
1529
1327
830
561
98
-690
-1299
-1948
-2388
-3010
-3534
-3722
-4029
-4570
-5158
-5447
-5942
-5904
-5544
-5328
-5088
-3993
-2875
-2050
-796
640
1897
2918
4329
5564
6405
6902
7381
7700
7690
7617
7022
6483
6284
5505
4636
4107
3279
2366
1555
710
-59
-694
-1495
-2057
-2536
-3047
-3426
-3747
-3526
-3470
-3438
-2706
-1894
-1499
-700
123
539
963
1149
1502
1571
1278
996
393
-217
-764
-1474
-1993
-2390
-3085
-3689
-4037
-4519
-4972
-5390
-5691
-6040
-6007
-5550
-5354
-4841
-3646
-2754
-1991
-595
780
1984
3220
4512
5874
6385
6927
7449
7412
7517
7354
6852
6277
5919
5102
4268
3955
3076
1967
1466
834
-225
-730
-1533
-2141
-2509
-3246
-3451
-3515
-3599
-3454
-3148
-2734
-1893
-1244
-475
349
765
1102
1385
1663
1687
1525
937
285
-133
-658
-1349
-2046
-2407
-3177
-3885
-4236
-4650
-4975
-5359
-5727
-5958
-5779
-5466
-5019
-4423
-3650
-2603
-1606
-327
1137
2385
3634
5053
6064
6549
7073
7311
7460
7490
7049
6591
6141
5514
4888
4255
3662
2940
2078
1368
598
-327
-979
-1702
-2455
-2984
-3474
-3813
-3953
-3839
-3725
-3502
-2717
-1989
-1450
-521
190
608
1162
1493
1753
1662
1417
987
417
0
-765
-1374
-2067
-2790
-3293
-3881
-4249
-4778
-5146
-5388
-5753
-5752
-5572
-5238
-4753
-4179
-3432
-2301
-1323
-22
1667
2691
3905
5182
6142
6831
7223
7598
7735
7583
7324
6682
6228
5651
4994
4294
3468
2870
1879
1000
329
-455
-1207
-2027
-2691
-3148
-3809
-4088
-4023
-4038
-3963
-3339
-2709
-2135
-1330
-506
269
1059
1584
1775
2114
1950
1658
1336
587
83
-668
-1647
-2289
-2999
-3796
-4152
-4771
-5343
-5569
-5977
-6082
-6072
-6082
-5659
-4996
-4615
-3636
-2451
-1336
-52
1562
2830
3888
5432
6565
7230
7838
8290
8455
8399
7870
7494
6884
5910
5220
4485
3575
2546
1577
754
96
-779
-1616
-2289
-3039
-3543
-4004
-4338
-4409
-4149
-3923
-3416
-2634
-1953
-1204
-177
872
1541
2140
2447
2605
2547
2256
1689
1027
464
-404
-1422
-2358
-3099
-4124
-4671
-5060
-5756
-6059
-6376
-6571
-6781
-6643
-6267
-5782
-5144
-4273
-3013
-1866
-550
1056
2664
3976
5231
6715
7624
8096
8709
8801
8743
8360
7758
6968
6222
5393
4368
3500
2490
1539
512
-133
-1037
-2025
-2623
-3409
-3959
-4330
-4644
-4736
-4225
-3691
-3319
-2484
-1626
-654
257
1307
2271
2800
3134
3316
3332
2963
2319
1634
1044
66
-1102
-2123
-3072
-3968
-4860
-5448
-5976
-6340
-6706
-6899
-6970
-7202
-6670
-6042
-5610
-4718
-3548
-2332
-982
800
2408
3697
5242
6742
7775
8351
8860
9124
8926
8598
8098
7231
6436
5615
4501
3505
2583
1531
394
-524
-1284
-2283
-3128
-3758
-4353
-4785
-5006
-5042
-4625
-3950
-3609
-2799
-1832
-944
144
1248
2247
2993
3557
3709
3760
3642
2938
2162
1467
451
-617
-1890
-2760
-3636
-4769
-5395
-6033
-6361
-6679
-6929
-6899
-7033
-6863
-6310
-5563
-4938
-3927
-2601
-1295
279
2026
3457
4888
6457
7722
8496
8925
9259
9192
8942
8540
7802
6766
6001
4894
3709
2783
1694
454
-637
-1424
-2359
-3184
-3842
-4481
-4837
-5036
-5102
-4918
-4488
-3841
-3470
-2606
-1444
-621
481
1807
2614
3189
3711
3829
3791
3416
2725
1800
917
-47
-1333
-2302
-3241
-4281
-5035
-5643
-6046
-6452
-6651
-6632
-6778
-6900
-6390
-5600
-5079
-4146
-2908
-1584
-193
1418
3205
4520
5876
7305
8333
8805
9142
9224
9070
8732
8125
7101
6183
5259
3904
2812
1774
539
-680
-1686
-2335
-3204
-3881
-4280
-4744
-4808
-4751
-4795
-4396
-3804
-3398
-2531
-1601
-615
424
1611
2583
3186
3765
3972
4050
3812
3196
2280
1254
394
-826
-2125
-3164
-4101
-5100
-5739
-6247
-6657
-6959
-7036
-7025
-7267
-6828
-6171
-5440
-4579
-3550
-2060
-657
697
2567
4182
5257
6647
7860
8622
8933
9129
9071
8759
8213
7443
6349
5353
4439
2979
1902
909
-415
-1489
-2196
-2906
-3624
-3992
-4433
-4626
-4462
-4460
-4228
-3720
-2892
-2333
-1457
-313
629
1613
2613
3345
3775
4183
4231
4036
3570
2747
1676
762
-214
-1680
-2836
-3815
-4806
-5674
-6292
-6739
-7023
-7297
-7409
-7236
-7167
-6680
-5894
-4994
-4073
-2818
-1363
28
1575
3306
4641
5795
7081
8145
8663
8839
9053
8673
8248
7656
6665
5551
4681
3612
2241
1300
172
-825
-1772
-2504
-3119
-3726
-4130
-4536
-4524
-4419
-4204
-3802
-3112
-2316
-1592
-667
364
1283
2221
3004
3465
3982
4176
3986
3716
3151
2243
1210
329
-725
-2032
-3154
-4137
-5028
-5782
-6310
-6772
-7015
-7177
-7100
-6895
-6817
-6136
-5307
-4360
-3374
-2174
-710
599
2102
3694
4884
6080
7178
8073
8474
8525
8507
8137
7632
6852
5893
4835
3931
2871
1700
794
-110
-1102
-1880
-2600
-3153
-3718
-4235
-4374
-4371
-4126
-3818
-3423
-2638
-1873
-1284
-306
737
1466
2231
2997
3490
3770
3897
3774
3401
2731
1887
933
-2
-1010
-2266
-3308
-4187
-5085
-5796
-6278
-6618
-6816
-6826
-6620
-6623
-6350
-5552
-4684
-3838
-2863
-1456
-265
1048
2654
4106
5162
6330
7367
8030
8269
8247
8179
7718
7035
6265
5128
4165
3313
2052
1084
350
-645
-1561
-2133
-2732
-3376
-3835
-4098
-4147
-3990
-3783
-3423
-2826
-2116
-1548
-678
309
1090
1718
2619
3246
3605
3944
3800
3626
3242
2449
1421
545
-381
-1559
-2708
-3704
-4539
-5526
-6121
-6396
-6730
-6779
-6738
-6594
-6517
-6026
-5245
-4443
-3509
-2405
-1066
190
1638
3334
4563
5579
6745
7646
8078
8210
8321
7837
7354
6687
5640
4526
3663
2596
1383
625
-226
-1145
-1898
-2374
-2904
-3461
-3789
-3785
-3886
-3699
-3328
-3024
-2427
-1738
-1068
-141
564
1339
2132
2803
3482
3711
3863
3784
3506
2984
2049
1121
264
-856
-1967
-3118
-3989
-4860
-5665
-6059
-6402
-6526
-6609
-6649
-6460
-6252
-5832
-5046
-4154
-3240
-2224
-781
652
1928
3589
4736
5665
6786
7594
7911
8034
8017
7561
7039
6346
5387
4320
3405
2483
1356
471
-246
-1184
-1940
-2350
-2921
-3357
-3518
-3721
-3654
-3328
-3177
-2853
-2162
-1481
-811
-170
668
1482
2130
2856
3369
3593
3700
3607
3206
2607
1777
829
-148
-1210
-2353
-3385
-4153
-4946
-5588
-5894
-6181
-6387
-6464
-6409
-6266
-6112
-5458
-4675
-3896
-3023
-1851
-448
798
2142
3642
4659
5567
6605
7306
7511
7646
7567
7123
6724
5965
5021
4189
3395
2312
1369
603
-203
-1121
-1842
-2172
-2786
-3173
-3305
-3493
-3394
-3158
-2962
-2553
-1772
-1242
-648
192
963
1665
2359
2983
3337
3539
3558
3313
2878
2276
1334
430
-502
-1693
-2674
-3561
-4388
-5069
-5641
-6005
-6245
-6408
-6519
-6383
-6299
-5898
-5181
-4413
-3617
-2676
-1335
-145
1110
2654
3881
4693
5740
6728
7185
7262
7383
7174
6772
6298
5462
4585
3896
2990
1814
1178
338
-559
-1244
-1790
-2217
-2704
-2916
-3184
-3232
-3018
-2834
-2628
-1997
-1317
-805
-41
807
1552
2170
2841
3326
3500
3631
3495
3167
2672
1827
919
-38
-1030
-2131
-3075
-3978
-4745
-5460
-5961
-6195
-6410
-6638
-6541
-6410
-6366
-5675
-4925
-4153
-3345
-2166
-988
188
1667
3062
4016
4996
6162
6893
7057
7272
7193
6889
6539
5824
5043
4151
3458
2373
1370
802
-72
-830
-1354
-1750
-2251
-2579
-2792
-3057
-2972
-2816
-2733
-2450
-1756
-1232
-630
259
1001
1678
2402
2971
3306
3551
3624
3447
3065
2464
1488
633
-159
-1246
-2285
-3121
-3974
-4813
-5396
-5705
-6060
-6398
-6383
-6400
-6417
-6188
-5489
-4724
-4009
-3148
-2011
-794
416
1864
3205
4142
5212
6302
6870
7048
7230
7121
6772
6378
5645
4803
3991
3123
2132
1274
639
-160
-905
-1329
-1738
-2230
-2511
-2751
-2986
-2787
-2776
-2732
-2252
-1693
-1193
-506
294
952
1734
2326
2854
3272
3471
3472
3248
2758
2025
1187
389
-412
-1536
-2491
-3326
-4127
-4908
-5386
-5744
-6225
-6332
-6397
-6452
-6373
-5944
-5195
-4459
-3798
-2718
-1533
-427
981
2456
3504
4504
5693
6555
6885
7137
7280
6968
6640
6207
5339
4482
3816
2848
1961
1296
506
-302
-911
-1334
-1864
-2311
-2620
-2852
-2884
-2841
-2867
-2642
-2043
-1610
-1128
-272
513
1053
1855
2525
2961
3356
3454
3350
2973
2419
1693
875
131
-870
-2016
-2904
-3680
-4516
-5224
-5706
-6140
-6435
-6583
-6606
-6608
-6340
-5668
-4971
-4335
-3342
-2146
-1055
282
1815
2997
3987
5161
6188
6759
7042
7306
7148
6823
6449
5702
4853
4187
3349
2415
1766
1028
210
-480
-914
-1435
-2063
-2311
-2592
-2789
-2701
-2727
-2659
-2163
-1685
-1293
-478
391
951
1654
2488
3009
3353
3573
3556
3236
2811
2080
1205
499
-509
-1702
-2657
-3500
-4365
-5140
-5719
-6164
-6558
-6762
-6810
-6877
-6737
-6183
-5535
-4915
-4095
-2925
-1735
-577
922
2358
3341
4445
5620
6524
6895
7231
7332
7048
6786
6166
5322
4670
3964
2961
2239
1644
813
85
-405
-887
-1577
-1998
-2272
-2624
-2681
-2663
-2720
-2443
-1980
-1620
-916
-41
601
1278
2143
2798
3175
3476
3621
3424
3106
2473
1564
788
-50
-1208
-2285
-3141
-4013
-4854
-5492
-5904
-6382
-6737
-6861
-6922
-7001
-6628
-5949
-5406
-4729
-3677
-2443
-1314
-17
1600
2751
3732
4991
6146
6690
7050
7434
7307
7075
6683
5958
5193
4587
3723
2785
2177
1444
654
27
-480
-1101
-1701
-2047
-2429
-2732
-2707
-2766
-2726
-2287
-1914
-1411
-603
137
784
1606
2393
2886
3229
3495
3480
3226
2718
1928
1074
320
-675
-1817
-2754
-3559
-4425
-5156
-5572
-6047
-6463
-6724
-6835
-7013
-6781
-6134
-5610
-5017
-4093
-2919
-1774
-554
1050
2314
3300
4580
5768
6494
6842
7269
7383
7232
6887
6325
5580
4939
4207
3206
2531
1820
965
248
-355
-949
-1587
-2050
-2418
-2804
-2908
-2955
-2958
-2537
-2134
-1780
-1040
-258
367
1115
1956
2595
2961
3280
3416
3270
2888
2193
1422
700
-223
-1339
-2342
-3128
-4004
-4786
-5305
-5823
-6204
-6520
-6750
-6970
-6821
-6277
-5745
-5188
-4415
-3309
-2208
-1025
579
1898
2916
4224
5466
6310
6674
7109
7304
7255
7008
6491
5820
5225
4539
3543
2849
2166
1271
480
-125
-735
-1372
-1880
-2287
-2627
-2816
-2930
-2909
-2509
-2108
-1811
-1160
-389
271
965
1744
2447
2825
3099
3271
3194
2916
2280
1532
848
-26
-1155
-2182
-2973
-3855
-4699
-5275
-5779
-6188
-6529
-6773
-7003
-7006
-6559
-6027
-5531
-4837
-3762
-2697
-1554
60
1488
2534
3835
5180
6161
6619
7142
7381
7389
7281
6832
6194
5650
5029
4022
3284
2643
1734
855
250
-405
-1082
-1648
-2153
-2511
-2726
-2928
-2957
-2624
-2259
-1977
-1437
-656
93
782
1537
2244
2687
2978
3124
3100
2927
2360
1605
951
146
-968
-2007
-2813
-3673
-4611
-5225
-5653
-6156
-6533
-6769
-7021
-7152
-6823
-6300
-5853
-5153
-4086
-3022
-1887
-302
1196
2267
3567
4904
5968
6602
7155
7476
7584
7520
7115
6511
5967
5369
4349
3552
2915
1960
1040
395
-303
-1024
-1670
-2218
-2599
-2811
-3041
-3109
-2796
-2456
-2183
-1664
-887
-117
616
1397
2121
2653
3020
3206
3224
3097
2587
1857
1225
431
-630
-1661
-2526
-3371
-4342
-5026
-5467
-6020
-6441
-6719
-6972
-7147
-6945
-6439
-5965
-5294
-4262
-3169
-2086
-610
951
2041
3280
4616
5697
6448
7000
7432
7605
7554
7239
6677
6081
5515
4571
3698
3044
2101
1187
461
-250
-1019
-1753
-2306
-2751
-2979
-3169
-3270
-3025
-2656
-2343
-1814
-1045
-307
461
1279
2049
2621
3039
3340
3432
3291
2840
2163
1494
712
-284
-1328
-2282
-3139
-4074
-4873
-5420
-5968
-6419
-6761
-6981
-7177
-7102
-6581
-6036
-5455
-4528
-3403
-2381
-1095
555
1779
2860
4242
5434
6249
6812
7313
7500
7482
7319
6821
6156
5629
4860
3895
3220
2420
1506
719
56
-712
-1505
-2025
-2531
-2865
-3028
-3166
-3100
-2776
-2397
-1983
-1273
-504
220
1012
1823
2441
2857
3223
3424
3351
2985
2365
1665
925
-7
-1058
-2035
-2898
-3769
-4620
-5272
-5821
-6253
-6630
-6853
-7034
-7151
-6731
-6155
-5663
-4932
-3890
-2842
-1768
-216
1269
2282
3551
4938
5917
6570
7151
7430
7483
7517
7185
6559
6045
5447
4502
3720
3043
2135
1271
570
-160
-996
-1570
-2095
-2594
-2838
-3054
-3172
-3053
-2712
-2378
-1851
-1066
-345
383
1194
1927
2424
2822
3105
3166
2993
2495
1783
1118
321
-704
-1678
-2520
-3349
-4196
-4922
-5529
-5977
-6362
-6656
-6801
-7046
-6891
-6369
-5880
-5301
-4448
-3320
-2312
-1035
585
1800
2859
4258
5492
6282
6941
7430
7571
7703
7609
7113
6578
6048
5236
4306
3604
2748
1816
971
215
-586
-1291
-1827
-2419
-2772
-3028
-3264
-3324
-3107
-2747
-2370
-1691
-951
-255
537
1361
1988
2470
2850
2961
2944
2693
2034
1378
773
-122
-1137
-1985
-2774
-3633
-4403
-5057
-5598
-6005
-6382
-6594
-6849
-6960
-6627
-6147
-5632
-4986
-3915
-2826
-1756
-246
1263
2330
3544
4950
5952
6613
7292
7632
7766
7816
7512
6955
6399
5762
4753
3926
3175
2228
1267
458
-271
-1074
-1701
-2264
-2756
-3022
-3232
-3400
-3282
-2869
-2512
-1983
-1222
-515
219
1101
1885
2440
2896
3151
3162
3051
2608
1883
1260
509
-518
-1528
-2380
-3252
-4131
-4854
-5445
-5936
-6370
-6668
-6862
-7106
-7006
-6544
-6040
-5525
-4625
-3470
-2449
-1187
461
1759
2822
4189
5433
6161
6868
7453
7628
7716
7587
7093
6441
5935
5092
4101
3383
2574
1576
744
85
-675
-1421
-1953
-2472
-2819
-2950
-3154
-3166
-2796
-2390
-2002
-1339
-578
120
918
1784
2448
2905
3294
3433
3323
3075
2443
1653
947
39
-1071
-2065
-2946
-3847
-4669
-5294
-5832
-6260
-6602
-6789
-6968
-7108
-6852
-6341
-5861
-5231
-4217
-3112
-2055
-625
971
2132
3287
4702
5750
6454
7191
7607
7749
7765
7519
6922
6345
5785
4897
3985
3255
2370
1423
690
-37
-873
-1541
-2108
-2642
-2904
-3124
-3316
-3227
-2868
-2508
-2055
-1364
-614
122
923
1699
2256
2737
3080
3121
3038
2703
1999
1289
606
-371
-1437
-2325
-3188
-4044
-4744
-5359
-5824
-6145
-6450
-6659
-6809
-6913
-6579
-6043
-5537
-4858
-3817
-2697
-1584
-79
1444
2518
3800
5214
6194
6898
7536
7910
7983
7968
7615
7006
6443
5829
4874
3965
3214
2264
1349
570
-269
-1087
-1732
-2382
-2907
-3179
-3431
-3622
-3497
-3130
-2808
-2308
-1565
-838
-110
691
1367
1930
2460
2713
2779
2734
2351
1726
1143
449
-575
-1554
-2362
-3237
-4055
-4731
-5316
-5738
-6084
-6456
-6630
-6832
-6804
-6322
-5801
-5257
-4448
-3328
-2208
-987
593
1941
3058
4437
5781
6638
7232
7807
8059
8126
7986
7530
6917
6341
5568
4528
3706
2869
1851
924
96
-749
-1506
-2141
-2748
-3142
-3323
-3527
-3592
-3286
-2926
-2551
-1882
-1119
-445
314
1077
1698
2277
2708
2882
2913
2768
2292
1647
1050
184
-929
-1859
-2720
-3668
-4497
-5180
-5797
-6238
-6641
-6905
-7036
-7150
-6876
-6327
-5737
-5026
-4082
-2918
-1728
-374
1166
2476
3633
4991
6180
6873
7445
7890
8049
7991
7727
7214
6587
5962
5060
4080
3292
2412
1387
492
-284
-1098
-1804
-2341
-2832
-3099
-3202
-3358
-3255
-2874
-2532
-2077
-1374
-681
-45
693
1416
1996
2485
2830
2943
2905
2678
2114
1479
831
-118
-1159
-2085
-2970
-3879
-4714
-5434
-6024
-6471
-6832
-7014
-7140
-7180
-6817
-6207
-5555
-4803
-3798
-2582
-1385
61
1646
2850
4006
5358
6383
7056
7630
7983
8009
7893
7613
7063
6473
5820
4885
3972
3226
2279
1249
435
-375
-1253
-1889
-2440
-2954
-3161
-3308
-3453
-3254
-2892
-2586
-2121
-1437
-803
-179
594
1289
1814
2268
2575
2674
2652
2362
1792
1240
576
-308
-1290
-2189
-3011
-3914
-4719
-5377
-5921
-6345
-6678
-6838
-7003
-6953
-6474
-5851
-5201
-4417
-3292
-2116
-898
681
2114
3182
4414
5673
6572
7209
7734
7950
7906
7802
7460
6891
6317
5601
4670
3846
3028
2003
1055
261
-619
-1441
-2068
-2683
-3136
-3319
-3496
-3552
-3318
-2991
-2678
-2158
-1466
-823
-108
669
1330
1843
2253
2535
2631
2516
2106
1575
1023
306
-598
-1591
-2444
-3285
-4155
-4856
-5435
-5925
-6348
-6633
-6819
-6965
-6722
-6186
-5562
-4896
-3949
-2738
-1609
-250
1320
2513
3617
4928
6035
6770
7351
7779
7881
7840
7648
7181
6593
5960
5136
4223
3390
2448
1423
572
-217
-1039
-1756
-2341
-2849
-3175
-3332
-3435
-3371
-3062
-2719
-2306
-1656
-926
-211
543
1300
1916
2332
2673
2867
2816
2494
1931
1326
653
-209
-1219
-2178
-3015
-3851
-4616
-5179
-5690
-6149
-6505
-6732
-6944
-6937
-6525
-5958
-5322
-4537
-3422
-2212
-1028
467
1876
2937
4199
5460
6348
6948
7467
7743
7765
7652
7278
6719
6106
5379
4471
3589
2764
1774
867
138
-604
-1323
-1950
-2463
-2890
-3154
-3302
-3374
-3207
-2877
-2539
-1998
-1278
-551
184
958
1660
2138
2513
2805
2878
2738
2290
1647
1022
290
-660
-1638
-2507
-3294
-4084
-4739
-5271
-5780
-6182
-6483
-6715
-6881
-6716
-6228
-5655
-4979
-4077
-2885
-1712
-419
1123
2364
3472
4801
5957
6706
7237
7694
7834
7802
7576
7089
6484
5838
5020
4053
3265
2416
1424
609
-115
-866
-1581
-2201
-2728
-3132
-3342
-3516
-3543
-3299
-2992
-2608
-1945
-1209
-487
296
1084
1664
2097
2519
2744
2783
2587
2046
1430
828
27
-945
-1871
-2686
-3495
-4263
-4896
-5453
-5925
-6288
-6545
-6709
-6763
-6450
-5908
-5307
-4603
-3565
-2386
-1249
166
1648
2775
3967
5287
6312
6908
7463
7820
7851
7789
7475
6900
6293
5649
4721
3834
3126
2217
1247
457
-299
-1107
-1819
-2424
-2977
-3267
-3465
-3656
-3568
-3246
-2960
-2462
-1729
-1041
-323
494
1177
1661
2171
2567
2687
2675
2360
1780
1236
635
-249
-1228
-2086
-2918
-3745
-4462
-5070
-5619
-6045
-6371
-6540
-6673
-6631
-6207
-5640
-5088
-4320
-3207
-2085
-897
615
1971
3064
4332
5607
6461
7036
7593
7791
7773
7675
7232
6582
6007
5278
4311
3508
2763
1770
860
99
-701
-1507
-2112
-2704
-3131
-3268
-3474
-3562
-3275
-2877
-2523
-1909
-1192
-565
169
950
1542
2061
2575
2856
2884
2761
2323
1716
1155
459
-504
-1492
-2365
-3208
-4013
-4674
-5252
-5777
-6162
-6442
-6569
-6698
-6570
-6061
-5484
-4913
-4076
-2936
-1790
-505
1020
2280
3339
4610
5770
6538
7069
7495
7594
7559
7376
6836
6180
5579
4828
3886
3144
2386
1419
621
-98
-900
-1642
-2225
-2786
-3093
-3228
-3458
-3483
-3169
-2791
-2435
-1829
-1177
-564
161
887
1518
2087
2564
2833
2884
2743
2298
1715
1114
377
-563
-1534
-2356
-3142
-3921
-4540
-5095
-5589
-5944
-6242
-6397
-6523
-6381
-5916
-5336
-4747
-3948
-2831
-1650
-368
1101
2351
3388
4619
5759
6508
6982
7388
7530
7493
7311
6835
6180
5585
4893
3979
3250
2495
1553
769
48
-763
-1527
-2149
-2706
-3035
-3233
-3456
-3526
-3290
-2953
-2635
-2086
-1443
-810
-116
611
1283
1849
2323
2628
2721
2613
2214
1658
1035
308
-595
-1511
-2284
-3061
-3823
-4415
-4953
-5419
-5757
-6071
-6248
-6334
-6225
-5831
-5238
-4688
-3951
-2873
-1743
-553
848
2128
3146
4339
5502
6266
6794
7294
7518
7549
7477
7099
6485
5952
5327
4434
3662
2868
1906
1046
284
-539
-1338
-2017
-2617
-3020
-3258
-3471
-3603
-3422
-3092
-2803
-2302
-1642
-1009
-331
412
1061
1610
2129
2459
2572
2511
2154
1595
1006
341
-538
-1434
-2206
-3000
-3763
-4370
-4931
-5415
-5756
-6063
-6242
-6314
-6259
-5883
-5292
-4760
-4028
-2989
-1914
-786
575
1877
2899
4055
5217
6016
6620
7155
7435
7550
7526
7182
6637
6151
5544
4667
3831
2992
2020
1113
330
-461
-1245
-1939
-2534
-2939
-3153
-3341
-3452
-3246
-2880
-2567
-2090
-1443
-818
-164
542
1163
1717
2236
2543
2646
2579
2199
1623
1070
429
-452
-1368
-2173
-2969
-3748
-4410
-4986
-5473
-5821
-6110
-6275
-6362
-6348
-5974
-5376
-4837
-4148
-3143
-2093
-1018
307
1599
2600
3707
4882
5727
6353
6906
7238
7385
7404
7126
6643
6210
5659
4811
3965
3167
2224
1284
501
-276
-1091
-1799
-2387
-2840
-3108
-3321
-3475
-3327
-2977
-2669
-2255
-1642
-1015
-411
295
996
1591
2114
2481
2659
2647
2365
1886
1388
793
-37
-946
-1760
-2552
-3372
-4107
-4709
-5235
-5653
-5967
-6166
-6301
-6350
-6034
-5460
-4941
-4330
-3386
-2353
-1302
-7
1299
2317
3401
4608
5523
6163
6734
7095
7230
7291
7077
6611
6194
5693
4872
4032
3289
2376
1421
654
-110
-953
-1645
-2215
-2730
-3043
-3288
-3532
-3469
-3153
-2872
-2504
-1912
-1292
-696
46
806
1412
1949
2369
2609
2687
2525
2134
1691
1139
360
-514
-1329
-2132
-2979
-3755
-4405
-4993
-5466
-5816
-6063
-6243
-6345
-6109
-5583
-5092
-4556
-3700
-2673
-1616
-349
994
2085
3162
4378
5369
6046
6615
7013
7183
7291
7154
6728
6315
5842
5063
4222
3475
2586
1632
839
65
-779
-1485
-2087
-2654
-3013
-3293
-3592
-3584
-3314
-3060
-2713
-2143
-1510
-865
-86
678
1292
1852
2306
2578
2723
2648
2287
1846
1324
591
-272
-1114
-1931
-2797
-3636
-4353
-4986
-5519
-5928
-6231
-6441
-6554
-6390
-5915
-5394
-4851
-4030
-2966
-1842
-581
802
2003
3085
4268
5325
6053
6606
7038
7252
7368
7311
6939
6494
6041
5319
4457
3678
2819
1861
1019
233
-597
-1339
-1969
-2546
-2946
-3215
-3474
-3499
-3265
-3011
-2701
-2189
-1565
-925
-186
544
1137
1693
2163
2441
2597
2574
2252
1800
1314
667
-141
-988
-1790
-2610
-3449
-4182
-4797
-5336
-5787
-6138
-6382
-6521
-6451
-6064
-5536
-5004
-4259
-3227
-2107
-907
447
1708
2774
3903
5020
5830
6401
6892
7180
7311
7357
7096
6647
6230
5623
4783
4003
3191
2220
1326
534
-308
-1113
-1779
-2387
-2869
-3160
-3397
-3503
-3350
-3111
-2853
-2418
-1836
-1246
-568
163
780
1357
1889
2224
2421
2481
2270
1879
1438
872
146
-671
-1489
-2288
-3104
-3855
-4488
-5039
-5532
-5958
-6259
-6441
-6477
-6204
-5705
-5204
-4556
-3600
-2510
-1359
-39
1280
2390
3521
4723
5671
6332
6901
7280
7443
7539
7374
6924
6474
5937
5132
4302
3497
2532
1580
764
-74
-910
-1609
-2237
-2773
-3104
-3346
-3517
-3455
-3236
-3001
-2635
-2095
-1538
-921
-186
484
1070
1632
2038
2285
2418
2326
2016
1608
1099
444
-328
-1150
-1959
-2775
-3539
-4195
-4777
-5310
-5798
-6161
-6383
-6515
-6388
-5965
-5491
-4934
-4090
-3054
-1950
-692
655
1855
3004
4255
5367
6180
6842
7347
7605
7746
7697
7319
6837
6335
5602
4723
3886
2977
1993
1083
228
-598
-1363
-2063
-2646
-3043
-3327
-3551
-3583
-3393
-3150
-2832
-2326
-1742
-1132
-409
335
970
1537
2024
2353
2521
2506
2258
1831
1310
685
-87
-950
-1800
-2638
-3442
-4144
-4772
-5348
-5844
-6213
-6459
-6633
-6597
-6244
-5764
-5205
-4422
-3423
-2326
-1120
217
1501
2653
3848
5036
5964
6650
7214
7562
7730
7765
7518
7056
6572
5926
5065
4210
3364
2409
1436
560
-251
-1074
-1851
-2470
-2928
-3270
-3537
-3660
-3549
-3311
-3033
-2592
-2007
-1390
-707
33
704
1289
1842
2270
2502
2563
2405
2012
1520
984
264
-594
-1434
-2246
-3070
-3837
-4510
-5109
-5612
-5981
-6253
-6461
-6509
-6278
-5849
-5305
-4613
-3723
-2675
-1538
-288
1003
2158
3263
4444
5473
6222
6840
7307
7572
7719
7648
7305
6875
6332
5568
4749
3944
3027
2050
1141
275
-616
-1459
-2154
-2736
-3200
-3555
-3822
-3886
-3737
-3509
-3149
-2602
-1986
-1329
-597
113
765
1407
1941
2281
2461
2436
2154
1750
1317
698
-102
-906
-1702
-2549
-3380
-4115
-4754
-5280
-5689
-6011
-6245
-6359
-6282
-5948
-5425
-4820
-4060
-3072
-1992
-838
433
1637
2706
3851
4983
5853
6531
7087
7449
7668
7722
7496
7096
6611
5948
5169
4389
3531
2588
1670
786
-106
-941
-1682
-2368
-2944
-3375
-3747
-3967
-3919
-3723
-3433
-2965
-2380
-1755
-1060
-342
329
980
1552
1952
2203
2284
2123
1809
1453
935
220
-539
-1317
-2167
-3014
-3778
-4446
-4987
-5425
-5812
-6084
-6237
-6298
-6100
-5617
-5077
-4453
-3558
-2510
-1407
-155
1131
2253
3392
4613
5633
6401
7042
7507
7770
7891
7758
7371
6901
6317
5566
4765
3938
3008
2044
1138
252
-611
-1401
-2151
-2822
-3320
-3722
-4024
-4062
-3881
-3628
-3220
-2626
-1980
-1299
-553
167
810
1387
1838
2132
2279
2220
1950
1594
1135
480
-275
-1046
-1880
-2737
-3521
-4205
-4775
-5247
-5654
-5964
-6159
-6288
-6208
-5825
-5328
-4787
-4025
-3025
-1924
-698
621
1850
3003
4199
5294
6149
6832
7346
7659
7808
7742
7416
6972
6459
5793
5015
4205
3324
2380
1470
604
-253
-1066
-1835
-2536
-3079
-3500
-3855
-4014
-3940
-3754
-3434
-2908
-2275
-1615
-885
-124
567
1175
1695
2078
2318
2377
2195
1855
1439
866
147
-602
-1391
-2244
-3064
-3771
-4398
-4938
-5380
-5743
-6036
-6243
-6295
-6101
-5711
-5247
-4645
-3780
-2714
-1537
-242
1085
2316
3504
4669
5675
6466
7073
7507
7764
7822
7637
7272
6818
6242
5512
4697
3833
2920
2005
1119
262
-567
-1364
-2091
-2673
-3136
-3544
-3824
-3888
-3787
-3548
-3131
-2577
-1956
-1261
-504
233
903
1487
1940
2260
2415
2330
2028
1624
1091
403
-333
-1106
-1949
-2773
-3505
-4182
-4774
-5242
-5652
-6011
-6255
-6381
-6325
-6025
-5605
-5117
-4375
-3369
-2253
-1013
353
1643
2849
4088
5217
6104
6823
7390
7755
7947
7925
7647
7229
6715
6033
5220
4381
3495
2563
1662
793
-72
-913
-1678
-2321
-2837
-3276
-3628
-3806
-3781
-3611
-3306
-2859
-2307
-1666
-946
-211
479
1108
1617
1978
2202
2228
2016
1647
1173
551
-177
-936
-1740
-2543
-3266
-3937
-4544
-5035
-5457
-5841
-6110
-6259
-6280
-6061
-5659
-5201
-4579
-3675
-2623
-1468
-161
1153
2383
3640
4845
5817
6592
7229
7683
7961
8061
7881
7487
6990
6357
5560
4710
3834
2889
1936
1041
157
-725
-1547
-2248
-2813
-3272
-3645
-3864
-3878
-3732
-3473
-3088
-2560
-1924
-1205
-455
267
923
1484
1896
2169
2294
2199
1888
1454
912
213
-578
-1379
-2188
-2958
-3645
-4260
-4806
-5268
-5661
-5966
-6162
-6253
-6149
-5793
-5309
-4753
-3994
-3014
-1930
-732
569
1833
3067
4304
5405
6260
6938
7471
7818
8009
7979
7688
7223
6673
5969
5131
4257
3332
2348
1405
516
-375
-1247
-2029
-2681
-3195
-3614
-3933
-4064
-3982
-3777
-3476
-3016
-2401
-1691
-930
-162
551
1189
1705
2082
2330
2408
2236
1871
1399
794
34
-801
-1637
-2453
-3213
-3895
-4499
-5021
-5457
-5803
-6047
-6211
-6260
-6076
-5632
-5104
-4492
-3660
-2620
-1495
-259
1052
2310
3534
4764
5832
6641
7279
7759
8050
8162
8063
7708
7215
6623
5865
4974
4052
3068
2050
1104
211
-696
-1546
-2291
-2933
-3439
-3825
-4117
-4216
-4085
-3842
-3505
-2980
-2306
-1579
-807
-46
644
1255
1757
2101
2308
2333
2087
1655
1153
504
-314
-1163
-1977
-2774
-3515
-4165
-4741
-5217
-5579
-5857
-6049
-6139
-6108
-5843
-5351
-4787
-4150
-3257
-2170
-1028
209
1509
2721
3908
5104
6108
6843
7428
7856
8069
8119
7968
7575
7060
6461
5663
4750
3828
2844
1825
914
43
-849
-1658
-2346
-2970
-3451
-3779
-4028
-4096
-3917
-3639
-3283
-2736
-2061
-1387
-669
52
672
1212
1664
1950
2086
2063
1777
1320
819
179
-627
-1424
-2170
-2930
-3641
-4255
-4801
-5237
-5555
-5809
-5974
-6007
-5933
-5663
-5158
-4582
-3933
-3031
-1944
-831
377
1647
2827
3982
5153
6123
6843
7412
7804
7990
8035
7860
7441
6929
6332
5529
4619
3724
2756
1762
870
18
-863
-1666
-2350
-2939
-3402
-3733
-3964
-4013
-3849
-3570
-3200
-2670
-2038
-1391
-708
-12
595
1107
1534
1830
1968
1940
1698
1288
797
193
-539
-1297
-2017
-2722
-3397
-4010
-4543
-4963
-5289
-5566
-5727
-5773
-5759
-5556
-5092
-4547
-3947
-3104
-2074
-1006
167
1408
2557
3695
4874
5874
6638
7246
7644
7846
7951
7813
7372
6861
6301
5515
4625
3760
2812
1830
966
130
-740
-1536
-2230
-2830
-3286
-3633
-3919
-4020
-3902
-3674
-3343
-2853
-2257
-1622
-933
-227
407
960
1428
1770
1960
1984
1798
1428
950
367
-340
-1103
-1840
-2535
-3200
-3818
-4346
-4763
-5077
-5330
-5490
-5546
-5551
-5411
-5007
-4467
-3900
-3157
-2177
-1114
7
1204
2353
3441
4563
5602
6408
7011
7418
7628
7719
7627
7226
6671
6097
5379
4520
3660
2773
1840
985
208
-582
-1342
-2004
-2569
-3012
-3326
-3579
-3722
-3653
-3437
-3143
-2732
-2189
-1589
-962
-310
296
824
1281
1632
1829
1878
1740
1398
928
372
-305
-1060
-1793
-2491
-3163
-3773
-4287
-4699
-4985
-5185
-5327
-5373
-5339
-5222
-4887
-4356
-3796
-3154
-2280
-1260
-221
888
2020
3061
4075
5095
5950
6571
7017
7282
7391
7363
7093
6591
6023
5402
4641
3811
2997
2152
1300
521
-219
-955
-1629
-2198
-2663
-3006
-3250
-3424
-3446
-3279
-3020
-2706
-2282
-1767
-1224
-667
-120
377
816
1189
1451
1583
1578
1385
1043
623
94
-555
-1228
-1872
-2514
-3135
-3678
-4132
-4492
-4750
-4939
-5054
-5093
-5074
-4929
-4543
-4027
-3500
-2837
-1957
-989
-4
1046
2097
3077
4038
4962
5719
6279
6666
6900
7032
7016
6739
6283
5803
5258
4559
3802
3058
2280
1473
691
-59
-790
-1470
-2051
-2505
-2850
-3125
-3314
-3328
-3173
-2963
-2699
-2334
-1893
-1418
-929
-458
-5
410
753
1013
1168
1185
1053
806
485
50
-520
-1114
-1673
-2237
-2803
-3326
-3776
-4129
-4398
-4601
-4714
-4774
-4806
-4696
-4328
-3831
-3333
-2711
-1862
-921
16
997
2004
2962
3883
4754
5480
6002
6344
6580
6741
6759
6515
6103
5700
5237
4601
3873
3164
2430
1639
843
88
-639
-1337
-1911
-2344
-2693
-2975
-3157
-3177
-3048
-2868
-2647
-2328
-1933
-1499
-1051
-618
-204
177
498
742
882
900
792
568
263
-125
-643
-1202
-1707
-2206
-2720
-3207
-3623
-3930
-4154
-4319
-4393
-4424
-4447
-4340
-3987
-3504
-3036
-2470
-1678
-795
64
962
1897
2795
3658
4473
5145
5622
5943
6167
6329
6370
6169
5806
5467
5078
4506
3833
3179
2498
1762
1022
314
-373
-1037
-1587
-2013
-2372
-2666
-2866
-2933
-2879
-2777
-2615
-2346
-1990
-1582
-1162
-753
-363
3
338
593
729
742
643
430
126
-244
-705
-1204
-1670
-2117
-2562
-2981
-3332
-3585
-3765
-3904
-3977
-4006
-4039
-3997
-3745
-3340
-2932
-2464
-1804
-1025
-255
555
1435
2297
3111
3889
4570
5085
5449
5708
5895
5999
5908
5616
5299
4968
4490
3893
3303
2712
2054
1389
764
154
-465
-1038
-1520
-1946
-2321
-2638
-2861
-2957
-2973
-2913
-2723
-2408
-2019
-1606
-1164
-716
-303
96
454
692
783
754
617
380
68
-314
-730
-1136
-1533
-1936
-2316
-2633
-2897
-3121
-3301
-3440
-3560
-3687
-3797
-3770
-3547
-3241
-2915
-2462
-1821
-1102
-349
500
1391
2225
3027
3808
4474
4968
5323
5586
5784
5863
5729
5452
5166
4819
4333
3796
3282
2726
2110
1505
920
307
-332
-950
-1522
-2049
-2548
-2986
-3285
-3434
-3470
-3366
-3097
-2715
-2288
-1815
-1291
-771
-292
146
517
758
851
825
707
492
194
-145
-491
-832
-1192
-1573
-1922
-2209
-2476
-2740
-2963
-3154
-3369
-3599
-3754
-3743
-3562
-3313
-3020
-2547
-1865
-1111
-312
585
1489
2318
3139
3942
4585
5024
5332
5567
5731
5763
5595
5325
5051
4682
4184
3690
3210
2650
2043
1448
820
148
-538
-1227
-1879
-2472
-3042
-3513
-3780
-3876
-3849
-3643
-3268
-2834
-2353
-1797
-1213
-655
-146
294
645
884
990
967
858
670
402
96
-206
-519
-877
-1251
-1589
-1886
-2189
-2487
-2747
-2999
-3280
-3545
-3686
-3639
-3465
-3255
-2941
-2383
-1666
-914
-83
819
1679
2496
3327
4087
4648
5019
5292
5513
5663
5644
5436
5183
4891
4452
3937
3445
2902
2277
1651
1006
299
-424
-1135
-1835
-2471
-3054
-3593
-3961
-4103
-4111
-3986
-3663
-3220
-2744
-2188
-1561
-938
-345
183
607
936
1176
1270
1220
1102
916
634
318
12
-321
-699
-1084
-1441
-1769
-2094
-2413
-2711
-2992
-3271
-3514
-3607
-3530
-3387
-3195
-2817
-2204
-1506
-767
86
979
1821
2662
3491
4207
4736
5100
5389
5637
5770
5700
5497
5264
4924
4424
3884
3326
2687
2007
1326
614
-143
-897
-1605
-2257
-2856
-3412
-3866
-4117
-4185
-4155
-3994
-3657
-3216
-2714
-2131
-1483
-819
-191
355
797
1136
1375
1477
1444
1323
1116
814
480
136
-226
-623
-1043
-1439
-1803
-2165
-2512
-2841
-3161
-3447
-3663
-3740
-3693
-3581
-3372
-2966
-2351
-1661
-913
-30
894
1764
2637
3491
4224
4771
5177
5514
5781
5891
5801
5605
5360
4974
4425
3825
3188
2478
1738
1004
272
-486
-1242
-1917
-2498
-3026
-3507
-3856
-4006
-3991
-3900
-3697
-3337
-2867
-2334
-1742
-1084
-400
229
777
1231
1566
1784
1874
1834
1683
1417
1060
654
223
-223
-694
-1182
-1636
-2061
-2479
-2853
-3205
-3553
-3845
-4023
-4061
-3989
-3834
-3581
-3140
-2486
-1759
-972
-42
916
1809
2711
3599
4343
4900
5335
5683
5930
6006
5879
5652
5360
4909
4304
3652
2961
2199
1411
643
-97
-853
-1594
-2249
-2787
-3245
-3650
-3917
-3964
-3851
-3675
-3391
-2961
-2441
-1878
-1274
-614
49
645
1148
1551
1843
1999
2026
1937
1733
1410
999
536
36
-482
-1002
-1510
-1975
-2423
-2864
-3245
-3589
-3922
-4185
-4319
-4306
-4153
-3916
-3599
-3089
-2370
-1600
-769
199
1162
2046
2948
3829
4554
5097
5521
5842
6045
6069
5898
5631
5285
4781
4140
3472
2770
2002
1207
441
-290
-1027
-1745
-2393
-2931
-3366
-3745
-3971
-3969
-3813
-3590
-3241
-2744
-2174
-1581
-945
-262
402
983
1462
1834
2091
2200
2178
2054
1837
1515
1092
615
90
-474
-1020
-1522
-1998
-2470
-2933
-3330
-3685
-4038
-4317
-4491
-4504
-4331
-4064
-3750
-3241
-2482
-1681
-845
134
1103
1959
2827
3702
4428
4958
5373
5692
5900
5922
5739
5469
5144
4671
4053
3409
2767
2057
1300
580
-99
-796
-1499
-2153
-2712
-3181
-3595
-3873
-3926
-3821
-3640
-3319
-2828
-2255
-1671
-1033
-328
365
963
1459
1854
2118
2227
2195
2056
1838
1546
1140
665
172
-374
-931
-1423
-1875
-2339
-2798
-3184
-3528
-3889
-4189
-4401
-4493
-4371
-4114
-3847
-3424
-2683
-1849
-1035
-71
949
1819
2646
3526
4268
4785
5189
5510
5727
5776
5603
5319
5013
4600
4006
3350
2740
2096
1371
678
50
-593
-1259
-1878
-2399
-2831
-3215
-3499
-3569
-3477
-3337
-3073
-2615
-2059
-1511
-929
-265
415
1002
1482
1873
2133
2228
2173
2010
1758
1432
1004
501
16
-485
-1039
-1555
-1988
-2418
-2860
-3230
-3541
-3874
-4164
-4362
-4483
-4412
-4179
-3933
-3593
-2940
-2114
-1325
-427
599
1517
2326
3188
3968
4509
4914
5257
5512
5619
5516
5257
4968
4621
4083
3426
2816
2213
1519
826
217
-396
-1041
-1640
-2132
-2519
-2859
-3146
-3241
-3161
-3064
-2887
-2502
-1986
-1478
-950
-339
322
922
1418
1821
2121
2265
2247
2129
1916
1601
1183
695
215
-246
-759
-1296
-1760
-2178
-2622
-3035
-3376
-3718
-4036
-4266
-4432
-4451
-4290
-4084
-3827
-3327
-2594
-1852
-1051
-84
862
1688
2537
3374
4019
4490
4896
5231
5452
5496
5336
5083
4805
4374
3765
3154
2581
1918
1221
610
14
-631
-1251
-1775
-2193
-2540
-2862
-3073
-3091
-3033
-2949
-2699
-2258
-1773
-1269
-693
-49
581
1132
1585
1936
2162
2224
2167
2017
1755
1382
935
468
17
-451
-968
-1471
-1908
-2335
-2778
-3168
-3524
-3880
-4161
-4360
-4480
-4436
-4266
-4053
-3716
-3141
-2451
-1731
-854
112
991
1842
2735
3518
4099
4581
5003
5324
5516
5505
5317
5087
4792
4298
3705
3154
2567
1895
1256
673
49
-598
-1195
-1709
-2141
-2530
-2874
-3066
-3093
-3054
-2932
-2612
-2153
-1653
-1095
-465
197
822
1357
1797
2134
2311
2327
2238
2045
1730
1326
879
407
-76
-574
-1104
-1621
-2090
-2562
-3038
-3458
-3865
-4261
-4553
-4748
-4858
-4810
-4621
-4368
-3983
-3374
-2655
-1858
-914
70
1003
1941
2874
3649
4254
4801
5266
5594
5752
5714
5550
5344
5023
4518
3946
3387
2772
2096
1436
792
112
-570
-1200
-1761
-2248
-2677
-3016
-3185
-3207
-3151
-2958
-2582
-2102
-1560
-956
-302
373
998
1527
1984
2318
2467
2467
2374
2168
1830
1416
957
449
-74
-611
-1203
-1784
-2315
-2863
-3405
-3877
-4340
-4778
-5074
-5262
-5369
-5291
-5052
-4771
-4325
-3616
-2804
-1936
-929
134
1141
2152
3147
3957
4623
5247
5724
6002
6117
6051
5844
5605
5246
4689
4082
3492
2836
2120
1422
721
6
-669
-1298
-1874
-2352
-2756
-3060
-3180
-3153
-3051
-2806
-2379
-1858
-1297
-684
-26
631
1213
1727
2162
2442
2554
2530
2409
2180
1817
1352
844
306
-267
-890
-1539
-2144
-2741
-3358
-3916
-4398
-4878
-5287
-5541
-5710
-5756
-5581
-5303
-4986
-4418
-3584
-2703
-1760
-656
467
1502
2565
3602
4436
5129
5747
6176
6430
6517
6374
6125
5861
5429
4819
4203
3569
2847
2116
1381
614
-107
-769
-1408
-1976
-2451
-2884
-3188
-3270
-3215
-3108
-2840
-2373
-1854
-1300
-688
-56
568
1142
1648
2059
2324
2435
2408
2284
2054
1681
1199
684
141
-465
-1116
-1762
-2361
-2941
-3554
-4118
-4584
-5029
-5423
-5675
-5835
-5873
-5687
-5392
-5066
-4483
-3596
-2650
-1680
-528
668
1731
2803
3878
4756
5451
6054
6495
6776
6887
6759
6509
6227
5784
5163
4517
3856
3107
2323
1528
712
-60
-775
-1457
-2067
-2619
-3121
-3465
-3593
-3552
-3445
-3200
-2738
-2203
-1627
-996
-344
322
955
1524
2002
2332
2497
2534
2469
2263
1911
1451
945
388
-263
-939
-1610
-2258
-2862
-3494
-4126
-4656
-5124
-5569
-5885
-6087
-6196
-6076
-5775
-5428
-4895
-4022
-2993
-1978
-808
487
1657
2769
3893
4870
5646
6297
6788
7115
7296
7253
7014
6698
6248
5615
4897
4169
3367
2490
1603
704
-153
-942
-1697
-2371
-2955
-3466
-3812
-3962
-3916
-3753
-3489
-3021
-2438
-1787
-1083
-370
365
1078
1718
2263
2669
2899
2982
2943
2753
2409
1929
1370
751
22
-746
-1507
-2261
-2966
-3655
-4349
-4963
-5473
-5931
-6284
-6486
-6577
-6472
-6146
-5711
-5143
-4295
-3234
-2154
-993
317
1568
2721
3850
4883
5750
6439
6950
7301
7518
7531
7297
6931
6457
5808
5017
4197
3349
2412
1448
513
-380
-1212
-1989
-2672
-3211
-3639
-3932
-4059
-3979
-3737
-3428
-2959
-2338
-1642
-898
-149
608
1338
1986
2546
2991
3274
3383
3342
3167
2838
2345
1736
1049
267
-577
-1444
-2319
-3161
-3955
-4722
-5415
-5987
-6469
-6835
-7019
-7056
-6937
-6579
-6025
-5363
-4532
-3462
-2299
-1124
150
1464
2703
3845
4899
5849
6628
7199
7575
7804
7873
7690
7284
6766
6127
5313
4380
3441
2478
1471
466
-483
-1335
-2124
-2844
-3403
-3781
-4031
-4166
-4117
-3861
-3494
-3031
-2441
-1746
-977
-213
516
1241
1930
2502
2948
3307
3516
3523
3398
3155
2728
2148
1495
745
-103
-966
-1856
-2789
-3668
-4459
-5222
-5899
-6415
-6824
-7103
-7171
-7082
-6858
-6378
-5677
-4920
-4041
-2921
-1719
-562
673
1991
3192
4247
5258
6165
6871
7378
7709
7865
7853
7610
7136
6549
5876
5025
4031
3042
2077
1059
39
-871
-1671
-2422
-3087
-3566
-3870
-4070
-4151
-4039
-3737
-3325
-2826
-2220
-1513
-748
-8
694
1396
2059
2576
2960
3274
3450
3421
3248
2950
2488
1892
1204
423
-408
-1253
-2147
-3064
-3892
-4642
-5362
-5962
-6396
-6726
-6925
-6930
-6796
-6499
-5958
-5260
-4504
-3582
-2463
-1332
-206
1034
2288
3397
4427
5415
6246
6870
7328
7627
7753
7681
7374
6892
6319
5614
4728
3770
2818
1836
831
-123
-989
-1792
-2530
-3144
-3589
-3905
-4125
-4196
-4048
-3742
-3342
-2818
-2153
-1409
-640
131
886
1612
2267
2787
3171
3462
3600
3531
3318
2978
2461
1800
1069
269
-598
-1497
-2410
-3308
-4133
-4894
-5597
-6149
-6533
-6825
-6990
-6953
-6784
-6488
-5950
-5221
-4443
-3541
-2424
-1233
-57
1184
2436
3567
4615
5614
6447
7052
7480
7751
7851
7757
7433
6930
6332
5621
4746
3769
2791
1808
813
-141
-1016
-1818
-2552
-3170
-3621
-3932
-4136
-4209
-4086
-3766
-3319
-2781
-2111
-1304
-471
308
1066
1818
2464
2955
3321
3560
3629
3510
3242
2840
2274
1557
762
-78
-960
-1871
-2785
-3661
-4460
-5168
-5799
-6308
-6629
-6822
-6932
-6846
-6588
-6289
-5830
-5083
-4228
-3386
-2373
-1133
108
1305
2541
3721
4733
5656
6480
7076
7427
7584
7589
7448
7115
6562
5908
5228
4438
3502
2536
1620
730
-134
-941
-1653
-2260
-2793
-3213
-3471
-3585
-3610
-3519
-3237
-2790
-2263
-1679
-978
-180
596
1266
1893
2482
2932
3213
3362
3373
3209
2877
2428
1862
1134
312
-530
-1386
-2259
-3118
-3918
-4643
-5281
-5805
-6221
-6498
-6607
-6620
-6534
-6251
-5869
-5486
-4904
-4050
-3174
-2333
-1269
-1
1194
2324
3497
4565
5435
6208
6843
7218
7349
7315
7128
6810
6321
5648
4927
4239
3454
2527
1631
851
93
-658
-1320
-1855
-2308
-2696
-2960
-3086
-3099
-3018
-2827
-2484
-2021
-1525
-991
-345
376
1022
1546
2041
2496
2806
2958
2970
2838
2550
2128
1606
970
216
-587
-1373
-2145
-2929
-3679
-4320
-4863
-5338
-5716
-5978
-6104
-6100
-6025
-5844
-5505
-5113
-4695
-4073
-3242
-2446
-1658
-639
524
1563
2543
3570
4492
5215
5838
6340
6606
6673
6612
6432
6137
5687
5084
4470
3892
3195
2373
1641
1020
374
-275
-821
-1267
-1649
-1963
-2186
-2312
-2347
-2292
-2151
-1887
-1538
-1203
-818
-310
232
684
1063
1435
1766
2001
2123
2112
1963
1706
1352
897
368
-247
-915
-1541
-2148
-2791
-3412
-3919
-4327
-4704
-5016
-5246
-5380
-5401
-5355
-5240
-4991
-4673
-4352
-3847
-3114
-2419
-1779
-912
124
1029
1833
2744
3613
4263
4831
5366
5716
5854
5904
5896
5803
5565
5155
4722
4331
3814
3122
2499
1996
1423
785
238
-223
-660
-1047
-1349
-1561
-1726
-1843
-1869
-1773
-1592
-1427
-1224
-879
-498
-189
95
406
701
912
1062
1165
1151
1005
798
545
219
-190
-676
-1156
-1599
-2100
-2638
-3110
-3489
-3848
-4215
-4505
-4703
-4840
-4907
-4902
-4789
-4571
-4346
-4052
-3496
-2809
-2237
-1600
-691
241
1008
1812
2738
3513
4096
4704
5266
5587
5748
5882
5962
5938
5739
5386
5059
4737
4184
3495
2962
2458
1788
1102
543
26
-506
-982
-1334
-1610
-1882
-2096
-2178
-2126
-2030
-1942
-1727
-1378
-1059
-802
-500
-137
166
360
533
681
692
580
449
281
18
-342
-755
-1134
-1532
-2042
-2553
-2976
-3361
-3780
-4177
-4456
-4661
-4819
-4898
-4884
-4762
-4567
-4351
-3992
-3380
-2729
-2166
-1430
-481
393
1169
2058
2991
3719
4334
4996
5550
5863
6065
6243
6343
6302
6073
5749
5472
5094
4457
3800
3267
2648
1888
1178
570
-39
-671
-1230
-1647
-1997
-2341
-2610
-2719
-2696
-2658
-2559
-2286
-1921
-1606
-1300
-886
-427
-68
194
447
649
715
684
622
501
283
-47
-408
-734
-1156
-1697
-2194
-2610
-3050
-3529
-3937
-4230
-4473
-4657
-4750
-4769
-4695
-4531
-4312
-3917
-3309
-2698
-2096
-1273
-303
568
1411
2383
3328
4080
4764
5471
6038
6386
6634
6811
6888
6804
6529
6173
5833
5340
4625
3925
3285
2526
1661
870
152
-595
-1360
-2020
-2532
-2960
-3346
-3637
-3742
-3693
-3611
-3419
-3047
-2593
-2165
-1703
-1109
-518
-45
345
685
953
1091
1110
1051
923
689
315
-78
-467
-981
-1585
-2124
-2598
-3124
-3646
-4063
-4395
-4668
-4835
-4924
-4971
-4883
-4676
-4433
-3997
-3344
-2694
-2046
-1147
-92
832
1736
2785
3775
4558
5282
6014
6568
6913
7145
7254
7257
7097
6723
6240
5772
5166
4343
3542
2813
1966
1015
173
-595
-1407
-2194
-2833
-3334
-3734
-4048
-4244
-4235
-4059
-3850
-3524
-3006
-2420
-1865
-1259
-556
77
582
999
1340
1568
1644
1583
1440
1229
879
395
-69
-535
-1128
-1767
-2299
-2770
-3298
-3795
-4159
-4437
-4651
-4772
-4794
-4729
-4539
-4277
-3970
-3430
-2705
-2036
-1365
-425
646
1530
2388
3412
4350
5050
5679
6318
6783
7018
7121
7118
7036
6764
6257
5678
5145
4464
3568
2743
2022
1162
211
-596
-1318
-2084
-2795
-3354
-3788
-4124
-4361
-4471
-4379
-4144
-3893
-3525
-2962
-2354
-1792
-1170
-495
76
531
920
1215
1376
1409
1339
1188
971
637
216
-179
-585
-1089
-1617
-2048
-2426
-2852
-3263
-3572
-3802
-3995
-4117
-4122
-4040
-3890
-3667
-3349
-2846
-2194
-1542
-877
-35
932
1777
2559
3461
4334
4989
5534
6085
6508
6697
6751
6720
6598
6306
5800
5219
4673
4050
3236
2428
1732
964
99
-683
-1347
-2021
-2695
-3245
-3668
-4003
-4251
-4387
-4339
-4160
-3946
-3648
-3167
-2589
-2051
-1497
-885
-316
151
533
848
1055
1150
1169
1117
992
763
458
156
-147
-514
-958
-1371
-1716
-2075
-2460
-2794
-3068
-3335
-3554
-3644
-3643
-3606
-3500
-3281
-2941
-2463
-1884
-1271
-587
239
1085
1850
2649
3521
4277
4841
5358
5856
6167
6267
6276
6215
6028
5660
5145
4602
4073
3432
2659
1934
1269
510
-283
-960
-1563
-2209
-2833
-3327
-3713
-4022
-4235
-4300
-4209
-4034
-3803
-3445
-2932
-2375
-1845
-1277
-665
-103
373
771
1089
1305
1421
1462
1444
1346
1121
830
554
257
-150
-620
-1040
-1436
-1867
-2274
-2618
-2946
-3254
-3474
-3556
-3564
-3535
-3425
-3194
-2864
-2430
-1889
-1279
-612
161
993
1789
2596
3451
4197
4738
5214
5679
5953
5997
5964
5869
5637
5252
4752
4200
3629
2981
2220
1481
803
71
-681
-1331
-1913
-2527
-3097
-3534
-3876
-4140
-4275
-4258
-4125
-3912
-3618
-3220
-2718
-2167
-1610
-1017
-407
162
658
1069
1396
1626
1755
1799
1792
1709
1491
1205
925
597
159
-314
-746
-1185
-1640
-2046
-2399
-2722
-2993
-3178
-3261
-3267
-3237
-3144
-2937
-2658
-2331
-1899
-1357
-781
-149
599
1364
2088
2825
3510
4027
4441
4849
5118
5175
5149
5068
4875
4567
4177
3697
3173
2629
2001
1340
747
168
-442
-1019
-1525
-2016
-2488
-2866
-3165
-3392
-3510
-3508
-3418
-3260
-3022
-2720
-2348
-1897
-1406
-901
-386
119
559
909
1203
1438
1570
1614
1614
1559
1395
1158
901
593
216
-187
-579
-976
-1361
-1695
-2001
-2270
-2452
-2582
-2676
-2709
-2695
-2646
-2542
-2381
-2206
-1944
-1560
-1153
-724
-157
476
1029
1587
2201
2700
3061
3441
3787
3943
3971
3972
3912
3769
3548
3226
2857
2514
2102
1596
1159
790
365
-82
-443
-781
-1157
-1484
-1747
-1988
-2174
-2277
-2322
-2306
-2219
-2106
-1933
-1636
-1275
-927
-547
-123
252
543
805
1031
1164
1209
1205
1140
998
789
538
257
-54
-387
-727
-1050
-1337
-1595
-1813
-1987
-2109
-2183
-2240
-2276
-2263
-2219
-2171
-2102
-2007
-1878
-1658
-1359
-1049
-692
-201
308
748
1240
1786
2226
2553
2918
3245
3384
3410
3412
3368
3249
3040
2754
2462
2195
1837
1415
1089
811
468
129
-107
-358
-674
-932
-1143
-1355
-1539
-1669
-1755
-1772
-1723
-1671
-1545
-1268
-942
-651
-310
92
427
679
917
1102
1179
1176
1118
981
772
515
215
-97
-407
-733
-1060
-1346
-1585
-1809
-1998
-2129
-2222
-2294
-2347
-2377
-2366
-2334
-2304
-2253
-2174
-2072
-1883
-1588
-1256
-917
-441
116
612
1113
1681
2210
2593
2969
3343
3548
3610
3622
3596
3484
3284
3009
2693
2391
2026
1579
1185
859
496
101
-200
-467
-799
-1097
-1329
-1533
-1719
-1843
-1894
-1882
-1787
-1654
-1460
-1126
-708
-316
79
530
939
1244
1501
1699
1787
1776
1692
1524
1267
947
560
151
-248
-669
-1110
-1514
-1862
-2199
-2511
-2754
-2949
-3116
-3247
-3328
-3348
-3319
-3270
-3195
-3049
-2851
-2578
-2183
-1705
-1214
-644
43
719
1357
2022
2669
3186
3629
4044
4316
4416
4439
4394
4232
3973
3645
3230
2779
2312
1780
1230
743
275
-224
-663
-1014
-1369
-1707
-1965
-2155
-2313
-2392
-2362
-2255
-2053
-1757
-1395
-947
-402
157
673
1189
1686
2081
2379
2594
2695
2663
2533
2319
2002
1599
1117
577
20
-552
-1149
-1743
-2285
-2786
-3248
-3643
-3966
-4229
-4425
-4536
-4566
-4509
-4380
-4195
-3936
-3588
-3156
-2624
-1991
-1306
-592
194
1011
1793
2537
3250
3866
4353
4763
5064
5199
5192
5098
4887
4554
4131
3621
3040
2442
1829
1174
536
-41
-598
-1131
-1576
-1937
-2257
-2508
-2658
-2737
-2759
-2680
-2494
-2215
-1831
-1360
-829
-238
392
998
1554
2072
2518
2854
3077
3187
3159
2982
2697
2331
1877
1337
734
98
-555
-1226
-1896
-2538
-3135
-3660
-4097
-4461
-4748
-4935
-5028
-5041
-4950
-4751
-4485
-4151
-3714
-3198
-2615
-1934
-1181
-414
374
1203
2006
2745
3444
4067
4561
4942
5235
5387
5376
5260
5036
4685
4247
3729
3125
2490
1876
1240
579
-30
-571
-1090
-1551
-1905
-2190
-2413
-2530
-2562
-2546
-2455
-2277
-2027
-1693
-1261
-784
-285
256
806
1302
1750
2159
2477
2688
2804
2804
2654
2377
2011
1564
1056
497
-106
-718
-1321
-1928
-2526
-3077
-3561
-3970
-4290
-4525
-4680
-4746
-4724
-4620
-4423
-4138
-3793
-3382
-2892
-2348
-1753
-1085
-383
320
1030
1755
2436
3050
3615
4101
4474
4748
4936
4989
4909
4735
4467
4098
3658
3156
2600
2042
1502
944
383
-117
-564
-982
-1336
-1600
-1806
-1948
-2001
-1988
-1930
-1809
-1628
-1397
-1097
-740
-367
18
429
827
1179
1500
1782
1982
2097
2135
2064
1876
1594
1231
803
337
-168
-700
-1219
-1726
-2237
-2725
-3155
-3537
-3857
-4089
-4238
-4322
-4323
-4229
-4064
-3826
-3510
-3141
-2720
-2246
-1737
-1197
-602
16
617
1223
1838
2405
2901
3355
3749
4047
4243
4363
4397
4312
4133
3888
3584
3214
2787
2326
1866
1411
934
460
40
-330
-687
-1003
-1233
-1397
-1529
-1602
-1593
-1531
-1435
-1287
-1087
-837
-550
-258
52
385
709
989
1239
1467
1630
1698
1699
1629
1463
1215
902
535
131
-313
-785
-1248
-1695
-2149
-2590
-2973
-3299
-3589
-3810
-3935
-3982
-3956
-3850
-3662
-3411
-3104
-2762
-2381
-1948
-1501
-1050
-551
0
532
1038
1581
2110
2558
2964
3339
3638
3833
3946
4001
3979
3862
3670
3436
3164
2830
2439
2033
1645
1234
781
372
19
-333
-671
-940
-1138
-1296
-1421
-1476
-1460
-1406
-1313
-1170
-978
-736
-484
-229
67
373
643
876
1092
1269
1360
1373
1335
1225
1030
776
468
120
-264
-688
-1123
-1537
-1942
-2345
-2709
-3000
-3242
-3444
-3556
-3574
-3530
-3424
-3245
-3005
-2726
-2421
-2103
-1750
-1372
-999
-621
-184
289
723
1152
1628
2074
2446
2786
3094
3321
3451
3515
3534
3479
3346
3156
2939
2694
2401
2064
1733
1431
1097
740
434
168
-108
-371
-572
-722
-858
-962
-1011
-1019
-1007
-960
-878
-752
-584
-413
-224
-2
215
397
552
688
781
802
768
695
566
381
155
-107
-394
-700
-1028
-1342
-1630
-1900
-2150
-2355
-2504
-2618
-2688
-2695
-2645
-2560
-2442
-2286
-2106
-1910
-1712
-1508
-1289
-1056
-820
-568
-265
70
400
744
1130
1507
1838
2140
2414
2628
2766
2857
2904
2897
2826
2710
2573
2408
2200
1958
1718
1488
1234
960
708
477
243
11
-184
-352
-510
-650
-753
-830
-892
-926
-923
-865
-762
-637
-483
-299
-111
54
200
328
421
464
469
440
371
260
116
-62
-269
-494
-732
-965
-1181
-1378
-1562
-1717
-1838
-1939
-2012
-2047
-2049
-2032
-1999
-1942
-1872
-1798
-1707
-1595
-1470
-1327
-1157
-958
-711
-421
-106
236
613
1004
1374
1717
2032
2307
2526
2693
2818
2896
2914
2881
2815
2711
2555
2349
2123
1879
1607
1309
1004
710
425
137
-135
-384
-621
-844
-1044
-1216
-1358
-1471
-1524
-1510
-1431
-1297
-1128
-917
-674
-432
-202
19
224
391
522
616
668
674
634
548
416
248
52
-165
-389
-607
-824
-1034
-1229
-1407
-1566
-1702
-1807
-1885
-1948
-1986
-1997
-1989
-1958
-1891
-1791
-1667
-1513
-1318
-1084
-803
-481
-130
247
644
1038
1407
1745
2051
2313
2521
2683
2804
2874
2880
2842
2767
2640
2456
2231
1974
1690
1377
1052
732
425
126
-163
-430
-684
-927
-1152
-1349
-1510
-1634
-1701
-1693
-1621
-1490
-1311
-1096
-841
-568
-295
-28
234
473
677
847
974
1051
1073
1040
955
819
640
428
191
-59
-315
-576
-837
-1086
-1322
-1539
-1722
-1870
-1988
-2076
-2128
-2147
-2131
-2081
-1991
-1870
-1722
-1539
-1319
-1066
-767
-434
-84
280
654
1018
1354
1663
1940
2175
2361
2510
2615
2660
2652
2595
2491
2335
2132
1889
1620
1329
1021
712
421
148
-114
-364
-589
-800
-1001
-1178
-1314
-1414
-1466
-1458
-1387
-1259
-1084
-874
-631
-365
-92
174
433
679
893
1067
1198
1280
1300
1262
1168
1028
839
613
359
87
-198
-489
-782
-1064
-1337
-1591
-1816
-1996
-2140
-2245
-2308
-2333
-2315
-2264
-2179
-2061
-1917
-1745
-1550
-1324
-1064
-772
-454
-117
225
574
918
1239
1543
1814
2052
2246
2400
2510
2560
2551
2490
2381
2229
2039
1819
1579
1323
1051
778
516
269
29
-199
-407
-597
-774
-923
-1036
-1111
-1148
-1136
-1071
-948
-776
-574
-340
-89
168
415
648
861
1045
1179
1265
1303
1282
1202
1074
904
691
445
179
-102
-390
-680
-970
-1248
-1512
-1756
-1971
-2144
-2280
-2375
-2430
-2447
-2421
-2365
-2281
-2168
-2033
-1872
-1690
-1481
-1246
-985
-700
-395
-83
236
554
868
1166
1443
1698
1918
2100
2243
2336
2379
2372
2322
2243
2129
1987
1823
1639
1435
1216
994
772
558
344
137
-54
-227
-383
-512
-611
-677
-708
-692
-627
-516
-370
-199
-11
186
379
555
712
847
944
998
1008
974
896
776
621
431
214
-18
-263
-515
-767
-1015
-1259
-1486
-1693
-1872
-2022
-2138
-2217
-2265
-2282
-2264
-2222
-2163
-2081
-1978
-1860
-1721
-1559
-1378
-1173
-948
-701
-439
-169
112
395
673
943
1198
1429
1629
1804
1942
2039
2101
2128
2126
2093
2040
1961
1854
1729
1578
1412
1239
1064
883
703
530
365
209
69
-48
-147
-223
-263
-271
-251
-198
-121
-29
73
183
283
371
450
507
534
535
509
449
363
253
116
-42
-213
-394
-585
-778
-968
-1159
-1336
-1497
-1637
-1756
-1853
-1925
-1973
-2000
-2006
-1993
-1965
-1923
-1864
-1789
-1695
-1580
-1448
-1293
-1115
-913
-692
-454
-203
65
339
612
877
1129
1361
1571
1754
1905
2025
2112
2167
2194
2191
2161
2100
2013
1899
1763
1607
1439
1262
1077
892
705
525
350
191
48
-76
-174
-247
-292
-312
-307
-280
-234
-173
-106
-37
28
86
131
157
167
159
125
68
-8
-107
-223
-355
-498
-649
-803
-958
-1115
-1260
-1396
-1519
-1625
-1715
-1785
-1841
-1877
-1895
-1897
-1881
-1847
-1792
-1714
-1615
-1497
-1356
-1191
-1002
-789
-555
-302
-37
240
516
790
1056
1309
1543
1756
1943
2097
2217
2302
2352
2368
2348
2296
2212
2098
1955
1790
1604
1397
1186
967
746
529
317
120
-62
-221
-355
-465
-543
-593
-615
-613
-581
-527
-455
-370
-280
-190
-103
-26
35
80
110
117
101
58
-6
-93
-201
-321
-457
-601
-752
-908
-1060
-1211
-1352
-1483
-1602
-1703
-1788
-1856
-1904
-1929
-1931
-1909
-1859
-1778
-1674
-1542
-1381
-1192
-970
-718
-444
-150
152
459
762
1054
1335
1601
1840
2046
2223
2361
2462
2522
2536
2510
2441
2334
2190
2016
1817
1591
1346
1089
826
566
314
72
-151
-355
-534
-685
-803
-884
-929
-933
-903
-841
-745
-627
-488
-337
-181
-28
112
237
343
422
479
504
495
453
378
274
139
-15
-190
-381
-581
-784
-984
-1177
-1362
-1534
-1689
-1822
-1937
-2027
-2088
-2118
-2114
-2078
-2006
-1899
-1766
-1602
-1409
-1190
-938
-654
-347
-25
303
628
943
1242
1523
1783
2013
2205
2360
2476
2552
2589
2579
2527
2427
2284
2103
1888
1645
1379
1096
805
513
231
-36
-279
-494
-687
-854
-987
-1086
-1142
-1157
-1127
-1051
-933
-781
-597
-394
-180
38
246
439
605
739
845
911
936
917
856
757
615
441
233
4
-240
-500
-763
-1021
-1265
-1492
-1698
-1885
-2039
-2169
-2269
-2332
-2359
-2342
-2288
-2197
-2070
-1907
-1712
-1494
-1252
-983
-691
-377
-48
286
615
939
1243
1523
1779
2006
2195
2345
2451
2515
2545
2531
2475
2377
2236
2057
1842
1596
1323
1038
746
457
177
-84
-317
-517
-687
-834
-952
-1035
-1086
-1097
-1068
-995
-879
-721
-527
-310
-82
150
376
586
766
915
1027
1103
1136
1121
1062
960
815
633
420
178
-82
-354
-633
-913
-1182
-1431
-1659
-1863
-2041
-2188
-2308
-2394
-2444
-2454
-2423
-2355
-2250
-2108
-1932
-1727
-1499
-1246
-971
-676
-362
-37
287
607
916
1205
1473
1712
1917
2086
2214
2300
2353
2363
2338
2274
2171
2036
1864
1663
1436
1191
936
680
434
204
-7
-187
-338
-465
-568
-647
-698
-720
-714
-672
-592
-475
-324
-146
54
257
455
641
803
936
1033
1097
1122
1105
1045
945
802
625
416
183
-69
-333
-597
-862
-1118
-1358
-1580
-1783
-1959
-2116
-2245
-2347
-2420
-2457
-2460
-2428
-2357
-2251
-2113
-1944
-1751
-1531
-1287
-1024
-737
-436
-126
185
488
780
1054
1305
1529
1720
1872
1996
2081
2132
2153
2134
2086
2003
1892
1757
1590
1407
1211
1010
807
614
434
271
127
3
-98
-182
-249
-293
-314
-310
-277
-212
-117
7
152
315
477
632
768
880
961
1007
1015
983
911
802
656
472
264
34
-212
-464
-714
-959
-1194
-1410
-1611
-1788
-1946
-2082
-2193
-2283
-2345
-2381
-2389
-2368
-2314
-2230
-2116
-1975
-1808
-1616
-1404
-1167
-914
-645
-362
-77
210
487
748
993
1219
1415
1587
1733
1844
1936
1992
2017
2021
1988
1930
1848
1738
1611
1469
1314
1156
1001
846
703
565
438
331
232
147
79
17
-23
-46
-50
-27
18
86
172
273
373
473
556
618
658
665
638
576
478
348
191
11
-187
-394
-608
-820
-1025
-1219
-1395
-1554
-1695
-1814
-1916
-1999
-2054
-2094
-2113
-2107
-2082
-2033
-1958
-1865
-1742
-1598
-1440
-1258
-1065
-855
-626
-394
-155
84
318
549
765
963
1148
1317
1466
1598
1701
1782
1845
1883
1896
1881
1841
1779
1702
1607
1496
1378
1257
1138
1018
898
782
676
582
493
405
324
252
191
142
99
70
57
58
68
80
97
111
120
120
101
62
9
-64
-158
-272
-406
-548
-697
-849
-1000
-1149
-1286
-1405
-1509
-1599
-1670
-1725
-1753
-1768
-1773
-1757
-1725
-1675
-1606
-1525
-1430
-1317
-1186
-1040
-885
-721
-546
-363
-175
16
204
385
565
730
884
1022
1150
1271
1376
1464
1538
1602
1647
1675
1682
1671
1642
1597
1535
1460
1380
1294
1204
1107
1013
920
830
738
643
556
471
388
300
214
139
74
8
-59
-118
-159
-189
-224
-266
-305
-339
-378
-436
-510
-590
-666
-743
-827
-917
-996
-1049
-1100
-1157
-1215
-1267
-1305
-1335
-1369
-1402
-1415
-1399
-1369
-1335
-1291
-1223
-1132
-1035
-938
-843
-731
-603
-478
-360
-241
-111
25
157
285
410
542
675
801
915
1023
1124
1209
1276
1326
1367
1402
1430
1447
1455
1457
1455
1437
1400
1345
1286
1214
1135
1046
953
864
776
688
594
498
400
299
197
90
-16
-119
-212
-294
-376
-454
-526
-595
-654
-713
-769
-820
-863
-896
-926
-955
-986
-1015
-1036
-1066
-1100
-1135
-1156
-1163
-1161
-1153
-1135
-1100
-1052
-1004
-963
-922
-868
-804
-739
-678
-608
-511
-395
-278
-163
-46
88
225
347
448
544
651
751
831
893
956
1034
1108
1164
1205
1248
1296
1329
1332
1310
1280
1248
1204
1144
1074
1010
957
902
833
755
673
588
492
383
267
157
58
-34
-122
-205
-282
-354
-427
-505
-590
-673
-750
-819
-879
-929
-965
-985
-994
-1001
-1005
-1002
-995
-990
-982
-969
-942
-903
-861
-816
-765
-712
-665
-624
-587
-542
-490
-439
-380
-311
-233
-152
-81
-17
46
110
168
221
275
344
421
502
577
648
725
796
848
880
904
929
947
956
946
940
941
936
918
886
852
823
784
728
658
591
525
453
370
286
210
144
75
-3
-74
-135
-191
-251
-315
-371
-419
-460
-497
-535
-567
-592
-611
-632
-660
-687
-707
-724
-734
-738
-733
-713
-683
-649
-615
-579
-546
-514
-486
-463
-436
-399
-354
-308
-256
-199
-142
-90
-47
-12
23
60
94
130
170
212
254
287
317
339
357
370
378
390
403
423
443
465
485
502
512
515
509
497
480
461
443
425
407
393
378
359
334
307
280
248
211
172
132
98
64
32
-1
-31
-58
-91
-125
-158
-186
-211
-233
-250
-263
-273
-280
-288
-299
-314
-333
-352
-371
-392
-412
-427
-434
-433
-426
-412
-393
-372
-348
-327
-308
-295
-285
-277
-265
-251
-231
-203
-169
-129
-87
-48
-7
29
62
95
124
153
183
213
241
271
299
321
340
353
363
369
370
371
374
375
377
376
374
372
364
353
335
316
293
272
251
229
210
188
166
140
115
89
62
32
2
-28
-52
-77
-97
-113
-132
-151
-177
-204
-230
-253
-273
-288
-297
-301
-299
-297
-294
-298
-302
-311
-324
-333
-338
-341
-337
-330
-314
-294
-272
-245
-218
-190
-164
-137
-115
-93
-70
-50
-30
-7
22
50
80
112
144
174
201
223
243
263
278
290
304
317
328
338
349
355
355
350
342
331
318
301
282
265
248
230
208
185
167
146
124
99
77
56
33
6
-18
-45
-70
-94
-120
-145
-169
-192
-212
-229
-244
-256
-265
-274
-283
-286
-290
-299
-304
-306
-304
-297
-294
-286
-273
-260
-244
-238
-232
-216
-200
-188
-174
-161
-144
-120
-101
-83
-63
-37
-10
14
33
53
77
96
111
123
139
155
172
189
205
220
232
243
253
260
261
264
267
269
267
267
269
271
264
252
238
224
210
192
169
147
128
112
92
66
42
22
7
-13
-35
-53
-67
-82
-105
-132
-155
-168
-178
-190
-202
-204
-199
-197
-204
-210
-210
-205
-201
-202
-199
-187
-174
-162
-154
-145
-132
-114
-102
-89
-73
-53
-33
-17
-6
10
24
38
52
63
81
100
116
128
142
152
162
170
175
180
184
191
193
196
197
199
199
199
196
191
187
180
170
160
147
135
120
103
89
74
61
43
24
7
-9
-28
-48
-70
-89
-105
-126
-146
-164
-179
-189
-204
-215
-220
-224
-228
-232
-234
-236
-236
-237
-238
-233
-226
-219
-212
-205
-194
-184
-172
-157
-146
-128
-112
-100
-85
-69
-52
-38
-26
-11
9
27
44
63
81
101
115
125
140
151
164
176
182
186
190
194
198
201
208
217
225
230
227
220
211
200
186
173
161
156
153
146
140
128
110
93
72
50
27
3
-13
-30
-47
-57
-67
-76
-89
-106
-121
-139
-157
-174
-194
-211
-217
-227
-232
-234
-236
-228
-221
-216
-208
-200
-192
-187
-191
-194
-193
-187
-171
-156
-136
-104
-76
-47
-25
-10
13
29
40
55
62
73
91
99
116
136
156
184
203
216
234
237
241
245
240
249
251
251
254
243
237
230
213
209
208
209
220
216
207
194
163
133
99
60
42
26
19
21
11
7
-3
-32
-56
-95
-135
-161
-198
-218
-227
-237
-228
-225
-225
-218
-229
-241
-255
-284
-297
-312
-321
-309
-300
-280
-251
-232
-203
-185
-175
-159
-156
-150
-141
-140
-127
-110
-94
-59
-31
0
37
59
87
107
117
135
144
150
162
163
172
185
193
217
231
246
265
269
270
270
261
260
258
253
254
246
238
222
196
175
153
140
139
136
142
145
133
116
88
51
14
-22
-47
-63
-70
-70
-71
-73
-77
-90
-112
-142
-171
-202
-225
-242
-252
-248
-237
-225
-208
-196
-195
-195
-211
-225
-241
-256
-255
-249
-229
-201
-173
-141
-113
-97
-85
-80
-79
-77
-75
-70
-62
-49
-29
-6
23
48
74
96
111
125
128
130
138
136
140
145
147
158
169
177
195
205
213
219
214
213
207
197
192
183
174
170
157
148
131
110
100
87
79
81
76
72
61
40
18
-10
-39
-61
-81
-91
-91
-92
-89
-91
-96
-104
-119
-136
-156
-174
-186
-195
-199
-195
-187
-175
-166
-152
-141
-130
-123
-122
-121
-126
-129
-126
-121
-106
-89
-72
-51
-28
-5
13
27
34
33
30
27
26
28
34
41
53
68
90
113
132
146
154
155
148
133
115
96
84
80
84
96
109
119
127
129
128
123
115
104
94
82
69
55
37
19
3
-6
-7
-5
-3
-2
-3
-7
-11
-19
-32
-49
-67
-80
-91
-97
-105
-112
-116
-115
-105
-97
-93
-88
-90
-88
-85
-84
-86
-94
-102
-109
-112
-107
-96
-84
-71
-58
-41
-25
-12
-3
3
-1
-4
-8
-8
-3
3
7
18
35
57
78
93
102
96
85
70
57
47
39
34
32
39
54
76
98
114
122
119
106
82
52
21
-3
-16
-18
-8
7
20
34
42
44
43
36
28
24
16
9
-3
-18
-35
-46
-49
-43
-30
-22
-13
-9
-4
-1
-2
-8
-19
-30
-39
-41
-40
-44
-51
-61
-66
-59
-48
-39
-33
-30
-29
-25
-18
-15
-19
-30
-45
-56
-60
-59
-51
-46
-43
-32
-22
-11
2
7
6
-1
-9
-13
-11
-7
-5
-2
5
15
32
46
51
49
40
27
20
19
20
19
17
14
21
36
53
70
80
79
68
56
39
23
6
-10
-15
-10
1
13
24
30
28
28
27
28
31
29
25
19
7
-3
-15
-22
-23
-18
-7
1
8
12
12
12
9
3
-5
-8
-11
-11
-12
-19
-27
-33
-37
-34
-28
-21
-17
-17
-16
-13
-8
-7
-11
-19
-30
-34
-33
-32
-32
-31
-35
-31
-19
-9
-1
0
-8
-14
-14
-14
-12
-14
-18
-17
-9
-3
5
9
3
-2
-1
2
6
7
3
-4
-3
2
8
17
18
19
18
14
15
19
16
8
2
-6
-4
8
13
14
13
6
6
16
20
25
27
13
7
10
13
17
16
2
-4
-5
2
16
23
19
13
6
4
9
10
6
0
-5
-7
-3
-1
-1
-5
-7
-7
-2
4
5
5
0
-2
-2
-4
-6
-9
-11
-9
-5
-1
0
-2
-7
-9
-6
-3
0
1
-2
-6
-5
-2
-1
-2
-6
-9
-6
-2
-1
2
-1
-5
-3
-4
-4
-1
-1
-3
-3
-5
-4
-3
-4
-2
-1
-1
-1
-2
-2
1
2
0
-1
-3
-3
3
3
0
-1
-4
-6
-1
0
3
4
-1
-3
1
3
5
7
4
0
-2
-3
-2
5
6
4
2
-2
1
8
7
7
1
-6
-6
0
4
9
5
-5
-6
-3
2
8
5
-4
-10
-8
-2
8
8
1
-5
-11
-8
3
5
2
-2
-9
-8
-1
2
4
2
-5
-5
0
3
8
5
-1
-3
-3
-1
1
0
-3
-3
-3
1
4
5
0
-5
-4
-3
0
1
0
-2
-2
0
1
3
2
-4
-5
-3
1
5
3
-1
-5
-4
1
3
3
-2
-7
-7
-2
2
2
-1
-5
-6
-1
5
7
4
-1
-4
-4
1
6
6
1
-5
-6
-2
3
5
3
-4
-5
-1
4
9
7
-1
-7
-6
-1
4
6
1
-5
-8
-2
6
7
5
0
-7
-5
3
8
7
-1
-8
-8
-4
4
7
1
-4
-7
-5
4
5
3
-4
-8
-4
2
5
4
-3
-8
-5
1
5
4
-3
-2
1
7
9
5
-4
-7
-3
7
13
7
-2
-10
-6
6
15
11
-1
-13
-9
6
15
15
0
-17
-18
-4
14
21
9
-12
-18
-8
11
22
12
-9
-23
-16
4
21
17
-3
-20
-19
2
22
23
6
-16
-22
-9
13
23
10
-12
-22
-14
6
20
14
-6
-20
-18
-3
16
16
2
-14
-18
-5
13
19
7
-9
-19
-12
5
12
9
-6
-17
-15
-1
11
12
2
-10
-13
-3
7
10
3
-7
-12
-7
4
9
7
-2
-7
-7
-2
4
3
1
-3
-3
-1
1
4
5
3
-1
-4
-5
0
3
5
2
-3
-8
-5
0
7
7
0
-5
-9
0
9
9
1
-8
-12
-6
6
10
7
-4
-12
-8
3
9
7
-2
-10
-8
2
12
12
4
-7
-7
-2
6
7
0
-7
-4
2
12
11
1
-4
-7
-3
5
6
1
-5
-6
-1
4
6
4
-1
-2
2
7
8
4
-3
-6
-6
-2
3
4
6
5
4
5
5
1
-1
-5
-9
-7
-5
-1
4
6
8
8
5
-2
-3
-4
-6
-7
-12
-8
-4
3
8
7
4
-2
-4
-5
-3
-5
-6
-5
-4
1
6
8
10
7
1
-5
-8
-7
-4
-1
-2
-3
-3
0
6
8
6
0
-8
-8
-4
3
6
5
0
-4
-2
5
8
4
-6
-12
-10
-4
5
5
3
-1
-4
-1
3
5
2
-3
-7
-5
0
4
3
2
2
2
5
3
-1
-4
-6
-4
2
4
2
-2
-5
-5
-1
2
3
0
-2
-2
4
10
11
5
-6
-13
-11
-2
8
14
10
2
-2
0
6
7
1
-12
-18
-18
-5
10
15
10
1
-4
-3
4
5
-1
-10
-19
-13
-1
13
15
6
-2
-6
-2
3
5
0
-7
-10
-3
6
13
13
7
0
-4
-2
-1
-1
-3
-6
-7
-3
2
5
5
1
-2
-2
-2
1
1
2
1
-1
0
1
1
1
1
-1
-4
-5
-5
-2
1
4
2
0
-2
-1
1
1
0
-5
-7
-4
1
5
4
2
2
-1
2
4
0
-4
-8
-6
-2
5
7
2
-4
-5
-2
3
6
3
-4
-8
-4
3
10
9
3
-4
-7
-4
4
7
3
-1
-4
-2
6
9
7
-1
-9
-11
-5
1
3
2
0
-3
-1
3
5
4
-1
-6
-4
-2
2
3
0
-3
-1
0
1
0
0
0
-1
0
2
4
3
3
2
0
0
-1
-3
-2
-1
-1
0
1
0
0
0
-3
-4
-2
0
3
4
2
0
-2
-1
-1
0
2
1
1
0
-2
0
1
2
1
0
-3
-4
-3
0
1
0
0
-2
-1
1
2
2
1
0
-1
2
2
1
0
0
0
0
0
-1
-3
-2
-2
1
5
3
3
1
-2
-1
-1
0
2
2
-2
-3
-2
-3
0
2
2
2
1
0
0
2
0
1
1
-2
-2
-2
1
0
-2
-3
-4
-1
0
2
-1
-4
-4
-2
-2
1
2
0
-4
-5
-2
1
2
2
-1
-2
-4
-2
1
1
3
3
2
2
2
3
-1
-3
-3
-1
1
3
3
1
-2
-2
-1
1
2
3
1
0
-1
-1
-1
0
1
1
0
0
-1
-4
-2
0
2
3
2
-2
-2
-3
1
2
3
3
0
-3
1
4
5
5
2
-4
-6
-2
2
4
3
-2
-4
-4
-1
3
5
3
0
-3
-5
-2
0
4
5
2
0
-2
-1
0
0
1
2
0
0
-1
-2
1
2
-1
-1
-2
-3
-2
1
1
2
1
-3
-2
0
2
4
2
1
-1
-2
-3
-2
0
0
2
0
0
-1
0
2
4
4
1
-4
-6
-7
-1
2
6
4
-2
-5
-5
1
7
8
6
-2
-7
-7
-1
7
9
6
-1
-5
-9
-4
2
7
8
1
-5
-10
-9
-2
5
9
4
-4
-8
-9
-3
5
11
7
0
-10
-11
-7
3
13
12
1
-10
-13
-8
5
15
14
6
-7
-14
-10
4
15
17
5
-11
-18
-13
1
15
16
4
-11
-17
-12
2
14
15
4
-9
-17
-10
3
11
11
-1
-10
-14
-8
5
13
8
-1
-9
-11
-2
7
13
8
-2
-11
-10
-1
7
9
3
-5
-10
-6
2
10
9
2
-6
-6
-2
3
7
4
-2
-7
-5
1
6
7
3
-3
-5
-1
2
4
3
0
-3
-3
1
3
3
1
-3
-3
-1
0
1
-1
0
-2
-1
1
0
-1
-2
-2
-1
3
4
1
-2
-2
-1
4
5
2
-1
-4
-3
-1
4
7
3
-2
-6
-3
0
3
4
1
-4
-6
-4
-1
4
6
5
1
-3
-2
-1
3
2
0
-3
-5
-3
0
1
2
0
-3
-4
-3
0
3
3
3
1
0
-1
0
4
3
1
-2
-5
-1
1
4
4
1
-2
-4
-2
1
7
5
1
-5
-8
-5
0
5
7
4
-2
-4
-1
3
5
5
0
-5
-6
-2
3
5
4
-2
-7
-9
-4
0
3
2
-1
-3
-2
1
5
5
2
-1
-2
-1
1
2
2
1
-1
-3
-2
0
1
1
1
-1
1
2
2
3
1
0
-1
1
-1
-1
0
-1
1
1
-2
-4
-1
-1
1
2
1
-1
0
0
0
1
2
0
1
-1
-1
0
2
1
0
0
-1
-1
1
1
1
0
1
1
2
1
0
1
0
0
0
1
-1
-1
-2
-2
-2
-3
-2
-1
0
-1
0
-1
1
0
-1
0
0
1
1
0
0
0
-1
0
0
1
1
0
-1
1
0
-2
-1
0
-2
-1
0
2
1
1
0
0
1
-2
0
0
-1
0
-1
-1
-1
1
1
0
-1
-2
-1
-2
-3
-1
1
1
0
1
2
1
0
0
0
0
1
2
3
1
2
0
1
1
0
0
-1
-1
-1
0
0
-1
-1
1
0
1
0
1
1
-1
-1
-1
-1
2
1
1
1
-1
-1
0
-1
1
1
-1
-1
0
1
0
1
-1
-1
-1
-1
-2
-1
-1
-1
-2
-2
0
-2
0
1
2
2
1
0
-1
-1
1
1
