SAMPLES:	20929
BITSPERSAMPLE:	16
CHANNELS:	1
SAMPLERATE:	16000
NORMALIZED:	FALSE
-1
0
1
1
1
0
0
-1
-1
0
1
0
0
1
0
1
1
0
1
0
-1
-1
-1
-1
-1
0
-1
-1
0
-1
0
3
3
3
2
0
0
1
1
1
1
0
0
-1
0
-1
0
0
-1
0
-1
-1
-1
-1
-2
-4
-2
-2
-2
-2
-2
-3
-3
-3
-1
-2
-4
-4
-3
-2
-2
-1
-1
-1
-2
-2
-2
-2
-3
-3
-3
-3
-3
-3
-3
-2
-2
-2
-2
-2
-4
-4
-2
-3
-2
-2
0
-1
-1
1
2
2
0
0
-1
-1
0
-1
1
0
1
1
2
2
4
6
4
5
5
5
5
3
4
5
5
5
5
4
5
5
4
5
5
3
3
3
1
3
1
0
2
1
-1
0
0
1
1
1
1
1
0
0
-1
1
0
0
-2
-3
-2
0
-1
0
-2
-1
-2
-1
0
-2
-3
-2
-1
-1
-2
-1
-1
-2
-4
-4
-5
-2
-1
-1
-3
-5
-4
-3
-2
-2
-3
-5
-5
-3
-2
-2
-2
-2
0
1
2
1
1
1
2
1
2
4
4
3
3
3
3
4
4
3
2
2
2
1
1
3
2
3
1
-1
0
2
2
3
1
-1
-2
-1
-1
0
1
1
0
0
-1
1
0
0
1
1
0
0
-1
-1
-1
0
0
0
0
0
-1
-1
-2
0
0
0
0
0
-1
-1
0
0
-1
-1
0
-1
-2
-2
-2
-2
-1
-1
-3
-4
-3
-1
-1
-1
-1
-1
-2
-2
0
0
-1
-2
-2
-2
-1
-1
0
-2
-1
-2
-1
0
-1
-2
-1
-1
1
2
1
0
0
0
1
1
1
2
0
1
0
1
1
1
2
3
1
-2
0
-1
1
2
2
2
1
2
3
5
4
4
4
4
4
3
2
2
4
4
4
5
4
3
4
5
5
6
6
3
5
5
6
6
7
5
4
4
3
0
0
1
1
1
-1
-1
-1
-1
-1
0
-1
-1
-2
-2
-3
-4
-2
-2
-4
-5
-5
-6
-4
-3
-3
-3
-2
-3
-3
-3
-3
-5
-3
-4
-4
-3
-4
-4
-5
-6
-5
-5
-3
-2
-5
-3
-3
-4
-4
-4
-3
-2
-2
-1
-1
1
0
-1
0
1
2
0
2
3
2
2
2
0
1
1
2
2
1
2
3
3
3
4
2
2
2
2
2
2
2
2
2
0
0
0
-1
1
0
-2
-2
-2
-3
-1
-1
0
-2
-2
-2
0
3
4
5
4
3
3
4
4
2
2
1
1
2
3
1
0
-2
-2
-4
-4
-2
-3
-4
-4
-3
-3
-3
-4
-3
-2
-2
-3
-2
0
-1
-2
-4
-4
-4
-4
-2
-2
-1
0
0
2
4
5
4
4
4
3
4
4
3
1
2
2
2
1
3
2
2
1
2
0
0
1
2
1
1
0
-1
-1
-1
0
0
3
1
2
2
2
3
3
1
1
2
1
3
4
4
4
4
3
5
1
1
2
1
1
-2
-2
-3
-4
-4
-3
-3
-3
-3
-2
-3
-4
-4
-3
-2
-3
-5
-3
-4
-3
-3
-3
-3
-4
-4
-3
-3
-1
-2
-1
-2
0
2
2
1
0
0
-1
0
0
-1
-1
-1
-1
-1
1
1
3
2
-1
1
2
3
2
1
1
-1
-1
0
1
2
1
0
1
2
3
2
0
-2
-1
0
1
0
-1
-1
-2
-2
-2
-2
-2
0
0
0
-1
-2
-1
-2
1
0
-1
-3
-2
-1
0
1
0
0
-1
0
3
1
2
2
2
2
3
3
1
2
1
2
2
4
4
3
1
0
1
2
4
4
2
-1
-2
-2
-2
-2
-2
-2
-2
-2
-1
0
0
1
-1
-3
-4
-5
-3
-2
-1
-2
-3
-2
2
2
1
0
0
-2
-1
-3
-2
-3
-2
0
0
-2
-3
0
0
0
1
0
0
-2
-1
0
0
0
1
2
2
1
3
3
3
4
4
6
8
8
8
7
7
7
9
9
9
7
6
6
6
6
4
3
2
2
0
0
1
-1
-2
-3
-3
-3
0
-1
-2
-4
-4
-4
-3
-1
-5
-6
-5
-5
-4
-3
-3
-3
-3
-3
-2
-2
-3
0
0
-1
-1
0
1
1
2
0
1
-1
0
-2
-2
0
-2
-3
-4
-3
-3
-3
-1
-1
0
0
0
-1
-1
0
0
1
0
0
-1
-3
-3
-2
1
-1
0
1
0
0
-1
0
1
2
1
3
3
2
1
1
1
2
3
4
2
1
1
2
3
2
2
-2
-3
-4
-1
-1
0
-1
-1
-1
-2
0
1
1
0
0
0
0
-1
0
1
1
2
0
0
0
-1
0
0
0
-1
-2
-3
-5
-5
-4
0
0
0
1
0
-1
-2
-2
-3
-2
-4
-3
-4
-6
-6
-5
-7
-5
-5
-5
-6
-5
-3
-1
1
0
1
-3
-2
-1
-2
-2
-1
-2
-2
-2
1
0
1
1
2
2
4
5
4
2
0
1
4
4
3
1
0
0
2
3
4
3
1
1
2
3
4
3
3
2
2
2
3
4
4
3
5
6
5
6
7
4
4
4
5
5
3
1
0
1
1
0
-1
-2
-2
-2
-2
-1
-1
-1
-1
-2
-3
-3
-3
-2
-2
-4
-4
-3
-3
-1
-1
-1
0
0
3
3
3
3
3
4
5
6
4
4
5
5
5
5
4
2
1
2
1
1
1
1
1
2
2
-2
-2
-2
-2
-2
-5
-5
-5
-5
-6
-6
-4
-3
-2
-1
-3
-4
-2
-2
-3
-2
-2
-2
-2
-3
-3
-3
-1
0
0
-2
-2
-2
-2
-1
-2
-3
-5
-4
-4
-2
-1
-3
-3
-3
-5
-4
-4
-2
-2
-3
-2
-1
-3
-2
-1
-1
0
1
-1
-2
0
0
1
1
2
3
5
4
3
5
3
3
2
1
1
0
0
-1
-3
-6
-5
-5
-3
-3
-3
-4
-3
1
2
2
1
0
2
4
7
6
4
4
3
5
6
7
5
6
5
4
4
2
3
2
2
0
-1
0
2
0
1
1
1
0
2
3
1
0
-1
1
0
-2
0
0
0
0
1
0
1
1
1
2
3
4
2
1
2
2
3
1
1
3
3
1
-1
-1
2
2
1
1
2
1
-2
-5
0
0
-2
-2
-1
1
-4
-3
-1
-1
-1
-4
-4
-1
1
1
-3
-4
0
0
-1
-1
-1
-2
-3
-4
0
0
-1
-2
-2
-1
1
2
0
0
-1
0
-1
-2
-2
1
-2
-4
-5
-2
-1
-3
-2
-1
2
1
2
2
3
2
2
2
2
0
-1
1
0
1
2
1
5
4
1
0
-1
1
2
1
-1
-2
-1
1
2
0
-2
-1
-1
-2
-1
0
1
2
1
1
-2
-3
-3
-1
2
1
1
-1
-2
-2
0
-1
-1
-1
1
1
0
1
0
0
2
3
1
3
2
2
3
1
1
1
1
1
1
0
-1
-1
1
1
-1
-4
-1
1
-2
0
1
0
-1
1
2
0
0
0
0
1
0
-1
0
0
-3
-3
-1
-4
-3
-2
-2
-2
-2
-3
-1
-3
1
4
4
4
4
4
4
3
3
3
2
1
-1
0
0
0
0
0
0
2
3
3
4
4
4
4
6
4
4
4
1
1
2
1
-1
-2
-2
1
-1
-1
-2
-1
-1
-3
-5
-5
-4
-2
-1
-4
-3
-4
-4
-2
1
1
-1
-1
-3
-2
-1
0
-1
1
-1
0
0
-1
-1
-1
-1
-2
-1
1
1
1
2
-1
-1
-1
-1
0
-1
0
0
-1
-3
-1
-1
-1
-2
-4
-7
-5
-3
-3
-7
-8
-8
-7
-4
-3
-4
-4
-5
-5
-3
-3
-3
-4
-4
-4
-2
-1
-2
-2
-3
-2
0
2
3
1
0
0
2
5
6
7
7
6
6
7
9
10
9
8
7
6
6
6
3
3
3
5
6
3
1
1
2
2
4
5
3
1
1
1
1
-1
-3
-2
-3
-1
-1
-2
-1
-2
-3
-2
-2
-3
-3
-2
-3
-2
0
1
2
0
-1
-1
0
0
0
-2
-5
-7
-5
-5
-5
-4
-3
-2
-4
-5
-4
-3
-4
-5
-5
-6
-6
-4
-4
-3
-3
-2
0
0
1
0
4
5
4
4
3
1
2
3
4
5
3
4
3
3
3
3
4
3
3
2
3
4
4
3
4
5
3
3
1
2
0
-1
2
2
3
0
-1
1
2
4
3
1
1
1
1
3
3
3
1
3
2
5
5
3
2
1
2
3
1
2
1
1
1
0
-1
-1
0
0
1
-1
-2
-3
-4
-3
-2
-3
-1
0
0
-1
-3
-4
-4
-2
-1
-4
-3
-4
-4
-1
-3
-2
0
1
1
0
0
1
1
1
1
-2
-1
-3
-3
-1
-1
-3
-2
-1
-1
-3
-2
-2
-1
1
2
2
1
1
2
2
4
4
4
3
2
2
1
2
1
3
1
-1
-2
0
1
-1
0
-1
-1
-3
-2
-3
-5
-6
-4
-2
-2
-4
-6
-5
-3
1
-1
-4
-3
-3
-3
-4
-1
0
-3
-4
-2
0
0
1
-1
-1
1
3
2
0
1
1
0
0
0
1
0
-3
-5
-3
-2
-2
-1
-3
-1
-2
2
2
2
1
-2
-1
-2
-1
0
-1
-2
-2
-2
-1
0
0
-2
-1
0
3
3
4
3
1
2
1
3
4
2
1
-1
1
4
3
3
2
2
2
3
2
2
1
-2
-1
1
2
0
1
2
3
3
2
4
2
1
0
2
-1
-1
0
1
0
0
2
2
0
1
0
1
1
0
-1
-1
-1
0
2
3
1
0
1
1
2
1
0
-1
-1
-1
0
-1
-2
-2
0
-1
1
3
2
3
2
0
3
0
-1
-1
-3
-2
-2
-3
-2
-2
-2
-3
-2
-2
-2
-2
-2
-3
-2
-1
0
0
0
-1
0
0
0
0
0
1
0
1
1
1
2
2
0
0
1
-2
0
-1
-1
-1
1
0
-1
0
-1
1
2
1
1
2
0
-1
1
0
-1
-1
-1
-2
-1
0
0
1
0
0
1
1
1
0
0
1
0
0
0
1
-1
0
1
1
-1
0
1
-1
0
1
-1
1
1
0
0
1
-1
1
0
1
-1
0
-1
-1
0
-1
-1
-1
0
1
-1
1
-2
0
0
-1
-1
-4
-6
-6
-5
-5
-6
-8
-6
-8
-4
-5
-3
-2
0
2
0
-1
-2
-1
1
0
-5
-9
-9
-8
-6
-7
-10
-10
-9
-9
-11
-10
-9
-2
-2
-3
-1
1
-1
-4
7
5
-4
-10
-6
-4
-7
-9
-5
-1
-2
2
3
8
7
7
26
34
28
15
24
30
28
22
16
20
22
21
2
-6
-2
11
33
24
-3
-27
-12
13
23
12
-27
-26
-18
2
9
10
-3
-26
-19
-18
10
-9
-3
-16
-22
-34
-6
5
-18
-25
-25
-28
-37
-29
-45
-58
-58
-47
-55
-68
-70
-66
-65
-60
-39
-13
-21
-31
-20
-4
11
19
33
35
45
50
40
36
67
98
85
54
62
74
84
67
70
89
98
91
83
94
78
83
68
65
75
68
26
-9
11
-9
2
-11
-31
-52
-41
-53
-71
-34
-28
-33
-56
-14
-6
9
9
19
38
55
57
16
39
44
60
64
96
55
65
102
98
64
88
119
95
78
69
53
72
54
50
1
-10
-76
-50
-1
-41
-92
-161
-121
-154
-72
-80
-93
-134
-140
-122
-142
-104
-115
-57
-61
-87
-112
-94
-53
-48
-34
-72
-80
-59
-68
-85
-90
-85
-103
-79
-83
-114
-121
-110
-132
-95
-67
-72
-106
-81
-87
-67
-18
-2
-11
-25
20
41
49
6
-2
-12
-13
-34
-46
-68
-68
-139
-104
-72
-71
-169
-83
-47
-65
-66
-12
8
37
153
133
153
147
229
219
278
271
270
228
207
197
203
190
184
125
95
69
96
55
37
21
-38
12
40
90
28
6
-123
32
355
271
-95
-167
76
182
180
228
126
78
-88
-2
125
145
28
-69
-71
-250
-101
-65
-3
-118
-195
-252
-154
-22
-62
23
23
0
10
206
404
566
613
599
604
599
689
861
911
745
664
594
516
444
386
269
89
-114
-337
-455
-561
-729
-950
-1090
-1208
-1281
-1282
-1269
-1380
-1430
-1358
-1221
-1101
-963
-896
-812
-669
-497
-358
-185
-43
-24
129
304
316
228
379
420
420
424
469
357
351
409
519
392
319
354
496
437
565
627
464
298
510
774
660
533
538
596
409
412
437
334
112
80
74
23
-206
-265
-243
-216
-347
-244
-193
-299
-424
-258
-140
-97
-157
-163
-211
-271
-205
-81
12
-271
-427
-405
-388
-486
-427
-272
-502
-686
-687
-639
-638
-634
-658
-696
-794
-857
-546
-182
-456
-794
-379
-72
-295
-324
329
505
59
-311
-321
145
1216
1936
1539
602
488
1069
2233
2922
2993
2351
1900
2005
2642
3370
3443
3103
2265
1726
1574
2000
2092
1680
907
-90
-977
-1060
-768
-1055
-1961
-2933
-3602
-3654
-3256
-3026
-3279
-3982
-4597
-4356
-3684
-3278
-3098
-3036
-3660
-3737
-2739
-2040
-2235
-2134
-1952
-2603
261
3781
2276
-1931
-566
2876
2992
3635
5247
3951
1126
1671
4671
5941
5384
3824
3297
2074
1416
2729
4634
3223
8
-1163
-1088
-630
-700
-114
-1160
-2774
-3850
-2442
-1073
-961
-936
-932
-1249
-1408
265
1727
1756
1238
1185
1461
1337
1629
2000
1774
709
-175
-375
-782
-1245
-1461
-2129
-3619
-4382
-4185
-4555
-4996
-4960
-5125
-6127
-5841
-5538
-4945
-1688
938
-1503
-4453
-1227
2232
2800
4382
5974
4082
1807
3855
7295
8447
7183
5575
5271
3939
3710
4869
5900
3355
970
38
-384
-827
-737
-213
-1714
-3821
-4775
-2989
-2111
-2060
-1760
-1626
-2595
-2386
-206
1209
869
131
459
964
1135
1538
2158
1474
-256
-571
-78
-479
-1381
-1485
-2276
-4059
-4606
-3914
-3979
-4854
-5565
-5559
-3199
-1198
-2673
-4762
-3143
-752
76
2012
3342
2341
1024
2487
5228
6601
6512
5452
5482
4656
4533
5236
5883
4407
2420
1529
688
366
161
508
-1010
-2943
-3803
-2660
-2086
-2086
-1839
-2057
-2461
-2134
-383
633
550
-163
88
946
1406
1774
1806
1030
-230
-329
-55
-414
-970
-1773
-3073
-3945
-4058
-4096
-4817
-5027
-6471
-6264
-3040
-973
-3968
-6021
-3435
-1026
-183
2264
3397
1732
316
2811
6292
7538
6788
5723
5830
4727
5358
7033
7481
4388
2226
1726
1667
945
942
931
-938
-3614
-4101
-2096
-1796
-2374
-2465
-2401
-3485
-2902
-637
817
129
-765
-316
668
1148
1565
2178
1250
-189
-227
422
-482
-1385
-1293
-2296
-4082
-4452
-4204
-4832
-5651
-5290
-7189
-5963
-2473
-1322
-5251
-5871
-2363
-569
634
2699
3482
1671
1087
4284
7370
7983
6488
6538
6376
5148
5971
7646
7227
3759
2598
2130
1702
412
988
645
-1658
-4106
-3646
-1991
-2431
-2566
-2342
-2663
-3916
-2545
-18
792
-327
-719
167
784
1226
2137
2437
1002
-74
360
334
-700
-874
-778
-2602
-4264
-4403
-4157
-5073
-5300
-6154
-7458
-4716
-1893
-3316
-6771
-4925
-2037
-1154
835
2634
2249
234
1779
5294
7423
7221
6085
6715
5462
5668
6847
8646
6145
3421
2763
2535
2062
1240
1771
-303
-2600
-4014
-2288
-1641
-2588
-2880
-2871
-3260
-3651
-1404
311
16
-1060
-740
374
766
1659
2356
2158
418
46
526
262
-491
-804
-1095
-3326
-4383
-4465
-3995
-5299
-5892
-7148
-8004
-4466
-1815
-3631
-7645
-5145
-2150
-1108
960
2865
2448
-78
2022
5734
8146
7327
6502
7010
5673
5909
7509
9536
6244
3563
2610
2863
2407
2063
2230
-594
-2947
-3964
-1632
-1311
-2216
-2817
-3018
-3422
-3283
-672
511
-101
-1261
-754
241
871
1878
2176
1595
-143
-375
11
40
-534
-1152
-2220
-4116
-4655
-4406
-4309
-5861
-6301
-8108
-7631
-3675
-1496
-4913
-7854
-4184
-1904
-848
1705
3479
1562
-305
3250
6752
8360
7129
6956
6616
5534
6358
8565
9536
5490
3249
2545
3059
2252
2668
2018
-1228
-3538
-3475
-1238
-1649
-2412
-2997
-3217
-3816
-3015
-209
274
-602
-1446
-516
-30
831
2047
2125
1156
-469
-248
-191
-45
-515
-968
-2679
-4550
-4450
-4042
-4552
-6231
-6259
-8238
-7233
-3143
-1501
-5578
-7725
-3708
-1839
-447
2168
3530
1113
-157
3652
7094
8551
7169
6973
6239
5295
6551
8829
9480
5314
3048
2129
3006
2729
2844
1693
-1350
-3385
-3185
-1095
-1373
-2270
-2910
-3189
-3551
-2476
70
431
-423
-1145
-460
188
1150
2192
1967
916
-481
-268
-278
-137
-714
-1379
-3174
-4771
-4561
-4369
-4894
-6570
-6775
-8874
-7482
-3190
-1595
-5869
-8021
-4050
-1943
-438
2338
3848
1252
-206
3625
7409
8696
7509
7233
6491
5339
6657
8751
9464
5844
3437
1846
2397
2689
2901
1545
-1574
-3575
-3540
-1567
-1480
-2178
-2943
-3446
-3547
-2124
270
715
14
-544
-166
678
1906
2941
2410
1292
50
99
259
275
-512
-1598
-3304
-4754
-4681
-4692
-5592
-7121
-7656
-9826
-8210
-3666
-2359
-6959
-8564
-4483
-2421
-902
2506
3930
940
-406
4167
8145
9071
7889
7852
7065
5963
7530
9585
9452
6463
4737
2466
1606
2303
3585
1671
-1976
-3984
-3851
-2525
-2581
-2451
-2984
-4071
-4689
-2599
24
132
-358
-545
-162
104
1700
3122
2827
1404
369
574
568
585
105
-787
-2846
-4324
-4136
-4139
-5396
-6812
-6998
-9530
-8249
-3453
-2070
-7102
-8665
-4060
-2311
-1202
2256
3770
591
-834
3989
7959
8801
7293
7395
6829
5974
7480
9602
9091
5753
4955
3403
1950
1717
3302
1933
-1694
-3505
-3511
-2633
-3184
-2817
-2685
-3680
-4650
-3162
-280
-267
-560
-602
28
-154
1010
2799
2830
1404
221
779
557
397
114
-334
-2543
-4264
-3935
-4010
-5254
-6879
-6335
-8890
-8662
-4010
-1777
-6071
-8913
-4216
-2120
-1364
1655
3845
1502
-898
3364
7533
8906
7359
7249
7235
6070
7253
8957
9311
5543
4755
4185
2781
1223
1948
2292
-761
-2846
-3607
-2614
-3316
-3342
-2444
-2773
-4113
-3915
-699
133
-303
-485
149
287
871
2662
2841
1803
262
601
891
434
-311
-844
-2130
-4150
-4254
-4375
-5270
-7093
-6808
-8774
-9019
-4704
-2264
-5649
-9187
-5243
-2342
-1535
1190
3394
2032
-931
2588
7319
9150
7863
7185
7696
6241
7474
8767
9625
6133
4852
4565
3283
1666
1242
2201
-139
-2302
-3700
-2843
-3284
-3793
-2618
-2473
-3789
-4285
-1354
221
-140
-259
194
683
935
2627
3200
2513
688
575
1369
912
-94
-883
-1898
-3996
-4215
-4112
-5143
-7341
-7536
-9082
-9130
-4755
-2546
-6249
-9902
-5957
-2655
-1844
1126
3120
1633
-1341
2535
7433
9301
8219
7320
7808
6322
7787
9192
10141
6380
4378
4666
4020
2041
869
1858
-242
-2558
-3761
-2791
-3381
-4292
-3279
-2681
-3542
-4378
-1810
8
-242
-451
252
857
834
2452
3295
2774
852
608
1475
1043
-10
-591
-1461
-3848
-4364
-3981
-4648
-7070
-7273
-8874
-8841
-4720
-2374
-5776
-9545
-5737
-2627
-1639
1233
3225
1617
-1198
2641
7221
8924
8200
7439
7553
5999
7534
8913
9815
6282
4232
4126
3735
2007
761
1502
-537
-2521
-3910
-3088
-3469
-4067
-3305
-2942
-3365
-4244
-1918
31
50
-249
157
910
835
2594
3375
2942
1023
528
1328
1099
201
-595
-1240
-3683
-4483
-4213
-4441
-6867
-7364
-8641
-9210
-5221
-2396
-4885
-9366
-6454
-2714
-1648
1133
3254
2149
-1148
1759
6951
9032
8645
7262
7601
5857
7300
8662
9791
6537
4117
3980
3533
2354
517
1326
-380
-2110
-3869
-3378
-3280
-4068
-3163
-2674
-2975
-4150
-2252
280
433
313
298
1204
900
2487
3684
3474
1581
430
1196
1105
459
-516
-1078
-3447
-4679
-4423
-4502
-6511
-7631
-8381
-10062
-6919
-2787
-3509
-8760
-8175
-3598
-1967
325
3123
3086
-728
-75
5783
9151
9195
7307
7531
6192
6581
8346
9814
7739
4303
3751
3383
2911
1095
1201
3
-1882
-3617
-3667
-2960
-3839
-3417
-2911
-2829
-3911
-2701
4
766
666
395
1285
1365
2408
3791
4104
2384
742
1291
1607
911
-384
-909
-2705
-4511
-4725
-4658
-5808
-7901
-8217
-10042
-9553
-4920
-2138
-6193
-10259
-6308
-2061
-732
1958
3806
1646
-1501
2864
8563
10077
8471
7221
7302
6023
7595
9078
9737
5967
3466
3084
2907
2077
1057
1187
-1465
-3843
-4451
-2939
-2787
-3787
-3268
-3129
-3784
-3449
-569
1485
687
334
714
1897
2134
3532
4454
3396
1078
591
2021
1563
90
-921
-1763
-4123
-5379
-4645
-4747
-6827
-8560
-9095
-10473
-7510
-2629
-2838
-8772
-9515
-3536
-766
991
3194
3582
-329
-207
6076
9996
9701
7200
7105
6231
6388
7760
9509
8199
4003
2556
2328
2338
1029
1521
272
-3253
-5229
-4082
-2162
-3012
-3198
-3031
-3586
-4042
-1935
1631
1815
725
330
1647
2346
3054
4679
4702
2323
299
1432
2294
1003
-266
-1124
-3334
-5674
-5156
-4190
-5297
-8328
-9245
-10521
-9677
-4667
-1434
-5622
-11154
-7105
-1248
621
2146
4112
2028
-1499
2520
9204
10896
8557
6809
6794
5846
6948
8909
9663
5802
2103
1796
2260
1454
777
1104
-1749
-5515
-5801
-3143
-2244
-3314
-3410
-3526
-4254
-3475
135
2746
1541
358
1048
2544
3022
4482
5674
3919
1243
895
2579
2081
505
-612
-2114
-4718
-5621
-4404
-4374
-7247
-9379
-10049
-10700
-6840
-2121
-3387
-10159
-9785
-3020
-71
1429
3737
3337
-1043
-45
7245
10968
10036
7229
6780
5925
6543
8697
10055
7809
2841
1697
1948
1987
1050
1279
-531
-4861
-6400
-4539
-2351
-3045
-3698
-3739
-4555
-4422
-1678
2307
2137
472
441
2049
3065
3893
5783
4993
2434
602
2224
2740
1211
-142
-1248
-3443
-5752
-4946
-4196
-5866
-8988
-9375
-10840
-9559
-3817
-1237
-7201
-11829
-5655
-269
486
2827
4620
1270
-2043
4050
10659
11396
8365
6536
6620
5851
7846
9584
9675
4444
1311
1726
1999
1202
581
658
-3310
-6318
-5785
-3026
-2543
-3867
-3536
-3974
-4382
-3316
921
2863
1177
419
1505
3101
3325
5108
5691
3676
860
1296
2866
1863
157
-914
-2444
-5162
-5392
-4242
-4604
-7974
-9379
-9596
-10309
-6246
-1372
-3099
-10570
-8892
-1345
676
1482
4217
3773
-1213
360
8132
11518
9733
6555
6218
5497
6360
8164
9442
6641
1300
601
1675
1710
-387
-179
-1400
-4868
-6433
-4510
-2401
-3513
-3864
-3306
-3340
-3694
-1397
2482
2601
1100
1101
3149
3706
4246
5614
5194
2452
809
2458
2964
1111
-964
-1796
-3412
-5073
-4986
-4368
-6038
-9192
-9233
-9238
-9223
-4568
-1048
-5045
-11041
-6182
610
1133
2263
4680
2893
-1312
2506
10064
11747
8738
5639
6103
5801
6712
8061
8574
4620
7
725
1609
558
-1635
-743
-2343
-5686
-6377
-3883
-2678
-4135
-3528
-2567
-3088
-3283
-34
3341
2389
1314
2202
3869
3822
4630
5796
4425
1731
1023
2848
2197
-235
-1751
-2071
-4205
-5908
-5233
-4937
-7532
-9862
-8826
-10033
-7464
-2432
-1787
-8541
-9899
-2117
1252
1582
3959
4860
663
-721
6805
11802
10959
6873
6058
6345
5929
7506
8524
7556
1642
292
1243
1292
-1098
-1361
-810
-4304
-6440
-5392
-2821
-3848
-4170
-2458
-2613
-3392
-2164
2228
2912
1810
1962
3354
4028
3760
5581
5339
3415
988
2053
2610
713
-1165
-1676
-2913
-5872
-6010
-5426
-6234
-9492
-9338
-9864
-9929
-5127
-1497
-5089
-10953
-6082
389
966
2571
4955
3485
-1159
3073
10290
11908
9074
6333
6982
5862
7208
8061
8774
4506
577
909
1331
191
-1982
-683
-2541
-5682
-6215
-4100
-3282
-4636
-2871
-2184
-2763
-2974
59
2974
2436
2517
2814
4299
3859
4863
5779
4852
2432
1150
2563
1659
-82
-1623
-2064
-4306
-6292
-5821
-5871
-7494
-10072
-9019
-10413
-8939
-3515
-1037
-6885
-10787
-3633
1175
1395
3621
5636
2027
-1461
5111
11370
11415
7876
6131
6410
5159
7065
7925
8150
2514
-131
561
783
-934
-1987
-467
-3699
-6319
-6033
-3553
-3475
-3870
-2121
-2075
-2632
-2259
1392
3623
3135
2771
3242
4711
4289
5503
5809
4500
1730
1267
2676
1081
-865
-1940
-2294
-5216
-6623
-5868
-5940
-8420
-10004
-9285
-10899
-7235
-1748
-1704
-9117
-9231
-1329
1262
2087
4944
5303
29
-463
7718
11826
10545
6615
6273
5640
5365
7093
7983
6695
723
61
275
192
-2162
-1311
-982
-4694
-6623
-5697
-3208
-3606
-2870
-1699
-1911
-2729
-1449
2901
4194
3332
2707
4123
4782
4355
5798
5732
3721
846
1798
2148
-85
-1801
-1893
-3115
-6649
-6748
-5824
-6398
-9601
-9524
-9857
-10428
-5063
-580
-3393
-10406
-6399
582
1710
3224
5800
4381
-1091
2114
10027
11951
9195
5855
6495
5016
6012
6947
7865
4429
-272
-21
3
-506
-3069
-1003
-2147
-5434
-6972
-4952
-2969
-3729
-2285
-1531
-1847
-2591
-28
4005
4159
3398
3136
4928
4613
4914
6157
5438
2912
796
2295
1278
-623
-2065
-2111
-4619
-7299
-6288
-5853
-7481
-10501
-9345
-10555
-9492
-3506
-283
-5533
-10893
-4196
1618
2185
3957
6192
3156
-1395
4510
11530
11845
8031
5970
6419
4801
6369
7096
7685
2699
-658
-429
-87
-1489
-3313
-816
-3083
-6302
-7227
-4117
-3072
-3806
-1880
-1385
-1888
-2290
1309
4477
4248
3606
3768
5339
4670
5579
6269
5288
2329
1135
2377
896
-925
-2222
-2446
-5467
-6997
-6017
-6159
-8334
-10576
-9283
-10732
-8345
-2645
-650
-6952
-10248
-2742
1862
2160
4261
6169
2163
-1055
5859
11589
10865
7209
6198
6057
4495
6136
6797
6878
1667
-551
-689
-301
-2174
-3092
-1158
-3547
-6021
-6572
-3849
-3492
-3323
-1353
-994
-1497
-1512
1888
4447
4675
4087
4279
5510
5080
5810
6087
5040
2104
1350
2211
589
-1420
-2560
-3004
-5765
-6904
-6286
-6840
-8836
-10550
-9335
-10814
-8194
-2639
-697
-6860
-9740
-2441
1848
2210
4556
6587
2451
-662
5972
11409
10765
7536
6668
5915
4078
5623
6537
6610
1652
-923
-1303
-526
-2213
-3294
-1769
-3204
-5541
-6508
-4117
-3193
-2688
-1117
-380
-831
-1164
1817
4949
5452
4198
4292
5620
5349
5479
5748
4697
1786
1055
1701
186
-2090
-3263
-3654
-5902
-6900
-6783
-7305
-9300
-10413
-9301
-10418
-7133
-2080
-1126
-7582
-8542
-1127
2249
2666
5163
6335
1760
235
7123
11367
10221
7208
6597
5366
4057
5476
6448
5886
880
-1190
-1349
-1037
-2914
-2676
-1328
-3740
-6331
-6018
-3299
-2920
-2353
-495
-118
-1202
-911
3179
5660
4977
3850
4780
5617
4983
5572
5655
3702
961
1197
1459
-614
-2906
-3555
-4379
-6434
-6716
-6788
-7904
-10351
-9899
-9538
-9671
-5175
-1075
-3235
-9274
-5869
1095
2459
3281
5998
5174
489
2489
9595
11323
9043
6542
6535
4686
4626
5859
6585
4066
-453
-1182
-1329
-1792
-3491
-1702
-1859
-5168
-6674
-4759
-2543
-3095
-1551
74
-479
-1486
658
5009
5350
4406
4016
5344
5143
5034
5825
4877
2242
360
1387
645
-1603
-3434
-3842
-5552
-6961
-6473
-6768
-8622
-10516
-9273
-10030
-7720
-2462
-715
-6128
-8996
-2203
2297
2765
4595
6279
2979
17
5686
10905
10487
7330
6070
5572
3907
5069
5955
6021
1518
-1170
-1562
-1289
-2610
-2961
-1040
-3133
-6038
-6096
-3068
-2336
-2521
-351
80
-895
-876
3180
5702
4932
4065
4332
5330
4863
5566
5406
3543
680
408
1082
-371
-2658
-3899
-4719
-6807
-6984
-6463
-7073
-9660
-10088
-9722
-9655
-4574
-466
-2352
-8635
-6093
564
2659
4030
6155
5293
446
2015
8764
11209
9212
6325
5795
4031
4078
5398
6230
4137
-455
-1606
-1745
-1671
-3361
-1751
-1357
-4515
-6629
-4878
-2035
-2230
-1252
276
-285
-1082
874
5249
5753
4583
3937
4850
5251
5021
5845
4449
1967
-115
860
449
-1674
-3739
-4388
-5709
-7396
-6872
-6624
-8103
-10451
-9644
-10072
-7625
-2083
-206
-5460
-8688
-2497
2209
3279
5414
6556
3137
-42
5342
10636
10780
7716
5701
5054
3426
4709
5519
5781
1510
-1607
-1812
-1653
-2600
-3348
-1022
-2707
-5722
-6330
-3463
-1776
-1933
-109
288
-486
-550
3083
6246
5381
4393
4331
5459
5042
5498
5591
3418
821
86
1026
-464
-2825
-4367
-4779
-6527
-7527
-7034
-7142
-9367
-10361
-9689
-9867
-5559
-848
-1639
-7883
-6767
118
2834
4068
6411
5965
1351
1460
8227
11379
10043
6633
5643
4244
3756
5125
5816
4480
-491
-1901
-2019
-1751
-3461
-2493
-1603
-4288
-6436
-5498
-2467
-2090
-1290
215
146
-521
672
4906
6124
5114
4299
5040
5445
5112
5824
4939
2465
135
630
652
-1284
-3619
-4310
-5225
-7173
-7445
-7014
-7501
-10022
-9819
-10110
-8864
-3634
-105
-3266
-8510
-4381
1368
3237
5013
6936
4775
292
3234
9447
11121
8901
5906
5170
3244
3973
4940
5780
2808
-1445
-2178
-1852
-1939
-3753
-1882
-2301
-4942
-6575
-4335
-2000
-2141
-804
337
294
-249
2054
5633
5878
4927
4567
5617
5456
5285
5606
4318
1897
178
932
-79
-2166
-3952
-4185
-5767
-7610
-7419
-7184
-8232
-10393
-9611
-10479
-8028
-2593
185
-4733
-8352
-2762
2281
3669
5686
7183
3817
33
4660
10337
11074
7961
5649
4834
2957
4118
4982
5824
1457
-1799
-2292
-1545
-2505
-3554
-1483
-2788
-5405
-6331
-3257
-1882
-2020
-372
673
482
12
3082
5830
5693
4852
4859
5836
5110
5166
4906
3825
1262
139
445
-967
-2948
-4457
-4477
-6467
-7689
-7595
-7510
-9055
-10378
-9324
-10299
-6776
-1570
-34
-6079
-7459
-768
3159
4088
6114
7219
2866
566
6290
11076
10532
7020
5642
4388
2917
4216
5331
5180
173
-1960
-2236
-1461
-2985
-3077
-1680
-3312
-5442
-5481
-2541
-2076
-1683
15
1065
548
446
3677
5658
5599
4684
5079
5583
4816
4761
4447
3316
619
26
1
-1461
-3806
-4692
-4812
-6902
-7823
-7791
-7666
-9688
-9990
-9475
-9729
-5417
-768
-994
-7157
-5931
650
3478
4442
6626
6752
1879
1671
7988
11490
9963
6474
5784
3916
3454
4574
5714
4116
-665
-2010
-2096
-1425
-3579
-2850
-2186
-3689
-5733
-4887
-2237
-2306
-1510
148
1212
413
1002
4268
5770
5459
4500
5388
5581
4777
4571
4293
2757
123
165
-66
-1923
-4370
-4705
-5165
-7204
-7663
-7647
-7827
-9919
-9677
-9537
-9346
-4546
-22
-1218
-7469
-5231
1183
3821
4671
6952
6257
1159
2011
8704
11571
9180
5932
5477
3561
3477
4591
5555
3254
-1051
-2307
-1923
-1425
-3714
-3156
-2443
-3298
-5412
-4480
-2301
-2230
-1257
455
1610
580
1408
4339
5954
5486
4660
5601
5477
4761
4295
4115
2253
131
144
-375
-2397
-4678
-4862
-5590
-7260
-7544
-7653
-7983
-10014
-9600
-9615
-9183
-4193
624
-927
-7464
-5093
1478
4144
4879
7414
6268
1067
2121
8955
11456
8916
6089
5540
3303
3040
4337
5394
3128
-1049
-2522
-2278
-1838
-3674
-3115
-2444
-3091
-5008
-4283
-2641
-2206
-772
1013
1805
771
1589
4202
5863
5692
5037
5645
5269
4600
4042
3887
2219
276
-38
-801
-2629
-4807
-5027
-5754
-7142
-7592
-7725
-8096
-9891
-9717
-9333
-9189
-4607
548
-130
-6859
-5711
1146
4345
4900
7178
6700
1750
1698
8070
11224
9289
6521
5528
3335
2480
3908
5147
3791
-528
-2676
-2831
-2036
-3318
-3086
-2122
-2780
-4799
-4667
-2845
-1945
-503
1188
1831
885
1314
3826
5829
5966
5163
5524
5210
4390
3753
3989
2801
580
-211
-843
-2488
-4669
-4992
-5342
-6693
-7645
-7825
-8273
-9596
-9783
-8781
-9266
-5904
-547
380
-5722
-6531
170
4031
4244
6300
7219
3040
1010
6578
10916
9915
6993
5596
3927
2293
3717
5092
4683
145
-2610
-2843
-1846
-2904
-3407
-2093
-2506
-4355
-5075
-3184
-1933
-658
896
1831
1171
943
3154
5682
6219
5231
5347
5284
4337
3598
4108
3390
1002
-160
-579
-2178
-4457
-5059
-4779
-5859
-7143
-7732
-8421
-9363
-9686
-8168
-8897
-6611
-1656
229
-4689
-6655
-612
3304
3535
5405
7175
3769
686
5330
10113
9914
6945
5344
4221
2485
3704
4798
4860
542
-2190
-2352
-1423
-2462
-3600
-2073
-2129
-3691
-5009
-3334
-1906
-937
691
1866
1375
591
2540
5480
6176
5184
4956
5190
4165
3428
4009
3658
1261
-340
-553
-2034
-4313
-5262
-4461
-5263
-6938
-7882
-8464
-8918
-9483
-7825
-8689
-7152
-2436
456
-3319
-6530
-1544
2674
3479
5166
7271
4520
716
4291
9454
10105
7187
5178
4366
2768
3670
4431
4746
1045
-1788
-2181
-1131
-1980
-3664
-2382
-1725
-2868
-4696
-3458
-2034
-1093
532
2017
1710
400
1982
4971
6053
4967
4598
4907
3862
2991
3514
3598
1287
-472
-898
-2133
-4401
-5242
-4316
-4964
-6980
-8113
-8224
-8362
-8920
-7618
-8368
-7067
-2582
615
-2620
-6059
-1921
2434
3605
5161
7072
4602
996
3971
9060
9894
7100
4952
4369
2990
3567
4126
4445
1153
-1549
-1760
-983
-2061
-3597
-2223
-1387
-2593
-4170
-3272
-2179
-1207
556
2236
1828
407
1717
4574
5698
4714
4477
4658
3582
2693
3202
3332
1243
-329
-1002
-2352
-4487
-4956
-4097
-4917
-6844
-7917
-8100
-8413
-8482
-7351
-8340
-6417
-1793
232
-4016
-5937
-883
2696
3331
5287
6671
3432
897
5184
9640
9370
6309
4726
4313
3202
3913
4288
4281
396
-1781
-1374
-629
-2380
-3603
-1760
-1636
-3234
-4114
-2541
-1955
-1326
539
2161
1510
441
2263
4874
5262
4262
4402
4669
3515
2813
3402
3047
738
-451
-784
-2368
-4514
-4658
-4019
-5338
-6769
-7409
-7737
-8647
-8240
-7419
-8214
-5064
-717
-653
-5622
-5195
357
2735
3393
5638
5720
1843
1200
6608
9769
8539
5425
4364
3647
3301
4280
4621
3720
-648
-1923
-1189
-366
-2543
-2948
-1521
-2195
-3736
-3639
-1698
-1752
-944
805
1994
1087
846
3288
5091
4956
4016
4414
4515
3578
3277
3501
2471
98
-554
-883
-2612
-4491
-4598
-4540
-6062
-6875
-7196
-7552
-8879
-8214
-7855
-7983
-4092
-47
-1077
-6218
-4550
945
3036
3833
5955
5210
1138
1626
7345
9802
7977
4910
4195
3277
3241
4074
4606
3123
-989
-1998
-1154
-540
-2633
-2469
-1257
-2192
-3808
-3188
-1331
-1286
-353
1342
2059
903
1244
3873
5276
4798
3772
4313
4252
3593
3243
3246
1731
-368
-661
-1197
-2940
-4857
-4710
-4926
-6158
-6841
-7140
-7573
-8873
-7837
-8249
-6846
-2531
412
-2710
-6712
-2845
1899
3252
4334
6007
3834
306
3126
8380
9367
6600
4210
4014
3014
3407
3750
4421
1837
-1426
-1798
-735
-1215
-3118
-1742
-906
-2487
-4150
-2684
-1083
-900
313
1843
1683
421
1896
4684
5394
4210
3616
4230
3935
3486
3325
2841
788
-633
-700
-1546
-3553
-4961
-4531
-5255
-6416
-6904
-6971
-7962
-8645
-7941
-8027
-4445
-469
-614
-5726
-5694
101
3101
3979
5419
5147
1336
905
6538
9853
8382
4782
3794
3424
3216
3991
4160
3416
-468
-1767
-1322
-760
-2598
-2602
-795
-1734
-3906
-4055
-1589
-934
-321
1243
1786
438
512
3757
5672
4784
3453
3647
3911
3469
3636
3316
1682
-650
-1011
-971
-2419
-4402
-4820
-4787
-6351
-6950
-6799
-7131
-8536
-8304
-8466
-5649
-918
158
-4627
-6534
-1286
2705
3643
5478
5722
2183
-2
5087
9623
9198
5849
3804
3320
2758
4247
4439
4004
189
-1590
-1475
-815
-2098
-2602
-891
-1659
-3648
-4449
-2091
-1038
-610
822
1553
688
136
3133
5633
5157
3787
3490
4030
3450
4016
3877
2457
-374
-1253
-835
-1608
-3463
-4843
-4944
-6523
-7260
-7030
-6693
-8243
-8756
-9148
-7113
-2074
429
-3132
-6786
-2917
1778
3226
5137
6216
3487
-67
3493
8832
9569
6919
4501
3680
2488
3885
4679
4424
969
-1361
-1397
-1073
-2017
-2764
-1143
-1489
-3443
-4704
-2975
-1349
-865
595
1530
996
61
2333
5424
5723
4525
3678
4001
3479
4015
4498
3492
424
-1505
-1112
-1034
-2516
-4260
-4991
-6527
-7579
-7355
-6464
-7622
-8647
-9956
-8120
-2701
488
-2532
-6643
-3523
839
2813
5132
6635
4114
130
2934
8244
9743
7545
5198
4194
2393
3451
4604
5109
1407
-1195
-1466
-1438
-2535
-2920
-1048
-1855
-4096
-5193
-3423
-2098
-1477
248
1301
557
-201
2111
5151
5605
4830
4198
4202
3456
3951
4873
4381
1358
-1118
-1270
-964
-1917
-3319
-4579
-6659
-7837
-7575
-6588
-7372
-8198
-10288
-8917
-3225
343
-2746
-6427
-3089
624
2225
5107
7155
4440
543
3435
8389
9637
7837
5863
4754
2635
3410
4516
5227
1678
-959
-1668
-1954
-2798
-2750
-1044
-2539
-4833
-5521
-3318
-2222
-1839
-209
622
-22
-256
2769
5143
4888
4283
4406
4487
3598
4080
4756
4162
1468
-587
-1155
-1321
-2056
-2877
-4134
-6607
-7997
-7835
-6897
-7296
-7705
-10059
-8887
-3592
-86
-3116
-6000
-2295
973
2051
4690
7094
4619
1112
4148
8600
9204
7344
6144
5190
3017
3547
4447
4690
1393
-460
-1441
-2144
-2929
-2428
-1278
-3013
-4944
-5294
-3276
-2370
-1956
-479
118
-484
-353
3119
5152
4589
3825
4283
4514
3935
4595
4886
4024
1335
-111
-814
-1177
-2007
-2483
-3837
-6515
-7741
-7739
-7255
-7694
-7512
-9848
-8719
-3748
-607
-3980
-6483
-2086
1169
2070
4417
6719
4217
1033
4710
9169
9303
6969
6198
5460
3312
3886
5018
4841
1094
-422
-1232
-2029
-2930
-2129
-1326
-3549
-5415
-5423
-3333
-2637
-2198
-728
-294
-985
-677
3056
5186
4688
3683
4048
4421
4175
4990
5284
4159
1233
-85
-451
-852
-1828
-2360
-3871
-6441
-7453
-7349
-7459
-7911
-7904
-9697
-7670
-2978
-1340
-5629
-6465
-1309
1435
2249
4754
6249
2997
1222
6093
9816
9172
6614
6285
5186
3692
4454
5700
4849
683
-650
-1363
-1796
-2914
-1884
-1657
-4186
-6007
-5601
-3496
-3016
-2310
-1009
-845
-1418
-573
2906
4765
4714
3918
4031
4110
4355
5313
5583
4139
1369
121
-154
-667
-1692
-2485
-4104
-6215
-7165
-7128
-7696
-8014
-9012
-9216
-5767
-1902
-3239
-7311
-5385
-304
1584
2939
5448
4981
1374
2396
8013
10181
8525
6312
6104
4497
4225
5331
6275
3822
6
-959
-1405
-1938
-2849
-1690
-2541
-5128
-6185
-5013
-3592
-3423
-2074
-1057
-1358
-1479
468
3204
4070
4340
4290
4288
3783
4507
5514
5310
3330
1380
442
-238
-966
-1623
-2764
-4750
-6237
-6665
-6954
-7807
-8297
-9651
-8021
-3668
-1444
-5158
-7497
-3520
608
1859
4053
5718
3535
727
4394
9172
9896
7624
6254
5462
3815
4655
5979
6158
2277
-429
-1461
-1623
-2350
-2169
-1633
-3831
-6063
-5915
-4046
-3683
-3452
-1872
-1275
-1884
-1288
1727
3455
3380
3604
4540
4319
3576
4715
5773
4720
2413
1484
641
-445
-994
-1193
-3083
-5484
-6314
-6173
-6839
-7550
-8574
-9705
-6795
-2429
-2259
-6712
-6604
-1879
685
1992
4595
5196
2147
1574
6469
9508
9072
7051
6616
5056
4117
5248
6571
5413
1462
-282
-1360
-1838
-2438
-1207
-1763
-4881
-6685
-5480
-3452
-3569
-3105
-2193
-1984
-2296
-623
2511
3370
2928
2948
4350
3967
3883
4886
5726
4016
1825
1196
439
-260
-798
-1165
-3850
-6121
-6496
-5962
-6615
-7245
-8967
-9522
-5817
-1951
-3442
-7294
-5329
-978
446
2365
4899
4416
1287
2889
7813
9404
8284
6715
6674
4793
4687
5676
6737
4230
889
1
-699
-1873
-2516
-879
-2165
-5389
-6529
-4608
-3258
-3749
-2929
-2266
-2291
-2249
136
2760
2967
2618
2880
4170
3634
4122
4957
5483
3556
1625
1029
545
-74
-773
-1457
-4230
-6215
-6392
-5841
-6686
-7315
-9119
-8860
-5046
-1907
-4322
-7411
-4500
-476
702
2867
4958
3863
990
3857
8485
9496
7936
6574
6407
4483
5026
5979
6647
3251
532
-90
-533
-1691
-2437
-1494
-3321
-5501
-5770
-4058
-3771
-4363
-3030
-2181
-2134
-1865
580
2311
2213
2568
3464
3990
3140
3997
4890
4847
3141
1865
1076
145
-458
-664
-1687
-4297
-5916
-6080
-6167
-6928
-7223
-8869
-7656
-3817
-1768
-5376
-7262
-3122
451
1374
3427
5090
3230
1017
4952
9205
9744
7542
6380
5775
4348
5289
6302
6403
2490
152
-605
-416
-1373
-2172
-2218
-4165
-5562
-5372
-3722
-4022
-4604
-3331
-2252
-1913
-1548
722
1763
1788
2290
3506
3780
3072
3698
4350
4207
2808
1958
1052
-34
-678
-835
-1990
-4041
-5460
-5945
-6695
-6828
-7560
-8477
-5885
-2290
-3040
-7399
-6237
-1201
747
1507
3965
4327
1456
1728
7082
9702
8867
6846
6527
5119
4709
6148
7200
5544
1524
204
-379
-327
-1314
-1012
-2184
-5033
-6232
-4727
-3018
-4033
-4214
-3282
-2728
-2557
-941
1481
1550
1272
1940
3370
3348
3173
3721
4015
3304
2113
1691
913
-145
-876
-1370
-2775
-4452
-5299
-5773
-6840
-7140
-8467
-7475
-3853
-1525
-5100
-8034
-4428
117
1030
2600
4389
2889
488
3772
8872
9617
7999
6602
6399
4654
5481
6876
7495
4039
803
81
-112
-864
-1368
-334
-2494
-5888
-6692
-4120
-2917
-3846
-3617
-3203
-3317
-2952
26
2085
1515
875
2037
3337
3005
3399
4043
3909
2348
1720
1509
737
-409
-810
-1754
-3741
-5109
-5222
-5524
-6751
-7561
-9007
-6845
-2818
-1464
-5772
-7548
-3475
258
1647
3723
4556
2123
670
5120
9328
9706
7823
6705
5886
4695
5973
7226
7000
3036
495
-209
-265
-1232
-1236
-983
-3449
-6041
-5997
-3860
-3513
-3877
-3340
-3112
-3321
-2428
635
1928
1389
1025
2392
3107
2926
3636
4138
3381
1777
1459
1158
375
-457
-717
-2378
-4430
-5356
-4999
-5628
-6575
-7911
-9051
-5991
-1765
-1760
-6442
-6580
-2196
559
2225
4565
4579
1367
1280
6438
9652
9429
7417
6779
5231
4786
6206
7475
6131
2151
429
-384
-568
-1545
-922
-1563
-4135
-5929
-5172
-3671
-3986
-3822
-3043
-2931
-3316
-1919
865
1604
1070
1227
2409
2489
2576
3757
4147
2696
1161
1115
917
162
-169
-755
-2901
-4760
-4974
-4752
-5815
-6537
-8312
-8205
-4340
-1085
-3570
-7402
-4969
-765
778
2777
4733
3266
212
2903
8202
9595
8273
6803
6579
4728
5431
7029
7725
4771
1562
709
-113
-722
-1235
-362
-2219
-4944
-5658
-4093
-3468
-4223
-3619
-2933
-3136
-3157
-1006
1001
1054
653
1485
2345
2099
2447
3795
3885
1957
770
881
587
-197
-158
-1230
-3570
-5121
-4768
-5011
-5954
-7004
-8755
-6548
-2394
-1661
-6248
-7184
-2679
119
1406
3819
4395
1194
331
5776
9572
9201
7013
6591
5794
4891
6382
7908
7145
3109
1248
541
-37
-913
-292
-428
-3640
-5943
-5145
-3035
-3396
-3902
-3425
-3415
-3654
-2262
565
1103
497
422
1894
2247
2358
2990
3816
3064
1461
934
652
-35
-388
-299
-2104
-4487
-5404
-4889
-5454
-5972
-7695
-8670
-5374
-1534
-3016
-7464
-6077
-1465
284
2174
4525
3677
99
1659
7596
9879
8701
6702
6522
5019
5307
7063
8396
5860
2104
983
380
-336
-770
382
-1301
-4999
-6230
-4217
-2577
-3407
-3366
-3227
-3730
-3613
-859
1865
1296
375
806
2445
2259
2753
3598
3845
2236
1030
940
261
-608
-559
-768
-3226
-5436
-5622
-5058
-5811
-6265
-8347
-8035
-4477
-1431
-4202
-7268
-4646
-962
527
3027
4977
3013
144
3248
8304
9626
8345
6962
6212
4434
5567
7394
8103
4597
1695
459
-20
-573
-303
34
-2740
-5664
-5754
-3521
-2845
-3501
-3238
-3365
-3684
-2895
170
1752
1114
586
1376
2355
2202
3030
3640
3438
1614
1037
740
143
-672
-543
-1408
-3757
-5222
-5179
-5159
-5986
-6576
-8520
-6852
-3018
-1576
-5583
-7043
-3243
-475
843
3625
4808
1950
256
4767
8792
9234
7780
7051
5867
4462
6113
7783
7580
3991
1825
386
-217
-401
427
-76
-3521
-5951
-5462
-3266
-3087
-3345
-3245
-3797
-4134
-2473
679
1291
587
439
1443
1703
2075
3087
3558
2555
1090
891
548
-53
-581
-584
-2191
-4205
-5026
-4762
-5446
-6027
-7202
-8476
-5552
-1587
-2256
-6930
-6404
-1842
-41
1532
4284
4323
798
1084
6574
9243
8790
7211
7170
5470
4903
6650
8177
6624
3126
1773
560
-330
-396
992
-315
-4154
-6171
-4934
-3031
-3227
-3060
-3071
-3891
-4313
-1862
1266
1240
373
475
1659
1446
2214
3362
3663
1966
788
683
359
-291
-482
-819
-2996
-4832
-5214
-4788
-5812
-6219
-8038
-8239
-4628
-1183
-3442
-7515
-5462
-1318
220
2457
4685
3388
122
2532
7822
9443
8459
7118
6959
5001
5513
7205
8327
5419
2349
1346
497
-231
-131
795
-1578
-4850
-5779
-4070
-3088
-3541
-3117
-3152
-3737
-3686
-843
1368
1016
476
1042
1981
1698
2735
3633
3452
1625
865
537
139
-343
-377
-1498
-3847
-5145
-5112
-5153
-6140
-6431
-8652
-7859
-3755
-939
-4569
-7559
-4372
-796
513
3174
5048
2729
-24
3701
8555
9537
8117
7124
6434
4649
5785
7548
8055
4406
1817
785
283
-308
77
421
-2462
-5172
-5475
-3483
-3112
-3492
-3070
-3113
-3647
-3148
-45
1319
883
508
1405
1936
1917
3061
3642
3012
1292
799
384
118
-266
-469
-2094
-4259
-5174
-4823
-5261
-6100
-6926
-8883
-6841
-2572
-1124
-5719
-7156
-3350
-473
875
3802
4766
1658
91
4833
8731
9096
7543
7030
5747
4540
6026
7722
7386
3593
1794
667
110
-608
498
358
-2792
-5396
-5101
-3133
-3107
-3142
-2716
-3085
-3945
-2721
579
1452
784
527
1537
1723
2040
3288
3795
2559
1006
738
529
27
-378
-630
-2541
-4526
-5220
-4704
-5594
-6206
-7680
-8594
-5450
-1647
-2365
-6922
-6205
-2221
-185
1808
4385
3839
441
1250
6430
8927
8686
7153
6816
5033
5062
6566
7924
6272
2811
1559
552
174
-367
643
-752
-3706
-5288
-4187
-2925
-3349
-3130
-2860
-3309
-3718
-1692
948
1142
574
741
1603
1500
2281
3516
3611
1867
684
592
387
-172
-366
-1068
-3393
-4977
-5082
-4763
-5851
-6372
-8372
-7912
-4127
-1173
-4070
-7446
-4894
-1340
250
2865
4641
2586
-190
3038
7901
9218
8203
6947
6380
4724
5837
7352
8061
4969
2275
1304
706
223
57
446
-1989
-4360
-4805
-3399
-3158
-3560
-3020
-2927
-3393
-3141
-710
870
812
677
1264
1529
1294
2447
3597
3188
1341
446
148
-201
-351
-327
-1906
-4341
-5391
-4945
-5243
-5870
-6845
-8731
-6890
-2715
-1466
-5745
-6947
-3224
-598
985
3865
4541
1415
243
5131
8852
9214
7565
6927
5614
4728
6408
8007
7469
3684
1941
963
523
-274
449
130
-2699
-4770
-4492
-3208
-3417
-3203
-2590
-2856
-3520
-2487
5
821
737
860
1576
1292
1360
2576
3370
2547
1083
391
-277
-668
-447
-520
-2502
-4653
-5306
-4947
-5650
-5821
-7480
-8067
-5159
-1573
-2967
-6905
-5651
-1813
-98
1928
4357
3403
222
1552
6805
8986
8561
6968
6536
4673
5055
6933
8319
6211
2794
1398
538
28
-179
1009
-506
-3663
-5276
-4056
-2916
-3105
-2690
-2602
-3265
-3565
-1424
787
921
449
807
1610
1329
1916
2929
3170
1889
981
461
-226
-612
-352
-811
-2980
-4710
-4994
-5071
-5578
-6081
-7875
-6810
-3212
-1575
-5116
-7043
-3832
-1054
362
2993
4166
1565
-191
3749
7905
8668
7638
6659
5719
4247
5739
7509
7854
4594
2073
768
-2
-374
378
939
-1887
-4759
-5282
-3467
-2838
-2705
-2421
-2995
-3789
-3066
-144
1237
779
203
995
1448
1532
2546
3356
2699
1231
854
529
-151
-516
-382
-1478
-3501
-4632
-4730
-5301
-5525
-6986
-7439
-4599
-1621
-3460
-7206
-5593
-1925
-486
1391
3785
2598
-467
1253
6519
8484
7875
6720
6357
4731
4826
6833
8207
6357
3039
1692
469
-316
-250
1291
-35
-3509
-5377
-4370
-3014
-2780
-2182
-2512
-3696
-4112
-1662
997
1242
277
319
1163
1208
1893
3188
3342
1706
624
674
259
-497
-429
-828
-2701
-4458
-4714
-4882
-5557
-6133
-7842
-6329
-2860
-1689
-5629
-7155
-3517
-883
343
2802
3831
1042
-418
3969
8090
8535
7298
6710
5879
4464
5788
7757
8040
4669
2473
1257
118
-652
535
1395
-1643
-4745
-5239
-3531
-3021
-2433
-1988
-3040
-4314
-3465
-117
1411
922
33
627
1047
1189
2446
3565
2806
867
362
451
-193
-482
-241
-1496
-3832
-4942
-4602
-5010
-5548
-6877
-7783
-5097
-1915
-2706
-6558
-5934
-2374
-657
1310
3619
3009
-48
669
5659
8291
8212
6892
6434
4913
4671
6591
8226
6969
3519
2033
825
51
-295
1249
440
-2951
-5231
-4560
-3043
-2895
-2187
-2341
-3497
-4309
-2280
768
1409
627
65
742
793
1586
3165
3686
2097
468
419
354
-104
78
-269
-2357
-4433
-4720
-4383
-4964
-5608
-7603
-7135
-3751
-1468
-4199
-6869
-4612
-1847
-382
2268
3811
1747
-625
2301
6769
8233
7586
6556
5884
4306
5301
7216
8034
5351
2768
1700
647
-166
165
1247
-844
-3847
-5103
-3872
-3125
-2790
-2148
-2682
-3824
-3903
-1133
1014
1206
390
407
652
755
2190
3549
3296
1335
479
387
241
128
359
-904
-3244
-4486
-4378
-4463
-4992
-6107
-7783
-5860
-2385
-2100
-5736
-6295
-3167
-1368
406
3139
3243
449
8
4396
7472
7908
6880
6404
5247
4445
6021
7641
7096
4027
2578
1456
202
-386
938
878
-2060
-4387
-4662
-3601
-3214
-2248
-2082
-3299
-4264
-3036
-146
997
889
314
626
480
1141
2646
3519
2482
858
451
196
-39
89
-6
-1920
-3999
-4623
-4395
-4808
-5363
-7175
-7297
-4146
-1572
-3800
-6607
-4892
-1880
-658
1934
3761
2057
-338
1941
6501
7929
7658
6626
6189
4571
5179
6871
7922
5691
3216
2200
901
-223
-46
1471
-272
-3207
-4705
-4121
-3405
-2884
-1747
-2460
-3930
-4151
-1697
606
925
636
392
606
438
1728
3063
3104
1561
513
270
-151
-207
126
-674
-3033
-4641
-4542
-4365
-4939
-5979
-7825
-6286
-2785
-1722
-5019
-6288
-3670
-1489
213
3116
3506
866
-288
3613
7145
8037
7313
6403
5286
4264
5847
7535
7585
4527
2815
1597
553
-174
814
1226
-1401
-3831
-4448
-3491
-3109
-2384
-1792
-2915
-4035
-3350
-536
835
833
452
609
442
718
2344
3339
2546
919
483
117
-159
99
365
-1490
-3874
-4644
-3998
-4408
-5076
-6544
-7912
-5587
-2046
-2088
-5752
-6132
-3219
-1329
903
3497
2985
59
7
4608
7453
8104
6785
6062
4589
4518
6327
7930
6854
3690
2480
1375
485
-101
1156
533
-2217
-4191
-4006
-3146
-3108
-2381
-2131
-3066
-3836
-2492
116
684
593
430
982
489
1158
2722
3341
2113
681
581
121
67
314
184
-2161
-4047
-4269
-3691
-4580
-5137
-6979
-7665
-4779
-1422
-2683
-6391
-5731
-2745
-1014
1517
3767
2390
-576
674
5528
7687
7798
6381
5770
4196
4832
6733
7971
5969
3157
2241
1236
373
92
1174
-186
-2805
-4347
-3894
-3295
-3168
-2344
-2404
-3327
-3880
-1962
282
664
562
556
941
480
1631
3078
3438
1887
693
491
295
265
415
-319
-2655
-4176
-4194
-3817
-4791
-5310
-7492
-7441
-4086
-1085
-3414
-6754
-5115
-2187
-536
2194
4088
2104
-635
1719
6405
8093
7722
6429
5694
4216
5281
7089
7857
5364
2920
1971
1099
269
166
940
-679
-3225
-4545
-3882
-3394
-3249
-2529
-2622
-3603
-3913
-1620
368
681
434
572
731
577
1895
3173
3257
1653
609
301
320
225
281
-899
-3007
-4310
-4095
-3944
-4901
-5557
-7745
-6881
-3295
-984
-4123
-6751
-4350
-1740
-145
2547
3953
1544
-654
2523
6705
8056
7260
6127
5227
4152
5581
7241
7560
4746
2680
1781
1143
438
523
929
-940
-3276
-4190
-3261
-2999
-2990
-2537
-2609
-3515
-3419
-969
592
555
219
683
768
837
2109
3105
2765
1278
596
356
317
35
-52
-1383
-3172
-4170
-3884
-4026
-5074
-5933
-7901
-6540
-2874
-1098
-4602
-6799
-4258
-1744
-42
2650
3613
1015
-692
2770
6633
7792
6995
5985
5024
4214
5783
7364
7296
4473
2639
1804
1199
630
723
637
-1209
-3106
-3746
-3018
-2953
-3018
-2663
-2544
-3123
-2884
-762
470
398
370
968
1080
1116
2322
3087
2657
1354
790
588
462
120
-252
-1560
-3240
-3850
-3740
-4082
-5279
-5979
-7963
-7189
-3341
-865
-4044
-7035
-4947
-2090
-325
2380
3889
1530
-764
1846
6158
7711
7326
6231
5402
4334
5572
7194
7407
4963
2869
2033
1398
843
536
386
-1104
-2751
-3510
-3048
-3235
-3624
-3023
-2386
-2700
-2855
-1300
-126
36
565
1159
1278
1083
2204
2972
2878
1863
1049
747
647
393
-208
-1393
-3035
-3628
-3768
-4127
-5375
-6052
-8143
-7876
-3812
-885
-3836
-7405
-5544
-2508
-728
2301
4214
1833
-886
1450
6075
7852
7854
6644
5756
4517
5720
7333
7702
5405
3080
2306
1675
1006
393
291
-1100
-2614
-3405
-3145
-3638
-4130
-3260
-2432
-2678
-3004
-1750
-612
-233
576
1154
1189
1021
2072
2867
2870
2145
1310
889
705
484
-93
-1194
-2695
-3416
-3740
-4057
-5241
-5880
-7803
-7981
-4144
-1111
-3304
-7207
-5732
-2722
-875
1947
4087
2111
-780
1086
5644
7697
7773
6596
5688
4573
5495
7150
7564
5603
3068
2461
1939
1218
282
228
-777
-2233
-3111
-3175
-3681
-4249
-3287
-2228
-2464
-3060
-2194
-834
-230
576
1079
1113
984
1858
2794
2910
2304
1348
1030
846
571
-166
-1066
-2291
-3105
-3619
-3966
-5133
-5876
-7313
-8137
-5007
-1557
-2459
-6726
-6507
-3322
-1102
1231
3815
2741
-321
70
4643
7523
7970
6844
5863
4905
5125
6823
7574
6258
3442
2556
2286
1588
210
-25
-447
-1636
-2768
-3293
-3772
-4443
-3589
-2129
-1993
-2861
-2873
-1284
-222
813
1180
1292
1167
1559
2711
3161
2871
1453
1094
959
763
-160
-886
-1878
-2977
-3635
-3999
-4816
-6027
-6882
-8291
-6532
-2850
-1705
-5312
-7300
-4701
-1787
411
3150
3517
712
-772
2893
6951
8205
7471
6269
5339
4834
6354
7459
6962
4353
2832
2422
1915
458
-280
-309
-967
-2235
-3401
-3987
-4570
-4025
-2367
-1636
-2465
-3396
-2153
-359
956
1488
1475
1521
1345
2473
3501
3671
2131
1209
1150
927
156
-572
-1195
-2685
-3729
-4281
-4524
-5723
-6576
-7875
-8214
-5170
-2267
-3300
-6953
-6426
-3196
-775
1715
3632
2467
-289
1013
5489
8032
8272
7158
6166
5182
5891
7139
7300
5807
3666
2655
1943
987
-307
-411
-542
-1662
-3319
-4288
-4595
-4452
-2965
-1756
-2170
-3364
-3043
-842
696
1628
1594
1714
1463
1980
3473
3975
3087
1491
1399
1034
476
-274
-726
-1954
-3504
-4184
-4571
-5012
-6283
-6975
-8459
-7152
-3772
-2064
-4832
-7211
-4921
-1810
394
2716
3497
1320
-34
3063
6862
8269
7879
6461
5606
5198
6367
6780
6687
4769
3011
1899
1271
254
-425
-186
-1054
-2732
-4209
-4431
-4299
-3442
-2096
-2095
-2974
-3322
-1696
304
1319
1711
1465
1698
1744
3036
3838
3603
2162
1427
1366
785
247
-519
-1161
-2836
-3840
-4429
-4585
-5367
-6670
-7512
-8565
-6081
-2967
-2158
-5729
-6897
-3830
-884
1315
3140
3295
858
667
4270
7584
8487
7295
6045
5357
5406
6213
6675
6379
4021
2303
1355
964
-4
-295
-483
-2027
-3665
-4534
-4015
-3723
-2970
-2419
-2669
-2890
-2566
-518
808
1669
1453
1768
2170
2634
3539
3770
3205
1706
1594
1291
889
-205
-826
-1826
-3365
-4205
-4561
-4568
-6041
-7097
-8063
-8401
-5789
-2506
-2287
-6213
-6475
-3185
-339
1574
3672
3491
901
1142
5008
8118
8405
7086
6078
5424
5378
6176
6823
6036
3355
1829
1289
1021
-221
-628
-1307
-2775
-4011
-4051
-3475
-3891
-3457
-2831
-2288
-2397
-1723
-71
904
1552
1713
2601
2795
3046
3537
3708
2805
1668
1857
1469
500
-804
-1269
-2316
-3674
-4259
-4551
-5259
-6958
-7481
-8224
-8326
-5475
-2179
-2985
-6887
-6120
-2498
8
1934
4113
3338
631
1564
5877
8564
8376
6956
6141
5401
5598
6413
6901
5423
2860
1804
1584
862
-792
-1260
-1821
-2844
-3646
-3563
-3817
-4514
-3670
-2305
-1700
-1970
-1317
0
932
1833
2441
3201
3001
3165
3472
3600
2657
1934
2022
1289
-59
-1186
-1471
-2400
-3619
-4223
-4824
-5844
-7179
-7393
-8088
-8212
-5181
-2067
-3233
-6846
-5711
-2084
209
2134
4245
3182
514
1672
6048
8349
7917
6600
5992
5197
5305
5954
6270
4773
2715
1987
1452
203
-1579
-1567
-1652
-2188
-3210
-3719
-4366
-4601
-3159
-1487
-1015
-1569
-1295
-2
1339
2487
3016
3460
3267
3138
3314
3550
2981
2116
1930
1036
-358
-1472
-1593
-2397
-3638
-4492
-5177
-6018
-7142
-7351
-8093
-8388
-5518
-2179
-2809
-6356
-5662
-2244
144
2230
4518
3568
872
1776
5809
7983
7888
6976
6268
5184
4912
5460
5842
4968
3066
2037
901
-473
-1942
-1421
-1126
-1828
-3372
-4266
-4590
-4265
-2582
-933
-687
-1599
-1578
109
1846
2854
3120
3429
3215
2816
3180
3540
2968
1818
1568
712
-729
-1778
-1962
-2642
-3892
-4765
-5436
-6104
-7045
-7333
-7976
-8513
-5731
-2196
-2247
-5815
-5544
-2296
147
2371
4826
4070
1275
1771
5514
7851
8214
7436
6315
4952
4576
5400
5896
5390
3165
1732
380
-530
-1519
-987
-814
-1941
-3545
-4336
-4075
-3641
-2090
-734
-730
-1754
-1522
491
2092
2765
2928
3175
2898
2569
3173
3404
2633
1425
1180
426
-938
-1883
-2281
-2962
-4237
-4928
-5424
-6013
-6992
-7494
-7964
-8522
-5874
-2234
-1960
-5535
-5844
-2565
116
2320
4670
4108
1330
1344
5228
7990
8479
7342
6094
4847
4596
5598
6180
5522
2903
1535
652
131
-1150
-985
-893
-1932
-3297
-3828
-3486
-3390
-2086
-744
-625
-1463
-1129
745
2098
2667
2849
3155
2985
2694
3098
3258
2545
1379
1126
474
-724
-1871
-2424
-3120
-4223
-4658
-5059
-5784
-7026
-7641
-7773
-8223
-5743
-2263
-1835
-5384
-6030
-2641
60
2044
4073
3788
1112
982
4793
7555
7805
6710
5676
4653
4298
5309
5767
4965
2611
1592
936
190
-1127
-1145
-981
-1805
-2803
-3335
-3205
-3272
-2090
-660
-321
-857
-714
930
2147
2833
2998
3384
3323
2886
3038
3198
2671
1411
1207
662
-552
-2088
-2663
-3148
-3935
-4441
-4951
-5854
-7117
-7683
-7427
-7804
-6184
-2877
-1622
-4530
-5858
-2832
-33
1504
3409
4137
1995
1089
3834
6815
7325
6758
5916
4948
4060
4589
5119
4797
3109
1856
903
-18
-1094
-1384
-1003
-1357
-2161
-3120
-3150
-3093
-2149
-667
56
-323
-626
626
2004
2772
3032
3365
3381
2811
2698
2928
2591
1460
1071
672
-678
-2400
-3022
-3045
-3497
-4208
-5118
-6078
-6968
-7249
-6900
-7158
-6978
-4268
-1779
-2722
-5035
-3580
-872
726
2615
4642
3683
1413
2236
5480
7296
7290
6534
5349
3911
3695
4713
5233
4065
2102
895
37
-874
-1458
-807
-620
-1517
-2781
-3011
-2795
-2257
-771
417
142
-576
10
1529
2429
2980
3317
3317
2623
2135
2424
2461
1812
986
447
-937
-2510
-3084
-2797
-3031
-4135
-5295
-6264
-6688
-6658
-6406
-6810
-7753
-5629
-2325
-1609
-4229
-4474
-2052
-163
1967
4435
4402
1569
1197
4504
7194
7555
6636
5518
4139
3748
4910
5578
4564
2412
1387
704
-126
-983
-615
-305
-985
-2041
-2489
-2499
-2397
-1141
315
464
-368
-325
903
1973
2733
3177
3223
2437
1758
1994
2426
1969
906
136
-874
-2125
-2669
-2541
-2829
-4015
-5164
-5869
-6031
-6039
-6238
-6481
-7764
-6699
-3168
-859
-3206
-5224
-3251
-605
1196
3473
4470
2063
532
3083
6517
7177
6437
5304
4456
3794
4523
5168
4723
3019
1722
1352
632
-454
-843
-111
-235
-1223
-2088
-2318
-2385
-1616
197
913
189
-552
325
1775
2714
3140
3083
2609
1644
1682
2345
2210
899
-137
-544
-1559
-2463
-2680
-2760
-3701
-4840
-5433
-5722
-5888
-6348
-6289
-7025
-7371
-4688
-1336
-1756
-4899
-4277
-1279
569
2156
4215
3398
956
1516
4977
6772
6591
5729
4906
3923
3708
4519
4788
4050
2425
1780
1029
-10
-802
-60
518
-313
-1558
-2276
-2277
-1806
-52
1193
744
-432
-355
1288
2557
3089
2899
2559
1740
1255
1856
2198
1312
-84
-617
-1294
-2462
-2913
-2743
-3056
-4238
-5245
-5846
-6042
-6062
-5846
-6049
-7469
-6719
-3034
-848
-3011
-4680
-2620
-497
694
3288
4674
2526
557
2769
5882
6704
6301
5501
4553
3265
3746
4599
4891
3528
2203
1525
588
-263
-316
769
515
-764
-1972
-2083
-1747
-810
821
1088
119
-654
558
2042
2633
2703
2512
2035
1139
1323
1971
1761
401
-586
-1062
-2076
-2840
-2676
-2545
-3546
-4900
-5698
-5849
-5670
-5538
-5793
-6901
-7878
-5271
-1479
-1055
-4106
-4613
-2249
-361
1829
4495
3974
822
485
4012
6510
6735
5978
4959
3614
3150
4442
5224
4832
3047
2230
1418
647
26
604
1162
233
-1027
-1779
-1643
-1503
-179
1036
747
-355
-358
902
1673
2220
2450
2208
1364
856
1277
1670
1103
60
-636
-1318
-2318
-2606
-2255
-2631
-3781
-4904
-5245
-5249
-5140
-5528
-6115
-7171
-7099
-3681
-670
-1863
-5232
-4525
-1700
289
2651
4510
2623
-252
959
4876
6545
6336
5437
4480
3263
3457
4680
5238
4491
2954
2316
1339
462
7
1112
1391
306
-1115
-1747
-1819
-1410
394
1392
639
-701
-560
626
1619
2354
2488
1886
846
413
1121
1540
914
-101
-805
-1549
-2451
-2382
-2258
-2860
-3962
-4789
-4924
-5083
-5269
-5928
-6164
-7083
-6495
-2898
-585
-2753
-5685
-3818
-1031
705
2949
4290
1936
-336
1759
5421
6507
6137
5448
4628
3414
3697
4766
5410
4551
3211
2387
1318
355
307
1790
1819
246
-1534
-1861
-1720
-907
779
1163
-135
-1410
-795
686
1698
2167
1879
1255
345
361
1077
1360
547
-325
-841
-1666
-2503
-2465
-2186
-2791
-3776
-4730
-4981
-5267
-5366
-5637
-5817
-6943
-6551
-3165
-918
-2777
-5143
-3543
-1087
472
2665
3977
2039
112
1864
5235
6296
6306
5745
4895
3457
3678
4963
5758
5084
3571
2531
1272
717
1145
2503
1940
-128
-1635
-1639
-1248
-594
522
370
-841
-1539
-621
694
1347
1550
1390
959
421
360
893
1050
523
-227
-870
-1749
-2566
-2309
-1904
-2382
-3658
-4872
-5159
-5165
-4937
-5231
-5862
-7257
-7063
-3448
-858
-2442
-5453
-4343
-1712
68
2353
3862
2114
-324
1145
4958
6604
6745
5801
4745
3277
3795
5572
6571
5774
3690
2594
1595
1615
1944
2875
1943
-90
-1461
-1494
-1111
-782
75
-3
-864
-1661
-982
172
938
1330
1341
924
180
-45
696
1281
925
-97
-947
-1749
-2265
-1791
-1324
-2004
-3582
-4769
-4796
-4682
-4617
-5314
-6043
-7558
-6773
-2869
-836
-3446
-6372
-4463
-1787
-99
2329
3620
1190
-943
1483
5418
6593
6491
5618
4652
3433
4420
6082
6730
5536
3834
2937
2088
1822
2018
2851
1856
-84
-1558
-1671
-1504
-1084
6
-65
-1217
-2194
-1266
-4
842
1325
1231
664
-247
-89
877
1550
934
-118
-1012
-1730
-2015
-1406
-1056
-2029
-3594
-4714
-4697
-4638
-4652
-5412
-6057
-7521
-6660
-2954
-1201
-3711
-6178
-4226
-1857
-198
2369
3610
1282
-514
1828
5320
6425
6628
6115
5207
3846
4585
6075
6860
5894
4431
3364
2237
1744
2041
2907
1842
-149
-1718
-1843
-1757
-1251
-221
-414
-1668
-2379
-1277
-195
495
1009
910
289
-333
112
920
1350
743
-173
-1050
-1519
-1670
-1258
-1172
-2158
-3598
-4664
-4651
-4659
-4815
-5465
-6102
-7588
-7073
-3433
-1267
-3341
-5956
-4503
-2067
-306
2415
3937
1896
-359
1400
5056
6781
7244
6622
5420
3800
4440
6238
7527
6595
4654
3207
2091
1745
2165
3049
1870
-339
-2001
-2097
-1860
-1310
-398
-587
-1749
-2366
-1537
-372
356
883
693
307
-142
87
862
1345
922
-104
-699
-1156
-1484
-1296
-1040
-1915
-3510
-4580
-4596
-4719
-5004
-5523
-6167
-7885
-7567
-3782
-1364
-3551
-6412
-4942
-2394
-608
2050
3759
1622
-769
1080
5217
7073
7351
6582
5418
3979
4704
6799
8110
7059
4844
3370
2294
1986
2436
3332
2128
-341
-2243
-2380
-1914
-1231
-366
-566
-1824
-2667
-1947
-473
464
847
581
335
-119
-46
898
1643
1200
86
-465
-967
-1373
-1030
-660
-1692
-3401
-4478
-4543
-4747
-4945
-5535
-6292
-8012
-7633
-3894
-1720
-3979
-6750
-5020
-2554
-912
1701
3319
1325
-775
1506
5421
6961
7237
6773
5719
4239
5075
7163
8308
7096
5160
3736
2390
1916
2533
3493
1934
-653
-2446
-2465
-2117
-1393
-363
-714
-2204
-3039
-1862
-386
319
631
605
340
-197
131
1132
1667
981
164
-310
-894
-1397
-1014
-770
-1961
-3504
-4473
-4641
-5052
-5124
-5572
-6368
-8197
-8023
-4216
-1843
-3817
-6631
-5090
-2735
-1155
1778
3745
1922
-441
1570
5417
7089
7752
7413
6166
4334
5146
7317
8588
7462
5373
3795
2309
1911
2437
3385
1814
-848
-2619
-2587
-2108
-1572
-664
-1050
-2424
-3176
-1878
-389
129
351
427
376
12
371
1219
1535
858
208
-84
-616
-1334
-1221
-1051
-1996
-3492
-4464
-4668
-5054
-5216
-5669
-6453
-8232
-8287
-4515
-1878
-3559
-6533
-5296
-2820
-1033
1939
4054
2356
-245
1341
5342
7464
8201
7626
6181
4399
5086
7387
8685
7617
5175
3598
2224
1988
2410
3177
1744
-903
-2569
-2636
-2078
-1676
-901
-1260
-2455
-3048
-1922
-535
36
454
535
408
273
571
1245
1481
1117
460
72
-506
-1200
-1228
-1137
-1883
-3248
-4215
-4760
-5103
-5319
-5664
-6513
-7796
-8589
-5816
-2796
-3030
-5974
-5901
-3437
-1537
973
3519
3047
332
690
4448
7297
8124
7821
6568
4988
4945
7165
8614
8000
5580
4029
2764
2267
2490
3076
2108
-446
-2165
-2470
-2065
-1889
-1212
-1195
-2225
-3005
-2262
-902
-110
379
550
379
319
461
1014
1465
1329
645
191
-214
-897
-1236
-1067
-1554
-2688
-3802
-4599
-5186
-5432
-5539
-6182
-7223
-8746
-7105
-3748
-2408
-4935
-6146
-4266
-2210
22
3049
3849
1286
158
3160
6767
8081
8095
7045
5631
4822
6535
8273
8425
6253
4378
3032
2352
2368
2680
2246
112
-1785
-2653
-2278
-1945
-1495
-1348
-1985
-2791
-2628
-1327
-171
325
361
333
483
395
651
1194
1423
794
287
-160
-777
-1381
-1225
-1468
-2430
-3623
-4721
-5399
-5647
-5500
-6076
-7002
-8824
-7822
-4187
-1997
-4144
-6123
-4592
-2305
-217
2945
4314
2002
181
2640
6526
8059
8380
7499
6236
4918
6196
7946
8582
6861
4818
3304
2236
2214
2445
2460
598
-1370
-2656
-2611
-2141
-1631
-1253
-1831
-2737
-2900
-1777
-475
118
329
208
298
125
341
923
1305
852
264
-178
-858
-1365
-1329
-1355
-2347
-3479
-4662
-5374
-5608
-5434
-5862
-6714
-8336
-8511
-5035
-1988
-2992
-5772
-4927
-2488
-630
2112
4494
3119
713
1863
5821
7790
8409
8089
6956
5219
5487
7535
8578
7634
5366
3781
2203
2032
2342
2813
1331
-1000
-2521
-2720
-2204
-1794
-1217
-1564
-2725
-3152
-2202
-784
-245
28
29
0
-55
-32
630
1004
791
143
-103
-770
-1359
-1349
-1167
-1997
-3258
-4297
-5080
-5362
-5239
-5393
-6301
-7693
-8826
-6201
-2549
-2105
-4958
-5526
-3311
-1497
899
3958
3986
1246
844
4343
7297
8241
8308
7332
5557
4985
7043
8706
8328
6011
4214
2773
2373
2563
2864
1976
-332
-2044
-2480
-2058
-1941
-1639
-1488
-2293
-3000
-2601
-1329
-633
-277
5
-7
-72
-307
173
811
982
395
10
-550
-1174
-1257
-890
-1412
-2754
-3854
-4751
-5124
-5035
-4875
-5798
-7119
-8764
-7440
-3620
-1678
-3706
-5814
-4493
-2485
-242
3108
4544
2143
237
2584
6399
8071
8523
7651
6030
4785
6301
8358
8733
6974
4818
3377
2461
2530
2557
2373
632
-1342
-2398
-2488
-2296
-2014
-1313
-1704
-2698
-3074
-2147
-985
-266
274
39
-218
-623
-272
613
1267
833
0
-595
-1131
-1297
-1025
-1026
-2235
-3566
-4722
-5138
-4993
-4691
-5310
-6600
-8349
-8503
-4953
-1699
-2352
-5399
-5377
-3173
-995
2187
4731
3392
518
1283
5290
7866
8727
8195
6735
5098
5617
7827
8875
8047
5762
4082
2593
2333
2458
2610
1558
-655
-2252
-2975
-2766
-2320
-1424
-1424
-2628
-3438
-3047
-1628
-592
136
-66
-502
-795
-732
246
1162
1260
232
-437
-958
-1193
-1093
-809
-1511
-2947
-4237
-5068
-4965
-4724
-4946
-6052
-7390
-8667
-6670
-2767
-1609
-4234
-5747
-3821
-1641
796
3854
4374
1817
777
3735
7055
8409
8618
7564
6051
5276
6984
8574
8804
6927
4907
3267
2386
2476
2582
2295
230
-1781
-2953
-2931
-2578
-1977
-1539
-2335
-3355
-3574
-2554
-1270
-513
-246
-575
-732
-1073
-472
721
1414
783
-77
-537
-946
-912
-572
-774
-2135
-3517
-4618
-4859
-4633
-4716
-5638
-6848
-8244
-8097
-4602
-1940
-3073
-5770
-5195
-2814
-691
2209
4186
2939
683
1708
5396
7838
8672
8024
6777
5538
6188
8158
9198
8293
5971
4268
3050
2872
2821
2875
1551
-690
-2362
-2826
-2583
-2300
-1625
-1793
-2881
-3752
-3444
-2115
-1021
-310
-459
-800
-1255
-1066
271
1461
1315
237
-304
-585
-558
-310
-334
-1550
-2997
-4028
-4397
-4394
-4631
-5451
-6628
-7754
-8656
-6088
-2717
-2429
-5292
-6088
-3950
-1746
901
3672
3614
1113
643
3876
7163
8483
8506
7419
6116
5722
7649
9063
8972
7045
5203
3561
2778
2757
2964
2317
183
-1854
-3079
-3026
-2703
-1818
-1608
-2733
-4072
-4127
-2832
-1458
-499
-410
-943
-1277
-1183
6
1235
1476
559
-70
-293
-440
-364
-245
-1129
-2503
-3512
-4067
-4308
-4670
-5078
-6206
-6966
-8536
-7431
-3859
-1913
-4086
-6086
-4587
-2422
-328
2821
4416
2316
618
2685
6380
8042
8829
8325
7142
5735
6845
8670
9294
7901
5911
4145
2749
2443
2587
2569
725
-1533
-3126
-3477
-3186
-2529
-1996
-2829
-4237
-4591
-3465
-1970
-1020
-652
-1097
-1206
-1032
-76
986
1480
862
236
129
-68
-249
-281
-673
-1994
-2955
-3730
-4125
-4618
-4808
-5580
-6491
-7545
-8299
-5793
-2620
-2280
-5010
-5452
-3376
-1248
1216
4130
4179
1867
1492
4572
7517
8856
9161
8195
6667
5986
7637
9076
9084
6969
4861
3057
2351
2238
2454
1698
-662
-2710
-3663
-3481
-3112
-2565
-2617
-3719
-4566
-4165
-2791
-1509
-927
-871
-1164
-845
-458
629
1372
1411
672
292
313
32
-30
-497
-1238
-2461
-3227
-3995
-4410
-4716
-5239
-6171
-7029
-8174
-7939
-4705
-2181
-3265
-5837
-5218
-2865
-546
2353
4617
3361
1071
1929
5751
8506
9507
8949
7392
5929
6412
8596
9856
8763
6014
3817
2674
2591
2751
2655
938
-1628
-3317
-3581
-3021
-2576
-2502
-3100
-4136
-4393
-3715
-2073
-1089
-778
-1075
-968
-562
17
1177
1613
1310
393
342
266
211
-173
-824
-1702
-2821
-3622
-4406
-4501
-4938
-5650
-6730
-7630
-8781
-7232
-3456
-1979
-4355
-6335
-4626
-2048
577
3717
4830
2320
732
3239
7409
9360
9631
8352
6724
5954
7482
9470
9779
7713
4957
3367
2719
2698
2531
1938
-197
-2490
-3694
-3558
-2935
-2853
-3031
-3711
-4323
-4382
-3300
-1615
-1073
-1092
-1191
-622
-285
397
1399
1401
881
189
504
237
43
-604
-1060
-2021
-3154
-3864
-4384
-4429
-5110
-5772
-6958
-7890
-8562
-5688
-2309
-2035
-5070
-5894
-3484
-759
1947
4784
4495
1707
1329
4879
8486
9577
9379
7745
6502
6287
8190
9313
9072
6557
4327
2937
2407
2144
1845
1076
-1194
-3205
-4105
-3738
-3295
-3268
-3324
-4073
-4586
-4423
-2804
-1459
-1260
-1156
-1023
-373
-299
784
1308
1357
666
374
417
168
-26
-621
-1047
-2326
-3326
-3951
-4036
-4347
-5064
-5931
-7010
-7922
-7600
-4176
-1677
-2668
-5471
-5063
-2210
226
2984
5028
3782
1377
2229
6192
8880
9670
8854
7318
6190
6665
8386
9159
8353
5633
3692
2375
2152
1874
1743
381
-2064
-3811
-4062
-3456
-3206
-3221
-3569
-4398
-4586
-3750
-2066
-1481
-1358
-1156
-707
-242
4
952
1150
1210
533
524
342
189
-242
-701
-1371
-2640
-3516
-3962
-4031
-4634
-5368
-6397
-7260
-8081
-6836
-3373
-1862
-3801
-6011
-4370
-1552
782
3508
4726
2764
985
3172
7157
9249
9464
8292
6956
6192
7214
8856
9382
7614
4917
3389
2680
2383
2024
1720
-154
-2521
-3730
-3414
-3040
-3186
-3236
-3597
-4206
-4178
-3081
-1798
-1549
-1253
-885
-302
-208
88
855
1163
1016
402
502
178
-142
-525
-797
-1763
-3082
-3769
-4113
-4239
-4907
-5625
-6910
-7655
-8195
-6154
-2827
-2080
-4535
-6130
-3789
-970
1597
4134
4577
2147
1192
4140
8050
9570
9377
7939
6807
6343
7730
9246
9271
6995
4460
3308
2735
2385
1951
1370
-851
-2922
-3726
-3350
-3285
-3496
-3439
-3845
-4302
-4139
-3025
-2003
-1652
-1083
-737
-296
-435
79
882
1297
992
438
431
-50
-230
-415
-657
-1934
-3130
-3816
-4081
-4184
-4743
-5574
-6962
-7525
-7881
-5634
-2514
-2020
-4537
-5796
-3251
-474
2080
4416
4541
2141
1508
4676
8399
9589
9158
7754
6738
6269
7725
9159
8973
6499
4146
3075
2410
2056
1718
982
-1400
-3242
-3876
-3626
-3660
-3744
-3579
-4033
-4430
-4285
-3196
-2149
-1536
-813
-620
-447
-683
160
1130
1653
1173
511
238
-108
-19
-119
-512
-1962
-3119
-3798
-3834
-3976
-4604
-5501
-6699
-7191
-7563
-5296
-2400
-2039
-4433
-5311
-2752
-222
2122
4277
4341
2165
1813
5063
8367
9259
8761
7629
6704
6226
7606
8785
8507
6062
4020
2905
2227
1784
1427
701
-1517
-3151
-3857
-3678
-3805
-3756
-3460
-3849
-4269
-4306
-3116
-2039
-1235
-601
-460
-502
-666
404
1415
1919
1177
506
222
113
147
-11
-473
-1980
-3184
-3652
-3669
-4047
-4836
-5466
-6590
-7124
-7566
-5570
-2845
-2322
-4250
-5161
-2720
-456
1661
3723
4230
2333
1948
4932
8018
8831
8532
7780
6969
6370
7448
8486
8272
6146
4265
3156
2295
1686
1196
668
-1188
-2832
-3713
-3737
-3861
-3800
-3308
-3599
-4143
-4332
-3176
-2003
-1225
-594
-441
-498
-597
411
1423
1857
1178
512
389
282
184
38
-437
-1859
-3137
-3495
-3656
-4021
-4746
-5335
-6569
-7107
-7500
-6086
-3295
-2229
-3724
-5112
-3018
-723
1298
3459
4553
2902
2067
4460
7661
8780
8834
8257
7391
6511
7119
8314
8432
6787
4687
3433
2208
1474
953
771
-751
-2720
-4045
-4263
-4150
-4029
-3480
-3626
-4397
-4810
-3765
-2224
-1395
-816
-653
-643
-646
203
1338
1850
1423
652
550
421
297
202
-192
-1450
-2883
-3372
-3562
-3741
-4287
-5080
-6390
-7056
-7250
-6468
-3715
-2131
-3171
-5069
-3571
-1059
965
3066
4579
3492
2196
3797
7066
8835
9135
8608
7604
6600
6655
8049
8662
7536
5055
3418
2099
1383
939
887
-341
-2662
-4405
-4713
-4274
-4096
-3699
-3722
-4585
-5190
-4252
-2409
-1443
-978
-782
-722
-633
103
1370
2030
1757
864
594
550
519
473
57
-1055
-2651
-3282
-3428
-3418
-3961
-4968
-6220
-7005
-6974
-6683
-4223
-2371
-2813
-4884
-4124
-1506
573
2488
4262
3924
2358
3119
6388
8797
9188
8685
7664
6672
6290
7883
8811
7892
5159
3347
2223
1506
1174
968
-142
-2599
-4293
-4595
-4037
-3964
-3795
-3724
-4421
-5005
-4191
-2341
-1338
-964
-633
-489
-418
223
1521
2304
1939
1002
561
662
759
618
94
-1083
-2610
-3303
-3297
-3431
-4135
-5236
-6245
-7078
-6988
-6936
-5123
-3027
-2740
-4411
-4493
-2091
31
1875
3926
4406
2870
2793
5563
8420
9104
8897
7856
6875
6133
7526
8689
8063
5524
3381
2385
1547
1246
816
-29
-2358
-4075
-4563
-4020
-3903
-3971
-3782
-4222
-4722
-4276
-2507
-1330
-964
-600
-333
-196
223
1406
2249
1958
1060
633
806
916
572
6
-1027
-2319
-2990
-3022
-3424
-4264
-5185
-5858
-6603
-6710
-6833
-5930
-3552
-2387
-3239
-4201
-2464
-443
1451
3759
5095
3852
2839
4638
7642
9031
9132
8223
7005
6023
6717
8159
8051
6058
3533
2322
1421
986
485
-99
-1978
-3926
-4757
-4393
-4046
-4208
-4020
-4167
-4615
-4509
-3019
-1534
-1068
-734
-425
-120
162
1052
1927
1936
1284
781
896
961
609
45
-642
-1714
-2525
-2820
-3258
-4009
-4691
-5217
-5893
-6329
-6485
-6319
-4102
-2192
-2204
-3676
-2997
-987
908
3216
5103
4531
2865
3645
6575
8697
9000
8356
7058
6026
6064
7591
7958
6513
3979
2523
1710
1034
475
-128
-1459
-3506
-4489
-4443
-4068
-4337
-4229
-4108
-4413
-4567
-3512
-1928
-1286
-966
-599
-172
45
681
1596
1969
1476
965
947
998
670
296
-167
-1117
-2189
-2749
-3070
-3670
-4179
-4740
-5374
-6179
-6377
-6493
-4782
-2512
-1824
-3230
-3691
-1884
225
2377
4450
4624
2929
2758
5340
8049
8660
8346
7118
6121
5706
7129
7892
6936
4726
2933
2145
1246
735
80
-762
-2694
-3981
-4157
-3969
-4063
-4015
-3598
-3969
-4396
-3778
-2163
-1119
-779
-433
-270
-91
426
1578
2259
1806
1030
818
919
718
627
334
-718
-2157
-2961
-3044
-3368
-3771
-4399
-5241
-6282
-6683
-6524
-5449
-3057
-1949
-2880
-4221
-2942
-446
1656
3627
4356
3145
2205
4050
7115
8343
8253
7202
6186
5602
6496
7681
7297
5586
3360
2338
1487
949
307
-238
-1763
-3466
-3993
-3877
-3879
-3898
-3437
-3580
-4226
-4029
-2658
-1316
-754
-460
-371
-341
116
1183
2182
2076
1267
766
812
803
860
825
-131
-1688
-2783
-2856
-2933
-3177
-3768
-4799
-5947
-6540
-6178
-5728
-3806
-2156
-2284
-3914
-3622
-1179
941
2613
3911
3654
2308
2932
5763
7821
8068
7445
6461
5784
5881
7067
7416
6353
4036
2514
1784
1135
440
-91
-954
-2856
-3834
-3895
-3752
-4064
-3849
-3530
-3933
-4096
-3309
-1919
-1199
-809
-504
-281
-3
620
1691
2131
1640
954
863
1013
1005
1031
355
-988
-2206
-2523
-2448
-2756
-3319
-4415
-5290
-5924
-5717
-5582
-4851
-3076
-2175
-2800
-3677
-2111
-178
1336
2787
3845
2993
2371
4037
6568
7564
7514
6931
6113
5615
6146
7119
6847
5174
3082
2164
1439
735
123
-262
-1707
-3308
-3770
-3616
-3802
-3984
-3556
-3446
-3874
-3719
-2660
-1527
-1068
-658
-290
-46
223
1023
2004
1914
1196
737
1025
1107
997
586
-443
-1627
-2321
-2271
-2413
-3096
-4088
-4933
-5282
-5505
-5391
-5457
-4485
-2908
-2197
-2891
-3115
-1468
56
1524
3176
3743
2648
2703
4785
6838
7394
7326
6587
5780
5572
6464
7051
6145
4231
2572
1955
1162
565
67
-633
-2246
-3369
-3392
-3410
-3631
-3562
-3065
-3324
-3644
-3060
-1793
-955
-655
-304
-99
138
758
1795
2156
1493
772
782
1165
1105
761
-35
-1206
-2140
-2311
-2208
-2707
-3668
-4585
-5162
-5405
-5404
-5358
-5573
-4387
-2693
-2193
-3131
-2874
-1133
229
1755
3470
3554
2407
2963
5231
6856
7129
7022
6293
5632
5568
6495
6638
5458
3627
2508
1932
1020
422
-1
-828
-2377
-3093
-3080
-3312
-3452
-3116
-2814
-3376
-3438
-2536
-1326
-801
-617
-442
-277
278
1163
1990
1745
1031
590
1014
1255
1128
578
-379
-1479
-1967
-1817
-2033
-2769
-3766
-4411
-4866
-4959
-4959
-5207
-5620
-4219
-2310
-1960
-3088
-2742
-1124
119
1706
3516
3377
2173
2819
5023
6376
6687
6709
6037
5288
5098
5953
6016
5041
3474
2553
1755
780
281
88
-668
-2110
-2783
-2981
-3165
-3110
-2661
-2578
-3112
-3104
-2262
-1217
-804
-694
-549
-149
444
1138
1622
1331
818
736
1192
1177
920
364
-420
-1252
-1497
-1621
-2070
-2836
-3555
-3928
-4177
-4404
-4823
-5208
-5398
-3742
-1921
-1722
-3057
-2871
-1308
116
1790
3336
2983
1789
2411
4580
5985
6457
6283
5488
4669
4651
5579
5750
4981
3437
2451
1618
928
552
420
-322
-1728
-2492
-2688
-2614
-2546
-2214
-2202
-2746
-2841
-2107
-1133
-869
-729
-511
-163
179
709
1150
982
655
625
822
710
525
178
-458
-1163
-1527
-1840
-2250
-2879
-3323
-3637
-3960
-4418
-4881
-5116
-5084
-3522
-1902
-1826
-3148
-2920
-1196
248
1683
2949
2702
1664
2285
4457
5873
6189
5843
5117
4412
4559
5575
5805
4931
3333
2422
1796
1272
975
797
-28
-1422
-2096
-2136
-2016
-1928
-1736
-1865
-2560
-2570
-1809
-926
-707
-566
-482
-436
-43
576
1077
777
424
277
385
418
396
122
-697
-1422
-1752
-1886
-2213
-2679
-3138
-3706
-4195
-4428
-4572
-4730
-4905
-3756
-2264
-1893
-2904
-2710
-1233
-133
959
2410
2720
1755
2067
3864
5272
5546
5541
5015
4420
4353
5356
5781
5056
3578
2729
2235
1639
1355
1235
574
-834
-1596
-1667
-1531
-1545
-1557
-1755
-2402
-2557
-1954
-1112
-835
-899
-980
-910
-389
174
637
427
83
-57
193
452
429
64
-703
-1287
-1438
-1408
-1682
-2192
-2832
-3439
-3804
-3779
-3918
-4253
-4746
-3973
-2384
-1567
-2344
-2681
-1782
-898
293
2060
2718
1609
1370
2750
4344
5033
5361
4824
4110
3877
4906
5715
5338
3948
2971
2519
1969
1818
1825
1259
-260
-1123
-1151
-1017
-1166
-1328
-1544
-2190
-2514
-2018
-1218
-989
-1275
-1387
-1228
-758
-339
127
129
-212
-356
3
354
273
-58
-558
-1030
-1167
-1060
-1324
-1891
-2534
-2954
-3200
-3255
-3509
-3956
-4411
-3975
-2384
-1396
-2028
-2885
-2340
-1356
-140
1551
2294
1227
597
1753
3527
4530
4921
4426
3694
3527
4469
5527
5450
4267
3167
2801
2497
2396
2366
1807
454
-463
-533
-530
-740
-951
-1237
-1805
-2223
-1890
-1306
-1056
-1295
-1429
-1373
-1083
-660
-173
42
-260
-448
-266
58
156
45
-267
-767
-1048
-1088
-1308
-1743
-2141
-2503
-2914
-3295
-3551
-3879
-4095
-4066
-2841
-1787
-2053
-3121
-2893
-1707
-672
637
1638
1161
213
929
2822
4028
4438
4244
3741
3507
4107
5369
5668
4840
3516
3270
3111
2971
2739
2378
1272
120
-71
-16
-286
-760
-1066
-1500
-1929
-1871
-1386
-1151
-1368
-1675
-1538
-1320
-871
-518
-144
-330
-600
-527
-143
148
164
-4
-452
-869
-1089
-1161
-1316
-1582
-2093
-2647
-3146
-3442
-3667
-3730
-3992
-3798
-2635
-2046
-2758
-3482
-2595
-1524
-618
580
1245
480
81
1407
3190
4026
4301
4152
3893
3939
4853
5863
5746
4712
3884
3878
3559
3232
2896
2326
1129
312
276
106
-514
-1027
-1361
-1702
-2096
-1865
-1615
-1595
-2013
-2037
-1699
-1387
-1047
-795
-447
-733
-841
-498
70
176
-4
-154
-550
-899
-939
-782
-981
-1664
-2282
-2650
-2835
-3148
-3335
-3567
-4079
-3626
-2358
-2016
-3085
-3455
-2416
-1523
-561
703
1038
108
137
1744
3364
4098
4351
4268
4048
4214
5174
5955
5710
4719
4183
3971
3480
3081
2821
2242
1093
355
133
-272
-846
-1156
-1369
-1865
-2261
-2082
-1883
-1875
-2081
-1888
-1716
-1468
-1197
-787
-530
-786
-692
-272
86
-99
-133
-178
-565
-781
-611
-649
-1328
-1909
-2113
-2236
-2557
-2958
-3301
-3809
-4121
-3116
-1961
-2179
-3422
-3337
-2329
-1417
-302
901
669
-236
296
2088
3595
4150
4379
4100
3916
4251
5401
5986
5474
4447
4024
3765
3333
3087
2812
1971
813
208
43
-413
-901
-1163
-1434
-1945
-2218
-1949
-1830
-1876
-1932
-1670
-1560
-1316
-987
-560
-382
-498
-393
-150
-21
-120
13
-23
-470
-715
-733
-1007
-1538
-1742
-1942
-2312
-2809
-3201
-3634
-3947
-4045
-3199
-2208
-2411
-3441
-3505
-2387
-1424
-330
777
639
-216
336
2166
3748
4304
4514
4154
3912
4289
5484
6091
5575
4509
3965
3805
3433
3239
2882
1978
754
150
27
-395
-939
-1240
-1499
-1960
-2236
-1952
-1825
-1900
-1956
-1629
-1495
-1281
-859
-417
-255
-392
-286
-100
86
116
200
116
-414
-764
-889
-975
-1370
-1687
-2057
-2547
-3065
-3413
-3627
-3891
-4158
-3918
-2802
-2483
-3086
-3532
-2669
-1718
-880
397
987
376
301
1748
3469
4294
4694
4597
4202
4133
5071
5989
5920
5008
4138
3855
3443
3183
2947
2351
1129
179
-78
-335
-864
-1202
-1345
-1712
-2152
-2098
-1900
-1868
-1916
-1609
-1370
-1288
-1066
-645
-308
-329
-315
-117
-11
-30
-29
28
-367
-819
-949
-1072
-1392
-1822
-2094
-2601
-2951
-3302
-3388
-3751
-3990
-4230
-3351
-2397
-2387
-2944
-2830
-1941
-1278
4
1240
1290
647
1172
2679
3911
4601
4875
4480
3974
4225
5348
5811
5389
4318
3707
3230
2929
2886
2576
1661
442
-1
-184
-501
-910
-1050
-1298
-1753
-1900
-1810
-1743
-1759
-1522
-1217
-1203
-1154
-978
-599
-407
-329
-299
-286
-379
-498
-371
-385
-750
-1113
-1288
-1515
-1870
-2023
-2327
-2714
-3021
-3163
-3392
-3655
-3758
-3650
-2624
-1880
-1979
-2546
-2180
-1346
-494
856
1773
1417
855
1551
3009
4059
4669
4641
4073
3683
4233
5274
5520
4865
3740
3162
2842
2826
2791
2334
1273
225
-68
-74
-330
-726
-1004
-1343
-1781
-1806
-1622
-1638
-1741
-1601
-1399
-1421
-1334
-1140
-866
-761
-727
-748
-735
-770
-812
-685
-684
-1011
-1354
-1459
-1535
-1736
-1856
-2128
-2506
-2799
-2841
-2855
-3022
-3222
-3186
-2155
-1340
-1412
-2057
-1766
-1081
-250
1041
2017
1490
692
1336
2833
3882
4480
4513
3812
3363
3966
5169
5493
4782
3592
3060
2850
2845
2908
2551
1376
269
31
37
-296
-579
-856
-1258
-1754
-1830
-1773
-1805
-1822
-1759
-1606
-1715
-1756
-1662
-1219
-1036
-985
-1052
-1107
-1102
-991
-732
-711
-970
-1368
-1482
-1439
-1424
-1547
-1803
-2189
-2502
-2532
-2398
-2514
-2765
-2975
-2262
-1165
-865
-1604
-1855
-1204
-440
605
1841
1765
663
704
2183
3511
4159
4418
3786
3147
3398
4688
5395
5054
3853
3029
2894
2905
3036
2867
2015
647
139
209
66
-231
-510
-924
-1557
-1831
-1802
-1751
-1722
-1828
-1849
-2007
-2085
-2034
-1543
-1241
-1315
-1425
-1467
-1336
-1104
-758
-734
-1026
-1323
-1338
-1143
-1062
-1187
-1484
-1862
-2088
-2029
-1872
-2138
-2535
-2729
-2406
-1387
-664
-1083
-1990
-1781
-828
120
1144
1585
858
254
1178
2814
3771
4075
3757
3206
3123
4005
5035
5164
4395
3359
3081
3072
3181
3024
2557
1467
548
352
320
57
-380
-747
-1324
-1850
-1986
-1878
-1879
-2068
-2253
-2369
-2450
-2339
-1983
-1574
-1581
-1670
-1630
-1401
-1098
-745
-562
-694
-946
-889
-653
-543
-673
-897
-1141
-1448
-1477
-1434
-1616
-2199
-2422
-2404
-1939
-1155
-835
-1558
-2250
-1685
-653
181
809
996
388
295
1409
2955
3573
3660
3392
3194
3386
4232
5053
4973
4250
3402
3262
3271
3298
2978
2432
1443
520
323
330
-15
-622
-1104
-1684
-2204
-2227
-2025
-2154
-2563
-2824
-2809
-2654
-2331
-2077
-1789
-1848
-1789
-1452
-975
-688
-535
-363
-387
-406
-267
-47
-179
-343
-474
-630
-898
-1093
-1256
-1555
-1958
-2185
-2236
-2083
-1425
-1017
-1472
-2215
-1836
-935
-230
395
921
500
179
1073
2574
3338
3506
3497
3273
3368
3989
4921
5039
4438
3544
3248
3209
3093
2901
2483
1515
323
21
50
-342
-873
-1309
-1907
-2627
-2657
-2425
-2457
-2844
-3027
-2983
-2814
-2462
-2156
-1799
-1741
-1635
-1195
-640
-359
-190
16
71
73
252
380
197
-49
-102
-243
-533
-832
-1086
-1436
-1821
-2030
-2144
-2282
-1743
-1100
-1365
-2270
-2082
-1225
-636
43
893
653
57
748
2239
3187
3518
3684
3423
3426
3937
4904
5206
4743
3792
3369
3319
3127
2875
2525
1635
358
-87
-91
-557
-1178
-1562
-2061
-2808
-2949
-2750
-2787
-3087
-3154
-2968
-2809
-2507
-2179
-1739
-1555
-1389
-982
-381
-92
105
386
451
357
455
680
560
261
52
-135
-481
-801
-929
-1190
-1688
-2219
-2312
-2475
-2127
-1358
-1212
-2265
-2764
-1874
-1029
-369
521
739
-67
58
1482
2899
3446
3667
3455
3262
3591
4545
5193
4964
4048
3335
3220
3149
2915
2606
1914
732
-100
-174
-448
-1025
-1530
-1905
-2510
-2924
-2814
-2740
-2828
-2960
-2711
-2578
-2376
-2132
-1604
-1170
-1007
-776
-367
-47
153
557
792
610
447
548
640
451
267
4
-398
-849
-1027
-1095
-1497
-2145
-2519
-2545
-2632
-1960
-1346
-1762
-2887
-2640
-1517
-843
-126
672
357
-190
547
2206
3180
3552
3619
3435
3399
3890
4846
5080
4574
3586
3296
3145
2922
2609
2294
1416
242
-202
-321
-726
-1340
-1641
-2017
-2602
-2778
-2671
-2608
-2721
-2581
-2302
-2163
-2023
-1778
-1184
-753
-497
-244
78
162
328
797
981
794
608
612
424
191
137
-90
-563
-1116
-1349
-1651
-2101
-2632
-2753
-2881
-3090
-2409
-1876
-2231
-3089
-2492
-1502
-1003
-207
653
404
95
1008
2502
3256
3680
3844
3743
3705
4162
4946
5053
4565
3689
3458
3147
2780
2432
2125
1204
93
-256
-470
-973
-1556
-1776
-2166
-2681
-2736
-2686
-2637
-2724
-2466
-2214
-1994
-1839
-1579
-1012
-545
-241
10
348
435
609
963
1124
966
778
705
516
282
144
-175
-602
-1160
-1468
-1796
-2213
-2773
-2973
-3055
-3318
-2688
-2105
-2217
-3090
-2585
-1631
-1079
-279
641
653
277
1012
2379
3298
3778
4013
3893
3769
4046
4780
5065
4781
3912
3442
3003
2641
2373
2113
1300
109
-447
-704
-1053
-1549
-1813
-2227
-2755
-2867
-2726
-2567
-2616
-2483
-2289
-2045
-1747
-1428
-881
-495
-282
-50
391
629
729
943
1038
920
755
774
648
345
-1
-370
-683
-1136
-1507
-1818
-2250
-2850
-3174
-3117
-3362
-2830
-2199
-2229
-3150
-2810
-1773
-1151
-409
538
673
204
791
2198
3274
3757
4033
3866
3746
3936
4765
5221
5105
4196
3550
3131
2807
2605
2374
1716
438
-337
-605
-848
-1288
-1552
-1898
-2494
-2761
-2596
-2373
-2360
-2274
-2113
-1936
-1627
-1299
-818
-392
-199
-53
356
620
621
773
957
838
610
582
454
71
-257
-541
-898
-1423
-1861
-2186
-2555
-2994
-3358
-3430
-3794
-3322
-2450
-2243
-3145
-3081
-2125
-1462
-657
551
802
212
540
1957
3161
3796
4187
4035
3819
3858
4719
5343
5373
4438
3764
3355
2930
2684
2561
2022
723
-144
-460
-764
-1222
-1415
-1620
-2181
-2560
-2517
-2349
-2281
-2162
-1886
-1698
-1507
-1312
-838
-341
-15
155
484
655
591
754
998
1015
744
588
321
-23
-359
-518
-849
-1460
-2106
-2448
-2705
-3080
-3459
-3601
-3997
-4002
-2935
-2154
-2706
-3334
-2582
-1778
-968
334
1226
671
361
1396
2951
3921
4477
4426
4016
3790
4371
5349
5692
4994
3867
3369
2938
2748
2616
2310
1093
-167
-631
-790
-1143
-1489
-1645
-2128
-2643
-2742
-2539
-2375
-2286
-2053
-1810
-1595
-1449
-1071
-451
-5
187
415
698
635
734
1050
1207
961
698
434
97
-223
-415
-671
-1204
-1898
-2420
-2631
-2940
-3370
-3664
-3762
-4112
-3517
-2490
-2271
-3156
-3052
-2092
-1247
-241
970
1104
508
822
2251
3618
4355
4551
4168
3915
4027
4950
5583
5499
4308
3448
3070
2946
2781
2432
1680
338
-518
-718
-851
-1309
-1729
-1977
-2434
-2714
-2663
-2456
-2339
-2204
-1859
-1608
-1400
-1285
-766
-133
324
398
599
680
647
886
1321
1292
770
408
171
-62
-343
-552
-1057
-1724
-2342
-2607
-2836
-3276
-3762
-3856
-3955
-4085
-3250
-2457
-2674
-3396
-2695
-1628
-864
156
1163
1058
697
1466
3004
4117
4610
4632
4398
4232
4529
5426
5853
5358
4101
3469
3124
2972
2671
2252
1231
-87
-713
-867
-1105
-1694
-2057
-2324
-2749
-2907
-2679
-2453
-2432
-2177
-1750
-1458
-1294
-1039
-457
140
556
638
806
813
808
1116
1534
1285
633
284
66
-193
-483
-830
-1565
-2320
-2839
-2985
-3255
-3759
-4333
-4405
-4493
-4405
-3387
-2557
-2932
-3590
-2730
-1571
-722
428
1488
1315
1058
1930
3587
4728
5258
5189
4959
4756
5079
5964
6452
5803
4371
3584
3178
2968
2640
2258
1090
-397
-1111
-1227
-1465
-2003
-2352
-2693
-3144
-3216
-2834
-2495
-2448
-2208
-1835
-1444
-1197
-802
-164
389
694
805
1020
1045
1075
1320
1612
1256
612
249
11
-311
-717
-1178
-1977
-2784
-3325
-3429
-3660
-4184
-4752
-4903
-4878
-4720
-3562
-2582
-2779
-3489
-2738
-1462
-455
756
1916
1847
1508
2323
3972
5189
5709
5650
5305
5046
5260
6072
6503
5854
4337
3406
2946
2640
2262
1877
786
-744
-1503
-1617
-1856
-2293
-2527
-2812
-3227
-3249
-2811
-2383
-2196
-1954
-1591
-1219
-911
-493
216
712
888
956
1146
1194
1241
1440
1493
1094
464
119
-135
-452
-1013
-1589
-2319
-3037
-3518
-3666
-3838
-4337
-4755
-4919
-4759
-4634
-3664
-2600
-2388
-2900
-2457
-1209
-170
909
2133
2457
2104
2578
3928
5120
5655
5801
5465
5146
5064
5619
5979
5613
4309
3236
2692
2229
1851
1486
753
-666
-1596
-1831
-1997
-2284
-2405
-2546
-2930
-3034
-2696
-2206
-1798
-1556
-1227
-916
-577
-282
377
960
1067
1042
1079
1150
1076
1215
1160
822
198
-315
-632
-929
-1456
-2145
-2696
-3363
-3867
-4132
-4189
-4564
-4921
-5051
-4806
-4622
-4035
-2868
-2179
-2335
-2330
-1187
16
988
2107
3034
2851
2841
3773
5115
5740
6015
5876
5522
5220
5370
5748
5668
4780
3487
2783
2195
1697
1301
896
-153
-1354
-1930
-2130
-2300
-2370
-2326
-2502
-2769
-2696
-2307
-1734
-1306
-936
-629
-377
-196
202
900
1287
1284
1145
1040
889
839
885
694
187
-520
-1058
-1422
-1789
-2386
-2906
-3421
-3971
-4414
-4511
-4592
-4861
-5008
-4878
-4541
-4337
-3320
-2059
-1530
-1850
-1348
-149
953
1950
3217
3691
3242
3409
4537
5634
6035
6143
5775
5277
4959
5275
5491
5159
3929
2820
2138
1573
1117
826
290
-903
-1836
-2212
-2315
-2414
-2351
-2271
-2479
-2613
-2411
-1908
-1424
-1014
-629
-383
-196
-81
400
902
1157
1034
907
708
507
453
405
119
-490
-1086
-1543
-1875
-2304
-2803
-3202
-3618
-3989
-4226
-4218
-4336
-4463
-4360
-4089
-3757
-3431
-2304
-1237
-772
-916
-294
670
1594
2537
3636
3901
3451
3629
4524
5350
5649
5757
5311
4710
4331
4592
4738
4394
3289
2289
1573
1037
713
558
57
-1065
-1831
-2085
-2100
-2104
-2002
-1935
-2233
-2293
-1995
-1475
-1162
-864
-596
-389
-202
-72
299
565
668
541
557
441
204
65
-49
-372
-848
-1268
-1625
-2021
-2439
-2822
-3109
-3395
-3686
-3806
-3874
-3968
-4023
-3797
-3584
-3270
-2960
-2162
-1135
-458
-407
-192
721
1500
2258
3230
3847
3483
3364
4007
4848
5237
5430
5206
4620
4164
4168
4443
4355
3563
2476
1750
1248
836
645
409
-519
-1480
-1774
-1781
-1854
-1831
-1736
-1954
-2190
-1922
-1479
-1129
-1034
-831
-609
-381
-236
44
283
297
198
262
402
219
-19
-208
-464
-846
-1110
-1388
-1760
-2298
-2701
-2977
-3138
-3361
-3540
-3674
-3872
-3955
-3753
-3444
-3222
-2934
-2667
-1774
-661
-82
-198
174
1028
1708
2590
3684
3877
3334
3377
4167
4955
5357
5444
4921
4274
3967
4246
4524
4250
3179
2113
1484
1120
814
609
141
-905
-1666
-1768
-1738
-1853
-1871
-1825
-2066
-2121
-1761
-1347
-1131
-1068
-856
-623
-432
-298
3
138
110
1
171
221
-1
-233
-409
-707
-1016
-1183
-1494
-1911
-2428
-2741
-2971
-3028
-3198
-3345
-3488
-3641
-3631
-3286
-2941
-2718
-2442
-2137
-1200
-122
378
212
594
1346
2014
2880
3839
3781
3231
3322
4063
4733
5070
5016
4353
3783
3600
3954
4130
3756
2625
1703
1216
939
691
444
-104
-1073
-1630
-1677
-1652
-1813
-1850
-1852
-2054
-2004
-1702
-1378
-1258
-1161
-951
-707
-567
-454
-181
-72
-41
-58
150
86
-121
-280
-371
-605
-810
-993
-1369
-1749
-2138
-2341
-2556
-2620
-2827
-2963
-3103
-3198
-3157
-2889
-2643
-2480
-2211
-1937
-1112
-183
271
125
438
1087
1721
2473
3340
3415
3020
3035
3607
4279
4693
4751
4258
3822
3570
3808
4033
3824
2892
2063
1563
1165
888
638
189
-704
-1356
-1553
-1657
-1800
-1836
-1847
-2069
-2156
-1976
-1710
-1536
-1408
-1171
-960
-793
-724
-445
-208
-80
20
157
164
-44
-100
-116
-198
-431
-690
-1082
-1410
-1682
-1910
-2123
-2401
-2686
-2905
-2969
-3106
-3127
-3073
-2897
-2769
-2503
-2335
-1745
-774
-108
-184
-73
573
1174
1873
2892
3466
3151
3020
3430
4172
4736
5143
4917
4444
3981
4003
4300
4297
3601
2670
2019
1413
1010
677
330
-546
-1415
-1810
-1972
-2186
-2251
-2211
-2368
-2559
-2476
-2126
-1906
-1727
-1455
-1147
-922
-757
-512
-171
56
213
342
410
292
167
169
113
-110
-449
-825
-1200
-1441
-1746
-1999
-2365
-2739
-3052
-3096
-3154
-3278
-3245
-3122
-2916
-2705
-2351
-2080
-1227
-219
262
152
536
1212
1855
2767
3787
3976
3550
3598
4158
4858
5384
5516
5005
4368
3952
4060
4190
3842
2894
1989
1279
706
268
-91
-675
-1597
-2249
-2453
-2635
-2784
-2785
-2749
-2848
-2853
-2583
-2238
-2003
-1764
-1369
-1070
-772
-557
-199
96
318
457
544
550
436
390
308
153
-175
-520
-893
-1188
-1489
-1830
-2134
-2504
-2815
-2971
-2980
-3100
-3128
-2984
-2774
-2524
-2197
-1872
-1467
-478
445
755
745
1236
1860
2556
3477
4253
4132
3749
3893
4476
5079
5395
5208
4507
3836
3508
3604
3530
3001
2011
1136
446
-57
-456
-813
-1396
-2172
-2630
-2770
-2886
-2948
-2884
-2768
-2796
-2688
-2401
-2052
-1800
-1468
-1102
-793
-510
-290
62
327
481
503
588
575
476
388
257
18
-325
-632
-924
-1223
-1566
-1882
-2108
-2413
-2625
-2677
-2650
-2762
-2721
-2503
-2254
-2004
-1678
-1379
-1011
-106
812
1143
1045
1404
2002
2670
3422
4094
3950
3528
3529
4077
4621
4824
4567
3876
3239
2929
3000
2927
2525
1582
739
148
-262
-671
-946
-1314
-1963
-2469
-2629
-2681
-2785
-2686
-2501
-2471
-2494
-2272
-1988
-1680
-1358
-1018
-741
-509
-351
-51
309
393
344
363
454
344
305
180
-36
-377
-682
-892
-1091
-1342
-1649
-1793
-2044
-2246
-2240
-2108
-2186
-2234
-2022
-1821
-1578
-1314
-973
-818
-199
757
1376
1259
1270
1768
2342
2999
3707
3915
3400
3117
3381
3995
4297
4237
3659
2999
2571
2509
2539
2362
1658
709
131
-271
-712
-1017
-1169
-1664
-2298
-2548
-2624
-2757
-2749
-2524
-2420
-2458
-2325
-2108
-1774
-1440
-1054
-774
-457
-318
-60
327
540
515
517
641
606
569
464
265
-21
-330
-556
-690
-885
-1231
-1449
-1616
-1846
-1917
-1862
-1909
-2072
-1964
-1803
-1590
-1422
-1169
-1033
-724
108
916
1131
903
1171
1655
2288
2957
3499
3253
2810
2781
3294
3764
3903
3606
2947
2426
2190
2226
2188
1827
911
192
-277
-687
-1065
-1120
-1439
-2055
-2484
-2564
-2663
-2661
-2443
-2298
-2265
-2190
-1930
-1641
-1189
-827
-477
-169
107
300
657
948
995
1038
1094
1125
1028
946
707
467
160
-128
-325
-518
-863
-1225
-1400
-1631
-1836
-1897
-1979
-2175
-2252
-2109
-1969
-1836
-1705
-1523
-1349
-795
67
601
559
507
936
1481
2138
2782
2999
2617
2382
2669
3239
3576
3539
3106
2518
2125
2040
2112
2021
1436
560
-70
-471
-796
-972
-1102
-1569
-2133
-2371
-2379
-2358
-2206
-2024
-1962
-1924
-1729
-1410
-971
-544
-208
46
321
536
804
1108
1302
1299
1267
1247
1171
1096
934
733
412
73
-297
-480
-733
-1045
-1393
-1604
-1908
-2163
-2201
-2262
-2353
-2401
-2272
-2221
-2085
-1939
-1639
-1449
-871
-49
473
358
359
840
1429
1992
2580
2798
2359
2158
2496
3141
3434
3406
2927
2410
2016
2002
2103
2027
1435
539
-80
-394
-620
-835
-943
-1390
-1935
-2126
-2004
-1954
-1866
-1676
-1592
-1535
-1338
-1006
-600
-182
136
355
603
738
937
1225
1478
1424
1312
1218
1089
975
873
727
373
-38
-493
-719
-903
-1206
-1582
-1839
-2136
-2485
-2481
-2475
-2534
-2608
-2512
-2457
-2318
-2114
-1869
-1643
-1303
-477
183
374
198
584
1179
1713
2230
2700
2523
2132
2376
2943
3369
3378
3144
2589
2209
2077
2153
2106
1666
809
78
-205
-459
-732
-880
-1165
-1730
-1983
-1857
-1797
-1769
-1596
-1418
-1346
-1142
-846
-478
-64
290
544
800
971
1078
1365
1658
1711
1560
1430
1241
1059
931
816
500
4
-493
-852
-1065
-1406
-1765
-2081
-2374
-2759
-2845
-2810
-2857
-2882
-2829
-2723
-2593
-2319
-2079
-1775
-1485
-834
-85
401
396
589
1172
1694
2173
2691
2861
2540
2548
2932
3332
3411
3280
2834
2403
2151
2069
2006
1701
962
190
-202
-439
-737
-951
-1142
-1576
-1883
-1821
-1705
-1694
-1536
-1328
-1167
-978
-676
-372
2
380
685
937
1090
1156
1310
1602
1752
1675
1485
1235
940
747
631
391
-65
-622
-1103
-1416
-1717
-2007
-2288
-2638
-2986
-3172
-3127
-3106
-3015
-2946
-2858
-2686
-2356
-1996
-1684
-1324
-1017
-342
451
999
980
1185
1673
2098
2596
3138
3248
2867
2799
2978
3305
3373
3197
2690
2190
1830
1670
1598
1325
651
-100
-513
-757
-977
-1130
-1251
-1553
-1836
-1788
-1537
-1431
-1275
-1022
-752
-588
-289
32
368
676
1011
1256
1359
1298
1286
1457
1581
1489
1220
920
500
201
22
-123
-533
-1096
-1710
-2025
-2232
-2398
-2577
-2817
-3169
-3369
-3266
-3004
-2779
-2625
-2500
-2374
-2008
-1551
-1036
-686
-342
-114
603
1331
1695
1576
1830
2191
2413
2845
3229
3124
2650
2602
2679
2868
2762
2507
1993
1549
1199
1037
958
649
38
-475
-693
-901
-1083
-1109
-1136
-1337
-1437
-1220
-1016
-937
-721
-387
-105
39
266
452
690
930
1227
1384
1307
1061
965
1065
1036
852
568
191
-282
-541
-653
-842
-1235
-1745
-2180
-2365
-2450
-2501
-2576
-2726
-2927
-2909
-2659
-2311
-2073
-1885
-1759
-1543
-1139
-652
-222
34
232
453
1091
1595
1745
1603
1816
1950
2134
2465
2662
2382
2005
1947
2005
2140
2025
1801
1360
1017
737
708
680
455
27
-273
-412
-569
-603
-546
-541
-681
-681
-536
-450
-370
-194
68
207
256
297
340
446
612
835
847
648
330
212
216
213
128
-122
-502
-891
-1027
-1062
-1097
-1318
-1670
-1964
-2057
-2020
-1965
-1907
-1970
-2060
-2005
-1764
-1470
-1260
-1120
-1052
-879
-572
-214
62
225
304
410
842
1271
1415
1261
1282
1332
1490
1767
1986
1829
1484
1341
1446
1670
1742
1661
1328
992
754
778
869
855
534
199
2
-113
-157
-84
-49
-224
-388
-407
-361
-331
-215
-70
-53
-105
-180
-164
-110
70
208
253
74
-189
-307
-248
-88
-99
-217
-556
-805
-943
-825
-745
-789
-1047
-1338
-1464
-1419
-1271
-1207
-1224
-1383
-1461
-1363
-1140
-966
-884
-868
-862
-733
-484
-235
-67
-16
38
162
559
920
1057
926
911
990
1199
1500
1721
1644
1369
1311
1438
1703
1829
1791
1458
1136
940
951
1036
1015
713
319
83
-64
-121
-90
-102
-332
-552
-618
-593
-556
-434
-362
-402
-488
-514
-466
-321
-132
-32
-50
-187
-321
-319
-163
-38
-41
-186
-400
-562
-562
-468
-422
-520
-734
-956
-1037
-978
-882
-865
-947
-1090
-1166
-1086
-966
-854
-828
-829
-849
-726
-532
-347
-252
-201
-145
-4
337
650
783
681
676
756
996
1283
1533
1509
1331
1250
1370
1608
1757
1740
1478
1193
978
967
1018
1024
770
436
155
-13
-103
-97
-127
-322
-528
-661
-668
-662
-559
-524
-543
-621
-628
-580
-450
-273
-201
-178
-244
-241
-208
-52
51
88
0
-98
-181
-193
-159
-163
-231
-400
-554
-653
-660
-662
-681
-787
-888
-973
-973
-959
-913
-918
-934
-930
-854
-742
-644
-565
-513
-428
-269
-4
267
442
472
492
618
839
1131
1387
1488
1414
1328
1387
1547
1710
1743
1607
1315
1078
941
941
911
763
458
130
-114
-262
-291
-335
-431
-646
-788
-885
-858
-804
-707
-673
-684
-653
-590
-434
-282
-95
-2
105
132
229
295
416
488
490
445
345
262
190
173
81
-30
-263
-424
-593
-669
-760
-819
-954
-1062
-1164
-1199
-1184
-1172
-1146
-1156
-1112
-1078
-948
-882
-737
-664
-463
-260
45
277
452
531
643
841
1087
1387
1516
1572
1459
1483
1530
1704
1747
1696
1422
1148
925
827
779
646
417
62
-222
-439
-502
-569
-608
-761
-895
-1024
-1015
-968
-851
-759
-689
-635
-536
-400
-199
31
221
385
450
514
568
662
739
802
721
627
465
368
297
226
88
-118
-379
-578
-701
-794
-853
-974
-1104
-1233
-1278
-1272
-1229
-1219
-1220
-1224
-1192
-1093
-979
-870
-765
-635
-431
-189
87
288
428
505
673
872
1136
1327
1418
1404
1374
1437
1537
1657
1631
1503
1232
1049
887
843
740
580
292
1
-232
-359
-419
-482
-551
-705
-810
-880
-831
-774
-650
-591
-529
-471
-344
-181
36
233
375
469
508
570
636
712
751
726
609
504
379
305
230
115
-47
-252
-456
-592
-698
-782
-872
-978
-1082
-1158
-1190
-1192
-1200
-1211
-1206
-1183
-1123
-1033
-946
-871
-771
-622
-428
-214
-16
119
211
315
496
701
904
1042
1097
1089
1132
1221
1326
1391
1370
1251
1092
992
926
883
800
662
442
255
124
62
-1
-43
-111
-223
-293
-299
-267
-231
-174
-167
-168
-151
-61
30
135
229
267
259
255
280
300
314
312
243
112
22
-64
-121
-177
-235
-347
-473
-582
-652
-728
-791
-844
-949
-1032
-1094
-1103
-1134
-1127
-1146
-1171
-1180
-1147
-1084
-1026
-939
-874
-786
-684
-531
-373
-219
-61
58
188
316
461
597
714
838
914
1005
1050
1129
1145
1170
1151
1124
1089
1009
980
870
823
693
641
519
459
386
320
267
187
183
107
150
121
183
158
207
213
239
275
292
329
290
321
259
266
197
183
93
50
-33
-111
-198
-291
-375
-496
-579
-717
-816
-948
-1001
-1088
-1093
-1139
-1160
-1226
-1252
-1266
-1242
-1164
-1082
-996
-954
-866
-808
-667
-509
-297
-159
-8
98
215
345
540
731
866
973
1024
1071
1109
1218
1274
1317
1285
1242
1148
1093
1062
1006
920
797
665
509
414
340
273
189
109
36
-37
-51
-46
-32
-45
-46
-51
-45
8
59
114
125
152
124
126
115
125
91
44
-27
-138
-230
-320
-378
-484
-550
-673
-774
-902
-975
-1064
-1143
-1206
-1277
-1326
-1373
-1357
-1376
-1352
-1346
-1300
-1256
-1153
-1042
-934
-816
-698
-557
-410
-208
-27
151
309
462
588
737
897
1039
1162
1263
1337
1376
1429
1463
1479
1454
1409
1326
1234
1146
1053
947
825
702
565
441
337
248
159
93
31
-9
-26
-10
16
55
93
135
176
216
258
275
299
289
280
236
200
125
51
-43
-139
-253
-381
-499
-656
-784
-949
-1070
-1229
-1342
-1461
-1546
-1612
-1662
-1678
-1713
-1691
-1685
-1608
-1542
-1410
-1293
-1148
-1002
-842
-652
-458
-218
-15
217
402
616
795
997
1174
1332
1462
1555
1642
1692
1755
1770
1787
1751
1710
1632
1549
1452
1333
1207
1049
893
720
572
420
287
147
22
-97
-189
-247
-287
-295
-299
-289
-272
-229
-177
-115
-61
-16
7
18
24
18
3
-31
-83
-161
-247
-346
-451
-563
-680
-811
-941
-1070
-1184
-1288
-1374
-1444
-1505
-1544
-1564
-1556
-1536
-1490
-1437
-1364
-1274
-1160
-1027
-879
-718
-550
-371
-182
20
224
428
623
814
984
1147
1287
1411
1509
1588
1647
1686
1707
1710
1691
1650
1601
1524
1438
1327
1211
1073
934
785
637
487
337
199
56
-68
-183
-273
-352
-401
-434
-445
-441
-420
-385
-351
-305
-273
-237
-218
-200
-198
-200
-213
-242
-275
-325
-378
-446
-516
-597
-683
-777
-865
-949
-1024
-1084
-1139
-1177
-1205
-1212
-1204
-1176
-1135
-1086
-1021
-951
-864
-763
-642
-515
-379
-233
-79
87
255
427
589
747
889
1018
1131
1226
1305
1359
1402
1424
1435
1425
1405
1365
1312
1247
1166
1080
972
862
737
622
502
387
273
162
60
-42
-127
-210
-272
-330
-366
-395
-406
-406
-400
-381
-370
-346
-335
-320
-318
-318
-327
-343
-360
-390
-417
-460
-498
-544
-584
-632
-676
-720
-761
-789
-813
-822
-831
-826
-817
-795
-764
-722
-670
-620
-558
-493
-418
-330
-230
-129
-25
85
195
308
418
521
613
694
762
823
874
917
953
974
992
996
994
980
955
919
874
823
758
690
616
543
471
402
334
268
206
147
93
40
-7
-55
-95
-131
-162
-185
-207
-225
-241
-250
-263
-276
-292
-311
-332
-357
-387
-417
-450
-490
-529
-567
-600
-633
-664
-687
-707
-716
-716
-713
-702
-686
-668
-643
-612
-574
-535
-490
-443
-389
-324
-252
-172
-90
-5
79
161
244
320
387
447
497
542
581
615
648
675
702
725
740
752
756
751
736
716
687
652
613
574
536
497
457
418
378
337
297
256
214
171
131
89
51
13
-25
-63
-97
-132
-166
-198
-231
-265
-301
-334
-368
-399
-433
-467
-499
-533
-562
-591
-616
-640
-656
-668
-672
-668
-660
-646
-629
-606
-580
-547
-512
-476
-439
-398
-352
-298
-238
-176
-111
-43
26
95
164
228
289
341
390
432
472
508
542
572
597
620
641
657
667
669
662
648
627
603
576
545
510
474
435
396
356
316
274
233
192
151
109
71
33
-5
-44
-83
-120
-153
-188
-219
-252
-287
-319
-348
-374
-400
-423
-444
-464
-482
-499
-514
-527
-539
-547
-553
-552
-546
-537
-523
-506
-483
-459
-428
-397
-365
-333
-297
-259
-220
-177
-133
-87
-38
11
62
113
161
211
256
299
339
375
406
434
460
484
506
523
536
549
557
560
561
556
547
532
517
499
477
452
425
396
368
341
312
282
251
218
186
156
121
88
53
20
-14
-48
-78
-109
-139
-166
-195
-223
-248
-271
-292
-315
-333
-353
-370
-382
-395
-406
-414
-420
-426
-426
-422
-416
-408
-400
-389
-374
-359
-342
-322
-303
-280
-258
-234
-208
-180
-150
-120
-89
-59
-30
2
34
62
90
116
141
166
188
210
232
250
268
284
296
309
320
329
334
338
339
341
338
333
326
319
311
299
286
272
254
235
216
195
173
149
124
98
72
44
14
-14
-43
-72
-100
-127
-154
-183
-209
-232
-257
-280
-302
-322
-340
-358
-371
-381
-389
-399
-403
-406
-406
-401
-396
-388
-379
-365
-350
-333
-312
-291
-267
-241
-213
-184
-151
-120
-88
-54
-21
10
43
74
108
142
172
205
235
263
291
316
340
362
382
400
414
428
440
451
457
462
466
464
462
460
449
440
428
412
396
376
355
331
308
284
257
229
200
167
137
106
73
39
4
-29
-62
-95
-127
-159
-188
-216
-245
-270
-295
-318
-340
-357
-377
-393
-405
-416
-424
-429
-432
-435
-434
-432
-426
-416
-406
-395
-381
-362
-343
-321
-299
-275
-250
-223
-195
-167
-139
-111
-83
-53
-24
8
38
70
99
129
156
182
207
230
252
269
286
302
316
330
339
348
356
364
368
371
371
366
361
352
340
328
311
292
277
257
237
216
193
172
149
125
99
74
48
19
-8
-34
-61
-89
-115
-138
-162
-186
-206
-225
-243
-260
-274
-288
-302
-314
-321
-329
-332
-334
-336
-333
-328
-321
-312
-302
-290
-278
-263
-246
-225
-206
-186
-165
-146
-124
-102
-80
-57
-34
-11
13
38
61
86
106
124
143
160
177
191
204
217
229
240
249
255
263
269
274
276
278
277
276
272
269
263
252
242
229
213
199
183
166
149
133
115
99
82
63
44
28
8
-15
-35
-55
-78
-99
-119
-136
-150
-163
-174
-184
-196
-206
-220
-230
-239
-245
-252
-257
-257
-257
-256
-250
-244
-237
-233
-225
-215
-203
-188
-175
-160
-146
-131
-114
-97
-76
-58
-41
-21
-3
19
37
55
73
87
104
117
133
146
160
173
185
199
210
220
230
235
242
246
248
250
249
252
252
249
249
241
232
223
210
195
180
166
148
134
118
103
90
71
56
37
17
-5
-31
-52
-77
-98
-118
-135
-150
-165
-176
-191
-206
-221
-236
-248
-260
-271
-277
-278
-280
-278
-273
-270
-266
-262
-257
-249
-242
-231
-220
-207
-192
-176
-155
-138
-119
-100
-79
-59
-39
-21
-1
18
38
58
78
96
115
136
155
175
191
209
223
236
248
258
267
273
283
286
294
295
300
301
301
295
291
284
271
261
247
234
221
206
191
173
154
134
111
90
65
43
22
-1
-22
-43
-62
-83
-104
-122
-143
-165
-185
-203
-221
-237
-249
-260
-268
-272
-275
-282
-284
-287
-290
-292
-294
-293
-291
-285
-279
-267
-257
-244
-234
-219
-204
-192
-177
-164
-149
-135
-119
-102
-82
-64
-42
-23
0
19
38
56
72
90
107
124
138
153
166
179
194
208
220
227
237
242
248
250
251
254
253
251
248
247
241
234
226
216
207
196
188
174
165
153
139
127
112
97
77
60
41
23
5
-8
-22
-33
-42
-55
-62
-74
-85
-95
-110
-121
-133
-142
-150
-156
-161
-162
-161
-162
-159
-159
-159
-160
-160
-160
-160
-157
-154
-148
-141
-133
-126
-115
-106
-97
-90
-82
-73
-65
-55
-47
-37
-29
-18
-6
7
16
25
36
45
54
63
70
76
84
88
95
99
105
110
115
121
123
125
123
123
119
115
113
107
104
98
95
92
88
79
72
64
54
46
35
28
19
11
5
-4
-11
-21
-30
-39
-51
-59
-67
-75
-81
-86
-91
-94
-97
-100
-103
-105
-105
-108
-107
-110
-108
-107
-104
-101
-97
-90
-86
-78
-75
-67
-61
-54
-46
-39
-30
-23
-14
-7
1
8
16
22
29
36
43
50
57
63
68
74
78
81
86
89
91
94
98
98
97
97
95
92
90
89
84
82
81
79
77
74
69
64
56
50
42
34
28
22
15
11
7
-1
-6
-13
-20
-26
-34
-39
-42
-46
-49
-52
-56
-59
-60
-63
-65
-69
-71
-71
-72
-72
-69
-67
-67
-65
-63
-61
-57
-55
-53
-49
-46
-43
-38
-34
-30
-26
-21
-15
-11
-7
-3
0
5
10
12
15
17
19
23
24
25
27
31
32
34
36
37
39
38
38
36
36
33
32
31
29
26
24
21
20
17
16
16
14
12
10
8
5
3
0
-1
-4
-7
-6
-8
-10
-10
-11
-11
-13
-13
-12
-11
-12
-14
-12
-12
-12
-11
-10
-11
-10
-11
-10
-9
-10
-8
-8
-6
-4
-4
-3
-3
-2
0
1
2
2
2
3
4
3
5
3
3
3
2
1
1
2
3
7
6
10
12
10
10
9
9
7
6
4
2
1
2
-2
-2
0
0
1
2
3
2
3
2
2
0
0
-1
-2
-1
0
-2
-2
-2
-3
-4
-3
-4
-2
-3
-4
-1
-3
-1
-2
-2
-1
-3
-1
-2
-2
-3
-2
-3
-3
-1
-2
-1
-1
1
1
1
1
2
3
4
5
6
5
2
3
2
2
2
0
0
-1
1
3
3
5
4
3
3
2
2
1
0
-1
-3
-3
-2
-3
-3
-2
-3
-2
-1
-2
-3
-2
-4
-4
-2
-3
-3
-4
-3
-2
-2
-2
-2
-2
-2
-3
-2
0
-2
-2
-2
-2
-2
-1
0
1
-1
0
-1
-1
-2
-1
-1
-2
0
0
0
2
1
2
2
2
3
1
2
2
2
2
1
3
2
3
3
4
4
3
2
3
3
5
4
2
3
3
3
2
1
2
2
-1
0
0
-1
0
0
1
1
2
0
0
-1
-2
-1
-2
-3
-3
-2
-2
-2
-2
0
-1
-2
-2
-1
-2
-2
-1
-1
-1
-2
-2
-2
-2
-2
-2
0
-2
-2
-1
0
-2
-1
0
-1
0
-2
-1
0
1
1
0
0
0
1
1
1
0
2
3
1
2
-1
-1
-1
1
1
0
-1
1
0
0
0
0
0
0
-2
-2
-3
-3
-1
0
0
0
0
0
-1
-1
0
0
-1
-2
-2
-1
-1
-1
-1
0
-2
-2
0
1
0
0
0
1
2
1
1
0
-1
0
2
2
1
1
0
1
2
2
2
1
2
3
1
1
0
2
2
2
1
0
-1
0
0
0
1
-1
1
1
1
-1
1
-1
-2
0
0
1
0
-1
-2
-1
1
0
-1
-2
-1
1
-1
-1
-1
0
0
1
0
-1
-1
-2
-2
-3
-2
-2
-2
0
0
-1
2
1
2
2
1
1
2
1
1
1
1
0
0
1
0
1
0
0
0
-1
1
1
1
1
1
1
0
-1
1
0
1
0
0
1
1
1
2
0
-1
1
-1
1
1
0
1
-1
-1
-1
-2
-1
-1
0
0
0
2
0
0
1
0
0
-1
-2
-2
-2
0
-1
-1
-1
-1
0
-1
-1
-1
0
-1
-1
-1
0
0
0
-1
0
1
1
1
2
2
1
2
1
0
-1
0
1
-1
0
1
0
-2
-2
0
0
1
0
1
1
0
0
0
0
0
-1
-1
0
1
1
0
-2
0
0
-1
-1
-2
-1
0
0
0
-1
0
-1
-2
-2
-2
-2
-2
-1
-2
-2
-2
0
0
0
-1
0
0
1
-1
-1
0
-1
0
2
3
2
2
1
2
0
1
1
0
1
2
1
2
3
2
3
2
1
0
1
0
-1
0
0
1
0
1
-1
1
2
1
3
2
0
0
0
0
-1
0
-1
-1
1
0
0
0
-1
0
1
-1
-2
-2
-2
-1
1
2
1
1
1
2
0
2
1
1
2
0
0
0
1
0
1
-1
0
0
-1
0
-1
1
1
0
0
0
1
1
1
1
0
0
2
0
-1
0
0
0
0
0
0
1
1
-1
0
-1
-1
0
0
-1
0
0
-1
0
1
-1
-2
-1
-1
-1
-2
-3
-2
-2
-2
-1
-1
-1
-1
-3
-2
-2
-1
-2
-3
-3
-4
-1
-2
0
0
-1
-1
0
-2
0
0
-1
-2
-2
0
-1
0
0
1
1
-1
0
0
1
0
-1
0
0
1
1
0
1
2
1
2
1
0
0
0
1
0
1
1
2
3
2
3
3
0
1
2
2
0
0
-2
1
0
-1
0
0
0
1
0
1
2
1
1
1
1
1
1
0
-1
-1
-1
-1
0
1
0
0
1
0
0
0
-1
-2
-1
0
-1
1
0
1
0
0
1
0
0
0
0
0
-2
0
1
0
-1
-1
-1
-1
0
0
-1
1
1
0
1
1
0
0
1
0
0
0
0
0
1
2
0
-1
-1
0
-1
0
0
1
0
-1
0
0
-1
-1
-2
-2
-2
0
0
-1
-1
-1
0
-1
-3
-2
-2
0
1
0
-1
-1
-1
-1
1
0
-1
0
1
-1
1
1
0
1
0
1
1
-1
0
0
-1
0
1
1
1
-1
1
-1
0
1
1
1
0
0
0
2
0
1
3
1
1
1
0
-2
0
0
-1
0
-1
0
0
0
-1
-1
-1
1
0
-1
1
2
2
2
3
3
2
-1
-2
-1
-1
-1
-2
1
2
2
3
2
0
1
-1
0
-2
-2
0
0
1
1
2
0
2
2
-2
-1
-3
-3
-2
-1
0
0
-1
0
0
-2
-1
-2
-2
-1
-2
0
2
2
2
1
1
1
0
-1
0
-1
-2
-1
0
0
1
0
1
1
1
0
0
0
1
0
-1
0
-1
-1
-1
1
0
-1
-1
-2
-2
-1
-2
-2
0
1
3
2
0
0
-2
-2
-1
0
-1
0
2
1
1
0
-1
-1
-2
-2
-1
2
2
3
2
0
0
-1
-3
-3
-2
0
1
3
2
1
0
-1
-2
-3
-4
-3
-1
2
4
6
5
4
3
2
-2
-4
-4
-4
-1
-1
1
1
4
4
0
1
-1
-1
-1
-2
-1
-1
2
1
0
0
1
0
-1
-2
-2
-1
0
1
1
2
1
1
-1
0
1
0
1
0
0
0
0
2
2
1
0
1
-1
0
1
0
-1
0
-1
1
1
0
0
0
0
0
0
0
0
-2
0
0
0
1
3
3
2
2
1
1
0
0
0
1
0
0
3
1
0
0
1
0
1
2
2
1
0
0
-1
-2
-3
-2
-2
0
0
-1
0
0
0
-2
-2
-1
-3
-2
1
1
2
3
1
1
0
0
-1
-2
-3
-1
-3
-2
-2
-1
-2
-1
-2
-1
-2
-2
-3
-2
-1
-1
-1
1
1
0
0
-1
-2
0
-1
-3
-2
-1
-1
-1
-1
-1
0
0
0
0
0
1
1
0
-1
1
-1
1
1
1
2
1
1
0
1
0
1
-1
-1
1
-1
-1
0
1
2
3
2
0
1
0
1
1
1
1
1
2
2
1
2
1
1
0
0
0
0
2
2
3
3
1
2
2
1
1
0
1
2
2
0
1
-1
-1
-1
0
0
0
-1
1
2
0
2
-2
0
0
-1
-2
-1
-2
-1
-1
0
0
0
0
1
1
1
0
1
-1
0
0
-2
-2
-2
-1
-1
0
2
-1
-1
-1
-1
-1
-2
-1
-1
-2
0
2
0
0
0
0
-1
-2
-1
-2
-1
0
-1
-1
-1
-1
1
0
-1
0
0
-1
-1
0
0
0
0
1
0
-2
-1
-1
0
-2
-1
-1
-1
0
0
1
0
0
0
1
1
2
3
2
2
0
1
1
1
0
0
-1
-1
0
0
0
1
1
1
1
2
0
4
2
1
1
0
0
0
-1
0
-2
-1
-1
0
-1
0
0
0
1
1
1
0
-1
-1
-1
-1
0
-2
-1
-1
0
0
0
1
0
1
0
0
0
0
1
0
0
-1
0
-2
0
1
-1
-1
-1
-2
-1
-1
-1
-1
-1
-1
0
0
1
1
-1
0
0
1
0
-2
-2
-1
0
0
0
0
2
0
0
1
1
1
2
0
1
-1
-1
0
-1
-2
0
1
0
-1
-1
-1
1
0
1
0
1
1
0
1
0
1
2
1
2
1
0
0
1
1
1
1
1
0
0
1
1
1
0
-1
0
-1
0
-1
0
0
1
0
-1
-1
-1
0
-1
-1
0
-2
-1
0
0
1
0
0
0
1
-1
-2
-1
-2
-2
0
-1
0
0
-1
1
1
0
-1
0
2
1
0
-1
-1
-1
-2
-1
1
-1
-1
1
-2
-1
0
-1
1
0
0
0
1
1
0
0
1
1
2
0
0
-1
0
-2
-2
0
-1
-1
-2
1
0
0
1
2
1
1
2
0
1
1
1
0
-1
1
0
1
1
-1
0
-1
-1
0
0
0
1
0
1
1
1
2
3
2
0
0
0
1
1
1
1
1
0
0
1
1
1
0
1
1
-1
1
-1
0
0
0
-1
0
-1
-1
-1
-2
0
1
1
1
2
0
0
-1
-1
-1
-1
-2
-1
1
1
1
1
0
0
1
0
0
0
0
-2
-2
-1
0
-2
-3
-2
-1
-1
-1
0
0
0
0
1
-1
-2
-1
-2
-1
0
-2
-1
-1
1
1
0
-1
-1
-1
0
0
0
0
0
0
0
0
-1
-1
0
0
1
1
0
1
1
1
1
0
1
2
0
1
0
1
0
0
-1
-3
-1
0
-1
0
1
1
1
1
0
1
1
0
0
0
2
-1
-1
0
-1
0
0
0
1
-1
1
1
1
0
0
1
-2
-1
-1
1
0
-1
0
-1
0
0
2
2
2
1
2
1
1
1
0
0
0
0
0
0
-1
0
0
-1
-1
-2
0
0
-1
0
-1
0
0
-1
0
-1
0
1
0
0
0
0
1
0
0
0
-1
0
1
0
1
0
0
-1
0
0
2
1
0
-1
0
-1
0
-1
-2
0
0
1
1
0
1
0
1
1
0
-2
-1
-1
-2
-1
0
-1
1
2
0
0
1
1
0
0
1
1
0
0
0
0
0
1
0
1
1
-1
-1
0
0
-1
1
0
1
0
1
1
1
2
1
0
-1
-1
1
1
0
0
0
1
0
0
0
-2
0
0
0
0
0
1
1
0
0
0
0
1
0
1
0
0
1
-1
1
0
-1
0
-1
-1
0
-2
-2
-1
1
0
1
2
0
0
0
-1
1
1
0
1
-1
-1
0
0
0
-1
0
-1
-1
0
1
1
1
2
0
1
2
-1
0
-1
0
-1
-1
-1
-1
-1
0
1
-1
1
2
2
2
2
1
1
0
0
-2
-1
-2
-1
-1
0
1
0
-2
1
0
-1
0
0
1
-1
-1
-2
0
1
0
1
2
2
1
1
-1
0
-1
1
2
0
1
1
1
0
1
1
-1
0
0
-1
-2
-1
-1
-1
-1
0
0
0
2
1
2
3
2
2
1
2
1
1
-1
-2
-2
-2
-2
-2
-1
1
0
2
1
3
3
2
2
-1
0
-1
-1
-2
-3
-1
-1
-1
-1
0
0
1
0
1
1
1
0
0
1
1
0
0
1
0
0
-1
-1
-2
-1
-1
-2
-2
-1
-3
-2
0
1
1
3
4
4
4
3
2
2
0
-2
-3
-4
-4
-3
-2
0
0
0
2
2
3
4
1
-1
-1
-1
-2
-2
-3
-4
-2
0
0
0
0
1
2
