SAMPLES:	19557
BITSPERSAMPLE:	16
CHANNELS:	1
SAMPLERATE:	16000
NORMALIZED:	FALSE
2
1
2
1
4
3
3
1
1
-1
-1
-2
-2
-2
-1
-2
-2
1
1
0
1
1
1
0
-1
-1
-1
-1
-2
-1
0
2
0
-1
-2
-1
0
-1
-1
-2
-3
-2
-1
-1
1
1
0
1
2
1
0
1
2
1
1
1
2
3
4
4
3
2
2
1
0
-1
-1
-2
-1
1
0
0
-1
-1
-1
-1
-2
-3
-4
-3
-4
-2
-3
-2
-3
-2
-3
-2
-2
-1
-1
-1
-1
-1
-1
-1
-1
-1
-1
-1
-2
-2
-1
-2
-1
0
0
-1
0
-1
0
-1
-1
-1
-1
-1
1
1
0
1
0
3
2
2
1
1
0
1
2
3
5
3
4
4
4
4
2
2
2
1
1
1
1
2
2
1
1
2
3
4
0
0
-1
-1
-1
-3
-1
0
-1
-1
-1
0
-1
0
0
-1
-1
-3
-3
-1
0
-1
-1
-1
-1
0
1
1
1
0
0
-1
0
-1
0
1
0
0
0
0
2
1
0
0
1
1
1
0
-1
0
-1
-1
0
-1
0
0
-1
-3
-1
0
0
0
0
-1
-2
0
-1
-1
-1
-1
0
2
1
1
0
1
2
2
2
2
2
2
2
2
2
2
1
1
2
3
4
1
-1
-1
-1
-1
-2
0
0
0
2
2
1
-1
-1
-2
0
0
0
1
1
1
1
1
1
-1
-1
-1
0
-1
1
1
1
2
0
0
0
-1
-1
-2
-2
-2
-2
-1
-1
-1
-1
-1
0
0
-2
-3
-3
-3
-2
-2
-2
-2
-2
-2
-1
-2
-3
-5
-7
-5
-5
-3
-1
-1
1
2
2
1
1
2
3
2
3
3
2
2
2
3
2
3
3
2
1
1
-1
0
0
1
1
1
1
2
1
0
0
0
1
-1
0
0
3
2
1
2
3
3
1
2
0
2
2
1
2
0
0
0
1
0
1
2
0
0
-1
-1
-1
0
1
0
0
-1
-3
-2
-2
-2
-2
-3
-1
-1
-1
0
0
1
-1
-1
0
0
-2
-2
-1
0
-1
0
1
2
1
1
1
1
2
3
1
0
-1
0
2
1
1
2
1
2
2
1
1
1
0
0
1
1
1
2
3
3
2
0
1
1
1
0
-1
-1
0
-1
-2
-1
-2
-4
-3
-2
0
0
0
0
0
0
-1
-1
-2
0
0
-1
-1
-1
-1
-1
-2
0
1
2
2
2
3
1
0
-2
-2
-1
0
1
0
1
2
3
2
1
0
-2
-2
-1
0
-1
0
-2
-3
-5
-5
-5
-4
-4
-3
-1
-1
0
0
0
-1
-1
-2
-4
-1
-2
-1
-2
-1
-1
-2
-3
-2
-1
-1
0
0
0
-1
-1
-1
-1
-2
-1
-3
-2
-1
-1
-2
-2
1
0
-1
0
0
0
2
1
0
-1
-1
-2
-1
-1
0
0
-2
0
0
1
2
1
1
1
1
1
0
-1
-2
0
1
2
2
1
2
4
4
4
5
5
4
4
4
4
6
4
4
5
3
3
4
2
0
0
-1
1
3
2
2
3
2
4
2
1
2
1
0
-1
0
0
-2
-2
-2
-3
-2
-3
-3
-4
-5
-6
-6
-5
-5
-6
-3
-4
-2
0
-1
-2
-2
-2
-1
-1
1
0
2
1
1
0
1
1
1
1
-1
0
1
2
1
0
-1
-1
1
1
1
1
0
-1
0
0
0
-1
-1
0
0
1
1
0
1
0
0
0
-1
-1
-2
-1
2
2
3
1
2
3
2
4
5
6
4
4
2
2
3
3
3
2
3
2
3
3
3
4
4
4
5
4
3
2
2
-1
-1
-2
-2
-3
-2
-2
-4
-3
-4
-3
-3
-3
-3
-2
-2
-3
-2
-2
-2
-1
-2
-2
-3
-3
-2
-2
-2
0
1
2
3
2
2
1
2
3
3
2
2
2
4
4
4
4
4
4
4
3
5
2
2
1
2
1
0
1
-1
-1
-2
-1
0
-1
-1
-1
-1
-3
-2
-1
-1
-2
-2
-2
-2
-3
-2
-2
-3
-4
-3
-3
-2
-1
-1
-3
-2
-3
-1
-1
0
-1
-2
-2
-2
-2
-3
-4
-4
-2
-3
-3
-1
-2
-2
-3
-2
-4
-1
-2
-3
-4
-4
-5
-5
-4
-5
-3
-3
-2
1
0
1
0
0
-1
-2
-1
-1
0
0
0
1
1
1
0
2
0
0
0
0
-2
-1
0
1
2
2
3
1
1
3
2
4
2
0
-1
-1
0
0
2
2
1
-1
1
1
2
2
1
1
1
1
1
1
1
0
0
-1
0
-1
0
-1
0
2
3
3
3
2
2
2
1
3
3
3
2
2
2
3
2
2
3
4
2
2
2
1
0
-1
-1
-3
-3
-2
-1
0
0
0
-1
-2
-2
0
0
2
2
3
2
2
1
0
-2
-1
-1
-2
-1
-3
-2
-1
-1
0
2
-1
0
0
-1
-1
-1
-2
-2
-3
-2
-1
0
-2
-2
-2
-2
0
-2
-1
-2
-1
-1
-1
1
2
1
1
0
1
1
2
2
3
4
3
3
3
2
3
3
2
1
2
0
-1
-2
-2
-1
-2
-1
-1
0
0
0
1
-1
0
2
2
3
2
1
3
0
-2
-2
-3
-1
-1
-3
-1
-1
0
0
0
1
-1
0
0
-1
-1
-2
-3
-3
-3
-2
0
-1
1
1
1
1
0
1
2
2
1
1
1
1
2
1
-1
0
0
-2
-3
-2
-3
-2
-4
-3
-1
-2
-3
-3
-3
-4
-2
-4
-4
-4
-5
-4
-3
-2
-1
-3
-2
-3
0
2
2
3
1
1
0
1
1
1
0
0
0
-1
2
3
2
1
3
5
5
3
1
0
2
3
4
3
5
5
5
7
7
6
3
2
2
1
3
4
3
2
2
3
4
4
3
2
1
2
2
1
1
1
1
2
2
1
1
0
-2
-1
-1
-2
-2
-3
-3
-2
-2
-1
0
0
0
0
-1
0
1
-1
1
0
0
0
1
1
2
2
2
2
3
0
0
0
1
0
-2
0
-1
-2
-2
-1
-3
-2
-2
-2
-2
-1
-2
-1
0
-2
-1
-2
-1
-4
-3
-3
-5
-5
-2
0
-1
0
-2
-2
-2
-3
-3
-3
-2
-1
-2
-2
-1
-2
-2
-2
-2
0
-1
-3
-4
-5
-2
1
1
1
1
-1
-3
-3
-3
-1
0
-2
-1
-1
0
-1
-2
1
0
0
1
1
3
3
3
4
3
2
2
0
2
2
3
4
5
4
2
1
0
-2
-3
-2
-1
-1
-2
0
-1
1
1
0
0
1
0
1
1
-1
-2
-2
-2
-1
-4
-2
-2
-3
-4
-3
-3
-3
-1
-2
0
-1
0
0
1
1
1
1
2
5
5
4
3
2
3
3
3
3
2
3
2
2
2
3
2
3
3
2
-1
-2
-3
-3
-2
-2
-3
-3
-2
0
1
3
4
3
2
1
4
4
2
1
1
1
2
2
0
0
-1
-2
1
3
2
1
0
0
2
2
1
0
-2
-3
-2
-1
0
-1
-2
-3
-3
-3
-1
-1
-2
0
0
-2
-2
-2
-2
-4
-3
-2
-2
-1
2
1
0
1
0
-1
1
1
2
1
-1
-2
-2
-1
1
1
2
1
0
2
3
3
4
4
4
3
2
2
3
2
1
1
1
0
1
2
3
2
1
2
2
1
2
3
3
3
2
3
2
2
3
2
-1
1
0
0
-3
-4
-2
-4
-6
-5
-4
-5
-7
-8
-3
-4
-5
-4
-3
-1
-3
-1
-1
-1
-1
-1
-1
2
1
1
1
-1
-1
1
2
1
3
1
0
1
2
3
3
1
-1
-2
-3
-3
-1
1
1
1
0
0
0
0
-1
-3
-3
-3
-3
0
1
1
-1
-2
-2
1
2
2
0
-1
0
1
3
1
-1
-2
-1
0
1
2
1
0
-1
-1
1
4
5
4
2
2
3
4
3
4
3
0
-2
-1
1
-1
-1
-1
-2
-2
-4
-1
-2
-3
-2
-2
-1
-1
-1
1
0
0
-1
0
0
-4
-3
-2
-2
-2
-2
-2
-1
0
0
1
1
0
0
1
1
1
4
1
2
1
1
3
4
3
-1
-1
-1
-2
1
1
0
0
1
3
3
3
1
0
-1
0
1
3
0
-2
-1
-1
1
1
1
0
-2
-2
1
0
0
0
1
0
-1
0
0
-1
0
0
-1
0
1
1
3
0
-1
0
1
0
-1
-1
-1
0
-1
-1
0
-1
-3
-2
-2
-3
0
0
-2
0
1
0
-3
-2
-1
-3
-5
-4
-2
-2
-2
0
0
2
2
2
0
0
0
0
1
2
0
-1
0
2
4
4
4
3
2
3
3
3
2
0
1
0
2
2
0
1
0
0
-1
-2
-3
-3
-4
-4
-3
-1
-1
0
-2
-4
-3
-1
0
0
0
-1
-1
-1
1
2
0
-1
-1
0
0
1
2
-1
-1
-2
-2
0
0
1
1
1
1
0
2
2
1
-1
-2
-1
-1
0
2
2
1
0
1
2
2
1
1
1
0
-1
1
0
-3
-3
-3
-4
-2
-2
-2
-2
-2
1
2
3
4
1
3
5
6
7
9
10
8
10
12
16
14
18
20
19
16
14
16
17
12
7
7
8
4
-3
-2
0
-2
-11
-9
-7
-9
-12
-12
-13
-19
-22
-21
-20
-23
-24
-29
-36
-37
-32
-34
-34
-38
-34
-30
-30
-25
-21
-14
-14
-7
-1
3
8
14
22
23
27
37
43
42
51
65
61
49
46
37
36
36
35
28
23
16
-5
-8
-8
-3
-22
-29
-28
-26
-24
-23
-29
-45
-51
-50
-53
-46
-34
-49
-66
-78
-62
-54
-48
-53
-38
-17
-17
-6
9
42
38
31
57
88
100
91
101
115
104
108
120
120
119
124
110
91
86
55
29
14
13
-12
-51
-71
-97
-123
-162
-151
-156
-184
-214
-214
-185
-176
-180
-177
-164
-144
-146
-116
-66
-65
-67
-65
-17
29
104
131
131
167
203
232
235
297
348
320
313
353
413
367
294
275
241
213
201
216
198
159
78
-12
-52
-109
-171
-236
-265
-318
-404
-450
-492
-539
-629
-648
-627
-630
-628
-596
-525
-494
-469
-398
-331
-236
-164
-57
52
105
168
227
326
401
539
657
681
696
728
779
765
753
804
770
715
667
711
660
485
357
222
112
17
24
-13
-93
-223
-364
-472
-577
-642
-692
-742
-783
-835
-831
-820
-818
-863
-888
-852
-812
-701
-566
-407
-316
-234
-118
-23
91
221
367
476
552
661
751
825
852
896
944
940
925
895
895
866
788
701
609
523
396
305
241
118
-23
-170
-300
-436
-519
-582
-652
-750
-833
-877
-950
-1008
-1000
-971
-987
-1002
-951
-872
-812
-739
-652
-580
-524
-400
-236
-86
49
204
344
437
530
671
811
871
914
998
1085
1110
1115
1130
1119
1042
949
893
838
749
631
499
369
225
83
-51
-152
-243
-346
-404
-450
-500
-552
-564
-558
-580
-581
-545
-504
-510
-503
-447
-432
-462
-502
-496
-493
-497
-488
-492
-497
-508
-503
-499
-477
-434
-401
-364
-319
-241
-132
-65
-5
67
209
335
422
523
668
768
766
797
905
979
974
958
992
992
929
853
798
736
621
531
451
362
217
54
-95
-230
-348
-463
-582
-687
-765
-796
-850
-914
-950
-979
-1006
-1011
-961
-943
-971
-972
-938
-897
-873
-823
-750
-675
-552
-389
-200
-35
151
333
489
690
900
1073
1169
1275
1401
1440
1411
1361
1339
1259
1124
1042
973
858
684
558
466
341
202
52
-68
-182
-284
-402
-515
-569
-627
-712
-767
-705
-633
-660
-617
-444
-295
-294
-255
-105
-29
-49
-35
40
-4
-127
-206
-271
-382
-522
-630
-736
-809
-837
-885
-953
-970
-905
-844
-774
-641
-492
-383
-259
-86
69
183
333
488
613
749
904
996
1025
1080
1180
1250
1285
1314
1330
1317
1289
1253
1156
1021
910
826
699
502
296
117
-66
-256
-425
-547
-666
-780
-872
-927
-960
-1013
-1071
-1105
-1091
-1088
-1125
-1156
-1175
-1201
-1244
-1248
-1239
-1255
-1238
-1152
-998
-857
-682
-469
-233
3
227
489
731
954
1132
1305
1474
1527
1517
1494
1528
1504
1399
1347
1309
1246
1100
1007
956
834
699
590
538
387
195
58
-52
-169
-325
-413
-484
-551
-578
-567
-531
-547
-527
-435
-345
-310
-351
-352
-328
-355
-438
-529
-608
-747
-888
-988
-1094
-1240
-1363
-1403
-1399
-1362
-1284
-1213
-1106
-914
-656
-431
-252
-52
182
438
612
747
876
1015
1137
1200
1274
1379
1404
1392
1423
1508
1524
1473
1455
1447
1380
1252
1124
981
799
598
385
161
-36
-221
-385
-551
-636
-711
-790
-789
-784
-794
-847
-861
-841
-903
-939
-993
-1098
-1190
-1263
-1315
-1450
-1539
-1554
-1583
-1562
-1464
-1282
-1163
-1003
-726
-444
-180
45
323
622
841
1033
1207
1334
1416
1462
1528
1559
1614
1595
1542
1533
1561
1571
1466
1443
1478
1415
1266
1121
1025
801
527
307
139
-52
-313
-483
-589
-634
-758
-844
-780
-750
-729
-745
-668
-619
-703
-776
-793
-864
-1012
-1178
-1246
-1381
-1553
-1659
-1703
-1801
-1820
-1722
-1597
-1485
-1328
-989
-774
-530
-228
138
347
573
867
1063
1179
1329
1465
1532
1597
1690
1687
1664
1715
1705
1677
1673
1721
1631
1550
1501
1367
1136
944
744
498
252
86
-89
-296
-418
-543
-572
-611
-611
-620
-600
-502
-470
-518
-546
-582
-724
-878
-988
-1100
-1339
-1561
-1720
-1837
-1993
-2082
-2198
-2161
-2086
-1931
-1747
-1559
-1238
-1019
-723
-370
-4
230
443
748
1010
1132
1347
1538
1643
1664
1866
1992
1966
1991
2100
2177
2094
2136
2125
1989
1804
1646
1470
1211
943
708
435
234
5
-203
-350
-466
-524
-604
-561
-522
-540
-529
-478
-514
-635
-732
-801
-956
-1171
-1370
-1559
-1768
-2006
-2212
-2331
-2400
-2528
-2551
-2401
-2199
-2066
-1894
-1504
-1172
-952
-644
-208
96
264
571
955
1137
1238
1472
1722
1820
1934
2143
2282
2322
2401
2526
2559
2538
2460
2353
2229
2045
1800
1502
1258
964
608
363
160
-105
-375
-451
-436
-563
-643
-552
-507
-564
-580
-496
-604
-828
-929
-979
-1174
-1491
-1691
-1869
-2111
-2385
-2529
-2628
-2783
-2837
-2700
-2505
-2370
-2158
-1811
-1497
-1242
-861
-430
-151
68
461
836
1010
1142
1436
1670
1754
1945
2217
2367
2360
2507
2688
2724
2659
2647
2598
2444
2276
2073
1795
1420
1131
820
548
278
39
-202
-319
-318
-336
-412
-410
-338
-320
-292
-267
-307
-505
-685
-794
-971
-1228
-1528
-1766
-2050
-2295
-2560
-2780
-2999
-3106
-3084
-2999
-2857
-2669
-2412
-2173
-1882
-1493
-1040
-716
-387
-38
395
646
907
1193
1474
1688
1903
2250
2467
2632
2754
2955
3048
3117
3116
3091
2966
2853
2668
2337
1971
1577
1271
868
599
298
44
-203
-284
-296
-366
-433
-445
-395
-372
-352
-414
-565
-733
-899
-1105
-1394
-1640
-1901
-2194
-2487
-2676
-2906
-3191
-3377
-3365
-3253
-3195
-3054
-2808
-2492
-2237
-1913
-1465
-983
-659
-331
85
542
795
1050
1413
1765
1989
2224
2629
2880
3022
3167
3416
3476
3483
3496
3536
3363
3175
2943
2596
2156
1746
1443
1017
678
357
97
-178
-304
-371
-488
-596
-593
-587
-651
-723
-787
-947
-1170
-1390
-1608
-1915
-2206
-2457
-2718
-2996
-3206
-3343
-3539
-3682
-3650
-3467
-3330
-3193
-2867
-2464
-2148
-1810
-1280
-745
-443
-121
391
880
1138
1424
1845
2175
2375
2688
3068
3272
3352
3527
3720
3726
3708
3680
3644
3437
3232
2919
2521
2117
1751
1387
976
646
313
-1
-234
-319
-436
-568
-674
-659
-693
-776
-863
-971
-1120
-1394
-1641
-1848
-2107
-2435
-2733
-2953
-3168
-3430
-3507
-3635
-3719
-3746
-3509
-3278
-3168
-2823
-2378
-2002
-1724
-1176
-577
-255
26
594
1099
1389
1624
2095
2402
2593
2922
3250
3407
3464
3678
3797
3712
3705
3721
3563
3294
3078
2816
2310
1940
1672
1278
792
424
228
-89
-326
-388
-477
-612
-730
-678
-737
-863
-935
-1087
-1313
-1622
-1808
-2043
-2366
-2641
-2918
-3198
-3440
-3565
-3665
-3870
-3897
-3725
-3531
-3369
-3137
-2693
-2396
-2076
-1568
-987
-519
-170
371
929
1288
1649
2044
2459
2683
2976
3426
3619
3756
3882
4127
4151
4010
4067
4001
3790
3479
3233
2930
2362
2018
1632
1167
654
279
114
-260
-488
-630
-716
-851
-991
-986
-1076
-1182
-1320
-1546
-1762
-2030
-2248
-2527
-2795
-3036
-3380
-3608
-3766
-3853
-4051
-4167
-3993
-3761
-3534
-3363
-2941
-2582
-2222
-1786
-1193
-631
-168
355
963
1421
1792
2182
2624
2899
3148
3568
3838
3977
4030
4262
4354
4230
4122
4105
3953
3669
3358
3101
2587
2113
1663
1216
724
241
-55
-374
-688
-917
-1055
-1162
-1301
-1370
-1364
-1419
-1494
-1670
-1785
-1962
-2156
-2386
-2590
-2816
-3099
-3359
-3509
-3665
-3820
-3942
-3910
-3714
-3522
-3243
-2938
-2574
-2226
-1751
-1197
-695
-193
337
911
1381
1786
2221
2587
2874
3168
3556
3831
3942
4070
4248
4303
4273
4206
4159
3968
3766
3522
3197
2703
2200
1780
1234
729
269
-108
-520
-876
-1109
-1285
-1474
-1591
-1634
-1615
-1670
-1717
-1782
-1872
-1981
-2104
-2240
-2443
-2645
-2869
-3065
-3245
-3430
-3556
-3616
-3714
-3612
-3439
-3124
-2914
-2578
-2200
-1756
-1290
-775
-247
177
651
1220
1668
2001
2314
2719
3055
3248
3591
3834
3940
3947
4101
4213
4127
4041
3988
3846
3542
3215
2902
2395
1876
1406
953
482
-37
-402
-777
-1084
-1315
-1461
-1581
-1685
-1695
-1693
-1717
-1752
-1834
-1906
-1963
-2102
-2299
-2531
-2713
-2939
-3162
-3368
-3491
-3585
-3788
-3745
-3568
-3283
-3125
-2835
-2401
-1950
-1526
-979
-367
76
519
1147
1696
2052
2381
2825
3294
3463
3757
4088
4249
4197
4304
4464
4419
4275
4206
4061
3774
3389
3069
2619
2045
1560
1090
614
37
-409
-826
-1219
-1468
-1641
-1786
-1917
-1953
-1930
-1961
-1925
-1940
-2016
-2086
-2194
-2337
-2599
-2845
-3044
-3263
-3493
-3675
-3749
-3947
-3952
-3790
-3473
-3281
-3005
-2564
-2082
-1656
-1105
-433
55
487
1102
1719
2099
2447
2875
3382
3585
3791
4102
4333
4293
4320
4435
4459
4304
4182
4005
3804
3466
3081
2671
2165
1687
1187
743
235
-262
-724
-1131
-1359
-1561
-1755
-1861
-1903
-1886
-1955
-1911
-1888
-1966
-2050
-2130
-2244
-2506
-2769
-2955
-3184
-3398
-3584
-3670
-3892
-3903
-3731
-3423
-3269
-3015
-2523
-2100
-1727
-1173
-440
12
371
1028
1735
2088
2388
2872
3390
3540
3732
4060
4292
4204
4209
4377
4376
4202
4117
4022
3785
3461
3142
2768
2242
1745
1285
856
293
-225
-671
-1089
-1390
-1634
-1830
-1990
-2077
-2088
-2161
-2165
-2166
-2214
-2277
-2324
-2420
-2649
-2877
-3009
-3216
-3447
-3610
-3651
-3883
-3924
-3728
-3373
-3225
-3073
-2522
-2030
-1677
-1176
-378
164
468
1103
1907
2321
2543
2982
3564
3699
3855
4179
4377
4264
4208
4422
4430
4226
4145
4105
3852
3490
3228
2906
2328
1822
1378
958
327
-226
-628
-1052
-1408
-1698
-1897
-2094
-2228
-2245
-2267
-2265
-2268
-2288
-2318
-2332
-2434
-2613
-2806
-2930
-3134
-3374
-3529
-3585
-3821
-3880
-3703
-3390
-3248
-3116
-2594
-2097
-1718
-1235
-441
128
466
1081
1872
2280
2507
2917
3495
3624
3783
4118
4296
4154
4114
4336
4350
4118
4040
4038
3785
3445
3238
2974
2357
1881
1499
1076
419
-140
-529
-960
-1365
-1653
-1895
-2158
-2319
-2331
-2332
-2340
-2302
-2293
-2337
-2350
-2417
-2579
-2753
-2881
-3049
-3269
-3423
-3486
-3707
-3762
-3611
-3353
-3204
-3061
-2550
-2085
-1703
-1224
-452
132
482
1087
1862
2253
2470
2860
3467
3608
3714
4041
4263
4153
4047
4261
4315
4060
3916
3930
3799
3477
3222
3013
2475
1986
1601
1227
616
-7
-432
-827
-1217
-1593
-1890
-2156
-2361
-2415
-2436
-2417
-2400
-2409
-2429
-2453
-2498
-2677
-2837
-2904
-3084
-3262
-3422
-3480
-3680
-3753
-3555
-3350
-3186
-3058
-2537
-2090
-1759
-1278
-529
61
406
970
1793
2170
2374
2751
3393
3576
3614
3971
4223
4165
4046
4257
4350
4083
3930
3967
3867
3578
3272
3095
2589
2089
1698
1342
755
115
-291
-669
-1088
-1504
-1833
-2111
-2383
-2458
-2483
-2508
-2548
-2563
-2543
-2619
-2677
-2816
-2955
-2976
-3114
-3274
-3417
-3475
-3609
-3748
-3523
-3333
-3135
-3097
-2604
-2141
-1849
-1421
-675
-12
350
858
1717
2222
2426
2785
3436
3739
3727
4065
4359
4357
4242
4406
4516
4267
4090
4131
4015
3719
3386
3206
2711
2161
1764
1386
818
169
-222
-589
-1090
-1520
-1854
-2146
-2461
-2558
-2551
-2625
-2690
-2692
-2655
-2740
-2816
-2869
-2987
-3046
-3108
-3269
-3429
-3508
-3553
-3772
-3623
-3446
-3164
-3197
-2838
-2334
-2029
-1660
-1000
-228
203
634
1429
2105
2357
2663
3242
3704
3705
3981
4316
4396
4307
4424
4594
4408
4247
4293
4248
3981
3640
3491
3077
2471
2067
1680
1158
462
3
-361
-915
-1416
-1782
-2070
-2418
-2589
-2582
-2647
-2728
-2753
-2731
-2769
-2846
-2884
-2965
-3073
-3138
-3286
-3423
-3545
-3550
-3809
-3727
-3572
-3292
-3245
-3030
-2469
-2153
-1768
-1174
-379
149
532
1248
2028
2345
2632
3082
3638
3674
3856
4222
4337
4246
4277
4500
4418
4193
4235
4249
4035
3660
3507
3248
2597
2151
1779
1317
607
18
-352
-896
-1456
-1842
-2127
-2446
-2695
-2681
-2716
-2778
-2784
-2750
-2742
-2770
-2790
-2833
-2961
-3019
-3119
-3211
-3377
-3402
-3623
-3686
-3540
-3355
-3184
-3117
-2555
-2156
-1757
-1217
-434
203
593
1197
2043
2449
2704
3018
3594
3734
3758
4123
4298
4226
4115
4336
4440
4162
4087
4167
4054
3690
3438
3331
2749
2205
1792
1404
752
24
-388
-884
-1462
-1872
-2168
-2426
-2753
-2772
-2765
-2820
-2837
-2790
-2748
-2789
-2825
-2837
-2967
-3060
-3141
-3180
-3352
-3475
-3594
-3776
-3667
-3565
-3302
-3234
-2769
-2234
-1786
-1274
-517
236
687
1214
2071
2609
2837
3084
3634
3928
3837
4130
4387
4360
4150
4267
4518
4278
4050
4135
4120
3836
3498
3408
2977
2396
1907
1492
967
189
-308
-784
-1364
-1823
-2195
-2426
-2758
-2880
-2885
-2918
-2914
-2882
-2834
-2846
-2882
-2880
-2978
-3073
-3152
-3211
-3315
-3485
-3514
-3741
-3709
-3614
-3365
-3231
-2950
-2360
-1911
-1439
-801
21
553
979
1763
2474
2767
2957
3386
3878
3819
3950
4254
4338
4149
4106
4393
4359
4048
4069
4128
4003
3669
3547
3271
2702
2206
1742
1281
568
-24
-466
-1070
-1620
-2030
-2277
-2596
-2836
-2849
-2872
-2874
-2842
-2777
-2747
-2808
-2831
-2868
-2994
-3084
-3238
-3293
-3488
-3521
-3725
-3815
-3718
-3562
-3344
-3225
-2673
-2212
-1764
-1203
-390
306
735
1399
2245
2685
2931
3204
3748
3894
3884
4151
4303
4210
4066
4227
4375
4120
4031
4095
4081
3821
3612
3467
2952
2414
1974
1526
898
213
-247
-777
-1426
-1900
-2173
-2440
-2771
-2849
-2824
-2832
-2793
-2712
-2619
-2639
-2718
-2724
-2872
-2966
-3161
-3265
-3446
-3571
-3713
-3934
-3868
-3789
-3537
-3471
-3060
-2484
-2047
-1521
-799
41
569
1099
1956
2557
2845
3057
3515
3873
3804
3990
4220
4225
4075
4153
4405
4281
4088
4188
4271
4094
3767
3685
3327
2706
2234
1848
1276
481
-94
-535
-1173
-1763
-2126
-2375
-2712
-2934
-2887
-2891
-2866
-2794
-2666
-2632
-2728
-2737
-2862
-3006
-3165
-3313
-3462
-3684
-3804
-4041
-4074
-4018
-3803
-3630
-3408
-2789
-2298
-1758
-1145
-260
451
956
1709
2489
2885
3112
3456
3969
3966
4035
4283
4427
4322
4263
4530
4566
4334
4323
4480
4437
4028
3834
3639
3062
2432
2006
1550
711
-33
-495
-1038
-1682
-2168
-2445
-2720
-3043
-3070
-3014
-2969
-2975
-2837
-2733
-2809
-2843
-2900
-3030
-3181
-3356
-3445
-3643
-3809
-4021
-4109
-4036
-3936
-3659
-3526
-2975
-2493
-1957
-1362
-547
278
825
1473
2316
2846
3136
3384
3906
4053
4028
4231
4414
4417
4213
4376
4531
4383
4262
4368
4478
4160
3860
3747
3326
2660
2117
1755
1040
203
-333
-808
-1441
-2012
-2335
-2572
-2945
-3064
-3025
-2933
-3003
-2931
-2768
-2826
-2898
-2925
-3017
-3171
-3368
-3437
-3602
-3777
-3940
-4094
-3983
-3973
-3652
-3549
-3119
-2586
-2102
-1496
-798
91
707
1247
2078
2754
3099
3324
3766
4146
4114
4247
4412
4526
4314
4301
4521
4473
4287
4261
4407
4247
3844
3692
3410
2800
2148
1743
1218
363
-292
-752
-1312
-1958
-2392
-2577
-2926
-3153
-3146
-3037
-3062
-3101
-2912
-2868
-2964
-3015
-3062
-3160
-3378
-3457
-3546
-3749
-3848
-4048
-3906
-3884
-3646
-3439
-3163
-2563
-2122
-1513
-895
-79
644
1139
1872
2679
3075
3344
3664
4196
4281
4357
4507
4669
4581
4449
4662
4717
4489
4365
4428
4400
3949
3653
3447
2919
2216
1642
1229
448
-329
-854
-1322
-1928
-2494
-2718
-2918
-3228
-3285
-3181
-3099
-3185
-3082
-2908
-2942
-3049
-3103
-3120
-3280
-3460
-3474
-3635
-3727
-3923
-3902
-3750
-3669
-3386
-3216
-2640
-2159
-1630
-1025
-309
474
1013
1618
2512
3042
3358
3587
4103
4360
4348
4481
4648
4682
4451
4579
4755
4521
4310
4283
4335
3977
3579
3430
3005
2347
1669
1259
597
-244
-831
-1272
-1795
-2391
-2734
-2850
-3176
-3316
-3249
-3109
-3141
-3118
-2890
-2836
-2926
-2974
-2973
-3029
-3236
-3259
-3329
-3453
-3576
-3717
-3519
-3489
-3204
-3068
-2663
-2119
-1681
-1111
-492
294
849
1323
2131
2806
3130
3297
3658
4055
4015
4092
4240
4364
4117
4096
4358
4255
4002
3899
4004
3851
3453
3327
3040
2493
1842
1433
938
117
-508
-922
-1349
-1897
-2334
-2435
-2695
-2900
-2894
-2751
-2716
-2785
-2597
-2511
-2595
-2716
-2763
-2802
-3005
-3143
-3213
-3393
-3524
-3775
-3628
-3578
-3358
-3201
-2932
-2366
-1998
-1449
-880
-94
464
901
1603
2352
2689
2903
3209
3701
3763
3859
4053
4228
4087
3974
4235
4290
4076
3905
3985
3978
3576
3344
3130
2656
2000
1539
1179
426
-293
-735
-1090
-1603
-2131
-2255
-2387
-2622
-2706
-2592
-2466
-2598
-2512
-2396
-2436
-2644
-2763
-2778
-2937
-3163
-3279
-3477
-3607
-3930
-3848
-3726
-3564
-3389
-3144
-2521
-2169
-1672
-1086
-302
299
733
1404
2165
2502
2761
3094
3637
3785
3902
4177
4371
4352
4239
4449
4561
4387
4232
4245
4258
3844
3521
3300
2820
2143
1611
1252
565
-220
-693
-1070
-1592
-2154
-2327
-2399
-2641
-2769
-2713
-2581
-2706
-2702
-2589
-2619
-2828
-2970
-2988
-3098
-3322
-3441
-3625
-3725
-4014
-3983
-3789
-3631
-3436
-3206
-2548
-2162
-1725
-1148
-375
285
708
1340
2130
2490
2751
3087
3686
3901
3972
4290
4514
4560
4445
4630
4771
4569
4423
4431
4435
4002
3620
3418
2949
2256
1661
1270
633
-217
-718
-1113
-1651
-2255
-2486
-2524
-2775
-2929
-2895
-2739
-2821
-2860
-2750
-2739
-2914
-3047
-3079
-3132
-3367
-3494
-3627
-3681
-3942
-3963
-3721
-3510
-3312
-3117
-2455
-2047
-1648
-1110
-316
359
748
1326
2157
2557
2805
3094
3702
3920
3957
4268
4510
4540
4375
4536
4703
4468
4288
4292
4291
3866
3458
3270
2834
2187
1555
1179
597
-212
-741
-1109
-1601
-2183
-2453
-2483
-2696
-2828
-2818
-2636
-2667
-2703
-2632
-2591
-2735
-2889
-2971
-3010
-3255
-3434
-3585
-3614
-3869
-3936
-3700
-3462
-3250
-3111
-2456
-2043
-1638
-1152
-365
298
672
1212
2036
2466
2716
2994
3573
3765
3815
4131
4390
4428
4258
4418
4590
4385
4215
4209
4207
3800
3398
3169
2744
2139
1501
1141
574
-156
-710
-1047
-1488
-2035
-2326
-2378
-2562
-2678
-2691
-2522
-2536
-2581
-2546
-2498
-2632
-2828
-2940
-2991
-3235
-3437
-3611
-3636
-3890
-3963
-3711
-3474
-3260
-3164
-2509
-2068
-1635
-1157
-419
240
619
1167
1991
2453
2714
3010
3608
3817
3885
4175
4441
4515
4350
4515
4685
4499
4318
4297
4309
3905
3494
3212
2770
2139
1503
1131
553
-169
-729
-1074
-1490
-2017
-2309
-2391
-2603
-2706
-2717
-2596
-2622
-2670
-2645
-2635
-2770
-2968
-3096
-3179
-3426
-3590
-3750
-3778
-4006
-4029
-3734
-3506
-3270
-3159
-2511
-2060
-1592
-1078
-372
255
665
1233
2079
2528
2824
3145
3759
4000
4091
4378
4634
4710
4543
4725
4866
4639
4438
4406
4380
3961
3532
3237
2744
2062
1435
1033
405
-348
-882
-1254
-1708
-2224
-2486
-2583
-2832
-2906
-2884
-2772
-2820
-2809
-2735
-2747
-2880
-3033
-3131
-3237
-3476
-3598
-3725
-3762
-3983
-3937
-3633
-3414
-3156
-2985
-2337
-1895
-1405
-870
-146
431
865
1437
2250
2633
2923
3239
3797
4003
4084
4367
4606
4648
4483
4675
4787
4521
4312
4294
4213
3765
3312
3048
2538
1836
1229
842
203
-552
-1027
-1340
-1808
-2307
-2503
-2555
-2763
-2821
-2742
-2591
-2645
-2615
-2510
-2503
-2662
-2837
-2910
-3039
-3283
-3440
-3556
-3606
-3885
-3806
-3552
-3304
-3093
-2876
-2227
-1805
-1319
-790
-41
488
898
1486
2224
2546
2791
3107
3627
3752
3840
4114
4352
4377
4233
4465
4570
4322
4130
4148
4052
3560
3120
2849
2352
1650
1062
698
61
-679
-1097
-1349
-1795
-2296
-2415
-2419
-2574
-2622
-2509
-2335
-2397
-2383
-2288
-2282
-2466
-2689
-2748
-2911
-3162
-3342
-3471
-3534
-3849
-3739
-3530
-3244
-3099
-2825
-2183
-1782
-1295
-758
-2
493
868
1496
2187
2477
2712
3055
3585
3657
3801
4075
4318
4334
4228
4500
4589
4373
4209
4244
4140
3608
3224
2903
2407
1692
1124
739
68
-673
-1075
-1349
-1789
-2311
-2421
-2422
-2573
-2626
-2513
-2344
-2442
-2452
-2381
-2399
-2598
-2851
-2903
-3087
-3373
-3566
-3685
-3756
-4068
-3920
-3707
-3384
-3270
-2902
-2239
-1812
-1310
-719
82
561
917
1590
2283
2550
2781
3186
3714
3768
3958
4247
4523
4491
4431
4713
4771
4566
4410
4437
4290
3750
3413
3072
2547
1810
1240
781
62
-665
-1121
-1480
-1941
-2444
-2610
-2670
-2823
-2875
-2742
-2591
-2671
-2657
-2594
-2616
-2767
-2965
-3015
-3189
-3456
-3678
-3780
-3894
-4127
-3954
-3756
-3393
-3272
-2786
-2155
-1634
-1079
-424
385
858
1259
1961
2576
2832
3038
3447
3844
3888
4064
4297
4523
4407
4403
4622
4592
4399
4234
4243
4024
3537
3250
2903
2378
1673
1135
617
-107
-767
-1234
-1625
-2093
-2527
-2675
-2785
-2879
-2898
-2726
-2582
-2608
-2549
-2486
-2516
-2649
-2809
-2874
-3069
-3301
-3590
-3711
-3893
-4043
-3884
-3702
-3343
-3241
-2674
-2110
-1518
-948
-256
500
954
1418
2128
2642
2899
3083
3483
3755
3809
3992
4187
4344
4181
4267
4460
4385
4213
4065
4093
3809
3384
3118
2745
2217
1530
1059
502
-218
-822
-1248
-1629
-2123
-2473
-2548
-2678
-2718
-2698
-2510
-2386
-2396
-2318
-2288
-2351
-2531
-2685
-2800
-3046
-3254
-3576
-3699
-3924
-4007
-3869
-3650
-3359
-3253
-2665
-2132
-1539
-972
-262
435
884
1416
2110
2585
2860
3063
3491
3696
3793
4006
4192
4299
4142
4302
4482
4400
4254
4144
4184
3844
3468
3174
2758
2200
1519
1085
474
-250
-822
-1232
-1652
-2184
-2459
-2517
-2659
-2711
-2679
-2507
-2429
-2427
-2348
-2367
-2460
-2673
-2807
-2993
-3273
-3460
-3746
-3841
-4100
-4097
-3952
-3679
-3471
-3250
-2645
-2116
-1537
-928
-179
456
927
1548
2223
2658
2940
3217
3674
3808
3964
4191
4356
4396
4293
4497
4592
4463
4342
4289
4273
3890
3551
3199
2717
2110
1479
1026
344
-380
-915
-1333
-1821
-2359
-2573
-2675
-2798
-2866
-2815
-2684
-2643
-2580
-2485
-2502
-2592
-2769
-2868
-3066
-3325
-3503
-3721
-3840
-4105
-4010
-3879
-3603
-3462
-3081
-2478
-1945
-1358
-675
104
697
1198
1893
2532
2891
3153
3492
3889
3929
4083
4275
4385
4304
4251
4427
4404
4231
4142
4136
4015
3645
3351
2975
2442
1838
1308
805
98
-570
-1040
-1469
-1999
-2441
-2605
-2739
-2820
-2859
-2762
-2658
-2603
-2485
-2382
-2384
-2469
-2592
-2674
-2858
-3093
-3298
-3478
-3711
-3920
-3823
-3732
-3520
-3424
-2949
-2429
-1916
-1319
-589
160
696
1229
1972
2538
2845
3106
3486
3760
3775
3928
4118
4157
4020
4060
4204
4143
4003
3978
3999
3789
3458
3223
2844
2310
1735
1269
713
17
-571
-995
-1448
-1981
-2310
-2459
-2605
-2689
-2675
-2519
-2425
-2378
-2256
-2160
-2183
-2301
-2408
-2482
-2726
-2974
-3211
-3394
-3740
-3867
-3794
-3669
-3536
-3397
-2877
-2414
-1879
-1242
-459
209
719
1321
2073
2553
2834
3097
3495
3655
3700
3862
4042
4018
3913
4056
4170
4097
3981
4021
3996
3701
3394
3185
2791
2218
1648
1183
574
-122
-651
-1061
-1562
-2093
-2362
-2516
-2679
-2777
-2709
-2527
-2490
-2466
-2338
-2275
-2359
-2508
-2581
-2690
-2988
-3250
-3472
-3709
-4041
-4039
-3913
-3736
-3638
-3344
-2784
-2285
-1681
-956
-156
460
1034
1737
2419
2827
3077
3411
3777
3862
3970
4127
4279
4206
4182
4352
4395
4272
4168
4208
4056
3684
3392
3143
2682
2043
1488
995
337
-320
-836
-1281
-1842
-2321
-2540
-2686
-2845
-2947
-2847
-2695
-2682
-2622
-2516
-2494
-2611
-2763
-2789
-2976
-3256
-3541
-3746
-4049
-4193
-4109
-3921
-3765
-3590
-3094
-2546
-1955
-1292
-483
250
869
1570
2287
2808
3142
3434
3846
4047
4138
4278
4420
4442
4342
4406
4473
4368
4233
4168
4111
3786
3449
3160
2791
2236
1646
1153
558
-102
-685
-1196
-1714
-2250
-2565
-2745
-2893
-3049
-3078
-2923
-2842
-2755
-2661
-2563
-2575
-2722
-2764
-2833
-3033
-3292
-3515
-3777
-4001
-3971
-3861
-3661
-3556
-3125
-2615
-2039
-1424
-682
97
706
1401
2143
2711
3077
3383
3780
4042
4121
4235
4378
4403
4281
4296
4343
4217
4106
4022
3982
3722
3399
3124
2755
2251
1715
1235
657
-2
-566
-1081
-1614
-2134
-2479
-2691
-2873
-3013
-3079
-2950
-2857
-2737
-2613
-2511
-2466
-2557
-2603
-2644
-2801
-3000
-3217
-3476
-3770
-3815
-3779
-3639
-3557
-3209
-2732
-2233
-1632
-958
-166
454
1114
1874
2511
2934
3257
3648
3952
4063
4139
4279
4339
4209
4184
4274
4150
4042
3979
3961
3762
3445
3185
2848
2346
1812
1355
795
131
-459
-925
-1453
-2002
-2367
-2604
-2824
-2983
-3038
-2926
-2844
-2754
-2603
-2491
-2457
-2515
-2534
-2548
-2704
-2893
-3084
-3335
-3671
-3769
-3761
-3676
-3649
-3357
-2893
-2452
-1884
-1228
-448
188
827
1591
2286
2760
3124
3532
3869
4026
4118
4235
4331
4228
4165
4262
4193
4056
3991
3987
3830
3525
3259
2956
2496
1938
1488
973
342
-269
-736
-1210
-1772
-2183
-2449
-2689
-2884
-2965
-2884
-2816
-2780
-2668
-2554
-2515
-2558
-2569
-2556
-2678
-2868
-3071
-3285
-3601
-3722
-3728
-3641
-3632
-3406
-2978
-2541
-2002
-1346
-574
94
731
1478
2196
2707
3087
3508
3878
4054
4179
4286
4376
4296
4202
4251
4204
4045
3923
3901
3767
3454
3168
2857
2438
1888
1418
937
323
-286
-783
-1238
-1767
-2209
-2482
-2722
-2925
-3013
-2950
-2863
-2833
-2723
-2589
-2517
-2507
-2486
-2459
-2540
-2684
-2882
-3087
-3357
-3504
-3537
-3493
-3466
-3305
-2939
-2547
-2038
-1411
-681
12
662
1393
2089
2617
3004
3406
3796
3995
4125
4237
4309
4270
4159
4175
4125
3991
3844
3785
3696
3400
3108
2792
2398
1892
1411
967
383
-241
-762
-1227
-1707
-2167
-2438
-2654
-2859
-2956
-2910
-2783
-2738
-2635
-2462
-2371
-2338
-2317
-2272
-2346
-2485
-2665
-2870
-3130
-3327
-3410
-3420
-3416
-3282
-2960
-2595
-2153
-1561
-856
-180
493
1228
1925
2444
2838
3217
3585
3798
3925
4025
4062
4030
3961
3953
3891
3789
3700
3636
3538
3307
3051
2756
2358
1913
1482
1047
505
-66
-581
-1065
-1513
-1906
-2181
-2398
-2575
-2643
-2637
-2553
-2469
-2389
-2263
-2188
-2151
-2161
-2200
-2284
-2417
-2623
-2867
-3132
-3320
-3461
-3536
-3547
-3413
-3144
-2817
-2396
-1823
-1169
-524
157
930
1630
2150
2597
3018
3380
3612
3819
3956
3982
3946
3965
4020
3938
3864
3840
3813
3667
3438
3241
2965
2545
2082
1707
1285
713
168
-308
-811
-1310
-1678
-1912
-2185
-2406
-2468
-2452
-2468
-2434
-2335
-2277
-2286
-2286
-2273
-2357
-2530
-2644
-2820
-3094
-3380
-3523
-3603
-3709
-3750
-3575
-3276
-3006
-2578
-1979
-1307
-701
-37
797
1511
1997
2477
3002
3385
3618
3879
4134
4151
4097
4167
4296
4229
4127
4156
4142
3945
3662
3480
3196
2746
2236
1810
1396
811
216
-252
-769
-1303
-1713
-1983
-2222
-2519
-2631
-2622
-2629
-2666
-2582
-2496
-2540
-2574
-2565
-2566
-2713
-2876
-3013
-3220
-3511
-3645
-3661
-3689
-3724
-3586
-3212
-2905
-2508
-1932
-1197
-558
49
860
1617
2097
2483
3038
3452
3729
3917
4212
4318
4217
4263
4400
4372
4277
4255
4266
4109
3748
3551
3229
2789
2236
1733
1292
711
107
-381
-892
-1416
-1828
-2119
-2335
-2575
-2714
-2711
-2686
-2693
-2619
-2535
-2536
-2527
-2569
-2558
-2640
-2791
-2975
-3177
-3438
-3583
-3628
-3634
-3672
-3528
-3201
-2871
-2455
-1908
-1189
-515
63
860
1616
2066
2542
2943
3403
3690
3873
4136
4250
4215
4230
4305
4295
4244
4189
4210
4058
3793
3516
3191
2761
2204
1711
1227
596
34
-482
-990
-1466
-1922
-2148
-2375
-2567
-2648
-2710
-2628
-2611
-2507
-2468
-2460
-2371
-2447
-2454
-2570
-2659
-2881
-3115
-3339
-3481
-3552
-3603
-3589
-3489
-3203
-2898
-2440
-1923
-1251
-632
-7
736
1431
1954
2422
2863
3245
3553
3785
4036
4144
4170
4235
4280
4266
4254
4249
4228
4106
3909
3680
3302
2864
2394
1898
1356
768
186
-369
-886
-1370
-1796
-2111
-2304
-2470
-2611
-2672
-2626
-2568
-2553
-2493
-2459
-2470
-2452
-2502
-2578
-2736
-2906
-3110
-3375
-3480
-3529
-3602
-3610
-3502
-3245
-2963
-2551
-1973
-1375
-779
-166
545
1257
1833
2312
2775
3190
3467
3730
3972
4114
4175
4208
4263
4271
4245
4272
4233
4114
3980
3752
3416
3005
2557
2061
1505
934
341
-231
-809
-1316
-1751
-2122
-2322
-2518
-2660
-2709
-2722
-2646
-2639
-2593
-2504
-2518
-2514
-2495
-2529
-2651
-2812
-3024
-3221
-3383
-3407
-3481
-3521
-3443
-3240
-2988
-2600
-2088
-1482
-883
-301
372
1049
1713
2216
2642
3069
3418
3651
3845
4014
4124
4145
4156
4164
4178
4180
4151
4036
3889
3726
3400
3046
2644
2174
1620
1043
517
-73
-662
-1174
-1629
-2023
-2277
-2421
-2546
-2642
-2629
-2531
-2491
-2440
-2356
-2315
-2318
-2307
-2331
-2416
-2550
-2779
-3020
-3233
-3322
-3417
-3462
-3457
-3333
-3136
-2796
-2341
-1774
-1160
-558
69
723
1381
1911
2362
2737
3142
3409
3608
3731
3899
3959
3987
3988
4038
4050
4039
3984
3851
3683
3432
3146
2778
2360
1830
1314
755
195
-371
-866
-1368
-1792
-2087
-2261
-2394
-2487
-2474
-2433
-2350
-2286
-2209
-2169
-2171
-2185
-2206
-2306
-2466
-2654
-2891
-3138
-3327
-3418
-3475
-3480
-3416
-3224
-2948
-2549
-2032
-1407
-794
-204
446
1110
1664
2100
2514
2906
3241
3464
3633
3776
3895
3955
3985
4027
4061
4048
4016
3947
3771
3534
3273
2980
2562
2073
1565
1052
461
-107
-610
-1080
-1558
-1929
-2143
-2276
-2429
-2484
-2428
-2359
-2329
-2273
-2184
-2187
-2254
-2290
-2324
-2503
-2736
-2955
-3157
-3389
-3530
-3583
-3567
-3534
-3386
-3122
-2758
-2294
-1717
-1065
-461
159
837
1479
1956
2362
2793
3177
3444
3669
3877
3990
4058
4116
4158
4149
4152
4133
4063
3909
3694
3435
3135
2760
2279
1788
1276
722
128
-393
-882
-1369
-1795
-2076
-2246
-2401
-2513
-2526
-2467
-2415
-2375
-2305
-2261
-2280
-2341
-2362
-2468
-2657
-2915
-3118
-3354
-3530
-3619
-3604
-3572
-3474
-3251
-2919
-2459
-1926
-1274
-657
-11
613
1285
1818
2267
2635
3035
3328
3566
3787
3967
4055
4089
4123
4121
4107
4088
4065
3925
3723
3469
3193
2821
2383
1891
1379
843
304
-212
-724
-1216
-1639
-1948
-2156
-2296
-2389
-2407
-2386
-2334
-2280
-2210
-2163
-2152
-2186
-2233
-2308
-2455
-2665
-2904
-3156
-3387
-3510
-3553
-3540
-3473
-3288
-3010
-2597
-2059
-1427
-815
-203
448
1074
1593
2030
2427
2777
3045
3276
3490
3671
3788
3871
3909
3912
3904
3930
3938
3867
3691
3464
3194
2850
2434
1975
1464
908
373
-107
-598
-1104
-1538
-1852
-2075
-2226
-2284
-2272
-2230
-2183
-2101
-2014
-1959
-1944
-1950
-2004
-2096
-2240
-2422
-2651
-2917
-3185
-3347
-3437
-3475
-3440
-3274
-3035
-2692
-2201
-1577
-970
-407
214
862
1382
1781
2173
2547
2829
3033
3244
3425
3549
3634
3725
3756
3764
3797
3873
3858
3744
3560
3333
3023
2622
2199
1737
1205
633
152
-302
-772
-1239
-1577
-1827
-2007
-2112
-2107
-2074
-2051
-1988
-1904
-1851
-1874
-1912
-1988
-2100
-2280
-2494
-2756
-3034
-3333
-3546
-3672
-3748
-3761
-3629
-3380
-3078
-2658
-2063
-1402
-819
-226
462
1096
1560
1961
2388
2762
3014
3245
3469
3631
3708
3826
3928
3957
3953
4037
4094
4003
3828
3645
3384
2992
2555
2129
1642
1037
499
37
-421
-925
-1310
-1594
-1843
-2047
-2124
-2115
-2154
-2145
-2079
-2017
-2063
-2110
-2163
-2268
-2458
-2646
-2890
-3187
-3507
-3726
-3846
-3942
-3980
-3886
-3619
-3314
-2917
-2362
-1679
-1038
-418
286
985
1540
1985
2434
2861
3170
3417
3663
3850
3941
4013
4133
4174
4153
4153
4191
4126
3927
3720
3473
3111
2659
2218
1761
1183
592
89
-372
-866
-1323
-1625
-1878
-2115
-2285
-2315
-2316
-2335
-2295
-2220
-2207
-2241
-2264
-2297
-2442
-2617
-2805
-3056
-3362
-3626
-3733
-3819
-3869
-3839
-3603
-3280
-2903
-2398
-1748
-1083
-449
246
947
1521
1979
2436
2861
3201
3440
3700
3885
3988
4039
4126
4185
4153
4128
4111
4061
3885
3665
3408
3071
2649
2208
1751
1218
629
94
-391
-876
-1342
-1696
-1943
-2179
-2365
-2460
-2438
-2410
-2383
-2323
-2274
-2244
-2259
-2278
-2358
-2506
-2682
-2902
-3163
-3420
-3569
-3651
-3718
-3705
-3535
-3226
-2866
-2406
-1804
-1146
-502
167
868
1465
1937
2388
2830
3198
3465
3710
3926
4028
4081
4141
4207
4179
4121
4093
4031
3875
3640
3393
3077
2653
2210
1773
1279
693
130
-351
-833
-1315
-1700
-1966
-2194
-2413
-2519
-2524
-2484
-2446
-2395
-2328
-2306
-2295
-2310
-2368
-2491
-2659
-2858
-3093
-3336
-3486
-3592
-3663
-3684
-3558
-3296
-2978
-2547
-2005
-1367
-728
-81
614
1246
1774
2235
2687
3113
3423
3691
3907
4055
4128
4178
4257
4258
4209
4153
4087
3947
3722
3476
3171
2771
2315
1875
1419
887
325
-185
-649
-1098
-1502
-1819
-2073
-2274
-2409
-2456
-2439
-2391
-2344
-2316
-2294
-2290
-2306
-2363
-2461
-2609
-2819
-3044
-3245
-3419
-3555
-3661
-3672
-3602
-3411
-3103
-2695
-2184
-1602
-956
-304
349
1015
1596
2093
2521
2943
3313
3570
3781
3944
4048
4103
4146
4213
4181
4110
4022
3917
3744
3480
3189
2826
2398
1948
1500
1028
488
-33
-485
-893
-1280
-1658
-1935
-2125
-2255
-2340
-2361
-2299
-2245
-2227
-2200
-2182
-2180
-2243
-2306
-2438
-2645
-2877
-3084
-3288
-3494
-3631
-3652
-3635
-3516
-3266
-2862
-2384
-1854
-1240
-610
42
705
1328
1841
2259
2677
3056
3353
3580
3761
3897
3968
4041
4112
4128
4070
4002
3930
3792
3555
3265
2925
2545
2112
1668
1195
683
164
-293
-686
-1073
-1457
-1765
-1953
-2068
-2161
-2202
-2166
-2099
-2046
-2018
-1972
-1980
-2007
-2082
-2205
-2403
-2653
-2904
-3175
-3441
-3606
-3704
-3712
-3686
-3486
-3154
-2727
-2213
-1662
-1051
-415
272
935
1463
1931
2353
2767
3118
3391
3637
3774
3898
3989
4077
4108
4079
4066
4006
3884
3689
3419
3120
2739
2354
1913
1434
948
427
-36
-475
-857
-1229
-1567
-1777
-1913
-1995
-2061
-2068
-2003
-1964
-1901
-1874
-1870
-1914
-1981
-2075
-2279
-2536
-2814
-3108
-3411
-3652
-3764
-3838
-3854
-3741
-3462
-3099
-2677
-2137
-1535
-909
-269
419
1055
1542
1982
2428
2867
3214
3484
3729
3869
3992
4081
4184
4220
4193
4173
4101
3969
3737
3452
3147
2754
2334
1883
1410
925
392
-46
-478
-859
-1216
-1493
-1664
-1816
-1916
-1971
-1982
-1948
-1939
-1923
-1958
-2024
-2100
-2217
-2384
-2654
-2942
-3250
-3555
-3821
-3992
-4100
-4142
-4088
-3867
-3542
-3156
-2651
-2044
-1396
-742
-58
660
1258
1741
2221
2702
3136
3456
3741
3968
4099
4229
4345
4450
4440
4397
4390
4306
4139
3866
3579
3238
2792
2346
1881
1379
846
301
-133
-601
-1007
-1346
-1596
-1791
-1983
-2068
-2094
-2101
-2084
-2086
-2077
-2124
-2205
-2288
-2435
-2636
-2927
-3208
-3493
-3781
-4005
-4157
-4228
-4234
-4120
-3844
-3472
-3018
-2448
-1800
-1126
-443
272
968
1533
2027
2510
2969
3336
3619
3867
4050
4176
4302
4402
4457
4431
4414
4391
4281
4087
3817
3515
3133
2677
2209
1715
1194
653
128
-330
-795
-1175
-1480
-1707
-1890
-2043
-2074
-2064
-2048
-2030
-2015
-1999
-2071
-2183
-2290
-2477
-2731
-3041
-3312
-3617
-3930
-4115
-4234
-4277
-4284
-4078
-3744
-3345
-2832
-2197
-1516
-860
-150
594
1238
1767
2268
2748
3150
3445
3730
3934
4076
4179
4293
4382
4396
4388
4381
4332
4197
3978
3713
3370
2952
2487
2002
1491
932
391
-124
-591
-1034
-1381
-1640
-1844
-1988
-2074
-2065
-2044
-2006
-1958
-1939
-1956
-2059
-2183
-2326
-2570
-2845
-3165
-3450
-3775
-4046
-4174
-4274
-4278
-4237
-3960
-3610
-3176
-2606
-1963
-1282
-633
84
795
1378
1900
2384
2863
3240
3517
3798
3981
4140
4235
4341
4434
4448
4467
4455
4404
4249
3993
3731
3371
2942
2465
1987
1487
900
363
-143
-612
-1047
-1387
-1622
-1835
-1974
-2046
-2052
-2036
-2006
-1963
-1983
-2059
-2200
-2368
-2562
-2853
-3159
-3507
-3804
-4121
-4331
-4411
-4473
-4448
-4342
-3997
-3613
-3129
-2517
-1840
-1154
-497
253
959
1516
2044
2559
3063
3417
3711
4005
4211
4355
4451
4565
4631
4623
4619
4592
4494
4273
3977
3693
3303
2845
2364
1903
1392
792
266
-228
-710
-1152
-1486
-1704
-1918
-2053
-2103
-2088
-2053
-2010
-1951
-1979
-2072
-2230
-2390
-2606
-2922
-3258
-3616
-3920
-4243
-4409
-4483
-4531
-4509
-4344
-3958
-3554
-3029
-2390
-1696
-1019
-351
425
1108
1638
2154
2675
3152
3460
3749
4027
4229
4339
4454
4570
4606
4574
4568
4549
4415
4162
3864
3563
3147
2676
2205
1745
1204
634
138
-350
-830
-1244
-1538
-1731
-1897
-1983
-1995
-1946
-1890
-1822
-1788
-1834
-1926
-2088
-2254
-2512
-2837
-3218
-3603
-3930
-4263
-4431
-4562
-4595
-4569
-4375
-3981
-3537
-2965
-2332
-1626
-945
-266
484
1140
1673
2163
2660
3107
3412
3686
3955
4180
4299
4429
4550
4618
4604
4617
4622
4497
4249
3946
3631
3197
2696
2193
1704
1141
576
60
-441
-920
-1318
-1599
-1775
-1907
-1983
-1981
-1937
-1892
-1859
-1867
-1919
-2009
-2180
-2365
-2648
-2978
-3377
-3750
-4069
-4397
-4544
-4683
-4665
-4619
-4376
-3951
-3472
-2859
-2227
-1499
-828
-142
583
1218
1745
2208
2690
3100
3420
3709
3995
4226
4354
4504
4626
4726
4742
4772
4762
4630
4398
4094
3760
3307
2786
2253
1743
1192
626
76
-424
-875
-1246
-1520
-1687
-1790
-1866
-1864
-1854
-1834
-1857
-1899
-1967
-2096
-2310
-2562
-2889
-3250
-3659
-4043
-4367
-4686
-4801
-4913
-4853
-4771
-4487
-4041
-3541
-2904
-2262
-1522
-839
-139
582
1228
1755
2224
2707
3137
3488
3807
4122
4367
4517
4668
4815
4927
4936
4940
4899
4746
4478
4154
3800
3322
2758
2192
1681
1111
502
-57
-530
-954
-1330
-1570
-1709
-1800
-1867
-1838
-1796
-1780
-1803
-1817
-1883
-2054
-2310
-2578
-2916
-3320
-3735
-4124
-4446
-4774
-4869
-4938
-4858
-4757
-4449
-3974
-3479
-2858
-2195
-1439
-748
-63
645
1295
1789
2251
2719
3175
3503
3806
4128
4369
4535
4669
4866
4975
4979
4977
4944
4805
4491
4162
3800
3303
2714
2121
1593
976
322
-234
-695
-1105
-1494
-1700
-1808
-1889
-1932
-1874
-1764
-1735
-1731
-1733
-1806
-2008
-2298
-2566
-2915
-3356
-3792
-4186
-4501
-4843
-4947
-4981
-4872
-4731
-4400
-3896
-3384
-2761
-2083
-1327
-641
18
691
1316
1784
2233
2664
3107
3418
3712
4030
4261
4479
4638
4876
5005
5060
5110
5093
4993
4688
4363
3970
3453
2868
2239
1644
980
319
-245
-741
-1160
-1523
-1723
-1839
-1917
-1924
-1864
-1760
-1732
-1730
-1766
-1896
-2126
-2435
-2734
-3122
-3580
-4014
-4411
-4730
-5059
-5149
-5134
-4994
-4795
-4436
-3891
-3354
-2727
-2032
-1272
-584
50
724
1352
1821
2251
2689
3150
3460
3741
4087
4356
4590
4750
5021
5194
5259
5308
5310
5226
4896
4533
4113
3579
2936
2260
1634
955
269
-315
-782
-1188
-1543
-1731
-1813
-1857
-1864
-1796
-1680
-1659
-1693
-1761
-1901
-2147
-2489
-2817
-3211
-3681
-4123
-4521
-4830
-5145
-5242
-5182
-5026
-4789
-4447
-3885
-3340
-2735
-2062
-1334
-650
-52
607
1226
1702
2114
2549
3018
3356
3641
4004
4313
4571
4755
5034
5247
5336
5385
5399
5331
5012
4629
4196
3660
2997
2296
1652
968
283
-329
-803
-1215
-1582
-1783
-1874
-1903
-1925
-1866
-1764
-1741
-1774
-1847
-1957
-2183
-2505
-2838
-3209
-3653
-4090
-4475
-4768
-5044
-5153
-5067
-4900
-4632
-4297
-3733
-3171
-2574
-1921
-1212
-532
48
668
1265
1733
2113
2518
2943
3290
3555
3901
4212
4469
4669
4927
5163
5258
5321
5334
5273
4984
4590
4160
3619
2961
2256
1601
932
252
-351
-829
-1246
-1594
-1798
-1867
-1875
-1865
-1788
-1681
-1634
-1646
-1703
-1807
-2035
-2352
-2716
-3105
-3564
-4017
-4418
-4744
-5004
-5152
-5080
-4943
-4676
-4342
-3823
-3254
-2676
-2030
-1358
-698
-122
447
1019
1471
1848
2234
2630
3010
3298
3658
4010
4320
4583
4865
5161
5317
5420
5455
5420
5196
4806
4367
3830
3173
2457
1767
1116
435
-182
-674
-1087
-1410
-1651
-1709
-1700
-1663
-1584
-1476
-1397
-1416
-1497
-1621
-1865
-2219
-2646
-3065
-3538
-4029
-4452
-4796
-5042
-5244
-5200
-5061
-4808
-4489
-4039
-3442
-2896
-2285
-1652
-1007
-422
83
650
1119
1511
1873
2267
2698
3022
3391
3788
4172
4493
4794
5144
5383
5522
5585
5593
5456
5104
4659
4157
3526
2811
2079
1433
770
114
-414
-830
-1140
-1428
-1531
-1515
-1476
-1416
-1334
-1232
-1252
-1392
-1554
-1798
-2160
-2647
-3100
-3552
-4059
-4514
-4872
-5094
-5324
-5341
-5178
-4920
-4599
-4244
-3646
-3095
-2553
-1962
-1341
-727
-260
268
782
1220
1574
1958
2438
2841
3218
3647
4097
4493
4826
5191
5517
5704
5799
5838
5782
5513
5054
4559
3960
3257
2485
1760
1088
383
-227
-720
-1075
-1392
-1598
-1636
-1601
-1540
-1500
-1418
-1392
-1519
-1704
-1947
-2255
-2700
-3183
-3630
-4103
-4550
-4941
-5173
-5379
-5457
-5321
-5060
-4706
-4364
-3841
-3242
-2704
-2134
-1517
-874
-355
144
676
1182
1578
1939
2412
2881
3274
3681
4147
4577
4938
5287
5644
5862
5962
6002
5989
5806
5343
4821
4248
3549
2743
1948
1256
528
-154
-689
-1105
-1436
-1687
-1776
-1738
-1674
-1639
-1570
-1515
-1609
-1775
-1993
-2275
-2667
-3132
-3579
-4039
-4463
-4837
-5094
-5279
-5399
-5327
-5058
-4732
-4377
-3956
-3382
-2836
-2323
-1748
-1141
-611
-148
354
889
1326
1659
2094
2611
3084
3483
3966
4459
4890
5271
5663
5970
6117
6162
6170
6095
5710
5152
4574
3905
3086
2215
1486
799
70
-515
-963
-1303
-1564
-1717
-1695
-1636
-1620
-1596
-1555
-1644
-1837
-2067
-2345
-2715
-3187
-3641
-4086
-4500
-4832
-5089
-5244
-5342
-5345
-5070
-4723
-4340
-3949
-3449
-2870
-2361
-1846
-1276
-736
-278
181
715
1201
1546
1923
2418
2968
3408
3865
4364
4842
5239
5599
5938
6150
6204
6176
6136
5885
5364
4748
4087
3325
2427
1613
942
250
-378
-878
-1242
-1509
-1707
-1749
-1696
-1661
-1671
-1667
-1725
-1903
-2145
-2426
-2755
-3193
-3649
-4072
-4458
-4756
-5003
-5162
-5224
-5259
-5065
-4714
-4304
-3899
-3482
-2961
-2430
-1948
-1439
-911
-437
-11
477
996
1413
1782
2229
2787
3313
3792
4282
4798
5237
5582
5905
6183
6309
6267
6199
6035
5627
5019
4329
3636
2796
1905
1152
481
-155
-739
-1176
-1478
-1727
-1885
-1917
-1864
-1878
-1940
-1980
-2081
-2276
-2549
-2836
-3175
-3594
-3998
-4349
-4599
-4837
-5023
-5075
-5089
-4985
-4705
-4301
-3874
-3485
-3043
-2521
-2038
-1580
-1086
-590
-163
282
792
1278
1673
2069
2572
3125
3634
4114
4634
5124
5489
5801
6106
6316
6317
6212
6069
5745
5206
4522
3855
3111
2233
1407
712
82
-528
-1031
-1358
-1613
-1826
-1944
-1926
-1905
-1973
-2030
-2071
-2189
-2426
-2706
-2991
-3352
-3762
-4127
-4377
-4601
-4804
-4902
-4895
-4828
-4658
-4324
-3914
-3512
-3140
-2690
-2206
-1784
-1350
-886
-432
4
455
964
1397
1774
2203
2717
3274
3754
4249
4752
5182
5534
5830
6102
6216
6146
6017
5769
5347
4730
4065
3382
2585
1758
1021
383
-227
-777
-1159
-1422
-1649
-1813
-1866
-1858
-1893
-1945
-1979
-2065
-2260
-2518
-2803
-3122
-3515
-3890
-4175
-4403
-4587
-4714
-4719
-4650
-4542
-4289
-3932
-3530
-3179
-2823
-2368
-1954
-1559
-1153
-697
-233
170
653
1139
1556
1951
2407
2997
3516
3981
4457
4930
5335
5614
5889
6098
6106
5997
5800
5512
4984
4318
3653
2933
2135
1335
668
67
-533
-1013
-1337
-1584
-1807
-1943
-1960
-1978
-2023
-2073
-2115
-2249
-2475
-2736
-3001
-3317
-3677
-3979
-4205
-4378
-4534
-4592
-4537
-4461
-4313
-4033
-3641
-3285
-3007
-2626
-2201
-1803
-1446
-1021
-533
-130
298
809
1311
1719
2122
2696
3293
3786
4239
4728
5212
5534
5803
6074
6190
6125
5947
5756
5374
4755
4074
3395
2670
1843
1091
475
-122
-693
-1145
-1447
-1709
-1938
-2048
-2078
-2114
-2206
-2272
-2342
-2494
-2732
-2980
-3223
-3513
-3816
-4061
-4231
-4371
-4485
-4500
-4453
-4361
-4180
-3863
-3482
-3174
-2869
-2478
-2033
-1619
-1218
-763
-307
117
592
1109
1580
1985
2452
3040
3591
4057
4499
4962
5375
5654
5914
6096
6117
5980
5765
5493
5003
4360
3667
2971
2220
1405
704
104
-463
-986
-1407
-1691
-1935
-2109
-2194
-2220
-2273
-2374
-2434
-2503
-2657
-2869
-3084
-3290
-3532
-3771
-3936
-4048
-4135
-4177
-4149
-4085
-3986
-3762
-3426
-3102
-2843
-2554
-2154
-1741
-1349
-952
-523
-114
291
782
1283
1714
2120
2624
3204
3698
4140
4573
5011
5355
5608
5853
5974
5925
5737
5504
5171
4633
3987
3310
2613
1834
1049
408
-165
-705
-1198
-1563
-1822
-2044
-2192
-2260
-2293
-2382
-2485
-2542
-2650
-2828
-3037
-3226
-3424
-3658
-3841
-3956
-4025
-4070
-4035
-3957
-3883
-3755
-3464
-3126
-2865
-2640
-2309
-1902
-1527
-1162
-733
-303
83
505
1039
1535
1947
2390
2953
3504
3952
4370
4811
5200
5468
5692
5894
5938
5808
5592
5340
4930
4330
3664
2994
2270
1467
725
109
-459
-998
-1450
-1762
-2006
-2219
-2339
-2361
-2394
-2491
-2570
-2631
-2761
-2958
-3144
-3324
-3535
-3763
-3912
-3985
-4046
-4035
-3961
-3854
-3767
-3576
-3235
-2950
-2720
-2473
-2100
-1719
-1404
-1008
-566
-136
235
701
1251
1702
2132
2634
3208
3706
4123
4580
5008
5334
5558
5774
5918
5884
5732
5524
5210
4708
4062
3399
2712
1952
1156
438
-180
-744
-1250
-1643
-1926
-2177
-2363
-2418
-2404
-2455
-2554
-2614
-2675
-2833
-3021
-3196
-3376
-3617
-3812
-3908
-3966
-4011
-3975
-3862
-3751
-3635
-3347
-3000
-2726
-2506
-2201
-1802
-1479
-1141
-719
-266
127
520
1034
1525
1941
2382
2892
3402
3817
4254
4697
5046
5304
5508
5701
5754
5669
5504
5229
4835
4261
3616
2938
2213
1452
665
-9
-588
-1106
-1545
-1908
-2155
-2381
-2486
-2461
-2463
-2503
-2585
-2592
-2670
-2828
-2961
-3120
-3308
-3543
-3659
-3699
-3783
-3792
-3727
-3606
-3511
-3323
-2946
-2644
-2402
-2177
-1817
-1454
-1164
-782
-368
26
378
798
1292
1690
2078
2512
2980
3419
3818
4277
4637
4929
5172
5404
5550
5525
5426
5206
4882
4427
3849
3211
2489
1773
1024
313
-277
-801
-1248
-1694
-2008
-2226
-2391
-2443
-2463
-2463
-2523
-2577
-2597
-2709
-2832
-2986
-3151
-3356
-3550
-3620
-3696
-3749
-3734
-3653
-3541
-3425
-3130
-2779
-2510
-2293
-2013
-1624
-1289
-947
-532
-136
233
596
1059
1510
1895
2316
2759
3240
3670
4118
4527
4834
5110
5384
5577
5631
5543
5395
5096
4690
4178
3556
2846
2084
1367
642
-12
-568
-1061
-1546
-1959
-2227
-2399
-2572
-2634
-2640
-2647
-2710
-2758
-2777
-2894
-3028
-3166
-3307
-3490
-3647
-3701
-3708
-3719
-3647
-3553
-3400
-3226
-2887
-2538
-2305
-2087
-1778
-1388
-1049
-693
-274
95
424
814
1273
1727
2090
2521
2989
3457
3898
4322
4687
4963
5235
5493
5615
5595
5482
5264
4926
4447
3909
3225
2484
1743
1025
336
-288
-830
-1333
-1813
-2131
-2350
-2532
-2674
-2697
-2663
-2692
-2739
-2768
-2832
-2969
-3103
-3199
-3337
-3523
-3644
-3644
-3614
-3572
-3485
-3362
-3218
-3002
-2635
-2315
-2087
-1874
-1535
-1172
-838
-459
-69
259
595
1020
1520
1918
2295
2731
3196
3637
4050
4446
4731
4967
5198
5370
5411
5335
5202
4920
4516
4018
3443
2757
2021
1314
615
-63
-656
-1182
-1658
-2073
-2325
-2486
-2631
-2672
-2652
-2587
-2608
-2617
-2629
-2713
-2836
-2957
-3049
-3175
-3339
-3387
-3377
-3314
-3241
-3168
-3016
-2901
-2636
-2310
-2000
-1765
-1584
-1260
-965
-648
-314
-6
330
637
1080
1536
1882
2275
2664
3154
3559
3940
4311
4544
4797
4956
5090
5123
5028
4902
4568
4174
3688
3091
2465
1744
1086
383
-257
-784
-1301
-1724
-2100
-2304
-2441
-2545
-2527
-2521
-2496
-2517
-2519
-2532
-2644
-2754
-2893
-2990
-3104
-3207
-3230
-3213
-3129
-3053
-2955
-2824
-2694
-2432
-2130
-1820
-1615
-1427
-1148
-875
-572
-271
54
367
695
1134
1552
1901
2275
2707
3184
3568
3931
4272
4523
4734
4881
4992
5007
4897
4715
4386
3963
3447
2841
2222
1528
849
174
-417
-911
-1401
-1792
-2111
-2315
-2440
-2512
-2477
-2490
-2491
-2515
-2534
-2569
-2685
-2791
-2923
-3029
-3117
-3199
-3187
-3156
-3069
-2993
-2887
-2750
-2591
-2318
-2045
-1784
-1600
-1379
-1098
-821
-512
-196
133
467
834
1276
1651
2021
2414
2887
3335
3709
4069
4396
4667
4852
4992
5082
5056
4917
4679
4359
3882
3299
2674
2033
1339
600
-24
-580
-1096
-1571
-1930
-2175
-2402
-2515
-2528
-2512
-2510
-2526
-2517
-2571
-2665
-2749
-2879
-3001
-3136
-3215
-3267
-3293
-3240
-3165
-3073
-2935
-2791
-2534
-2300
-2044
-1824
-1612
-1325
-1067
-738
-408
-74
296
655
1112
1515
1882
2288
2703
3199
3601
4004
4360
4652
4904
5068
5189
5206
5122
4965
4675
4287
3743
3123
2452
1754
1045
323
-317
-900
-1404
-1847
-2170
-2393
-2549
-2651
-2670
-2632
-2579
-2587
-2610
-2657
-2733
-2857
-2998
-3093
-3206
-3316
-3374
-3349
-3273
-3180
-3044
-2842
-2643
-2355
-2124
-1857
-1664
-1420
-1145
-862
-535
-230
106
467
857
1284
1644
2016
2399
2825
3290
3699
4090
4389
4687
4898
5058
5131
5130
5027
4817
4513
4080
3525
2869
2204
1537
836
154
-465
-1006
-1488
-1879
-2121
-2311
-2457
-2559
-2544
-2503
-2508
-2540
-2574
-2636
-2777
-2912
-3031
-3142
-3291
-3391
-3394
-3364
-3270
-3143
-2970
-2783
-2563
-2250
-2024
-1793
-1604
-1328
-1053
-787
-459
-160
166
516
931
1376
1721
2111
2518
2999
3438
3833
4215
4509
4775
4937
5086
5135
5058
4887
4634
4278
3759
3127
2506
1837
1163
457
-151
-734
-1272
-1698
-1981
-2188
-2387
-2502
-2508
-2488
-2499
-2508
-2510
-2555
-2671
-2762
-2848
-2958
-3109
-3197
-3222
-3220
-3184
-3050
-2903
-2759
-2606
-2318
-2044
-1846
-1666
-1419
-1123
-889
-611
-291
5
317
676
1131
1537
1877
2274
2715
3180
3558
3945
4281
4550
4771
4900
5006
5000
4880
4657
4335
3908
3339
2706
2071
1411
751
81
-502
-1043
-1510
-1883
-2143
-2321
-2476
-2541
-2539
-2513
-2509
-2530
-2538
-2583
-2664
-2732
-2810
-2910
-3027
-3067
-3054
-3039
-2977
-2866
-2727
-2635
-2440
-2136
-1911
-1749
-1581
-1275
-1001
-762
-455
-138
181
504
924
1389
1754
2100
2508
2988
3402
3789
4140
4436
4681
4856
4959
5012
4976
4795
4499
4117
3624
3028
2360
1706
1036
369
-268
-833
-1315
-1764
-2102
-2329
-2488
-2596
-2647
-2619
-2575
-2583
-2622
-2632
-2668
-2753
-2832
-2910
-2996
-3058
-3048
-2993
-2949
-2863
-2731
-2600
-2471
-2204
-1918
-1726
-1590
-1394
-1087
-852
-579
-265
48
369
722
1165
1583
1897
2255
2688
3148
3543
3897
4207
4454
4688
4830
4906
4930
4837
4611
4278
3859
3345
2717
2073
1425
772
125
-458
-968
-1431
-1829
-2099
-2303
-2454
-2537
-2545
-2518
-2516
-2563
-2603
-2635
-2733
-2838
-2925
-3022
-3095
-3104
-3050
-3003
-2928
-2787
-2643
-2531
-2340
-2042
-1810
-1643
-1520
-1273
-1026
-778
-456
-142
188
518
909
1362
1719
2051
2429
2880
3311
3671
3996
4260
4499
4695
4801
4855
4812
4640
4372
4006
3557
2995
2365
1745
1104
448
-157
-689
-1173
-1621
-1941
-2162
-2354
-2482
-2524
-2495
-2496
-2521
-2542
-2542
-2608
-2738
-2800
-2867
-2961
-3021
-2987
-2920
-2887
-2775
-2623
-2495
-2392
-2157
-1876
-1659
-1551
-1394
-1107
-881
-622
-314
33
359
655
1078
1495
1822
2146
2549
3015
3389
3719
4032
4302
4522
4667
4763
4788
4675
4466
4183
3803
3325
2725
2102
1491
844
205
-364
-853
-1345
-1773
-2037
-2236
-2416
-2552
-2547
-2517
-2554
-2587
-2568
-2561
-2705
-2813
-2827
-2871
-2991
-3033
-2952
-2907
-2869
-2739
-2567
-2454
-2329
-2057
-1786
-1616
-1516
-1249
-959
-755
-486
-127
244
525
858
1320
1694
2011
2379
2834
3256
3583
3940
4264
4503
4681
4792
4862
4816
4661
4444
4116
3689
3134
2509
1878
1235
578
-71
-622
-1130
-1644
-2019
-2252
-2441
-2631
-2679
-2625
-2615
-2655
-2664
-2628
-2721
-2851
-2892
-2907
-3014
-3119
-3091
-3038
-3002
-2895
-2725
-2563
-2442
-2210
-1913
-1699
-1526
-1329
-1024
-800
-562
-216
135
472
768
1171
1578
1888
2257
2641
3058
3399
3732
4097
4336
4557
4680
4762
4791
4690
4529
4267
3906
3398
2802
2211
1575
914
227
-388
-903
-1437
-1885
-2154
-2342
-2546
-2633
-2566
-2501
-2513
-2551
-2517
-2561
-2693
-2780
-2818
-2923
-3089
-3131
-3081
-3045
-2975
-2843
-2645
-2497
-2329
-2006
-1753
-1530
-1373
-1106
-833
-652
-353
-34
320
618
935
1377
1683
2024
2387
2788
3180
3478
3874
4151
4390
4572
4659
4738
4691
4578
4360
4037
3612
3037
2449
1821
1170
498
-208
-765
-1257
-1736
-2099
-2322
-2478
-2608
-2628
-2556
-2484
-2510
-2549
-2548
-2593
-2713
-2817
-2912
-3033
-3143
-3157
-3080
-2985
-2882
-2734
-2517
-2330
-2065
-1786
-1515
-1300
-1118
-837
-622
-375
-108
200
560
839
1211
1579
1919
2272
2620
3063
3427
3757
4073
4353
4593
4676
4748
4798
4722
4526
4245
3894
3371
2738
2139
1494
826
114
-520
-1016
-1514
-1930
-2223
-2427
-2567
-2658
-2670
-2628
-2599
-2643
-2707
-2741
-2818
-2950
-3091
-3199
-3278
-3351
-3315
-3212
-3072
-2939
-2764
-2529
-2295
-1991
-1749
-1470
-1267
-1012
-751
-519
-215
72
412
749
1098
1501
1849
2228
2614
3008
3444
3798
4124
4411
4673
4849
4908
4967
4955
4815
4567
4216
3775
3159
2519
1867
1177
474
-228
-794
-1320
-1798
-2141
-2411
-2602
-2726
-2777
-2778
-2757
-2745
-2768
-2834
-2899
-2993
-3115
-3248
-3330
-3393
-3381
-3333
-3203
-3039
-2885
-2661
-2458
-2119
-1865
-1588
-1339
-1104
-788
-573
-275
57
371
699
995
1425
1789
2089
2475
2839
3237
3569
3901
4220
4434
4641
4760
4838
4836
4743
4596
4277
3861
3328
2716
2063
1355
676
-19
-632
-1158
-1649
-2008
-2289
-2491
-2613
-2664
-2645
-2633
-2609
-2563
-2597
-2678
-2778
-2881
-3023
-3165
-3244
-3241
-3242
-3171
-3021
-2876
-2679
-2487
-2172
-1877
-1618
-1331
-1145
-852
-615
-368
-68
220
564
812
1165
1578
1892
2214
2535
2922
3286
3584
3918
4188
4411
4547
4659
4731
4681
4549
4322
3969
3475
2876
2245
1575
865
166
-455
-985
-1506
-1907
-2183
-2385
-2514
-2579
-2540
-2514
-2519
-2474
-2470
-2553
-2678
-2793
-2924
-3102
-3225
-3242
-3248
-3215
-3091
-2927
-2734
-2514
-2224
-1891
-1620
-1316
-1128
-915
-666
-447
-196
51
370
645
924
1333
1717
2041
2368
2728
3132
3462
3781
4095
4343
4514
4626
4717
4752
4629
4446
4157
3738
3185
2555
1955
1282
587
-57
-596
-1120
-1600
-1933
-2171
-2327
-2453
-2481
-2455
-2475
-2506
-2534
-2600
-2738
-2894
-3022
-3163
-3305
-3378
-3382
-3351
-3274
-3113
-2926
-2678
-2433
-2123
-1825
-1543
-1319
-1163
-925
-703
-481
-229
58
376
640
1018
1460
1821
2194
2568
2996
3385
3717
4071
4360
4579
4726
4822
4915
4834
4682
4443
4104
3630
3015
2439
1806
1122
441
-152
-690
-1237
-1683
-2001
-2238
-2414
-2543
-2559
-2574
-2612
-2676
-2747
-2835
-2984
-3117
-3225
-3323
-3408
-3454
-3400
-3333
-3195
-3042
-2830
-2565
-2350
-2019
-1738
-1457
-1291
-1090
-815
-579
-317
-32
318
628
914
1357
1751
2106
2454
2837
3270
3572
3887
4199
4452
4602
4680
4810
4793
4639
4436
4170
3800
3235
2671
2086
1434
728
93
-441
-970
-1484
-1851
-2130
-2345
-2510
-2570
-2555
-2576
-2611
-2681
-2741
-2847
-2983
-3103
-3203
-3292
-3364
-3372
-3277
-3170
-3015
-2887
-2656
-2460
-2220
-1872
-1606
-1368
-1227
-959
-687
-434
-140
187
556
833
1193
1622
1959
2294
2630
3024
3375
3650
3960
4217
4428
4528
4638
4717
4633
4490
4248
3955
3520
2986
2416
1793
1133
429
-178
-695
-1213
-1663
-2015
-2277
-2483
-2601
-2621
-2622
-2638
-2682
-2719
-2775
-2867
-2972
-3102
-3188
-3263
-3313
-3289
-3166
-3019
-2874
-2734
-2526
-2337
-2039
-1727
-1470
-1292
-1135
-828
-575
-297
-4
345
691
969
1371
1736
2059
2386
2744
3128
3427
3714
3990
4215
4405
4501
4615
4654
4585
4441
4153
3825
3356
2828
2234
1632
969
283
-288
-809
-1311
-1724
-2065
-2318
-2498
-2583
-2609
-2641
-2674
-2711
-2734
-2815
-2874
-2987
-3123
-3201
-3273
-3323
-3276
-3167
-3006
-2869
-2699
-2500
-2269
-1954
-1690
-1435
-1320
-1080
-766
-542
-246
44
426
731
1025
1432
1767
2090
2412
2824
3210
3477
3794
4055
4299
4469
4576
4727
4737
4663
4484
4191
3832
3292
2741
2146
1508
828
161
-380
-943
-1438
-1829
-2157
-2376
-2538
-2592
-2634
-2682
-2712
-2735
-2782
-2874
-2941
-3066
-3200
-3290
-3367
-3395
-3360
-3266
-3085
-2937
-2720
-2519
-2190
-1895
-1621
-1384
-1233
-888
-650
-396
-86
206
589
851
1192
1565
1861
2176
2511
2955
3285
3575
3898
4130
4388
4513
4672
4795
4734
4641
4416
4133
3685
3099
2533
1866
1191
502
-133
-653
-1228
-1657
-2017
-2270
-2429
-2539
-2550
-2589
-2603
-2626
-2654
-2734
-2841
-2955
-3099
-3243
-3341
-3399
-3415
-3382
-3234
-3063
-2886
-2647
-2416
-2032
-1789
-1478
-1293
-1050
-713
-528
-211
45
371
701
959
1333
1644
1927
2236
2608
3026
3319
3661
3941
4196
4422
4545
4746
4767
4692
4566
4331
4010
3483
2928
2296
1586
911
225
-350
-890
-1421
-1788
-2102
-2285
-2409
-2465
-2488
-2514
-2506
-2551
-2598
-2711
-2837
-3004
-3157
-3302
-3391
-3443
-3447
-3353
-3166
-3028
-2784
-2551
-2292
-1926
-1693
-1377
-1249
-919
-653
-443
-122
115
486
744
1066
1450
1741
2059
2375
2772
3143
3434
3778
4022
4285
4449
4583
4721
4657
4582
4400
4132
3750
3213
2666
1984
1309
647
-6
-541
-1104
-1562
-1904
-2184
-2341
-2446
-2480
-2510
-2487
-2485
-2528
-2561
-2673
-2785
-2947
-3076
-3205
-3287
-3328
-3298
-3174
-3003
-2863
-2585
-2401
-2110
-1803
-1574
-1312
-1193
-862
-693
-453
-164
70
427
672
1064
1436
1753
2129
2447
2864
3208
3509
3851
4077
4347
4499
4622
4705
4619
4551
4325
4035
3635
3088
2541
1858
1235
582
-52
-588
-1158
-1570
-1946
-2228
-2411
-2543
-2583
-2618
-2586
-2623
-2654
-2697
-2798
-2875
-3017
-3123
-3224
-3291
-3297
-3244
-3100
-2939
-2784
-2500
-2319
-1989
-1745
-1484
-1245
-1104
-809
-654
-373
-132
121
491
751
1155
1506
1858
2236
2539
2966
3281
3582
3882
4106
4373
4506
4613
4667
4585
4498
4248
3951
3517
2956
2391
1731
1126
466
-149
-682
-1210
-1602
-1975
-2219
-2400
-2514
-2530
-2553
-2524
-2577
-2604
-2669
-2766
-2847
-3002
-3107
-3204
-3269
-3262
-3202
-3040
-2903
-2748
-2477
-2298
-1983
-1787
-1496
-1281
-1130
-841
-650
-352
-135
168
539
794
1185
1505
1850
2178
2487
2906
3207
3515
3799
4066
4336
4491
4625
4685
4634
4538
4300
3992
3520
2951
2358
1704
1071
397
-217
-767
-1274
-1663
-2004
-2220
-2380
-2467
-2464
-2477
-2448
-2498
-2535
-2602
-2706
-2797
-2965
-3074
-3165
-3238
-3214
-3133
-2970
-2841
-2693
-2432
-2274
-1997
-1806
-1520
-1336
-1191
-884
-677
-386
-167
159
514
768
1147
1450
1773
2073
2399
2805
3097
3416
3720
4023
4308
4490
4649
4723
4697
4602
4361
4049
3568
3007
2392
1737
1094
402
-222
-772
-1272
-1658
-1996
-2186
-2330
-2421
-2412
-2419
-2386
-2450
-2490
-2543
-2661
-2767
-2940
-3034
-3128
-3213
-3171
-3078
-2928
-2790
-2642
-2385
-2264
-2019
-1802
-1561
-1402
-1293
-983
-793
-553
-334
-34
312
555
941
1278
1594
1923
2269
2685
2984
3318
3679
3991
4290
4487
4674
4764
4742
4675
4453
4160
3705
3174
2589
1942
1301
609
-19
-566
-1091
-1491
-1841
-2041
-2204
-2320
-2330
-2370
-2354
-2414
-2463
-2530
-2666
-2761
-2925
-3045
-3127
-3213
-3178
-3118
-2970
-2796
-2679
-2424
-2303
-2070
-1845
-1646
-1437
-1386
-1097
-911
-697
-471
-247
138
371
757
1139
1467
1850
2164
2600
2926
3259
3643
3916
4221
4407
4594
4678
4632
4592
4396
4130
3717
3203
2664
2031
1423
763
128
-411
-944
-1340
-1694
-1907
-2063
-2189
-2209
-2257
-2244
-2273
-2316
-2362
-2480
-2569
-2695
-2852
-2932
-3021
-3024
-2998
-2898
-2712
-2632
-2441
-2311
-2144
-1913
-1782
-1550
-1514
-1322
-1105
-930
-674
-513
-132
156
485
903
1240
1654
1966
2372
2800
3141
3521
3812
4136
4392
4560
4691
4678
4653
4526
4278
3946
3421
2896
2290
1676
1031
333
-241
-799
-1240
-1631
-1905
-2064
-2220
-2275
-2327
-2313
-2307
-2341
-2355
-2423
-2526
-2634
-2771
-2865
-2952
-2996
-2957
-2887
-2743
-2638
-2497
-2330
-2228
-1985
-1841
-1659
-1567
-1466
-1196
-1053
-791
-593
-278
78
349
790
1138
1524
1888
2246
2745
3099
3470
3796
4110
4458
4614
4780
4805
4793
4715
4457
4168
3655
3121
2523
1880
1237
494
-131
-705
-1189
-1614
-1957
-2144
-2329
-2422
-2472
-2447
-2426
-2453
-2459
-2491
-2586
-2690
-2791
-2895
-2969
-3013
-2977
-2897
-2801
-2663
-2547
-2357
-2243
-2049
-1865
-1736
-1581
-1521
-1257
-1083
-854
-597
-343
47
309
710
1101
1442
1831
2163
2669
3057
3388
3750
4064
4457
4630
4808
4892
4893
4856
4603
4353
3885
3365
2800
2138
1500
755
101
-492
-1009
-1455
-1870
-2117
-2334
-2448
-2488
-2504
-2473
-2509
-2518
-2545
-2641
-2727
-2821
-2920
-2998
-3034
-3024
-2964
-2882
-2741
-2625
-2450
-2311
-2163
-1974
-1858
-1665
-1603
-1391
-1163
-969
-684
-454
-83
212
552
991
1322
1700
2026
2476
2939
3234
3609
3919
4285
4520
4674
4819
4801
4791
4603
4341
3981
3458
2956
2299
1651
974
283
-296
-840
-1260
-1700
-2012
-2179
-2291
-2306
-2343
-2301
-2268
-2294
-2287
-2361
-2445
-2548
-2663
-2743
-2826
-2871
-2882
-2842
-2728
-2624
-2495
-2346
-2273
-2088
-1973
-1782
-1681
-1577
-1326
-1170
-918
-708
-415
-53
212
649
1036
1402
1776
2147
2682
3066
3429
3790
4112
4440
4609
4785
4839
4795
4692
4452
4156
3680
3143
2536
1857
1214
516
-110
-660
-1146
-1545
-1926
-2109
-2213
-2275
-2301
-2281
-2200
-2190
-2189
-2199
-2272
-2357
-2481
-2566
-2645
-2745
-2785
-2793
-2732
-2613
-2531
-2377
-2296
-2206
-2008
-1860
-1664
-1637
-1436
-1226
-1075
-828
-661
-270
19
302
756
1104
1521
1875
2343
2878
3238
3662
3959
4313
4563
4709
4853
4806
4729
4520
4270
3869
3313
2739
2064
1452
802
139
-399
-942
-1337
-1696
-1959
-2096
-2221
-2253
-2272
-2206
-2188
-2200
-2169
-2216
-2273
-2379
-2465
-2514
-2603
-2670
-2699
-2670
-2612
-2506
-2445
-2309
-2266
-2115
-1911
-1749
-1607
-1561
-1299
-1157
-966
-754
-548
-140
67
410
835
1175
1604
1989
2515
2998
3380
3784
4062
4412
4585
4722
4792
4702
4590
4331
4043
3549
2997
2402
1759
1200
550
-28
-538
-1028
-1341
-1644
-1834
-1980
-2076
-2090
-2085
-2047
-2067
-2061
-2059
-2130
-2202
-2323
-2388
-2466
-2554
-2617
-2644
-2602
-2564
-2500
-2455
-2348
-2317
-2143
-2014
-1876
-1795
-1739
-1493
-1398
-1174
-992
-716
-306
-65
385
811
1210
1684
2112
2663
3108
3507
3869
4155
4457
4576
4700
4711
4628
4491
4208
3892
3401
2899
2319
1724
1176
561
42
-460
-894
-1190
-1453
-1618
-1752
-1826
-1849
-1831
-1823
-1841
-1864
-1904
-1980
-2091
-2229
-2321
-2411
-2495
-2586
-2615
-2565
-2525
-2471
-2428
-2337
-2312
-2148
-2086
-1972
-1958
-1899
-1679
-1614
-1395
-1226
-887
-497
-202
308
744
1189
1651
2099
2665
3075
3456
3780
4089
4380
4496
4609
4606
4564
4413
4140
3821
3353
2878
2307
1739
1176
571
60
-434
-839
-1133
-1387
-1544
-1673
-1716
-1721
-1714
-1717
-1738
-1769
-1824
-1924
-2069
-2222
-2329
-2421
-2518
-2623
-2644
-2591
-2516
-2453
-2399
-2309
-2292
-2112
-2070
-1953
-1963
-1885
-1681
-1608
-1369
-1181
-822
-457
-105
425
850
1298
1745
2218
2766
3117
3477
3773
4091
4370
4477
4570
4539
4501
4322
4038
3682
3209
2721
2150
1603
1028
418
-104
-562
-913
-1204
-1487
-1632
-1715
-1716
-1724
-1729
-1709
-1715
-1722
-1778
-1890
-2041
-2177
-2267
-2382
-2486
-2598
-2596
-2569
-2504
-2443
-2393
-2328
-2350
-2150
-2111
-1993
-2022
-1927
-1727
-1632
-1381
-1162
-771
-406
-29
496
942
1417
1867
2348
2884
3213
3574
3847
4167
4416
4502
4610
4566
4499
4294
4016
3681
3225
2745
2218
1689
1114
513
28
-399
-781
-1098
-1375
-1528
-1649
-1690
-1712
-1721
-1711
-1724
-1730
-1806
-1935
-2085
-2198
-2299
-2473
-2573
-2684
-2702
-2716
-2682
-2627
-2593
-2550
-2582
-2378
-2321
-2215
-2249
-2123
-1913
-1785
-1517
-1283
-840
-455
-78
439
919
1426
1882
2369
2904
3248
3628
3907
4225
4460
4538
4658
4612
4504
4319
4080
3779
3339
2866
2361
1820
1253
677
236
-198
-605
-922
-1182
-1338
-1502
-1553
-1553
-1555
-1561
-1580
-1613
-1700
-1837
-1981
-2121
-2250
-2447
-2584
-2697
-2764
-2784
-2768
-2726
-2704
-2642
-2671
-2501
-2445
-2347
-2373
-2254
-2016
-1908
-1626
-1408
-974
-565
-247
260
748
1267
1712
2195
2766
3148
3547
3862
4191
4447
4507
4614
4605
4507
4336
4124
3846
3392
2897
2377
1860
1322
752
323
-100
-505
-818
-1090
-1229
-1379
-1435
-1438
-1440
-1454
-1485
-1537
-1627
-1748
-1884
-2047
-2211
-2384
-2563
-2671
-2746
-2757
-2735
-2703
-2685
-2597
-2639
-2519
-2470
-2383
-2357
-2315
-2043
-1967
-1717
-1480
-1103
-650
-366
129
638
1176
1640
2086
2687
3102
3474
3786
4084
4357
4391
4462
4482
4429
4264
4020
3763
3336
2867
2376
1911
1432
895
455
60
-331
-649
-919
-1076
-1222
-1305
-1336
-1351
-1372
-1414
-1458
-1539
-1669
-1803
-1956
-2132
-2301
-2498
-2608
-2677
-2710
-2707
-2689
-2708
-2651
-2713
-2663
-2593
-2569
-2472
-2484
-2249
-2149
-1950
-1630
-1302
-831
-499
14
551
1052
1566
2007
2576
3007
3367
3721
3983
4272
4357
4465
4536
4483
4371
4130
3893
3525
3078
2634
2192
1732
1210
735
350
-25
-380
-657
-847
-1008
-1134
-1193
-1236
-1256
-1300
-1379
-1457
-1618
-1765
-1924
-2107
-2291
-2510
-2651
-2749
-2820
-2848
-2846
-2897
-2879
-2916
-2951
-2826
-2823
-2702
-2693
-2528
-2318
-2185
-1845
-1534
-1075
-694
-250
320
783
1291
1726
2256
2755
3118
3527
3788
4107
4308
4420
4566
4510
4426
4253
4017
3725
3318
2895
2464
2025
1531
1053
656
315
-45
-348
-555
-720
-875
-948
-996
-1042
-1073
-1166
-1237
-1393
-1569
-1754
-1951
-2154
-2406
-2611
-2764
-2889
-2963
-2971
-3006
-3045
-3036
-3112
-3017
-2963
-2901
-2828
-2775
-2497
-2363
-2107
-1791
-1405
-947
-565
-11
494
992
1467
1964
2543
2948
3367
3706
4001
4305
4418
4563
4608
4507
4365
4172
3952
3634
3254
2828
2422
1984
1520
1102
739
386
48
-233
-439
-635
-772
-854
-945
-998
-1088
-1184
-1335
-1515
-1734
-1978
-2210
-2472
-2721
-2926
-3089
-3187
-3222
-3232
-3268
-3255
-3279
-3293
-3193
-3153
-3057
-3043
-2838
-2590
-2415
-2109
-1749
-1264
-831
-346
230
755
1260
1743
2305
2804
3193
3579
3878
4186
4379
4468
4573
4555
4423
4256
4098
3886
3589
3217
2816
2413
1985
1561
1181
782
416
89
-197
-439
-632
-753
-863
-957
-1042
-1144
-1288
-1450
-1663
-1916
-2204
-2477
-2738
-2961
-3145
-3270
-3289
-3297
-3292
-3300
-3242
-3265
-3215
-3117
-3032
-2957
-2877
-2606
-2388
-2168
-1828
-1392
-904
-480
48
622
1116
1608
2093
2623
3046
3394
3724
3989
4254
4379
4461
4509
4453
4331
4168
4019
3786
3479
3090
2662
2253
1804
1406
989
571
204
-127
-396
-618
-771
-891
-986
-1076
-1159
-1295
-1430
-1614
-1867
-2154
-2458
-2721
-2975
-3160
-3327
-3385
-3394
-3401
-3389
-3357
-3291
-3323
-3235
-3138
-3051
-2990
-2865
-2585
-2401
-2133
-1770
-1291
-809
-415
194
735
1236
1746
2228
2761
3139
3493
3815
4092
4348
4473
4598
4623
4593
4503
4373
4237
3995
3699
3295
2876
2464
2001
1591
1141
719
325
-33
-277
-510
-683
-839
-964
-1075
-1218
-1373
-1547
-1758
-2073
-2391
-2648
-2909
-3143
-3330
-3461
-3508
-3545
-3565
-3539
-3462
-3421
-3457
-3327
-3244
-3154
-3105
-2938
-2657
-2483
-2157
-1794
-1279
-822
-419
240
772
1296
1800
2284
2810
3159
3523
3860
4151
4380
4481
4606
4613
4592
4514
4418
4293
4033
3745
3362
2976
2580
2112
1698
1239
808
397
56
-186
-452
-663
-864
-1023
-1172
-1333
-1501
-1714
-1954
-2285
-2579
-2806
-3051
-3267
-3443
-3570
-3626
-3680
-3676
-3640
-3554
-3499
-3513
-3339
-3264
-3141
-3061
-2851
-2557
-2364
-1980
-1619
-1103
-648
-214
459
980
1506
1992
2459
2967
3298
3683
4017
4284
4462
4512
4617
4604
4598
4522
4429
4292
3996
3709
3337
2986
2588
2102
1652
1184
742
317
-21
-287
-590
-844
-1077
-1234
-1402
-1566
-1724
-1948
-2199
-2501
-2734
-2925
-3161
-3349
-3498
-3613
-3678
-3727
-3679
-3631
-3564
-3500
-3493
-3308
-3239
-3101
-2979
-2753
-2460
-2257
-1867
-1490
-1001
-542
-76
559
1071
1571
2048
2493
2993
3341
3721
4048
4282
4445
4494
4620
4639
4654
4606
4516
4387
4113
3850
3515
3182
2790
2285
1806
1352
908
478
116
-185
-504
-785
-1033
-1188
-1363
-1549
-1736
-1963
-2207
-2499
-2733
-2928
-3173
-3385
-3556
-3673
-3725
-3776
-3750
-3722
-3682
-3650
-3676
-3512
-3434
-3308
-3180
-2980
-2675
-2457
-2093
-1716
-1232
-759
-318
292
803
1292
1790
2236
2759
3140
3538
3886
4152
4383
4490
4675
4755
4801
4796
4739
4639
4413
4175
3833
3480
3080
2579
2076
1606
1157
696
302
-24
-357
-643
-915
-1102
-1311
-1520
-1708
-1926
-2176
-2462
-2723
-2952
-3220
-3445
-3619
-3753
-3797
-3814
-3804
-3803
-3778
-3734
-3788
-3644
-3536
-3414
-3274
-3121
-2809
-2585
-2213
-1838
-1372
-845
-449
152
709
1214
1752
2225
2765
3158
3565
3953
4270
4575
4718
4931
5040
5083
5111
5071
5007
4782
4528
4145
3728
3288
2770
2256
1713
1213
704
233
-128
-487
-811
-1112
-1355
-1588
-1838
-2019
-2198
-2457
-2738
-3013
-3264
-3529
-3763
-3895
-4009
-4049
-4031
-3993
-3952
-3924
-3805
-3789
-3659
-3483
-3372
-3204
-3090
-2778
-2531
-2196
-1783
-1391
-830
-415
138
762
1280
1838
2305
2835
3252
3641
4066
4390
4746
4907
5105
5277
5310
5374
5337
5282
5075
4789
4419
3957
3488
2926
2375
1797
1214
676
150
-275
-662
-1033
-1359
-1625
-1850
-2104
-2325
-2470
-2696
-2971
-3207
-3432
-3658
-3885
-3999
-4084
-4119
-4090
-4057
-3962
-3909
-3761
-3656
-3546
-3330
-3229
-3056
-2972
-2700
-2399
-2157
-1753
-1414
-912
-440
45
691
1214
1761
2221
2703
3198
3581
4047
4373
4724
4965
5118
5355
5428
5489
5465
5381
5199
4911
4569
4143
3659
3109
2521
1954
1364
804
295
-158
-560
-948
-1282
-1556
-1774
-2004
-2268
-2472
-2667
-2945
-3175
-3391
-3589
-3806
-3950
-4012
-4087
-4068
-4063
-3995
-3902
-3813
-3654
-3603
-3422
-3321
-3196
-3072
-2946
-2607
-2405
-2096
-1754
-1359
-828
-385
210
805
1308
1853
2306
2876
3367
3837
4284
4582
4948
5146
5384
5548
5599
5620
5512
5382
5109
4800
4420
3937
3429
2857
2291
1730
1161
635
157
-249
-671
-1033
-1363
-1632
-1866
-2152
-2412
-2640
-2875
-3132
-3358
-3553
-3726
-3885
-3958
-3993
-4037
-4020
-3982
-3876
-3813
-3698
-3614
-3575
-3428
-3370
-3207
-3122
-2919
-2627
-2409
-2050
-1697
-1184
-668
-176
461
1026
1563
2109
2639
3243
3726
4207
4591
4896
5248
5443
5672
5741
5790
5760
5626
5471
5146
4812
4351
3828
3317
2723
2142
1542
953
406
-90
-523
-992
-1377
-1748
-2034
-2304
-2587
-2810
-3029
-3238
-3467
-3661
-3789
-3901
-3979
-4001
-4007
-4019
-3964
-3872
-3781
-3742
-3628
-3608
-3560
-3419
-3365
-3189
-3124
-2863
-2588
-2317
-1914
-1515
-934
-456
92
753
1314
1879
2433
3018
3584
4040
4502
4838
5164
5468
5655
5840
5872
5940
5865
5735
5521
5144
4744
4218
3692
3125
2474
1843
1213
607
32
-480
-957
-1444
-1837
-2204
-2472
-2729
-2969
-3165
-3349
-3514
-3701
-3823
-3904
-3966
-3988
-3990
-3972
-3950
-3868
-3785
-3733
-3679
-3568
-3573
-3500
-3361
-3303
-3123
-3045
-2760
-2482
-2174
-1734
-1309
-716
-230
372
1061
1637
2246
2819
3424
3965
4415
4872
5215
5552
5819
6004
6169
6195
6235
6115
5948
5652
5204
4740
4180
3606
2948
2261
1586
950
325
-259
-767
-1257
-1706
-2091
-2419
-2654
-2890
-3091
-3265
-3423
-3572
-3735
-3821
-3911
-3966
-3986
-4016
-3997
-3977
-3928
-3875
-3824
-3770
-3669
-3676
-3610
-3457
-3405
-3221
-3127
-2850
-2566
-2257
-1786
-1363
-768
-246
363
1067
1650
2274
2845
3446
3989
4424
4890
5242
5570
5845
6042
6235
6260
6272
6139
5941
5631
5175
4714
4130
3493
2797
2108
1409
753
125
-489
-1014
-1500
-1928
-2280
-2579
-2787
-2995
-3157
-3290
-3419
-3536
-3660
-3729
-3798
-3866
-3891
-3933
-3937
-3922
-3908
-3864
-3809
-3785
-3689
-3652
-3594
-3412
-3338
-3129
-2981
-2694
-2351
-2029
-1535
-1099
-495
62
642
1329
1897
2488
3049
3634
4173
4581
5028
5367
5671
5974
6173
6370
6378
6349
6199
5962
5664
5206
4726
4091
3397
2686
1973
1263
586
-47
-711
-1282
-1739
-2165
-2479
-2744
-2946
-3133
-3280
-3381
-3466
-3554
-3646
-3721
-3771
-3850
-3886
-3900
-3916
-3904
-3897
-3853
-3800
-3763
-3665
-3556
-3509
-3325
-3203
-2993
-2793
-2532
-2143
-1838
-1392
-937
-369
198
727
1372
1948
2511
3090
3675
4225
4633
5064
5437
5726
6039
6212
6371
6368
6286
6121
5832
5518
5040
4514
3867
3144
2432
1711
1011
341
-301
-956
-1543
-1972
-2376
-2698
-2927
-3132
-3313
-3458
-3556
-3609
-3698
-3774
-3846
-3898
-3945
-3990
-3988
-3977
-3944
-3917
-3866
-3804
-3733
-3631
-3458
-3401
-3246
-3061
-2861
-2622
-2412
-2002
-1659
-1279
-805
-280
303
817
1438
2069
2613
3179
3737
4303
4737
5144
5570
5818
6101
6263
6380
6427
6330
6204
5906
5565
5099
4546
3944
3226
2528
1790
1041
375
-271
-896
-1476
-1922
-2321
-2690
-2933
-3122
-3279
-3412
-3529
-3598
-3689
-3796
-3881
-3954
-3996
-4027
-4082
-4094
-4045
-3985
-3906
-3825
-3709
-3613
-3437
-3327
-3240
-3000
-2803
-2569
-2389
-2084
-1680
-1345
-889
-381
200
771
1349
2039
2618
3171
3701
4255
4780
5145
5572
5825
6014
6191
6269
6354
6267
6135
5886
5512
5082
4519
3967
3297
2593
1911
1111
405
-228
-813
-1379
-1879
-2279
-2694
-2994
-3190
-3322
-3429
-3552
-3640
-3714
-3806
-3906
-3975
-4032
-4047
-4095
-4151
-4098
-4014
-3892
-3754
-3591
-3446
-3315
-3112
-3043
-2862
-2600
-2418
-2215
-2034
-1676
-1327
-937
-409
116
729
1277
1909
2564
3102
3659
4144
4689
5112
5436
5775
5917
6101
6186
6219
6216
6033
5864
5517
5106
4598
3994
3414
2687
2026
1302
507
-144
-766
-1299
-1839
-2281
-2660
-3044
-3260
-3427
-3525
-3597
-3702
-3742
-3804
-3877
-3934
-3988
-3997
-4014
-4048
-4014
-3931
-3812
-3660
-3461
-3268
-3127
-2931
-2763
-2668
-2430
-2215
-2018
-1843
-1601
-1261
-945
-479
5
525
1066
1565
2194
2749
3273
3776
4227
4686
4999
5311
5550
5684
5825
5823
5832
5731
5554
5343
4956
4545
3992
3415
2815
2130
1500
769
60
-570
-1143
-1651
-2152
-2517
-2870
-3151
-3327
-3475
-3508
-3571
-3634
-3639
-3679
-3701
-3719
-3720
-3691
-3696
-3651
-3561
-3472
-3344
-3183
-2978
-2819
-2676
-2488
-2362
-2250
-2040
-1868
-1677
-1503
-1256
-949
-627
-183
232
729
1206
1699
2297
2810
3312
3786
4212
4604
4899
5183
5380
5512
5585
5572
5571
5420
5234
4959
4560
4128
3564
3017
2406
1738
1100
410
-247
-857
-1380
-1880
-2318
-2642
-2953
-3158
-3338
-3441
-3462
-3544
-3573
-3573
-3581
-3573
-3563
-3538
-3487
-3474
-3395
-3293
-3217
-3087
-2952
-2780
-2643
-2539
-2383
-2267
-2179
-1981
-1864
-1659
-1501
-1257
-926
-625
-181
217
734
1234
1743
2338
2852
3369
3832
4259
4635
4900
5167
5319
5456
5521
5492
5481
5275
5060
4747
4324
3890
3317
2760
2129
1466
825
166
-448
-1034
-1529
-2001
-2402
-2706
-2993
-3170
-3342
-3443
-3465
-3534
-3541
-3523
-3504
-3476
-3446
-3401
-3309
-3271
-3175
-3047
-2946
-2806
-2679
-2515
-2383
-2297
-2140
-2020
-1947
-1755
-1658
-1439
-1289
-1036
-704
-422
20
408
922
1408
1891
2455
2940
3409
3814
4208
4521
4728
4974
5086
5207
5256
5200
5160
4925
4693
4371
3935
3492
2925
2360
1736
1099
487
-123
-699
-1230
-1677
-2104
-2467
-2735
-2987
-3149
-3279
-3354
-3351
-3382
-3370
-3320
-3293
-3262
-3205
-3135
-3033
-2968
-2881
-2737
-2638
-2529
-2398
-2260
-2146
-2072
-1934
-1805
-1758
-1597
-1483
-1298
-1162
-932
-607
-353
45
428
904
1365
1803
2344
2785
3189
3562
3907
4196
4373
4606
4737
4814
4867
4812
4753
4537
4301
4024
3610
3191
2683
2164
1605
1012
478
-79
-612
-1079
-1512
-1893
-2243
-2504
-2723
-2893
-2989
-3055
-3041
-3050
-3045
-2990
-2965
-2938
-2887
-2826
-2757
-2705
-2661
-2547
-2470
-2398
-2282
-2166
-2052
-1981
-1875
-1736
-1706
-1594
-1479
-1339
-1211
-1044
-737
-504
-174
209
634
1098
1494
2014
2455
2815
3206
3519
3826
4011
4209
4390
4421
4485
4445
4379
4229
3993
3800
3451
3086
2684
2226
1768
1209
749
231
-299
-724
-1182
-1541
-1895
-2176
-2360
-2551
-2619
-2688
-2672
-2643
-2648
-2585
-2561
-2540
-2517
-2504
-2475
-2479
-2470
-2421
-2374
-2330
-2258
-2163
-2068
-2005
-1931
-1816
-1767
-1710
-1596
-1489
-1360
-1224
-966
-714
-437
-62
339
779
1180
1641
2093
2438
2810
3127
3414
3618
3789
3978
4030
4078
4100
4060
3982
3830
3695
3458
3160
2845
2452
2029
1519
1045
542
4
-455
-912
-1318
-1676
-1969
-2182
-2360
-2429
-2468
-2467
-2420
-2373
-2330
-2299
-2261
-2245
-2253
-2248
-2245
-2238
-2248
-2205
-2153
-2116
-2045
-1971
-1875
-1831
-1768
-1666
-1634
-1561
-1477
-1367
-1241
-1122
-873
-632
-358
-8
349
755
1098
1491
1887
2183
2521
2792
3054
3253
3403
3586
3653
3730
3787
3776
3766
3649
3533
3332
3044
2743
2343
1931
1461
975
507
9
-429
-860
-1229
-1525
-1786
-1952
-2073
-2133
-2164
-2173
-2136
-2129
-2107
-2093
-2082
-2078
-2103
-2096
-2108
-2112
-2101
-2069
-2004
-1967
-1886
-1805
-1735
-1665
-1617
-1534
-1496
-1456
-1386
-1325
-1233
-1137
-954
-748
-524
-233
80
435
769
1141
1521
1838
2168
2458
2714
2933
3107
3292
3397
3497
3574
3578
3568
3482
3368
3201
2963
2702
2356
1997
1582
1133
704
236
-173
-568
-924
-1198
-1464
-1640
-1787
-1888
-1944
-1993
-1975
-1979
-1969
-1945
-1954
-1944
-1972
-1981
-1996
-2017
-1996
-1999
-1945
-1891
-1834
-1742
-1686
-1599
-1558
-1521
-1471
-1477
-1425
-1387
-1329
-1242
-1122
-932
-762
-486
-182
136
510
844
1242
1569
1866
2189
2426
2672
2860
3041
3202
3277
3373
3416
3419
3381
3321
3247
3061
2859
2608
2274
1899
1472
1057
619
177
-210
-557
-870
-1157
-1365
-1532
-1676
-1758
-1804
-1819
-1823
-1815
-1790
-1798
-1815
-1839
-1882
-1918
-1981
-2002
-2007
-2013
-1961
-1918
-1842
-1769
-1725
-1655
-1628
-1598
-1583
-1578
-1539
-1513
-1441
-1390
-1260
-1075
-913
-627
-343
-5
351
660
1068
1389
1694
2010
2268
2534
2719
2928
3106
3218
3337
3403
3486
3473
3443
3407
3236
3047
2779
2472
2100
1670
1273
839
435
37
-297
-588
-892
-1089
-1261
-1396
-1486
-1549
-1558
-1587
-1604
-1609
-1645
-1695
-1759
-1825
-1886
-1978
-2029
-2043
-2061
-2032
-1996
-1931
-1863
-1835
-1783
-1772
-1766
-1774
-1800
-1788
-1803
-1748
-1709
-1627
-1443
-1281
-1007
-726
-385
14
324
733
1100
1432
1765
2039
2358
2588
2814
3049
3231
3414
3507
3632
3687
3651
3621
3483
3308
3043
2735
2400
1991
1595
1178
794
410
55
-227
-530
-761
-947
-1097
-1220
-1327
-1378
-1435
-1501
-1553
-1609
-1684
-1785
-1872
-1933
-2020
-2082
-2094
-2084
-2061
-2030
-1964
-1893
-1860
-1834
-1825
-1854
-1896
-1956
-1986
-2027
-2032
-1990
-1945
-1809
-1637
-1382
-1090
-774
-366
-8
362
750
1122
1494
1800
2135
2472
2732
2998
3246
3491
3659
3761
3876
3892
3838
3735
3582
3375
3061
2733
2375
1969
1551
1135
764
380
40
-253
-538
-768
-991
-1152
-1298
-1436
-1520
-1616
-1703
-1792
-1881
-1968
-2080
-2149
-2195
-2239
-2235
-2213
-2147
-2100
-2043
-1959
-1881
-1839
-1820
-1824
-1868
-1930
-2013
-2033
-2062
-2043
-1989
-1893
-1713
-1519
-1212
-888
-512
-113
256
655
1014
1405
1764
2101
2448
2761
3035
3282
3525
3743
3888
3991
4051
4042
3959
3824
3652
3405
3079
2721
2332
1905
1467
1039
651
270
-76
-387
-674
-922
-1161
-1335
-1497
-1630
-1739
-1853
-1943
-2043
-2142
-2239
-2332
-2397
-2442
-2466
-2434
-2407
-2346
-2298
-2235
-2166
-2100
-2052
-2025
-2037
-2077
-2114
-2194
-2190
-2191
-2129
-2047
-1914
-1676
-1445
-1098
-736
-300
132
527
961
1360
1756
2114
2473
2815
3112
3363
3611
3829
4003
4132
4212
4253
4211
4117
3978
3782
3511
3174
2803
2397
1949
1508
1074
664
276
-92
-414
-726
-1001
-1258
-1460
-1629
-1778
-1911
-2032
-2137
-2244
-2352
-2445
-2535
-2610
-2657
-2681
-2654
-2638
-2583
-2533
-2456
-2390
-2316
-2238
-2187
-2162
-2161
-2139
-2174
-2144
-2106
-2021
-1915
-1771
-1519
-1268
-936
-575
-138
299
705
1143
1568
1959
2297
2638
2958
3244
3462
3694
3894
4033
4132
4180
4221
4174
4080
3955
3764
3502
3159
2795
2398
1954
1512
1074
649
239
-156
-500
-837
-1143
-1412
-1639
-1821
-1982
-2111
-2232
-2344
-2432
-2516
-2596
-2673
-2718
-2734
-2749
-2726
-2675
-2596
-2530
-2427
-2313
-2197
-2102
-2021
-1930
-1881
-1837
-1825
-1774
-1720
-1663
-1559
-1432
-1239
-1028
-758
-439
-78
317
708
1107
1515
1883
2218
2534
2831
3129
3347
3564
3763
3905
4004
4047
4106
4094
4021
3920
3752
3519
3192
2836
2453
2011
1562
1103
644
199
-228
-617
-991
-1320
-1602
-1862
-2077
-2242
-2371
-2511
-2632
-2693
-2758
-2838
-2891
-2883
-2871
-2876
-2819
-2711
-2601
-2494
-2330
-2146
-2002
-1856
-1707
-1578
-1501
-1430
-1358
-1335
-1307
-1249
-1177
-1120
-1015
-820
-617
-402
-109
251
594
900
1264
1651
1957
2232
2537
2857
3096
3279
3500
3694
3807
3868
3956
4033
4000
3904
3790
3615
3325
2961
2605
2215
1745
1254
804
359
-113
-556
-930
-1276
-1618
-1914
-2138
-2334
-2525
-2670
-2768
-2852
-2932
-2975
-2980
-2978
-2954
-2892
-2798
-2679
-2542
-2361
-2166
-1977
-1783
-1590
-1401
-1259
-1143
-1037
-963
-938
-942
-911
-888
-895
-860
-753
-604
-474
-276
14
287
536
830
1188
1499
1749
2067
2410
2668
2877
3123
3364
3495
3597
3749
3860
3861
3823
3786
3646
3383
3107
2811
2427
1986
1561
1130
642
162
-260
-685
-1114
-1484
-1786
-2080
-2351
-2532
-2666
-2806
-2910
-2936
-2947
-2977
-2950
-2854
-2765
-2685
-2541
-2328
-2155
-1995
-1773
-1525
-1346
-1197
-989
-807
-736
-687
-601
-558
-625
-671
-646
-654
-701
-688
-564
-464
-383
-208
33
259
468
754
1092
1381
1664
1975
2280
2529
2730
2945
3129
3264
3378
3463
3505
3483
3410
3279
3075
2839
2556
2222
1853
1468
1071
625
175
-235
-636
-1040
-1406
-1692
-1931
-2168
-2343
-2437
-2509
-2593
-2625
-2582
-2534
-2491
-2395
-2234
-2076
-1943
-1760
-1546
-1369
-1221
-1047
-860
-739
-651
-549
-485
-490
-524
-548
-608
-718
-803
-860
-918
-974
-968
-902
-831
-721
-547
-324
-78
190
518
862
1190
1518
1837
2142
2402
2626
2833
3000
3128
3213
3261
3272
3220
3120
2969
2775
2536
2247
1928
1579
1197
795
386
-12
-403
-768
-1086
-1369
-1601
-1787
-1926
-2026
-2103
-2138
-2138
-2111
-2053
-1959
-1831
-1690
-1529
-1356
-1190
-1034
-890
-754
-645
-560
-489
-452
-450
-480
-533
-622
-742
-871
-1010
-1159
-1299
-1410
-1492
-1554
-1563
-1509
-1416
-1283
-1094
-838
-550
-238
117
498
871
1226
1583
1926
2218
2467
2692
2886
3028
3127
3197
3227
3201
3126
3005
2836
2615
2341
2030
1692
1326
942
552
185
-159
-484
-779
-1021
-1213
-1388
-1525
-1610
-1664
-1704
-1715
-1674
-1607
-1536
-1440
-1309
-1177
-1069
-958
-837
-741
-675
-618
-570
-560
-593
-640
-703
-803
-936
-1073
-1214
-1377
-1541
-1677
-1787
-1875
-1931
-1921
-1858
-1754
-1598
-1378
-1103
-796
-455
-78
309
691
1066
1434
1783
2092
2370
2626
2851
3029
3166
3271
3330
3337
3291
3193
3041
2831
2570
2271
1946
1594
1223
866
527
204
-95
-360
-578
-773
-940
-1070
-1167
-1247
-1310
-1342
-1352
-1354
-1336
-1293
-1241
-1194
-1146
-1090
-1041
-1002
-970
-951
-948
-965
-999
-1059
-1141
-1245
-1364
-1502
-1649
-1795
-1942
-2070
-2178
-2252
-2295
-2294
-2222
-2084
-1888
-1640
-1339
-997
-641
-258
148
553
943
1317
1686
2030
2346
2643
2912
3158
3361
3521
3636
3702
3721
3677
3563
3391
3160
2876
2560
2228
1878
1505
1141
805
491
190
-81
-308
-511
-694
-839
-954
-1055
-1145
-1211
-1257
-1310
-1354
-1369
-1366
-1364
-1362
-1352
-1349
-1363
-1387
-1413
-1443
-1494
-1549
-1615
-1712
-1841
-1979
-2117
-2267
-2420
-2545
-2642
-2729
-2781
-2770
-2699
-2572
-2355
-2048
-1698
-1324
-901
-448
-8
433
895
1339
1725
2093
2462
2784
3055
3325
3587
3785
3928
4060
4154
4161
4106
4009
3828
3543
3222
2893
2514
2096
1690
1300
901
517
198
-93
-376
-609
-780
-935
-1083
-1193
-1268
-1350
-1429
-1479
-1528
-1590
-1628
-1624
-1628
-1650
-1660
-1667
-1708
-1762
-1789
-1819
-1884
-1956
-2024
-2126
-2271
-2401
-2516
-2644
-2767
-2831
-2856
-2870
-2830
-2691
-2479
-2218
-1873
-1444
-998
-545
-54
457
944
1405
1866
2299
2665
2988
3295
3564
3786
3981
4159
4284
4349
4377
4364
4277
4105
3869
3567
3196
2775
2344
1901
1437
978
550
154
-212
-540
-816
-1037
-1224
-1378
-1487
-1570
-1647
-1709
-1743
-1775
-1821
-1862
-1880
-1887
-1898
-1901
-1890
-1897
-1931
-1959
-1970
-2001
-2051
-2093
-2146
-2228
-2330
-2422
-2507
-2600
-2667
-2686
-2669
-2619
-2515
-2330
-2076
-1776
-1399
-968
-518
-48
442
941
1416
1873
2322
2729
3087
3405
3683
3917
4105
4267
4387
4448
4464
4428
4337
4188
3976
3703
3373
2994
2574
2131
1684
1231
785
364
-27
-388
-710
-985
-1215
-1403
-1561
-1678
-1764
-1841
-1897
-1946
-1978
-2013
-2046
-2064
-2081
-2098
-2106
-2107
-2106
-2121
-2138
-2151
-2167
-2190
-2222
-2250
-2291
-2339
-2384
-2429
-2456
-2471
-2459
-2398
-2310
-2175
-1993
-1765
-1472
-1151
-779
-380
22
463
899
1333
1755
2154
2540
2871
3184
3469
3696
3899
4058
4186
4257
4266
4252
4166
4026
3850
3615
3332
3003
2643
2253
1843
1439
1029
631
262
-89
-405
-688
-935
-1151
-1341
-1496
-1625
-1740
-1846
-1926
-2004
-2075
-2130
-2183
-2219
-2256
-2282
-2289
-2302
-2297
-2292
-2295
-2287
-2286
-2288
-2293
-2295
-2293
-2298
-2292
-2283
-2254
-2214
-2153
-2038
-1912
-1743
-1528
-1283
-990
-683
-336
36
403
815
1212
1598
1990
2349
2693
2986
3263
3517
3705
3885
4016
4105
4155
4141
4106
4005
3853
3671
3420
3144
2822
2459
2084
1682
1278
864
468
104
-258
-577
-854
-1110
-1336
-1533
-1688
-1831
-1967
-2065
-2147
-2240
-2321
-2377
-2426
-2470
-2499
-2502
-2498
-2491
-2460
-2417
-2384
-2337
-2281
-2230
-2180
-2127
-2078
-2033
-1985
-1935
-1873
-1811
-1726
-1610
-1497
-1340
-1153
-947
-700
-430
-118
199
528
902
1247
1591
1947
2276
2586
2857
3121
3351
3520
3680
3793
3872
3914
3901
3874
3790
3657
3486
3270
3023
2720
2393
2054
1670
1275
878
482
98
-281
-613
-919
-1205
-1449
-1658
-1831
-1988
-2117
-2200
-2284
-2366
-2425
-2464
-2498
-2526
-2515
-2480
-2443
-2385
-2305
-2222
-2141
-2054
-1952
-1857
-1770
-1684
-1605
-1547
-1507
-1467
-1428
-1399
-1359
-1305
-1252
-1172
-1071
-958
-799
-605
-374
-111
177
504
829
1157
1498
1820
2123
2406
2678
2926
3137
3328
3481
3599
3683
3724
3741
3717
3645
3531
3377
3169
2904
2608
2282
1917
1537
1153
758
364
-16
-373
-704
-1012
-1282
-1516
-1725
-1903
-2044
-2151
-2248
-2334
-2390
-2435
-2468
-2472
-2445
-2394
-2332
-2245
-2141
-2041
-1940
-1835
-1733
-1642
-1566
-1490
-1429
-1396
-1374
-1353
-1344
-1352
-1358
-1360
-1365
-1353
-1324
-1268
-1175
-1038
-852
-617
-341
-26
321
686
1067
1445
1800
2138
2462
2754
3021
3261
3464
3630
3764
3857
3911
3922
3886
3809
3678
3483
3227
2916
2549
2135
1704
1258
800
352
-71
-473
-845
-1177
-1470
-1722
-1942
-2124
-2258
-2364
-2447
-2498
-2529
-2544
-2537
-2497
-2426
-2332
-2219
-2084
-1939
-1803
-1668
-1543
-1434
-1345
-1273
-1217
-1186
-1174
-1174
-1180
-1194
-1214
-1236
-1260
-1286
-1304
-1303
-1276
-1211
-1104
-945
-733
-479
-182
153
522
910
1307
1701
2079
2435
2759
3053
3317
3534
3710
3849
3941
3988
3988
3947
3859
3714
3517
3265
2952
2577
2152
1698
1215
720
241
-221
-657
-1057
-1410
-1719
-1991
-2216
-2389
-2519
-2613
-2670
-2686
-2679
-2655
-2596
-2508
-2395
-2259
-2097
-1922
-1747
-1583
-1423
-1282
-1166
-1069
-998
-947
-925
-926
-936
-956
-981
-1005
-1031
-1056
-1087
-1116
-1132
-1127
-1093
-1023
-910
-755
-569
-343
-76
222
549
900
1267
1630
1984
2325
2639
2919
3165
3371
3534
3647
3708
3723
3689
3605
3482
3314
3101
2846
2545
2202
1821
1411
982
553
127
-284
-671
-1029
-1355
-1647
-1894
-2100
-2261
-2377
-2450
-2483
-2483
-2452
-2390
-2304
-2194
-2059
-1908
-1744
-1575
-1409
-1257
-1119
-997
-897
-821
-765
-727
-713
-717
-725
-737
-755
-777
-799
-823
-862
-897
-925
-941
-942
-914
-852
-765
-650
-499
-317
-103
140
415
712
1016
1332
1644
1939
2213
2467
2688
2872
3018
3118
3167
3165
3119
3030
2905
2741
2544
2314
2051
1759
1441
1107
758
409
63
-280
-611
-921
-1203
-1459
-1677
-1854
-1991
-2087
-2142
-2156
-2136
-2084
-2005
-1904
-1781
-1645
-1497
-1345
-1193
-1046
-911
-789
-685
-601
-536
-493
-468
-457
-455
-457
-468
-488
-521
-564
-620
-679
-742
-802
-852
-887
-901
-888
-845
-773
-667
-525
-347
-138
95
356
639
928
1221
1511
1785
2043
2274
2480
2651
2780
2864
2902
2891
2839
2742
2612
2448
2247
2012
1750
1460
1149
825
490
153
-181
-503
-809
-1089
-1340
-1556
-1731
-1866
-1960
-2012
-2019
-1988
-1923
-1830
-1714
-1580
-1433
-1275
-1111
-948
-790
-642
-513
-402
-318
-257
-220
-206
-207
-224
-254
-302
-369
-453
-553
-660
-768
-869
-966
-1052
-1119
-1163
-1180
-1163
-1112
-1024
-898
-733
-533
-303
-45
234
532
838
1143
1441
1724
1981
2209
2404
2564
2682
2757
2789
2775
2723
2628
2492
2317
2104
1862
1594
1305
1001
688
369
54
-254
-546
-812
-1049
-1251
-1416
-1541
-1630
-1676
-1683
-1653
-1585
-1491
-1375
-1242
-1100
-947
-788
-634
-488
-356
-242
-156
-95
-63
-60
-83
-132
-197
-284
-391
-522
-670
-825
-979
-1121
-1247
-1352
-1440
-1510
-1554
-1572
-1558
-1508
-1423
-1296
-1129
-924
-684
-421
-132
174
492
816
1135
1436
1716
1962
2179
2360
2503
2612
2683
2714
2704
2651
2552
2405
2216
1997
1751
1495
1222
938
652
364
81
-196
-449
-684
-879
-1037
-1155
-1233
-1277
-1286
-1264
-1208
-1130
-1028
-911
-786
-648
-508
-366
-236
-121
-31
34
74
81
59
10
-69
-170
-289
-435
-605
-791
-985
-1177
-1352
-1502
-1628
-1727
-1800
-1849
-1873
-1869
-1834
-1766
-1658
-1510
-1323
-1103
-855
-581
-279
39
371
708
1039
1353
1644
1905
2133
2323
2477
2598
2679
2722
2722
2673
2578
2434
2252
2040
1808
1560
1301
1037
766
493
227
-29
-265
-480
-658
-800
-903
-967
-1003
-1010
-993
-951
-885
-801
-705
-596
-477
-357
-236
-128
-38
25
62
73
57
14
-57
-150
-270
-411
-571
-753
-953
-1158
-1361
-1547
-1710
-1842
-1946
-2023
-2076
-2100
-2096
-2064
-1994
-1885
-1742
-1561
-1346
-1099
-823
-519
-195
145
492
839
1176
1491
1782
2043
2267
2453
2603
2708
2775
2795
2773
2707
2597
2449
2264
2052
1823
1579
1327
1069
814
559
321
100
-102
-277
-424
-542
-630
-691
-730
-747
-739
-709
-660
-592
-514
-431
-342
-255
-183
-126
-89
-77
-92
-126
-184
-264
-368
-493
-638
-798
-976
-1167
-1360
-1553
-1729
-1882
-2008
-2106
-2173
-2214
-2230
-2220
-2174
-2096
-1986
-1838
-1658
-1445
-1197
-919
-616
-295
37
377
717
1050
1367
1663
1935
2179
2386
2556
2687
2775
2823
2826
2789
2712
2599
2448
2269
2067
1846
1618
1384
1148
914
690
479
284
103
-60
-199
-318
-416
-494
-548
-581
-593
-584
-558
-521
-475
-426
-381
-345
-322
-317
-327
-355
-404
-467
-549
-650
-766
-898
-1049
-1211
-1377
-1548
-1713
-1866
-2000
-2109
-2194
-2251
-2278
-2282
-2258
-2205
-2119
-2005
-1860
-1683
-1473
-1228
-954
-658
-343
-16
314
642
966
1278
1575
1852
2107
2333
2528
2688
2806
2884
2917
2910
2863
2776
2654
2501
2324
2126
1916
1697
1473
1247
1024
805
594
396
208
38
-112
-243
-356
-451
-525
-582
-621
-646
-659
-661
-654
-646
-643
-643
-653
-676
-707
-752
-808
-874
-954
-1040
-1138
-1246
-1360
-1480
-1597
-1711
-1814
-1903
-1974
-2032
-2065
-2076
-2068
-2036
-1978
-1896
-1788
-1653
-1495
-1310
-1100
-864
-609
-336
-53
235
523
807
1086
1352
1605
1845
2061
2258
2430
2571
2677
2745
2777
2769
2725
2645
2538
2404
2252
2082
1901
1711
1514
1315
1110
906
703
506
320
147
-15
-162
-297
-422
-530
-625
-708
-777
-835
-883
-921
-952
-976
-1004
-1030
-1061
-1096
-1131
-1165
-1203
-1240
-1278
-1321
-1367
-1414
-1462
-1510
-1552
-1584
-1607
-1618
-1619
-1609
-1585
-1548
-1496
-1429
-1348
-1248
-1133
-998
-845
-673
-484
-286
-79
134
345
555
760
960
1156
1342
1522
1689
1839
1976
2091
2187
2253
2296
2309
2295
2257
2196
2113
2009
1890
1757
1614
1463
1305
1139
966
788
611
434
261
94
-67
-223
-369
-507
-631
-739
-836
-923
-995
-1054
-1104
-1143
-1175
-1202
-1224
-1238
-1245
-1245
-1241
-1231
-1220
-1211
-1203
-1196
-1191
-1185
-1178
-1168
-1151
-1133
-1114
-1091
-1063
-1029
-985
-931
-865
-791
-703
-603
-497
-383
-263
-140
-12
115
249
384
521
657
789
918
1042
1156
1265
1364
1457
1540
1612
1667
1707
1731
1729
1704
1657
1594
1516
1435
1343
1246
1144
1032
909
776
633
488
340
192
50
-85
-210
-325
-428
-518
-599
-670
-736
-792
-839
-875
-902
-919
-926
-925
-916
-901
-887
-875
-858
-844
-839
-830
-826
-822
-819
-818
-818
-823
-828
-834
-833
-828
-810
-781
-744
-695
-638
-580
-515
-452
-383
-310
-230
-142
-48
53
158
264
364
464
555
650
739
828
916
996
1074
1144
1197
1231
1243
1237
1219
1194
1163
1131
1096
1055
1009
946
873
788
692
591
486
385
288
200
118
46
-23
-89
-150
-214
-275
-330
-379
-418
-450
-475
-491
-503
-516
-526
-541
-558
-577
-597
-619
-640
-659
-678
-697
-717
-738
-761
-785
-807
-822
-828
-825
-811
-789
-761
-726
-690
-650
-608
-564
-510
-451
-387
-314
-235
-155
-76
7
91
174
257
345
433
518
603
688
758
816
865
904
933
954
973
990
998
1000
997
981
952
913
871
818
755
696
638
575
513
457
398
331
266
204
142
76
19
-29
-78
-124
-163
-201
-246
-291
-337
-381
-430
-477
-511
-550
-590
-622
-648
-684
-719
-748
-781
-815
-844
-858
-867
-871
-863
-846
-830
-810
-782
-753
-722
-685
-641
-595
-542
-481
-413
-347
-280
-204
-128
-51
31
118
201
284
372
458
534
605
678
741
795
852
905
947
978
1005
1025
1028
1027
1023
1008
982
953
926
888
841
795
745
685
619
559
497
425
358
301
238
169
105
43
-27
-102
-173
-240
-317
-387
-440
-493
-554
-607
-652
-701
-755
-800
-837
-886
-930
-958
-978
-997
-1010
-1011
-1013
-1012
-1001
-976
-953
-930
-897
-855
-813
-760
-703
-645
-589
-526
-451
-374
-295
-208
-120
-31
60
156
249
339
425
509
596
678
756
828
895
953
999
1045
1086
1116
1136
1155
1167
1164
1154
1146
1124
1089
1055
1024
979
923
871
816
749
676
612
539
448
364
287
201
105
17
-66
-156
-242
-316
-390
-474
-553
-620
-687
-757
-818
-877
-936
-988
-1024
-1054
-1091
-1122
-1140
-1153
-1161
-1155
-1142
-1132
-1115
-1085
-1048
-1017
-976
-927
-884
-832
-767
-694
-619
-548
-460
-366
-278
-186
-87
2
88
185
284
377
466
558
644
720
794
867
934
993
1046
1093
1135
1168
1192
1208
1217
1217
1214
1205
1189
1161
1125
1087
1042
989
928
868
799
718
640
566
485
392
303
222
133
46
-34
-118
-207
-297
-370
-447
-535
-605
-667
-737
-807
-860
-906
-962
-1020
-1049
-1075
-1114
-1136
-1136
-1145
-1165
-1162
-1137
-1127
-1128
-1096
-1051
-1023
-989
-927
-854
-805
-754
-646
-558
-506
-422
-316
-221
-149
-55
77
163
229
343
449
531
597
697
800
852
907
996
1059
1089
1126
1181
1219
1218
1233
1261
1253
1222
1210
1205
1165
1108
1076
1038
969
895
843
781
686
604
541
458
359
275
197
107
0
-80
-152
-254
-348
-422
-498
-591
-678
-739
-808
-893
-953
-995
-1054
-1111
-1149
-1175
-1210
-1244
-1253
-1252
-1266
-1264
-1241
-1218
-1195
-1166
-1108
-1050
-1009
-941
-862
-791
-715
-632
-530
-435
-357
-251
-143
-47
50
147
261
352
436
540
632
712
787
864
947
1001
1049
1113
1157
1184
1210
1244
1263
1254
1256
1262
1241
1210
1187
1161
1113
1053
1012
962
885
818
755
682
594
508
441
351
251
170
84
-17
-113
-195
-282
-383
-470
-543
-629
-715
-783
-853
-923
-985
-1037
-1082
-1131
-1167
-1189
-1213
-1231
-1234
-1228
-1221
-1209
-1182
-1147
-1116
-1067
-1012
-958
-892
-826
-755
-673
-591
-504
-417
-330
-234
-145
-54
41
132
222
306
395
481
555
632
706
766
825
881
933
973
1006
1041
1066
1077
1089
1097
1091
1078
1065
1048
1016
978
948
905
854
802
750
691
620
557
493
415
338
270
194
115
41
-29
-106
-181
-247
-317
-389
-451
-508
-565
-622
-671
-715
-759
-794
-822
-847
-872
-886
-892
-897
-900
-894
-877
-867
-848
-817
-789
-759
-718
-673
-625
-579
-526
-467
-416
-360
-296
-234
-178
-118
-51
8
64
123
185
236
287
338
388
429
472
516
552
582
609
637
656
672
686
695
701
706
706
702
694
680
667
648
624
599
568
537
505
470
432
394
354
309
265
221
171
123
77
36
-11
-56
-97
-140
-187
-227
-262
-302
-340
-373
-403
-429
-456
-477
-496
-518
-535
-550
-560
-571
-579
-579
-579
-574
-568
-557
-546
-535
-519
-503
-484
-465
-440
-412
-381
-347
-314
-281
-252
-216
-179
-141
-103
-60
-19
23
62
101
142
175
211
247
280
315
348
380
409
433
456
475
493
505
518
530
539
542
544
541
536
528
516
503
483
465
444
421
398
373
342
311
277
243
209
171
136
100
65
28
-9
-44
-78
-111
-141
-172
-204
-235
-263
-290
-316
-339
-360
-376
-393
-408
-422
-434
-445
-454
-460
-461
-461
-458
-454
-444
-433
-421
-412
-401
-386
-368
-348
-326
-299
-271
-244
-214
-187
-160
-130
-102
-72
-37
-3
31
66
99
131
157
185
210
238
265
291
316
337
353
367
380
392
401
405
411
415
417
412
407
397
384
372
356
339
321
303
285
265
242
217
190
163
137
109
82
55
28
1
-26
-52
-79
-102
-124
-145
-166
-184
-202
-220
-236
-251
-263
-273
-282
-288
-295
-301
-304
-307
-305
-304
-299
-291
-287
-278
-268
-255
-243
-229
-215
-200
-184
-167
-149
-129
-110
-90
-69
-49
-27
-6
12
31
51
69
85
103
119
134
150
164
176
187
198
205
214
218
218
221
218
216
216
212
208
204
200
193
184
173
161
147
135
120
107
93
80
67
54
41
26
11
-2
-17
-30
-42
-54
-64
-75
-87
-95
-102
-110
-115
-121
-127
-131
-137
-140
-142
-142
-143
-141
-139
-133
-128
-124
-118
-115
-110
-104
-97
-88
-83
-74
-64
-51
-41
-29
-19
-12
-1
6
13
20
28
36
42
50
55
60
67
70
76
77
79
78
78
77
75
72
70
69
68
64
62
57
52
47
42
34
29
26
19
15
12
6
4
1
-3
-7
-11
-15
-16
-16
-16
-18
-16
-15
-14
-13
-13
-12
-15
-17
-19
-21
-21
-22
-22
-18
-15
-14
-12
-11
-12
-11
-12
-14
-13
-13
-14
-12
-10
-6
-2
1
4
5
7
7
9
8
8
9
11
10
13
14
16
17
19
20
21
20
20
20
16
16
15
16
16
15
16
15
13
15
15
12
11
9
8
5
3
4
2
1
1
4
4
3
2
3
5
2
1
2
2
0
-1
-3
-4
-5
-9
-7
-10
-12
-9
-9
-10
-9
-11
-12
-12
-13
-14
-14
-15
-15
-15
-17
-15
-14
-12
-13
-14
-14
-14
-12
-13
-13
-12
-13
-12
-14
-14
-14
-13
-13
-12
-12
-13
-14
-13
-14
-14
-14
-16
-17
-15
-13
-14
-13
-13
-11
-11
-13
-13
-15
-16
-18
-17
-16
-15
-13
-11
-10
-9
-9
-10
-8
-7
-7
-6
-5
-5
-5
-4
-5
-5
-5
-5
-5
-4
-2
-1
0
0
3
1
1
1
2
2
3
4
5
5
6
7
10
9
11
11
14
14
15
15
13
16
15
15
15
15
16
18
18
18
19
20
21
22
24
24
24
24
23
24
25
27
27
29
31
31
31
32
30
32
30
30
31
30
31
31
32
30
30
30
28
28
28
26
26
24
22
21
20
17
16
14
14
13
10
9
5
4
2
0
0
-2
-3
-6
-7
-10
-11
-12
-14
-15
-16
-18
-18
-19
-22
-22
-23
-24
-25
-26
-26
-29
-30
-30
-30
-30
-31
-31
-31
-31
-31
-32
-31
-31
-31
-29
-29
-28
-28
-28
-27
-27
-28
-26
-25
-24
-23
-23
-22
-22
-21
-20
-19
-18
-16
-15
-16
-14
-14
-13
-13
-12
-11
-11
-11
-12
-12
-13
-12
-9
-9
-9
-8
-8
-9
-8
-5
-4
-4
-5
-4
-4
-3
-4
-3
-3
-4
-1
-2
-1
-1
0
1
0
3
1
3
4
4
5
7
7
10
11
12
11
13
13
14
15
17
19
19
20
20
20
21
21
22
22
23
23
22
23
23
22
24
26
26
26
26
25
26
25
25
25
24
23
25
26
26
24
23
25
25
26
22
21
19
20
18
16
16
14
11
11
11
8
7
5
3
2
2
1
-1
-3
-5
-6
-7
-8
-9
-13
-13
-13
-14
-14
-14
-15
-15
-15
-15
-16
-17
-18
-17
-18
-16
-16
-14
-14
-12
-11
-10
-11
-13
-14
-15
-12
-11
-12
-11
-10
-7
-4
-4
-5
-7
-5
-3
-5
-6
-7
-6
-4
-3
-2
-1
-2
-1
-1
-2
-2
-2
-3
-4
-4
-4
-2
-2
-1
-1
0
-2
-3
-4
-4
-3
-4
-5
-5
-4
-2
-3
-4
-3
-3
-2
-3
-4
-4
-5
-3
-3
-4
-3
-2
-1
-1
-2
-2
-3
-2
0
1
1
1
-1
1
0
0
-2
-2
0
2
4
5
5
6
7
5
3
2
0
0
0
2
4
5
6
6
8
7
7
6
6
3
2
1
2
4
5
5
6
6
7
6
5
3
2
1
1
2
-1
1
3
2
3
2
2
0
-1
-1
-1
-3
-4
-2
-2
-3
-4
-2
-1
-2
-3
-1
-2
0
-1
-2
-3
-5
-6
-7
-8
-8
-6
-3
-3
-2
-2
-2
-2
-1
-2
-2
-2
-2
-2
-1
-1
-1
1
1
2
1
-1
1
2
2
2
2
3
2
4
4
2
1
1
2
1
0
1
2
2
3
2
2
3
2
1
1
-1
0
2
2
1
1
-1
-1
0
-3
-4
-5
-4
-2
0
-2
-2
-2
-4
-2
-2
-2
-2
-2
-4
-1
-1
-1
-1
-1
-2
-2
0
-1
0
0
1
1
1
1
0
1
0
0
1
2
2
2
4
3
1
2
1
1
0
0
1
2
0
1
2
2
3
2
2
2
1
1
2
1
1
2
3
3
3
3
3
2
1
1
1
2
1
0
-1
1
0
1
0
-1
0
1
0
-2
-1
-2
0
-1
-2
0
-2
-2
-1
-2
-2
-4
-3
-1
-2
-2
0
-1
-2
-3
-2
-2
-3
-1
0
-1
-1
0
-3
-2
-2
-2
-1
-2
-2
-1
-1
-1
1
1
0
1
1
0
0
1
-1
-1
-1
-1
-1
0
1
1
1
2
1
1
1
2
1
2
3
1
0
1
1
0
2
1
1
-1
1
2
2
2
2
2
1
0
0
0
-1
-1
0
0
-1
-2
-2
0
-1
0
2
1
2
1
-1
0
-1
0
0
-1
0
0
-1
-1
-2
0
-1
0
-1
-1
-1
-1
-1
-1
-1
-1
1
0
0
-1
2
2
1
2
0
1
-1
-1
-2
-2
-1
-1
-1
-2
-1
0
-1
-1
1
0
-1
-1
2
2
1
0
0
-1
-1
0
0
2
0
1
2
1
2
2
1
2
2
1
0
0
1
0
-1
-2
-1
0
0
0
0
0
1
2
2
3
3
0
0
-2
-1
-2
-1
-3
-2
-3
-4
-1
-2
-2
-1
0
0
2
3
0
-1
-2
-1
-1
-1
-2
-2
-3
-1
0
0
1
2
1
2
2
1
0
0
-1
0
-1
0
0
1
2
3
3
4
5
3
2
0
0
0
-1
0
1
0
2
1
1
2
0
0
-1
1
1
1
1
2
2
1
0
-2
-3
-2
-2
0
1
4
4
3
1
0
-2
-3
-2
-1
2
2
2
0
-2
-3
-6
-6
-6
-4
0
3
4
2
1
-2
-5
-7
-5
-3
-3
-1
-1
-4
-2
-5
-4
-3
-1
2
5
5
3
1
0
-2
-3
-3
-2
-1
-2
-2
0
3
2
3
2
4
4
2
1
-1
-1
-2
-1
-1
-1
0
2
3
5
4
2
3
0
0
0
-2
-2
0
1
2
2
1
0
0
-2
-3
-2
-2
-1
1
2
1
1
1
-1
-3
-3
-3
-2
0
3
5
5
4
2
-1
-3
-3
-4
0
1
3
4
4
3
1
-1
-4
-2
-1
0
1
1
2
0
-1
-3
-4
-3
-2
0
1
1
1
0
-3
-3
-2
-1
0
2
4
3
1
1
-2
-2
-2
-3
-2
0
-1
0
2
0
0
0
1
1
1
-1
0
0
-2
-1
-2
-1
0
1
0
1
2
1
0
0
0
-3
-2
-2
0
1
1
0
1
0
0
1
0
-2
-1
-1
