SAMPLES:	18052
BITSPERSAMPLE:	16
CHANNELS:	1
SAMPLERATE:	16000
NORMALIZED:	FALSE
0
-1
1
1
1
0
0
0
1
-1
1
1
1
0
-1
-1
-2
0
0
0
1
1
0
0
1
0
-1
0
0
-1
0
-1
0
1
0
1
1
0
0
1
0
0
0
-1
-1
0
-1
-1
0
-1
-1
1
1
0
1
0
1
1
1
2
1
-1
0
0
-1
1
0
1
-1
-2
0
-1
1
0
2
1
0
1
0
-1
0
0
-3
-2
-1
0
1
-1
-1
-2
0
0
0
1
0
1
1
0
0
1
0
0
0
0
0
1
1
0
-1
0
1
0
0
0
0
0
-2
0
0
1
1
1
1
0
1
0
-1
0
1
0
0
-1
0
0
-1
1
-1
0
-1
0
0
1
0
-1
0
1
1
0
0
0
0
1
2
1
0
1
0
1
0
-1
0
-1
-1
0
-2
0
1
0
0
0
0
-1
-1
1
0
1
0
-1
1
0
0
0
-1
0
0
0
-1
-1
-1
-1
1
0
0
1
0
2
1
0
-1
0
0
0
1
0
1
2
1
1
-1
-1
-1
-1
0
-1
-2
-3
-1
0
0
0
0
0
0
0
1
0
0
0
0
0
0
1
0
1
-1
-1
-1
0
1
-1
-2
0
-1
0
1
1
0
1
2
1
1
1
0
-1
0
-2
0
-1
-1
-1
-1
1
1
0
1
1
1
0
0
1
1
1
-1
0
0
0
0
-1
0
0
1
-1
0
0
1
1
-1
-1
-1
0
-1
-1
-1
0
-1
1
1
2
1
0
-1
0
-1
0
2
1
1
1
0
0
0
1
0
1
-1
-1
0
-1
0
0
1
1
0
0
-2
0
0
-1
0
-1
-1
1
0
0
0
1
1
0
-1
2
1
0
-1
-1
-1
0
2
1
0
-2
0
1
1
0
-1
0
0
1
-1
0
0
0
0
-1
-1
0
1
0
0
0
-1
-1
-1
-1
-1
0
0
0
0
0
0
0
0
0
-1
1
1
1
-1
-1
1
0
1
1
1
3
2
1
0
2
0
-1
1
0
2
1
0
-1
-1
1
0
-1
-1
-1
-1
-1
0
2
1
1
1
-1
-1
-1
-1
0
-2
-1
-1
-1
0
2
1
1
1
-1
0
-1
-1
0
-1
-1
0
0
-1
0
1
2
2
2
2
1
2
2
2
0
0
0
-1
-2
0
-1
0
-1
-1
0
0
0
0
1
0
0
0
2
1
0
0
1
1
-1
0
1
1
0
1
-1
-2
-2
-2
-1
0
0
-1
0
-1
0
1
1
2
1
-1
-2
-1
1
1
0
1
0
0
1
2
1
1
-1
1
0
1
1
1
0
0
1
1
-1
1
1
0
2
1
0
0
-1
-1
-1
0
0
0
0
-2
-2
-1
0
0
-1
0
-2
-1
-1
-1
0
0
-1
-1
-1
-1
0
2
2
-1
-2
-3
-1
0
1
1
-2
1
2
1
1
2
1
0
0
1
4
3
3
3
4
3
2
3
4
4
3
4
3
3
3
2
0
0
-1
-1
-3
-4
-6
-8
-9
-10
-9
-8
-8
-9
-9
-8
-6
-5
-3
1
2
3
5
9
15
18
22
25
25
24
29
30
34
33
33
27
24
21
21
20
15
9
0
-9
-14
-19
-24
-29
-37
-47
-54
-59
-59
-59
-59
-61
-64
-65
-63
-52
-43
-37
-32
-27
-21
-7
7
22
32
37
43
49
61
74
85
89
88
84
80
83
86
85
75
58
40
23
12
0
-15
-36
-63
-92
-113
-128
-139
-151
-168
-187
-205
-213
-210
-198
-188
-179
-171
-158
-136
-105
-68
-32
-1
28
56
88
128
165
198
223
236
247
260
274
285
289
279
264
246
228
215
201
179
152
120
89
63
41
22
0
-28
-57
-85
-109
-125
-140
-157
-180
-202
-221
-236
-245
-252
-259
-267
-277
-278
-273
-263
-249
-235
-217
-196
-170
-135
-100
-64
-26
14
56
100
142
182
216
246
274
301
326
341
346
338
328
318
307
294
269
232
189
146
114
90
66
34
-7
-48
-81
-95
-96
-93
-97
-112
-131
-134
-119
-90
-60
-46
-47
-54
-53
-35
-6
16
21
3
-25
-43
-47
-40
-38
-56
-94
-135
-166
-180
-181
-184
-203
-233
-264
-280
-276
-256
-235
-222
-219
-217
-202
-164
-112
-57
-12
22
53
95
152
215
278
327
361
385
410
442
477
505
515
505
482
453
427
402
370
321
253
170
87
10
-60
-131
-211
-302
-397
-486
-559
-614
-658
-699
-745
-782
-805
-806
-780
-734
-684
-628
-567
-492
-399
-291
-169
-48
62
165
263
362
461
559
639
692
720
736
740
736
720
686
626
550
471
391
310
230
149
68
-8
-73
-124
-166
-194
-217
-231
-236
-230
-216
-190
-155
-115
-72
-27
17
59
108
153
185
203
214
213
211
210
201
175
133
85
35
-16
-55
-93
-135
-184
-233
-281
-318
-338
-347
-359
-375
-391
-400
-390
-360
-320
-283
-248
-212
-174
-126
-65
-8
41
81
127
155
182
212
244
274
304
331
338
335
323
314
296
277
244
199
135
82
36
11
-16
-45
-95
-149
-191
-215
-222
-230
-240
-261
-273
-276
-254
-232
-205
-195
-184
-173
-142
-100
-52
-10
15
32
49
85
118
148
160
163
166
186
222
256
275
280
301
327
371
396
422
398
382
361
365
357
337
314
266
208
161
136
87
26
-71
-180
-324
-423
-515
-583
-670
-736
-829
-914
-970
-980
-985
-987
-961
-956
-942
-882
-749
-634
-498
-352
-211
-113
28
203
375
526
693
834
900
969
1066
1161
1206
1238
1212
1127
1031
991
960
891
793
653
511
383
342
273
192
48
-76
-209
-265
-276
-287
-334
-395
-438
-474
-447
-411
-376
-442
-499
-590
-622
-656
-633
-660
-710
-792
-843
-866
-853
-808
-799
-791
-810
-771
-716
-571
-454
-316
-223
-97
5
146
299
452
580
681
795
862
950
1020
1112
1140
1168
1137
1099
1032
1015
973
914
830
718
599
481
440
345
243
95
-4
-144
-229
-269
-292
-382
-465
-505
-552
-601
-621
-610
-692
-776
-849
-871
-945
-976
-986
-1005
-1065
-1086
-1044
-997
-935
-843
-704
-610
-496
-345
-124
45
225
402
571
662
772
923
1034
1081
1107
1157
1141
1127
1130
1145
1055
976
908
864
757
694
616
507
383
317
259
157
69
-24
-102
-193
-204
-240
-302
-370
-396
-445
-478
-502
-532
-637
-735
-801
-871
-954
-1027
-1092
-1202
-1291
-1334
-1343
-1356
-1332
-1278
-1188
-1077
-882
-665
-426
-213
22
256
500
747
965
1151
1275
1365
1449
1537
1597
1599
1553
1487
1393
1312
1234
1156
1008
844
700
584
456
339
220
78
-65
-148
-194
-248
-315
-358
-376
-402
-381
-355
-346
-383
-417
-430
-466
-506
-572
-657
-788
-917
-1004
-1080
-1146
-1235
-1313
-1409
-1467
-1480
-1400
-1316
-1192
-1068
-889
-696
-476
-201
48
309
507
758
929
1104
1238
1397
1511
1596
1648
1650
1599
1525
1499
1445
1368
1226
1091
905
778
672
595
453
293
154
39
-17
-46
-51
-110
-167
-190
-187
-187
-180
-208
-268
-363
-410
-477
-581
-717
-867
-1021
-1186
-1280
-1360
-1469
-1603
-1703
-1771
-1785
-1756
-1651
-1568
-1458
-1308
-1107
-865
-620
-328
-87
166
399
654
879
1095
1302
1481
1609
1709
1788
1803
1805
1768
1741
1623
1506
1363
1233
1066
920
779
628
464
336
252
165
101
46
31
-2
9
26
60
63
60
41
36
2
-43
-143
-256
-431
-600
-756
-863
-1008
-1179
-1375
-1545
-1710
-1817
-1856
-1873
-1924
-1964
-1921
-1829
-1698
-1526
-1287
-1099
-909
-681
-359
-74
224
531
831
1036
1237
1466
1681
1798
1902
1974
1959
1880
1826
1798
1689
1544
1411
1264
1076
928
842
748
605
501
430
369
307
318
339
322
294
304
317
290
259
210
115
-52
-217
-375
-539
-730
-941
-1155
-1408
-1641
-1846
-1975
-2127
-2273
-2418
-2498
-2547
-2545
-2467
-2344
-2195
-2045
-1789
-1495
-1152
-809
-400
-15
342
666
1019
1345
1649
1914
2151
2290
2338
2376
2405
2408
2334
2261
2136
1977
1805
1676
1539
1381
1218
1071
913
763
656
583
513
438
373
299
245
201
165
83
-15
-156
-317
-499
-663
-842
-1080
-1311
-1563
-1786
-2038
-2220
-2377
-2545
-2721
-2867
-2910
-2959
-2932
-2844
-2649
-2480
-2233
-1905
-1497
-1125
-720
-249
203
578
948
1374
1753
2063
2332
2604
2711
2760
2804
2886
2838
2744
2650
2543
2356
2171
2033
1863
1649
1416
1253
1032
838
665
559
421
270
167
77
15
-68
-131
-227
-353
-502
-645
-815
-987
-1216
-1442
-1707
-1953
-2195
-2448
-2623
-2835
-2975
-3182
-3230
-3255
-3219
-3151
-2972
-2704
-2475
-2137
-1735
-1260
-896
-427
80
556
907
1338
1799
2159
2401
2694
2939
3010
3038
3134
3190
3070
2954
2895
2763
2519
2340
2203
1983
1663
1470
1254
1004
732
592
445
225
72
-23
-102
-245
-326
-398
-516
-680
-792
-948
-1133
-1365
-1560
-1805
-2076
-2303
-2549
-2730
-2949
-3055
-3205
-3260
-3239
-3149
-3029
-2853
-2556
-2285
-1965
-1588
-1115
-742
-315
162
664
1027
1418
1874
2250
2506
2766
3055
3173
3199
3273
3346
3246
3079
3002
2869
2593
2347
2181
1940
1567
1303
1074
798
472
300
153
-69
-276
-362
-438
-601
-701
-738
-835
-1012
-1129
-1253
-1432
-1669
-1828
-2021
-2252
-2484
-2632
-2773
-2943
-3045
-3088
-3122
-3090
-2963
-2773
-2554
-2313
-1964
-1650
-1282
-909
-465
-53
360
820
1250
1632
2014
2399
2745
3000
3235
3449
3552
3608
3618
3611
3446
3280
3081
2856
2548
2251
1961
1629
1241
903
612
304
41
-166
-311
-539
-683
-793
-870
-989
-1072
-1145
-1255
-1435
-1578
-1709
-1892
-2078
-2245
-2384
-2577
-2695
-2806
-2883
-2975
-3009
-3018
-2928
-2822
-2604
-2379
-2094
-1724
-1418
-1028
-657
-204
146
561
1020
1428
1773
2138
2516
2828
3017
3263
3469
3529
3545
3564
3543
3314
3128
2933
2696
2327
2017
1744
1387
955
651
382
67
-211
-344
-452
-668
-790
-853
-894
-1033
-1088
-1107
-1221
-1432
-1523
-1638
-1821
-2019
-2137
-2277
-2460
-2584
-2680
-2763
-2870
-2909
-2897
-2828
-2723
-2500
-2321
-1970
-1627
-1277
-897
-474
-41
285
724
1191
1595
1926
2296
2680
2948
3102
3358
3497
3509
3451
3464
3375
3112
2919
2726
2469
2083
1785
1516
1140
758
507
267
-38
-293
-371
-480
-656
-749
-781
-860
-1004
-1037
-1060
-1224
-1402
-1498
-1644
-1851
-2034
-2149
-2328
-2491
-2635
-2717
-2850
-2930
-2972
-2930
-2869
-2716
-2530
-2332
-1928
-1598
-1182
-814
-319
38
399
849
1341
1724
2059
2457
2839
3066
3249
3525
3606
3593
3503
3530
3335
3083
2896
2712
2421
2043
1786
1465
1078
757
553
306
-28
-238
-339
-519
-684
-761
-822
-977
-1099
-1122
-1226
-1415
-1562
-1665
-1844
-2068
-2203
-2354
-2514
-2676
-2764
-2847
-2983
-3033
-3065
-2948
-2861
-2642
-2483
-2166
-1786
-1442
-1025
-600
-114
182
611
1091
1549
1863
2237
2670
2997
3181
3450
3681
3718
3655
3653
3624
3327
3087
2919
2716
2356
2015
1751
1366
966
682
461
151
-201
-373
-545
-772
-933
-1003
-1085
-1229
-1278
-1313
-1451
-1589
-1681
-1767
-1953
-2125
-2241
-2411
-2547
-2673
-2704
-2829
-2919
-2994
-2973
-2824
-2675
-2428
-2256
-1855
-1587
-1236
-850
-353
44
329
816
1271
1652
1933
2375
2795
3045
3232
3542
3679
3662
3603
3690
3528
3209
3023
2867
2623
2194
1947
1676
1246
850
589
353
-51
-347
-454
-669
-902
-1032
-1038
-1155
-1294
-1282
-1346
-1468
-1597
-1625
-1753
-1964
-2091
-2231
-2383
-2571
-2634
-2708
-2858
-2924
-3023
-2868
-2789
-2529
-2373
-2104
-1763
-1547
-1120
-743
-206
46
423
917
1349
1666
1987
2461
2846
3001
3281
3540
3615
3562
3594
3690
3405
3197
3020
2895
2521
2172
2005
1652
1193
835
624
295
-121
-278
-398
-674
-867
-938
-988
-1215
-1282
-1273
-1395
-1548
-1661
-1714
-1939
-2132
-2237
-2414
-2586
-2793
-2812
-2972
-3050
-3135
-3120
-2925
-2863
-2541
-2450
-2012
-1777
-1442
-974
-601
-90
68
658
1111
1470
1782
2117
2692
2863
3109
3455
3628
3674
3618
3834
3800
3495
3397
3205
3038
2560
2365
2183
1678
1322
976
806
321
12
-57
-346
-590
-820
-896
-1101
-1351
-1322
-1474
-1637
-1878
-1978
-2135
-2435
-2554
-2743
-2896
-3165
-3277
-3354
-3430
-3522
-3509
-3303
-3189
-2938
-2760
-2281
-1990
-1589
-1169
-656
-211
58
646
1188
1633
1869
2327
2837
3153
3340
3779
4039
4080
4032
4286
4332
4018
3864
3693
3463
2892
2650
2424
1947
1433
1112
869
345
-62
-183
-436
-809
-1074
-1170
-1376
-1667
-1691
-1780
-1972
-2241
-2328
-2472
-2745
-2910
-3048
-3183
-3467
-3573
-3652
-3665
-3792
-3729
-3484
-3321
-3036
-2833
-2256
-1966
-1471
-1031
-447
13
298
944
1489
1968
2189
2669
3177
3461
3652
4059
4348
4360
4283
4558
4543
4193
3984
3816
3533
2886
2623
2350
1822
1264
926
692
112
-272
-405
-641
-1022
-1280
-1289
-1495
-1744
-1776
-1836
-2015
-2279
-2321
-2473
-2755
-2908
-3074
-3217
-3539
-3630
-3708
-3771
-3903
-3868
-3591
-3434
-3096
-2867
-2253
-1952
-1433
-935
-334
174
469
1133
1677
2142
2374
2836
3322
3579
3755
4121
4396
4402
4324
4562
4516
4141
3902
3751
3470
2835
2533
2249
1683
1103
747
516
-40
-438
-567
-793
-1151
-1385
-1342
-1517
-1744
-1756
-1807
-1962
-2232
-2245
-2380
-2700
-2845
-3023
-3175
-3537
-3635
-3680
-3799
-3924
-3921
-3625
-3487
-3135
-2864
-2229
-1883
-1388
-836
-231
321
621
1296
1869
2316
2564
3001
3493
3749
3910
4254
4519
4531
4438
4609
4569
4202
3922
3770
3511
2870
2492
2168
1592
966
562
321
-210
-668
-816
-1002
-1348
-1569
-1513
-1638
-1857
-1852
-1863
-1968
-2251
-2261
-2344
-2669
-2845
-3009
-3134
-3506
-3622
-3662
-3778
-3893
-3917
-3574
-3489
-3127
-2863
-2202
-1803
-1361
-775
-208
397
657
1335
1932
2368
2641
3041
3567
3838
3990
4320
4569
4621
4485
4607
4581
4248
3946
3744
3513
2850
2395
2016
1473
835
365
102
-404
-891
-1084
-1210
-1504
-1716
-1659
-1697
-1874
-1854
-1827
-1843
-2083
-2104
-2144
-2408
-2597
-2758
-2862
-3208
-3334
-3443
-3547
-3639
-3750
-3374
-3370
-3013
-2813
-2211
-1772
-1438
-821
-360
299
489
1110
1727
2121
2425
2765
3306
3596
3738
4086
4313
4415
4266
4390
4422
4088
3841
3635
3443
2800
2346
1983
1467
880
423
170
-319
-810
-988
-1113
-1359
-1558
-1505
-1474
-1657
-1608
-1579
-1577
-1773
-1803
-1803
-2079
-2272
-2414
-2547
-2896
-3085
-3190
-3382
-3456
-3669
-3353
-3353
-3136
-2906
-2480
-1969
-1772
-1144
-725
-65
168
641
1332
1719
2040
2352
2890
3246
3380
3730
4028
4165
4053
4142
4329
3996
3756
3617
3494
2920
2423
2161
1678
1103
660
465
24
-526
-677
-765
-1004
-1221
-1188
-1073
-1292
-1268
-1198
-1221
-1432
-1513
-1446
-1752
-2027
-2180
-2338
-2702
-3025
-3107
-3360
-3524
-3757
-3646
-3555
-3545
-3246
-3011
-2482
-2281
-1750
-1274
-695
-238
99
811
1326
1744
2079
2593
3093
3353
3624
4037
4278
4306
4268
4553
4391
4075
3908
3794
3416
2765
2472
2067
1501
945
673
344
-265
-550
-612
-804
-1072
-1159
-1010
-1145
-1247
-1145
-1149
-1332
-1540
-1467
-1680
-2015
-2233
-2387
-2683
-3074
-3210
-3378
-3636
-3817
-3917
-3747
-3802
-3565
-3344
-2983
-2614
-2290
-1711
-1269
-648
-289
263
930
1426
1861
2301
2872
3316
3558
3965
4327
4523
4473
4654
4778
4482
4245
4082
3901
3306
2795
2527
2019
1416
941
677
178
-351
-477
-621
-884
-1144
-1107
-1083
-1290
-1269
-1228
-1326
-1594
-1654
-1698
-2006
-2285
-2433
-2632
-2981
-3253
-3293
-3556
-3730
-3897
-3827
-3720
-3747
-3381
-3243
-2720
-2508
-1955
-1474
-960
-377
-55
677
1209
1728
2125
2631
3178
3476
3788
4194
4436
4507
4458
4710
4577
4261
4044
3900
3549
2869
2564
2219
1655
1066
703
426
-166
-495
-573
-756
-1038
-1177
-1035
-1157
-1258
-1176
-1162
-1330
-1540
-1514
-1649
-1983
-2155
-2304
-2560
-2961
-3077
-3205
-3521
-3634
-3825
-3596
-3756
-3529
-3345
-3038
-2614
-2380
-1740
-1424
-753
-411
95
754
1237
1712
2071
2634
3088
3355
3750
4080
4281
4269
4333
4547
4269
4046
3885
3734
3247
2680
2479
2042
1481
951
709
332
-216
-392
-488
-698
-943
-917
-844
-996
-988
-910
-959
-1146
-1284
-1247
-1512
-1796
-1950
-2172
-2525
-2895
-2947
-3286
-3506
-3748
-3764
-3692
-3846
-3529
-3469
-2967
-2804
-2354
-1888
-1461
-889
-615
79
586
1076
1487
1947
2561
2914
3278
3754
4042
4251
4232
4524
4536
4258
4158
4002
3799
3176
2837
2588
2052
1498
1079
871
313
-89
-195
-352
-598
-759
-646
-716
-845
-808
-837
-940
-1212
-1242
-1365
-1734
-1988
-2217
-2505
-2989
-3193
-3426
-3761
-4018
-4220
-4041
-4217
-3994
-3888
-3445
-3138
-2830
-2227
-1792
-1167
-851
-178
426
920
1371
1859
2479
2923
3254
3778
4146
4393
4451
4677
4835
4580
4440
4298
4138
3597
3140
2896
2415
1830
1354
1118
620
97
-96
-249
-497
-735
-684
-697
-871
-897
-944
-996
-1268
-1385
-1455
-1801
-2128
-2370
-2601
-3067
-3393
-3593
-3914
-4168
-4440
-4256
-4333
-4168
-4038
-3622
-3198
-2939
-2309
-1827
-1161
-835
-199
481
972
1419
1893
2548
3011
3310
3791
4201
4465
4514
4716
4926
4705
4540
4385
4285
3755
3265
2973
2508
1914
1373
1144
629
65
-192
-355
-609
-894
-876
-848
-1008
-1044
-1084
-1090
-1306
-1437
-1463
-1760
-2087
-2355
-2539
-2947
-3328
-3519
-3824
-4048
-4369
-4185
-4200
-4068
-3941
-3572
-3085
-2872
-2242
-1755
-1080
-764
-195
524
1005
1447
1888
2542
3009
3294
3720
4106
4373
4421
4561
4793
4600
4469
4283
4230
3758
3267
2948
2470
1933
1321
1086
574
17
-284
-458
-686
-981
-1013
-961
-1083
-1109
-1153
-1147
-1305
-1448
-1452
-1723
-2002
-2319
-2503
-2846
-3238
-3420
-3722
-3892
-4259
-4070
-4035
-3915
-3785
-3470
-2942
-2765
-2143
-1652
-991
-685
-193
538
1001
1431
1848
2484
2946
3211
3624
3997
4244
4319
4434
4679
4494
4404
4205
4159
3741
3266
2984
2486
2015
1375
1136
647
114
-185
-367
-548
-830
-878
-823
-926
-942
-993
-999
-1156
-1324
-1352
-1640
-1920
-2263
-2502
-2839
-3258
-3452
-3796
-3961
-4377
-4256
-4215
-4142
-3988
-3761
-3218
-3048
-2445
-1952
-1302
-938
-515
244
715
1159
1594
2227
2746
3022
3475
3889
4163
4313
4448
4779
4611
4551
4366
4305
3958
3436
3221
2722
2287
1644
1359
949
388
104
-106
-258
-546
-639
-592
-721
-752
-837
-871
-1049
-1273
-1334
-1635
-1938
-2279
-2553
-2875
-3332
-3531
-3902
-4068
-4487
-4446
-4369
-4353
-4125
-3962
-3381
-3186
-2615
-2110
-1474
-1005
-641
132
653
1102
1539
2142
2724
3022
3475
3942
4219
4445
4538
4939
4819
4714
4549
4416
4167
3563
3318
2845
2375
1767
1357
1027
447
112
-128
-307
-564
-740
-700
-823
-873
-957
-1050
-1187
-1450
-1528
-1806
-2107
-2413
-2715
-2970
-3430
-3630
-3990
-4148
-4509
-4542
-4395
-4404
-4124
-3982
-3363
-3124
-2600
-2067
-1459
-912
-579
183
767
1226
1666
2234
2845
3174
3598
4097
4345
4626
4673
5048
4993
4849
4708
4504
4312
3712
3397
2922
2408
1848
1343
1023
449
80
-208
-422
-643
-844
-812
-916
-950
-997
-1127
-1238
-1485
-1559
-1837
-2135
-2409
-2753
-2990
-3451
-3647
-4022
-4207
-4492
-4628
-4421
-4481
-4168
-4087
-3473
-3175
-2722
-2133
-1581
-957
-664
98
737
1215
1670
2211
2855
3209
3592
4124
4370
4663
4698
5031
5033
4869
4775
4554
4387
3785
3482
3008
2466
1922
1382
1088
467
106
-214
-443
-673
-875
-831
-940
-978
-981
-1086
-1194
-1428
-1465
-1718
-2030
-2259
-2606
-2833
-3317
-3515
-3865
-4135
-4334
-4598
-4364
-4502
-4212
-4171
-3676
-3282
-2965
-2304
-1851
-1155
-880
-194
521
1002
1494
1988
2659
3095
3414
3968
4260
4566
4608
4882
5016
4803
4783
4563
4467
3894
3562
3196
2624
2130
1524
1298
692
267
-29
-286
-511
-773
-754
-833
-953
-927
-1037
-1136
-1380
-1456
-1636
-1975
-2171
-2519
-2730
-3199
-3472
-3745
-4108
-4233
-4597
-4410
-4524
-4340
-4212
-3905
-3379
-3163
-2472
-2051
-1340
-946
-416
388
888
1425
1910
2557
3135
3418
3955
4314
4634
4725
4876
5169
4914
4896
4689
4612
4147
3667
3397
2776
2291
1628
1347
837
265
-24
-345
-577
-880
-966
-963
-1163
-1115
-1204
-1279
-1472
-1601
-1676
-1996
-2168
-2485
-2709
-3099
-3445
-3630
-4028
-4159
-4527
-4471
-4461
-4422
-4165
-3998
-3428
-3233
-2619
-2136
-1532
-988
-590
234
762
1288
1815
2406
3082
3411
3901
4325
4642
4824
4869
5242
5074
4971
4802
4690
4389
3794
3540
2975
2442
1812
1407
1035
383
47
-280
-552
-827
-1015
-944
-1139
-1132
-1167
-1222
-1333
-1524
-1540
-1812
-2040
-2341
-2627
-2949
-3397
-3565
-3939
-4169
-4503
-4639
-4512
-4595
-4308
-4197
-3683
-3413
-2957
-2357
-1866
-1225
-875
-84
545
1021
1593
2158
2858
3283
3725
4225
4547
4819
4842
5173
5202
5036
4915
4727
4566
3974
3645
3214
2649
2082
1555
1257
655
227
-83
-391
-650
-908
-854
-978
-1060
-1074
-1138
-1166
-1399
-1431
-1615
-1902
-2190
-2544
-2791
-3275
-3517
-3818
-4142
-4405
-4725
-4585
-4692
-4493
-4373
-4016
-3608
-3329
-2663
-2211
-1550
-1145
-496
284
761
1330
1883
2566
3105
3499
4055
4423
4755
4844
5050
5277
5111
5044
4805
4688
4214
3769
3448
2893
2388
1797
1462
975
481
167
-140
-403
-698
-749
-782
-933
-970
-1057
-1051
-1256
-1372
-1454
-1755
-2024
-2402
-2648
-3059
-3425
-3665
-4051
-4284
-4668
-4674
-4711
-4676
-4497
-4346
-3860
-3658
-3070
-2550
-1963
-1417
-939
-128
456
996
1550
2200
2863
3272
3812
4291
4654
4873
4989
5314
5244
5177
4990
4857
4537
3997
3689
3187
2678
2073
1641
1234
682
312
21
-241
-544
-723
-713
-872
-974
-1058
-1065
-1214
-1414
-1441
-1691
-1947
-2285
-2554
-2874
-3312
-3543
-3917
-4200
-4548
-4726
-4689
-4783
-4574
-4510
-4103
-3810
-3404
-2756
-2277
-1642
-1208
-514
194
723
1307
1891
2616
3103
3585
4125
4540
4863
5002
5287
5361
5281
5150
5020
4805
4298
3886
3446
2949
2355
1850
1456
927
470
166
-79
-357
-607
-656
-748
-910
-1002
-1041
-1152
-1394
-1447
-1625
-1879
-2180
-2464
-2727
-3175
-3478
-3801
-4145
-4491
-4783
-4772
-4866
-4764
-4638
-4413
-4001
-3722
-3083
-2591
-2012
-1486
-927
-135
418
1045
1614
2296
2891
3352
3901
4377
4783
5032
5261
5435
5417
5313
5195
5007
4640
4153
3709
3242
2682
2141
1673
1229
713
355
50
-207
-483
-666
-731
-903
-1027
-1123
-1216
-1427
-1547
-1663
-1879
-2147
-2432
-2662
-3004
-3379
-3657
-3971
-4302
-4638
-4742
-4741
-4747
-4590
-4467
-4076
-3780
-3302
-2739
-2225
-1631
-1135
-368
269
879
1480
2090
2744
3229
3747
4265
4696
5033
5228
5425
5481
5385
5278
5049
4807
4335
3850
3374
2827
2300
1724
1325
820
402
31
-275
-520
-794
-899
-1038
-1185
-1280
-1405
-1519
-1659
-1748
-1912
-2140
-2369
-2609
-2812
-3178
-3458
-3717
-4021
-4307
-4540
-4513
-4534
-4424
-4297
-4042
-3664
-3334
-2781
-2292
-1715
-1186
-571
153
732
1336
1904
2522
3082
3538
4069
4490
4846
5073
5220
5380
5290
5203
4967
4751
4414
3882
3423
2862
2357
1778
1318
897
421
41
-322
-569
-812
-999
-1083
-1259
-1321
-1445
-1530
-1585
-1703
-1806
-2039
-2213
-2455
-2641
-2919
-3248
-3469
-3790
-4021
-4273
-4341
-4325
-4294
-4106
-3944
-3565
-3238
-2783
-2268
-1778
-1180
-688
-3
614
1158
1729
2250
2864
3300
3775
4225
4544
4849
4941
5139
5125
5026
4826
4591
4357
3841
3373
2857
2346
1803
1303
928
472
68
-279
-550
-728
-945
-1006
-1149
-1235
-1285
-1363
-1349
-1467
-1548
-1751
-1929
-2155
-2405
-2622
-2979
-3223
-3552
-3821
-4067
-4254
-4228
-4241
-4067
-3932
-3621
-3281
-2903
-2384
-1945
-1362
-905
-316
334
841
1406
1886
2494
2970
3395
3888
4244
4601
4741
4923
5001
4938
4778
4559
4366
3918
3433
2957
2470
1937
1403
1032
612
204
-143
-435
-591
-795
-894
-981
-1096
-1127
-1181
-1164
-1259
-1353
-1514
-1710
-1905
-2201
-2421
-2753
-3037
-3359
-3683
-3922
-4184
-4180
-4199
-4071
-3961
-3721
-3385
-3049
-2538
-2113
-1583
-1130
-596
56
562
1096
1596
2176
2697
3108
3612
4030
4414
4610
4780
4911
4876
4768
4560
4382
3977
3510
3056
2571
2074
1495
1118
730
332
4
-286
-442
-616
-723
-773
-860
-914
-974
-964
-1069
-1181
-1338
-1572
-1768
-2087
-2339
-2682
-2999
-3324
-3682
-3922
-4215
-4249
-4290
-4196
-4094
-3900
-3554
-3236
-2720
-2280
-1756
-1289
-754
-95
425
934
1450
2034
2575
2999
3473
3908
4293
4523
4687
4864
4850
4790
4594
4422
4072
3612
3217
2704
2248
1641
1218
856
453
141
-160
-315
-505
-631
-687
-762
-818
-944
-951
-1065
-1196
-1339
-1603
-1789
-2117
-2371
-2717
-3042
-3348
-3712
-3950
-4241
-4289
-4343
-4284
-4175
-4008
-3658
-3342
-2841
-2381
-1837
-1326
-785
-110
433
951
1465
2053
2620
3066
3530
3951
4330
4594
4759
4953
4955
4921
4731
4551
4242
3783
3397
2854
2391
1770
1292
901
487
156
-175
-359
-575
-748
-843
-941
-998
-1145
-1190
-1286
-1423
-1546
-1803
-1975
-2268
-2507
-2807
-3126
-3401
-3753
-3993
-4260
-4298
-4313
-4266
-4140
-3968
-3603
-3269
-2785
-2292
-1742
-1196
-657
21
564
1076
1580
2138
2710
3149
3610
4028
4396
4688
4848
5035
5014
4986
4793
4599
4285
3818
3411
2826
2346
1711
1244
807
390
61
-269
-460
-674
-839
-938
-1057
-1109
-1214
-1252
-1337
-1474
-1603
-1859
-2044
-2310
-2538
-2805
-3134
-3402
-3753
-4001
-4248
-4277
-4245
-4197
-4044
-3850
-3450
-3099
-2606
-2088
-1545
-1006
-473
201
721
1211
1693
2226
2762
3173
3632
4052
4405
4683
4849
5025
4959
4904
4696
4496
4128
3643
3209
2602
2102
1446
1024
572
155
-173
-484
-654
-865
-975
-1042
-1153
-1213
-1295
-1297
-1380
-1509
-1649
-1884
-2082
-2336
-2534
-2774
-3075
-3338
-3655
-3876
-4099
-4102
-4061
-3971
-3808
-3566
-3154
-2788
-2266
-1754
-1201
-705
-172
452
943
1422
1871
2379
2848
3227
3670
4048
4387
4595
4776
4894
4804
4715
4486
4285
3854
3394
2913
2336
1812
1182
801
332
-60
-402
-694
-871
-1089
-1143
-1207
-1285
-1358
-1429
-1419
-1542
-1626
-1780
-1962
-2168
-2397
-2535
-2779
-3008
-3272
-3486
-3682
-3864
-3823
-3796
-3656
-3531
-3217
-2835
-2476
-1971
-1484
-914
-474
57
642
1116
1589
2023
2549
2988
3343
3793
4129
4455
4569
4754
4825
4710
4581
4311
4098
3597
3147
2630
2097
1543
951
588
126
-246
-592
-841
-1025
-1238
-1268
-1317
-1350
-1409
-1455
-1437
-1586
-1652
-1819
-1962
-2166
-2375
-2489
-2752
-2936
-3209
-3351
-3533
-3642
-3601
-3579
-3433
-3311
-2963
-2643
-2270
-1844
-1384
-878
-433
105
645
1106
1558
2015
2524
2962
3338
3779
4069
4341
4445
4608
4632
4510
4361
4071
3797
3297
2862
2346
1840
1293
787
422
9
-320
-619
-813
-982
-1114
-1137
-1143
-1150
-1162
-1183
-1187
-1321
-1438
-1614
-1800
-2000
-2230
-2400
-2681
-2904
-3168
-3332
-3474
-3520
-3518
-3456
-3327
-3139
-2824
-2531
-2123
-1766
-1302
-874
-360
171
648
1137
1572
2064
2518
2973
3390
3758
4017
4234
4373
4472
4421
4325
4115
3815
3455
3000
2566
2014
1535
1002
582
186
-165
-428
-695
-859
-1006
-1049
-1084
-1077
-1060
-1056
-1085
-1140
-1260
-1413
-1611
-1831
-2021
-2255
-2467
-2723
-2941
-3164
-3326
-3391
-3396
-3355
-3249
-3103
-2856
-2592
-2274
-1891
-1516
-1076
-668
-140
326
796
1262
1706
2198
2616
3076
3464
3806
4050
4216
4360
4369
4324
4186
3946
3633
3207
2788
2283
1767
1256
748
351
-46
-315
-573
-766
-908
-1012
-1041
-1081
-1053
-1049
-1050
-1096
-1183
-1300
-1492
-1700
-1929
-2125
-2344
-2566
-2752
-2961
-3119
-3277
-3264
-3236
-3147
-3028
-2850
-2584
-2370
-2036
-1681
-1278
-922
-521
-28
415
860
1318
1801
2270
2655
3133
3528
3862
4065
4237
4370
4320
4266
4093
3849
3446
2994
2570
2033
1504
959
511
109
-260
-473
-680
-819
-960
-1012
-1028
-1059
-1046
-1041
-1031
-1114
-1218
-1352
-1560
-1789
-2022
-2189
-2406
-2615
-2776
-2949
-3087
-3210
-3132
-3075
-2974
-2861
-2611
-2344
-2117
-1780
-1418
-1054
-766
-352
135
560
961
1423
1913
2349
2735
3239
3619
3912
4066
4257
4348
4281
4189
3979
3679
3199
2763
2309
1782
1211
686
271
-106
-416
-606
-779
-905
-1022
-1029
-1013
-1002
-989
-983
-990
-1106
-1229
-1408
-1621
-1872
-2094
-2282
-2501
-2687
-2865
-3023
-3152
-3164
-3071
-2981
-2861
-2684
-2393
-2140
-1847
-1520
-1167
-888
-576
-149
297
682
1072
1547
2002
2426
2854
3351
3687
3914
4075
4243
4287
4189
4074
3810
3455
2960
2551
2068
1524
961
481
107
-263
-526
-727
-860
-971
-1014
-976
-923
-894
-872
-866
-912
-1040
-1202
-1395
-1633
-1877
-2123
-2329
-2553
-2733
-2915
-3063
-3119
-3060
-2954
-2854
-2693
-2478
-2208
-1974
-1670
-1378
-1085
-857
-520
-129
242
600
999
1476
1890
2349
2809
3282
3571
3796
3989
4131
4139
4048
3925
3653
3275
2834
2423
1931
1396
892
477
102
-245
-497
-658
-762
-818
-802
-758
-718
-688
-649
-660
-756
-899
-1098
-1315
-1605
-1867
-2155
-2427
-2676
-2893
-3066
-3214
-3207
-3130
-3016
-2892
-2698
-2442
-2199
-1947
-1643
-1349
-1080
-826
-465
-108
235
611
1042
1518
1950
2447
2936
3380
3686
3951
4168
4272
4255
4157
3985
3665
3258
2799
2334
1797
1273
797
390
7
-309
-528
-666
-738
-761
-744
-744
-718
-690
-672
-735
-856
-1025
-1261
-1527
-1831
-2117
-2434
-2735
-2981
-3200
-3365
-3451
-3379
-3249
-3109
-2906
-2647
-2346
-2083
-1776
-1445
-1144
-861
-546
-168
158
486
873
1315
1758
2199
2685
3156
3548
3851
4136
4324
4381
4310
4173
3928
3539
3101
2602
2097
1517
1005
553
161
-179
-449
-610
-721
-767
-767
-746
-736
-719
-702
-708
-797
-920
-1119
-1358
-1653
-1942
-2225
-2528
-2800
-3059
-3251
-3399
-3405
-3291
-3118
-2930
-2695
-2398
-2096
-1794
-1486
-1169
-887
-607
-286
60
348
655
1005
1423
1818
2246
2686
3111
3475
3753
4040
4166
4210
4093
3937
3662
3251
2802
2281
1766
1187
699
279
-78
-378
-601
-720
-782
-799
-755
-712
-653
-635
-619
-634
-738
-864
-1100
-1333
-1645
-1931
-2224
-2526
-2783
-3058
-3221
-3340
-3288
-3150
-2956
-2725
-2480
-2165
-1867
-1542
-1237
-948
-674
-405
-96
209
479
798
1119
1527
1891
2322
2727
3133
3501
3760
4022
4085
4121
3974
3800
3499
3081
2605
2045
1519
960
483
58
-282
-551
-757
-867
-887
-864
-799
-741
-636
-597
-595
-634
-734
-868
-1144
-1393
-1709
-2000
-2345
-2654
-2897
-3161
-3318
-3408
-3300
-3158
-2955
-2694
-2385
-2052
-1730
-1373
-1029
-743
-464
-174
139
435
705
1058
1378
1761
2110
2535
2934
3307
3664
3888
4089
4096
4091
3920
3691
3355
2899
2387
1780
1238
672
191
-241
-551
-797
-982
-1057
-1032
-962
-890
-790
-662
-599
-609
-645
-738
-900
-1194
-1443
-1741
-2042
-2398
-2677
-2895
-3125
-3264
-3285
-3157
-3026
-2819
-2534
-2174
-1861
-1509
-1167
-825
-596
-326
-28
258
521
775
1132
1437
1786
2159
2582
2980
3303
3652
3864
4007
4001
3958
3815
3521
3184
2711
2213
1584
1037
495
24
-393
-689
-890
-1040
-1084
-1036
-927
-842
-725
-594
-494
-501
-530
-645
-822
-1123
-1378
-1657
-1967
-2306
-2583
-2796
-3006
-3149
-3146
-3051
-2922
-2728
-2446
-2088
-1802
-1451
-1158
-836
-643
-388
-107
141
377
600
945
1252
1613
2008
2429
2840
3160
3493
3728
3860
3899
3834
3727
3442
3105
2647
2147
1583
1014
499
32
-345
-632
-829
-920
-937
-866
-766
-648
-511
-382
-293
-275
-312
-454
-671
-952
-1221
-1536
-1881
-2219
-2504
-2772
-3006
-3170
-3171
-3126
-2996
-2797
-2510
-2198
-1921
-1571
-1277
-981
-775
-505
-241
-17
198
449
792
1119
1498
1927
2359
2766
3115
3459
3723
3846
3927
3865
3762
3463
3124
2679
2160
1611
1030
545
77
-278
-550
-717
-779
-777
-691
-592
-475
-346
-230
-167
-177
-253
-402
-624
-900
-1206
-1544
-1906
-2256
-2573
-2864
-3108
-3298
-3327
-3286
-3130
-2941
-2657
-2362
-2052
-1714
-1402
-1071
-819
-537
-288
-27
194
461
784
1164
1542
1959
2381
2810
3188
3493
3786
3923
4035
3942
3863
3574
3236
2752
2245
1710
1119
624
161
-168
-483
-651
-730
-710
-678
-591
-478
-356
-284
-258
-270
-379
-526
-756
-989
-1326
-1661
-2025
-2356
-2671
-2978
-3184
-3386
-3393
-3361
-3163
-2979
-2699
-2396
-2076
-1731
-1424
-1064
-787
-493
-238
53
281
556
878
1302
1673
2083
2509
2947
3334
3604
3908
4036
4161
4059
3986
3694
3317
2813
2286
1754
1143
639
153
-207
-576
-781
-883
-873
-852
-770
-664
-555
-482
-449
-444
-562
-699
-929
-1135
-1488
-1803
-2149
-2446
-2731
-3037
-3213
-3422
-3393
-3344
-3109
-2912
-2643
-2321
-1999
-1647
-1354
-987
-689
-388
-120
167
409
698
1031
1474
1857
2278
2699
3137
3517
3771
4035
4163
4269
4193
4081
3786
3368
2843
2296
1732
1136
575
77
-346
-714
-966
-1058
-1039
-988
-900
-802
-675
-583
-520
-524
-613
-768
-988
-1222
-1555
-1883
-2230
-2517
-2776
-3071
-3273
-3481
-3448
-3374
-3149
-2920
-2647
-2295
-1993
-1616
-1320
-932
-640
-326
-46
235
492
777
1138
1558
1961
2376
2827
3237
3620
3851
4115
4220
4307
4234
4106
3828
3380
2879
2302
1747
1115
546
33
-399
-761
-1006
-1071
-1061
-1004
-916
-811
-698
-608
-553
-545
-646
-802
-1017
-1249
-1574
-1914
-2238
-2527
-2762
-3055
-3241
-3458
-3457
-3391
-3196
-2950
-2706
-2343
-2048
-1659
-1361
-962
-662
-341
-49
248
521
802
1149
1547
1951
2363
2811
3201
3578
3797
4076
4164
4256
4156
4047
3776
3371
2902
2336
1790
1131
580
57
-352
-710
-930
-1012
-1038
-1006
-931
-832
-743
-671
-626
-620
-732
-875
-1083
-1303
-1620
-1926
-2219
-2504
-2732
-3003
-3155
-3361
-3363
-3304
-3112
-2880
-2636
-2259
-1956
-1571
-1275
-885
-585
-278
20
327
602
871
1193
1574
1957
2368
2802
3200
3557
3788
4069
4173
4256
4144
4012
3726
3336
2874
2314
1730
1072
498
-16
-439
-776
-1003
-1109
-1164
-1135
-1050
-942
-839
-753
-693
-696
-789
-913
-1104
-1346
-1645
-1925
-2193
-2489
-2729
-2990
-3151
-3334
-3321
-3239
-3053
-2843
-2576
-2181
-1872
-1496
-1199
-811
-534
-230
76
376
648
907
1251
1618
1988
2381
2826
3238
3587
3837
4116
4251
4320
4229
4066
3777
3348
2884
2312
1708
1042
447
-48
-488
-813
-1056
-1155
-1207
-1172
-1070
-937
-812
-712
-654
-649
-737
-875
-1085
-1363
-1667
-1979
-2247
-2553
-2812
-3107
-3301
-3456
-3435
-3329
-3143
-2923
-2640
-2252
-1917
-1524
-1209
-822
-535
-202
107
399
681
964
1338
1698
2072
2450
2886
3294
3653
3918
4167
4294
4348
4266
4092
3788
3336
2852
2271
1672
1006
422
-74
-494
-823
-1053
-1152
-1196
-1155
-1067
-926
-823
-729
-691
-684
-787
-945
-1172
-1454
-1763
-2084
-2341
-2624
-2866
-3152
-3328
-3460
-3426
-3305
-3094
-2865
-2579
-2212
-1859
-1460
-1126
-729
-421
-80
219
520
814
1108
1482
1834
2196
2552
2956
3355
3695
3948
4161
4261
4285
4190
4013
3695
3241
2744
2172
1583
930
363
-139
-551
-896
-1116
-1225
-1264
-1224
-1152
-1026
-948
-861
-826
-825
-931
-1082
-1300
-1567
-1865
-2159
-2398
-2650
-2866
-3107
-3258
-3365
-3309
-3164
-2947
-2719
-2428
-2069
-1705
-1317
-955
-571
-262
56
367
685
986
1285
1640
1986
2327
2682
3083
3476
3795
4034
4228
4300
4289
4158
3955
3600
3120
2589
1994
1386
722
155
-359
-783
-1133
-1347
-1450
-1471
-1415
-1335
-1211
-1125
-1036
-995
-1000
-1093
-1218
-1424
-1659
-1932
-2165
-2392
-2618
-2822
-3028
-3159
-3219
-3116
-2940
-2726
-2498
-2178
-1821
-1446
-1080
-692
-356
-72
214
540
847
1121
1415
1741
2065
2370
2741
3151
3519
3810
4043
4240
4288
4248
4092
3862
3463
2957
2413
1795
1155
480
-66
-560
-963
-1283
-1455
-1520
-1517
-1434
-1321
-1185
-1089
-1003
-964
-988
-1100
-1241
-1457
-1679
-1961
-2177
-2428
-2654
-2883
-3084
-3200
-3222
-3088
-2899
-2658
-2405
-2050
-1690
-1290
-914
-525
-217
67
350
657
937
1183
1480
1763
2074
2364
2748
3135
3474
3750
3971
4148
4174
4122
3942
3688
3267
2772
2211
1579
918
271
-245
-696
-1047
-1313
-1444
-1485
-1461
-1370
-1241
-1107
-1006
-937
-910
-973
-1098
-1271
-1491
-1723
-2001
-2225
-2485
-2692
-2913
-3072
-3162
-3129
-2972
-2745
-2474
-2167
-1797
-1413
-1007
-612
-229
68
369
645
939
1181
1415
1698
1966
2264
2541
2914
3232
3532
3735
3920
4012
3988
3881
3653
3368
2896
2400
1778
1142
452
-150
-646
-1059
-1373
-1594
-1695
-1711
-1661
-1545
-1381
-1228
-1084
-1020
-972
-1043
-1139
-1326
-1524
-1752
-2016
-2244
-2484
-2642
-2837
-2949
-2986
-2881
-2696
-2436
-2115
-1745
-1380
-998
-600
-196
131
396
700
964
1216
1393
1646
1903
2161
2424
2719
3061
3290
3538
3677
3836
3811
3749
3594
3332
2972
2472
1966
1311
666
1
-532
-1009
-1393
-1665
-1814
-1885
-1852
-1755
-1566
-1375
-1199
-1035
-966
-923
-1000
-1082
-1272
-1464
-1697
-1941
-2155
-2360
-2507
-2672
-2745
-2728
-2596
-2391
-2122
-1783
-1429
-1099
-746
-385
-34
226
484
765
996
1192
1361
1622
1851
2102
2358
2672
2963
3169
3386
3511
3619
3549
3463
3269
2978
2583
2090
1569
933
332
-255
-733
-1157
-1484
-1684
-1780
-1784
-1690
-1531
-1300
-1095
-907
-779
-720
-704
-797
-915
-1129
-1318
-1558
-1793
-2007
-2199
-2351
-2524
-2568
-2526
-2383
-2205
-1950
-1613
-1292
-986
-677
-330
-37
186
439
691
895
1027
1227
1468
1690
1912
2186
2535
2787
3021
3204
3390
3410
3354
3240
3046
2721
2281
1831
1283
698
97
-379
-821
-1186
-1467
-1586
-1633
-1604
-1482
-1276
-1043
-873
-705
-609
-558
-623
-738
-900
-1112
-1341
-1599
-1821
-2045
-2223
-2403
-2519
-2526
-2432
-2266
-2065
-1769
-1417
-1069
-752
-422
-94
175
388
637
849
1023
1138
1352
1557
1764
1977
2259
2603
2811
3057
3196
3360
3312
3247
3082
2814
2428
1932
1462
847
270
-306
-734
-1153
-1483
-1704
-1775
-1789
-1713
-1555
-1329
-1114
-941
-767
-678
-635
-726
-822
-990
-1191
-1437
-1701
-1894
-2120
-2279
-2451
-2474
-2400
-2246
-2020
-1752
-1377
-1016
-635
-292
59
326
542
758
975
1112
1216
1357
1560
1721
1885
2143
2423
2720
2860
3094
3203
3266
3200
3066
2871
2451
2035
1486
986
314
-241
-711
-1107
-1465
-1740
-1820
-1841
-1782
-1663
-1456
-1249
-1052
-891
-719
-673
-651
-750
-848
-1019
-1252
-1482
-1756
-1928
-2186
-2326
-2469
-2416
-2274
-2082
-1794
-1478
-1070
-723
-340
9
307
501
691
915
1064
1132
1243
1432
1626
1763
1968
2298
2551
2786
2904
3128
3176
3140
3054
2842
2570
2052
1649
1093
538
-111
-572
-945
-1327
-1598
-1741
-1730
-1722
-1612
-1442
-1252
-1097
-918
-758
-633
-642
-645
-744
-883
-1085
-1321
-1508
-1784
-1984
-2243
-2372
-2447
-2344
-2137
-1923
-1584
-1235
-819
-481
-98
234
450
628
813
1016
1073
1150
1302
1488
1643
1789
2064
2379
2582
2776
2923
3085
3058
2966
2854
2571
2215
1718
1309
741
139
-403
-796
-1144
-1476
-1655
-1709
-1690
-1629
-1464
-1274
-1110
-952
-752
-602
-541
-573
-625
-771
-985
-1197
-1415
-1616
-1919
-2152
-2368
-2451
-2423
-2253
-2004
-1750
-1359
-983
-573
-219
178
455
624
829
1007
1141
1161
1284
1438
1572
1713
1894
2189
2437
2616
2799
2938
3007
2937
2834
2663
2315
1909
1442
959
360
-220
-668
-1031
-1358
-1616
-1735
-1734
-1687
-1550
-1349
-1156
-984
-810
-615
-522
-523
-604
-747
-955
-1200
-1405
-1634
-1884
-2183
-2388
-2508
-2483
-2345
-2115
-1837
-1496
-1076
-676
-265
127
481
695
891
1103
1234
1286
1358
1500
1629
1717
1912
2127
2398
2563
2747
2901
2979
2970
2864
2735
2422
2036
1567
1088
493
-80
-583
-957
-1296
-1570
-1714
-1760
-1704
-1623
-1410
-1214
-1026
-868
-689
-567
-561
-651
-805
-1012
-1242
-1473
-1714
-1967
-2246
-2468
-2610
-2584
-2440
-2219
-1952
-1611
-1163
-731
-293
124
511
780
987
1203
1353
1409
1475
1624
1734
1824
1956
2236
2430
2613
2747
2935
3010
2976
2912
2743
2481
2028
1623
1105
553
-74
-555
-961
-1300
-1555
-1692
-1724
-1740
-1644
-1497
-1259
-1116
-936
-778
-647
-642
-723
-847
-1037
-1244
-1485
-1715
-2001
-2246
-2502
-2638
-2672
-2517
-2302
-2052
-1708
-1274
-763
-330
132
522
843
1070
1288
1464
1543
1610
1730
1856
1904
2026
2235
2483
2600
2742
2896
2999
2985
2896
2784
2480
2103
1634
1198
603
-10
-557
-973
-1323
-1602
-1733
-1790
-1785
-1749
-1572
-1396
-1190
-1039
-833
-698
-678
-717
-820
-946
-1177
-1398
-1657
-1913
-2199
-2440
-2642
-2705
-2619
-2413
-2167
-1864
-1408
-923
-407
31
482
830
1095
1349
1556
1698
1743
1845
1954
2012
2069
2240
2452
2614
2705
2841
2954
2964
2930
2790
2586
2185
1793
1317
781
147
-433
-878
-1256
-1552
-1751
-1810
-1824
-1761
-1647
-1440
-1272
-1064
-882
-717
-666
-717
-759
-907
-1104
-1388
-1635
-1903
-2199
-2472
-2705
-2823
-2788
-2628
-2388
-2096
-1681
-1167
-668
-163
292
713
1012
1296
1578
1750
1829
1900
2031
2108
2136
2269
2494
2670
2774
2882
3015
3061
3029
2953
2756
2441
2016
1581
1050
439
-156
-649
-1048
-1407
-1662
-1789
-1812
-1791
-1694
-1541
-1354
-1183
-999
-834
-770
-796
-877
-974
-1190
-1453
-1729
-1997
-2271
-2570
-2795
-2953
-2967
-2836
-2631
-2324
-1941
-1436
-917
-401
117
564
937
1239
1562
1782
1879
1965
2102
2211
2260
2364
2598
2792
2914
3024
3152
3211
3166
3083
2918
2622
2202
1745
1240
651
56
-458
-883
-1244
-1551
-1697
-1772
-1748
-1701
-1554
-1373
-1222
-1051
-921
-808
-854
-929
-1042
-1208
-1472
-1760
-2030
-2291
-2563
-2808
-2972
-3033
-2960
-2773
-2474
-2102
-1633
-1131
-589
-70
411
807
1157
1479
1725
1858
1945
2083
2202
2290
2393
2570
2775
2904
3026
3139
3194
3166
3062
2925
2654
2264
1806
1307
772
167
-343
-790
-1156
-1450
-1662
-1726
-1768
-1687
-1578
-1409
-1253
-1134
-972
-901
-873
-947
-1038
-1183
-1429
-1683
-1955
-2191
-2437
-2669
-2844
-2955
-2896
-2730
-2439
-2103
-1674
-1191
-677
-157
343
785
1150
1496
1780
1978
2066
2202
2339
2479
2541
2685
2824
2975
3064
3141
3208
3130
3074
2879
2690
2271
1835
1349
810
254
-352
-772
-1205
-1505
-1777
-1898
-1931
-1903
-1784
-1660
-1507
-1369
-1247
-1133
-1088
-1088
-1144
-1295
-1465
-1708
-1913
-2168
-2375
-2589
-2785
-2887
-2863
-2646
-2437
-2116
-1758
-1270
-806
-294
232
710
1101
1432
1797
2024
2179
2278
2492
2623
2736
2796
2984
3101
3199
3261
3303
3300
3142
3050
2769
2478
1961
1535
1012
436
-143
-680
-1050
-1475
-1739
-1951
-1970
-1980
-1906
-1778
-1621
-1477
-1358
-1237
-1141
-1102
-1160
-1251
-1434
-1614
-1869
-2097
-2342
-2576
-2769
-2916
-2852
-2724
-2488
-2278
-1915
-1484
-1015
-512
-15
507
873
1232
1541
1849
2013
2165
2349
2539
2655
2761
2935
3126
3232
3290
3359
3356
3277
3093
2899
2562
2137
1644
1163
611
3
-526
-967
-1330
-1674
-1873
-1935
-1914
-1865
-1737
-1557
-1396
-1283
-1147
-1015
-955
-1007
-1116
-1244
-1456
-1714
-1996
-2246
-2486
-2727
-2867
-2895
-2763
-2611
-2381
-2056
-1638
-1148
-691
-150
318
743
1051
1376
1674
1878
2045
2204
2423
2533
2680
2839
3076
3195
3255
3310
3344
3293
3113
2932
2609
2241
1719
1264
704
135
-435
-880
-1232
-1582
-1790
-1915
-1870
-1845
-1718
-1578
-1411
-1282
-1154
-1011
-957
-977
-1095
-1209
-1398
-1649
-1945
-2197
-2429
-2663
-2857
-2936
-2857
-2719
-2499
-2193
-1754
-1303
-816
-315
198
628
972
1332
1652
1912
2072
2280
2470
2632
2735
2929
3127
3258
3295
3327
3368
3292
3172
2942
2710
2288
1860
1339
836
239
-318
-778
-1167
-1468
-1750
-1840
-1885
-1808
-1747
-1593
-1460
-1307
-1169
-1046
-961
-1001
-1082
-1229
-1390
-1652
-1930
-2205
-2449
-2692
-2918
-3021
-2995
-2856
-2655
-2329
-1921
-1461
-1005
-499
7
455
839
1233
1609
1890
2106
2322
2562
2704
2852
3021
3244
3352
3393
3441
3439
3400
3211
3072
2759
2423
1934
1481
943
341
-203
-718
-1065
-1457
-1656
-1828
-1818
-1817
-1726
-1593
-1469
-1320
-1209
-1047
-1003
-1004
-1123
-1253
-1462
-1711
-1980
-2259
-2507
-2782
-2982
-3110
-3079
-2969
-2745
-2447
-2042
-1601
-1148
-662
-168
296
699
1109
1506
1840
2084
2335
2579
2794
2927
3113
3305
3469
3520
3566
3587
3538
3399
3172
2926
2533
2103
1578
1067
471
-119
-631
-1056
-1382
-1660
-1793
-1854
-1805
-1738
-1619
-1494
-1375
-1242
-1129
-1035
-1039
-1121
-1282
-1487
-1721
-1984
-2243
-2495
-2737
-2960
-3101
-3085
-2958
-2763
-2494
-2111
-1676
-1232
-780
-283
185
571
967
1370
1739
1976
2227
2502
2751
2911
3072
3300
3460
3564
3588
3673
3616
3486
3259
3005
2651
2158
1671
1130
578
-55
-576
-1014
-1356
-1645
-1798
-1846
-1833
-1761
-1647
-1514
-1410
-1286
-1146
-1046
-1039
-1104
-1249
-1430
-1671
-1905
-2153
-2375
-2606
-2841
-3009
-3031
-2898
-2716
-2463
-2126
-1677
-1257
-796
-320
148
525
867
1293
1630
1895
2084
2394
2638
2823
2990
3217
3431
3497
3594
3625
3651
3456
3260
3007
2656
2191
1643
1172
586
4
-580
-1001
-1370
-1661
-1844
-1895
-1881
-1838
-1716
-1569
-1424
-1300
-1129
-1001
-966
-1045
-1155
-1331
-1542
-1797
-2025
-2242
-2490
-2735
-2962
-3013
-2936
-2755
-2545
-2222
-1825
-1376
-927
-447
29
409
774
1147
1541
1782
2015
2259
2549
2746
2926
3171
3386
3547
3599
3711
3698
3602
3384
3149
2855
2397
1920
1379
882
280
-274
-754
-1135
-1427
-1649
-1734
-1743
-1701
-1630
-1495
-1350
-1207
-1078
-947
-922
-998
-1161
-1340
-1568
-1836
-2106
-2368
-2606
-2918
-3160
-3312
-3261
-3144
-2948
-2674
-2294
-1852
-1408
-898
-417
49
425
845
1251
1570
1824
2108
2425
2692
2917
3163
3452
3641
3787
3887
3977
3924
3777
3584
3289
2938
2432
1960
1408
850
271
-266
-695
-1082
-1324
-1509
-1569
-1589
-1548
-1468
-1379
-1271
-1163
-1076
-1054
-1123
-1275
-1466
-1713
-1965
-2254
-2538
-2815
-3079
-3355
-3537
-3568
-3469
-3284
-3047
-2663
-2224
-1757
-1289
-754
-258
172
590
1020
1418
1665
1973
2334
2666
2928
3177
3502
3776
3932
4087
4218
4278
4165
4005
3780
3406
2963
2396
1906
1265
641
43
-487
-905
-1314
-1527
-1686
-1728
-1749
-1686
-1583
-1512
-1414
-1326
-1268
-1312
-1426
-1607
-1805
-2084
-2351
-2634
-2890
-3142
-3389
-3578
-3638
-3546
-3392
-3107
-2769
-2280
-1804
-1321
-795
-286
177
564
1016
1413
1737
1968
2332
2717
2988
3263
3547
3904
4102
4218
4376
4460
4445
4244
4061
3731
3263
2710
2096
1542
784
126
-476
-950
-1370
-1758
-1925
-2032
-2033
-2019
-1892
-1756
-1658
-1558
-1475
-1455
-1557
-1708
-1910
-2133
-2429
-2702
-2946
-3170
-3398
-3596
-3672
-3595
-3409
-3160
-2783
-2340
-1797
-1281
-755
-194
252
683
1062
1509
1845
2101
2377
2733
3069
3286
3599
3887
4182
4280
4391
4485
4460
4346
4114
3882
3426
2912
2312
1710
1036
273
-333
-873
-1303
-1700
-1976
-2094
-2145
-2104
-1994
-1840
-1707
-1585
-1489
-1440
-1509
-1636
-1810
-2054
-2328
-2619
-2885
-3135
-3381
-3602
-3751
-3749
-3601
-3348
-3047
-2629
-2140
-1584
-1049
-504
42
460
895
1268
1700
1982
2249
2549
2871
3158
3390
3727
3988
4219
4295
4429
4425
4365
4201
3986
3676
3180
2683
2065
1455
698
44
-537
-1014
-1426
-1752
-1931
-2047
-2028
-1971
-1819
-1706
-1573
-1448
-1378
-1371
-1473
-1605
-1819
-2088
-2374
-2661
-2935
-3200
-3451
-3669
-3766
-3690
-3495
-3209
-2894
-2428
-1931
-1386
-859
-304
193
593
1011
1393
1783
2025
2317
2603
2899
3137
3428
3754
4021
4209
4333
4458
4401
4335
4120
3908
3501
3019
2474
1821
1149
363
-228
-832
-1245
-1656
-1891
-2018
-2092
-2023
-1974
-1798
-1698
-1541
-1438
-1370
-1380
-1488
-1655
-1893
-2158
-2461
-2761
-3032
-3276
-3506
-3694
-3724
-3579
-3360
-3055
-2707
-2211
-1705
-1177
-652
-115
339
740
1133
1519
1860
2113
2401
2663
2953
3190
3518
3813
4100
4287
4431
4518
4462
4379
4136
3870
3427
2944
2326
1648
943
195
-400
-985
-1354
-1722
-1904
-1998
-2015
-1936
-1872
-1687
-1559
-1415
-1354
-1323
-1366
-1522
-1742
-2004
-2294
-2643
-2973
-3232
-3464
-3681
-3834
-3790
-3617
-3389
-3079
-2664
-2159
-1651
-1141
-596
-67
342
756
1150
1550
1848
2116
2423
2706
2988
3246
3583
3892
4142
4341
4477
4555
4494
4360
4146
3806
3372
2817
2209
1530
816
128
-472
-971
-1364
-1664
-1840
-1888
-1882
-1808
-1702
-1531
-1383
-1298
-1257
-1282
-1361
-1562
-1804
-2076
-2388
-2749
-3066
-3301
-3528
-3719
-3829
-3717
-3542
-3293
-2971
-2509
-2030
-1550
-1038
-495
6
368
791
1187
1557
1811
2086
2416
2705
2956
3230
3545
3850
4044
4256
4400
4449
4375
4191
4001
3604
3166
2571
1988
1323
615
3
-579
-1002
-1411
-1652
-1808
-1836
-1812
-1742
-1592
-1441
-1290
-1232
-1201
-1245
-1357
-1562
-1811
-2086
-2397
-2731
-3016
-3260
-3483
-3664
-3734
-3614
-3436
-3150
-2810
-2352
-1892
-1399
-877
-350
115
498
910
1293
1607
1865
2154
2482
2781
3026
3326
3601
3914
4102
4340
4449
4461
4368
4143
3917
3447
2993
2352
1764
1071
383
-209
-785
-1181
-1573
-1755
-1907
-1921
-1900
-1806
-1637
-1482
-1326
-1270
-1246
-1309
-1439
-1649
-1896
-2163
-2457
-2768
-3032
-3286
-3509
-3699
-3725
-3596
-3391
-3107
-2736
-2256
-1792
-1289
-767
-223
205
608
1003
1397
1662
1919
2231
2588
2883
3118
3451
3745
4057
4215
4464
4530
4530
4381
4182
3914
3411
2930
2289
1722
957
307
-301
-813
-1244
-1601
-1736
-1879
-1888
-1902
-1743
-1595
-1441
-1315
-1235
-1227
-1351
-1496
-1697
-1922
-2235
-2537
-2825
-3079
-3378
-3629
-3784
-3766
-3650
-3444
-3140
-2731
-2258
-1796
-1266
-736
-224
172
595
1017
1388
1633
1905
2252
2614
2880
3158
3493
3826
4069
4230
4425
4475
4471
4297
4150
3814
3376
2836
2256
1656
903
272
-358
-800
-1271
-1558
-1730
-1805
-1821
-1820
-1662
-1540
-1351
-1271
-1179
-1226
-1342
-1506
-1720
-1944
-2281
-2566
-2880
-3111
-3410
-3638
-3764
-3726
-3549
-3350
-3013
-2627
-2134
-1678
-1168
-645
-184
229
618
1062
1414
1672
1949
2283
2654
2913
3213
3540
3848
4081
4188
4360
4366
4365
4192
3998
3688
3219
2731
2099
1534
797
194
-402
-875
-1262
-1574
-1685
-1790
-1749
-1744
-1611
-1477
-1318
-1207
-1189
-1222
-1364
-1521
-1755
-2002
-2320
-2624
-2909
-3149
-3404
-3648
-3751
-3694
-3494
-3290
-2969
-2568
-2105
-1638
-1149
-598
-153
259
657
1123
1493
1746
2046
2371
2732
2973
3297
3612
3898
4103
4223
4389
4373
4334
4161
3947
3601
3110
2603
1984
1379
674
75
-490
-970
-1344
-1624
-1741
-1819
-1790
-1740
-1619
-1475
-1325
-1223
-1214
-1262
-1389
-1571
-1782
-2043
-2333
-2633
-2898
-3113
-3357
-3600
-3701
-3616
-3424
-3197
-2887
-2458
-2030
-1532
-1041
-483
-48
344
779
1193
1565
1784
2118
2401
2725
2970
3283
3582
3812
4056
4190
4358
4313
4290
4120
3871
3491
2986
2483
1839
1229
534
-44
-596
-1051
-1403
-1672
-1779
-1828
-1779
-1711
-1568
-1407
-1266
-1173
-1164
-1202
-1343
-1532
-1726
-1984
-2275
-2575
-2830
-3062
-3327
-3570
-3647
-3569
-3379
-3134
-2801
-2362
-1942
-1412
-923
-365
54
462
896
1247
1567
1767
2106
2347
2643
2875
3182
3437
3645
3886
4045
4200
4154
4170
3986
3746
3330
2865
2364
1733
1124
422
-123
-679
-1089
-1444
-1678
-1757
-1759
-1684
-1615
-1433
-1255
-1110
-1030
-1013
-1045
-1217
-1435
-1636
-1910
-2223
-2550
-2804
-3055
-3339
-3586
-3636
-3538
-3349
-3103
-2753
-2287
-1873
-1361
-892
-326
71
462
876
1211
1488
1660
2000
2261
2560
2775
3104
3364
3585
3816
4008
4166
4125
4143
3953
3726
3278
2862
2376
1752
1122
411
-101
-679
-1078
-1432
-1613
-1681
-1666
-1557
-1472
-1278
-1131
-965
-890
-879
-947
-1127
-1356
-1593
-1904
-2231
-2555
-2836
-3097
-3394
-3628
-3699
-3596
-3401
-3160
-2836
-2386
-1960
-1476
-1019
-487
-85
284
686
1035
1327
1528
1856
2155
2462
2719
3057
3347
3593
3842
4053
4207
4182
4175
4009
3780
3374
2966
2488
1857
1232
519
5
-559
-968
-1312
-1500
-1554
-1548
-1444
-1355
-1166
-1042
-911
-852
-855
-949
-1124
-1366
-1614
-1946
-2286
-2612
-2895
-3130
-3416
-3643
-3713
-3581
-3389
-3155
-2871
-2413
-1984
-1525
-1077
-598
-202
128
535
894
1228
1451
1781
2111
2425
2738
3070
3389
3636
3913
4129
4277
4256
4232
4098
3871
3486
3038
2548
1900
1278
551
14
-532
-958
-1297
-1507
-1570
-1602
-1518
-1419
-1235
-1128
-1034
-959
-958
-1061
-1222
-1442
-1680
-2026
-2359
-2652
-2906
-3159
-3405
-3613
-3665
-3529
-3373
-3100
-2845
-2362
-1943
-1475
-1034
-593
-197
109
536
866
1222
1427
1772
2106
2415
2728
3052
3401
3649
3948
4173
4360
4343
4338
4230
4036
3657
3174
2690
2025
1395
644
91
-467
-914
-1273
-1493
-1582
-1662
-1581
-1487
-1295
-1196
-1093
-985
-1000
-1114
-1277
-1463
-1729
-2090
-2420
-2696
-2950
-3265
-3490
-3685
-3747
-3638
-3492
-3169
-2906
-2415
-1983
-1487
-1027
-579
-157
147
582
895
1242
1430
1766
2103
2394
2670
2992
3386
3649
3954
4186
4432
4421
4394
4299
4113
3764
3228
2747
2077
1439
687
100
-441
-908
-1263
-1516
-1597
-1696
-1605
-1532
-1344
-1215
-1106
-997
-1043
-1129
-1283
-1458
-1747
-2078
-2381
-2675
-2969
-3288
-3483
-3683
-3775
-3678
-3483
-3169
-2893
-2413
-1946
-1451
-998
-525
-87
214
607
943
1272
1459
1750
2078
2362
2611
2931
3329
3626
3923
4167
4407
4416
4349
4253
4038
3707
3167
2660
2002
1347
642
26
-493
-961
-1289
-1570
-1663
-1728
-1626
-1547
-1390
-1227
-1118
-1026
-1077
-1125
-1268
-1451
-1727
-2023
-2312
-2630
-2939
-3218
-3394
-3572
-3641
-3529
-3292
-3000
-2695
-2245
-1783
-1310
-900
-436
-35
276
614
956
1269
1453
1722
2045
2359
2595
2928
3315
3663
3912
4153
4373
4399
4318
4161
3972
3596
3076
2493
1872
1205
492
-110
-632
-1059
-1424
-1673
-1762
-1785
-1684
-1577
-1409
-1253
-1143
-1055
-1076
-1131
-1280
-1462
-1711
-2020
-2314
-2627
-2904
-3170
-3348
-3475
-3503
-3389
-3165
-2867
-2535
-2127
-1698
-1219
-832
-404
-49
295
623
902
1197
1409
1702
1980
2298
2574
2942
3276
3623
3871
4125
4322
4350
4338
4165
3993
3570
3099
2501
1874
1204
481
-75
-630
-1034
-1400
-1606
-1688
-1702
-1590
-1454
-1264
-1126
-1010
-938
-956
-1036
-1206
-1413
-1680
-2016
-2334
-2676
-2949
-3226
-3421
-3562
-3591
-3464
-3270
-2983
-2652
-2215
-1803
-1332
-940
-477
-134
187
518
810
1114
1314
1631
1928
2258
2539
2925
3283
3631
3880
4147
4373
4413
4403
4247
4073
3647
3144
2546
1897
1195
454
-113
-648
-1068
-1425
-1625
-1703
-1711
-1607
-1449
-1253
-1125
-1019
-961
-979
-1076
-1247
-1455
-1722
-2057
-2369
-2684
-2939
-3203
-3380
-3501
-3498
-3364
-3151
-2853
-2506
-2051
-1652
-1174
-784
-322
1
295
620
905
1189
1369
1684
1989
2294
2560
2933
3313
3638
3875
4133
4342
4378
4292
4146
3932
3512
2956
2345
1706
957
229
-371
-847
-1275
-1630
-1811
-1877
-1845
-1764
-1578
-1365
-1216
-1116
-1045
-1018
-1100
-1256
-1456
-1685
-1991
-2296
-2565
-2776
-3021
-3198
-3295
-3222
-3093
-2879
-2564
-2190
-1752
-1408
-939
-541
-132
131
405
728
974
1199
1394
1721
2009
2272
2566
2950
3331
3623
3884
4132
4265
4259
4129
3990
3684
3250
2692
2085
1419
647
-18
-608
-1072
-1496
-1786
-1924
-1971
-1912
-1796
-1585
-1392
-1222
-1103
-1015
-988
-1064
-1198
-1407
-1636
-1913
-2193
-2436
-2647
-2866
-3025
-3110
-3022
-2883
-2655
-2353
-1982
-1568
-1227
-812
-433
-69
175
425
712
958
1162
1361
1651
1939
2214
2520
2886
3269
3569
3823
4010
4109
4106
3977
3809
3476
3074
2515
1901
1225
516
-113
-699
-1137
-1517
-1752
-1888
-1883
-1789
-1654
-1465
-1274
-1083
-992
-937
-925
-1003
-1188
-1445
-1675
-1936
-2246
-2499
-2695
-2870
-3051
-3113
-2987
-2816
-2595
-2294
-1844
-1442
-1097
-728
-302
27
224
486
795
1054
1180
1401
1691
1981
2200
2519
2924
3279
3530
3750
3961
4029
4000
3868
3723
3371
2922
2354
1748
1076
362
-221
-777
-1178
-1553
-1744
-1840
-1821
-1710
-1574
-1365
-1200
-1020
-932
-897
-921
-1049
-1240
-1525
-1780
-2059
-2358
-2588
-2809
-2939
-3100
-3089
-2977
-2770
-2503
-2173
-1700
-1341
-947
-620
-215
55
279
571
843
1095
1225
1506
1763
2040
2288
2651
3066
3349
3617
3831
4044
4058
4015
3905
3695
3300
2774
2240
1590
903
197
-344
-862
-1286
-1621
-1790
-1847
-1853
-1728
-1569
-1356
-1208
-1046
-935
-916
-976
-1137
-1315
-1588
-1870
-2160
-2434
-2647
-2882
-3009
-3124
-3063
-2944
-2718
-2418
-2058
-1616
-1268
-867
-549
-184
65
334
617
861
1088
1282
1585
1841
2143
2464
2863
3248
3532
3828
4034
4194
4189
4135
3963
3644
3207
2648
2077
1364
688
15
-519
-1016
-1412
-1698
-1877
-1911
-1890
-1742
-1601
-1406
-1251
-1119
-1056
-1075
-1162
-1335
-1530
-1780
-2047
-2334
-2582
-2774
-2959
-3107
-3151
-3032
-2848
-2609
-2293
-1868
-1448
-1079
-695
-308
29
279
559
832
1052
1211
1453
1753
2022
2303
2656
3074
3413
3687
3959
4162
4247
4204
4114
3884
3499
3014
2456
1842
1088
412
-196
-701
-1179
-1549
-1772
-1915
-1935
-1889
-1708
-1563
-1420
-1278
-1169
-1138
-1217
-1333
-1487
-1678
-1944
-2222
-2464
-2682
-2879
-3064
-3178
-3128
-2993
-2782
-2502
-2123
-1676
-1269
-854
-439
-29
258
537
829
1068
1239
1379
1656
1920
2152
2421
2794
3175
3457
3721
3960
4142
4145
4077
3960
3683
3260
2736
2163
1487
738
70
-476
-976
-1436
-1760
-1938
-2039
-2035
-1939
-1745
-1599
-1473
-1325
-1219
-1213
-1297
-1396
-1535
-1733
-2007
-2248
-2454
-2651
-2836
-2968
-3009
-2902
-2740
-2481
-2141
-1726
-1285
-875
-447
-52
318
562
845
1105
1305
1448
1603
1864
2084
2301
2567
2917
3229
3471
3710
3907
4015
3964
3860
3680
3339
2851
2279
1655
944
207
-425
-955
-1426
-1835
-2116
-2241
-2282
-2210
-2076
-1859
-1684
-1508
-1356
-1250
-1208
-1261
-1336
-1479
-1658
-1912
-2127
-2310
-2468
-2617
-2733
-2711
-2562
-2363
-2086
-1728
-1293
-888
-500
-102
265
549
740
1021
1242
1401
1495
1688
1923
2116
2314
2588
2928
3156
3397
3601
3788
3800
3735
3599
3348
2936
2380
1828
1141
447
-267
-819
-1326
-1746
-2066
-2272
-2308
-2295
-2138
-1972
-1731
-1528
-1315
-1166
-1074
-1014
-1056
-1141
-1317
-1496
-1723
-1921
-2100
-2249
-2388
-2493
-2433
-2271
-2053
-1791
-1446
-1033
-665
-305
41
360
573
748
988
1166
1282
1366
1570
1773
1940
2127
2413
2730
2946
3174
3371
3531
3522
3449
3295
3013
2574
2024
1476
820
163
-488
-975
-1403
-1760
-2023
-2141
-2104
-2040
-1889
-1717
-1460
-1259
-1087
-957
-857
-831
-921
-1034
-1197
-1381
-1627
-1816
-1983
-2158
-2334
-2402
-2291
-2145
-1950
-1693
-1314
-945
-609
-250
96
370
527
741
958
1096
1156
1280
1472
1610
1735
1958
2284
2554
2777
3008
3241
3332
3338
3282
3149
2840
2381
1893
1333
721
62
-474
-923
-1313
-1640
-1843
-1879
-1865
-1766
-1628
-1413
-1190
-1000
-841
-727
-663
-702
-814
-969
-1161
-1397
-1658
-1875
-2088
-2298
-2469
-2491
-2377
-2238
-2023
-1738
-1349
-1005
-654
-283
29
269
433
690
876
979
1058
1216
1389
1508
1701
2007
2345
2587
2845
3098
3296
3332
3361
3318
3126
2766
2307
1844
1232
617
8
-458
-902
-1290
-1555
-1716
-1763
-1769
-1620
-1466
-1261
-1056
-856
-714
-651
-622
-695
-830
-1043
-1270
-1525
-1815
-2070
-2318
-2507
-2659
-2647
-2506
-2328
-2069
-1774
-1363
-1008
-644
-286
9
247
442
697
866
962
1075
1245
1427
1609
1871
2226
2545
2812
3058
3293
3427
3451
3481
3370
3117
2714
2271
1754
1124
511
-59
-513
-959
-1327
-1576
-1728
-1786
-1757
-1602
-1462
-1266
-1058
-885
-775
-731
-729
-848
-1008
-1235
-1497
-1761
-2055
-2301
-2545
-2717
-2813
-2715
-2529
-2308
-2001
-1651
-1211
-856
-474
-93
214
429
667
916
1067
1145
1278
1478
1661
1866
2157
2527
2821
3068
3266
3481
3548
3549
3516
3339
3036
2580
2134
1564
941
297
-246
-699
-1156
-1525
-1759
-1867
-1913
-1875
-1756
-1605
-1417
-1228
-1079
-978
-941
-967
-1086
-1223
-1452
-1713
-1932
-2188
-2429
-2652
-2802
-2800
-2652
-2467
-2188
-1860
-1439
-1017
-639
-227
162
455
659
959
1161
1281
1349
1506
1704
1834
2039
2346
2679
2932
3137
3344
3509
3528
3538
3455
3261
2898
2456
2007
1409
786
144
-353
-859
-1316
-1669
-1867
-1959
-2011
-1958
-1868
-1681
-1515
-1318
-1170
-1084
-1031
-1066
-1149
-1285
-1506
-1735
-1937
-2182
-2428
-2631
-2765
-2693
-2552
-2364
-2061
-1734
-1255
-864
-453
-43
326
595
818
1146
1290
1402
1474
1655
1824
1912
2130
2410
2698
2906
3096
3305
3393
3420
3425
3321
3083
2696
2277
1803
1197
576
-3
-509
-1012
-1431
-1728
-1906
-1995
-2017
-1938
-1831
-1622
-1455
-1259
-1123
-1055
-1005
-1067
-1156
-1329
-1544
-1777
-1999
-2248
-2502
-2685
-2784
-2679
-2549
-2343
-2039
-1677
-1196
-807
-368
29
384
651
929
1241
1380
1514
1635
1839
1983
2081
2312
2558
2807
2993
3188
3347
3382
3427
3382
3245
2938
2559
2124
1610
1004
394
-141
-688
-1142
-1533
-1798
-1984
-2070
-2046
-1955
-1817
-1619
-1430
-1252
-1127
-1067
-1039
-1112
-1237
-1435
-1640
-1884
-2108
-2365
-2599
-2743
-2793
-2668
-2519
-2259
-1959
-1548
-1105
-686
-244
132
490
753
1064
1307
1461
1592
1746
1932
2059
2206
2447
2689
2917
3114
3306
3414
3456
3485
3393
3207
2848
2480
2000
1463
840
242
-293
-854
-1274
-1657
-1892
-2076
-2121
-2068
-1964
-1794
-1613
-1403
-1241
-1121
-1068
-1070
-1150
-1310
-1510
-1712
-1953
-2167
-2427
-2625
-2747
-2742
-2604
-2428
-2128
-1813
-1362
-961
-504
-76
312
640
907
1205
1389
1531
1630
1796
1936
2080
2242
2500
2708
2928
3100
3283
3363
3416
3423
3294
3092
2684
2352
1813
1298
641
74
-481
-1033
-1434
-1831
-2009
-2206
-2184
-2147
-1995
-1815
-1623
-1390
-1236
-1085
-1060
-1064
-1171
-1314
-1519
-1735
-1957
-2174
-2421
-2627
-2724
-2677
-2539
-2367
-2052
-1684
-1226
-834
-358
96
482
778
1057
1360
1521
1646
1747
1933
2066
2203
2380
2628
2823
2997
3158
3315
3382
3409
3379
3245
2995
2608
2253
1714
1173
521
-33
-597
-1121
-1535
-1887
-2068
-2236
-2205
-2160
-1991
-1806
-1593
-1376
-1227
-1100
-1092
-1130
-1252
-1394
-1609
-1842
-2070
-2297
-2544
-2767
-2841
-2781
-2659
-2494
-2167
-1754
-1319
-916
-439
42
412
715
1017
1340
1495
1626
1766
1990
2151
2289
2527
2752
2991
3108
3315
3430
3498
3491
3414
3324
3012
2722
2270
1812
1220
622
82
-483
-930
-1402
-1668
-1927
-2027
-2070
-2017
-1874
-1716
-1505
-1372
-1221
-1179
-1165
-1263
-1365
-1528
-1734
-1970
-2217
-2448
-2723
-2916
-3014
-2927
-2826
-2601
-2272
-1844
-1404
-980
-462
-7
418
731
1082
1371
1536
1697
1837
2071
2205
2392
2615
2842
3082
3208
3443
3509
3583
3535
3459
3346
3015
2715
2210
1753
1120
533
-12
-557
-993
-1474
-1729
-1981
-2080
-2139
-2092
-1932
-1793
-1612
-1495
-1360
-1310
-1328
-1394
-1486
-1621
-1806
-2041
-2250
-2502
-2732
-2918
-2977
-2870
-2751
-2459
-2155
-1684
-1262
-778
-267
185
642
937
1319
1539
1750
1879
2014
2208
2309
2524
2685
2938
3127
3296
3502
3559
3643
3569
3522
3333
3008
2647
2139
1638
962
376
-198
-724
-1212
-1670
-1927
-2152
-2259
-2316
-2229
-2060
-1909
-1736
-1585
-1442
-1390
-1416
-1456
-1550
-1698
-1897
-2133
-2334
-2612
-2822
-2989
-2998
-2888
-2749
-2428
-2120
-1627
-1212
-666
-152
314
760
1067
1484
1689
1928
2044
2212
2376
2470
2677
2822
3080
3216
3397
3561
3633
3707
3632
3581
3340
3030
2622
2126
1585
905
313
-294
-820
-1349
-1775
-2055
-2263
-2367
-2415
-2308
-2152
-1967
-1795
-1618
-1473
-1415
-1440
-1505
-1616
-1785
-1993
-2251
-2453
-2723
-2909
-3050
-3012
-2868
-2698
-2370
-2032
-1517
-1102
-541
-44
439
849
1161
1571
1788
2031
2137
2342
2501
2611
2780
2935
3166
3259
3415
3530
3613
3641
3558
3478
3231
2919
2488
2006
1460
815
210
-403
-932
-1456
-1864
-2154
-2344
-2427
-2460
-2342
-2194
-1988
-1812
-1629
-1466
-1391
-1394
-1477
-1591
-1761
-1971
-2215
-2431
-2667
-2849
-2964
-2899
-2751
-2526
-2207
-1814
-1322
-892
-356
112
599
965
1290
1630
1847
2060
2168
2368
2497
2621
2756
2898
3089
3168
3323
3398
3476
3480
3397
3311
3040
2744
2286
1809
1234
602
5
-621
-1140
-1661
-2012
-2294
-2442
-2489
-2461
-2306
-2150
-1927
-1740
-1532
-1379
-1301
-1298
-1364
-1489
-1661
-1867
-2079
-2301
-2546
-2719
-2827
-2744
-2642
-2377
-2056
-1629
-1166
-745
-200
221
704
1012
1362
1635
1806
1992
2083
2279
2347
2496
2633
2775
2964
3056
3260
3322
3399
3412
3337
3258
2943
2681
2200
1708
1099
476
-85
-724
-1218
-1714
-2007
-2275
-2398
-2404
-2335
-2163
-2005
-1772
-1570
-1373
-1242
-1181
-1182
-1257
-1401
-1578
-1798
-2003
-2259
-2510
-2685
-2795
-2715
-2657
-2370
-2064
-1627
-1192
-775
-216
157
641
902
1288
1507
1650
1823
1904
2117
2136
2341
2482
2678
2856
2973
3215
3280
3375
3370
3332
3222
2909
2627
2157
1677
1056
462
-81
-662
-1140
-1605
-1875
-2104
-2215
-2229
-2156
-1998
-1822
-1621
-1418
-1241
-1126
-1101
-1130
-1220
-1378
-1574
-1832
-2036
-2316
-2545
-2726
-2808
-2703
-2631
-2317
-2030
-1558
-1139
-703
-185
177
651
863
1253
1420
1594
1728
1808
2034
2074
2318
2440
2691
2858
3000
3213
3275
3386
3340
3303
3137
2841
2521
2051
1581
962
400
-161
-697
-1161
-1591
-1853
-2065
-2154
-2180
-2094
-1941
-1749
-1542
-1343
-1163
-1077
-1061
-1114
-1229
-1404
-1641
-1911
-2137
-2432
-2661
-2855
-2896
-2787
-2682
-2362
-2058
-1558
-1163
-688
-208
189
626
839
1249
1408
1623
1721
1864
2090
2163
2411
2549
2833
2963
3123
3318
3383
3477
3391
3359
3139
2826
2482
2005
1539
886
352
-229
-747
-1213
-1614
-1837
-2072
-2136
-2169
-2036
-1882
-1684
-1437
-1249
-1072
-1029
-1002
-1088
-1263
-1465
-1719
-1971
-2239
-2534
-2754
-2948
-2959
-2863
-2698
-2389
-2079
-1567
-1187
-686
-253
190
588
823
1214
1367
1619
1685
1888
2091
2200
2440
2593
2913
3032
3235
3412
3493
3577
3466
3438
3161
2866
2475
1977
1492
815
290
-318
-798
-1279
-1650
-1885
-2118
-2149
-2177
-2002
-1863
-1655
-1427
-1255
-1099
-1081
-1076
-1186
-1369
-1569
-1807
-2040
-2301
-2582
-2778
-2959
-2913
-2826
-2631
-2328
-2007
-1475
-1117
-586
-172
300
644
906
1275
1415
1673
1712
1955
2095
2204
2442
2609
2942
3030
3277
3431
3513
3585
3488
3483
3172
2917
2501
2004
1468
787
251
-370
-850
-1366
-1718
-1985
-2182
-2188
-2182
-2010
-1895
-1680
-1472
-1305
-1185
-1168
-1172
-1264
-1429
-1631
-1850
-2098
-2360
-2643
-2832
-2992
-2915
-2849
-2628
-2328
-1971
-1416
-1058
-498
-96
398
702
1027
1363
1518
1760
1794
2045
2121
2253
2468
2660
2935
3018
3263
3401
3475
3542
3485
3467
3172
2924
2509
1988
1413
740
194
-415
-901
-1395
-1711
-1943
-2084
-2065
-2044
-1891
-1769
-1551
-1364
-1222
-1128
-1107
-1105
-1211
-1390
-1626
-1863
-2152
-2447
-2739
-2943
-3090
-3026
-2982
-2736
-2448
-2049
-1526
-1161
-606
-211
297
579
976
1259
1475
1682
1753
2009
2076
2268
2458
2707
2918
3046
3257
3408
3474
3529
3499
3430
3175
2871
2464
1924
1342
695
164
-395
-867
-1319
-1599
-1771
-1905
-1885
-1854
-1712
-1569
-1380
-1227
-1108
-1037
-1024
-1034
-1184
-1394
-1654
-1902
-2196
-2500
-2781
-2977
-3100
-3038
-2967
-2706
-2422
-2018
-1549
-1168
-649
-267
213
469
875
1112
1349
1527
1641
1915
2016
2257
2458
2760
2960
3127
3320
3477
3547
3574
3545
3426
3185
2837
2432
1917
1337
709
195
-345
-818
-1271
-1573
-1721
-1878
-1872
-1832
-1692
-1534
-1377
-1241
-1133
-1069
-1089
-1131
-1289
-1505
-1766
-2003
-2264
-2549
-2829
-3020
-3103
-3029
-2922
-2672
-2381
-1979
-1528
-1115
-617
-244
200
462
841
1074
1292
1483
1631
1902
2033
2286
2492
2801
3017
3191
3383
3511
3618
3625
3597
3463
3232
2903
2494
1994
1413
798
274
-277
-784
-1236
-1590
-1758
-1914
-1931
-1883
-1757
-1587
-1437
-1303
-1207
-1147
-1172
-1248
-1390
-1585
-1838
-2064
-2323
-2615
-2889
-3091
-3148
-3071
-2953
-2707
-2404
-1976
-1522
-1073
-587
-183
250
550
915
1168
1391
1596
1779
2020
2163
2407
2611
2907
3117
3287
3476
3572
3687
3686
3640
3479
3233
2898
2473
1947
1357
764
215
-329
-869
-1289
-1643
-1835
-1975
-2006
-1941
-1835
-1675
-1528
-1396
-1308
-1262
-1269
-1350
-1485
-1650
-1881
-2105
-2371
-2667
-2905
-3095
-3144
-3074
-2946
-2695
-2396
-1963
-1546
-1079
-629
-193
240
554
928
1181
1448
1641
1858
2078
2245
2501
2706
3005
3192
3375
3547
3631
3723
3700
3646
3448
3194
2826
2406
1871
1275
729
167
-336
-871
-1254
-1568
-1769
-1900
-1944
-1876
-1796
-1665
-1545
-1425
-1350
-1313
-1316
-1385
-1518
-1677
-1882
-2119
-2365
-2647
-2852
-3013
-3066
-2986
-2853
-2589
-2314
-1900
-1524
-1086
-653
-230
211
512
889
1138
1418
1606
1819
2053
2226
2493
2681
2978
3151
3336
3495
3559
3642
3592
3550
3331
3085
2715
2296
1784
1191
682
116
-358
-868
-1214
-1513
-1705
-1826
-1865
-1792
-1738
-1590
-1489
-1349
-1297
-1245
-1232
-1303
-1413
-1594
-1749
-2005
-2237
-2502
-2712
-2859
-2948
-2851
-2741
-2494
-2251
-1887
-1518
-1157
-720
-342
92
381
724
1002
1247
1476
1663
1937
2099
2351
2550
2822
3024
3171
3360
3418
3520
3475
3457
3299
3057
2740
2330
1877
1300
792
240
-235
-729
-1094
-1385
-1580
-1709
-1761
-1696
-1640
-1491
-1401
-1259
-1211
-1163
-1156
-1226
-1317
-1491
-1647
-1903
-2149
-2423
-2661
-2827
-2932
-2865
-2772
-2581
-2346
-2036
-1668
-1344
-907
-514
-113
196
506
846
1077
1353
1564
1861
2056
2274
2540
2782
3033
3156
3376
3479
3558
3553
3522
3448
3181
2896
2489
2061
1502
945
426
-96
-581
-998
-1281
-1496
-1667
-1738
-1716
-1653
-1559
-1475
-1345
-1299
-1271
-1282
-1323
-1409
-1567
-1708
-1932
-2161
-2438
-2663
-2819
-2930
-2893
-2805
-2639
-2432
-2165
-1787
-1460
-1032
-652
-239
97
380
756
1004
1335
1532
1846
2081
2298
2581
2796
3109
3209
3425
3525
3614
3628
3546
3526
3258
3014
2572
2183
1669
1111
609
70
-345
-801
-1085
-1338
-1503
-1613
-1668
-1618
-1564
-1485
-1424
-1370
-1338
-1361
-1417
-1504
-1616
-1761
-1977
-2183
-2422
-2648
-2840
-2954
-2943
-2891
-2784
-2595
-2332
-1990
-1672
-1259
-852
-459
-103
215
628
900
1225
1474
1794
2065
2291
2612
2861
3171
3304
3517
3645
3721
3745
3674
3644
3389
3132
2725
2329
1824
1268
761
237
-189
-640
-953
-1229
-1426
-1566
-1644
-1618
-1575
-1518
-1467
-1412
-1371
-1387
-1438
-1511
-1617
-1754
-1952
-2130
-2350
-2573
-2770
-2886
-2918
-2893
-2820
-2648
-2410
-2123
-1801
-1437
-1032
-682
-302
30
412
709
1003
1303
1571
1889
2139
2479
2759
3049
3273
3465
3640
3720
3801
3756
3703
3501
3239
2893
2469
1995
1451
932
407
-39
-485
-847
-1143
-1368
-1510
-1584
-1570
-1515
-1463
-1409
-1351
-1310
-1315
-1367
-1438
-1562
-1695
-1885
-2066
-2298
-2524
-2710
-2839
-2908
-2908
-2838
-2700
-2494
-2238
-1904
-1570
-1180
-822
-428
-91
259
596
882
1201
1435
1788
2062
2387
2680
2963
3244
3418
3626
3721
3823
3785
3724
3577
3309
2993
2567
2125
1586
1053
529
55
-410
-817
-1120
-1359
-1510
-1582
-1567
-1521
-1478
-1424
-1350
-1320
-1328
-1375
-1431
-1546
-1680
-1852
-2042
-2269
-2499
-2663
-2804
-2896
-2927
-2861
-2746
-2578
-2344
-2018
-1686
-1317
-954
-553
-201
140
511
814
1150
1387
1752
2059
2375
2690
2968
3289
3459
3670
3776
3858
3846
3760
3659
3388
3099
2684
2258
1747
1206
704
196
-255
-689
-976
-1222
-1384
-1472
-1477
-1449
-1431
-1383
-1320
-1298
-1323
-1364
-1401
-1500
-1656
-1822
-2011
-2230
-2478
-2658
-2810
-2932
-3010
-2976
-2873
-2742
-2545
-2255
-1913
-1577
-1233
-848
-459
-117
252
578
935
1209
1545
1905
2229
2586
2861
3222
3452
3659
3818
3893
3963
3873
3802
3566
3292
2898
2453
1976
1421
914
381
-56
-497
-809
-1078
-1254
-1374
-1434
-1429
-1417
-1369
-1326
-1293
-1297
-1314
-1356
-1438
-1575
-1717
-1905
-2098
-2315
-2500
-2668
-2811
-2894
-2898
-2827
-2737
-2545
-2305
-1996
-1708
-1368
-997
-636
-299
52
403
710
997
1303
1677
1970
2318
2629
2990
3262
3442
3685
3791
3897
3839
3797
3644
3358
2998
2561
2109
1546
1006
499
57
-385
-729
-1000
-1179
-1322
-1412
-1402
-1371
-1318
-1266
-1201
-1175
-1187
-1241
-1316
-1443
-1582
-1760
-1933
-2132
-2332
-2518
-2681
-2811
-2873
-2834
-2793
-2624
-2445
-2153
-1877
-1566
-1193
-836
-451
-141
255
563
883
1166
1519
1860
2170
2513
2834
3182
3365
3612
3758
3885
3896
3816
3746
3482
3175
2739
2291
1784
1210
705
223
-194
-572
-878
-1080
-1222
-1327
-1365
-1333
-1285
-1230
-1194
-1170
-1167
-1238
-1340
-1469
-1589
-1750
-1934
-2115
-2293
-2494
-2684
-2845
-2938
-2926
-2945
-2793
-2625
-2363
-2100
-1806
-1402
-1061
-645
-335
114
447
779
1095
1439
1829
2095
2490
2798
3179
3380
3616
3817
3914
3965
3877
3861
3615
3342
2958
2533
2057
1478
993
487
53
-359
-673
-913
-1081
-1204
-1263
-1251
-1245
-1201
-1187
-1170
-1189
-1248
-1341
-1470
-1593
-1736
-1920
-2102
-2283
-2507
-2708
-2904
-3032
-3061
-3102
-3015
-2860
-2649
-2382
-2124
-1727
-1369
-955
-600
-165
240
573
951
1286
1723
2018
2423
2778
3140
3433
3631
3876
3982
4062
4011
3992
3826
3561
3231
2804
2364
1794
1284
771
305
-124
-506
-777
-987
-1151
-1255
-1281
-1282
-1262
-1271
-1242
-1249
-1295
-1363
-1459
-1566
-1688
-1866
-2043
-2210
-2445
-2649
-2840
-2971
-3053
-3067
-3042
-2893
-2742
-2485
-2219
-1897
-1509
-1145
-736
-367
93
421
831
1176
1594
1976
2312
2737
3050
3414
3595
3828
3977
4046
4039
3974
3880
3596
3301
2864
2448
1902
1357
867
369
-43
-472
-767
-989
-1168
-1286
-1324
-1317
-1285
-1294
-1252
-1227
-1264
-1297
-1357
-1462
-1579
-1725
-1922
-2085
-2305
-2507
-2705
-2835
-2974
-2990
-2984
-2887
-2754
-2548
-2241
-1990
-1610
-1262
-840
-506
-54
329
698
1090
1433
1875
2179
2578
2893
3256
3499
3675
3861
3941
3966
3870
3802
3556
3284
2875
2466
2008
1460
983
491
87
-324
-655
-880
-1046
-1161
-1211
-1229
-1180
-1182
-1182
-1133
-1159
-1204
-1248
-1336
-1480
-1608
-1786
-1962
-2165
-2362
-2578
-2730
-2892
-2991
-2998
-2966
-2851
-2720
-2427
-2169
-1844
-1491
-1075
-699
-319
152
506
913
1265
1683
2042
2391
2755
3095
3413
3599
3792
3916
3961
3902
3839
3667
3407
3079
2678
2264
1763
1270
795
354
-62
-430
-690
-876
-1037
-1098
-1150
-1146
-1135
-1167
-1138
-1138
-1169
-1216
-1261
-1384
-1521
-1665
-1828
-2019
-2230
-2457
-2670
-2838
-3022
-3088
-3119
-3057
-2972
-2790
-2515
-2230
-1884
-1529
-1086
-731
-289
143
532
927
1304
1749
2106
2497
2867
3246
3533
3712
3907
4006
4034
3972
3879
3689
3402
3060
2648
2224
1715
1232
774
343
-61
-421
-623
-825
-942
-1030
-1062
-1044
-1084
-1102
-1125
-1112
-1158
-1199
-1285
-1399
-1526
-1705
-1873
-2095
-2301
-2570
-2778
-2977
-3119
-3180
-3213
-3121
-3021
-2804
-2539
-2200
-1839
-1463
-1030
-639
-171
248
656
1052
1463
1908
2280
2681
3038
3390
3631
3795
3945
3989
4000
3895
3758
3515
3204
2841
2412
1973
1459
1014
578
185
-210
-523
-710
-882
-977
-1061
-1035
-1022
-1039
-1062
-1068
-1054
-1087
-1127
-1218
-1303
-1453
-1617
-1825
-2049
-2289
-2559
-2785
-3012
-3105
-3189
-3170
-3105
-2970
-2722
-2467
-2093
-1759
-1335
-943
-520
-57
356
787
1143
1605
1995
2405
2762
3105
3426
3611
3795
3864
3929
3873
3778
3592
3328
3018
2641
2252
1773
1329
883
519
126
-219
-494
-691
-823
-943
-961
-973
-939
-976
-974
-979
-987
-1003
-1084
-1153
-1297
-1440
-1625
-1850
-2104
-2392
-2668
-2938
-3154
-3265
-3332
-3308
-3254
-3083
-2817
-2540
-2146
-1790
-1326
-942
-492
-16
410
863
1220
1712
2079
2511
2864
3199
3511
3661
3861
3896
3968
3898
3803
3630
3338
3067
2677
2318
1839
1418
1011
617
267
-96
-322
-552
-693
-794
-844
-841
-878
-876
-898
-903
-931
-983
-1049
-1194
-1334
-1533
-1715
-1967
-2262
-2563
-2896
-3167
-3427
-3530
-3617
-3597
-3527
-3354
-3061
-2780
-2350
-1972
-1482
-1079
-608
-107
334
822
1212
1720
2105
2543
2919
3267
3577
3746
3944
4003
4073
4034
3964
3809
3546
3282
2925
2565
2106
1697
1295
880
503
140
-106
-360
-547
-675
-748
-789
-855
-859
-885
-903
-968
-1028
-1103
-1275
-1455
-1666
-1868
-2170
-2489
-2817
-3153
-3454
-3741
-3826
-3914
-3885
-3794
-3581
-3260
-2982
-2517
-2100
-1572
-1148
-634
-87
358
876
1299
1849
2232
2670
3077
3430
3735
3891
4112
4172
4233
4195
4145
4009
3746
3496
3138
2791
2312
1892
1480
1043
644
242
-30
-337
-573
-771
-876
-947
-1026
-1033
-1056
-1044
-1100
-1162
-1216
-1346
-1530
-1758
-1967
-2266
-2611
-2959
-3293
-3557
-3867
-3974
-4011
-3965
-3846
-3648
-3261
-2978
-2520
-2103
-1538
-1063
-608
-19
422
950
1322
1879
2285
2684
3080
3411
3752
3864
4084
4167
4237
4194
4140
4065
3827
3591
3242
2914
2452
2000
1590
1157
757
347
38
-277
-552
-766
-906
-973
-1045
-1039
-1026
-1037
-1039
-1104
-1164
-1309
-1492
-1738
-2014
-2314
-2695
-3013
-3406
-3657
-3935
-4078
-4103
-4079
-3882
-3735
-3324
-3030
-2555
-2111
-1606
-1042
-637
-37
372
926
1293
1803
2259
2623
3055
3337
3722
3850
4069
4164
4254
4255
4186
4159
3950
3747
3392
3069
2626
2163
1722
1274
867
433
91
-240
-518
-746
-894
-962
-1001
-1006
-961
-967
-977
-1035
-1125
-1281
-1514
-1772
-2096
-2410
-2813
-3141
-3505
-3816
-4055
-4235
-4230
-4245
-4037
-3870
-3512
-3137
-2748
-2220
-1787
-1209
-806
-258
205
691
1156
1572
2124
2476
2922
3250
3643
3892
4076
4285
4364
4461
4392
4383
4261
4049
3740
3390
3016
2517
2067
1579
1153
686
268
-64
-369
-599
-799
-862
-899
-925
-928
-929
-965
-1065
-1192
-1382
-1623
-1936
-2292
-2624
-2991
-3380
-3727
-4049
-4270
-4478
-4482
-4434
-4283
-4014
-3747
-3272
-2897
-2382
-1914
-1396
-896
-451
108
548
1079
1491
2008
2459
2868
3277
3627
3995
4188
4434
4559
4645
4662
4606
4531
4331
4070
3699
3332
2857
2355
1866
1329
858
379
-10
-335
-594
-778
-909
-946
-985
-995
-1023
-1072
-1159
-1294
-1468
-1730
-2010
-2343
-2707
-3039
-3393
-3739
-4057
-4280
-4421
-4506
-4399
-4273
-4008
-3716
-3346
-2892
-2477
-1968
-1533
-999
-573
-85
401
868
1333
1746
2264
2653
3084
3424
3812
4109
4298
4523
4599
4686
4629
4583
4433
4203
3883
3485
3108
2565
2067
1527
1020
540
113
-223
-486
-679
-840
-897
-928
-957
-992
-1030
-1106
-1248
-1425
-1658
-1951
-2278
-2620
-2958
-3280
-3612
-3923
-4147
-4281
-4368
-4340
-4186
-3992
-3709
-3419
-2993
-2608
-2164
-1705
-1251
-753
-368
154
586
1090
1493
1959
2455
2831
3266
3594
4006
4239
4442
4624
4690
4720
4627
4543
4326
4055
3679
3270
2844
2267
1761
1231
767
310
-55
-336
-568
-731
-871
-901
-942
-992
-1057
-1130
-1261
-1474
-1705
-1982
-2305
-2641
-2965
-3262
-3578
-3866
-4093
-4234
-4292
-4336
-4204
-4040
-3803
-3521
-3240
-2781
-2471
-1997
-1589
-1111
-671
-277
289
689
1250
1615
2166
2640
3047
3503
3851
4276
4459
4705
4832
4893
4867
4745
4630
4355
4070
3665
3236
2766
2205
1713
1201
783
347
11
-258
-501
-662
-809
-880
-965
-1059
-1194
-1341
-1526
-1785
-2062
-2353
-2656
-2975
-3276
-3541
-3818
-4058
-4215
-4314
-4338
-4340
-4183
-4028
-3785
-3513
-3260
-2806
-2521
-2044
-1652
-1137
-690
-244
382
813
1434
1813
2427
2919
3348
3822
4177
4600
4750
4991
5070
5088
5022
4865
4716
4388
4050
3628
3175
2661
2114
1636
1119
705
286
-63
-345
-599
-773
-933
-1046
-1180
-1300
-1466
-1653
-1824
-2067
-2321
-2580
-2802
-3078
-3329
-3523
-3727
-3893
-4007
-4032
-4036
-3997
-3843
-3680
-3449
-3194
-2959
-2536
-2238
-1805
-1427
-922
-461
-55
579
1004
1593
1955
2533
3037
3405
3851
4167
4574
4676
4852
4922
4913
4829
4648
4500
4173
3816
3393
2983
2489
1934
1482
993
565
139
-234
-535
-802
-1016
-1214
-1345
-1520
-1675
-1838
-2028
-2181
-2402
-2615
-2831
-3001
-3222
-3424
-3545
-3699
-3810
-3882
-3877
-3858
-3825
-3713
-3534
-3360
-3116
-2899
-2517
-2211
-1837
-1439
-1007
-501
-148
486
942
1498
1925
2452
3023
3374
3834
4129
4561
4697
4830
4942
4946
4900
4717
4611
4318
4002
3598
3209
2789
2234
1765
1295
854
393
-9
-353
-649
-889
-1150
-1312
-1496
-1680
-1848
-2015
-2150
-2351
-2535
-2699
-2839
-3011
-3182
-3276
-3394
-3503
-3548
-3574
-3580
-3550
-3531
-3365
-3239
-3046
-2842
-2548
-2212
-1930
-1529
-1175
-668
-306
229
754
1233
1734
2189
2757
3127
3559
3875
4256
4500
4597
4751
4765
4777
4642
4528
4326
4019
3706
3289
2923
2411
1894
1443
964
498
56
-308
-675
-944
-1220
-1456
-1660
-1847
-1995
-2146
-2256
-2405
-2551
-2648
-2745
-2870
-2997
-3073
-3161
-3280
-3336
-3385
-3451
-3427
-3460
-3407
-3275
-3173
-2949
-2747
-2417
-2132
-1777
-1398
-957
-484
-78
522
979
1517
1969
2452
2948
3345
3755
4052
4419
4573
4742
4808
4830
4807
4641
4545
4218
3945
3546
3129
2653
2066
1578
1042
543
45
-350
-778
-1113
-1412
-1683
-1885
-2075
-2201
-2328
-2361
-2433
-2531
-2579
-2587
-2655
-2773
-2834
-2870
-2960
-3059
-3114
-3157
-3201
-3207
-3236
-3108
-3014
-2868
-2572
-2358
-1994
-1718
-1304
-917
-459
-44
393
954
1339
1860
2172
2707
3115
3445
3814
4093
4409
4469
4654
4680
4691
4569
4471
4335
3964
3702
3259
2828
2268
1708
1177
606
127
-371
-790
-1207
-1507
-1807
-2038
-2178
-2312
-2403
-2446
-2396
-2416
-2478
-2454
-2426
-2533
-2613
-2670
-2754
-2848
-2931
-3001
-3051
-3087
-3091
-3089
-3011
-2868
-2655
-2413
-2181
-1820
-1546
-1143
-802
-383
27
471
939
1310
1811
2160
2713
3052
3436
3820
4132
4401
4478
4684
4701
4735
4596
4523
4319
4039
3742
3212
2789
2227
1661
1079
545
36
-443
-885
-1283
-1545
-1826
-2001
-2106
-2179
-2210
-2220
-2122
-2128
-2216
-2134
-2175
-2281
-2373
-2498
-2617
-2762
-2832
-2951
-3019
-3054
-2993
-3062
-2996
-2744
-2613
-2357
-2180
-1820
-1559
-1232
-930
-595
-126
229
647
989
1522
1899
2366
2797
3172
3594
3862
4189
4290
4410
4489
4480
4358
4160
4042
3714
3352
2919
2417
1895
1334
863
293
-186
-587
-994
-1329
-1573
-1731
-1882
-1921
-1918
-1895
-1851
-1783
-1742
-1746
-1741
-1781
-1859
-1929
-2093
-2227
-2373
-2458
-2540
-2633
-2638
-2697
-2665
-2616
-2458
-2377
-2158
-1955
-1735
-1509
-1307
-981
-741
-308
-68
368
771
1192
1631
2042
2579
2904
3386
3705
4014
4186
4322
4427
4340
4234
4032
3852
3525
3181
2739
2274
1808
1276
774
270
-159
-589
-945
-1251
-1479
-1624
-1723
-1763
-1775
-1743
-1682
-1638
-1598
-1567
-1624
-1636
-1667
-1803
-1940
-2059
-2152
-2280
-2344
-2401
-2436
-2469
-2449
-2409
-2368
-2210
-2113
-1900
-1836
-1615
-1431
-1239
-968
-750
-330
-85
387
745
1235
1659
2077
2618
2971
3387
3675
3996
4111
4197
4183
4093
3957
3699
3460
3155
2819
2374
1978
1550
1082
648
234
-146
-513
-777
-1013
-1195
-1292
-1377
-1433
-1425
-1447
-1437
-1404
-1432
-1472
-1574
-1638
-1746
-1915
-2067
-2192
-2290
-2411
-2447
-2507
-2551
-2554
-2512
-2488
-2460
-2301
-2265
-2103
-2068
-1888
-1711
-1513
-1215
-1010
-571
-278
256
602
1115
1597
2006
2535
2869
3275
3496
3809
3851
3891
3849
3725
3629
3368
3160
2871
2628
2266
1925
1579
1216
878
529
228
-79
-244
-431
-605
-719
-797
-864
-887
-908
-952
-982
-1041
-1100
-1246
-1370
-1474
-1626
-1788
-1911
-1965
-2067
-2135
-2164
-2259
-2283
-2288
-2266
-2322
-2276
-2266
-2211
-2160
-2076
-1861
-1728
-1427
-1191
-764
-445
20
470
903
1418
1760
2273
2605
2975
3139
3355
3449
3434
3451
3293
3253
3070
2943
2723
2514
2277
1998
1739
1423
1138
832
616
342
112
-107
-290
-434
-575
-699
-783
-837
-906
-984
-1093
-1143
-1252
-1366
-1481
-1568
-1662
-1769
-1826
-1917
-2024
-2085
-2180
-2263
-2339
-2382
-2456
-2529
-2525
-2539
-2474
-2457
-2270
-2108
-1869
-1615
-1277
-855
-522
-23
369
909
1280
1713
2102
2401
2671
2795
3013
3019
3118
3060
3084
3049
2961
2910
2779
2715
2504
2328
2108
1916
1633
1368
1123
879
637
386
200
6
-174
-339
-444
-563
-660
-768
-832
-931
-1057
-1168
-1246
-1346
-1504
-1625
-1742
-1873
-2038
-2159
-2303
-2413
-2556
-2634
-2728
-2838
-2838
-2872
-2789
-2759
-2589
-2412
-2170
-1889
-1583
-1148
-811
-307
92
592
988
1367
1744
2010
2299
2454
2674
2781
2918
2971
3041
3116
3149
3184
3162
3131
3021
2870
2683
2476
2196
1923
1634
1378
1081
802
534
291
59
-183
-325
-490
-597
-739
-846
-974
-1115
-1226
-1369
-1493
-1696
-1822
-2004
-2171
-2334
-2492
-2614
-2788
-2870
-2998
-3035
-3148
-3115
-3082
-3030
-2912
-2786
-2501
-2330
-1995
-1714
-1262
-914
-486
-13
407
873
1164
1617
1883
2227
2427
2721
2950
3123
3313
3432
3647
3692
3816
3806
3811
3686
3537
3345
3091
2788
2437
2129
1773
1431
1038
716
373
68
-251
-467
-673
-870
-1044
-1209
-1342
-1531
-1649
-1800
-1934
-2134
-2285
-2409
-2580
-2723
-2884
-2954
-3108
-3218
-3294
-3316
-3332
-3370
-3249
-3183
-3033
-2916
-2660
-2409
-2171
-1846
-1505
-1059
-739
-265
162
633
1008
1390
1832
2189
2569
2861
3255
3522
3787
3996
4218
4375
4431
4479
4440
4346
4138
3935
3646
3309
2916
2532
2134
1718
1283
859
470
82
-266
-591
-832
-1091
-1312
-1517
-1683
-1849
-2012
-2133
-2276
-2412
-2569
-2677
-2789
-2916
-3037
-3145
-3221
-3335
-3408
-3427
-3437
-3417
-3412
-3283
-3187
-3044
-2881
-2662
-2398
-2175
-1832
-1508
-1071
-714
-252
221
683
1146
1573
2100
2521
2964
3337
3748
4069
4320
4552
4722
4839
4836
4818
4724
4554
4300
4012
3685
3296
2861
2431
2005
1553
1088
648
263
-121
-480
-805
-1055
-1317
-1562
-1756
-1919
-2064
-2243
-2360
-2482
-2595
-2730
-2827
-2891
-2998
-3102
-3199
-3237
-3316
-3388
-3404
-3397
-3375
-3386
-3288
-3180
-3061
-2936
-2745
-2469
-2244
-1928
-1584
-1123
-718
-270
253
777
1302
1776
2354
2859
3324
3734
4138
4497
4718
4921
5062
5143
5110
5006
4900
4663
4382
4008
3653
3228
2736
2283
1788
1355
827
417
-18
-395
-779
-1116
-1373
-1664
-1867
-2094
-2222
-2394
-2515
-2625
-2709
-2772
-2861
-2898
-2958
-2999
-3063
-3117
-3147
-3213
-3229
-3287
-3265
-3280
-3236
-3202
-3130
-3000
-2891
-2671
-2496
-2155
-1889
-1485
-1085
-612
-115
364
972
1479
2089
2576
3150
3617
4041
4419
4701
4995
5104
5237
5237
5221
5076
4867
4638
4290
3924
3467
3048
2556
2057
1567
1082
630
144
-271
-668
-1020
-1359
-1650
-1886
-2107
-2294
-2455
-2569
-2674
-2760
-2826
-2864
-2910
-2944
-2988
-3008
-3052
-3082
-3121
-3134
-3155
-3156
-3147
-3124
-3068
-3008
-2904
-2793
-2604
-2422
-2160
-1889
-1530
-1169
-758
-297
179
701
1186
1748
2245
2762
3200
3633
4010
4300
4559
4723
4876
4896
4892
4804
4670
4450
4175
3876
3511
3121
2692
2276
1831
1382
935
517
102
-291
-663
-985
-1294
-1562
-1798
-1995
-2160
-2314
-2416
-2520
-2589
-2666
-2709
-2754
-2798
-2828
-2865
-2882
-2924
-2931
-2946
-2939
-2931
-2898
-2837
-2776
-2674
-2557
-2403
-2244
-2038
-1808
-1548
-1260
-945
-588
-221
179
589
1025
1448
1871
2286
2675
3040
3354
3646
3874
4054
4170
4249
4260
4209
4113
3959
3764
3511
3241
2936
2610
2254
1891
1522
1145
763
391
38
-304
-630
-929
-1197
-1442
-1652
-1835
-1989
-2126
-2234
-2327
-2403
-2466
-2519
-2555
-2584
-2597
-2613
-2616
-2621
-2614
-2597
-2574
-2534
-2485
-2407
-2319
-2208
-2073
-1923
-1754
-1577
-1371
-1157
-922
-673
-406
-118
180
503
832
1174
1510
1854
2185
2499
2789
3047
3273
3451
3584
3668
3708
3696
3638
3538
3394
3215
2998
2756
2491
2202
1894
1573
1242
901
557
213
-115
-434
-734
-1011
-1268
-1492
-1693
-1865
-2014
-2139
-2241
-2321
-2381
-2427
-2456
-2467
-2467
-2454
-2435
-2404
-2369
-2328
-2276
-2219
-2151
-2074
-1981
-1877
-1758
-1629
-1487
-1331
-1177
-1006
-826
-635
-435
-226
3
236
490
754
1032
1312
1593
1871
2133
2380
2596
2788
2946
3064
3145
3187
3195
3158
3090
2986
2852
2689
2497
2288
2057
1802
1529
1244
946
636
326
21
-275
-559
-828
-1072
-1290
-1484
-1651
-1789
-1904
-1998
-2069
-2119
-2151
-2168
-2167
-2150
-2122
-2087
-2038
-1979
-1920
-1853
-1780
-1697
-1613
-1524
-1429
-1327
-1224
-1121
-1013
-907
-797
-683
-565
-438
-308
-164
-11
152
329
520
722
929
1136
1345
1548
1733
1908
2065
2203
2314
2397
2455
2476
2469
2436
2376
2292
2189
2063
1920
1759
1576
1378
1164
937
697
453
212
-26
-257
-471
-663
-839
-993
-1125
-1235
-1326
-1403
-1463
-1505
-1533
-1554
-1560
-1556
-1545
-1528
-1505
-1473
-1442
-1407
-1373
-1332
-1293
-1254
-1213
-1174
-1137
-1103
-1070
-1033
-994
-948
-890
-822
-740
-645
-534
-404
-263
-102
70
252
444
642
841
1042
1235
1422
1599
1756
1888
1992
2066
2107
2117
2103
2067
2014
1941
1854
1751
1637
1504
1353
1191
1009
820
623
428
235
47
-123
-284
-428
-560
-674
-775
-867
-948
-1018
-1078
-1134
-1183
-1220
-1250
-1279
-1301
-1316
-1326
-1336
-1344
-1350
-1353
-1359
-1360
-1359
-1364
-1364
-1356
-1345
-1328
-1306
-1266
-1212
-1145
-1060
-952
-824
-679
-514
-326
-125
84
311
547
781
1016
1248
1475
1687
1878
2046
2188
2292
2360
2401
2414
2398
2363
2309
2238
2149
2035
1908
1759
1589
1399
1200
992
782
570
368
173
-16
-190
-349
-495
-632
-757
-871
-973
-1069
-1158
-1235
-1306
-1367
-1421
-1468
-1506
-1542
-1574
-1604
-1630
-1658
-1683
-1706
-1728
-1744
-1755
-1755
-1744
-1729
-1705
-1663
-1607
-1533
-1438
-1320
-1177
-1015
-826
-613
-383
-140
119
386
652
921
1182
1441
1679
1899
2092
2257
2388
2479
2539
2569
2566
2542
2490
2417
2323
2206
2075
1918
1744
1549
1349
1139
926
716
509
304
105
-79
-254
-414
-561
-691
-810
-914
-1007
-1094
-1173
-1245
-1311
-1377
-1438
-1495
-1550
-1599
-1643
-1689
-1730
-1770
-1810
-1847
-1880
-1906
-1923
-1931
-1931
-1915
-1883
-1830
-1757
-1662
-1540
-1394
-1223
-1030
-809
-567
-305
-28
266
570
877
1181
1480
1769
2035
2278
2495
2680
2828
2937
3009
3045
3040
2997
2926
2822
2691
2530
2346
2140
1918
1684
1445
1203
959
717
478
251
31
-177
-374
-561
-730
-886
-1022
-1140
-1240
-1323
-1389
-1446
-1501
-1551
-1603
-1661
-1719
-1781
-1842
-1899
-1954
-2001
-2039
-2074
-2101
-2126
-2147
-2162
-2172
-2167
-2147
-2104
-2032
-1932
-1800
-1634
-1436
-1208
-951
-670
-366
-46
288
632
978
1325
1666
1996
2305
2585
2834
3042
3210
3337
3421
3458
3453
3403
3313
3184
3019
2823
2600
2353
2088
1807
1514
1215
916
622
339
72
-183
-416
-629
-825
-1002
-1163
-1303
-1428
-1536
-1624
-1697
-1750
-1786
-1810
-1824
-1829
-1835
-1843
-1855
-1878
-1905
-1934
-1962
-1987
-2008
-2023
-2029
-2032
-2028
-2016
-1993
-1955
-1901
-1825
-1718
-1580
-1409
-1203
-965
-698
-402
-85
246
589
938
1288
1630
1962
2282
2582
2857
3098
3304
3460
3566
3622
3626
3582
3490
3356
3179
2967
2718
2444
2148
1834
1513
1186
860
529
209
-100
-388
-655
-893
-1102
-1284
-1440
-1573
-1680
-1769
-1836
-1887
-1921
-1943
-1954
-1951
-1937
-1912
-1882
-1848
-1819
-1792
-1772
-1755
-1746
-1738
-1731
-1726
-1722
-1715
-1705
-1689
-1663
-1622
-1560
-1479
-1370
-1234
-1070
-870
-641
-382
-104
193
503
823
1146
1470
1788
2087
2369
2627
2856
3053
3213
3333
3404
3424
3395
3317
3192
3028
2829
2598
2337
2049
1742
1417
1092
769
455
156
-127
-393
-637
-856
-1044
-1201
-1328
-1424
-1495
-1545
-1578
-1591
-1594
-1588
-1578
-1570
-1559
-1552
-1542
-1529
-1513
-1498
-1489
-1491
-1500
-1518
-1537
-1558
-1579
-1600
-1620
-1642
-1662
-1673
-1668
-1642
-1591
-1507
-1392
-1245
-1063
-845
-594
-315
-17
294
607
920
1232
1540
1836
2121
2384
2618
2819
2980
3105
3184
3214
3197
3129
3015
2861
2674
2463
2229
1976
1705
1418
1118
813
512
227
-33
-273
-480
-664
-817
-941
-1035
-1104
-1151
-1177
-1188
-1189
-1182
-1170
-1154
-1141
-1133
-1136
-1152
-1178
-1207
-1235
-1265
-1300
-1344
-1399
-1465
-1532
-1597
-1656
-1710
-1756
-1794
-1826
-1849
-1860
-1847
-1802
-1728
-1616
-1468
-1283
-1059
-800
-506
-184
154
494
830
1157
1469
1764
2048
2312
2551
2762
2933
3065
3146
3184
3174
3112
3007
2856
2675
2464
2234
1988
1728
1459
1180
895
608
326
60
-182
-389
-568
-720
-839
-931
-1001
-1048
-1079
-1098
-1106
-1111
-1114
-1109
-1104
-1100
-1097
-1104
-1124
-1155
-1193
-1230
-1269
-1312
-1365
-1427
-1500
-1577
-1648
-1711
-1765
-1806
-1837
-1854
-1862
-1856
-1827
-1772
-1685
-1565
-1411
-1222
-1000
-742
-453
-136
202
544
885
1214
1526
1819
2096
2348
2578
2781
2947
3072
3150
3181
3165
3102
3000
2860
2690
2493
2273
2033
1778
1513
1242
972
701
438
190
-36
-236
-408
-553
-675
-771
-849
-911
-962
-1002
-1035
-1063
-1089
-1112
-1129
-1149
-1169
-1197
-1234
-1280
-1335
-1394
-1456
-1524
-1598
-1683
-1776
-1866
-1953
-2026
-2085
-2127
-2150
-2154
-2140
-2104
-2041
-1951
-1826
-1671
-1483
-1264
-1014
-733
-426
-93
254
613
967
1313
1642
1950
2239
2499
2729
2929
3093
3216
3295
3328
3318
3267
3181
3066
2921
2749
2550
2327
2085
1829
1567
1305
1046
794
552
321
107
-90
-270
-435
-583
-717
-841
-956
-1064
-1162
-1254
-1337
-1417
-1494
-1567
-1640
-1715
-1791
-1866
-1944
-2020
-2094
-2167
-2241
-2312
-2376
-2435
-2479
-2506
-2512
-2498
-2457
-2394
-2305
-2188
-2039
-1861
-1652
-1416
-1153
-864
-553
-221
129
493
861
1229
1590
1936
2263
2568
2846
3089
3300
3471
3602
3687
3730
3729
3682
3600
3482
3332
3151
2938
2697
2431
2147
1850
1546
1243
941
645
357
79
-189
-442
-679
-898
-1101
-1287
-1458
-1611
-1750
-1871
-1975
-2065
-2143
-2210
-2264
-2313
-2357
-2391
-2419
-2437
-2452
-2463
-2468
-2470
-2465
-2452
-2429
-2399
-2352
-2293
-2215
-2117
-1997
-1858
-1695
-1505
-1298
-1067
-810
-536
-242
73
401
741
1087
1432
1771
2104
2423
2724
3000
3250
3464
3639
3773
3865
3910
3912
3868
3782
3653
3483
3277
3034
2760
2459
2132
1791
1440
1084
729
378
39
-288
-600
-894
-1164
-1410
-1630
-1818
-1982
-2117
-2224
-2304
-2358
-2388
-2397
-2391
-2367
-2333
-2292
-2242
-2192
-2138
-2082
-2028
-1978
-1930
-1886
-1843
-1804
-1767
-1728
-1687
-1637
-1579
-1505
-1418
-1317
-1198
-1062
-910
-738
-545
-332
-98
157
428
714
1010
1311
1617
1922
2221
2505
2773
3014
3224
3396
3528
3616
3659
3655
3604
3502
3354
3162
2926
2652
2340
1999
1638
1263
883
504
132
-228
-573
-897
-1193
-1459
-1693
-1891
-2049
-2172
-2254
-2301
-2308
-2280
-2226
-2142
-2039
-1919
-1785
-1645
-1501
-1362
-1228
-1110
-1003
-915
-845
-794
-760
-741
-740
-751
-775
-805
-842
-879
-910
-940
-956
-959
-946
-914
-864
-793
-697
-575
-431
-260
-62
158
396
652
924
1201
1479
1756
2023
2271
2489
2682
2839
2953
3025
3051
3029
2958
2839
2675
2463
2209
1920
1600
1262
908
550
195
-149
-479
-789
-1071
-1322
-1537
-1716
-1853
-1948
-2003
-2020
-1996
-1940
-1847
-1727
-1585
-1424
-1255
-1080
-905
-733
-565
-415
-283
-173
-90
-34
-8
-9
-34
-85
-153
-238
-334
-442
-558
-670
-781
-883
-976
-1056
-1110
-1147
-1160
-1143
-1097
-1019
-915
-779
-611
-417
-197
44
303
576
854
1129
1402
1658
1893
2101
2277
2418
2518
2576
2594
2565
2493
2377
2217
2019
1785
1521
1238
941
638
337
43
-236
-495
-733
-940
-1120
-1265
-1371
-1444
-1481
-1481
-1446
-1382
-1290
-1171
-1034
-888
-735
-584
-433
-286
-152
-30
73
152
204
230
228
194
134
47
-59
-183
-322
-470
-626
-783
-941
-1087
-1230
-1352
-1460
-1545
-1602
-1631
-1627
-1588
-1512
-1402
-1257
-1078
-867
-632
-371
-94
195
487
775
1057
1326
1579
1806
2007
2176
2312
2415
2475
2498
2478
2417
2314
2174
2000
1797
1573
1333
1085
835
585
344
112
-108
-309
-489
-647
-777
-877
-947
-988
-998
-983
-944
-886
-813
-733
-641
-548
-454
-362
-275
-198
-137
-92
-67
-68
-90
-138
-204
-291
-393
-506
-631
-768
-909
-1051
-1191
-1323
-1446
-1556
-1646
-1714
-1751
-1756
-1727
-1664
-1566
-1435
-1271
-1079
-856
-613
-353
-84
189
466
737
1003
1258
1495
1715
1910
2076
2212
2316
2383
2415
2411
2365
2280
2159
2008
1832
1635
1421
1198
972
742
515
299
90
-104
-279
-429
-553
-650
-716
-761
-779
-775
-752
-710
-650
-585
-512
-437
-363
-291
-228
-173
-137
-119
-119
-141
-181
-237
-309
-398
-505
-627
-757
-894
-1033
-1171
-1301
-1423
-1531
-1618
-1678
-1705
-1704
-1675
-1616
-1529
-1415
-1274
-1106
-916
-714
-498
-273
-45
186
415
640
859
1062
1249
1418
1566
1692
1797
1879
1933
1958
1950
1913
1852
1762
1652
1524
1380
1226
1064
902
740
583
431
292
169
63
-28
-100
-154
-194
-218
-225
-216
-193
-166
-132
-97
-61
-25
3
23
30
28
8
-26
-70
-129
-204
-296
-406
-529
-663
-808
-956
-1106
-1251
-1392
-1519
-1627
-1713
-1772
-1808
-1818
-1805
-1771
-1710
-1623
-1515
-1386
-1242
-1083
-907
-722
-529
-323
-114
95
304
507
700
886
1060
1225
1371
1501
1612
1695
1760
1797
1808
1798
1764
1709
1633
1541
1439
1326
1209
1096
981
870
766
668
577
492
410
334
268
209
157
113
77
48
28
11
1
-9
-24
-42
-65
-93
-130
-174
-228
-294
-367
-451
-546
-648
-758
-873
-992
-1110
-1226
-1333
-1425
-1505
-1570
-1623
-1660
-1677
-1679
-1658
-1617
-1560
-1489
-1398
-1294
-1183
-1055
-921
-778
-628
-472
-310
-140
34
213
393
573
747
917
1073
1220
1352
1465
1561
1639
1698
1735
1753
1753
1738
1706
1661
1607
1544
1470
1392
1308
1219
1119
1015
910
801
691
582
475
370
264
158
52
-54
-160
-262
-362
-457
-545
-626
-697
-766
-826
-885
-942
-995
-1046
-1092
-1137
-1180
-1221
-1259
-1299
-1337
-1372
-1407
-1434
-1452
-1457
-1450
-1424
-1382
-1327
-1263
-1195
-1118
-1038
-957
-870
-776
-668
-543
-393
-227
-46
150
351
550
743
925
1094
1246
1385
1509
1616
1711
1790
1849
1889
1908
1900
1869
1812
1735
1639
1527
1407
1281
1150
1021
890
761
633
507
386
270
159
58
-31
-105
-167
-216
-255
-281
-302
-321
-338
-357
-380
-407
-439
-473
-511
-554
-601
-649
-702
-761
-824
-893
-971
-1048
-1124
-1195
-1256
-1311
-1351
-1380
-1391
-1383
-1362
-1327
-1283
-1229
-1161
-1090
-1009
-917
-818
-706
-586
-452
-310
-158
1
167
333
497
658
816
965
1102
1232
1350
1454
1541
1611
1662
1691
1700
1684
1650
1599
1532
1455
1370
1279
1181
1077
967
855
741
628
515
399
288
174
61
-51
-163
-268
-372
-470
-560
-644
-712
-771
-818
-859
-894
-920
-942
-960
-974
-986
-994
-1004
-1014
-1023
-1039
-1055
-1069
-1082
-1089
-1091
-1079
-1062
-1035
-998
-958
-914
-868
-817
-765
-708
-646
-568
-475
-366
-239
-98
53
207
364
518
669
810
938
1055
1165
1263
1349
1422
1477
1518
1538
1539
1519
1478
1414
1336
1242
1136
1025
904
783
661
541
426
315
210
112
23
-57
-129
-185
-233
-269
-295
-311
-318
-321
-315
-310
-301
-292
-285
-280
-278
-281
-287
-296
-312
-331
-359
-391
-427
-471
-516
-563
-608
-653
-697
-734
-767
-794
-810
-824
-829
-826
-817
-800
-776
-744
-702
-655
-597
-531
-456
-377
-289
-195
-97
2
103
202
296
387
474
553
628
697
755
805
845
876
895
904
901
890
870
842
810
773
733
686
637
586
536
482
431
378
327
277
231
187
146
106
69
38
5
-22
-45
-67
-85
-103
-120
-136
-154
-169
-189
-212
-234
-260
-288
-318
-348
-377
-408
-440
-470
-503
-534
-565
-593
-620
-648
-671
-691
-706
-715
-719
-716
-709
-697
-678
-654
-624
-588
-547
-500
-447
-387
-324
-255
-183
-109
-36
39
119
196
270
347
424
495
563
630
690
742
790
831
869
894
914
926
931
929
919
905
883
854
820
785
746
698
653
604
550
496
441
385
326
266
212
156
99
44
-14
-70
-125
-181
-237
-292
-346
-398
-452
-503
-554
-605
-653
-696
-742
-789
-829
-861
-898
-934
-959
-979
-998
-1011
-1009
-1005
-998
-982
-956
-928
-895
-848
-795
-739
-677
-603
-524
-444
-356
-266
-173
-74
24
125
227
332
434
533
628
722
807
888
965
1035
1091
1141
1184
1212
1234
1249
1251
1243
1231
1211
1181
1140
1096
1050
990
925
863
796
715
634
559
473
384
302
219
129
39
-42
-129
-223
-307
-385
-470
-551
-622
-693
-767
-833
-892
-954
-1014
-1060
-1096
-1139
-1172
-1190
-1207
-1226
-1230
-1220
-1214
-1205
-1174
-1140
-1108
-1067
-1009
-953
-896
-822
-739
-658
-571
-470
-366
-265
-156
-39
73
179
296
410
517
625
728
826
916
1001
1076
1142
1203
1250
1288
1318
1343
1351
1349
1342
1326
1295
1259
1219
1168
1110
1046
975
901
825
743
655
568
480
382
284
197
110
6
-87
-162
-250
-349
-431
-497
-585
-675
-734
-783
-862
-936
-971
-1010
-1081
-1129
-1136
-1165
-1220
-1230
-1216
-1235
-1259
-1231
-1198
-1199
-1178
-1118
-1063
-1024
-959
-869
-791
-713
-613
-506
-406
-295
-175
-67
50
179
289
387
510
632
712
792
909
995
1030
1096
1192
1226
1217
1266
1328
1302
1262
1303
1311
1226
1182
1205
1158
1045
1006
995
894
780
744
697
572
476
435
353
225
143
84
-19
-130
-201
-274
-378
-474
-547
-625
-716
-795
-859
-924
-998
-1064
-1110
-1154
-1210
-1251
-1262
-1279
-1305
-1301
-1268
-1259
-1249
-1194
-1128
-1094
-1038
-940
-857
-795
-698
-578
-491
-409
-289
-170
-84
16
136
234
314
408
507
579
650
729
800
853
904
956
997
1026
1055
1078
1095
1106
1110
1111
1103
1087
1063
1040
1014
976
934
901
859
797
740
691
628
550
487
427
349
263
194
124
36
-50
-118
-196
-287
-365
-430
-512
-594
-659
-720
-793
-854
-894
-940
-985
-1015
-1036
-1063
-1077
-1075
-1074
-1073
-1053
-1024
-1001
-967
-920
-872
-827
-769
-699
-635
-574
-500
-422
-357
-287
-211
-139
-72
-1
71
134
193
254
314
370
424
475
524
569
612
648
687
717
743
769
791
806
818
826
831
829
825
822
814
802
787
772
750
724
695
662
624
583
543
497
446
396
346
290
235
180
124
63
2
-57
-119
-184
-246
-306
-367
-425
-478
-525
-573
-614
-650
-685
-715
-739
-761
-778
-791
-799
-801
-797
-789
-776
-757
-732
-705
-674
-638
-603
-561
-521
-478
-432
-388
-343
-296
-253
-208
-164
-119
-74
-28
14
57
101
141
185
224
263
301
335
372
405
438
467
495
520
543
566
587
606
622
635
647
654
658
656
649
640
627
611
590
564
536
507
474
436
401
359
317
269
219
171
120
66
12
-38
-89
-138
-185
-228
-270
-308
-344
-378
-407
-434
-461
-483
-500
-516
-528
-534
-535
-535
-531
-524
-514
-503
-487
-471
-454
-432
-411
-387
-366
-344
-321
-294
-270
-243
-215
-188
-162
-135
-107
-79
-52
-25
3
27
55
82
107
133
158
182
203
225
246
269
288
307
325
341
354
363
368
372
375
375
375
368
364
356
345
335
322
307
289
268
247
223
199
175
149
122
95
69
43
18
-7
-30
-51
-70
-90
-108
-124
-143
-162
-179
-191
-201
-211
-218
-222
-227
-228
-229
-228
-230
-231
-227
-221
-213
-205
-197
-188
-182
-173
-164
-155
-144
-131
-119
-108
-94
-82
-67
-54
-41
-27
-18
-6
5
19
29
40
51
62
73
85
96
103
109
115
119
121
125
130
134
137
137
133
132
130
126
122
117
111
108
104
97
90
81
70
62
53
44
37
30
21
11
4
-4
-9
-17
-24
-28
-33
-35
-40
-43
-47
-55
-61
-65
-64
-62
-62
-64
-66
-63
-61
-59
-56
-59
-60
-55
-51
-46
-41
-37
-30
-24
-23
-22
-17
-13
-9
-6
-6
-5
0
4
8
9
9
11
10
11
15
17
18
21
23
24
30
32
30
28
25
24
22
23
26
27
26
22
19
15
12
10
11
6
5
7
5
5
0
-4
-10
-11
-12
-10
-8
-11
-12
-12
-12
-11
-13
-12
-12
-11
-10
-10
-11
-9
-11
-16
-16
-16
-12
-11
-10
-13
-15
-14
-13
-14
-15
-19
-19
-17
-16
-12
-13
-10
-7
-6
-10
-8
-6
-3
1
1
2
4
8
9
9
9
12
16
17
17
18
19
16
18
19
21
26
29
30
26
22
19
17
18
20
20
20
20
15
11
7
6
7
7
7
6
3
1
-2
-7
-10
-10
-11
-8
-7
-9
-11
-14
-15
-16
-15
-11
-10
-10
-12
-17
-19
-22
-21
-20
-17
-13
-12
-14
-16
-18
-18
-13
-13
-12
-12
-13
-16
-17
-13
-10
-5
-2
2
-1
-3
-5
-4
3
8
13
14
13
10
7
6
9
14
20
24
23
18
14
12
12
16
19
21
21
17
13
9
9
11
13
15
12
9
6
4
1
0
5
5
5
2
-1
-2
-3
-5
-5
-5
-9
-10
-11
-12
-11
-10
-11
-10
-10
-12
-11
-11
-9
-9
-11
-12
-12
-12
-11
-9
-8
-6
-6
-8
-9
-8
-6
-4
-2
-2
-2
-3
-5
-3
0
2
5
6
5
2
2
2
5
6
8
10
12
11
8
10
11
14
17
17
17
16
13
15
15
16
16
16
16
15
13
11
9
9
9
9
8
6
4
2
-2
-3
-2
-7
-10
-13
-15
-15
-17
-19
-22
-24
-27
-33
-36
-39
-37
-33
-31
-35
-40
-44
-44
-45
-44
-39
-34
-32
-32
-32
-35
-38
-34
-25
