SAMPLES:	18330
BITSPERSAMPLE:	16
CHANNELS:	1
SAMPLERATE:	16000
NORMALIZED:	FALSE
1
1
1
1
0
-1
0
1
0
2
0
0
0
0
0
-1
-1
1
0
-1
1
1
1
1
1
2
1
0
2
0
1
0
0
1
0
1
-1
0
2
2
1
2
0
-1
0
0
0
-1
-2
-2
1
-1
1
1
-1
0
-1
-1
-2
-1
0
-1
-1
-1
0
-1
0
0
0
0
-2
0
-1
-1
0
0
-1
-1
-1
-1
-1
-1
-2
-2
-2
0
-2
0
0
0
0
0
-1
-1
0
0
-2
-1
0
-1
0
-1
0
0
-1
-1
-1
0
0
0
1
2
0
0
0
0
1
1
1
1
0
1
1
0
0
1
1
3
1
3
2
1
1
1
0
-1
0
0
1
2
0
2
1
1
2
2
1
-1
1
0
1
1
0
0
-2
0
1
-1
0
1
2
0
1
0
0
1
2
1
-2
-1
0
-1
-1
0
-1
1
0
-1
-1
0
-1
0
-2
0
1
0
-1
-1
-1
-2
0
-2
0
-1
-1
-1
0
-1
0
0
-1
-1
-1
-1
0
0
-1
-2
0
-1
-1
0
-1
0
-1
-1
-1
-1
0
0
0
-1
0
0
0
0
-1
-1
0
0
0
0
-1
1
1
1
1
1
0
0
0
0
2
0
1
-1
-1
1
-1
0
1
-1
1
2
1
0
1
0
0
0
1
1
0
1
0
0
0
2
1
-1
0
1
2
-1
-1
0
0
1
0
0
1
1
0
0
0
1
0
0
1
0
2
1
0
-1
1
1
1
2
1
1
1
1
0
1
0
-2
0
-1
0
-1
0
1
-1
-1
0
-1
0
0
0
1
0
0
-1
1
-2
-1
-1
-1
-1
-2
0
-1
0
0
0
0
0
1
0
0
0
-2
-1
0
-1
0
-1
0
1
1
-1
-1
-2
-1
0
-1
1
0
0
0
-1
0
-1
-1
-1
-1
-1
0
1
-1
-1
-2
-1
-1
-1
0
-1
0
1
-1
-1
0
0
0
-1
-1
1
1
0
-1
0
0
0
0
0
0
0
0
0
2
2
0
0
1
-1
-1
-2
-1
2
0
1
1
-1
1
1
1
-1
-1
0
-1
0
1
0
1
0
-1
0
1
0
1
0
-1
-1
-2
0
0
0
0
0
1
-1
0
1
0
0
0
0
0
0
0
1
1
1
1
2
1
2
2
0
1
1
1
2
1
1
2
1
1
2
1
1
0
-1
-1
0
-1
0
0
0
0
1
1
1
0
0
2
0
0
0
1
1
2
1
0
1
2
-1
-1
1
0
1
0
1
0
0
1
0
0
-1
1
0
-1
-1
0
0
0
-1
-1
0
-2
-1
0
0
-1
0
0
0
1
-1
-1
-1
-1
-1
-1
-3
-1
-1
-1
0
0
-1
-1
-1
0
-1
0
-1
0
-1
-2
0
-2
-1
-1
0
-1
0
-2
-1
-2
-2
0
0
0
-1
0
0
0
-1
0
0
-2
-1
1
1
1
-1
0
1
1
0
0
-2
0
0
-1
0
0
1
0
0
0
1
0
0
2
1
1
1
1
1
2
0
-1
1
-1
-1
0
0
0
1
0
0
1
1
0
0
0
0
0
-1
1
0
1
1
1
0
0
1
1
0
0
-1
0
0
0
2
1
1
1
0
1
1
-1
-1
1
1
0
1
0
1
0
-1
-1
0
0
-1
0
1
1
2
2
1
0
2
2
0
-1
0
2
1
1
0
1
1
0
0
1
1
0
0
0
1
0
-1
-1
-1
0
-1
-1
-1
-1
-1
-2
-2
-1
-1
1
0
-2
-2
0
-1
0
0
-1
0
0
-1
-1
-1
-2
1
0
0
0
-1
0
1
-1
-1
-1
-2
-1
0
1
0
-1
0
-1
-1
-1
1
0
-2
0
0
0
1
0
1
0
1
1
-1
0
0
0
0
0
0
-1
1
1
0
0
0
2
2
1
1
1
0
0
-1
-1
-1
0
1
1
1
1
-1
1
1
-1
0
0
1
0
0
0
1
0
0
0
1
1
1
0
-2
-1
0
1
-2
-2
1
-1
0
0
0
0
0
-1
0
-1
-1
0
0
1
0
1
1
-1
0
-1
-1
1
1
1
0
-1
0
0
0
-1
1
0
0
1
1
1
0
1
0
0
1
1
1
0
0
0
0
0
1
1
0
0
1
1
0
0
-1
0
-1
1
1
0
0
1
1
-1
0
0
1
0
1
1
1
0
0
2
-1
0
1
0
-1
0
0
0
-1
0
0
1
-1
-1
0
0
0
0
1
-1
-1
-1
1
-1
0
1
0
0
-2
-1
-2
-1
1
0
0
0
1
0
1
0
2
1
0
0
-1
-1
-1
0
0
0
1
1
0
1
1
1
0
1
-2
1
0
0
-1
0
-1
-1
0
-1
0
0
0
1
0
0
0
0
0
0
-1
0
1
1
1
-1
0
0
0
0
-2
-1
-1
0
1
0
0
1
0
0
0
0
-1
1
0
1
1
0
0
-1
0
0
0
0
2
0
-1
1
0
-1
-1
0
1
-1
-1
-1
0
1
0
0
0
-1
-1
-1
0
0
-1
1
0
1
0
-1
-2
-1
0
0
0
0
1
0
0
0
0
0
2
1
0
1
0
0
-1
0
0
-1
0
0
1
-1
0
-1
0
-1
-1
0
1
1
0
0
-1
0
0
-1
1
0
0
0
0
0
1
0
0
0
-1
-1
-1
0
-1
1
0
-2
-1
-1
-2
0
1
1
1
0
0
0
0
0
0
0
-1
0
0
-1
0
1
1
1
1
0
0
2
0
1
0
0
0
2
0
0
2
0
-1
1
1
-1
-1
0
1
2
0
0
0
-1
-1
0
0
1
1
0
1
1
0
0
2
0
-1
-1
-1
2
0
0
0
-1
0
1
0
0
0
-1
1
-1
0
1
1
0
1
0
-1
-1
-1
-1
0
-1
0
0
-1
0
1
-2
-1
-2
-1
-1
0
0
0
-1
-1
0
0
-1
-1
0
1
-1
-1
1
-1
0
-1
1
0
0
1
0
0
-1
0
0
-1
0
1
1
1
0
0
-1
0
-1
-1
0
0
-1
-1
-1
-1
-1
0
0
0
0
1
1
2
2
1
0
0
0
-1
0
-1
-1
2
0
0
1
0
0
0
0
0
0
0
0
0
0
-1
-1
1
-1
2
1
2
0
1
-1
-1
1
-2
0
0
0
0
1
1
1
-1
-1
-1
1
1
0
0
-1
0
1
1
1
-1
-1
0
-1
0
0
0
1
2
1
1
1
1
0
0
-1
1
1
-1
0
1
0
1
-1
0
0
0
0
0
1
0
0
0
0
2
2
2
0
1
1
1
-1
0
1
1
-1
1
0
-1
1
-1
0
0
0
0
-1
0
-1
0
0
1
1
-1
0
0
0
0
-1
-1
0
1
-1
1
0
0
0
1
-1
-1
-1
0
0
-1
-1
0
1
0
0
0
0
0
1
0
0
0
-1
-1
-2
0
-1
0
-1
-1
0
0
0
1
-1
0
0
1
0
-1
0
-1
0
1
1
0
0
0
-1
1
0
-1
1
0
0
1
0
0
1
0
2
0
0
-1
-2
0
1
0
0
1
0
0
0
0
1
0
1
0
0
0
0
1
1
-1
-1
0
-1
0
1
1
-1
0
0
0
-1
1
0
0
0
-1
-1
0
1
0
1
0
0
0
0
2
1
1
-1
0
-1
1
0
0
-1
0
0
-1
0
0
-1
0
1
0
1
1
0
0
-1
-1
0
0
0
1
0
0
1
-1
0
-1
0
0
0
0
0
-1
0
1
-1
1
0
1
0
0
0
1
0
0
-2
0
-1
-1
0
1
1
1
-1
0
0
0
0
-1
-1
0
1
1
0
1
0
-1
0
0
0
1
-1
-1
-1
-1
0
0
-1
-1
0
1
-1
0
1
0
0
1
0
1
0
0
0
0
1
0
1
-1
1
1
0
-1
0
0
0
0
-1
-1
-1
1
1
0
0
0
0
1
1
1
0
1
0
0
0
0
-1
-1
0
0
0
-2
-1
-1
-1
-1
-1
1
0
0
2
0
0
-1
-1
1
0
1
0
1
0
0
0
-1
2
-1
1
0
0
1
1
0
0
0
-2
1
1
-1
0
0
0
-1
-1
0
0
1
0
-1
-1
1
0
-1
0
0
0
0
0
-1
0
0
0
1
0
-1
0
-2
0
0
0
0
0
0
0
0
-1
1
1
1
1
0
1
1
-1
-1
-1
0
-1
0
1
-1
0
0
0
1
0
0
-1
0
0
2
1
1
-1
-1
-1
0
0
-1
0
0
-1
1
2
2
1
-2
0
0
0
0
0
0
0
1
1
0
-1
-1
0
1
0
0
-1
1
-1
-1
-1
0
1
1
1
0
1
-1
0
0
1
1
0
2
0
1
0
0
0
0
0
-1
-1
-1
-1
-1
-1
0
1
0
1
0
0
1
0
-1
-1
1
-1
1
1
0
0
-1
1
2
0
0
0
0
1
-1
0
-1
1
0
0
0
0
0
0
1
0
0
-1
-1
-1
0
0
0
0
-1
0
-1
0
0
1
-1
0
0
0
0
0
0
-1
-1
-1
-2
0
0
0
2
-1
0
0
0
0
0
-1
0
0
1
-1
-1
0
0
0
0
-1
0
-1
0
0
-1
0
0
0
1
1
0
0
1
0
0
-1
0
1
0
0
0
-1
-1
-1
0
2
0
1
1
1
0
-1
1
1
1
0
0
-1
0
1
1
1
0
0
1
1
0
1
1
1
1
-1
0
1
1
0
0
1
1
1
1
1
1
0
0
1
1
0
1
1
1
0
1
0
1
1
0
1
2
0
-1
1
0
0
0
0
0
1
2
1
0
0
1
0
1
0
0
2
1
1
2
0
0
2
0
1
1
2
0
0
0
-1
-1
0
0
0
0
-1
-1
-1
-2
0
-2
1
1
0
0
-1
-1
-1
-3
-1
-1
0
0
-2
0
-1
-2
0
-1
0
-1
-3
-2
-2
-1
-1
-1
0
-1
0
-1
0
1
0
0
0
0
0
0
-1
-1
0
1
0
0
-1
-2
0
0
-2
0
0
0
1
0
0
-1
0
-1
0
1
1
0
0
3
4
7
9
11
14
16
20
22
26
28
30
30
31
31
29
27
26
21
16
14
9
5
-3
-7
-12
-20
-27
-32
-41
-48
-53
-61
-69
-74
-80
-87
-90
-91
-92
-93
-92
-88
-86
-80
-71
-63
-55
-43
-29
-18
-4
11
26
39
56
73
86
100
115
130
138
150
163
172
178
184
191
191
189
184
181
170
158
145
129
109
87
67
45
18
-8
-30
-57
-81
-107
-126
-150
-168
-187
-200
-213
-224
-230
-234
-235
-233
-225
-219
-205
-190
-174
-157
-135
-110
-87
-64
-36
-8
14
41
71
96
117
142
167
184
200
222
235
243
252
265
263
263
263
261
249
238
229
210
189
165
144
110
77
42
10
-34
-75
-114
-152
-199
-241
-276
-315
-355
-392
-410
-445
-467
-483
-482
-498
-499
-481
-469
-460
-434
-391
-364
-327
-278
-218
-182
-122
-55
5
53
126
198
252
306
372
430
467
513
557
586
590
609
618
606
578
564
537
489
443
407
357
292
248
205
151
95
61
15
-22
-55
-72
-101
-116
-119
-125
-125
-117
-105
-101
-84
-76
-72
-78
-68
-85
-104
-131
-156
-206
-257
-306
-368
-434
-509
-567
-639
-700
-769
-812
-857
-889
-923
-918
-901
-886
-847
-777
-698
-635
-518
-397
-278
-170
-19
120
242
375
523
649
763
890
1011
1117
1208
1314
1395
1475
1534
1593
1630
1648
1658
1649
1625
1566
1503
1418
1311
1177
1038
880
690
500
308
89
-140
-350
-559
-785
-996
-1171
-1352
-1526
-1666
-1776
-1883
-1977
-2032
-2066
-2085
-2092
-2075
-2016
-1956
-1887
-1801
-1644
-1508
-1376
-1184
-948
-752
-564
-283
-9
193
412
705
933
1081
1268
1489
1588
1650
1758
1845
1824
1801
1831
1791
1697
1629
1583
1472
1350
1270
1165
1032
910
802
660
518
406
259
110
-5
-114
-263
-374
-445
-544
-658
-715
-762
-859
-942
-977
-1046
-1153
-1223
-1289
-1390
-1495
-1553
-1637
-1717
-1768
-1793
-1829
-1824
-1771
-1709
-1615
-1455
-1264
-1086
-838
-556
-289
-38
282
584
832
1071
1357
1572
1723
1899
2071
2166
2217
2310
2354
2330
2297
2280
2189
2061
1939
1798
1591
1383
1171
927
664
430
195
-52
-254
-420
-585
-734
-821
-906
-1000
-1063
-1102
-1167
-1236
-1284
-1354
-1453
-1543
-1622
-1724
-1824
-1878
-1937
-1984
-2004
-1967
-1928
-1847
-1701
-1515
-1300
-1054
-752
-465
-168
141
452
720
982
1235
1463
1625
1793
1939
2043
2113
2191
2258
2259
2259
2245
2197
2084
1972
1837
1651
1428
1209
963
688
416
171
-72
-297
-472
-612
-730
-824
-874
-922
-968
-1002
-1030
-1082
-1146
-1212
-1303
-1414
-1537
-1649
-1770
-1876
-1952
-2009
-2044
-2060
-2024
-1976
-1880
-1722
-1528
-1300
-1038
-733
-434
-142
177
474
755
1006
1263
1480
1646
1815
1952
2064
2145
2229
2296
2319
2329
2319
2266
2174
2058
1917
1715
1495
1256
988
702
426
184
-64
-268
-423
-549
-643
-704
-722
-751
-769
-779
-808
-860
-929
-1007
-1127
-1262
-1406
-1552
-1708
-1839
-1941
-2024
-2093
-2129
-2140
-2119
-2069
-1962
-1817
-1626
-1403
-1159
-877
-607
-301
-17
306
581
865
1131
1372
1580
1766
1944
2088
2210
2325
2413
2451
2479
2472
2443
2344
2247
2083
1890
1644
1394
1117
822
561
307
81
-122
-276
-396
-500
-558
-601
-639
-685
-721
-769
-851
-938
-1044
-1171
-1329
-1472
-1617
-1762
-1892
-1981
-2068
-2127
-2176
-2185
-2182
-2132
-2042
-1913
-1744
-1558
-1323
-1087
-805
-537
-217
89
417
718
1023
1295
1537
1757
1969
2147
2294
2425
2519
2588
2611
2637
2591
2514
2379
2214
1982
1724
1463
1165
872
590
346
99
-113
-257
-395
-502
-593
-634
-711
-777
-825
-879
-963
-1070
-1155
-1285
-1431
-1572
-1687
-1819
-1935
-2010
-2068
-2131
-2180
-2182
-2155
-2120
-2037
-1914
-1751
-1597
-1384
-1139
-872
-600
-277
77
403
722
1029
1337
1568
1814
2031
2246
2382
2539
2675
2762
2815
2840
2835
2722
2603
2418
2219
1938
1674
1375
1073
780
517
276
46
-125
-284
-423
-553
-652
-759
-881
-955
-1047
-1159
-1292
-1410
-1546
-1738
-1860
-2012
-2115
-2279
-2321
-2409
-2476
-2534
-2529
-2492
-2502
-2361
-2266
-2047
-1926
-1608
-1366
-1024
-711
-294
86
437
819
1149
1486
1736
2051
2271
2520
2697
2928
3062
3209
3284
3336
3287
3217
3097
2897
2656
2360
2061
1682
1362
1014
701
365
112
-114
-344
-533
-704
-839
-1021
-1129
-1237
-1350
-1498
-1633
-1752
-1929
-2079
-2211
-2328
-2464
-2574
-2633
-2720
-2780
-2823
-2785
-2768
-2684
-2532
-2332
-2113
-1875
-1544
-1224
-850
-476
-40
337
716
1077
1432
1734
2003
2271
2524
2737
2940
3134
3289
3378
3433
3455
3412
3309
3148
2935
2647
2317
1953
1590
1220
850
487
184
-78
-318
-530
-695
-839
-994
-1117
-1208
-1308
-1441
-1575
-1691
-1836
-1996
-2141
-2250
-2385
-2520
-2617
-2702
-2786
-2853
-2839
-2785
-2732
-2561
-2351
-2091
-1885
-1557
-1238
-882
-522
-115
286
622
998
1339
1666
1892
2158
2402
2617
2784
2987
3148
3233
3294
3341
3327
3232
3128
2944
2678
2341
1999
1615
1222
847
465
119
-169
-399
-614
-782
-899
-1024
-1150
-1239
-1296
-1399
-1520
-1625
-1728
-1895
-2039
-2126
-2247
-2397
-2516
-2574
-2686
-2750
-2757
-2674
-2654
-2510
-2273
-2018
-1808
-1530
-1156
-854
-495
-106
319
610
934
1319
1638
1857
2063
2353
2543
2686
2880
3083
3170
3224
3308
3307
3202
3112
3002
2751
2422
2084
1727
1284
882
497
121
-235
-493
-692
-887
-1026
-1131
-1235
-1355
-1399
-1451
-1537
-1657
-1721
-1849
-2014
-2097
-2159
-2299
-2445
-2496
-2569
-2658
-2718
-2622
-2607
-2547
-2357
-2068
-1828
-1615
-1218
-895
-535
-199
291
600
876
1204
1594
1824
1993
2236
2493
2627
2770
3010
3137
3227
3266
3358
3236
3161
3055
2898
2599
2278
1953
1523
1082
672
295
-92
-423
-652
-854
-1041
-1164
-1257
-1364
-1464
-1482
-1542
-1652
-1756
-1815
-1977
-2111
-2163
-2244
-2408
-2502
-2531
-2605
-2698
-2699
-2584
-2614
-2492
-2265
-1928
-1736
-1425
-1014
-687
-338
57
543
770
1075
1412
1756
1900
2090
2341
2559
2651
2845
3048
3168
3241
3296
3350
3206
3163
3014
2848
2525
2234
1861
1404
973
571
212
-187
-477
-706
-910
-1086
-1187
-1258
-1360
-1414
-1427
-1506
-1638
-1717
-1806
-1987
-2115
-2208
-2328
-2499
-2574
-2633
-2706
-2806
-2761
-2689
-2698
-2526
-2279
-1957
-1778
-1397
-1020
-698
-352
93
519
738
1078
1411
1707
1850
2078
2351
2556
2665
2892
3091
3235
3296
3387
3420
3312
3265
3125
2956
2617
2317
1908
1469
1020
634
264
-133
-424
-673
-895
-1067
-1169
-1252
-1332
-1380
-1441
-1559
-1655
-1754
-1865
-2072
-2197
-2311
-2459
-2636
-2719
-2792
-2879
-2955
-2892
-2842
-2826
-2610
-2345
-2047
-1858
-1437
-1075
-723
-368
125
525
774
1113
1474
1765
1902
2143
2445
2650
2769
3008
3227
3344
3399
3519
3530
3437
3350
3260
3052
2704
2355
1979
1546
1081
676
321
-80
-391
-635
-859
-1039
-1169
-1213
-1288
-1344
-1455
-1560
-1632
-1730
-1854
-2052
-2194
-2306
-2459
-2665
-2778
-2869
-2984
-3061
-3014
-2986
-2980
-2780
-2496
-2215
-2028
-1607
-1219
-853
-491
33
433
696
1029
1396
1715
1844
2072
2388
2627
2758
3011
3258
3371
3424
3598
3623
3567
3446
3389
3188
2852
2484
2096
1700
1227
816
446
59
-265
-505
-746
-927
-1082
-1131
-1230
-1278
-1384
-1498
-1589
-1673
-1803
-2006
-2176
-2329
-2467
-2717
-2873
-2980
-3098
-3207
-3178
-3136
-3133
-2938
-2654
-2312
-2130
-1723
-1285
-908
-543
-24
415
657
1006
1358
1694
1839
2031
2352
2605
2753
2990
3244
3394
3416
3635
3693
3662
3538
3471
3319
2966
2627
2183
1802
1332
921
532
117
-213
-459
-717
-926
-1092
-1179
-1297
-1349
-1404
-1496
-1599
-1696
-1794
-2009
-2184
-2378
-2516
-2778
-2984
-3096
-3199
-3303
-3308
-3226
-3231
-3004
-2735
-2347
-2120
-1777
-1308
-927
-554
-94
391
628
980
1342
1674
1852
2022
2355
2624
2786
3019
3250
3453
3465
3655
3758
3722
3634
3523
3429
3072
2751
2297
1908
1442
1010
620
176
-174
-427
-678
-915
-1103
-1211
-1335
-1416
-1428
-1493
-1568
-1691
-1765
-1962
-2148
-2350
-2524
-2781
-3044
-3160
-3263
-3353
-3401
-3284
-3288
-3108
-2824
-2433
-2141
-1878
-1404
-1005
-619
-228
292
586
905
1283
1648
1875
2003
2335
2639
2811
3001
3242
3487
3523
3615
3767
3737
3658
3523
3472
3178
2834
2419
2042
1588
1095
710
268
-118
-411
-641
-874
-1087
-1217
-1287
-1394
-1429
-1471
-1495
-1594
-1680
-1815
-2001
-2196
-2394
-2618
-2923
-3082
-3200
-3299
-3398
-3309
-3262
-3178
-2922
-2551
-2201
-2010
-1583
-1191
-785
-454
33
424
705
1047
1428
1747
1824
2098
2428
2669
2791
3038
3363
3501
3522
3706
3773
3714
3580
3555
3395
3022
2632
2268
1873
1322
891
482
67
-287
-541
-752
-962
-1141
-1182
-1255
-1349
-1425
-1428
-1479
-1596
-1725
-1906
-2110
-2352
-2547
-2836
-3071
-3222
-3342
-3452
-3440
-3344
-3278
-3064
-2732
-2345
-2138
-1775
-1380
-961
-596
-165
306
607
934
1291
1699
1826
2018
2347
2657
2786
2966
3306
3555
3584
3722
3874
3860
3736
3665
3616
3263
2851
2450
2099
1575
1050
639
201
-200
-532
-769
-975
-1185
-1294
-1332
-1415
-1519
-1564
-1579
-1679
-1825
-2018
-2206
-2454
-2662
-2886
-3138
-3293
-3435
-3515
-3552
-3446
-3376
-3200
-2891
-2528
-2259
-1963
-1530
-1113
-696
-296
207
564
893
1245
1682
1929
2086
2394
2747
2956
3069
3350
3613
3716
3774
3942
3972
3887
3763
3738
3487
3073
2650
2273
1845
1290
850
401
-9
-416
-714
-959
-1155
-1359
-1425
-1484
-1561
-1643
-1690
-1739
-1883
-2067
-2276
-2461
-2694
-2877
-3114
-3230
-3375
-3442
-3508
-3427
-3369
-3265
-2984
-2663
-2341
-2120
-1660
-1253
-804
-439
57
472
803
1192
1610
1966
2128
2403
2752
3024
3125
3326
3550
3682
3703
3828
3893
3836
3714
3654
3522
3165
2773
2378
1974
1475
994
573
127
-298
-649
-925
-1140
-1374
-1481
-1552
-1613
-1678
-1732
-1762
-1868
-2017
-2200
-2384
-2573
-2771
-2963
-3113
-3214
-3279
-3346
-3329
-3275
-3223
-2998
-2716
-2363
-2158
-1798
-1369
-967
-568
-190
296
594
999
1393
1778
1999
2186
2523
2801
2950
3081
3311
3491
3539
3626
3758
3765
3691
3616
3573
3321
2958
2611
2223
1762
1258
841
408
-48
-400
-687
-910
-1159
-1303
-1382
-1478
-1535
-1601
-1621
-1720
-1856
-2035
-2243
-2446
-2665
-2881
-3085
-3246
-3339
-3420
-3469
-3454
-3444
-3274
-3030
-2679
-2424
-2153
-1737
-1348
-917
-556
-74
292
658
1087
1488
1801
1972
2267
2601
2808
2947
3165
3434
3567
3622
3796
3859
3857
3752
3757
3594
3228
2887
2519
2120
1555
1119
674
235
-154
-433
-654
-900
-1073
-1159
-1234
-1307
-1373
-1407
-1464
-1597
-1759
-1994
-2191
-2432
-2643
-2880
-3082
-3231
-3337
-3407
-3445
-3455
-3389
-3163
-2881
-2568
-2365
-2001
-1636
-1238
-871
-436
-5
312
721
1136
1522
1747
1986
2334
2643
2818
3047
3343
3611
3683
3859
3992
4034
3949
3906
3846
3488
3088
2700
2340
1788
1257
798
355
-81
-392
-634
-866
-1091
-1193
-1248
-1318
-1409
-1458
-1500
-1629
-1778
-2020
-2247
-2484
-2693
-2921
-3159
-3351
-3464
-3542
-3594
-3592
-3577
-3381
-3120
-2786
-2542
-2262
-1837
-1466
-1042
-638
-123
237
609
1064
1474
1797
2015
2336
2697
2930
3137
3405
3713
3860
3957
4161
4206
4192
4074
4073
3801
3349
2930
2522
2063
1448
950
479
3
-401
-695
-944
-1202
-1379
-1441
-1499
-1573
-1645
-1629
-1728
-1871
-2040
-2293
-2497
-2729
-2916
-3164
-3396
-3505
-3581
-3627
-3622
-3583
-3432
-3168
-2839
-2515
-2293
-1860
-1455
-1004
-621
-103
338
672
1134
1545
1910
2105
2405
2752
3047
3217
3450
3725
3946
4007
4190
4275
4275
4157
4109
3976
3532
3096
2647
2211
1618
1065
563
91
-374
-708
-1001
-1251
-1496
-1604
-1668
-1731
-1787
-1782
-1772
-1938
-2056
-2280
-2487
-2712
-2919
-3137
-3392
-3565
-3613
-3666
-3667
-3629
-3526
-3268
-2997
-2584
-2373
-1987
-1574
-1119
-696
-294
231
516
959
1365
1756
1980
2188
2563
2891
3116
3317
3590
3872
3993
4158
4305
4355
4270
4159
4114
3770
3339
2871
2440
1872
1285
757
271
-179
-560
-850
-1104
-1347
-1499
-1553
-1608
-1666
-1680
-1639
-1741
-1900
-2092
-2300
-2536
-2748
-2991
-3217
-3443
-3543
-3575
-3607
-3569
-3541
-3341
-3092
-2724
-2436
-2167
-1732
-1344
-893
-515
-46
318
629
1092
1463
1775
1928
2219
2591
2849
3063
3308
3615
3788
3955
4134
4262
4249
4118
4069
3855
3495
3042
2635
2114
1512
977
474
33
-395
-696
-968
-1199
-1399
-1453
-1490
-1578
-1627
-1611
-1655
-1805
-2004
-2192
-2442
-2652
-2873
-3125
-3321
-3500
-3520
-3579
-3544
-3520
-3439
-3195
-2904
-2547
-2343
-1960
-1543
-1143
-697
-275
189
483
913
1372
1739
1991
2193
2572
2884
3106
3328
3614
3837
3963
4144
4292
4331
4231
4145
4014
3697
3277
2867
2418
1825
1245
739
259
-225
-599
-905
-1167
-1424
-1552
-1562
-1668
-1744
-1773
-1753
-1855
-2004
-2158
-2372
-2596
-2777
-2997
-3208
-3397
-3478
-3523
-3562
-3502
-3503
-3306
-3088
-2735
-2499
-2216
-1780
-1405
-946
-538
-52
295
659
1121
1531
1851
2055
2362
2716
2951
3153
3383
3671
3821
3975
4148
4244
4247
4161
4136
3909
3540
3137
2742
2259
1645
1120
641
123
-322
-700
-978
-1278
-1497
-1564
-1642
-1721
-1800
-1763
-1807
-1908
-2039
-2213
-2431
-2625
-2818
-3033
-3222
-3370
-3452
-3553
-3522
-3538
-3422
-3218
-2939
-2629
-2409
-1971
-1584
-1147
-727
-276
144
453
887
1287
1640
1872
2118
2476
2735
2964
3170
3461
3707
3868
4074
4203
4305
4249
4229
4124
3792
3404
2960
2537
1953
1356
868
335
-136
-582
-897
-1178
-1447
-1572
-1666
-1708
-1798
-1798
-1803
-1886
-2005
-2175
-2370
-2576
-2764
-2975
-3155
-3312
-3419
-3556
-3578
-3569
-3517
-3301
-3065
-2699
-2479
-2087
-1651
-1243
-802
-402
78
389
776
1174
1518
1792
1992
2331
2619
2857
3103
3352
3651
3843
4074
4227
4347
4368
4305
4241
3974
3608
3155
2678
2143
1510
973
442
-47
-484
-869
-1127
-1393
-1552
-1663
-1722
-1768
-1809
-1798
-1865
-1992
-2168
-2369
-2561
-2760
-2968
-3152
-3318
-3427
-3550
-3625
-3602
-3599
-3388
-3174
-2810
-2535
-2229
-1778
-1401
-908
-528
-24
351
723
1145
1495
1829
2031
2343
2656
2905
3169
3412
3678
3880
4083
4264
4347
4400
4347
4268
4065
3707
3305
2787
2255
1621
1028
484
-60
-489
-934
-1233
-1514
-1692
-1791
-1872
-1885
-1920
-1881
-1898
-1985
-2125
-2314
-2489
-2673
-2869
-3056
-3232
-3374
-3453
-3546
-3518
-3542
-3379
-3153
-2850
-2499
-2258
-1808
-1478
-965
-542
-64
373
720
1170
1503
1859
2070
2321
2615
2847
3096
3326
3553
3751
3902
4106
4188
4248
4227
4176
4046
3711
3362
2869
2366
1734
1137
588
27
-423
-886
-1202
-1514
-1717
-1820
-1886
-1899
-1940
-1890
-1871
-1911
-2015
-2174
-2333
-2537
-2726
-2920
-3088
-3261
-3359
-3443
-3453
-3471
-3399
-3165
-2929
-2569
-2328
-1903
-1545
-1092
-615
-176
313
655
1103
1446
1773
2011
2212
2487
2703
2945
3177
3410
3644
3808
4013
4142
4220
4229
4186
4097
3822
3466
2991
2476
1866
1246
669
113
-370
-840
-1194
-1492
-1711
-1854
-1928
-1944
-1969
-1954
-1912
-1908
-1964
-2099
-2235
-2416
-2606
-2810
-2970
-3118
-3250
-3353
-3420
-3422
-3427
-3232
-3017
-2676
-2401
-2027
-1582
-1165
-664
-248
268
642
1056
1424
1734
1994
2162
2402
2629
2842
3060
3301
3553
3756
3934
4123
4206
4261
4207
4133
3923
3567
3144
2609
2046
1394
803
250
-255
-701
-1109
-1404
-1640
-1797
-1892
-1950
-1955
-1962
-1911
-1888
-1907
-2007
-2147
-2293
-2472
-2677
-2869
-3032
-3177
-3308
-3450
-3493
-3552
-3427
-3235
-2923
-2604
-2281
-1799
-1374
-856
-443
71
486
884
1283
1609
1897
2080
2309
2562
2785
2988
3234
3493
3744
3913
4149
4245
4324
4287
4219
4078
3725
3361
2834
2310
1653
1009
447
-110
-549
-995
-1307
-1586
-1788
-1879
-1963
-1976
-2003
-1929
-1888
-1888
-1955
-2084
-2219
-2388
-2577
-2777
-2967
-3148
-3257
-3410
-3486
-3560
-3501
-3295
-3016
-2658
-2371
-1932
-1499
-1018
-580
-113
335
691
1085
1450
1755
1960
2178
2467
2719
2912
3138
3398
3657
3820
4062
4207
4290
4278
4207
4139
3834
3501
3024
2521
1930
1253
667
79
-387
-857
-1208
-1472
-1723
-1852
-1928
-1938
-1977
-1944
-1872
-1859
-1911
-2028
-2154
-2310
-2517
-2732
-2930
-3134
-3264
-3374
-3451
-3495
-3502
-3322
-3053
-2713
-2426
-2104
-1655
-1225
-779
-351
117
491
835
1226
1574
1834
2036
2326
2635
2862
3055
3305
3586
3774
3975
4160
4283
4312
4244
4209
3993
3686
3269
2781
2245
1605
983
377
-136
-630
-1057
-1363
-1624
-1821
-1929
-1972
-1994
-2031
-1991
-1959
-1997
-2083
-2199
-2324
-2518
-2732
-2945
-3135
-3274
-3368
-3427
-3443
-3463
-3367
-3131
-2833
-2505
-2260
-1863
-1430
-978
-547
-80
366
715
1115
1498
1842
2085
2333
2638
2922
3121
3328
3581
3810
3979
4129
4254
4320
4268
4204
4068
3792
3415
2951
2457
1877
1245
653
126
-366
-840
-1207
-1499
-1753
-1905
-2004
-2040
-2124
-2155
-2118
-2143
-2222
-2321
-2402
-2547
-2719
-2899
-3067
-3174
-3263
-3302
-3294
-3314
-3313
-3152
-2921
-2605
-2380
-2097
-1697
-1282
-857
-407
90
476
883
1321
1719
2047
2312
2610
2916
3144
3344
3554
3782
3946
4061
4149
4202
4184
4096
3990
3768
3441
3010
2552
2063
1440
852
334
-128
-592
-1001
-1312
-1601
-1792
-1928
-1998
-2086
-2186
-2170
-2153
-2209
-2321
-2387
-2464
-2579
-2705
-2831
-2897
-2946
-2983
-2977
-2956
-2994
-2922
-2735
-2475
-2238
-2070
-1737
-1368
-996
-600
-136
302
670
1122
1540
1890
2172
2448
2781
3017
3192
3363
3562
3711
3761
3818
3844
3825
3728
3611
3452
3173
2804
2377
1980
1454
870
386
-52
-459
-853
-1165
-1421
-1649
-1789
-1897
-1981
-2095
-2136
-2103
-2126
-2221
-2311
-2361
-2424
-2539
-2642
-2709
-2736
-2759
-2803
-2778
-2803
-2797
-2657
-2446
-2205
-2087
-1868
-1503
-1165
-788
-403
43
432
865
1334
1705
2020
2285
2639
2973
3161
3328
3533
3734
3784
3825
3881
3870
3803
3671
3550
3330
3000
2599
2217
1800
1233
741
301
-109
-499
-873
-1124
-1390
-1598
-1749
-1877
-2013
-2141
-2152
-2176
-2256
-2356
-2429
-2450
-2553
-2670
-2746
-2809
-2823
-2900
-2922
-2942
-2978
-2890
-2716
-2471
-2326
-2204
-1868
-1529
-1141
-748
-333
82
485
984
1412
1768
2034
2336
2741
2998
3159
3361
3614
3742
3798
3909
3953
3942
3850
3756
3612
3347
2989
2598
2224
1704
1163
702
267
-119
-548
-868
-1124
-1382
-1567
-1697
-1817
-1978
-2037
-2050
-2113
-2207
-2307
-2341
-2408
-2536
-2629
-2728
-2799
-2887
-2974
-3035
-3121
-3112
-2972
-2749
-2534
-2443
-2162
-1813
-1426
-974
-537
-85
302
768
1219
1612
1903
2124
2488
2785
2946
3103
3341
3537
3623
3747
3837
3891
3863
3807
3730
3563
3285
2910
2534
2047
1473
945
449
31
-404
-831
-1126
-1402
-1619
-1746
-1830
-1942
-2000
-1984
-1990
-2037
-2124
-2186
-2241
-2350
-2475
-2589
-2717
-2831
-2956
-3067
-3184
-3259
-3184
-2986
-2727
-2560
-2309
-1930
-1540
-1059
-564
-61
374
828
1269
1661
1969
2149
2417
2685
2847
2973
3144
3336
3445
3542
3637
3722
3772
3761
3733
3636
3420
3088
2710
2239
1659
1070
520
9
-422
-898
-1254
-1541
-1783
-1909
-2000
-2056
-2084
-2020
-1966
-1941
-1971
-2018
-2057
-2138
-2265
-2399
-2534
-2677
-2822
-2973
-3104
-3223
-3240
-3084
-2844
-2597
-2370
-1965
-1537
-1064
-546
-26
453
898
1337
1729
2023
2184
2376
2616
2770
2901
3032
3216
3363
3441
3553
3635
3756
3790
3803
3755
3551
3241
2848
2391
1814
1180
604
17
-446
-935
-1322
-1617
-1870
-1981
-2110
-2166
-2210
-2129
-2064
-2023
-2018
-2057
-2065
-2129
-2222
-2360
-2477
-2607
-2736
-2896
-3035
-3167
-3242
-3132
-2958
-2688
-2501
-2121
-1649
-1172
-640
-116
397
834
1266
1692
2000
2172
2327
2561
2739
2872
2982
3148
3336
3431
3574
3650
3790
3836
3867
3850
3668
3394
2999
2573
2015
1386
796
204
-291
-783
-1193
-1501
-1756
-1863
-1989
-2066
-2154
-2096
-2020
-1993
-1992
-2056
-2068
-2137
-2214
-2359
-2483
-2614
-2733
-2878
-3031
-3180
-3278
-3192
-3051
-2809
-2647
-2358
-1896
-1436
-913
-389
138
578
984
1435
1784
2008
2177
2410
2631
2771
2887
3037
3238
3366
3536
3646
3777
3823
3843
3844
3700
3483
3148
2768
2249
1656
1067
509
3
-490
-937
-1291
-1571
-1736
-1852
-1938
-2047
-2045
-1974
-1928
-1907
-1966
-2004
-2069
-2145
-2289
-2422
-2573
-2719
-2858
-3030
-3203
-3328
-3280
-3138
-2906
-2715
-2489
-2081
-1648
-1157
-636
-87
377
790
1251
1645
1940
2154
2405
2665
2814
2924
3056
3246
3385
3519
3653
3764
3811
3812
3811
3692
3501
3219
2866
2396
1824
1228
685
182
-299
-761
-1153
-1462
-1695
-1838
-1938
-2025
-2064
-2029
-1983
-1940
-1963
-2017
-2062
-2125
-2244
-2380
-2530
-2685
-2824
-3003
-3202
-3360
-3383
-3278
-3073
-2847
-2624
-2264
-1852
-1398
-895
-327
177
626
1107
1545
1895
2160
2418
2716
2910
3017
3119
3286
3450
3559
3697
3801
3865
3877
3882
3798
3627
3372
3016
2594
2049
1442
868
330
-157
-614
-1027
-1365
-1627
-1812
-1949
-2029
-2083
-2074
-2037
-1995
-1998
-2068
-2114
-2159
-2238
-2379
-2526
-2671
-2804
-2950
-3139
-3314
-3405
-3349
-3187
-2963
-2737
-2413
-1988
-1560
-1078
-529
8
480
971
1464
1850
2149
2384
2682
2926
3047
3122
3225
3376
3457
3584
3685
3737
3771
3780
3747
3626
3411
3082
2712
2238
1668
1095
528
5
-438
-861
-1214
-1501
-1714
-1869
-1960
-2026
-2034
-1967
-1917
-1879
-1930
-1992
-2043
-2094
-2232
-2392
-2556
-2730
-2867
-3029
-3215
-3373
-3386
-3280
-3087
-2881
-2628
-2206
-1785
-1320
-816
-267
204
684
1216
1649
2004
2228
2497
2764
2931
3026
3103
3265
3330
3439
3552
3597
3650
3657
3681
3616
3461
3184
2862
2471
1950
1401
850
289
-174
-613
-988
-1310
-1584
-1763
-1897
-1975
-2018
-1942
-1873
-1814
-1807
-1860
-1904
-1955
-2056
-2217
-2372
-2588
-2765
-2935
-3128
-3327
-3420
-3356
-3225
-3013
-2811
-2414
-1972
-1488
-1005
-438
53
520
1060
1527
1928
2175
2413
2670
2857
2962
3036
3198
3293
3352
3483
3530
3592
3578
3629
3611
3465
3239
2953
2602
2106
1548
1013
444
-66
-520
-909
-1233
-1574
-1758
-1910
-2004
-2070
-2020
-1913
-1866
-1827
-1850
-1849
-1917
-1988
-2133
-2271
-2481
-2692
-2873
-3083
-3293
-3463
-3410
-3339
-3148
-2960
-2595
-2131
-1623
-1136
-554
-18
441
972
1469
1879
2151
2377
2628
2860
2953
3055
3198
3356
3398
3538
3656
3738
3731
3764
3827
3669
3434
3172
2836
2333
1722
1162
589
24
-487
-913
-1208
-1585
-1803
-1918
-2017
-2082
-2090
-1974
-1919
-1904
-1945
-1920
-1979
-2092
-2250
-2406
-2586
-2810
-2981
-3170
-3353
-3575
-3546
-3451
-3286
-3100
-2786
-2303
-1781
-1275
-717
-125
354
854
1389
1827
2135
2368
2596
2897
3012
3136
3256
3440
3517
3607
3794
3904
3946
3914
4011
3917
3670
3399
3074
2604
1961
1356
765
168
-381
-887
-1194
-1544
-1826
-1931
-2011
-2052
-2091
-2007
-1929
-1900
-1944
-1962
-1985
-2113
-2288
-2477
-2648
-2863
-3051
-3219
-3378
-3600
-3677
-3579
-3419
-3221
-2979
-2530
-2025
-1515
-1007
-418
100
558
1104
1590
1964
2231
2447
2769
2940
3089
3215
3391
3538
3594
3807
3944
4049
3992
4042
4026
3821
3570
3249
2857
2242
1612
1032
423
-130
-669
-1026
-1336
-1658
-1804
-1885
-1903
-1961
-1926
-1844
-1815
-1830
-1896
-1915
-2030
-2205
-2395
-2577
-2772
-3007
-3179
-3340
-3538
-3697
-3652
-3508
-3299
-3079
-2689
-2201
-1702
-1224
-679
-125
319
851
1381
1820
2127
2343
2636
2853
2989
3122
3259
3431
3482
3657
3806
3927
3914
3890
3915
3771
3551
3245
2908
2397
1762
1182
590
29
-504
-919
-1201
-1521
-1725
-1837
-1863
-1895
-1912
-1820
-1764
-1736
-1800
-1828
-1885
-2040
-2201
-2384
-2540
-2786
-3012
-3197
-3367
-3553
-3591
-3475
-3288
-3083
-2777
-2319
-1831
-1362
-874
-308
163
645
1158
1642
1983
2211
2446
2704
2864
2985
3125
3300
3396
3524
3702
3843
3917
3892
3923
3854
3670
3380
3053
2615
2028
1421
823
249
-312
-779
-1103
-1383
-1634
-1794
-1865
-1898
-1919
-1863
-1779
-1734
-1792
-1843
-1899
-2022
-2197
-2394
-2557
-2800
-3029
-3272
-3432
-3611
-3696
-3591
-3432
-3191
-2956
-2519
-2036
-1525
-1006
-469
87
544
1065
1558
1931
2208
2396
2679
2867
3029
3179
3328
3484
3553
3764
3894
4027
4037
4044
4028
3844
3604
3239
2833
2268
1651
1047
427
-149
-688
-1075
-1356
-1621
-1801
-1926
-1951
-1983
-1933
-1849
-1798
-1813
-1889
-1924
-2036
-2207
-2442
-2633
-2860
-3096
-3319
-3518
-3678
-3814
-3733
-3559
-3316
-3085
-2725
-2240
-1742
-1196
-654
-88
396
891
1420
1827
2122
2323
2577
2817
2973
3163
3301
3484
3565
3762
3935
4069
4146
4140
4171
4012
3809
3470
3068
2524
1892
1271
631
33
-525
-977
-1282
-1551
-1752
-1902
-1943
-1951
-1923
-1827
-1777
-1749
-1833
-1873
-1947
-2105
-2364
-2610
-2820
-3066
-3283
-3506
-3661
-3832
-3832
-3658
-3407
-3159
-2877
-2415
-1916
-1389
-837
-254
278
752
1284
1771
2109
2348
2578
2854
2998
3156
3287
3474
3568
3690
3865
3972
4070
4063
4117
4018
3825
3539
3177
2672
2032
1385
764
148
-414
-889
-1246
-1546
-1793
-1952
-2013
-2027
-2004
-1912
-1820
-1782
-1811
-1861
-1913
-2021
-2249
-2491
-2719
-2947
-3154
-3393
-3564
-3744
-3802
-3668
-3458
-3172
-2937
-2509
-2040
-1512
-975
-405
158
626
1135
1631
2021
2303
2535
2817
2988
3125
3245
3408
3560
3637
3807
3886
4014
4021
4077
4042
3882
3626
3283
2840
2240
1598
976
377
-197
-675
-1084
-1394
-1680
-1862
-1965
-1987
-1980
-1926
-1821
-1775
-1777
-1859
-1931
-2028
-2221
-2467
-2704
-2931
-3134
-3375
-3557
-3720
-3818
-3724
-3550
-3252
-3033
-2653
-2196
-1687
-1162
-615
-42
432
900
1401
1823
2143
2383
2678
2924
3070
3218
3363
3576
3663
3834
3940
4063
4101
4115
4117
3986
3736
3379
2947
2405
1766
1142
527
-75
-595
-1040
-1351
-1639
-1831
-1960
-1983
-1971
-1930
-1813
-1737
-1712
-1791
-1868
-1954
-2135
-2362
-2623
-2836
-3067
-3289
-3478
-3629
-3743
-3706
-3531
-3276
-3053
-2740
-2287
-1813
-1310
-795
-223
236
674
1148
1589
1926
2174
2454
2754
2936
3115
3284
3518
3674
3830
4005
4105
4192
4181
4196
4115
3887
3539
3110
2591
1969
1329
704
80
-490
-973
-1326
-1608
-1819
-1939
-1977
-1959
-1917
-1810
-1707
-1667
-1718
-1814
-1906
-2094
-2328
-2622
-2855
-3095
-3329
-3532
-3701
-3817
-3835
-3660
-3417
-3159
-2894
-2415
-1922
-1402
-913
-328
170
586
1071
1510
1880
2130
2395
2728
2918
3106
3291
3518
3729
3853
4086
4148
4257
4259
4263
4226
4016
3717
3312
2813
2203
1543
906
281
-298
-811
-1235
-1537
-1806
-1928
-1992
-1988
-1956
-1888
-1773
-1732
-1728
-1830
-1928
-2117
-2359
-2664
-2942
-3163
-3403
-3628
-3830
-3943
-3987
-3830
-3580
-3251
-3002
-2543
-2026
-1465
-990
-447
111
511
996
1425
1827
2089
2331
2692
2901
3086
3268
3475
3719
3827
4091
4161
4258
4289
4258
4239
4040
3791
3397
2940
2361
1708
1063
447
-91
-612
-1065
-1368
-1658
-1820
-1908
-1913
-1894
-1887
-1776
-1745
-1706
-1803
-1883
-2058
-2299
-2595
-2902
-3127
-3378
-3602
-3832
-3944
-4016
-3875
-3645
-3290
-3021
-2634
-2139
-1594
-1104
-624
-53
362
814
1255
1672
1961
2207
2557
2844
3041
3252
3446
3701
3808
4049
4183
4258
4307
4250
4230
4030
3800
3411
2969
2414
1782
1148
528
-13
-525
-991
-1302
-1578
-1782
-1894
-1913
-1905
-1936
-1835
-1795
-1748
-1817
-1873
-2005
-2227
-2490
-2771
-2997
-3255
-3446
-3663
-3775
-3877
-3772
-3559
-3251
-2965
-2659
-2189
-1714
-1211
-743
-199
256
661
1121
1532
1845
2092
2374
2712
2916
3144
3335
3599
3736
3895
4088
4182
4275
4217
4226
4090
3854
3503
3094
2591
1957
1333
741
175
-353
-824
-1140
-1408
-1652
-1797
-1849
-1847
-1903
-1813
-1747
-1731
-1788
-1885
-1977
-2189
-2441
-2728
-2937
-3192
-3419
-3607
-3737
-3845
-3836
-3630
-3377
-3090
-2858
-2385
-1915
-1445
-963
-431
75
448
945
1393
1738
2013
2276
2637
2860
3069
3264
3526
3730
3840
4048
4141
4265
4237
4233
4196
3975
3666
3271
2837
2233
1585
971
384
-160
-653
-1009
-1285
-1554
-1755
-1864
-1854
-1892
-1849
-1736
-1731
-1766
-1895
-1970
-2142
-2368
-2672
-2901
-3118
-3383
-3577
-3739
-3819
-3883
-3703
-3475
-3153
-2948
-2535
-2002
-1560
-1088
-596
-57
312
768
1258
1641
1935
2188
2533
2816
2983
3164
3403
3683
3787
3970
4085
4190
4221
4171
4196
4031
3756
3380
2991
2445
1806
1168
577
26
-485
-870
-1175
-1448
-1673
-1817
-1833
-1837
-1853
-1752
-1739
-1781
-1905
-1987
-2122
-2339
-2628
-2890
-3087
-3355
-3552
-3730
-3801
-3890
-3761
-3524
-3200
-2953
-2651
-2092
-1651
-1200
-747
-214
210
597
1086
1510
1823
2085
2388
2749
2936
3118
3339
3669
3830
3962
4120
4204
4306
4236
4254
4134
3893
3527
3140
2640
2006
1358
754
199
-356
-795
-1138
-1418
-1660
-1811
-1881
-1879
-1921
-1875
-1838
-1877
-1985
-2082
-2154
-2353
-2612
-2878
-3061
-3300
-3489
-3654
-3738
-3836
-3803
-3558
-3271
-2971
-2744
-2217
-1754
-1314
-850
-338
160
527
982
1439
1757
2039
2291
2670
2892
3063
3265
3571
3815
3913
4094
4174
4338
4323
4334
4236
4030
3690
3289
2833
2209
1562
936
375
-213
-717
-1109
-1384
-1640
-1795
-1887
-1909
-1933
-1923
-1856
-1859
-1921
-2064
-2102
-2259
-2504
-2775
-2971
-3181
-3386
-3538
-3661
-3759
-3845
-3640
-3387
-3070
-2856
-2411
-1907
-1475
-1006
-501
49
430
853
1332
1672
1982
2197
2556
2820
2970
3163
3422
3720
3820
4007
4089
4265
4312
4331
4278
4077
3771
3358
2957
2364
1717
1084
530
-87
-638
-1072
-1366
-1640
-1856
-1952
-1988
-2000
-2012
-1903
-1861
-1837
-1977
-2016
-2113
-2337
-2595
-2817
-2988
-3231
-3390
-3536
-3629
-3775
-3638
-3398
-3098
-2856
-2500
-1971
-1526
-1084
-606
-18
383
786
1262
1614
1939
2127
2418
2715
2854
3024
3241
3544
3661
3828
3923
4068
4165
4165
4197
4048
3798
3406
3044
2534
1902
1268
730
137
-433
-894
-1211
-1484
-1774
-1913
-1971
-1979
-2027
-1922
-1862
-1797
-1886
-1959
-2010
-2203
-2459
-2720
-2867
-3131
-3328
-3494
-3594
-3755
-3678
-3456
-3199
-2933
-2652
-2114
-1663
-1220
-783
-187
246
636
1124
1475
1784
1986
2222
2539
2688
2856
3083
3378
3543
3694
3851
3963
4110
4092
4167
4093
3902
3566
3201
2756
2143
1515
954
397
-176
-670
-1022
-1296
-1618
-1806
-1907
-1938
-1995
-1921
-1846
-1778
-1812
-1899
-1923
-2073
-2316
-2614
-2780
-3028
-3258
-3436
-3567
-3749
-3747
-3556
-3337
-3064
-2842
-2306
-1840
-1369
-920
-342
148
512
1022
1401
1678
1896
2085
2406
2548
2669
2895
3170
3384
3513
3749
3871
4051
4045
4120
4104
3961
3696
3338
2945
2350
1756
1166
614
58
-470
-859
-1150
-1460
-1679
-1791
-1841
-1886
-1828
-1742
-1670
-1658
-1752
-1772
-1902
-2131
-2456
-2677
-2908
-3170
-3363
-3550
-3724
-3825
-3695
-3509
-3226
-3033
-2558
-2062
-1601
-1112
-588
-35
324
793
1231
1505
1756
1907
2226
2417
2502
2711
2968
3256
3389
3655
3832
4042
4099
4157
4199
4105
3910
3566
3217
2643
2066
1447
858
301
-270
-723
-1069
-1360
-1620
-1760
-1828
-1868
-1857
-1769
-1702
-1666
-1759
-1785
-1891
-2122
-2435
-2688
-2891
-3171
-3360
-3595
-3738
-3898
-3842
-3661
-3375
-3129
-2768
-2212
-1770
-1264
-776
-194
245
646
1123
1447
1733
1883
2141
2437
2541
2710
2933
3243
3399
3591
3803
3974
4113
4128
4206
4160
4020
3716
3388
2877
2281
1677
1056
503
-75
-566
-954
-1236
-1508
-1686
-1778
-1810
-1855
-1788
-1713
-1652
-1723
-1785
-1835
-2051
-2343
-2617
-2798
-3079
-3286
-3543
-3705
-3885
-3937
-3771
-3538
-3226
-2985
-2440
-1958
-1480
-989
-443
96
477
938
1335
1629
1833
1992
2327
2514
2650
2865
3150
3376
3483
3729
3872
4087
4133
4209
4230
4118
3883
3540
3118
2499
1887
1256
683
103
-427
-854
-1172
-1470
-1709
-1830
-1857
-1936
-1935
-1854
-1762
-1763
-1855
-1875
-2010
-2248
-2513
-2693
-2928
-3143
-3376
-3556
-3710
-3845
-3726
-3557
-3226
-3020
-2593
-2050
-1575
-1079
-579
9
434
842
1291
1607
1852
1963
2201
2446
2557
2724
2948
3235
3328
3566
3739
3975
4120
4193
4284
4210
4046
3711
3340
2763
2126
1490
897
313
-233
-699
-1053
-1355
-1656
-1826
-1851
-1903
-1987
-1949
-1872
-1796
-1878
-1931
-2015
-2187
-2427
-2656
-2851
-3075
-3284
-3484
-3590
-3743
-3706
-3592
-3312
-3053
-2781
-2276
-1787
-1285
-832
-275
237
611
1038
1422
1708
1878
2001
2257
2410
2562
2718
3008
3214
3399
3687
3880
4136
4209
4331
4330
4235
3987
3618
3158
2522
1890
1256
675
96
-397
-820
-1139
-1449
-1699
-1799
-1803
-1883
-1928
-1887
-1812
-1801
-1877
-1941
-2081
-2266
-2548
-2772
-3005
-3237
-3441
-3597
-3687
-3793
-3695
-3529
-3213
-2970
-2629
-2123
-1671
-1192
-739
-184
266
623
1049
1403
1649
1806
1982
2251
2414
2586
2776
3110
3285
3527
3828
4031
4261
4283
4405
4325
4202
3887
3514
3036
2380
1767
1137
602
15
-455
-828
-1131
-1423
-1642
-1715
-1732
-1824
-1832
-1798
-1751
-1791
-1874
-1922
-2125
-2343
-2651
-2819
-3091
-3323
-3513
-3643
-3731
-3877
-3709
-3512
-3163
-2958
-2539
-2042
-1620
-1180
-716
-168
241
597
1035
1357
1577
1748
1983
2300
2447
2653
2859
3225
3347
3612
3888
4096
4307
4338
4458
4317
4156
3807
3483
2991
2347
1726
1128
606
-2
-471
-834
-1132
-1439
-1664
-1756
-1812
-1912
-1884
-1881
-1839
-1922
-1992
-2013
-2247
-2457
-2721
-2821
-3095
-3298
-3477
-3585
-3697
-3869
-3657
-3449
-3120
-2935
-2453
-1954
-1526
-1090
-600
-45
341
724
1154
1450
1660
1821
2099
2395
2527
2737
2934
3291
3382
3668
3899
4104
4276
4353
4443
4268
4086
3720
3408
2876
2252
1607
1016
468
-141
-624
-1006
-1306
-1603
-1806
-1898
-1967
-2026
-1962
-1939
-1882
-1944
-1975
-1990
-2178
-2353
-2546
-2631
-2875
-3048
-3233
-3346
-3492
-3681
-3492
-3323
-3053
-2911
-2457
-1985
-1546
-1100
-618
-71
276
666
1067
1336
1534
1670
1941
2195
2318
2531
2743
3101
3223
3557
3818
4064
4225
4361
4468
4324
4174
3808
3496
2939
2337
1687
1098
530
-78
-569
-963
-1258
-1544
-1723
-1803
-1880
-1915
-1864
-1833
-1784
-1833
-1835
-1889
-2049
-2243
-2425
-2548
-2797
-2979
-3189
-3319
-3492
-3683
-3525
-3376
-3121
-2990
-2577
-2111
-1661
-1193
-720
-171
151
533
930
1204
1391
1516
1779
2028
2143
2360
2607
2969
3120
3454
3769
4055
4217
4343
4472
4360
4225
3858
3544
2999
2390
1747
1161
615
-3
-487
-864
-1128
-1405
-1583
-1633
-1703
-1738
-1723
-1691
-1659
-1720
-1726
-1801
-1955
-2191
-2412
-2564
-2825
-3043
-3277
-3419
-3561
-3759
-3635
-3485
-3202
-3047
-2675
-2178
-1720
-1239
-792
-223
117
472
872
1190
1387
1512
1766
2060
2185
2396
2667
3043
3237
3515
3860
4143
4337
4401
4535
4444
4283
3912
3570
3077
2422
1763
1139
603
-41
-566
-957
-1213
-1484
-1693
-1757
-1797
-1832
-1837
-1808
-1772
-1817
-1858
-1896
-2022
-2223
-2471
-2617
-2838
-3070
-3291
-3428
-3488
-3684
-3620
-3476
-3178
-2992
-2690
-2158
-1682
-1194
-789
-206
195
516
895
1244
1472
1585
1798
2124
2263
2440
2675
3045
3302
3517
3874
4128
4379
4400
4542
4492
4320
3975
3603
3186
2502
1845
1186
648
-5
-581
-995
-1285
-1564
-1799
-1895
-1909
-1962
-1964
-1934
-1881
-1878
-1929
-1907
-1995
-2122
-2353
-2494
-2684
-2931
-3119
-3267
-3303
-3505
-3517
-3405
-3171
-2962
-2728
-2208
-1742
-1259
-862
-312
136
441
785
1122
1365
1490
1660
1963
2117
2268
2473
2800
3115
3321
3689
3938
4237
4310
4473
4484
4346
4074
3708
3334
2688
2054
1384
819
192
-384
-821
-1155
-1444
-1693
-1813
-1819
-1869
-1879
-1851
-1801
-1754
-1786
-1763
-1839
-1961
-2168
-2362
-2568
-2857
-3056
-3235
-3325
-3520
-3598
-3502
-3338
-3101
-2880
-2399
-1933
-1434
-988
-465
4
329
655
959
1197
1349
1513
1769
1956
2117
2340
2638
2980
3224
3590
3855
4148
4293
4442
4476
4359
4136
3787
3410
2816
2201
1539
938
337
-214
-656
-1010
-1287
-1537
-1678
-1708
-1719
-1720
-1699
-1651
-1588
-1584
-1594
-1665
-1810
-2013
-2245
-2479
-2776
-3026
-3235
-3386
-3566
-3699
-3628
-3477
-3230
-2997
-2588
-2119
-1629
-1146
-644
-161
187
498
799
1033
1205
1361
1599
1836
2021
2270
2574
2947
3227
3571
3881
4164
4357
4474
4535
4429
4223
3884
3501
2946
2313
1654
1016
413
-169
-636
-1015
-1291
-1551
-1729
-1802
-1796
-1763
-1729
-1663
-1590
-1554
-1552
-1597
-1709
-1891
-2110
-2332
-2581
-2845
-3076
-3250
-3411
-3559
-3546
-3386
-3154
-2905
-2576
-2115
-1659
-1195
-734
-252
122
405
715
970
1167
1303
1501
1777
1973
2209
2486
2858
3163
3443
3772
4034
4274
4342
4420
4344
4152
3827
3442
2948
2301
1650
988
406
-188
-688
-1079
-1353
-1596
-1799
-1894
-1886
-1825
-1772
-1674
-1570
-1506
-1482
-1485
-1527
-1667
-1862
-2076
-2276
-2538
-2793
-3003
-3167
-3333
-3395
-3258
-3065
-2829
-2583
-2158
-1739
-1312
-908
-447
-37
214
529
829
1062
1204
1354
1634
1849
2051
2284
2617
2948
3169
3512
3775
4052
4148
4248
4261
4113
3851
3490
3077
2454
1812
1152
594
29
-490
-884
-1171
-1401
-1594
-1696
-1697
-1631
-1581
-1480
-1362
-1288
-1270
-1273
-1311
-1442
-1639
-1882
-2104
-2377
-2663
-2913
-3107
-3306
-3458
-3381
-3220
-3007
-2828
-2454
-2035
-1616
-1211
-787
-306
-49
236
574
849
1007
1125
1373
1620
1806
2003
2301
2696
2913
3242
3585
3891
4076
4191
4303
4224
4017
3678
3311
2751
2100
1437
873
357
-187
-615
-915
-1148
-1345
-1444
-1447
-1376
-1329
-1252
-1130
-1048
-1029
-1060
-1113
-1265
-1489
-1739
-2008
-2294
-2606
-2882
-3107
-3316
-3547
-3569
-3447
-3245
-3086
-2804
-2361
-1946
-1503
-1091
-584
-238
7
350
665
855
962
1151
1417
1617
1809
2052
2483
2797
3080
3498
3851
4136
4269
4415
4419
4255
3956
3580
3098
2461
1783
1146
614
54
-478
-843
-1092
-1308
-1456
-1485
-1407
-1342
-1284
-1157
-1052
-986
-1014
-1072
-1183
-1429
-1678
-1947
-2226
-2546
-2841
-3094
-3286
-3502
-3622
-3537
-3357
-3150
-2937
-2520
-2084
-1653
-1233
-763
-328
-73
224
572
809
938
1084
1342
1578
1778
2006
2371
2785
3050
3446
3829
4144
4315
4406
4461
4313
4057
3673
3234
2640
1962
1293
686
127
-441
-877
-1143
-1329
-1499
-1567
-1497
-1399
-1349
-1218
-1097
-1002
-977
-1033
-1101
-1307
-1577
-1841
-2096
-2403
-2717
-2986
-3186
-3336
-3487
-3458
-3304
-3084
-2874
-2553
-2122
-1719
-1327
-918
-465
-143
94
409
696
863
995
1206
1490
1708
1940
2239
2662
2988
3321
3710
4029
4253
4316
4377
4286
4069
3709
3293
2772
2112
1439
802
224
-323
-785
-1078
-1239
-1380
-1468
-1428
-1303
-1242
-1151
-1027
-933
-905
-952
-1026
-1184
-1463
-1765
-2031
-2310
-2641
-2930
-3144
-3280
-3413
-3463
-3352
-3162
-2947
-2706
-2328
-1935
-1560
-1190
-776
-388
-129
133
436
661
817
993
1277
1554
1801
2085
2471
2869
3193
3564
3901
4170
4294
4352
4334
4185
3873
3473
3002
2400
1727
1088
515
-17
-476
-805
-990
-1125
-1207
-1209
-1101
-1004
-940
-843
-745
-714
-761
-851
-997
-1247
-1574
-1883
-2170
-2479
-2796
-3038
-3208
-3354
-3472
-3459
-3331
-3144
-2946
-2665
-2292
-1937
-1586
-1208
-815
-494
-238
47
322
526
706
957
1282
1577
1864
2215
2636
2999
3329
3691
4002
4217
4321
4366
4313
4098
3728
3297
2772
2130
1475
890
368
-128
-526
-785
-956
-1082
-1127
-1071
-958
-877
-799
-676
-596
-608
-682
-813
-1011
-1314
-1643
-1944
-2240
-2557
-2838
-3042
-3216
-3374
-3457
-3385
-3240
-3052
-2843
-2533
-2186
-1857
-1508
-1124
-774
-498
-230
65
327
529
762
1070
1412
1709
2029
2408
2799
3119
3453
3793
4057
4215
4280
4290
4152
3864
3454
2996
2423
1773
1151
605
109
-355
-695
-920
-1068
-1159
-1150
-1067
-949
-861
-747
-620
-570
-606
-712
-865
-1097
-1405
-1725
-2016
-2308
-2600
-2846
-3028
-3174
-3301
-3315
-3197
-3023
-2836
-2625
-2319
-1997
-1686
-1350
-990
-683
-429
-162
143
397
620
885
1223
1556
1853
2186
2567
2934
3241
3582
3879
4091
4175
4196
4138
3934
3606
3191
2719
2135
1510
939
434
-35
-439
-704
-876
-976
-1017
-978
-897
-792
-700
-593
-511
-511
-584
-734
-914
-1184
-1495
-1826
-2129
-2430
-2707
-2939
-3115
-3242
-3353
-3336
-3225
-3060
-2897
-2689
-2396
-2092
-1782
-1452
-1099
-805
-526
-242
82
351
609
910
1259
1576
1890
2241
2636
3000
3322
3662
3915
4106
4151
4184
4083
3877
3557
3165
2697
2116
1547
1010
533
101
-241
-451
-597
-671
-697
-672
-621
-564
-485
-434
-398
-447
-545
-727
-952
-1250
-1572
-1904
-2219
-2523
-2799
-3026
-3221
-3349
-3478
-3458
-3383
-3237
-3087
-2879
-2592
-2301
-1973
-1647
-1280
-987
-676
-369
-31
263
549
875
1229
1545
1885
2254
2674
3045
3376
3728
3969
4185
4228
4289
4174
3972
3654
3261
2802
2218
1663
1132
663
239
-95
-302
-449
-539
-574
-566
-521
-500
-440
-417
-397
-460
-582
-767
-1028
-1338
-1690
-2023
-2347
-2663
-2953
-3185
-3379
-3507
-3626
-3573
-3477
-3315
-3147
-2904
-2591
-2299
-1959
-1635
-1254
-976
-672
-351
-18
278
572
919
1300
1630
2010
2415
2862
3236
3563
3926
4144
4327
4330
4353
4190
3922
3568
3151
2676
2073
1518
1011
551
141
-167
-352
-481
-586
-599
-573
-509
-509
-455
-433
-439
-509
-639
-802
-1086
-1401
-1760
-2071
-2400
-2722
-2998
-3215
-3387
-3519
-3606
-3530
-3410
-3239
-3056
-2793
-2480
-2192
-1856
-1540
-1185
-931
-654
-331
-16
262
550
903
1311
1657
2064
2491
2945
3314
3639
3996
4200
4330
4299
4276
4092
3797
3431
3031
2566
1983
1446
981
549
154
-130
-290
-400
-514
-527
-483
-407
-405
-362
-342
-373
-477
-620
-780
-1079
-1417
-1784
-2087
-2425
-2762
-3034
-3237
-3407
-3568
-3656
-3593
-3478
-3327
-3147
-2889
-2589
-2309
-1980
-1652
-1318
-1067
-787
-443
-115
154
443
809
1234
1599
2017
2450
2904
3263
3592
3947
4176
4302
4279
4257
4097
3835
3493
3142
2713
2163
1646
1207
799
403
112
-42
-152
-277
-318
-277
-216
-212
-181
-174
-234
-391
-569
-763
-1079
-1458
-1838
-2157
-2507
-2858
-3131
-3317
-3500
-3686
-3786
-3732
-3625
-3496
-3314
-3057
-2756
-2476
-2138
-1781
-1439
-1178
-887
-524
-184
76
359
738
1167
1536
1946
2390
2841
3194
3519
3885
4158
4317
4333
4329
4195
3947
3626
3302
2892
2337
1812
1369
969
556
248
84
-24
-151
-209
-160
-108
-100
-88
-81
-177
-371
-599
-831
-1177
-1589
-1990
-2324
-2668
-3020
-3285
-3445
-3600
-3769
-3852
-3786
-3654
-3528
-3336
-3079
-2760
-2479
-2148
-1786
-1431
-1161
-887
-531
-187
77
346
724
1154
1522
1909
2343
2793
3151
3452
3797
4079
4266
4306
4313
4188
3946
3634
3312
2923
2381
1859
1419
1041
640
324
147
35
-75
-141
-96
-42
-30
-40
-46
-141
-342
-590
-841
-1173
-1575
-1980
-2317
-2639
-2969
-3234
-3394
-3515
-3660
-3738
-3697
-3560
-3436
-3262
-3028
-2730
-2458
-2172
-1834
-1485
-1204
-961
-647
-305
-28
237
587
1007
1377
1735
2149
2589
2969
3261
3593
3879
4080
4159
4192
4126
3918
3639
3332
2983
2499
2006
1586
1222
848
527
341
216
120
54
85
124
123
95
60
-25
-229
-467
-734
-1052
-1438
-1843
-2204
-2548
-2885
-3173
-3374
-3520
-3667
-3765
-3780
-3692
-3576
-3427
-3213
-2951
-2670
-2403
-2085
-1746
-1440
-1184
-904
-559
-259
34
365
778
1183
1544
1964
2404
2827
3155
3501
3830
4055
4184
4245
4261
4118
3870
3589
3275
2855
2374
1950
1573
1194
841
622
482
366
269
267
276
248
179
110
19
-207
-463
-748
-1072
-1470
-1899
-2289
-2656
-3008
-3309
-3515
-3659
-3791
-3882
-3906
-3851
-3739
-3595
-3374
-3129
-2844
-2568
-2255
-1927
-1613
-1332
-1064
-730
-414
-87
259
672
1126
1540
1980
2431
2890
3277
3623
3968
4216
4383
4435
4455
4354
4120
3823
3496
3110
2638
2173
1754
1371
997
715
544
423
301
242
218
205
139
36
-67
-276
-535
-844
-1178
-1560
-2004
-2441
-2822
-3152
-3448
-3667
-3799
-3872
-3929
-3953
-3905
-3768
-3611
-3411
-3182
-2901
-2628
-2348
-2039
-1713
-1424
-1179
-865
-514
-169
183
616
1115
1584
2022
2491
2969
3381
3705
4028
4285
4448
4488
4486
4419
4197
3885
3565
3220
2782
2309
1894
1533
1164
830
616
483
335
222
156
152
84
-41
-139
-325
-579
-884
-1191
-1535
-1945
-2380
-2761
-3052
-3336
-3559
-3702
-3762
-3809
-3841
-3809
-3707
-3563
-3403
-3217
-2985
-2735
-2482
-2213
-1901
-1607
-1356
-1088
-735
-359
-9
413
900
1415
1867
2312
2786
3230
3568
3848
4111
4291
4370
4354
4326
4207
3954
3658
3365
3036
2613
2225
1882
1560
1229
956
792
636
508
383
340
287
137
-1
-180
-425
-738
-1053
-1382
-1760
-2156
-2549
-2846
-3116
-3342
-3508
-3613
-3675
-3739
-3765
-3770
-3727
-3631
-3505
-3349
-3155
-2914
-2663
-2399
-2107
-1792
-1502
-1201
-817
-424
-17
425
919
1427
1884
2306
2755
3175
3491
3762
4003
4184
4265
4287
4293
4210
4004
3743
3510
3189
2818
2455
2129
1819
1499
1253
1052
896
737
603
534
402
224
27
-198
-492
-835
-1171
-1544
-1920
-2314
-2654
-2929
-3160
-3335
-3485
-3578
-3655
-3732
-3807
-3871
-3852
-3772
-3654
-3507
-3308
-3057
-2802
-2535
-2201
-1834
-1527
-1202
-778
-345
90
545
1045
1558
1976
2387
2832
3240
3539
3805
4074
4264
4371
4426
4451
4373
4158
3928
3677
3330
2923
2532
2194
1851
1517
1243
1016
832
635
503
387
222
27
-188
-418
-742
-1083
-1437
-1790
-2168
-2543
-2846
-3085
-3266
-3441
-3585
-3662
-3737
-3825
-3913
-3936
-3869
-3774
-3630
-3451
-3225
-2979
-2720
-2408
-2036
-1682
-1392
-1008
-542
-95
353
819
1332
1789
2175
2600
3032
3385
3631
3920
4172
4341
4446
4507
4534
4422
4226
4007
3734
3341
2904
2512
2153
1757
1394
1096
857
618
417
280
123
-55
-274
-458
-714
-1030
-1359
-1665
-1989
-2362
-2694
-2953
-3141
-3334
-3515
-3640
-3702
-3780
-3854
-3901
-3855
-3777
-3671
-3507
-3320
-3094
-2863
-2575
-2239
-1869
-1558
-1236
-797
-329
111
540
1006
1485
1876
2256
2675
3066
3341
3579
3866
4092
4261
4371
4470
4492
4399
4242
4051
3777
3394
2985
2619
2236
1830
1475
1191
932
675
486
319
148
-57
-252
-445
-708
-1011
-1293
-1569
-1898
-2257
-2577
-2837
-3077
-3298
-3492
-3634
-3746
-3847
-3929
-3991
-3978
-3921
-3808
-3672
-3515
-3296
-3055
-2762
-2428
-2075
-1746
-1401
-959
-502
-69
345
798
1264
1653
2053
2478
2865
3165
3440
3749
4017
4233
4396
4519
4574
4512
4398
4225
3968
3619
3225
2852
2458
2068
1736
1442
1167
915
698
504
299
104
-99
-315
-591
-879
-1162
-1475
-1812
-2167
-2505
-2830
-3111
-3336
-3535
-3716
-3861
-3969
-4066
-4167
-4172
-4089
-3964
-3841
-3675
-3429
-3182
-2882
-2539
-2158
-1820
-1477
-1030
-566
-130
289
763
1254
1670
2094
2546
2975
3319
3626
3979
4275
4514
4683
4813
4855
4763
4625
4414
4129
3721
3273
2842
2402
1993
1628
1315
1035
775
553
343
147
-46
-252
-477
-756
-1049
-1377
-1711
-2057
-2410
-2770
-3111
-3376
-3586
-3770
-3942
-4048
-4112
-4183
-4245
-4201
-4074
-3927
-3775
-3565
-3312
-3063
-2762
-2393
-2004
-1678
-1334
-894
-423
-2
427
924
1428
1857
2286
2757
3207
3564
3893
4265
4578
4800
4947
5073
5096
4976
4783
4542
4209
3731
3218
2729
2254
1791
1384
1053
766
497
280
103
-75
-265
-461
-666
-934
-1240
-1576
-1902
-2261
-2631
-2988
-3293
-3531
-3728
-3881
-4010
-4074
-4100
-4107
-4117
-4061
-3935
-3769
-3606
-3417
-3198
-2959
-2674
-2339
-1974
-1648
-1299
-890
-430
2
437
914
1412
1865
2292
2730
3160
3533
3876
4229
4534
4773
4919
5055
5093
5028
4861
4633
4317
3869
3374
2878
2418
1972
1561
1208
917
668
464
276
101
-99
-295
-526
-795
-1104
-1442
-1773
-2148
-2534
-2912
-3217
-3458
-3666
-3845
-3988
-4045
-4065
-4084
-4105
-4088
-3994
-3886
-3759
-3619
-3458
-3268
-3032
-2723
-2400
-2079
-1739
-1325
-860
-413
42
534
1056
1551
2005
2471
2920
3344
3734
4113
4448
4719
4931
5093
5186
5158
5048
4846
4565
4160
3696
3230
2782
2359
1939
1579
1277
1041
824
600
376
144
-82
-345
-651
-986
-1338
-1677
-2068
-2481
-2880
-3210
-3465
-3699
-3892
-4044
-4111
-4143
-4172
-4207
-4214
-4165
-4078
-3968
-3848
-3708
-3534
-3301
-3008
-2679
-2350
-1983
-1555
-1061
-566
-69
460
1023
1576
2088
2594
3094
3564
3989
4376
4732
5015
5234
5390
5457
5422
5260
5045
4720
4323
3830
3348
2886
2430
2000
1607
1307
1040
788
524
253
5
-254
-530
-860
-1230
-1570
-1934
-2301
-2721
-3098
-3409
-3661
-3855
-4034
-4138
-4212
-4231
-4252
-4274
-4284
-4253
-4154
-4036
-3910
-3771
-3591
-3352
-3054
-2716
-2353
-1981
-1534
-1027
-479
46
590
1172
1747
2297
2812
3332
3813
4230
4621
4967
5269
5468
5608
5674
5608
5446
5166
4867
4434
3949
3421
2925
2451
1976
1570
1213
908
598
295
26
-246
-505
-799
-1129
-1465
-1832
-2158
-2524
-2865
-3208
-3488
-3693
-3875
-3994
-4103
-4140
-4170
-4189
-4219
-4249
-4213
-4149
-4049
-3952
-3838
-3672
-3457
-3157
-2810
-2450
-2067
-1640
-1109
-565
-23
522
1093
1681
2220
2751
3252
3722
4145
4526
4899
5188
5424
5589
5678
5662
5509
5309
5015
4655
4180
3676
3181
2702
2246
1811
1435
1093
772
482
205
-53
-325
-611
-911
-1257
-1601
-1975
-2301
-2640
-2960
-3252
-3499
-3673
-3827
-3916
-3987
-4018
-4064
-4129
-4182
-4208
-4187
-4159
-4116
-4057
-3945
-3753
-3483
-3143
-2786
-2410
-1974
-1462
-897
-343
219
797
1383
1957
2489
3003
3476
3911
4308
4673
4983
5241
5440
5559
5579
5500
5337
5099
4774
4358
3875
3388
2916
2453
1998
1574
1203
876
569
277
1
-277
-557
-854
-1169
-1523
-1891
-2242
-2570
-2899
-3225
-3501
-3715
-3863
-3977
-4037
-4072
-4110
-4169
-4235
-4274
-4295
-4285
-4258
-4203
-4101
-3914
-3640
-3287
-2893
-2465
-1995
-1460
-867
-264
338
938
1540
2139
2701
3216
3698
4137
4535
4889
5194
5448
5646
5768
5806
5750
5604
5379
5063
4663
4179
3664
3157
2645
2122
1624
1186
810
461
134
-169
-471
-764
-1051
-1344
-1674
-2026
-2371
-2693
-3014
-3345
-3634
-3861
-4024
-4154
-4230
-4273
-4308
-4356
-4417
-4467
-4509
-4511
-4464
-4378
-4259
-4070
-3792
-3429
-3005
-2529
-2017
-1465
-871
-246
381
988
1588
2185
2759
3270
3740
4178
4583
4948
5262
5523
5730
5868
5932
5912
5791
5571
5259
4866
4395
3867
3316
2751
2177
1619
1118
690
308
-45
-374
-679
-968
-1238
-1500
-1781
-2081
-2382
-2674
-2951
-3242
-3510
-3729
-3896
-4029
-4137
-4208
-4266
-4314
-4378
-4439
-4508
-4536
-4494
-4383
-4238
-4057
-3795
-3451
-3035
-2568
-2057
-1520
-953
-358
264
860
1436
2011
2585
3106
3557
3974
4378
4764
5100
5392
5616
5794
5903
5949
5882
5706
5433
5087
4674
4184
3640
3066
2493
1928
1402
920
500
111
-232
-554
-847
-1117
-1371
-1624
-1907
-2200
-2493
-2755
-3021
-3293
-3538
-3732
-3896
-4035
-4158
-4263
-4347
-4417
-4489
-4581
-4656
-4642
-4539
-4382
-4210
-3992
-3684
-3294
-2849
-2375
-1868
-1344
-778
-177
428
991
1553
2127
2692
3176
3607
4020
4441
4828
5167
5456
5676
5864
5961
5988
5877
5672
5380
5038
4606
4074
3498
2912
2357
1809
1299
824
413
33
-301
-621
-901
-1168
-1410
-1676
-1990
-2323
-2629
-2897
-3196
-3504
-3780
-3980
-4144
-4282
-4418
-4532
-4607
-4649
-4701
-4781
-4816
-4731
-4556
-4357
-4157
-3891
-3528
-3082
-2598
-2095
-1569
-1021
-422
205
806
1366
1932
2515
3066
3532
3966
4397
4825
5196
5508
5773
5981
6137
6184
6143
5971
5722
5394
5001
4489
3881
3253
2647
2078
1514
990
524
131
-237
-573
-887
-1154
-1399
-1625
-1895
-2220
-2550
-2842
-3110
-3428
-3753
-4025
-4197
-4325
-4443
-4555
-4632
-4651
-4647
-4660
-4705
-4690
-4553
-4348
-4142
-3935
-3653
-3269
-2798
-2294
-1778
-1244
-681
-69
563
1147
1691
2237
2791
3308
3750
4174
4588
4975
5300
5567
5789
5955
6056
6057
5958
5745
5450
5084
4634
4082
3444
2802
2183
1603
1040
524
70
-322
-677
-997
-1274
-1514
-1730
-1939
-2174
-2447
-2710
-2959
-3199
-3477
-3747
-3963
-4112
-4223
-4324
-4397
-4436
-4425
-4414
-4410
-4426
-4378
-4240
-4052
-3865
-3658
-3369
-2988
-2525
-2032
-1511
-984
-421
177
791
1356
1885
2405
2933
3431
3878
4301
4696
5051
5352
5616
5830
5993
6082
6075
5962
5740
5427
5044
4570
4007
3364
2709
2079
1484
917
392
-68
-466
-797
-1092
-1349
-1592
-1815
-2034
-2250
-2489
-2730
-2974
-3218
-3464
-3706
-3912
-4085
-4221
-4330
-4392
-4430
-4444
-4453
-4450
-4441
-4383
-4263
-4097
-3902
-3676
-3373
-2994
-2547
-2066
-1547
-1014
-455
123
719
1287
1825
2357
2899
3425
3903
4344
4741
5106
5415
5695
5924
6096
6185
6168
6047
5810
5487
5071
4572
3982
3323
2643
1980
1358
771
237
-229
-608
-926
-1206
-1471
-1714
-1940
-2161
-2382
-2624
-2866
-3127
-3375
-3622
-3855
-4077
-4256
-4386
-4466
-4511
-4538
-4523
-4498
-4447
-4396
-4292
-4146
-3948
-3718
-3451
-3118
-2737
-2289
-1805
-1275
-740
-173
412
1015
1592
2151
2704
3255
3777
4228
4642
5005
5341
5617
5857
6038
6158
6193
6123
5963
5687
5332
4873
4337
3717
3036
2333
1653
1027
437
-85
-528
-879
-1186
-1459
-1704
-1909
-2106
-2303
-2497
-2704
-2922
-3161
-3381
-3611
-3841
-4052
-4200
-4304
-4374
-4405
-4395
-4343
-4290
-4224
-4149
-4031
-3878
-3676
-3444
-3185
-2880
-2524
-2098
-1635
-1134
-614
-54
529
1128
1705
2265
2809
3337
3821
4235
4613
4950
5261
5507
5709
5847
5929
5926
5825
5633
5340
4965
4485
3936
3305
2619
1928
1273
670
98
-406
-815
-1141
-1423
-1674
-1880
-2050
-2205
-2352
-2491
-2649
-2834
-3017
-3198
-3397
-3607
-3774
-3900
-3998
-4061
-4073
-4034
-3977
-3920
-3861
-3793
-3704
-3565
-3380
-3174
-2963
-2716
-2400
-2014
-1583
-1125
-635
-109
452
1032
1599
2140
2667
3188
3680
4112
4496
4845
5161
5417
5617
5760
5834
5833
5733
5545
5260
4886
4421
3880
3263
2592
1927
1300
718
159
-340
-747
-1065
-1326
-1555
-1756
-1934
-2079
-2209
-2347
-2522
-2717
-2910
-3100
-3306
-3516
-3699
-3846
-3961
-4036
-4066
-4054
-4001
-3930
-3859
-3804
-3741
-3623
-3454
-3269
-3089
-2880
-2597
-2230
-1810
-1365
-886
-365
211
819
1411
1964
2508
3067
3613
4102
4521
4892
5218
5483
5681
5820
5894
5898
5809
5625
5349
4982
4535
4010
3405
2743
2075
1435
837
269
-257
-699
-1042
-1308
-1540
-1755
-1946
-2100
-2234
-2385
-2574
-2790
-3001
-3191
-3378
-3570
-3750
-3898
-4003
-4070
-4110
-4109
-4046
-3933
-3821
-3738
-3672
-3570
-3410
-3227
-3045
-2849
-2588
-2241
-1828
-1376
-889
-353
242
865
1476
2044
2588
3136
3675
4164
4573
4923
5219
5449
5606
5702
5748
5739
5652
5479
5212
4863
4436
3939
3376
2755
2113
1476
874
308
-215
-669
-1028
-1311
-1550
-1765
-1951
-2106
-2237
-2377
-2550
-2755
-2963
-3139
-3294
-3438
-3589
-3725
-3824
-3883
-3906
-3903
-3846
-3742
-3620
-3519
-3444
-3367
-3245
-3080
-2901
-2717
-2492
-2191
-1817
-1386
-912
-396
165
758
1356
1924
2447
2953
3451
3916
4311
4636
4907
5121
5269
5350
5378
5362
5298
5163
4940
4623
4227
3771
3269
2717
2127
1522
929
369
-149
-610
-995
-1295
-1541
-1746
-1917
-2057
-2171
-2275
-2398
-2553
-2724
-2883
-3004
-3113
-3233
-3361
-3476
-3546
-3573
-3574
-3548
-3489
-3406
-3320
-3258
-3218
-3159
-3041
-2880
-2711
-2529
-2295
-1985
-1601
-1162
-684
-175
367
942
1522
2069
2576
3070
3547
3968
4316
4600
4841
5036
5161
5221
5235
5213
5144
4999
4751
4409
3999
3541
3038
2484
1893
1297
718
165
-347
-795
-1151
-1423
-1640
-1822
-1965
-2074
-2155
-2232
-2332
-2459
-2596
-2717
-2831
-2951
-3095
-3248
-3367
-3445
-3489
-3512
-3496
-3443
-3368
-3305
-3275
-3255
-3183
-3049
-2886
-2721
-2535
-2288
-1956
-1558
-1106
-623
-109
448
1037
1621
2167
2688
3189
3659
4058
4381
4650
4884
5069
5177
5222
5218
5185
5098
4920
4629
4261
3842
3377
2857
2279
1674
1076
498
-57
-566
-991
-1311
-1557
-1759
-1934
-2064
-2154
-2214
-2276
-2368
-2481
-2599
-2713
-2826
-2956
-3107
-3239
-3333
-3404
-3452
-3456
-3404
-3306
-3204
-3136
-3104
-3065
-2976
-2845
-2696
-2542
-2348
-2088
-1747
-1344
-896
-409
111
670
1241
1796
2311
2802
3266
3699
4066
4360
4605
4815
4971
5046
5054
5021
4965
4838
4606
4285
3913
3514
3069
2563
1998
1419
855
313
-206
-675
-1054
-1336
-1564
-1762
-1927
-2044
-2104
-2146
-2209
-2305
-2416
-2522
-2622
-2734
-2864
-2989
-3085
-3160
-3222
-3256
-3233
-3151
-3042
-2948
-2892
-2860
-2822
-2740
-2624
-2484
-2333
-2133
-1866
-1526
-1137
-706
-233
268
801
1325
1820
2271
2707
3127
3525
3854
4117
4350
4542
4678
4724
4724
4687
4614
4454
4207
3893
3544
3176
2759
2285
1752
1223
702
206
-270
-685
-1021
-1284
-1499
-1685
-1822
-1907
-1943
-1984
-2049
-2147
-2251
-2355
-2456
-2569
-2689
-2797
-2893
-2971
-3045
-3075
-3066
-3014
-2949
-2891
-2853
-2840
-2805
-2735
-2620
-2490
-2335
-2131
-1860
-1529
-1146
-719
-249
263
792
1306
1773
2217
2642
3066
3439
3750
4012
4239
4427
4534
4577
4570
4535
4437
4277
4036
3743
3410
3053
2654
2199
1714
1206
719
239
-198
-589
-898
-1147
-1342
-1499
-1608
-1671
-1712
-1748
-1819
-1907
-2021
-2130
-2241
-2350
-2473
-2606
-2728
-2833
-2906
-2969
-2997
-3008
-2988
-2960
-2937
-2917
-2887
-2808
-2703
-2569
-2421
-2214
-1945
-1610
-1232
-810
-336
175
706
1211
1688
2121
2557
2958
3321
3619
3873
4091
4254
4352
4372
4370
4324
4248
4098
3891
3619
3315
2976
2593
2169
1700
1223
727
261
-184
-566
-882
-1118
-1309
-1454
-1555
-1612
-1641
-1678
-1721
-1797
-1878
-1977
-2060
-2157
-2264
-2397
-2522
-2619
-2697
-2757
-2812
-2833
-2843
-2822
-2794
-2762
-2723
-2660
-2560
-2443
-2302
-2119
-1865
-1554
-1193
-800
-365
104
592
1066
1507
1921
2313
2689
3024
3311
3546
3745
3897
3986
4019
4020
4006
3959
3862
3704
3489
3232
2932
2594
2207
1781
1328
863
405
-26
-406
-725
-973
-1168
-1315
-1419
-1477
-1514
-1543
-1585
-1644
-1715
-1801
-1881
-1975
-2079
-2213
-2341
-2453
-2543
-2615
-2677
-2707
-2715
-2687
-2654
-2617
-2585
-2538
-2466
-2372
-2255
-2108
-1889
-1614
-1280
-923
-527
-104
343
784
1201
1600
1977
2346
2673
2966
3203
3404
3560
3666
3722
3745
3756
3739
3692
3585
3435
3231
2986
2687
2349
1969
1558
1138
711
308
-71
-395
-664
-871
-1033
-1150
-1233
-1281
-1321
-1363
-1417
-1489
-1569
-1663
-1760
-1885
-2017
-2162
-2289
-2404
-2502
-2576
-2628
-2631
-2625
-2605
-2600
-2600
-2597
-2576
-2531
-2454
-2333
-2154
-1906
-1610
-1267
-891
-479
-47
387
812
1224
1618
1989
2333
2637
2900
3118
3290
3417
3496
3556
3595
3608
3594
3539
3448
3300
3095
2839
2538
2201
1831
1440
1042
656
287
-45
-327
-556
-734
-866
-958
-1023
-1074
-1116
-1170
-1241
-1330
-1435
-1550
-1678
-1826
-1979
-2128
-2262
-2377
-2475
-2541
-2572
-2583
-2587
-2606
-2637
-2673
-2693
-2675
-2621
-2523
-2370
-2156
-1883
-1568
-1212
-815
-395
41
468
877
1264
1628
1977
2294
2570
2804
3000
3161
3300
3415
3507
3574
3614
3622
3580
3483
3321
3103
2837
2517
2154
1760
1355
954
568
208
-105
-365
-563
-713
-825
-902
-954
-996
-1040
-1107
-1190
-1288
-1400
-1525
-1675
-1833
-1990
-2135
-2268
-2384
-2477
-2538
-2570
-2592
-2622
-2669
-2714
-2745
-2746
-2709
-2631
-2506
-2332
-2106
-1827
-1505
-1137
-731
-314
96
483
852
1206
1545
1864
2154
2416
2650
2868
3067
3250
3410
3544
3645
3708
3721
3675
3570
3403
3175
2890
2546
2162
1750
1330
919
532
190
-100
-324
-503
-631
-723
-788
-840
-891
-955
-1035
-1132
-1252
-1390
-1549
-1722
-1898
-2067
-2225
-2369
-2486
-2569
-2624
-2660
-2687
-2719
-2749
-2767
-2773
-2750
-2693
-2603
-2474
-2298
-2071
-1788
-1459
-1095
-716
-341
27
387
739
1081
1415
1731
2035
2324
2593
2845
3081
3289
3462
3599
3697
3752
3763
3718
3616
3452
3225
2936
2591
2204
1789
1377
976
613
296
34
-178
-334
-457
-550
-618
-680
-740
-816
-910
-1035
-1176
-1353
-1546
-1747
-1954
-2152
-2333
-2491
-2615
-2701
-2760
-2795
-2819
-2837
-2855
-2865
-2867
-2841
-2784
-2695
-2558
-2368
-2126
-1835
-1511
-1169
-812
-452
-85
281
648
1002
1356
1695
2023
2337
2624
2892
3130
3337
3502
3637
3735
3803
3817
3786
3683
3521
3296
3003
2663
2279
1885
1481
1106
755
449
182
-29
-211
-347
-454
-543
-608
-682
-767
-877
-1008
-1178
-1364
-1574
-1799
-2024
-2238
-2430
-2593
-2718
-2809
-2861
-2893
-2918
-2934
-2952
-2975
-2978
-2957
-2906
-2807
-2661
-2467
-2224
-1947
-1641
-1307
-953
-580
-190
203
592
977
1349
1715
2068
2397
2707
2991
3240
3456
3638
3787
3905
3980
4002
3963
3860
3686
3449
3160
2813
2437
2038
1637
1246
883
549
261
19
-182
-338
-460
-559
-648
-732
-836
-958
-1110
-1291
-1491
-1706
-1935
-2158
-2368
-2558
-2709
-2825
-2909
-2952
-2977
-2992
-3007
-3021
-3040
-3047
-3025
-2975
-2881
-2749
-2568
-2345
-2076
-1776
-1435
-1064
-669
-258
160
575
983
1387
1774
2149
2501
2826
3114
3375
3594
3782
3939
4047
4118
4126
4075
3963
3791
3557
3271
2939
2561
2167
1758
1362
988
651
350
101
-104
-273
-412
-529
-635
-747
-877
-1035
-1210
-1410
-1620
-1839
-2057
-2270
-2465
-2638
-2782
-2888
-2959
-2996
-3012
-3019
-3027
-3046
-3063
-3074
-3071
-3040
-2974
-2864
-2705
-2494
-2234
-1926
-1575
-1191
-775
-343
96
535
970
1393
1800
2183
2539
2863
3158
3417
3645
3839
3996
4113
4181
4204
4166
4071
3914
3695
3413
3081
2706
2299
1884
1474
1089
738
427
160
-67
-256
-410
-549
-675
-805
-949
-1112
-1290
-1486
-1689
-1891
-2100
-2298
-2485
-2654
-2795
-2899
-2970
-3005
-3018
-3028
-3033
-3044
-3066
-3088
-3097
-3087
-3040
-2945
-2804
-2599
-2345
-2041
-1691
-1302
-884
-447
0
451
895
1325
1735
2127
2492
2827
3136
3415
3667
3886
4071
4218
4323
4379
4378
4312
4181
3976
3706
3373
2987
2566
2125
1685
1256
854
487
168
-107
-335
-528
-689
-833
-964
-1099
-1246
-1405
-1576
-1759
-1950
-2145
-2343
-2534
-2710
-2860
-2976
-3057
-3105
-3125
-3124
-3117
-3111
-3110
-3108
-3102
-3078
-3027
-2936
-2797
-2608
-2371
-2081
-1749
-1385
-987
-567
-133
302
738
1166
1582
1977
2354
2711
3044
3349
3628
3881
4099
4276
4405
4486
4506
4466
4354
4172
3917
3600
3232
2820
2381
1931
1488
1058
662
304
-5
-269
-491
-675
-832
-967
-1097
-1229
-1370
-1524
-1696
-1886
-2090
-2302
-2516
-2721
-2904
-3059
-3172
-3249
-3289
-3292
-3275
-3247
-3213
-3174
-3133
-3085
-3022
-2931
-2802
-2636
-2423
-2165
-1863
-1523
-1157
-760
-344
86
518
948
1370
1778
2167
2539
2888
3208
3502
3768
4001
4195
4339
4433
4469
4453
4369
4221
4012
3740
3416
3048
2648
2227
1800
1375
975
601
269
-27
-279
-497
-680
-834
-971
-1096
-1227
-1370
-1535
-1722
-1932
-2157
-2390
-2622
-2837
-3027
-3185
-3301
-3370
-3399
-3391
-3353
-3297
-3227
-3156
-3080
-2999
-2908
-2792
-2646
-2466
-2248
-1985
-1687
-1352
-989
-597
-186
239
667
1096
1523
1933
2321
2682
3013
3310
3581
3825
4031
4194
4307
4369
4377
4335
4238
4086
3871
3599
3281
2920
2531
2118
1699
1286
887
521
185
-114
-375
-602
-795
-957
-1103
-1243
-1386
-1545
-1720
-1914
-2126
-2342
-2560
-2765
-2952
-3114
-3238
-3328
-3374
-3376
-3341
-3277
-3193
-3093
-2993
-2891
-2787
-2677
-2552
-2404
-2227
-2017
-1768
-1485
-1172
-831
-462
-71
340
761
1189
1610
2012
2384
2722
3031
3313
3576
3810
4005
4154
4249
4295
4293
4241
4137
3975
3753
3477
3156
2801
2420
2021
1612
1207
816
452
123
-177
-444
-676
-878
-1058
-1219
-1371
-1527
-1690
-1861
-2037
-2220
-2399
-2574
-2739
-2887
-3013
-3110
-3174
-3199
-3189
-3144
-3068
-2972
-2864
-2754
-2649
-2544
-2440
-2328
-2199
-2048
-1870
-1662
-1422
-1145
-835
-492
-120
276
689
1106
1510
1890
2237
2556
2851
3128
3381
3598
3777
3909
3994
4040
4046
4007
3920
3776
3586
3349
3072
2765
2433
2074
1697
1316
938
574
230
-88
-381
-641
-870
-1079
-1261
-1434
-1598
-1756
-1907
-2050
-2191
-2330
-2465
-2593
-2710
-2807
-2889
-2938
-2958
-2942
-2890
-2812
-2708
-2597
-2487
-2386
-2291
-2210
-2122
-2030
-1919
-1783
-1614
-1404
-1161
-877
-566
-218
152
541
931
1309
1663
1991
2297
2578
2839
3068
3262
3420
3549
3647
3716
3753
3752
3709
3623
3495
3329
3122
2883
2603
2280
1930
1553
1164
772
392
29
-304
-614
-889
-1140
-1363
-1557
-1729
-1869
-1997
-2102
-2211
-2311
-2413
-2509
-2599
-2686
-2747
-2794
-2803
-2787
-2736
-2658
-2559
-2448
-2339
-2231
-2141
-2054
-1977
-1884
-1779
-1646
-1483
-1307
-1097
-872
-611
-328
-9
322
662
995
1317
1629
1926
2211
2468
2706
2917
3115
3284
3431
3548
3629
3678
3679
3647
3571
3454
3292
3078
2821
2505
2158
1766
1357
938
520
132
-244
-577
-890
-1150
-1377
-1548
-1680
-1784
-1853
-1926
-1970
-2038
-2087
-2161
-2234
-2307
-2377
-2415
-2455
-2444
-2435
-2381
-2320
-2236
-2146
-2067
-1976
-1919
-1830
-1767
-1670
-1580
-1484
-1374
-1270
-1124
-975
-764
-546
-281
-18
268
567
867
1188
1484
1797
2082
2375
2633
2882
3099
3276
3424
3516
3588
3601
3581
3500
3368
3188
2939
2656
2309
1939
1532
1124
717
323
-39
-376
-656
-902
-1083
-1231
-1347
-1428
-1500
-1541
-1593
-1624
-1687
-1746
-1822
-1900
-1961
-2029
-2057
-2095
-2088
-2080
-2037
-1982
-1922
-1846
-1794
-1714
-1665
-1600
-1559
-1523
-1491
-1476
-1429
-1388
-1289
-1177
-1015
-841
-632
-394
-134
168
468
797
1115
1446
1762
2081
2376
2640
2883
3082
3257
3383
3471
3499
3475
3397
3262
3083
2842
2562
2234
1884
1514
1141
778
432
122
-159
-397
-607
-797
-954
-1090
-1188
-1267
-1319
-1372
-1425
-1482
-1546
-1607
-1677
-1731
-1787
-1826
-1857
-1872
-1869
-1854
-1817
-1780
-1722
-1674
-1624
-1586
-1567
-1560
-1575
-1584
-1598
-1587
-1562
-1506
-1426
-1319
-1164
-981
-744
-484
-187
123
450
786
1125
1464
1791
2112
2402
2675
2904
3096
3236
3321
3362
3358
3322
3230
3098
2907
2672
2394
2086
1762
1424
1099
775
474
180
-90
-337
-561
-749
-903
-1017
-1106
-1170
-1226
-1272
-1320
-1371
-1425
-1485
-1546
-1605
-1657
-1699
-1728
-1749
-1753
-1748
-1733
-1711
-1688
-1657
-1632
-1618
-1618
-1636
-1665
-1696
-1717
-1728
-1712
-1669
-1595
-1475
-1311
-1094
-839
-541
-216
129
488
844
1201
1544
1882
2187
2470
2709
2901
3049
3150
3218
3248
3254
3212
3129
3001
2822
2598
2332
2039
1725
1405
1080
761
461
176
-79
-305
-500
-663
-795
-895
-979
-1039
-1090
-1134
-1173
-1224
-1280
-1350
-1416
-1475
-1526
-1564
-1600
-1632
-1665
-1688
-1708
-1713
-1704
-1687
-1668
-1670
-1690
-1735
-1789
-1844
-1886
-1911
-1911
-1873
-1802
-1675
-1498
-1260
-969
-636
-271
111
501
883
1256
1611
1944
2244
2508
2736
2920
3065
3171
3248
3290
3304
3277
3207
3095
2922
2704
2431
2128
1799
1466
1136
819
519
236
-17
-250
-443
-612
-747
-860
-952
-1027
-1092
-1143
-1199
-1249
-1309
-1363
-1418
-1458
-1490
-1522
-1551
-1590
-1627
-1665
-1693
-1708
-1710
-1709
-1719
-1745
-1796
-1855
-1925
-1987
-2033
-2059
-2056
-2022
-1943
-1816
-1630
-1387
-1092
-754
-388
-3
386
771
1144
1500
1837
2145
2427
2672
2884
3051
3185
3279
3338
3364
3345
3285
3170
3005
2783
2519
2221
1904
1586
1265
956
656
376
112
-120
-322
-497
-639
-759
-849
-924
-984
-1029
-1068
-1104
-1139
-1170
-1205
-1233
-1267
-1302
-1350
-1409
-1473
-1536
-1586
-1631
-1668
-1714
-1764
-1833
-1911
-1999
-2087
-2163
-2229
-2271
-2292
-2277
-2223
-2110
-1942
-1710
-1421
-1091
-721
-332
75
480
881
1270
1643
1991
2312
2601
2848
3059
3225
3346
3422
3457
3442
3374
3258
3090
2880
2629
2353
2055
1743
1429
1116
814
525
260
21
-184
-355
-500
-609
-695
-751
-795
-821
-845
-871
-896
-929
-969
-1023
-1082
-1154
-1235
-1324
-1419
-1510
-1593
-1669
-1746
-1819
-1899
-1980
-2070
-2165
-2264
-2353
-2430
-2492
-2530
-2539
-2501
-2411
-2257
-2042
-1763
-1432
-1054
-648
-224
209
639
1061
1463
1845
2191
2513
2800
3057
3274
3442
3566
3634
3659
3621
3533
3393
3207
2981
2716
2430
2115
1793
1461
1143
834
545
283
49
-146
-314
-445
-553
-635
-695
-740
-774
-810
-848
-893
-938
-1001
-1074
-1158
-1249
-1342
-1440
-1534
-1629
-1716
-1804
-1888
-1969
-2053
-2143
-2240
-2342
-2447
-2541
-2622
-2683
-2722
-2718
-2661
-2548
-2372
-2133
-1827
-1467
-1061
-626
-177
274
721
1155
1566
1949
2296
2616
2903
3158
3367
3529
3639
3696
3705
3656
3552
3399
3198
2956
2683
2381
2056
1721
1384
1059
746
457
199
-27
-212
-367
-491
-591
-665
-720
-761
-792
-825
-853
-888
-924
-970
-1025
-1086
-1153
-1221
-1293
-1365
-1443
-1526
-1611
-1699
-1793
-1898
-2012
-2145
-2279
-2420
-2551
-2669
-2763
-2825
-2843
-2796
-2692
-2516
-2279
-1969
-1599
-1178
-722
-247
238
713
1180
1618
2035
2410
2751
3053
3310
3529
3689
3804
3862
3873
3831
3737
3600
3410
3183
2913
2612
2275
1919
1554
1185
833
493
191
-74
-295
-478
-625
-735
-819
-866
-905
-923
-941
-957
-974
-1002
-1031
-1082
-1135
-1196
-1257
-1326
-1404
-1485
-1578
-1668
-1772
-1876
-1997
-2128
-2271
-2425
-2580
-2738
-2875
-3000
-3076
-3117
-3088
-2998
-2840
-2606
-2312
-1938
-1520
-1043
-546
-27
489
993
1477
1920
2338
2699
3027
3302
3534
3716
3846
3935
3965
3960
3900
3802
3656
3465
3236
2956
2648
2301
1939
1566
1196
850
529
249
5
-189
-350
-470
-551
-601
-624
-637
-629
-628
-634
-654
-698
-763
-860
-965
-1093
-1228
-1370
-1520
-1671
-1832
-1982
-2142
-2297
-2460
-2612
-2772
-2928
-3073
-3213
-3317
-3401
-3427
-3411
-3323
-3171
-2948
-2647
-2292
-1854
-1381
-854
-311
251
799
1329
1831
2283
2703
3056
3372
3621
3828
3979
4079
4133
4129
4085
3987
3849
3660
3428
3156
2840
2496
2124
1749
1373
1018
687
394
144
-70
-237
-373
-470
-542
-587
-604
-616
-612
-615
-625
-652
-709
-789
-899
-1033
-1186
-1352
-1528
-1707
-1885
-2069
-2242
-2420
-2582
-2744
-2896
-3033
-3166
-3271
-3364
-3424
-3449
-3428
-3360
-3231
-3042
-2788
-2459
-2083
-1635
-1153
-627
-89
461
1003
1525
2019
2472
2888
3241
3549
3793
3986
4128
4218
4259
4238
4180
4065
3899
3693
3439
3149
2821
2473
2114
1747
1396
1070
764
496
269
65
-92
-226
-340
-429
-510
-562
-619
-668
-706
-764
-826
-902
-1003
-1118
-1251
-1401
-1561
-1732
-1900
-2063
-2244
-2398
-2557
-2713
-2840
-2972
-3079
-3177
-3250
-3293
-3323
-3310
-3256
-3173
-3034
-2840
-2612
-2313
-1972
-1585
-1160
-708
-225
250
737
1220
1677
2116
2527
2895
3215
3492
3723
3899
4023
4113
4131
4101
4041
3906
3741
3533
3282
3013
2704
2400
2082
1756
1467
1173
902
673
449
252
91
-74
-202
-333
-453
-550
-674
-763
-863
-988
-1096
-1220
-1359
-1496
-1644
-1800
-1954
-2116
-2252
-2409
-2551
-2664
-2801
-2906
-2995
-3082
-3147
-3196
-3213
-3219
-3205
-3136
-3048
-2934
-2749
-2540
-2298
-1988
-1646
-1269
-861
-413
43
491
968
1427
1865
2287
2686
3048
3357
3642
3877
4043
4185
4275
4287
4278
4204
4076
3920
3701
3469
3192
2880
2584
2241
1903
1590
1254
955
669
393
159
-76
-278
-456
-637
-781
-928
-1073
-1187
-1317
-1437
-1543
-1661
-1777
-1887
-1995
-2112
-2224
-2327
-2430
-2541
-2632
-2706
-2798
-2861
-2901
-2958
-2984
-2985
-2985
-2966
-2926
-2849
-2766
-2662
-2484
-2313
-2106
-1819
-1535
-1200
-821
-420
9
436
897
1344
1762
2196
2593
2948
3283
3565
3808
4000
4147
4260
4292
4305
4271
4165
4040
3855
3635
3375
3062
2752
2389
2013
1654
1264
897
550
218
-83
-366
-605
-824
-1025
-1185
-1338
-1470
-1583
-1688
-1777
-1857
-1928
-1986
-2039
-2081
-2128
-2163
-2196
-2235
-2254
-2283
-2304
-2334
-2358
-2367
-2398
-2393
-2386
-2389
-2360
-2332
-2294
-2243
-2181
-2083
-1985
-1845
-1651
-1467
-1215
-923
-627
-273
101
502
914
1332
1763
2157
2536
2900
3204
3482
3720
3891
4028
4109
4155
4155
4102
4022
3877
3682
3452
3169
2853
2499
2110
1710
1292
886
498
120
-219
-527
-801
-1035
-1240
-1416
-1559
-1680
-1777
-1843
-1900
-1934
-1954
-1962
-1960
-1957
-1949
-1935
-1923
-1915
-1901
-1904
-1908
-1916
-1935
-1949
-1968
-1972
-1975
-1984
-1980
-1988
-1999
-1999
-1998
-1976
-1935
-1879
-1793
-1689
-1548
-1373
-1165
-900
-598
-249
145
564
1007
1451
1883
2296
2671
3016
3316
3562
3777
3947
4062
4143
4179
4155
4082
3959
3779
3549
3267
2935
2564
2163
1744
1312
893
486
101
-247
-572
-862
-1113
-1335
-1515
-1657
-1772
-1849
-1901
-1927
-1925
-1910
-1880
-1847
-1813
-1779
-1747
-1712
-1687
-1667
-1650
-1648
-1648
-1646
-1639
-1633
-1635
-1650
-1680
-1724
-1769
-1809
-1838
-1858
-1874
-1879
-1870
-1839
-1774
-1677
-1538
-1351
-1111
-808
-450
-49
377
806
1229
1643
2043
2424
2773
3087
3361
3598
3797
3949
4052
4093
4068
3988
3849
3655
3412
3119
2780
2401
2000
1593
1186
783
389
12
-346
-670
-961
-1214
-1429
-1606
-1745
-1845
-1901
-1921
-1905
-1867
-1814
-1748
-1678
-1601
-1517
-1436
-1358
-1283
-1225
-1179
-1142
-1117
-1102
-1113
-1148
-1213
-1295
-1384
-1468
-1541
-1613
-1681
-1748
-1806
-1844
-1861
-1856
-1826
-1766
-1663
-1505
-1289
-1021
-718
-392
-46
315
697
1090
1485
1865
2227
2571
2888
3173
3411
3586
3703
3756
3753
3703
3606
3452
3249
3006
2730
2434
2124
1793
1442
1082
719
361
13
-318
-632
-921
-1183
-1401
-1573
-1695
-1770
-1803
-1797
-1764
-1701
-1621
-1517
-1407
-1290
-1173
-1070
-986
-920
-868
-839
-830
-847
-894
-960
-1038
-1106
-1171
-1233
-1295
-1362
-1425
-1485
-1536
-1576
-1612
-1639
-1651
-1636
-1587
-1508
-1397
-1260
-1092
-891
-652
-374
-64
265
610
970
1336
1694
2035
2350
2618
2838
3019
3151
3242
3283
3272
3214
3114
2983
2830
2645
2436
2196
1923
1630
1314
977
632
275
-80
-417
-727
-999
-1221
-1397
-1529
-1614
-1656
-1655
-1619
-1554
-1466
-1364
-1260
-1153
-1058
-977
-905
-847
-802
-773
-759
-753
-752
-754
-760
-765
-776
-800
-828
-865
-909
-958
-1011
-1071
-1123
-1177
-1222
-1259
-1291
-1305
-1305
-1277
-1217
-1124
-990
-818
-615
-374
-105
184
493
812
1123
1431
1722
1987
2225
2427
2591
2709
2781
2817
2813
2775
2706
2600
2455
2280
2064
1808
1530
1221
900
575
248
-65
-356
-618
-844
-1035
-1187
-1297
-1374
-1408
-1404
-1372
-1316
-1237
-1148
-1052
-946
-839
-725
-616
-511
-411
-322
-242
-171
-113
-72
-53
-53
-80
-124
-191
-279
-386
-505
-638
-779
-920
-1067
-1207
-1344
-1472
-1582
-1669
-1720
-1739
-1714
-1649
-1542
-1395
-1207
-980
-723
-431
-125
198
528
854
1168
1460
1726
1952
2143
2298
2411
2486
2521
2513
2461
2367
2235
2057
1853
1630
1382
1126
868
607
355
120
-97
-295
-466
-609
-721
-797
-838
-846
-828
-782
-712
-621
-508
-382
-249
-114
16
138
249
346
424
475
500
493
455
383
280
152
-8
-189
-386
-595
-809
-1024
-1235
-1441
-1636
-1814
-1972
-2105
-2203
-2265
-2296
-2286
-2246
-2170
-2052
-1899
-1709
-1484
-1229
-948
-649
-335
-16
300
606
900
1175
1428
1653
1849
2012
2138
2224
2268
2274
2242
2177
2085
1964
1826
1668
1498
1324
1141
962
788
621
464
326
209
116
47
1
-24
-24
-2
43
107
187
273
357
434
497
545
572
583
574
544
486
400
284
138
-32
-222
-422
-626
-831
-1035
-1240
-1440
-1640
-1829
-2004
-2163
-2296
-2404
-2482
-2536
-2566
-2574
-2557
-2513
-2440
-2333
-2192
-2022
-1826
-1604
-1358
-1096
-815
-524
-219
94
411
724
1027
1316
1582
1822
2032
2215
2365
2482
2564
2613
2628
2617
2580
2521
2440
2338
2216
2081
1928
1766
1598
1426
1258
1091
928
778
641
518
417
335
268
216
167
117
64
12
-44
-99
-153
-214
-284
-366
-464
-575
-699
-824
-947
-1063
-1180
-1296
-1416
-1543
-1675
-1810
-1940
-2059
-2162
-2248
-2316
-2374
-2418
-2453
-2476
-2475
-2453
-2403
-2325
-2219
-2088
-1934
-1754
-1551
-1322
-1063
-776
-464
-133
210
555
899
1235
1558
1865
2152
2415
2647
2842
3003
3126
3216
3275
3299
3293
3248
3165
3047
2890
2704
2489
2252
2004
1747
1484
1221
965
717
481
260
57
-131
-307
-468
-617
-745
-857
-948
-1020
-1080
-1131
-1178
-1218
-1256
-1284
-1303
-1312
-1314
-1320
-1335
-1360
-1401
-1454
-1513
-1575
-1633
-1685
-1735
-1784
-1834
-1882
-1925
-1956
-1973
-1972
-1955
-1921
-1873
-1811
-1731
-1628
-1500
-1342
-1151
-929
-678
-405
-114
189
502
818
1140
1457
1765
2054
2319
2554
2760
2937
3085
3201
3280
3318
3305
3249
3149
3011
2842
2645
2429
2192
1940
1674
1395
1109
820
534
254
-16
-273
-513
-730
-925
-1092
-1233
-1347
-1436
-1504
-1548
-1571
-1567
-1539
-1492
-1433
-1365
-1296
-1238
-1191
-1156
-1133
-1117
-1110
-1111
-1123
-1143
-1172
-1206
-1241
-1273
-1302
-1328
-1352
-1374
-1394
-1413
-1425
-1425
-1410
-1372
-1311
-1222
-1107
-964
-796
-606
-391
-151
108
379
655
933
1201
1455
1700
1928
2140
2324
2483
2610
2701
2755
2777
2764
2720
2650
2552
2428
2273
2094
1887
1658
1410
1145
873
596
327
69
-175
-399
-603
-786
-946
-1079
-1187
-1262
-1302
-1307
-1281
-1229
-1157
-1075
-991
-915
-846
-786
-735
-694
-660
-639
-631
-631
-645
-663
-687
-721
-759
-805
-861
-923
-990
-1060
-1130
-1197
-1258
-1307
-1342
-1360
-1356
-1332
-1280
-1197
-1088
-952
-793
-617
-428
-230
-25
188
399
611
822
1026
1219
1405
1574
1724
1856
1963
2046
2102
2133
2134
2107
2049
1960
1841
1693
1520
1331
1135
934
730
529
336
151
-24
-183
-323
-441
-527
-582
-606
-598
-569
-522
-469
-416
-362
-311
-258
-207
-155
-103
-57
-23
-1
6
0
-21
-54
-112
-184
-273
-373
-481
-606
-738
-877
-1022
-1165
-1301
-1428
-1536
-1626
-1692
-1733
-1752
-1744
-1717
-1665
-1589
-1494
-1375
-1236
-1076
-894
-689
-466
-232
8
249
483
709
924
1127
1312
1482
1630
1750
1840
1898
1926
1924
1903
1857
1792
1711
1610
1491
1357
1210
1056
900
746
600
467
349
247
159
84
17
-46
-101
-143
-167
-174
-158
-121
-72
-19
40
94
142
186
218
236
233
208
164
98
14
-88
-212
-348
-493
-642
-797
-950
-1100
-1251
-1399
-1543
-1680
-1805
-1910
-1994
-2057
-2096
-2116
-2111
-2083
-2028
-1945
-1830
-1685
-1514
-1317
-1097
-859
-603
-330
-49
226
495
753
994
1225
1438
1635
1814
1973
2101
2197
2259
2284
2280
2249
2198
2130
2047
1953
1841
1710
1564
1402
1236
1065
894
726
571
428
301
191
93
13
-57
-112
-149
-167
-168
-152
-129
-96
-65
-43
-32
-39
-61
-97
-154
-227
-317
-424
-540
-669
-811
-958
-1108
-1259
-1404
-1541
-1672
-1796
-1911
-2022
-2114
-2189
-2240
-2266
-2262
-2230
-2176
-2102
-2006
-1890
-1752
-1584
-1391
-1173
-938
-682
-411
-129
162
453
737
1010
1265
1504
1725
1926
2111
2273
2414
2526
2603
2642
2641
2603
2538
2451
2346
2226
2097
1949
1790
1617
1431
1246
1063
885
717
558
413
282
164
59
-32
-116
-184
-237
-277
-305
-319
-327
-330
-333
-347
-377
-428
-497
-583
-687
-802
-928
-1059
-1197
-1343
-1488
-1635
-1784
-1922
-2045
-2153
-2241
-2311
-2366
-2404
-2418
-2410
-2376
-2314
-2221
-2101
-1953
-1780
-1588
-1377
-1143
-896
-627
-345
-50
249
548
846
1130
1402
1655
1886
2091
2272
2425
2552
2649
2718
2757
2765
2746
2696
2619
2512
2380
2230
2065
1889
1703
1513
1320
1128
940
759
589
429
277
136
13
-91
-176
-245
-303
-356
-406
-455
-497
-532
-557
-580
-605
-637
-681
-745
-829
-927
-1039
-1157
-1279
-1403
-1531
-1665
-1799
-1931
-2054
-2158
-2240
-2298
-2329
-2336
-2319
-2283
-2229
-2159
-2070
-1960
-1826
-1665
-1484
-1278
-1047
-796
-525
-236
64
367
671
958
1232
1489
1728
1950
2156
2343
2499
2622
2705
2748
2759
2743
2704
2645
2567
2467
2347
2209
2056
1885
1703
1508
1309
1115
928
755
590
436
282
135
4
-106
-195
-265
-321
-375
-426
-475
-526
-574
-615
-653
-688
-732
-788
-861
-951
-1057
-1172
-1292
-1413
-1531
-1651
-1770
-1888
-2004
-2109
-2200
-2272
-2317
-2337
-2327
-2291
-2230
-2150
-2060
-1955
-1835
-1702
-1550
-1377
-1179
-955
-709
-446
-174
105
387
664
929
1187
1429
1656
1872
2068
2246
2398
2514
2593
2641
2660
2656
2635
2590
2523
2434
2330
2213
2085
1947
1795
1627
1449
1265
1083
908
741
574
409
247
95
-41
-159
-259
-350
-428
-498
-564
-621
-675
-723
-769
-817
-868
-928
-1000
-1084
-1174
-1265
-1355
-1440
-1521
-1602
-1684
-1762
-1838
-1902
-1955
-1996
-2022
-2027
-2015
-1981
-1925
-1860
-1782
-1696
-1599
-1488
-1364
-1223
-1064
-884
-687
-481
-269
-52
168
393
620
848
1070
1281
1477
1657
1816
1957
2076
2175
2256
2319
2362
2382
2376
2342
2285
2218
2144
2066
1980
1883
1769
1634
1480
1314
1141
966
793
619
450
288
134
-8
-135
-257
-364
-462
-551
-629
-696
-757
-819
-885
-958
-1036
-1117
-1201
-1280
-1350
-1410
-1458
-1498
-1531
-1565
-1595
-1620
-1645
-1662
-1676
-1688
-1688
-1678
-1654
-1615
-1565
-1506
-1437
-1357
-1270
-1172
-1063
-947
-819
-678
-531
-371
-208
-40
134
321
515
717
925
1124
1306
1470
1611
1734
1851
1958
2063
2158
2229
2267
2273
2245
2196
2138
2072
2005
1928
1839
1730
1602
1455
1289
1113
929
742
559
381
215
57
-85
-217
-345
-459
-566
-662
-742
-809
-871
-933
-999
-1067
-1139
-1211
-1278
-1339
-1393
-1435
-1468
-1486
-1493
-1492
-1486
-1479
-1473
-1473
-1477
-1480
-1474
-1460
-1436
-1400
-1351
-1295
-1226
-1151
-1068
-977
-880
-776
-667
-552
-426
-290
-149
-6
136
285
442
611
789
968
1141
1295
1427
1540
1642
1741
1837
1927
2002
2052
2072
2061
2023
1972
1906
1834
1756
1665
1561
1450
1325
1185
1033
872
703
534
370
217
70
-60
-180
-295
-392
-485
-568
-641
-698
-750
-795
-844
-900
-951
-1009
-1060
-1107
-1144
-1178
-1219
-1247
-1264
-1273
-1266
-1254
-1233
-1227
-1231
-1241
-1251
-1247
-1235
-1205
-1180
-1144
-1099
-1041
-982
-915
-834
-750
-666
-574
-467
-355
-240
-120
4
115
238
366
496
643
788
930
1057
1166
1258
1341
1419
1489
1552
1607
1643
1652
1645
1614
1582
1539
1483
1433
1361
1281
1197
1108
1010
896
788
664
535
425
326
233
126
32
-60
-156
-231
-288
-350
-406
-455
-534
-594
-647
-715
-791
-846
-894
-949
-991
-1049
-1092
-1136
-1178
-1191
-1197
-1186
-1187
-1209
-1233
-1226
-1216
-1206
-1180
-1155
-1115
-1076
-1034
-972
-903
-825
-754
-670
-569
-467
-345
-245
-139
-14
89
201
306
432
567
688
798
911
1022
1100
1194
1269
1328
1389
1442
1464
1483
1520
1533
1535
1503
1482
1445
1408
1353
1307
1253
1142
1049
958
866
778
676
598
480
344
234
139
94
-14
-96
-212
-321
-392
-503
-577
-652
-740
-829
-927
-999
-1023
-1083
-1187
-1246
-1292
-1339
-1371
-1373
-1371
-1400
-1416
-1418
-1415
-1405
-1373
-1350
-1321
-1282
-1241
-1188
-1115
-1046
-984
-897
-837
-743
-605
-517
-418
-281
-172
-50
53
201
334
433
572
685
828
932
1056
1138
1229
1342
1385
1465
1518
1555
1604
1620
1635
1613
1599
1579
1549
1518
1463
1410
1317
1241
1171
1092
997
902
799
687
576
483
355
246
126
9
-120
-194
-269
-423
-524
-610
-711
-812
-907
-957
-1022
-1150
-1186
-1252
-1308
-1353
-1401
-1442
-1465
-1462
-1461
-1448
-1470
-1457
-1390
-1396
-1361
-1242
-1199
-1153
-1102
-974
-888
-813
-671
-556
-483
-349
-212
-87
52
158
299
404
507
642
791
874
957
1065
1150
1215
1285
1380
1417
1431
1478
1483
1481
1532
1517
1434
1453
1451
1320
1251
1243
1206
1096
950
912
810
654
619
555
386
252
162
198
-268
-229
303
-454
-767
-315
-302
-815
-1096
-421
-641
-1345
-1093
-741
-996
-1304
-1194
-1087
-1068
-1529
-1196
-953
-1259
-1422
-1191
-910
-1321
-1247
-974
-891
-1150
-1119
-703
-790
-898
-757
-535
-527
-657
-368
-258
-250
-245
-6
68
22
237
302
435
411
554
685
695
779
866
962
946
1026
1109
1098
1130
1162
1196
1168
1179
1184
1158
1134
1092
1079
1042
995
908
890
833
724
712
631
536
461
403
317
225
163
87
10
-77
-119
-217
-262
-340
-411
-445
-509
-555
-610
-610
-681
-752
-730
-769
-829
-851
-834
-858
-898
-884
-868
-864
-912
-856
-859
-827
-814
-783
-740
-743
-676
-665
-601
-559
-488
-445
-396
-317
-262
-179
-120
-54
21
78
156
198
274
342
394
441
488
567
608
652
691
728
761
782
800
825
840
838
836
847
827
804
810
791
737
720
700
654
602
559
521
470
410
336
300
253
195
90
51
55
-86
-142
-154
-204
-312
-363
-353
-447
-495
-535
-547
-599
-656
-657
-671
-700
-731
-715
-724
-755
-740
-725
-742
-736
-708
-704
-699
-675
-621
-601
-602
-535
-495
-451
-441
-382
-296
-292
-253
-185
-132
-94
-17
18
77
153
211
255
305
398
438
466
523
576
611
641
673
712
734
772
783
791
822
826
827
811
810
818
789
754
736
716
674
638
603
552
514
466
412
348
295
253
184
107
46
-4
-60
-152
-216
-262
-315
-389
-471
-491
-557
-606
-670
-718
-729
-785
-831
-856
-854
-888
-911
-904
-913
-910
-901
-880
-878
-858
-802
-789
-765
-715
-659
-619
-582
-512
-446
-388
-331
-261
-193
-119
-58
7
82
140
211
272
331
400
458
510
563
616
672
711
747
795
824
844
863
886
903
899
891
912
896
877
865
850
830
784
758
722
686
632
577
533
475
415
346
297
228
153
94
22
-50
-116
-180
-254
-314
-382
-441
-500
-561
-613
-664
-706
-755
-790
-818
-852
-879
-886
-900
-907
-900
-897
-881
-863
-839
-809
-774
-729
-690
-639
-584
-525
-465
-402
-329
-266
-195
-123
-49
19
89
165
235
296
359
424
478
528
580
624
668
701
731
757
779
796
809
815
814
809
800
785
764
737
706
669
633
592
545
496
445
390
332
274
214
150
88
25
-37
-102
-163
-224
-283
-339
-395
-445
-499
-546
-591
-632
-670
-703
-732
-756
-776
-791
-799
-806
-802
-795
-784
-767
-748
-721
-690
-656
-618
-574
-529
-479
-426
-370
-312
-250
-184
-119
-56
10
75
140
206
268
330
389
443
495
543
587
630
667
699
727
751
769
785
795
802
802
798
788
774
755
729
701
666
628
590
545
500
451
398
345
291
235
179
120
61
2
-55
-111
-167
-223
-273
-323
-370
-415
-460
-499
-533
-564
-592
-617
-639
-658
-670
-678
-685
-684
-682
-673
-660
-645
-625
-602
-575
-545
-512
-478
-441
-400
-359
-316
-271
-227
-181
-130
-82
-34
12
60
105
148
192
235
274
311
346
377
406
431
455
476
491
506
514
524
528
526
526
521
512
499
487
469
449
428
400
376
347
317
286
255
223
189
154
119
84
51
17
-16
-48
-80
-111
-141
-169
-197
-222
-247
-269
-291
-311
-327
-344
-360
-370
-379
-389
-395
-398
-400
-398
-394
-389
-380
-373
-362
-349
-335
-319
-303
-284
-265
-244
-218
-195
-169
-144
-119
-92
-64
-39
-11
13
40
67
92
117
140
163
183
203
223
240
257
274
286
299
312
322
329
332
338
341
341
339
338
334
327
321
310
300
287
271
258
242
222
205
187
164
143
121
97
74
50
27
3
-20
-44
-69
-92
-114
-134
-154
-173
-192
-209
-224
-241
-252
-266
-278
-286
-295
-300
-306
-309
-309
-309
-309
-307
-304
-296
-290
-281
-270
-257
-247
-232
-217
-201
-183
-164
-145
-127
-105
-83
-62
-40
-17
4
25
46
69
90
111
133
152
170
186
201
215
228
239
251
259
267
273
279
284
287
291
290
289
284
278
272
264
256
245
236
224
207
193
176
162
144
125
105
85
67
48
27
8
-12
-30
-49
-70
-87
-103
-120
-135
-148
-164
-176
-189
-199
-209
-217
-226
-231
-234
-237
-238
-239
-238
-234
-230
-224
-217
-210
-202
-193
-182
-171
-158
-146
-133
-120
-106
-92
-74
-59
-43
-29
-15
-2
11
25
38
52
65
77
87
97
108
118
128
136
145
152
155
157
157
157
154
153
151
147
141
137
134
132
127
122
117
115
105
98
88
75
65
54
42
31
18
7
-4
-14
-25
-38
-46
-54
-60
-70
-78
-86
-90
-96
-102
-107
-112
-115
-119
-122
-120
-120
-119
-117
-115
-112
-108
-101
-97
-93
-90
-84
-79
-74
-64
-57
-49
-43
-35
-28
-19
-10
-3
7
14
20
27
34
42
49
55
60
66
69
73
80
83
87
88
90
90
90
90
90
91
89
86
84
81
79
77
74
72
68
61
57
52
46
40
36
30
25
21
17
14
10
5
1
0
-5
-7
-10
-13
-16
-16
-17
-16
-17
-18
-18
-17
-17
-17
-18
-20
-19
-21
-22
-23
-22
-19
-20
-20
-21
-17
-15
-12
-12
-13
-12
-13
-15
-15
-16
-20
-19
-20
-20
-20
-18
-15
-13
-11
-11
-10
-8
-11
-14
-14
-18
-19
-20
-21
-22
-21
-18
-16
-14
-10
-8
-6
-3
-4
-3
-4
-6
-7
-10
-13
-13
-13
-13
-12
-16
-15
-14
-14
-12
-12
-11
-12
-13
-13
-14
-14
-17
-20
-22
-23
-23
-24
-25
-22
-22
-16
-14
-13
-10
-11
-10
-10
-9
-7
-7
-8
-7
-8
-9
-8
-5
-2
0
2
4
7
7
11
13
14
15
15
16
16
16
20
23
25
26
26
26
27
29
31
32
30
32
31
32
31
31
30
32
33
32
31
29
28
27
24
24
23
21
18
16
13
11
9
7
8
5
4
4
3
1
0
0
-2
-3
-5
-6
-7
-9
-10
-11
-10
-10
-11
-10
-10
-10
-10
-9
-11
-9
-10
-10
-10
-8
-7
-7
-6
-6
-6
-6
-6
-7
-5
-6
-5
-4
-4
-3
-2
-1
0
1
1
2
0
2
1
-1
0
0
1
4
5
7
7
8
6
4
4
2
3
2
2
3
2
4
3
2
3
2
2
0
-1
-2
-5
-5
-5
-5
-5
-7
-8
-10
-9
-9
-11
-11
-12
-12
-11
-13
-13
-12
-14
-16
-14
-14
-13
-12
-10
-9
-8
-10
-11
-10
-10
-8
-7
-5
-5
-4
-4
-3
-2
-2
-1
-2
1
3
4
6
5
6
6
7
9
10
10
11
11
11
10
11
11
11
10
9
10
9
9
8
8
7
8
8
9
9
9
8
6
4
3
3
2
2
1
-3
-2
-4
-4
-4
-5
-5
-4
-7
-8
-9
-12
-10
-9
-8
-9
-8
-9
-10
-9
-8
-9
-6
-5
-5
-7
-6
-5
-4
-4
-3
-1
-2
-1
0
0
0
1
1
1
2
4
4
3
4
3
5
5
6
8
9
9
11
9
9
7
6
5
5
5
6
8
8
9
10
11
10
10
7
5
3
2
1
2
1
-1
0
2
2
2
3
1
2
0
-3
-6
-7
-8
-9
-10
-9
-5
-5
-3
-4
-5
-5
-6
-7
-9
-11
-11
-13
-11
-9
-9
-7
-6
-3
-1
0
-1
-4
-4
-7
-8
-7
-6
-5
-2
-1
1
3
5
5
5
3
4
4
2
4
2
2
1
-1
0
1
3
7
10
12
13
13
10
5
4
0
-3
-3
-3
0
1
4
7
9
11
9
10
7
5
1
-4
-6
-7
-7
-6
-6
-3
0
2
4
5
2
0
-1
-5
-8
-8
-9
-8
-8
-6
-5
-4
-4
-2
0
1
-1
-3
-3
-5
-7
-4
-4
-3
-1
-1
1
2
3
3
3
2
1
1
-1
-2
-1
0
0
2
5
8
9
7
8
5
3
1
0
-1
0
-1
0
0
1
2
3
6
8
6
4
3
-1
-3
-5
-4
-3
0
0
2
2
2
1
1
0
0
-2
-3
-3
-3
-4
-6
-5
-3
-4
-3
-3
-2
-3
-3
-3
-4
-4
-3
-2
-2
-1
-1
0
-1
-2
-3
-3
-2
-3
-1
0
3
3
3
4
5
3
2
0
0
0
0
1
2
5
6
6
6
4
2
1
-1
-3
0
-1
1
3
5
6
5
7
3
1
0
-1
-1
-2
-2
-2
-1
0
2
2
2
2
1
-2
-1
-2
-2
-1
-1
0
1
1
1
-1
0
-1
-1
-2
-1
-1
-2
-2
-2
-2
-2
-2
-1
-1
-2
-1
-2
-2
-2
-1
-2
-1
0
1
1
-1
-1
-2
-1
-3
-3
-2
-1
0
0
3
2
3
2
1
1
-1
-1
-1
-1
-1
-1
1
3
4
4
2
2
0
1
-2
-2
-1
-2
-2
-1
1
2
2
1
2
1
1
0
-1
-2
-3
-1
-3
-1
0
1
0
0
1
1
0
2
1
-1
0
0
-1
-1
-1
-1
0
-1
-1
-1
-1
-1
1
2
-1
0
0
0
1
1
4
1
1
1
0
1
0
0
0
2
0
1
1
0
1
0
2
2
0
1
-1
0
0
0
1
0
-1
1
0
-1
-1
0
0
1
0
0
0
1
-1
-1
1
1
1
0
0
1
-1
-1
0
0
-1
1
-1
0
0
0
-1
-2
0
0
-1
0
1
0
0
1
1
-1
-1
0
-1
0
0
0
-1
-1
-2
-3
-3
-1
0
0
1
0
1
1
0
-1
0
-1
-2
-2
-2
-3
0
0
-1
-1
0
1
2
0
1
-1
-2
-1
0
1
0
2
1
1
1
0
0
0
1
2
2
1
2
1
1
1
2
1
0
0
0
-1
0
1
-1
-1
-2
1
0
0
0
1
2
0
-1
-2
-1
-1
-1
-1
-1
-1
0
-1
1
1
1
1
0
0
1
3
2
0
1
-3
-1
0
-1
0
0
0
2
1
0
0
-1
-2
-1
-1
0
2
1
1
0
0
-1
-1
-2
-2
0
0
1
1
1
0
0
-1
0
0
1
1
0
1
-1
-1
-2
0
0
0
1
1
0
1
1
0
-1
-2
0
1
0
0
0
1
0
0
0
1
1
0
-1
-2
-1
0
0
2
-1
0
0
0
-1
-1
0
-1
1
0
2
1
0
1
-1
0
0
0
0
0
0
0
-3
-2
-1
-2
0
1
1
0
-1
0
0
1
0
-1
-1
-2
-1
1
0
-1
0
1
-1
1
1
1
0
-1
0
0
1
-1
0
0
1
0
-1
0
1
0
1
2
2
1
1
0
-1
-1
-1
0
-1
-1
0
-1
0
-1
1
-1
-1
0
2
1
0
1
0
0
1
-1
0
1
0
1
1
1
1
0
0
1
-1
0
-1
1
1
0
0
1
1
2
0
0
0
0
2
0
1
0
2
2
1
2
2
0
-1
0
-1
-2
-3
-2
0
0
1
0
-1
-1
0
-1
1
1
0
0
-1
0
-1
0
1
0
0
1
0
0
0
0
1
0
0
-1
1
0
0
2
0
-1
1
0
-1
-2
-2
-2
-1
0
1
0
-1
0
-1
-1
-1
0
-1
0
1
1
0
0
1
1
0
0
-1
-1
-1
0
0
0
0
1
1
1
1
-1
-1
-1
0
1
1
2
2
2
1
1
-2
-1
-1
0
0
-1
0
-1
-1
