SAMPLES:	19487
BITSPERSAMPLE:	16
CHANNELS:	1
SAMPLERATE:	16000
NORMALIZED:	FALSE
-1
0
1
1
1
0
2
-1
0
-1
0
0
0
1
-1
-1
-1
-1
0
0
-1
0
0
1
1
0
0
1
0
0
-1
-1
-1
0
0
-1
-1
-1
1
0
0
1
0
-1
-2
0
0
-1
0
-2
-1
0
0
1
1
1
-1
0
0
1
0
0
-1
-1
0
2
2
0
0
0
-1
0
1
0
0
1
-1
0
-1
2
0
0
0
-1
0
0
0
1
-1
-1
0
0
0
0
1
1
0
0
-1
-1
-1
-2
-1
-1
-1
0
0
0
0
1
-1
-2
-1
0
2
0
0
0
-1
0
0
1
1
0
1
0
0
1
0
0
1
0
1
1
0
-1
1
0
1
1
1
1
0
0
-1
1
0
1
1
1
1
1
0
-1
0
1
0
-1
0
0
0
0
-2
-1
1
0
-1
0
-1
0
0
-1
0
0
0
1
1
0
1
0
1
1
0
0
0
0
1
0
0
0
-1
-1
-1
-2
-1
-1
0
0
0
-1
0
-1
-1
0
-1
0
-1
0
1
1
0
0
0
-1
0
2
1
0
-1
0
1
1
2
1
0
1
0
-1
-1
0
0
0
1
-1
-1
-1
0
-1
0
-1
-2
0
-2
0
-1
-1
0
-1
-1
-1
1
0
0
-1
1
1
0
-1
0
0
-1
0
0
0
0
0
0
1
0
0
-1
0
0
0
0
0
-1
0
1
0
0
1
0
0
-1
1
0
-1
-2
-1
-2
-1
2
0
0
0
1
-1
0
-1
-2
-1
1
0
0
1
1
1
0
-1
1
0
0
0
1
0
1
2
0
0
0
1
-1
1
0
0
0
0
1
-1
-1
1
1
1
0
0
-1
0
1
0
0
0
-1
1
0
0
1
1
0
0
1
0
1
0
1
1
1
2
1
1
1
0
1
1
1
2
0
0
-1
-1
0
0
-1
0
-1
1
1
0
0
-1
-1
0
0
0
-1
0
1
0
0
0
-1
0
0
-1
-1
-1
-2
-2
0
-1
-2
-1
-1
0
0
0
1
0
-1
1
-1
0
-1
0
-1
-1
-1
0
0
-1
0
1
1
0
0
1
1
0
-1
0
-1
1
2
0
-1
3
0
1
0
-1
1
0
0
2
1
2
0
0
0
0
0
1
-1
1
1
0
-1
-1
0
-1
0
-1
0
0
-2
0
0
0
-1
0
0
-1
0
-1
0
-1
0
-1
-1
1
1
-1
0
0
1
0
1
1
1
1
1
1
-1
-1
0
0
0
0
0
0
0
1
-1
-1
-1
-2
-2
1
2
0
-1
0
0
0
2
-1
0
0
0
0
0
-1
0
0
2
1
-1
0
1
2
0
0
1
0
1
1
1
0
0
1
0
0
1
0
0
0
1
0
0
1
0
0
-1
1
1
0
1
1
1
0
1
1
-1
0
-1
0
0
-1
0
-1
1
0
-1
-1
0
-1
0
1
0
-1
0
-1
-1
-2
0
-1
-2
-1
0
-1
0
1
0
-1
-2
-1
0
-1
-1
-1
-1
-1
0
1
0
0
1
0
-1
2
1
-1
-1
-1
1
0
0
0
1
-1
1
1
0
-2
1
0
-2
-1
0
-1
0
2
2
-1
0
3
0
-2
0
0
-1
0
3
1
-1
1
2
-2
-1
4
-1
-2
0
2
-3
0
2
1
0
2
1
-3
0
2
0
-2
1
1
-2
0
2
-1
0
1
0
-1
-2
0
0
0
0
0
0
0
0
-1
-1
0
0
0
0
0
0
1
0
-2
1
1
0
0
0
2
0
-2
-2
-1
-1
1
-1
1
0
-1
0
0
0
0
1
-1
0
0
1
1
0
2
0
-1
0
1
0
-1
-1
0
0
0
0
-1
0
0
-1
0
0
1
-1
-1
0
0
0
2
0
0
0
1
1
2
0
-1
-1
-1
1
0
0
0
0
-1
0
-1
0
0
-1
-1
-2
0
0
0
1
1
-2
1
1
1
1
0
1
0
0
2
2
-1
0
1
-1
0
1
-2
-1
2
0
0
0
0
-1
0
2
1
-1
0
0
-2
0
0
-2
0
0
1
-1
2
2
-2
-1
2
1
-1
0
2
-1
-1
0
0
-1
1
-1
-2
1
0
0
-1
0
0
-1
0
-1
-1
0
0
0
-1
-1
1
0
0
1
0
0
1
0
1
0
0
1
-1
1
0
0
-1
-1
1
0
1
1
1
0
0
0
-1
0
0
1
-1
0
0
-1
-1
0
-1
0
0
0
0
-1
0
0
0
0
0
0
-1
0
2
1
1
1
0
0
0
-1
-1
-1
1
-1
-1
0
0
1
0
0
0
1
-1
-1
1
0
0
0
0
0
1
1
-1
-1
-1
0
-1
-2
-1
0
-1
0
1
0
0
1
0
-1
0
0
0
0
1
0
-1
1
1
-1
1
-1
-1
-2
0
1
-1
1
0
-1
0
0
1
1
1
0
0
0
0
1
1
2
0
-1
0
-1
0
0
0
0
-1
0
0
0
-1
1
1
0
0
0
2
-1
1
0
1
0
-1
-1
-1
1
0
1
0
1
1
0
1
1
1
-2
-1
-1
0
0
0
0
-1
0
0
0
-1
-1
1
0
-1
0
0
0
1
1
0
0
0
1
0
-1
-1
-2
0
0
-1
0
0
0
0
-1
0
0
-2
-1
-1
1
-1
1
0
-1
-1
0
1
1
1
1
-1
1
2
1
0
0
1
0
-1
0
-1
0
1
0
-1
1
1
-1
0
0
-1
-2
0
1
0
-2
-1
0
2
1
0
0
0
0
-1
0
0
1
0
1
-1
0
0
0
0
1
1
1
1
0
1
0
-1
-1
0
0
0
0
1
0
-2
0
1
2
1
0
0
-1
1
2
0
1
-1
0
-1
-1
-2
-1
1
0
0
0
1
0
1
1
0
1
0
0
0
0
-1
1
1
0
1
0
0
0
0
0
-1
1
-1
-1
2
0
-1
-1
0
0
0
0
-1
1
0
1
1
1
0
-1
0
2
0
0
0
0
0
0
0
-1
1
1
1
-1
0
-1
0
0
0
1
0
-1
0
-1
0
1
1
2
0
-1
0
1
0
-1
-1
1
2
0
0
-1
0
0
-2
0
1
1
0
-1
-1
0
1
0
1
1
0
-1
0
-1
-1
0
1
-1
-1
0
1
1
1
-1
-1
1
2
0
0
0
1
1
1
-2
0
0
1
1
0
-1
-1
-1
1
1
0
0
1
0
0
-1
-1
0
0
-1
0
1
-1
0
1
1
1
0
1
1
0
0
0
0
-1
0
0
0
-1
1
-1
-1
1
2
0
-1
-1
-1
-1
0
0
1
0
1
-1
-1
0
-1
-1
0
1
-1
0
0
0
-1
0
-1
1
0
0
-1
-1
1
1
1
-1
0
-1
1
0
-1
1
0
0
0
0
0
0
0
0
0
0
0
1
1
-1
0
0
0
-1
1
0
0
-1
0
0
0
0
-1
-1
0
0
0
0
-1
1
2
-1
0
-1
0
-2
-1
0
0
1
1
1
-1
0
-1
0
0
-1
-2
-1
1
1
0
0
0
1
2
1
1
-1
0
0
1
1
0
1
0
0
0
-1
0
0
1
1
-1
1
0
1
-1
-1
0
0
0
-2
0
1
0
1
-2
-2
1
-1
-1
0
1
0
0
1
-1
0
1
1
0
1
0
1
1
0
0
0
0
0
-1
-1
0
-1
0
0
0
-1
-1
-1
0
0
1
0
0
-1
0
-1
-1
0
-1
-1
1
0
1
1
0
1
0
-1
-1
-1
1
0
0
-1
-1
0
0
0
-2
0
0
0
-1
-1
-1
-1
0
0
1
0
1
2
0
0
0
0
-1
0
0
-1
0
0
0
-1
1
-1
0
0
1
1
0
-1
0
0
0
-1
1
1
-1
0
-1
1
0
0
0
-1
0
-1
1
0
2
0
-1
0
0
-1
0
0
1
1
1
0
1
0
0
1
0
0
0
0
0
0
1
0
0
0
-1
0
0
0
-1
0
1
1
-1
0
-1
-1
1
0
1
0
0
0
-1
0
0
-1
0
1
0
0
0
0
0
0
-1
-1
0
-1
-1
-1
1
1
2
1
2
1
0
0
0
0
0
-1
0
0
0
0
0
-1
0
-1
0
-1
0
1
0
1
2
0
0
-1
-1
1
0
1
0
-1
1
1
1
0
1
1
1
1
0
1
-1
-1
-1
1
0
0
1
0
-2
-2
0
-1
1
0
2
0
-1
-1
0
0
-1
-1
-1
-1
0
0
0
1
0
1
0
0
2
1
1
-1
0
-2
0
0
1
0
0
0
0
-1
-1
-1
-1
-1
0
0
1
0
0
1
1
0
0
1
-1
0
2
1
0
0
-1
-1
-3
-1
0
-1
0
1
1
1
0
1
1
0
0
2
0
0
0
-1
0
-1
0
0
0
0
0
0
0
1
1
-1
0
-1
0
0
1
0
0
0
-1
0
1
0
-1
0
0
1
0
-1
0
0
0
0
1
-1
-1
-1
0
1
1
0
1
1
0
-1
0
-1
0
1
0
0
0
0
-2
-1
-1
0
0
-1
-1
1
0
1
1
1
1
0
0
0
0
1
1
0
1
-2
0
0
-1
-1
1
0
0
-2
0
0
1
1
1
1
0
-1
0
0
0
-1
-1
1
1
1
0
0
0
0
-2
-1
0
0
1
-2
0
-1
-1
0
0
-1
0
0
1
1
-1
0
1
1
1
0
-1
0
-1
-1
0
0
0
0
0
1
1
0
0
1
1
0
0
-2
-2
-1
0
0
-2
0
1
1
3
1
1
-1
0
0
-1
0
-1
-1
-1
1
1
1
-1
0
0
0
0
0
1
-1
0
-1
1
1
1
-1
0
1
1
1
1
1
0
0
-1
1
1
1
1
-1
-1
1
0
-1
0
-2
1
2
0
-1
0
1
0
-1
-1
-1
-1
0
-1
-2
0
2
1
1
-1
-1
1
0
-2
-1
1
0
0
2
-2
0
0
0
1
-1
-1
0
0
0
0
0
0
1
1
1
-1
0
1
1
1
0
0
-1
-1
-1
-2
-1
0
-1
0
-1
-1
0
0
0
0
0
1
1
1
0
0
0
0
0
0
0
0
0
1
1
0
0
0
0
0
1
1
0
0
-1
1
2
0
0
0
-2
1
0
0
-1
0
0
0
1
0
-1
-1
2
0
0
0
-2
-1
0
1
1
0
-2
-1
0
0
1
1
-1
0
-1
-1
0
0
0
-1
0
0
-1
1
1
0
0
1
1
0
0
0
-1
-1
0
1
0
-1
0
-1
0
0
-1
-2
-1
-1
-1
0
1
-1
-1
2
2
1
0
1
-2
-1
0
0
0
0
1
0
2
1
0
-1
0
-1
0
0
-1
0
0
-1
1
-1
0
0
1
2
0
0
0
1
0
1
0
0
0
0
2
1
1
0
1
1
0
0
-1
-2
-1
-1
-1
0
1
1
0
1
1
0
0
0
1
0
0
-2
-1
-1
-1
0
-1
1
1
0
1
1
0
0
0
1
1
2
1
0
-1
1
1
0
0
0
0
-1
0
-1
0
0
1
1
1
1
1
0
-1
0
0
0
1
1
1
0
-1
-2
0
0
0
1
-1
1
2
0
-2
0
1
1
0
1
1
-1
1
-2
-3
-1
-1
-1
-1
1
1
1
1
1
0
1
0
0
0
0
-1
0
0
-1
0
-1
0
0
1
1
0
0
-1
-1
-1
-2
-1
-1
0
2
1
1
1
0
1
1
1
0
0
-1
-3
-3
-2
-3
-1
-1
0
2
3
3
4
3
1
-1
-2
-1
-2
-1
0
0
-1
-1
0
-1
0
0
0
-1
0
1
2
1
0
-1
0
-1
-1
0
0
0
1
0
-1
2
1
1
1
0
0
1
0
-1
-1
-1
0
-2
-1
-2
0
-1
-2
-2
1
2
3
5
0
-1
3
5
6
6
4
3
4
4
3
1
-1
0
3
-1
-4
-1
-1
-2
0
-3
-6
-1
8
7
0
2
0
1
8
13
12
9
5
-1
4
3
6
10
11
-6
-13
-4
-1
-4
-15
-16
-14
-3
-5
-15
-16
-9
4
-4
-12
-12
-13
-14
-9
0
-17
-25
-21
-20
-15
-8
-1
-15
-15
-11
11
28
9
-8
-10
9
12
19
12
3
0
-2
4
10
12
18
25
13
-8
-9
-5
4
20
15
3
2
8
-6
1
22
32
32
29
10
3
18
28
10
7
28
26
13
-5
12
22
51
48
21
-1
21
27
-15
-28
-38
-35
-37
-3
-34
-63
-47
-23
-37
-32
11
7
-16
-22
-18
-8
10
5
-21
-31
-26
-27
0
-9
-25
-46
-22
-21
-32
-41
-71
-79
-81
-29
-15
-21
-45
-53
-58
-9
61
67
25
26
40
30
27
43
43
35
56
48
36
29
70
72
94
101
104
95
72
49
2
28
21
22
-3
-6
-12
-7
27
16
-7
-26
-5
14
15
30
11
-11
12
17
-2
-54
-24
-30
-2
11
6
-18
-79
-74
-94
-75
-88
-66
-90
-103
-79
-91
-88
-61
-44
-66
-28
12
31
56
42
-46
-75
-24
29
-13
-61
-28
47
46
2
-6
-11
44
131
152
78
3
-32
1
66
88
57
40
-5
3
66
126
85
0
-51
-28
49
89
96
22
-78
-83
-44
-16
21
49
-8
-49
35
21
12
-21
-33
-83
-24
80
81
37
-40
-1
6
29
86
96
54
48
87
88
81
60
-70
-121
-140
-92
-35
-48
-106
-137
-92
-132
-117
-81
-68
-68
-22
18
-24
-76
-87
-84
-2
75
110
63
-5
3
34
61
-21
-10
-11
-1
15
-13
-94
-148
-66
-15
-26
-85
-119
22
46
-35
50
32
-14
-76
85
-170
391
695
15
-597
107
698
263
330
196
3
-114
200
523
546
2
-620
-89
88
-87
-40
95
-275
-490
-108
92
193
-330
-526
-301
396
478
113
-465
-543
-121
202
578
323
-184
-679
-282
169
497
213
-386
-573
-519
-322
-136
52
-256
-469
-454
-406
-252
-48
132
120
-32
-148
80
405
484
467
327
221
266
480
638
753
567
261
169
249
252
268
227
-32
-239
-239
-205
-267
-364
-389
-445
-470
-399
-239
-172
-254
-267
-329
-220
-128
46
31
62
-1
57
147
219
265
244
164
125
305
346
261
150
95
51
18
14
-2
17
-69
-130
-76
-101
-155
-257
-177
-201
-112
-153
-151
-188
-120
-35
-60
-62
-27
96
126
179
200
177
89
18
122
294
297
119
41
88
186
194
72
-38
17
56
15
63
19
-159
-262
-184
-159
-160
-123
-152
-219
-232
-134
5
19
-57
-68
26
65
161
286
235
72
95
162
174
120
112
73
108
114
94
155
47
-139
-162
34
81
17
-45
-228
-328
-304
-161
-101
-167
-234
-306
-299
-304
-129
-61
-123
-231
-330
-312
-228
-71
-145
-165
-181
-109
7
123
193
128
201
284
443
403
348
332
387
498
456
478
440
555
537
551
549
398
308
235
257
60
-23
-110
-193
-293
-400
-442
-539
-561
-595
-588
-592
-621
-605
-636
-636
-661
-669
-600
-530
-426
-325
-155
-138
-51
53
194
301
453
538
462
500
535
632
585
588
505
457
462
461
498
383
348
150
107
36
107
84
-96
-117
-197
-150
-289
-131
-100
62
174
60
-228
-305
81
245
268
38
-186
-382
-321
-22
121
104
-333
-465
-389
-236
-112
-82
-184
-593
-613
-552
-381
-288
-301
-405
-419
-313
-129
126
250
199
206
209
239
376
482
507
357
296
158
235
361
404
329
15
45
125
223
103
-45
-192
-410
-298
-228
-95
-203
-410
-544
-530
-194
31
204
-44
-283
-190
32
358
382
350
71
85
271
530
619
401
96
-146
7
211
418
306
30
-200
-253
-164
-98
-88
-187
-409
-483
-490
-210
-18
61
-53
-162
-151
25
327
412
355
247
197
259
373
551
559
536
555
602
633
491
570
455
394
267
227
-40
-74
-24
106
31
-232
-476
-570
-275
-309
-244
-437
-612
-721
-631
-585
-632
-556
-536
-646
-646
-591
-386
-391
-392
-377
-476
-561
-581
-313
-330
-263
-301
-245
-427
-398
-222
74
23
-297
-81
-159
18
8
-78
-444
-488
41
-92
50
-107
-234
-456
-299
206
612
818
509
560
762
1125
1525
1868
1928
1792
1975
2252
2604
2831
2724
2678
2336
2251
2033
2050
1698
1194
651
-35
-364
-806
-1036
-1702
-2127
-2793
-3176
-3408
-3100
-3404
-3686
-3798
-4050
-3523
-3370
-2177
-3474
-3527
-3222
-1712
-1175
-2127
-1538
-1967
-1901
-698
2534
3253
-410
-988
617
3180
3435
4091
3449
1436
1076
2631
5785
5362
3588
2091
2589
2874
3222
4167
3763
1877
598
569
1193
731
709
140
-811
-2142
-2105
-938
-503
-1150
-2071
-2091
-1902
-1491
-832
-545
-1220
-1758
-1241
-453
-500
-685
-1129
-1496
-1990
-2081
-1485
-1606
-2515
-3224
-3293
-3492
-4339
-3777
-4095
-3976
-1527
123
-1547
-4365
-2241
437
2221
3136
3165
2118
881
2931
6157
8440
6827
4384
4152
4607
6082
6973
6728
3511
1384
1384
1653
1656
561
-292
-2034
-3152
-3719
-2814
-2098
-2738
-3544
-3832
-3229
-2389
-1284
-569
-976
-1432
-1112
309
1254
1268
888
13
-278
-413
114
62
-643
-2223
-3329
-3224
-3450
-4197
-4658
-4966
-5704
-3955
-1574
-2239
-5073
-4497
-1356
543
1869
2700
2352
1135
2135
5830
8543
8207
5726
5205
5738
6531
7601
7660
5606
2495
1949
2290
2129
924
-185
-1633
-3256
-4141
-3528
-2671
-3118
-4273
-4560
-3807
-2963
-2139
-1251
-1084
-1623
-1300
190
1428
1282
1068
673
319
-73
493
806
143
-1610
-2868
-2812
-3133
-3886
-4521
-4836
-6043
-4384
-1815
-2719
-5828
-5202
-1898
-417
1089
2193
1787
415
1670
5543
8320
8140
5710
5363
5927
6718
7636
8106
6602
3606
2347
2302
2506
1556
475
-1014
-2971
-4565
-4305
-2956
-2811
-3968
-4910
-4716
-3759
-2752
-1418
-746
-1194
-1425
-287
1158
1780
1855
1296
885
409
749
994
1115
-348
-2115
-2669
-3147
-3766
-4501
-4646
-6054
-5020
-2605
-3049
-6278
-6289
-2703
-1142
36
1327
1458
-28
653
4641
7969
8300
5899
5286
6036
6788
7893
8709
7459
4436
2949
2659
2651
2036
1120
-356
-2409
-4437
-4781
-3395
-2791
-3614
-4923
-5129
-4532
-3226
-1747
-652
-1012
-1637
-670
877
2071
2260
1885
896
980
1315
1333
1453
659
-1336
-2745
-2578
-2958
-4193
-4600
-6279
-6170
-3543
-2013
-5289
-7440
-4515
-2213
-902
681
1853
137
-884
2334
6700
8764
6734
5255
5705
6334
7325
8652
8660
5248
3751
3240
2873
1770
1547
853
-1364
-3433
-4929
-3955
-3197
-3257
-4233
-4845
-4770
-4224
-2370
-1008
-599
-1391
-1031
486
1569
2365
2147
1699
1001
1549
1759
1649
1232
-588
-1996
-2437
-2382
-3825
-4695
-5660
-7126
-4706
-1878
-3224
-7803
-6788
-2982
-1715
-274
1322
1221
-1564
-175
4680
8372
7901
5179
5296
5889
6855
7935
9292
7183
3841
3730
3616
2593
1238
1598
320
-2255
-4102
-4444
-3196
-3191
-3651
-4403
-4486
-4399
-3557
-1415
-544
-986
-1569
-270
1029
1796
2238
2011
1316
984
1707
1862
1622
13
-1482
-2108
-2129
-3066
-4699
-5137
-6957
-6305
-2967
-1584
-5802
-8797
-5077
-2075
-878
162
1438
-589
-2032
1946
6955
8786
6151
4785
5417
6445
7610
8883
8958
5405
3470
4004
3995
2204
1213
1202
-630
-2851
-3971
-3393
-2785
-3178
-3904
-4140
-3837
-3595
-2451
-712
-482
-1294
-975
513
1352
1666
1955
1624
903
1072
1534
1577
552
-1084
-2027
-2347
-2574
-4307
-5280
-6188
-7475
-5368
-2203
-2810
-8153
-8224
-3814
-1429
-574
639
1030
-1801
-1068
4046
8556
8391
5453
5117
5884
7197
8353
9716
8168
4505
3600
4289
3841
1743
1241
379
-1599
-3495
-3860
-3078
-3031
-3491
-4287
-4047
-3717
-3162
-1708
-533
-616
-1261
-214
1098
1823
2133
2022
1476
1071
1682
2132
1696
314
-1450
-2121
-2365
-2759
-4510
-5499
-6970
-7760
-4737
-2091
-4270
-9237
-7652
-3411
-1697
-523
692
227
-2476
-302
5138
8742
7781
5077
5413
6184
7708
8883
9956
7601
4394
4244
4660
3603
1719
1392
186
-1995
-3585
-3912
-3379
-3469
-3971
-4535
-4378
-4119
-3541
-1926
-907
-1054
-1362
-176
1033
1897
2178
2049
1613
1462
2169
2487
1988
301
-1231
-1564
-1884
-2619
-4517
-5282
-7028
-7149
-3973
-2107
-5153
-9432
-6862
-3186
-1669
-586
462
-402
-2619
387
5584
8588
7049
4876
5509
6410
8047
9097
9840
7130
4588
4603
4919
3582
1854
1542
314
-1737
-3452
-3873
-3506
-3510
-4092
-4613
-4450
-4352
-3828
-2235
-1056
-1301
-1579
-546
707
1575
1821
1843
1371
1301
1750
2092
1552
-112
-1370
-1632
-1907
-2973
-4697
-5301
-6986
-6707
-3583
-2046
-5654
-9267
-6186
-2668
-1426
-511
672
-451
-2244
1153
6469
8853
6846
5057
5987
7016
8384
9330
9740
6878
4571
4809
5122
3550
1773
1414
328
-1660
-3353
-3725
-3394
-3623
-4337
-4550
-4228
-4316
-3835
-2194
-1102
-1427
-1574
-433
674
1438
1520
1568
1169
1118
1518
1586
893
-832
-1659
-1824
-2220
-3333
-5109
-5709
-7520
-6367
-3230
-2188
-6386
-9448
-5742
-2576
-1245
-316
837
-842
-2187
2108
7236
9100
6725
5501
6342
7297
8692
9680
9837
6536
4431
4674
5331
3830
1890
1049
-153
-1792
-3172
-3241
-3224
-3889
-4765
-4691
-3971
-3944
-3538
-2410
-1383
-1623
-1506
-119
1053
1485
1152
1356
1205
1389
1626
1556
613
-1035
-1816
-1901
-2144
-3395
-5126
-5920
-7659
-5971
-2658
-2108
-7038
-9398
-5316
-2385
-1032
-7
828
-1490
-2205
2730
7676
9104
6400
5505
6144
7284
8854
9848
9717
6020
4151
3979
5359
4135
2083
425
-987
-2165
-3311
-2761
-2996
-3927
-5268
-5101
-3837
-3381
-3036
-2547
-1704
-1984
-1556
414
1703
1478
737
1161
1407
1565
1797
1629
374
-1333
-2054
-1909
-2257
-3692
-5197
-6371
-7667
-5281
-1801
-2579
-7781
-8686
-4382
-1861
-552
729
766
-1842
-1407
4019
8346
8795
6026
5596
6238
7538
8991
9981
8988
5181
3690
3725
4993
3658
1743
-374
-1940
-2777
-3268
-2676
-3073
-4083
-5338
-5106
-3597
-2798
-2395
-2108
-1689
-1894
-1140
1099
2087
1515
639
918
1294
1568
1834
1210
-266
-1904
-2440
-2272
-2665
-4225
-5788
-7131
-7929
-4999
-1534
-2848
-7947
-8317
-3987
-1349
244
1511
1137
-1428
-507
4887
9052
9215
6389
5847
6443
7804
9053
10079
8617
4793
3301
3725
4689
2954
1098
-876
-2106
-3006
-3463
-3032
-3370
-4232
-5303
-4600
-3284
-2761
-2328
-1744
-1299
-1545
-638
1099
1859
1352
503
763
977
1269
1170
673
-725
-2398
-2734
-2593
-2950
-4730
-6132
-7297
-7829
-4593
-1452
-2834
-7889
-7866
-3425
-729
925
1840
1433
-1164
13
5357
9363
9097
5992
5610
6370
7675
8637
9489
7946
4241
3060
3966
4652
2461
547
-710
-1502
-2661
-3239
-2874
-3317
-4222
-4761
-3605
-2709
-2726
-2421
-1473
-797
-1023
-360
903
1432
898
493
901
742
551
531
377
-856
-2339
-2571
-2813
-3446
-4893
-5583
-6692
-7661
-4447
-1423
-2796
-7828
-7253
-2820
-571
834
1626
1528
-1151
225
5497
9075
8464
5258
5501
6137
7340
8151
8899
7430
3792
3166
3956
4646
2432
633
-393
-1341
-2333
-2795
-2438
-3304
-4271
-4377
-3368
-2593
-2694
-2331
-1694
-1025
-1073
-408
815
1027
567
318
874
587
420
432
152
-808
-1931
-2348
-2831
-3389
-4496
-5037
-6112
-7285
-4330
-1227
-2533
-7589
-6998
-2596
-612
324
1439
1583
-1111
-57
5160
8745
8108
5150
5347
5979
7005
7920
8739
7559
4007
3261
3923
4612
2542
1088
130
-990
-2146
-2613
-2329
-3157
-3958
-4176
-3499
-2917
-2915
-2447
-1841
-1268
-1438
-854
465
765
450
94
633
490
343
498
98
-675
-1842
-2199
-2531
-3062
-4002
-4979
-6150
-6980
-3512
-687
-3001
-7866
-6841
-2329
-888
179
1444
868
-1794
-186
5436
8343
7637
4970
5212
5886
7012
8156
8851
7582
4085
3508
4525
4604
2479
1256
686
-614
-2002
-2462
-2584
-3149
-3820
-3816
-3541
-3324
-3400
-2849
-1854
-1316
-1491
-1127
56
505
408
332
813
597
262
591
260
-465
-1637
-1934
-2370
-3012
-3745
-4959
-6112
-6944
-3420
-856
-3166
-7636
-6996
-2648
-1411
66
1270
570
-1975
-524
5189
7949
7680
5098
5313
5950
7101
8426
8985
7997
4366
3715
4484
4711
2767
1446
796
-811
-2083
-2664
-2566
-3197
-3880
-3971
-3873
-3548
-3630
-2841
-1982
-1333
-1433
-1051
78
553
762
796
1314
880
522
856
622
-127
-1404
-1839
-2494
-3073
-3855
-5067
-6012
-7309
-4438
-1691
-2640
-7234
-7757
-3543
-1633
-72
931
915
-1511
-977
4468
8015
8536
5756
5515
6151
7281
8683
9200
8839
4972
3600
3856
4720
3376
1665
554
-1481
-2709
-3176
-2547
-3106
-4150
-4600
-4653
-3946
-3643
-2595
-1954
-1537
-1496
-1119
281
938
1368
1153
1375
1239
905
1300
1058
378
-1167
-2063
-2529
-3066
-3749
-5114
-6088
-7834
-5353
-2124
-2467
-7037
-8329
-4292
-2050
-253
1058
1183
-1157
-1239
4050
7977
9014
6425
5744
6386
7155
8757
9314
9350
5328
3496
3742
4585
3501
1529
517
-1613
-2888
-3393
-2745
-3111
-4198
-4510
-4702
-3951
-3569
-2490
-1812
-1298
-1080
-972
355
1077
1655
1372
1425
1182
679
1164
1108
423
-1320
-2403
-2839
-3320
-3903
-5211
-6292
-8410
-6126
-2401
-2278
-6933
-8653
-4670
-2371
-447
1445
1840
-773
-1458
3741
7957
9310
7072
6047
6475
6826
8705
9492
9680
5608
3489
3763
4370
3541
1818
903
-1528
-2919
-3297
-2659
-2958
-3933
-4114
-4425
-3887
-3459
-2287
-1632
-1225
-955
-857
378
1014
1488
1231
1367
1025
326
623
714
131
-1408
-2452
-3001
-3545
-4051
-5230
-6128
-8166
-6915
-3173
-1996
-5800
-8714
-5445
-2552
-832
1136
2193
171
-1753
2342
7272
9367
7826
6084
6332
6364
8298
9341
9903
6645
3679
3563
4130
3933
2307
1462
-890
-2671
-3212
-2642
-2577
-3436
-3758
-4173
-3863
-3434
-2404
-1502
-1090
-848
-892
134
851
1342
1319
1286
1123
256
239
281
92
-1118
-2414
-3012
-3663
-4076
-5194
-5904
-7540
-7766
-4307
-2124
-4257
-8310
-6660
-3061
-1321
793
2157
1212
-1663
681
6149
9208
8791
6234
6028
5955
7640
9146
9943
8033
3982
3195
3860
4275
2699
1742
66
-2281
-3273
-2960
-2337
-2964
-3534
-4074
-4013
-3603
-2810
-1592
-892
-668
-1048
-391
564
1292
1555
1404
1198
380
146
419
389
-530
-2099
-2818
-3450
-3944
-4731
-5436
-6642
-8316
-5628
-2323
-2835
-7300
-7746
-3883
-1958
53
1912
1905
-1148
-958
4419
8399
9196
6642
5667
5639
6662
8590
9685
9143
4873
2945
3668
4419
3165
2087
1164
-1373
-3203
-3159
-2149
-2357
-3061
-3734
-3913
-3823
-3249
-1861
-687
-427
-1259
-1075
-80
901
1488
1485
1110
116
-270
404
674
-17
-1649
-2692
-3278
-3837
-4069
-4805
-5735
-8218
-6966
-2759
-1717
-5521
-8354
-5026
-2387
-638
1570
2126
-150
-2103
2413
7308
9241
7365
5378
5608
5917
8060
9255
9740
6241
3141
3568
4594
3972
2385
1825
-356
-2586
-3098
-2139
-1992
-2852
-3465
-3848
-3811
-3626
-2497
-1068
-568
-1295
-1635
-732
174
897
1296
893
-11
-699
-21
577
109
-1110
-2536
-3078
-3611
-3658
-4164
-5199
-7342
-7756
-3371
-1170
-3820
-7926
-6247
-2616
-1130
1326
2056
706
-2160
626
6278
8815
8179
5352
5531
5609
7443
9021
9590
7548
3618
3668
4588
4600
2774
2084
653
-1877
-2781
-2375
-1863
-2745
-3293
-3720
-3947
-3819
-3167
-1628
-975
-1202
-1785
-1094
-272
366
1007
876
285
-430
-173
321
66
-679
-1950
-2635
-3170
-3396
-3953
-5000
-6370
-7709
-4490
-1636
-2745
-7116
-7239
-3403
-1579
447
1634
1269
-1510
-793
4788
8277
8730
5970
5453
5676
6750
8734
9512
8827
4679
3545
4387
4912
3350
2223
1467
-1168
-2787
-2771
-1880
-2480
-3299
-3755
-4221
-4172
-3687
-2111
-1241
-1226
-1840
-1446
-486
190
867
946
509
-101
-100
399
395
-260
-1292
-2301
-2740
-3109
-3447
-4526
-5661
-7153
-6318
-2791
-1953
-4961
-7824
-5257
-2124
-781
1044
1508
135
-1793
1946
6960
8667
7293
5291
5806
5855
7672
9070
9570
6880
3702
4031
4606
4032
2579
2314
385
-2353
-3142
-2199
-1830
-2778
-3454
-4080
-4408
-4233
-2818
-1299
-981
-1706
-1990
-999
-105
687
1049
654
-69
-299
451
810
225
-677
-1795
-2321
-2863
-2898
-3660
-5085
-6426
-7300
-4286
-2103
-3071
-6910
-7161
-3507
-1669
193
986
790
-1388
-608
4582
7619
8106
5755
5410
5597
6572
8469
9311
8715
5075
4021
4442
4594
3329
2769
1951
-913
-2807
-2598
-1591
-2193
-3042
-3685
-4265
-4451
-3763
-1987
-1034
-1327
-2143
-1707
-567
122
764
825
291
-283
-48
769
534
-32
-999
-1956
-2504
-2827
-2925
-4378
-5461
-6968
-6218
-3062
-2176
-4716
-7823
-5512
-2462
-1000
411
791
-45
-1781
1597
6149
8032
6995
5114
5637
5778
7636
9005
9594
7213
4191
4372
4925
4681
3187
2746
786
-1899
-2617
-1789
-1449
-2785
-3530
-4164
-4474
-4212
-3057
-1538
-1551
-2107
-2428
-1235
-377
169
637
411
107
-218
464
707
325
-355
-1388
-2047
-2330
-2678
-3559
-5052
-5725
-7104
-5182
-2449
-2676
-6441
-7855
-4048
-1854
-678
346
882
-840
-1218
3493
7334
8107
6209
5382
5973
6537
8659
9778
9547
6019
4104
4927
5499
4405
2890
2191
-372
-2387
-2333
-1482
-2116
-3559
-4121
-4684
-4588
-4007
-2590
-1945
-2303
-2750
-2288
-944
-344
238
301
156
-52
211
831
551
40
-708
-1359
-1690
-2141
-2731
-4231
-5149
-6051
-6477
-3768
-1985
-3659
-7568
-6599
-2888
-1338
-306
714
550
-1439
102
4943
7631
7555
5812
5556
5776
7058
9109
9913
8594
5082
4272
5070
5164
3640
2676
1465
-1192
-2476
-2106
-1679
-2774
-3824
-4498
-4798
-4397
-3575
-2414
-2305
-2525
-2742
-1869
-822
-124
350
263
93
162
733
860
538
22
-507
-1195
-1640
-2068
-2843
-4323
-5302
-6162
-5830
-3132
-2146
-4430
-7494
-6024
-2762
-1283
120
823
-20
-1657
660
5381
7698
7509
5557
5143
5441
7405
9519
9955
8024
4692
4292
5040
5034
3682
2644
904
-1670
-2527
-2008
-1755
-2885
-4155
-4860
-4806
-4205
-3351
-2489
-2361
-2595
-2665
-1760
-628
177
443
379
317
604
809
941
768
259
-445
-1300
-1626
-2233
-2959
-4436
-5201
-6525
-5816
-2966
-2288
-4941
-7856
-5605
-2825
-1250
377
932
-384
-2101
1331
6065
8302
7318
5165
5027
5564
8233
10007
10263
7406
4256
4423
5328
5237
3550
2477
194
-2177
-2570
-1744
-1817
-3482
-4694
-5120
-4794
-4274
-3434
-2603
-2543
-2858
-2769
-1558
-349
285
568
601
666
700
1026
1302
1083
439
-446
-1128
-1694
-2212
-3019
-4238
-5333
-7163
-5686
-2723
-2304
-5949
-8182
-5261
-2900
-1087
465
1060
-1185
-2219
2245
7062
8639
6743
5166
5212
6196
9005
10661
10418
6621
4147
4804
5754
5033
3300
2228
-496
-2475
-2568
-1678
-2376
-4076
-4917
-5228
-4937
-4599
-3514
-2691
-2703
-3098
-2806
-1439
-471
300
632
643
427
467
1095
1411
1165
363
-606
-1359
-1940
-2199
-2958
-4178
-5949
-7317
-4644
-1880
-2635
-6949
-7725
-4393
-2254
-305
1079
836
-1907
-1428
3988
7956
8362
6107
5099
5248
6785
9711
10843
9546
5431
4093
5025
5531
4314
2883
1543
-1232
-2753
-2542
-1996
-2965
-4262
-4901
-5238
-5045
-4410
-3176
-2470
-2695
-3081
-2510
-1195
-263
491
735
589
369
581
1370
1441
1055
154
-926
-1528
-2137
-2068
-3384
-4694
-6816
-6361
-2849
-1732
-4223
-8119
-6273
-3368
-1399
434
875
-509
-2602
860
5842
8121
7281
5130
5000
5445
8271
10253
10486
7778
4569
4624
5287
5256
3652
2587
552
-1958
-2711
-2400
-2347
-3535
-4449
-5234
-5438
-4850
-3886
-2853
-2666
-2902
-3040
-2004
-790
133
540
538
614
746
1177
1433
1254
994
-145
-996
-1669
-1818
-2526
-3946
-5186
-6825
-4676
-2101
-2176
-6150
-7665
-4675
-2442
-643
494
483
-1710
-1620
3016
6781
7784
5999
4820
4923
6440
9134
10213
9484
6117
4446
4734
5290
4622
3216
1930
-684
-2387
-2630
-2243
-2700
-3941
-4818
-5624
-5191
-4361
-3337
-2947
-3040
-3129
-2728
-1416
-389
310
229
468
993
1315
1369
1142
1220
776
-209
-979
-1407
-2044
-3219
-4154
-5269
-6122
-3626
-1687
-3215
-7191
-6770
-3324
-1767
-360
521
136
-1976
-485
4562
7499
7451
5219
4701
5395
7297
9634
10125
8502
4994
4222
4785
5029
3888
2697
932
-1650
-2847
-2685
-2257
-3115
-4285
-5351
-5555
-4859
-3998
-3178
-2984
-3045
-3172
-2286
-1017
-36
224
223
743
1054
1176
1097
1298
1111
140
-684
-992
-1559
-2634
-3832
-4423
-5937
-4391
-1944
-1918
-5898
-7534
-4312
-1973
-692
196
563
-1295
-1620
2783
6786
7745
5775
4535
5175
6419
8815
9713
9287
5984
4160
4498
4922
4148
2822
1696
-681
-2578
-2931
-2460
-2731
-3775
-4818
-5453
-5211
-4418
-3379
-2776
-2659
-3077
-2657
-1442
-152
402
360
576
860
1045
1202
1463
1466
499
-567
-843
-1236
-1975
-3594
-4162
-5779
-5134
-2483
-1557
-4597
-7879
-5604
-2742
-1022
-32
388
-1032
-2445
1167
5779
7655
6195
4377
4834
5801
8258
9398
9522
6940
4389
4386
4929
4895
3327
2193
16
-1982
-2640
-2398
-2401
-3483
-4419
-5407
-5429
-4742
-3597
-2819
-2773
-2917
-2999
-1600
-388
572
385
500
724
1092
1534
1665
1584
897
60
-524
-840
-1421
-2706
-4032
-4924
-5950
-3913
-1762
-2550
-6530
-7533
-4293
-1893
-445
379
-116
-2006
-1606
3316
6986
7420
5289
4321
5108
6601
8926
9613
8764
5426
3970
4416
5183
4475
2834
1139
-1158
-2383
-2553
-2197
-2774
-4038
-5164
-5710
-5077
-4259
-3350
-3046
-3020
-3121
-2508
-949
31
498
298
573
1002
1370
1750
1674
1401
733
-6
-308
-935
-1664
-3184
-3946
-5133
-5382
-2724
-1578
-3663
-7533
-6351
-3164
-1438
-123
268
-542
-2516
-204
4839
7401
6839
4580
4646
5283
7349
9187
9693
7751
4374
3937
4707
5217
3703
2233
281
-1810
-2655
-2459
-2170
-3322
-4656
-5568
-5422
-4771
-4153
-3273
-3096
-3030
-3079
-1828
-559
234
612
476
900
1019
1559
1757
1687
1351
553
-159
-728
-1143
-1932
-3334
-4160
-5602
-4816
-2208
-1735
-4811
-7765
-5412
-2685
-992
130
380
-1118
-2381
1368
5995
7609
6186
4430
4841
5665
7986
9500
9398
6461
3710
4098
4927
4610
2881
1550
-577
-2346
-2774
-2330
-2583
-3918
-4912
-5380
-5102
-4753
-3826
-2941
-2817
-2873
-2628
-1186
-301
675
877
889
1108
1246
1947
1867
1800
1200
464
-399
-835
-1182
-2171
-3686
-4545
-5852
-4358
-2030
-2123
-5791
-7819
-4821
-2337
-713
187
184
-1711
-2026
2390
6494
7413
5706
4397
4903
5884
8402
9650
9002
5582
3629
4333
4954
4186
2547
1136
-1073
-2505
-2693
-2237
-2848
-4081
-4921
-5265
-5030
-4584
-3485
-2810
-2733
-2843
-2364
-1019
-136
758
860
1007
1211
1457
2031
1829
1694
972
238
-441
-888
-1462
-2718
-3839
-4732
-5869
-3857
-2001
-2762
-6651
-7137
-3874
-2010
-596
157
99
-1893
-1175
3355
6706
7177
5355
4607
5038
6354
8735
9609
8496
5029
3836
4469
4883
3800
2355
734
-1427
-2584
-2497
-2150
-3024
-4192
-5119
-5254
-4835
-4188
-3299
-2915
-2791
-2931
-2127
-848
-26
584
640
1056
1144
1591
1830
1720
1399
689
19
-500
-1100
-1800
-3072
-3869
-5277
-5657
-3150
-1925
-3830
-7263
-5961
-3163
-1751
-405
382
-379
-2233
-49
4597
7025
6694
4841
4763
5265
7228
9157
9581
7626
4422
4080
4705
4924
3461
2073
73
-1900
-2474
-2148
-2144
-3490
-4596
-5380
-5175
-4566
-3932
-3230
-3100
-2886
-2779
-1576
-553
2
482
708
1184
1284
1794
1725
1484
1043
655
61
-524
-1282
-2128
-3363
-4033
-5414
-5373
-2946
-2101
-4370
-7252
-5359
-2763
-1509
-250
530
-557
-2070
736
5377
7190
6364
4726
4935
5507
7509
9286
9376
6948
4034
3991
4572
4545
3047
1692
-404
-2200
-2597
-2206
-2374
-3760
-4818
-5418
-5036
-4480
-3822
-3107
-2949
-2747
-2506
-1297
-434
221
708
918
1198
1449
1826
1810
1393
1008
623
134
-406
-1252
-2192
-3456
-4041
-5410
-5076
-2749
-2083
-4490
-7115
-5145
-2714
-1481
-118
459
-717
-2038
1103
5431
6963
6097
4648
4878
5381
7561
9253
9096
6501
3785
3913
4553
4446
2895
1443
-589
-2312
-2400
-2019
-2310
-4028
-5042
-5321
-4800
-4206
-3662
-3047
-3010
-2677
-2342
-1131
-317
394
758
955
1315
1529
1855
1788
1467
1076
622
-5
-504
-1239
-2208
-3459
-4154
-5599
-5376
-2669
-1831
-4342
-7343
-5434
-2765
-1397
169
547
-641
-2090
1101
5504
7099
6355
4657
4890
5354
7675
9298
8997
6452
3642
3943
4499
4330
2705
1267
-670
-2303
-2416
-2159
-2545
-4259
-5145
-5312
-4725
-4216
-3761
-3127
-2896
-2565
-2287
-1077
-285
395
783
1179
1542
1533
1802
1819
1730
1371
630
-29
-550
-1285
-2092
-3314
-4074
-6224
-5153
-2206
-1658
-5016
-7684
-5006
-2852
-1273
245
605
-1171
-2357
1688
5779
7077
5908
4596
4951
5435
7990
9172
8901
5931
3725
4184
4569
4111
2412
1248
-842
-2296
-2542
-2191
-2804
-4467
-5140
-5197
-4570
-4401
-3740
-2980
-2651
-2461
-2108
-746
-170
471
894
1413
1625
1536
1997
1947
1777
1164
571
9
-736
-1517
-2399
-3540
-4539
-6332
-4515
-2095
-2336
-6058
-7408
-4367
-2542
-1019
199
308
-1735
-1740
2792
6269
6854
5469
4719
5070
5960
8314
9175
8470
5355
3867
4329
4633
3732
2212
976
-1213
-2487
-2540
-2142
-3111
-4675
-5177
-5027
-4528
-4376
-3481
-2784
-2571
-2445
-1745
-398
11
572
1099
1571
1660
1747
2221
2044
1587
1021
576
-19
-863
-1693
-2731
-3869
-4738
-6065
-4387
-2507
-2950
-6328
-7266
-4328
-2497
-1099
-268
-102
-1696
-1249
2904
6068
6731
5461
4853
5208
6305
8375
9114
8346
5548
4130
4483
4676
3771
2362
1022
-1091
-2378
-2355
-2118
-3187
-4754
-5179
-4916
-4529
-4272
-3472
-2920
-2729
-2440
-1514
-463
-96
596
1263
1645
1780
2043
2282
1998
1479
1155
613
-44
-823
-1684
-2886
-4117
-4712
-5992
-4539
-2765
-3017
-6407
-7601
-4505
-2482
-1259
-608
-191
-1543
-1371
2654
6029
6902
5530
4745
5294
6388
8437
9092
8501
5648
3983
4431
4726
3932
2312
979
-1073
-2337
-2306
-2151
-3278
-4858
-5218
-4876
-4449
-4201
-3552
-3034
-2653
-2273
-1442
-520
-4
836
1298
1714
1903
2293
2416
2091
1459
1115
637
142
-581
-1671
-2973
-4193
-4777
-6031
-4212
-2495
-3319
-6988
-7699
-4226
-2479
-1337
-592
-439
-1913
-1510
3046
6132
6840
5256
4633
5347
6472
8724
9172
8480
5240
3943
4595
4825
3839
2085
845
-1304
-2338
-2343
-2337
-3560
-5004
-5127
-4885
-4491
-4337
-3571
-2907
-2454
-2064
-1363
-363
214
1045
1451
1870
2058
2366
2579
2116
1430
979
570
103
-775
-1796
-3175
-4374
-5171
-6181
-4045
-2495
-3655
-7383
-7570
-3959
-2306
-999
-320
-384
-2017
-1144
3694
6547
7021
5207
4789
5444
6693
8957
9331
8270
4863
3922
4664
4699
3551
1819
571
-1571
-2484
-2556
-2659
-3806
-5091
-5079
-4915
-4538
-4395
-3467
-2700
-2305
-1993
-1267
-185
278
1030
1507
2027
2128
2274
2467
1932
1417
848
457
-102
-1028
-1860
-3514
-4463
-5528
-6139
-3886
-2524
-3836
-7781
-7258
-3842
-2053
-763
-186
-380
-2246
-574
4172
6905
6846
4985
4890
5502
7104
9065
9392
7879
4687
4246
4983
4838
3384
1843
535
-1461
-2350
-2529
-2723
-4034
-5101
-5085
-4789
-4555
-4398
-3465
-2759
-2368
-2110
-1148
-237
171
908
1525
2141
2114
2371
2371
1859
1376
904
589
-168
-1056
-1992
-3618
-4440
-5683
-6030
-3775
-2521
-4132
-8039
-7050
-3883
-2057
-882
-234
-558
-2289
-228
4311
6886
6578
4850
4934
5564
7320
9021
9296
7558
4680
4540
5070
4722
3166
1949
546
-1367
-2353
-2539
-2839
-4200
-5001
-4984
-4660
-4618
-4356
-3413
-2729
-2355
-2054
-1070
-336
141
1027
1716
2204
2146
2463
2366
1775
1430
1246
782
-137
-1195
-2026
-3621
-4314
-5679
-5775
-3515
-2655
-4645
-8280
-6609
-3663
-2147
-1138
-469
-824
-2272
183
4572
6677
6235
4669
5113
5670
7495
8951
9105
7214
4587
4691
4856
4364
2859
1880
332
-1589
-2491
-2645
-3046
-4324
-4921
-4858
-4621
-4580
-4225
-3243
-2583
-2156
-1797
-878
-261
340
1293
1999
2310
2184
2425
2271
1729
1453
1231
636
-382
-1527
-2384
-3891
-4543
-6056
-5317
-3156
-2880
-5668
-8329
-5751
-3168
-1788
-829
-323
-1174
-1991
1474
5485
6846
5981
4807
5398
5955
8041
9100
8899
6487
4382
4635
4555
3976
2505
1502
-342
-2072
-2682
-2812
-3306
-4535
-4998
-4918
-4657
-4479
-4062
-3099
-2499
-2003
-1514
-631
-60
521
1483
2102
2313
2178
2355
2133
1587
1388
1039
352
-833
-1781
-2745
-4177
-4913
-6236
-4573
-2930
-3217
-6560
-7953
-5010
-2886
-1300
-563
-304
-1687
-1527
2510
5913
6894
5644
4891
5311
6219
8414
9127
8712
5868
4502
4596
4462
3781
2491
1419
-707
-2145
-2724
-2876
-3417
-4494
-4883
-4935
-4672
-4471
-4010
-2986
-2388
-1931
-1458
-588
-57
567
1565
2176
2408
2141
2136
1866
1618
1561
962
132
-1148
-1992
-3212
-4054
-5065
-5838
-3616
-2724
-4076
-7636
-6912
-3985
-2465
-1108
-623
-777
-2322
-465
3729
6235
6319
4872
4868
5307
6857
8613
8993
7819
5077
4640
4512
4297
3316
2276
873
-1136
-2222
-2888
-2951
-3520
-4343
-4888
-4918
-4562
-4307
-3608
-2545
-2148
-1989
-1377
-429
143
797
1714
2251
2243
1862
1910
1803
1667
1227
673
-216
-1472
-2541
-3540
-4075
-5608
-4248
-2416
-3069
-6496
-7712
-4673
-2840
-1657
-896
-858
-2240
-1858
2319
5416
6095
4841
4448
5052
6093
8111
8666
8226
5852
4823
4705
4394
3681
2670
1621
-392
-1652
-2533
-2874
-3189
-3727
-4443
-5020
-4776
-4343
-3706
-2885
-2185
-2154
-1850
-825
-13
608
1099
1819
2115
1982
1862
1708
1652
1205
827
211
-1040
-2126
-3453
-3662
-5237
-4918
-2617
-2391
-5227
-8086
-5559
-3110
-1885
-982
-622
-1741
-2702
932
4912
6183
5241
4234
4879
5466
7597
8626
8536
6567
4875
4890
4373
3939
2926
2304
330
-1421
-2249
-2704
-2920
-3490
-3878
-4736
-4943
-4565
-3806
-2929
-2316
-2118
-2150
-1224
-233
471
835
1288
1829
1921
1871
1657
1454
1238
831
449
-666
-1805
-3092
-3619
-4493
-5467
-3251
-2065
-3689
-7442
-6743
-3590
-2278
-1188
-497
-932
-2861
-992
3713
6014
5663
4248
4487
4936
6452
8286
8682
7476
5047
4815
4466
4078
3260
2804
1462
-822
-2013
-2558
-2498
-2973
-3414
-4166
-4894
-4765
-4152
-2924
-2141
-2058
-2392
-1882
-578
203
749
945
1359
1540
1622
1764
1443
1211
691
439
-288
-1359
-2560
-3515
-4143
-5407
-3486
-1693
-2696
-6641
-7307
-4050
-2253
-1155
-423
-621
-2730
-2072
2609
5847
5970
4327
3998
4507
5782
7877
8579
7884
5270
4560
4393
4154
3384
2865
1998
-271
-1857
-2683
-2433
-2662
-3110
-3802
-4732
-4969
-4588
-3209
-1998
-1840
-2403
-2460
-1136
-177
692
889
1099
1131
1211
1674
1477
1286
596
410
-171
-1041
-2162
-3260
-3889
-5090
-3196
-1387
-2299
-6174
-7125
-3937
-2068
-887
-400
-599
-2601
-2132
2287
5589
6015
4325
3848
4239
5552
7593
8315
7804
5328
4469
4225
4125
3432
2812
2096
-4
-1620
-2709
-2444
-2480
-2844
-3517
-4491
-4899
-4827
-3447
-2067
-1643
-2284
-2667
-1621
-653
461
824
1015
799
833
1410
1385
1240
490
343
-243
-1017
-1964
-3058
-3663
-5020
-2956
-1178
-2030
-5971
-6945
-3612
-1919
-645
-302
-444
-2441
-2014
2390
5437
6005
4313
3887
4198
5328
7371
7908
7674
5266
4499
4059
3808
3288
2649
2212
55
-1443
-2720
-2635
-2496
-2629
-3068
-4207
-4709
-4922
-3658
-2149
-1471
-1989
-2560
-1861
-1085
93
910
1236
746
526
1086
1308
1232
652
324
-406
-1224
-1902
-2770
-3400
-4916
-3182
-1121
-1629
-5416
-6841
-3619
-1773
-568
-130
-194
-2110
-2025
2141
5222
5852
4359
3861
4119
4963
6934
7434
7289
5251
4443
3927
3347
2989
2408
2180
258
-1271
-2592
-2875
-2532
-2461
-2607
-3687
-4316
-4640
-3708
-2128
-1274
-1603
-2139
-1744
-1131
-272
780
1373
986
427
681
1026
1079
676
163
-531
-1601
-2192
-2856
-3197
-4777
-3425
-1190
-1430
-5006
-6576
-3491
-1497
-587
56
61
-1790
-1925
2045
5211
5561
4342
3912
4250
4778
6639
7205
6884
5062
4384
3921
3183
2711
2247
1967
323
-1099
-2432
-2853
-2604
-2365
-2474
-3355
-3936
-4273
-3490
-2102
-1237
-1456
-1889
-1469
-972
-314
398
1138
1074
421
440
579
816
328
-104
-690
-1869
-2598
-3248
-3252
-4590
-3164
-1258
-1713
-5021
-6082
-2990
-1170
-386
152
67
-1694
-1505
2444
5344
5306
4040
3838
4437
4970
6549
7002
6466
4700
4200
3951
3179
2513
2060
1717
240
-1029
-2153
-2646
-2500
-2286
-2332
-3062
-3506
-3826
-3159
-1867
-1155
-1264
-1658
-1146
-792
-272
125
808
903
365
249
102
260
-226
-353
-917
-2037
-3093
-3636
-3810
-4516
-2353
-945
-2190
-5696
-5515
-2282
-705
219
455
-75
-2130
-833
3481
5866
5386
3609
3711
4224
5531
6956
7006
5936
4006
3973
3722
3260
2340
1824
1144
-325
-1300
-2147
-2434
-2564
-2462
-2582
-3097
-3368
-3538
-2792
-1737
-1232
-1366
-1409
-927
-601
-139
159
597
494
309
268
-46
-93
-622
-627
-1239
-2077
-3271
-3766
-4294
-4491
-1841
-593
-2298
-5948
-5020
-1822
-207
774
1031
57
-2138
-137
4314
6481
5644
3777
3768
4090
5862
7375
7181
5446
3592
3726
3407
2997
2176
1594
513
-899
-1640
-2396
-2593
-2632
-2550
-2793
-3191
-3282
-3295
-2437
-1422
-1142
-1353
-1228
-667
-353
-34
307
600
287
89
44
-183
-390
-930
-1022
-1693
-2503
-3764
-4029
-4787
-4514
-1854
-784
-2817
-6141
-4503
-1582
-14
945
1386
184
-1834
673
4833
6702
5696
4159
4092
4161
6020
7480
7310
5183
3502
3641
3230
2727
2019
1533
192
-1145
-1768
-2466
-2727
-2626
-2431
-2710
-3054
-3118
-2966
-2080
-1007
-798
-1098
-934
-462
-36
78
580
710
331
-53
-262
-288
-614
-1041
-1416
-2133
-2980
-4191
-4238
-5232
-4573
-2075
-1162
-3507
-6375
-4137
-1517
-38
785
1474
155
-1510
1256
5089
6664
5552
4468
4402
4344
5984
7252
7287
5074
3495
3406
3025
2456
1792
1468
34
-1265
-2000
-2458
-2701
-2622
-2349
-2541
-2822
-2973
-2694
-1740
-655
-390
-647
-444
-156
263
383
882
926
573
81
-337
-448
-693
-1090
-1591
-2395
-3243
-4348
-4492
-5463
-4832
-2278
-1537
-3950
-6597
-4174
-1581
-207
697
1388
139
-1312
1541
5321
6711
5694
4700
4777
4656
6078
7187
7325
5382
3567
3241
2755
2435
1758
1409
-91
-1492
-2331
-2673
-2692
-2731
-2574
-2749
-2984
-3106
-2817
-1786
-729
-461
-624
-358
-67
232
485
964
1053
637
163
-349
-578
-824
-976
-1465
-2455
-3430
-4439
-4478
-5520
-4731
-2266
-1589
-4204
-6600
-4040
-1524
-112
825
1424
-2
-1212
1954
5618
6845
5790
4834
4845
4922
6484
7361
7255
5368
3777
3259
2644
2415
1864
1279
-350
-1643
-2373
-2745
-2792
-2800
-2721
-2915
-3063
-3016
-2705
-1734
-740
-441
-580
-208
108
443
580
960
1079
766
339
-364
-727
-1107
-1149
-1553
-2571
-3588
-4888
-4817
-5833
-4869
-2435
-1713
-4302
-6895
-4266
-1642
16
861
1429
-56
-1242
2093
5815
7020
5868
4854
4826
5036
6742
7499
7200
5219
3892
3435
2691
2287
1803
1301
-359
-1612
-2294
-2681
-2891
-2869
-2656
-2814
-3008
-2943
-2529
-1557
-598
-250
-355
3
296
669
856
1117
1136
895
517
-176
-734
-1120
-1397
-1781
-2654
-3502
-4895
-5239
-6037
-5372
-2639
-1791
-4009
-7023
-4906
-1972
-153
973
1506
254
-1271
1711
5745
7210
6247
4977
4816
4786
6381
7464
7253
5285
3653
3338
2519
2089
1637
1426
-109
-1604
-2372
-2653
-2728
-2729
-2450
-2576
-2846
-2885
-2404
-1370
-417
-115
-220
66
349
605
790
1104
1108
762
361
-248
-759
-1188
-1523
-1908
-2712
-3359
-4656
-5090
-5974
-5481
-2715
-1605
-3554
-6760
-5007
-2128
-259
991
1749
582
-1316
1236
5422
7208
6354
4965
4610
4328
5873
7229
7266
5281
3378
3139
2459
2224
1700
1677
202
-1354
-2229
-2350
-2150
-2364
-2202
-2423
-2556
-2722
-2342
-1307
-530
-229
-508
-83
113
177
317
645
866
246
-3
-576
-982
-1441
-1642
-1808
-2819
-3303
-4434
-4643
-5551
-5373
-2585
-1353
-2918
-6284
-4765
-1925
-296
1007
1883
912
-1420
711
4909
6892
6248
4817
4370
3909
5432
6976
7174
5405
3312
3019
2474
2464
2009
1914
567
-1000
-1855
-2016
-1648
-1928
-1931
-2234
-2358
-2505
-2338
-1372
-650
-299
-691
-289
-59
-108
12
312
675
-29
-285
-686
-1048
-1477
-1715
-1720
-2695
-3188
-4184
-4404
-5127
-5443
-2707
-1153
-2227
-5911
-5081
-2075
-462
812
1751
1073
-1561
-126
4079
6411
6117
4733
4259
3685
4930
6658
7112
5820
3637
3144
2501
2562
2260
2272
1133
-466
-1517
-1938
-1572
-1673
-1607
-2020
-2361
-2614
-2517
-1657
-769
-321
-724
-592
-272
-182
-54
244
662
48
-387
-636
-840
-1154
-1566
-1676
-2433
-2965
-3880
-4296
-4779
-5513
-3041
-1164
-1790
-5615
-5636
-2524
-798
496
1473
1132
-1542
-775
3410
6117
6163
4857
4335
3742
4646
6565
7199
6282
4098
3434
2600
2527
2364
2460
1550
-152
-1384
-2194
-1894
-1792
-1537
-1954
-2590
-2935
-2907
-1935
-918
-303
-689
-778
-347
-70
168
389
887
354
-139
-409
-557
-762
-1317
-1524
-2295
-2867
-3831
-4382
-4772
-5629
-3350
-1598
-2088
-5777
-5969
-2969
-1298
103
1120
999
-1516
-804
3336
6129
6341
5145
4699
4162
4984
6881
7552
6635
4526
3822
2927
2620
2376
2403
1532
-147
-1501
-2390
-2330
-2190
-1949
-2201
-2782
-3265
-3349
-2318
-1095
-416
-777
-764
-413
34
372
797
1198
599
230
-141
-227
-538
-928
-1264
-2334
-2983
-4005
-4319
-5038
-5765
-3368
-1977
-2703
-6428
-5752
-3077
-1562
-159
998
822
-1722
-290
3806
6459
6477
5396
5079
4516
5656
7388
7962
6667
4531
3935
3021
2755
2222
2086
914
-651
-1874
-2583
-2609
-2708
-2544
-2750
-2977
-3369
-3427
-2450
-1213
-525
-750
-502
-88
270
677
1091
1533
904
651
215
-23
-420
-835
-1099
-2315
-3038
-4281
-4466
-5458
-5979
-3388
-2013
-3158
-6988
-5754
-2970
-1543
-135
1057
730
-1834
57
4278
6751
6617
5524
5320
4715
6050
7630
8149
6587
4444
3818
2860
2666
2032
1854
402
-1096
-2216
-2732
-2697
-2892
-2729
-3042
-3031
-3267
-3120
-2168
-1070
-408
-584
-130
326
639
844
1183
1600
1105
765
327
-56
-547
-1106
-1287
-2247
-3143
-4566
-4868
-5748
-6058
-3378
-1953
-3448
-7282
-5818
-2735
-1214
-8
1074
565
-1751
297
4617
6852
6520
5407
5206
4761
6116
7654
7986
6343
4324
3675
2734
2514
2062
1810
286
-1264
-2334
-2727
-2653
-2691
-2676
-3017
-3062
-3149
-2864
-1901
-840
-328
-479
-31
470
808
892
1284
1546
1141
712
330
-42
-624
-1181
-1408
-2177
-3157
-4594
-4951
-5819
-5878
-3213
-1932
-3768
-7458
-5658
-2538
-971
13
948
179
-1824
586
4857
6751
6074
5081
4958
4771
6167
7581
7719
5968
4162
3665
2828
2463
2026
1797
335
-1219
-2289
-2628
-2572
-2532
-2541
-2877
-3015
-3115
-2795
-1802
-699
-276
-475
-85
364
699
805
1343
1593
1053
538
80
-135
-658
-1013
-1363
-2328
-3281
-4630
-4726
-5691
-5604
-3033
-1868
-3789
-7398
-5286
-2258
-668
200
1108
129
-1923
808
5102
6952
5903
4860
4703
4671
6273
7626
7696
5709
3907
3512
2898
2550
1909
1662
163
-1252
-2337
-2592
-2552
-2629
-2571
-2896
-2979
-3207
-2843
-1871
-752
-348
-592
-142
266
627
649
1171
1519
1123
648
-80
-342
-739
-839
-1254
-2358
-3265
-4648
-4685
-5627
-5592
-3061
-1794
-3489
-7238
-5395
-2357
-682
375
1341
331
-2043
448
4904
7084
6206
4888
4521
4451
6187
7693
7837
5946
3910
3453
2929
2738
2064
1771
345
-1115
-2188
-2550
-2452
-2576
-2495
-2726
-2850
-3144
-2907
-1857
-737
-311
-633
-200
267
613
646
1001
1351
1080
798
27
-433
-876
-961
-1234
-2274
-3126
-4553
-4813
-5635
-5990
-3376
-1848
-3058
-7069
-5899
-2815
-1143
251
1373
687
-2060
-219
4269
6879
6555
5165
4616
4186
5745
7548
7989
6465
4108
3544
2871
2781
2265
2078
804
-949
-2017
-2593
-2431
-2531
-2385
-2558
-2792
-3079
-3050
-1965
-765
-188
-519
-307
187
529
734
1054
1393
1106
765
208
-324
-715
-992
-1143
-2005
-2954
-4272
-4817
-5233
-6196
-3974
-2103
-2630
-6570
-6487
-3278
-1669
-227
1085
1008
-1719
-975
3379
6405
6715
5446
4783
4116
5168
7281
8045
7062
4468
3655
2917
2735
2415
2220
1256
-796
-1963
-2691
-2483
-2545
-2418
-2548
-2912
-3130
-3210
-2168
-928
-163
-421
-434
64
510
923
1227
1461
1128
738
524
5
-436
-980
-1196
-1823
-2695
-3692
-4685
-4839
-6267
-5003
-2593
-1949
-5183
-7055
-4112
-2124
-702
854
1638
-635
-1641
2061
5842
7082
6127
5171
4383
4559
6767
8072
7835
5319
3714
3025
2538
2440
2117
1688
-457
-2033
-3022
-2851
-2640
-2627
-2642
-3188
-3366
-3585
-2624
-1287
-265
-364
-673
-218
317
982
1347
1552
1139
620
651
513
84
-698
-1218
-1694
-2540
-3082
-4117
-4404
-5774
-6242
-3566
-1754
-3117
-6669
-5351
-2795
-1489
439
1871
967
-1753
206
4454
6913
6895
5600
4875
4047
5675
7536
8235
6624
4110
3278
2424
2392
2048
2171
630
-1511
-2915
-3271
-2671
-2565
-2387
-2947
-3341
-3696
-3256
-1722
-357
29
-663
-530
-4
690
1308
1558
1343
579
438
420
331
-284
-1034
-1594
-2478
-3061
-3686
-4303
-4976
-6761
-4986
-2436
-2059
-5309
-6399
-3604
-2255
-276
1509
1982
-736
-1139
2833
6178
7373
6212
5237
4280
4768
6975
8033
7698
4960
3622
2789
2497
2251
2186
1691
-595
-2324
-3323
-2769
-2425
-2280
-2614
-3193
-3600
-3691
-2466
-745
155
-438
-852
-286
365
1102
1467
1442
758
365
330
343
-23
-714
-1432
-2119
-2895
-3284
-4127
-4618
-6273
-6428
-3579
-1956
-3562
-6728
-5219
-3032
-1299
818
2030
626
-1673
708
4883
7196
6932
5528
4767
4334
6092
7716
8226
6381
4033
3354
2790
2639
2203
2260
714
-1541
-2968
-2990
-2217
-2212
-2338
-2920
-3497
-3848
-3213
-1355
-86
-159
-1010
-637
92
865
1494
1501
1050
327
516
512
276
-413
-1116
-1822
-2552
-3033
-3518
-4541
-5426
-7068
-5624
-2802
-2131
-5029
-6977
-4386
-2421
-270
1457
1906
-458
-1267
2530
6220
7451
6439
5326
4677
4853
6900
8138
7934
5350
3635
3247
2739
2454
2140
1918
-354
-2467
-3243
-2586
-2116
-2433
-2659
-3313
-3852
-3784
-2346
-551
-172
-695
-990
-268
429
1308
1707
1303
636
466
908
673
117
-509
-1250
-1878
-2627
-2817
-3701
-4899
-5872
-7062
-4627
-2395
-2405
-6123
-6590
-3628
-1786
229
1556
1632
-1186
-593
3612
6627
7157
5962
5190
4342
5026
7140
8233
7516
4609
3530
3041
2701
2362
2315
1560
-1291
-2939
-3115
-2188
-2169
-2555
-2979
-3788
-4032
-3370
-1544
-413
-560
-991
-974
-193
600
1572
1532
979
432
686
1025
777
367
-448
-1242
-2083
-2328
-2445
-3612
-4977
-6014
-6823
-4360
-2154
-2559
-6279
-6257
-3479
-1740
240
1816
1599
-1319
-233
3816
6616
7096
6194
5293
4183
5041
7210
8419
7456
4722
3620
2823
2562
2475
2543
1166
-1687
-3055
-3097
-2305
-2258
-2643
-3444
-4250
-4073
-3133
-1545
-724
-831
-1257
-1156
-268
691
1374
1240
888
458
740
938
968
388
-461
-1237
-1930
-2025
-2417
-3701
-4930
-5878
-6521
-4178
-2084
-2818
-6245
-5921
-3357
-1778
202
1838
1329
-1313
-27
3870
6552
7136
6267
5185
4176
5330
7518
8644
7555
4893
3582
2848
2873
2815
2517
842
-1650
-2931
-2920
-2213
-2242
-2964
-3832
-4231
-3874
-3093
-1798
-979
-1076
-1395
-1157
-176
647
1202
1116
890
593
818
1001
894
191
-581
-1145
-1748
-2128
-2801
-4059
-5008
-5874
-6619
-4340
-2349
-3026
-6432
-6052
-3479
-1798
241
1849
1328
-1328
-34
4081
6997
7534
6343
5127
4229
5677
8051
9151
7817
4737
3419
2975
3232
2949
2411
693
-1788
-3077
-2939
-2205
-2413
-3338
-3989
-4220
-3930
-3258
-1888
-1014
-1116
-1331
-1114
-111
682
1467
1318
1100
768
973
1240
1052
366
-489
-935
-1733
-2158
-2739
-3679
-4851
-5829
-6905
-4739
-2274
-2510
-6051
-6568
-3970
-2121
55
1864
1497
-1446
-766
3475
6794
7519
6266
4838
3954
5258
7914
9041
7933
4736
3452
3106
3228
2923
2431
1124
-1491
-2925
-3076
-2378
-2461
-3245
-3794
-4160
-4077
-3655
-2192
-1041
-1032
-1337
-1306
-355
544
1526
1674
1342
898
1038
1496
1440
729
-77
-643
-1546
-1982
-2294
-2978
-4554
-5529
-6880
-5289
-2467
-1991
-5176
-7074
-4588
-2591
-430
1364
1654
-910
-1305
2507
6080
7416
6369
5146
4361
5113
7519
8736
8287
5434
3859
3400
3162
2864
2325
1588
-950
-2750
-3344
-2806
-2660
-3360
-3847
-4311
-4367
-4198
-2797
-1448
-1280
-1519
-1483
-657
271
1388
1851
1555
1090
1219
1667
1711
1137
390
-364
-1331
-1683
-1887
-2563
-4273
-5170
-6581
-6010
-3101
-1790
-4320
-7313
-5336
-3066
-1231
703
1803
-38
-1662
1316
5222
7147
6687
5693
5028
5022
7085
8677
8894
6506
4350
3742
3375
3168
2592
2056
-275
-2527
-3322
-2898
-2648
-3427
-4034
-4382
-4560
-4428
-3398
-2044
-1727
-1727
-1498
-888
5
1115
1841
1751
1344
1418
1733
1964
1488
674
-137
-1094
-1458
-1837
-2438
-4126
-5279
-6373
-6907
-4164
-2354
-3626
-7358
-6521
-3854
-2105
133
1642
909
-1732
156
4314
7085
7340
6296
5576
4954
6683
8732
9528
7662
4823
3970
3599
3582
2942
2374
348
-2177
-3148
-2965
-2626
-3416
-4072
-4297
-4510
-4537
-4024
-2644
-1935
-1647
-1382
-1056
-361
677
1835
2076
1772
1517
1737
2064
1831
1018
368
-452
-1313
-1795
-2160
-3242
-5045
-5827
-7075
-5370
-3014
-2769
-5982
-7403
-4851
-2993
-727
1141
1513
-1091
-1322
2549
6084
7447
6659
5728
4808
5513
7884
9166
8458
5527
4220
3743
3470
2946
2434
1320
-1164
-2634
-3127
-2935
-3363
-3763
-3830
-4211
-4649
-4671
-3351
-2021
-1303
-1134
-1208
-900
179
1728
2480
2180
1730
1622
2001
2113
1585
970
83
-1023
-1685
-1808
-2414
-4311
-5383
-6837
-6494
-3677
-2297
-4510
-7672
-6018
-3838
-1687
643
1751
-277
-2257
779
4979
7463
7333
6181
5047
4855
7079
8914
9096
6705
4594
3988
3270
2866
2407
1990
-169
-2375
-3471
-3640
-3540
-3702
-3746
-4291
-4976
-5142
-4045
-2268
-1205
-1039
-1290
-1127
33
1668
2751
2491
2060
1737
2131
2398
2121
1314
315
-662
-1339
-1633
-2222
-3833
-5256
-6575
-7079
-4306
-2538
-4036
-7592
-6818
-4287
-2364
75
1429
88
-2382
-109
4423
7262
7604
6414
5424
4916
6835
8956
9478
7593
4966
4235
3458
3073
2571
2277
434
-2223
-3694
-3951
-3505
-3678
-4020
-4642
-5319
-5349
-4368
-2458
-1414
-1343
-1452
-1077
131
1656
2863
2666
2217
1972
2508
2817
2448
1522
516
-251
-962
-1483
-2213
-3591
-5283
-6359
-7392
-5320
-3227
-3826
-7187
-7638
-4998
-3101
-745
967
589
-1916
-903
3625
6925
7845
6892
5904
5097
6390
8833
9792
8531
5500
4198
3477
3185
2787
2380
813
-2040
-3902
-4070
-3372
-3605
-4249
-4807
-5266
-5324
-4464
-2656
-1512
-1437
-1356
-821
158
1461
2755
2967
2514
2179
2649
2922
2553
1743
954
252
-906
-1486
-2160
-2941
-4864
-5902
-7245
-6681
-3929
-3171
-5444
-8081
-6107
-3871
-1681
572
1221
-598
-1893
1735
5804
7796
7422
6098
5159
5269
7742
9394
9168
6428
4120
3547
3032
2942
2341
1397
-1174
-3538
-4041
-3596
-3466
-4250
-4535
-4891
-5076
-4716
-3340
-1754
-1272
-1003
-741
-48
971
2311
3181
3008
2583
2451
2777
2692
2207
1458
728
-558
-1496
-2037
-2514
-4031
-5569
-6758
-7637
-5099
-3189
-4035
-7590
-7393
-4686
-2736
-279
1187
645
-1764
-111
4289
7190
7794
6585
5688
5005
6564
8745
9346
7718
4823
3953
3188
2932
2336
1746
-26
-2728
-3982
-4066
-3641
-4160
-4469
-4678
-4914
-4910
-4047
-2257
-1247
-847
-681
-143
716
1896
3173
3380
2970
2440
2730
2950
2617
1743
914
-72
-1254
-1846
-2433
-3506
-5394
-6378
-7691
-6313
-3790
-3631
-6568
-8164
-5495
-3480
-1267
766
1190
-921
-1189
2795
6282
7787
7142
6105
5220
5720
8058
9303
8698
5893
4170
3458
2923
2592
2016
889
-1843
-3907
-4316
-3782
-3813
-4471
-4763
-4977
-5021
-4357
-2738
-1382
-1057
-751
-259
644
1702
3092
3568
3115
2650
2856
3311
2929
2059
1008
237
-920
-1572
-2286
-3299
-5302
-6409
-7549
-7290
-4618
-3810
-5890
-8585
-6517
-4068
-2068
344
1381
-183
-1691
1640
5701
7936
7833
6586
5526
5339
7657
9465
9486
6873
4319
3520
2980
2860
2284
1369
-1269
-3805
-4466
-3882
-3542
-4370
-4935
-5079
-5018
-4521
-3183
-1611
-1161
-843
-322
475
1397
2714
3613
3338
2890
2856
3244
2960
2305
1310
532
-667
-1624
-2250
-2985
-4577
-6112
-7104
-7972
-5714
-3973
-4673
-7715
-7389
-4787
-2953
-326
1425
855
-1490
170
4373
7344
8109
6919
5697
4942
6636
8862
9430
7672
4676
3591
3047
2894
2345
1595
-348
-3044
-4137
-3944
-3335
-3949
-4668
-4769
-4644
-4393
-3617
-1928
-1045
-700
-204
410
1077
2080
3455
3681
3225
2843
3057
2975
2495
1706
825
-158
-1574
-2123
-2801
-3763
-5748
-6730
-8011
-7269
-4763
-4045
-6131
-8319
-6161
-3931
-1542
657
1316
-455
-1171
2332
6125
7991
7458
6075
5293
5764
8024
9197
8673
6001
4028
3497
2928
2584
1780
722
-1856
-3695
-4055
-3578
-3611
-4410
-4559
-4494
-4338
-3947
-2619
-1210
-719
-141
382
931
1664
3003
3875
3510
3125
3054
3198
2730
2072
1125
370
-863
-1701
-2435
-3403
-5196
-6558
-7391
-7935
-5800
-4252
-5070
-8133
-7487
-4641
-2606
-384
948
399
-1442
483
4620
7272
7692
6452
5674
5363
7003
8797
9169
7425
4724
3786
3052
2758
2145
1358
-701
-3185
-4127
-3902
-3539
-4117
-4616
-4576
-4533
-4268
-3344
-1770
-929
-487
208
773
1495
2545
3801
3776
3426
3239
3472
3164
2478
1583
857
-59
-1214
-2026
-3118
-4508
-6243
-6839
-8012
-7018
-5070
-4599
-7071
-8283
-5763
-3659
-1538
352
992
-720
-701
2876
6283
7845
7243
6248
5580
6170
8220
9249
8639
5828
4082
3308
2816
2404
1577
234
-2354
-3921
-4211
-3761
-3900
-4622
-4632
-4527
-4362
-3884
-2470
-1126
-666
53
708
1350
2090
3491
4023
3707
3307
3281
3262
2795
2088
1137
269
-1100
-2009
-2843
-3717
-5448
-6663
-7568
-8241
-6109
-4465
-5017
-7869
-7289
-4665
-2652
-184
1198
796
-1104
679
4490
7354
7994
6799
5868
5344
6903
8568
9053
7263
4595
3595
2782
2475
1718
1078
-834
-3015
-4015
-4120
-3741
-4170
-4325
-4207
-4151
-4048
-3290
-1622
-639
8
599
1059
1552
2694
4030
3972
3490
2976
3079
2974
2570
1643
590
-629
-1908
-2511
-3150
-4181
-6253
-7022
-8274
-7863
-5399
-4018
-5623
-8278
-6369
-3925
-1625
444
1606
354
-1079
1721
5591
8084
7765
6494
5551
5597
7440
8773
8828
6306
4141
3172
2505
2137
1491
744
-1607
-3388
-4242
-4108
-3832
-4175
-4062
-4184
-4042
-3830
-2666
-1095
-254
459
780
1298
1935
3353
4098
3766
3250
2948
3144
2817
2176
1029
54
-1185
-2250
-2795
-3575
-5067
-6840
-7300
-8544
-7482
-5096
-4095
-6486
-8060
-5462
-3376
-1133
853
1888
-17
-585
2936
6687
8433
7520
6421
5653
6157
7977
9014
8442
5496
3827
2950
2469
1916
1187
86
-2321
-3676
-4434
-4020
-4023
-4249
-4205
-4196
-3864
-3546
-2158
-793
77
676
1048
1725
2510
3699
4061
3779
3349
3184
3228
2629
1774
577
-189
-1482
-2535
-3256
-4210
-5794
-7186
-7597
-8826
-7472
-5155
-4559
-7183
-7951
-5223
-3167
-921
1187
1798
-218
-16
3917
7498
8717
7635
6532
5937
6744
8412
9201
8115
5274
3795
2798
2323
1612
959
-406
-2582
-4003
-4600
-4140
-4094
-4183
-4246
-3962
-3738
-3310
-1936
-431
459
899
1407
2033
2851
3754
4108
3845
3370
3179
2992
2310
1344
319
-448
-1761
-2893
-3700
-4551
-5932
-7147
-7671
-9022
-7365
-4948
-4307
-6989
-7651
-5019
-3040
-600
1600
2162
-69
163
3943
7500
8684
7646
6467
5712
6312
7870
8706
7837
5138
3622
2367
1754
1213
818
-351
-2487
-3998
-4683
-4121
-3832
-3838
-3830
-3485
-3369
-3123
-1742
6
889
1205
1672
2261
2941
3754
4116
3892
3272
2903
2606
2038
1130
72
-840
-2152
-3273
-3974
-4594
-5777
-7241
-7925
-9371
-7484
-4737
-3786
-6383
-7590
-5162
-3214
-230
2194
2822
250
107
3707
7384
8923
7949
6610
5519
5878
7493
8486
7902
5136
3438
2160
1412
949
616
-281
-2411
-3952
-4766
-4174
-3712
-3662
-3514
-3205
-3154
-3147
-1699
284
1220
1408
1719
2333
2872
3841
4314
4018
3036
2491
2413
2017
1180
-133
-1196
-2535
-3537
-3967
-4478
-5690
-7607
-8126
-9296
-7842
-5014
-3509
-5627
-7857
-5642
-3220
-99
2255
3172
895
46
3251
7121
9101
8245
6776
5546
5691
7233
8265
7983
5400
3400
2072
1338
860
452
-203
-2110
-3674
-4689
-4190
-3592
-3346
-3264
-3045
-3019
-3033
-1644
426
1507
1537
1655
2330
2991
3996
4400
3980
2890
2304
2442
2060
1218
-370
-1461
-2502
-3367
-3923
-4697
-5826
-7701
-8169
-8706
-8635
-6230
-4175
-4733
-7648
-6522
-3611
-1039
1423
2879
2020
107
2071
5940
8669
8723
7238
5955
5528
6767
8053
8272
6512
3895
2449
1543
1342
855
358
-1159
-2911
-4073
-4136
-3250
-2923
-2947
-3078
-2865
-2778
-1878
44
1350
1457
1366
2131
2953
3648
3991
3681
2845
2173
2238
2084
1071
-485
-1559
-2090
-2842
-3817
-4657
-5659
-6798
-7863
-7807
-8770
-7616
-5004
-3637
-5642
-7115
-4620
-2260
294
2468
3251
1206
460
3502
7217
8964
8097
6209
5131
5371
7009
7837
7434
4925
2737
1662
1255
1081
574
-26
-1673
-3197
-4212
-3645
-2797
-2590
-2755
-2631
-2351
-2225
-1017
824
1707
1669
1966
2754
3013
3373
3575
3298
2483
1959
1857
1163
-122
-1312
-1761
-2364
-3523
-4528
-5241
-5936
-7083
-7780
-7899
-8798
-6663
-4056
-3249
-5923
-6329
-3495
-1236
1448
3334
3419
881
1097
4741
8158
9122
7389
5666
4810
5531
6941
7493
6703
3826
2187
1226
1108
675
472
-195
-1882
-3330
-4153
-3190
-2495
-2152
-2252
-1998
-1958
-1907
-449
1266
2132
2005
2112
2329
2289
2884
3151
3021
1988
1209
625
-49
-801
-1350
-1730
-2880
-4440
-5280
-5528
-5697
-6676
-7393
-8000
-8934
-6121
-3280
-2517
-5608
-5727
-3190
-799
2273
4002
3500
676
1629
5332
8408
8909
6971
5465
4695
5707
6881
7329
6144
3373
2192
1352
1193
612
686
-106
-1715
-3129
-3799
-2911
-2098
-1626
-1843
-1856
-1957
-1718
-130
1532
2098
1580
1431
1778
1983
2583
2663
2423
1220
475
112
-170
-799
-1370
-1880
-3110
-4446
-5234
-5074
-5300
-6153
-7164
-7571
-8565
-6433
-3067
-1776
-4719
-6217
-3591
-904
1815
3693
3752
1148
621
3833
7412
8622
7255
5428
4433
4624
6080
7118
6848
4311
2361
1432
1145
1259
1437
1063
-819
-2743
-3615
-2655
-1234
-903
-1412
-1866
-1925
-1602
-350
1312
1797
1347
982
1487
1742
2001
2130
2007
1248
343
120
-226
-709
-1235
-1582
-2636
-3917
-4737
-4670
-4809
-5406
-6628
-7139
-8101
-7285
-3715
-1604
-3284
-6648
-4971
-1888
913
3151
3746
1621
-747
1730
5964
8314
7554
5419
4047
3664
5349
6987
7546
5508
2839
1953
1719
2082
1915
1886
291
-1733
-3021
-2656
-1269
-774
-1084
-1769
-1832
-1847
-1150
385
1435
1373
681
937
1354
1569
1824
1917
1506
259
61
-39
-176
-872
-1333
-2083
-3327
-3976
-4280
-4246
-5000
-5841
-6982
-7173
-8075
-5948
-2632
-1920
-5011
-6833
-3680
-968
1699
3421
3162
204
-599
3320
7087
8379
6855
4789
3592
4002
6395
7863
7735
4822
2804
2302
2423
2800
2685
2202
-186
-2119
-2970
-1943
-745
-641
-1458
-2412
-2500
-2311
-990
476
931
293
-277
331
836
1372
1654
1447
589
-323
75
95
54
-645
-1178
-2209
-3203
-3489
-3743
-3872
-4687
-5754
-6937
-7195
-7801
-5321
-2583
-2469
-5813
-6650
-3561
-1040
1559
3028
2473
-468
-288
3700
7251
8336
6726
4796
3754
4757
7339
8780
8180
5018
3389
2967
3331
3542
3305
2140
-515
-2253
-2764
-1614
-804
-1038
-2318
-3262
-3225
-2617
-1209
-43
89
-638
-952
-145
720
1476
1600
1097
319
-152
503
752
705
-331
-1012
-1952
-2710
-2956
-3324
-3572
-4623
-5740
-7072
-7293
-7894
-5849
-3214
-2803
-5830
-7237
-4415
-1511
1146
2656
2241
-438
-652
3153
7226
8665
7218
5078
4205
5159
7851
9391
8979
5954
3949
3335
3625
3978
3531
2170
-522
-2277
-2990
-1978
-1229
-1477
-2776
-3743
-3708
-3067
-1679
-641
-366
-889
-1157
-274
851
1589
1601
1330
823
538
1077
1518
1306
226
-607
-1412
-2235
-2566
-2907
-3408
-4718
-5914
-7202
-7485
-8038
-7144
-4268
-3325
-5313
-7933
-5538
-2262
316
2108
2308
325
-1086
2177
6685
9069
8143
5899
4790
5453
8021
9886
9952
7387
4559
3898
3976
4317
3521
2345
-122
-2141
-3056
-2780
-1988
-2241
-3065
-4114
-4187
-3819
-2807
-1522
-956
-980
-1235
-613
550
1463
1727
1605
1410
1195
1599
2067
1708
832
-178
-800
-1644
-2227
-2864
-3743
-4771
-5897
-6811
-7818
-8044
-8915
-6622
-4117
-4036
-6948
-7366
-3817
-1238
1235
2721
2353
-115
632
5151
8880
9732
8059
6357
6010
7540
9929
10680
9530
6155
4435
4107
4162
3574
2306
817
-1742
-3234
-3910
-3248
-2898
-3433
-4129
-4819
-4699
-4253
-2545
-1106
-752
-1032
-1073
28
1327
2457
2592
2287
1771
1719
2449
2556
1790
627
-397
-1216
-2121
-2643
-3801
-4968
-6029
-6708
-7707
-8536
-9062
-9609
-6801
-4527
-4625
-7278
-6606
-3374
-796
2061
3499
2736
609
2368
6938
10216
10698
8825
7298
7095
8730
10718
10977
9049
5598
4301
3823
3660
2679
1386
-440
-2896
-4076
-4459
-3703
-3651
-4152
-4717
-5094
-4875
-4043
-2036
-794
-668
-872
-478
842
2173
3268
3133
2612
2012
2174
2733
2566
1635
269
-848
-1934
-2829
-3457
-4595
-5888
-6951
-7564
-8527
-9284
-9705
-9942
-7163
-4828
-4587
-6936
-6226
-2963
-58
2859
4208
3677
1806
3746
8177
11284
11484
9411
7922
7690
9323
10900
10570
8318
5072
3894
3273
2956
1709
272
-1527
-3580
-4530
-4994
-4346
-4179
-4429
-4794
-4983
-4651
-3720
-1598
-283
-41
-342
55
1539
3063
4043
3483
2687
2002
2287
2741
2518
1258
-451
-1665
-2693
-3510
-4234
-5199
-6494
-7638
-8317
-8943
-9648
-9671
-9959
-7267
-4490
-3761
-5898
-5812
-2093
858
3718
5186
5182
3193
4305
8529
11616
11986
9993
8338
7681
8628
10109
10015
8214
4777
3145
2406
1881
773
-476
-1806
-3990
-5064
-5595
-5022
-4595
-4446
-4522
-4707
-4502
-3658
-1468
230
609
304
445
1670
3210
4363
3915
2753
1809
1843
2336
2102
863
-936
-2394
-3380
-4121
-4675
-5636
-6810
-7860
-8573
-8833
-9518
-9048
-9357
-7629
-4481
-2774
-3873
-4954
-1642
1536
4018
5723
6443
5074
4612
7814
10947
11900
10498
8611
7645
7584
8729
9027
8104
5113
2650
1701
974
230
-894
-1683
-3598
-5177
-5801
-5395
-4690
-4372
-4120
-4217
-4186
-3640
-1795
248
886
789
653
1513
2673
3822
3895
2826
1807
1219
1727
1614
621
-1118
-2523
-3346
-4043
-4481
-5368
-6547
-7592
-7906
-7834
-8089
-8453
-8248
-8138
-5282
-2349
-1416
-3097
-2767
573
3023
5524
6886
6652
4720
5441
8749
10918
10903
9091
7360
6533
6899
8058
7782
6093
3118
1536
701
99
-415
-1287
-2341
-4333
-5201
-5357
-4591
-3922
-3626
-3581
-3905
-3490
-2416
-407
799
907
624
738
1812
2750
3495
2862
1745
863
884
1321
713
-533
-2125
-2953
-3683
-4088
-4616
-5500
-6633
-7259
-7094
-7008
-7444
-7662
-7457
-6889
-3678
-927
-691
-2791
-1778
1502
3963
6151
7068
6166
4265
5624
8941
10637
10020
7944
6400
5879
6575
7460
6800
4794
2061
1032
365
-42
-772
-1546
-2637
-4244
-4873
-4803
-3965
-3448
-3179
-3267
-3405
-3028
-1838
-6
802
660
248
576
1544
2392
2831
1999
930
222
507
801
138
-1103
-2371
-2892
-3629
-4078
-4511
-5042
-5883
-6304
-6268
-6426
-6981
-6893
-6341
-5596
-2499
-312
-403
-2504
-1036
2276
4455
6120
6719
5833
4137
5593
8535
9956
9334
7278
5864
5461
6089
6624
6035
4380
1771
763
93
-263
-1102
-1681
-2609
-3936
-4717
-4672
-3960
-3402
-3260
-3257
-3062
-2755
-1919
-470
523
454
228
491
1378
2011
2377
1674
933
363
452
551
77
-930
-2050
-2501
-3164
-3767
-4262
-4514
-5085
-5510
-5764
-5964
-6478
-6335
-5598
-5068
-2343
-303
-148
-2008
-942
2176
4100
5766
6428
5780
3991
4972
7624
9102
8951
7103
5529
4863
5323
5838
5475
4320
1877
569
-248
-600
-1267
-1731
-2364
-3587
-4561
-4851
-4246
-3547
-3261
-3019
-2655
-2519
-2190
-948
448
793
692
740
1355
1826
2235
2031
1605
958
572
631
363
-485
-1518
-1919
-2476
-3233
-3856
-4183
-4629
-5175
-5175
-5290
-5635
-6117
-5390
-5055
-3252
-751
236
-1002
-1811
796
2993
4939
5928
5713
3978
3411
5742
7958
8739
7354
5142
4081
4217
5264
5463
4829
2610
563
-296
-601
-570
-1064
-1638
-3035
-4293
-4809
-4381
-3403
-2852
-2746
-2759
-2835
-2588
-1453
275
984
787
433
735
1554
2439
2667
2118
1171
411
678
1041
667
-632
-1540
-2058
-2593
-2992
-3299
-3760
-4706
-4972
-4791
-4818
-5389
-5532
-4989
-4602
-2076
-34
185
-1854
-1304
1416
3316
5022
5384
4609
2625
3384
6090
7933
7801
5684
3939
3470
4430
5364
5200
3973
1517
189
-296
-47
-281
-975
-2031
-3452
-4294
-4316
-3537
-2725
-2488
-2722
-2884
-2724
-2069
-716
695
968
454
149
942
2026
2775
2529
1748
663
342
931
1289
622
-787
-1594
-2145
-2559
-2813
-2885
-3546
-4545
-4825
-4736
-4814
-5397
-5057
-4906
-4178
-1614
146
-367
-2305
-798
1579
3240
4562
4979
3825
2177
3617
6167
7530
6872
4916
3711
3526
4517
5005
4821
3465
1261
230
-214
3
-453
-917
-2019
-3335
-4153
-3913
-2959
-2252
-2067
-2409
-2555
-2469
-1620
-106
1111
1135
405
339
1218
2237
2822
2394
1580
432
458
1070
1252
377
-908
-1571
-2263
-2563
-2726
-2718
-3471
-4500
-4782
-4849
-4830
-5251
-4679
-4900
-4256
-1825
-206
-838
-2548
-818
1013
2492
3916
4562
3392
1887
3383
5628
6956
6443
4799
3832
3499
4352
4796
4995
3612
1500
458
-11
238
-114
-303
-1598
-2960
-3844
-3507
-2560
-1853
-1700
-2163
-2382
-2429
-1466
129
1297
1249
464
461
1162
2217
2928
2582
1706
509
667
1247
1442
576
-584
-1378
-2197
-2473
-2493
-2566
-3399
-4587
-4950
-5123
-5051
-5335
-4970
-5298
-5184
-2738
-1006
-1239
-3052
-1643
88
1597
3486
4292
3365
1584
2889
5267
6984
6929
5276
4208
3656
4591
5399
5768
4391
1953
914
479
839
413
114
-1176
-2692
-3607
-3528
-2626
-2000
-1791
-2253
-2632
-2789
-1916
-136
1123
1299
444
243
805
2026
3138
2989
2042
650
634
1309
1700
1042
-132
-1160
-2113
-2465
-2407
-2556
-3423
-4712
-5199
-5430
-5504
-5699
-5653
-5721
-6025
-3497
-1404
-1339
-3385
-2621
-236
1235
3416
4311
3649
1546
2473
5375
7381
7597
5807
4536
4007
4869
6013
6286
5089
2344
1119
910
1175
766
68
-874
-2505
-3475
-3470
-2527
-1984
-2036
-2315
-2575
-2525
-1832
-136
1069
1232
500
265
1058
2209
3102
2913
2076
874
527
1233
1633
896
-442
-1465
-2244
-2745
-2760
-3041
-3947
-5223
-5712
-5657
-5831
-5971
-6215
-5888
-6276
-4289
-1626
-912
-2625
-3119
-500
1153
3136
4396
4306
2384
2148
4792
7097
7802
6486
4949
4300
4609
5699
6165
5583
3238
1396
1074
1097
1010
320
-333
-1734
-2941
-3230
-2548
-1802
-1776
-1974
-2145
-2101
-1743
-595
726
1104
730
275
751
1766
2507
2485
1808
1101
438
695
1075
653
-564
-1605
-2164
-2694
-2996
-3322
-4052
-4883
-5631
-5577
-5745
-5832
-6094
-5765
-5564
-5112
-2558
-1041
-1181
-2675
-1302
689
2194
3888
4539
3792
2251
3314
5684
7317
7282
5713
4611
4169
4833
5711
5876
4701
2300
1246
871
1151
865
328
-706
-2193
-3026
-2950
-1937
-1452
-1413
-1878
-2165
-2141
-1447
-23
871
939
176
-119
593
1663
2159
1793
1208
394
34
429
751
114
-1028
-1818
-2339
-2755
-2986
-3373
-3904
-4693
-5357
-5437
-5502
-5388
-5537
-5050
-5319
-4170
-1818
-561
-1440
-2431
-565
1071
2811
4141
4412
2973
1986
3830
6287
7617
6800
5078
4205
4270
5457
6237
6107
4210
2079
1370
1376
1749
1168
431
-1015
-2451
-3121
-2621
-1543
-1278
-1716
-2647
-2912
-2539
-1378
18
405
-129
-1117
-835
406
1482
1665
1077
463
-310
-150
535
810
-67
-1152
-1748
-2222
-2492
-2679
-2973
-3604
-4440
-5016
-5093
-5120
-5021
-5131
-4848
-5227
-3665
-1303
-474
-1859
-2347
-193
1344
3097
4247
4088
2394
2176
4557
6853
7608
6423
4833
4394
4909
6164
6577
6041
3925
2196
1861
1891
1860
1012
238
-1242
-2612
-3188
-2638
-1856
-1775
-2314
-3079
-3359
-2883
-1704
-386
-160
-775
-1482
-958
443
1400
1574
920
323
-333
140
948
1063
2
-1104
-1603
-1964
-2091
-2257
-2691
-3555
-4329
-4716
-4687
-4811
-4877
-5045
-4831
-5224
-3639
-1311
-589
-2015
-2330
-195
1252
2936
4120
3965
2410
2428
4786
6917
7503
6423
5036
4803
5302
6384
6581
5956
3858
2275
1967
1938
1630
591
-228
-1633
-2924
-3514
-2880
-2364
-2463
-2981
-3437
-3637
-3265
-2031
-826
-571
-1050
-1415
-766
544
1562
1756
1193
571
138
798
1590
1604
355
-750
-1246
-1421
-1514
-1803
-2376
-3434
-4155
-4529
-4354
-4560
-4664
-5072
-4871
-5280
-4017
-1689
-623
-1632
-2493
-649
836
2587
3863
4138
2931
2453
4303
6567
7633
6908
5504
5136
5275
6156
6501
6133
4214
2264
1715
1527
1343
285
-540
-1949
-3274
-3921
-3374
-2774
-2926
-3493
-3917
-3943
-3584
-2480
-1331
-974
-1264
-1453
-776
464
1451
1760
1394
1000
703
1241
1921
1942
872
-165
-645
-850
-1081
-1424
-2005
-3066
-3827
-4228
-4039
-4332
-4460
-5070
-4936
-5256
-4310
-1810
-662
-1424
-2937
-1180
677
2385
3759
4063
3096
2132
3897
6437
7799
7312
5661
5093
4989
5978
6589
6321
4557
2160
1517
1195
1325
307
-629
-2070
-3542
-4126
-3846
-3033
-3134
-3666
-4213
-4261
-3691
-2759
-1486
-1072
-1127
-1310
-803
570
1527
2038
1664
1547
1221
1498
2140
2242
1456
322
-142
-481
-811
-1256
-1843
-2770
-3580
-4039
-4064
-4457
-4673
-5248
-5065
-5213
-4707
-2337
-1059
-1505
-3155
-1580
572
2123
3430
3843
3154
2106
3661
6236
7694
7319
5687
4949
4943
5774
6415
6131
4629
2151
1389
1141
1247
243
-854
-2057
-3524
-4201
-4159
-3339
-3300
-3699
-4137
-4188
-3702
-2863
-1536
-847
-745
-842
-524
744
1767
2360
2154
2028
1775
1708
2259
2502
1924
802
170
-245
-729
-1248
-1783
-2540
-3344
-4021
-4311
-4750
-4955
-5258
-5169
-5087
-5307
-3397
-1720
-1370
-2756
-2026
152
1441
2809
3644
3624
2575
3295
5558
7132
7232
6008
5149
5118
5437
5927
5685
4784
2510
1408
1119
1028
151
-1033
-1795
-3084
-3928
-4177
-3489
-3261
-3569
-3785
-3663
-3350
-2844
-1714
-668
-304
-224
-31
895
1753
2366
2551
2475
2260
1841
2155
2462
2090
1111
375
-164
-841
-1375
-1782
-2343
-3185
-4006
-4503
-4846
-5044
-5065
-5168
-5036
-5663
-4628
-2403
-1249
-1956
-2551
-733
515
1912
3382
4082
3254
2615
4294
6103
7022
6485
5418
4971
4717
5107
5258
5022
3232
1513
1034
812
293
-736
-1230
-2276
-3357
-3921
-3403
-2958
-3121
-3339
-3125
-2853
-2682
-1840
-710
-14
186
373
882
1438
2086
2621
2781
2531
1969
1901
2188
2132
1407
699
-21
-806
-1362
-1657
-2009
-2855
-3687
-4364
-4693
-4888
-4853
-4925
-5169
-5402
-5601
-3393
-1576
-1223
-2575
-2201
-370
798
2615
3707
3633
2142
2508
4640
6255
6713
5680
4672
4129
4290
5045
5273
4486
2294
1221
956
838
196
-407
-1121
-2389
-3305
-3386
-2641
-2476
-2751
-2910
-2725
-2599
-2136
-948
-12
276
279
492
1013
1675
2493
2780
2591
2045
1719
2015
2267
1929
1077
337
-429
-951
-1228
-1557
-2242
-3263
-3927
-4410
-4555
-4778
-4845
-5253
-5445
-5634
-5129
-2755
-1600
-1865
-3216
-2069
-259
1119
2759
3247
2659
1437
2692
4983
6440
6436
5027
4202
4045
4788
5635
5616
4331
2124
1485
1357
1346
704
-9
-1038
-2414
-3073
-2933
-2132
-2242
-2705
-2986
-2931
-2637
-1910
-650
-70
-103
-176
106
978
1800
2533
2438
2108
1704
1697
2223
2286
1810
811
135
-467
-786
-1126
-1620
-2449
-3470
-4116
-4513
-4630
-4923
-5152
-5592
-5599
-5953
-4872
-2755
-1915
-2644
-3456
-1743
-221
1283
2607
2997
2203
1647
3474
5688
6781
6276
4987
4666
4858
5732
6199
5832
4157
2345
2047
1918
1690
679
-151
-1271
-2430
-2865
-2608
-2140
-2665
-3145
-3144
-2827
-2428
-1803
-886
-599
-448
-205
435
1222
1717
2102
2111
2196
2024
1990
2157
2003
1536
771
285
-366
-1020
-1609
-2079
-2722
-3641
-4418
-4881
-5146
-5389
-5525
-5777
-5900
-6386
-4692
-2777
-2125
-3236
-3298
-1449
-84
1657
2826
3070
2053
2236
4404
6369
6992
6211
5268
5207
5476
6284
6449
5816
3859
2617
2452
2157
1461
366
-317
-1491
-2498
-2884
-2608
-2528
-2941
-3154
-2985
-2823
-2573
-1816
-927
-640
-405
-119
582
1201
1777
2155
2239
2273
2023
2093
2170
2058
1499
820
276
-471
-1069
-1638
-2158
-2988
-3782
-4457
-4953
-5344
-5653
-5743
-6089
-6168
-6597
-4793
-2947
-2401
-3524
-3405
-1486
-137
1743
3041
3246
2171
2484
4686
6544
7205
6557
5587
5362
5644
6526
6732
6091
4072
2818
2592
2277
1492
392
-367
-1675
-2652
-3088
-2916
-2937
-3174
-3268
-3269
-3186
-3017
-2153
-1159
-659
-402
-307
312
1065
2000
2516
2579
2390
2043
2185
2471
2519
1879
1062
282
-449
-901
-1342
-1954
-3020
-3922
-4628
-5184
-5469
-5832
-5949
-6529
-6544
-6933
-5492
-3433
-2669
-3315
-3594
-1745
-354
1535
3233
3753
2995
2860
4709
6646
7686
7539
6453
5935
5798
6564
7012
6655
4899
3087
2484
1969
1414
427
-402
-1830
-3110
-3722
-3580
-3418
-3576
-3717
-3740
-3650
-3481
-2617
-1466
-757
-461
-297
250
1033
2036
2827
3012
2799
2373
2426
2689
2822
2288
1395
410
-394
-866
-1303
-1874
-2973
-4055
-4894
-5474
-5722
-6002
-6183
-6801
-6913
-6996
-6206
-4061
-2845
-2688
-3341
-2016
-418
1196
3214
4126
4018
3304
4440
6352
7794
8234
7252
6456
5876
6231
6840
6820
5713
3498
2241
1450
1149
485
-362
-1664
-3305
-4200
-4189
-3624
-3646
-3816
-3904
-3868
-3659
-2840
-1383
-546
-219
-88
406
1218
2146
3168
3429
3247
2735
2658
2880
2864
2440
1573
641
-331
-1062
-1557
-2134
-3054
-4246
-5078
-5660
-6103
-6337
-6572
-6833
-7244
-6881
-6784
-5211
-3239
-2198
-2502
-2606
-684
747
2853
4375
4860
4138
3961
5709
7340
8457
8035
6841
6016
5654
6308
6553
6197
4330
2246
1127
502
368
-365
-1214
-2876
-4216
-4785
-4305
-3652
-3683
-3715
-3859
-3723
-3230
-1889
-308
298
498
562
1244
2226
3256
4044
3861
3490
2917
3007
3043
2744
2108
1163
232
-874
-1611
-2180
-2874
-3893
-5068
-5765
-6337
-6653
-6812
-6954
-7028
-7338
-6783
-6623
-4791
-2705
-1606
-1956
-2062
-41
1546
3831
5254
5428
4490
4356
6228
7841
8756
8058
6416
5564
5355
6209
6286
5582
3441
1279
430
20
-65
-975
-1962
-3508
-4553
-4804
-4283
-3693
-3734
-3621
-3566
-3248
-2681
-1373
164
791
1103
1188
1837
2747
3620
4258
4002
3602
2933
2828
2748
2362
1761
771
-186
-1354
-2136
-2687
-3361
-4343
-5536
-6263
-6725
-7055
-7070
-7018
-6922
-7143
-6625
-6152
-4705
-2413
-1059
-972
-1329
296
2010
4035
5659
5810
4983
4461
5966
7650
8577
8032
6199
5118
4834
5587
5882
5093
3153
868
68
-215
-240
-985
-2092
-3384
-4398
-4471
-4036
-3437
-3313
-3202
-2958
-2606
-1939
-890
538
1280
1645
1742
2092
2869
3555
4155
3906
3459
2699
2376
2306
1953
1399
304
-679
-1785
-2505
-2977
-3519
-4425
-5549
-6374
-6707
-6985
-6908
-6793
-6786
-6900
-6668
-5765
-4940
-2655
-1017
-345
-828
-41
1856
3431
5274
5790
5335
4322
4896
6610
7815
7889
6340
4812
4213
4452
5197
4889
3612
1204
-122
-416
-338
-472
-1350
-2312
-3631
-4067
-3824
-2942
-2462
-2396
-2164
-2011
-1587
-848
636
1843
2188
2117
2004
2531
3219
3994
4122
3471
2518
1824
1863
1771
1252
208
-990
-1957
-2778
-3203
-3616
-4267
-5253
-6128
-6402
-6540
-6637
-6467
-6240
-6266
-6360
-5768
-4909
-3915
-1589
-7
213
-637
435
2378
4036
5551
5695
4940
3815
4659
6373
7500
7068
5242
3842
3599
4146
4675
4266
2797
543
-467
-367
-20
-228
-1146
-1991
-2980
-3238
-2872
-1933
-1615
-1782
-1513
-1272
-900
-383
980
1963
2147
1970
1841
2303
2853
3440
3420
2741
1715
978
1031
947
317
-738
-1797
-2629
-3387
-3725
-4132
-4754
-5629
-6227
-6220
-6122
-6175
-6031
-5654
-5445
-5439
-4796
-3960
-3295
-1208
522
881
-109
648
2510
4012
5445
5681
4946
3767
4348
5994
7081
6789
5097
3710
3515
4027
4518
4110
2894
829
-184
-165
199
62
-793
-1537
-2394
-2596
-2323
-1330
-1015
-1255
-1170
-926
-619
-233
856
1599
1656
1474
1352
1682
2150
2507
2351
1666
874
170
163
51
-518
-1448
-2309
-2887
-3501
-3731
-4122
-4608
-5329
-5770
-5759
-5593
-5500
-5421
-4954
-4665
-4482
-4016
-3153
-2679
-1211
562
1152
540
633
2213
3368
4537
5122
4723
3762
3740
5053
6075
6147
5147
3852
3519
3699
4198
4111
3444
1997
705
449
497
535
-39
-617
-1388
-1931
-1916
-1256
-615
-779
-885
-774
-649
-401
228
1060
1083
884
618
691
1043
1345
1418
903
319
-248
-427
-387
-723
-1384
-2113
-2573
-2916
-3240
-3411
-3785
-4228
-4751
-4925
-4864
-4775
-4772
-4500
-4137
-4026
-3759
-3202
-2549
-2151
-478
710
826
144
695
2179
2986
4048
4281
3738
3023
3553
4969
5664
5548
4554
3671
3604
3937
4528
4368
3752
2282
1401
1312
1401
1284
598
3
-953
-1539
-1480
-840
-501
-879
-1046
-1187
-1232
-1027
-290
366
157
-250
-644
-421
115
578
654
131
-412
-769
-548
-319
-629
-1323
-1991
-2209
-2433
-2555
-2737
-3111
-3605
-4063
-4101
-4066
-4083
-4280
-4068
-3917
-3840
-3601
-3109
-2664
-2350
-588
441
438
-345
360
1850
2676
3933
4057
3524
2910
3719
5305
6012
5989
4934
4174
4154
4600
5225
4992
4234
2606
1912
1902
1976
1699
800
20
-1144
-1684
-1624
-1097
-1068
-1631
-1848
-2099
-2147
-1937
-1166
-673
-990
-1342
-1568
-1128
-479
98
207
-224
-541
-593
-136
91
-215
-884
-1410
-1542
-1757
-1888
-2167
-2586
-3079
-3447
-3498
-3617
-3777
-4056
-3950
-3874
-3839
-3643
-3332
-2975
-2610
-956
-2
68
-511
234
1580
2482
3798
4014
3698
3261
4130
5622
6439
6561
5694
5013
4915
5267
5768
5452
4532
2937
2184
2049
1921
1462
397
-605
-1786
-2297
-2339
-2046
-2242
-2811
-2894
-2964
-2865
-2657
-1914
-1467
-1507
-1529
-1486
-1034
-415
257
529
443
361
439
780
1019
796
244
-287
-642
-1066
-1400
-1732
-2213
-2832
-3400
-3725
-3992
-4258
-4513
-4531
-4551
-4648
-4514
-4175
-3637
-3205
-1628
-536
-255
-566
189
1654
2574
3869
4296
4167
3857
4524
5926
6919
7172
6502
5720
5591
5713
6089
5731
4753
3137
2048
1776
1453
929
-193
-1265
-2402
-3087
-3238
-3090
-3151
-3609
-3615
-3442
-3278
-2967
-2212
-1451
-1219
-1022
-914
-538
84
750
1184
1189
1081
993
1250
1513
1381
792
126
-463
-992
-1461
-1832
-2366
-3129
-3799
-4241
-4446
-4746
-4922
-5022
-4946
-4949
-4679
-4346
-3680
-3226
-1819
-140
522
400
547
2111
3207
4474
5316
5091
4528
4591
5840
7024
7433
6974
5780
5347
5312
5642
5440
4504
2909
1326
929
612
288
-681
-1710
-2748
-3528
-3732
-3611
-3396
-3656
-3698
-3427
-3221
-2941
-2270
-1274
-845
-617
-436
-263
277
832
1346
1280
1029
796
841
1139
1021
584
-184
-796
-1302
-1720
-2066
-2596
-3258
-3900
-4238
-4295
-4434
-4511
-4666
-4547
-4361
-4016
-3543
-3097
-2523
-1957
-134
1135
1517
1238
1961
3295
4217
5513
5749
5186
4574
5000
6219
6842
6893
5899
4879
4547
4535
4739
4146
3035
1295
388
70
-194
-668
-1551
-2332
-3166
-3575
-3567
-3273
-3222
-3311
-3051
-2884
-2806
-2425
-1565
-827
-573
-309
-295
-66
362
953
1244
960
667
427
610
662
491
25
-709
-1200
-1647
-1890
-2235
-2762
-3302
-3774
-3771
-3802
-3770
-3761
-3817
-3598
-3452
-2884
-2484
-2022
-1753
-1082
604
1363
1619
1444
2332
3151
4025
5151
5102
4612
4077
4704
5575
6012
5903
4840
4063
3704
3762
3898
3293
2187
728
112
-204
-415
-828
-1524
-2174
-2905
-3125
-3017
-2784
-2834
-2797
-2616
-2707
-2688
-2281
-1492
-989
-714
-572
-657
-395
130
836
1024
793
513
359
619
794
781
289
-351
-803
-1142
-1344
-1584
-2037
-2630
-3055
-3127
-3181
-3149
-3075
-3066
-2986
-2949
-2502
-2255
-1816
-1684
-742
621
1084
1005
955
2041
2725
3689
4530
4402
3797
3583
4474
5302
5668
5408
4324
3740
3507
3792
3764
3091
1938
600
122
-321
-525
-1062
-1636
-2363
-3066
-3253
-3190
-2984
-3075
-2969
-2881
-3092
-3102
-2615
-1718
-1177
-898
-832
-929
-565
195
1046
1251
975
714
685
1116
1408
1373
779
161
-262
-535
-751
-1037
-1533
-2211
-2678
-2852
-2993
-3015
-2997
-2972
-2913
-2850
-2489
-2414
-1942
-1806
-694
601
1150
858
702
1848
2647
3690
4393
4240
3510
3321
4338
5233
5607
5211
4109
3583
3434
3799
3647
3001
1804
522
31
-446
-779
-1412
-1978
-2644
-3343
-3603
-3582
-3360
-3353
-3227
-3040
-3270
-3233
-2732
-1679
-1002
-668
-600
-678
-259
525
1510
1751
1502
1182
1221
1690
1995
1926
1312
648
229
-52
-239
-595
-1102
-1809
-2390
-2651
-2911
-3027
-3112
-3199
-3204
-3170
-2847
-2758
-2475
-2142
-1433
-63
603
717
449
1269
2189
3014
3945
3928
3458
3014
3687
4622
5105
5014
4025
3396
3199
3364
3509
3014
2088
721
127
-286
-669
-1148
-1812
-2502
-3323
-3669
-3692
-3428
-3388
-3340
-3161
-3101
-2980
-2450
-1486
-701
-268
-55
85
451
1123
1926
2345
2182
1816
1715
2046
2258
2131
1638
967
438
112
-105
-407
-891
-1540
-2131
-2498
-2783
-3072
-3208
-3378
-3610
-3554
-3455
-3166
-3161
-2727
-2333
-1338
-107
398
472
390
1383
2182
3226
3891
3695
3147
2958
3713
4503
4856
4480
3459
2906
2821
3082
3169
2604
1569
313
-144
-459
-627
-1024
-1728
-2567
-3364
-3550
-3428
-3144
-3134
-3101
-2919
-2784
-2473
-1720
-713
-17
301
584
806
1261
1951
2633
2850
2521
2136
1979
2204
2208
1920
1306
560
-46
-413
-597
-973
-1494
-2154
-2612
-2853
-3118
-3355
-3511
-3683
-3934
-3793
-3628
-3458
-3446
-2975
-2537
-1520
-100
550
554
323
1329
2265
3401
4207
4049
3479
3135
3897
4742
5155
4721
3605
2945
2768
3038
3023
2495
1431
108
-482
-781
-785
-1125
-1731
-2516
-3288
-3482
-3358
-2923
-2951
-2876
-2649
-2440
-2186
-1571
-440
309
744
1014
1245
1635
2266
3019
3280
3046
2627
2291
2376
2320
2054
1426
592
-239
-874
-1115
-1501
-1993
-2728
-3325
-3610
-3812
-3911
-4014
-4077
-4329
-4267
-3959
-3715
-3554
-3192
-2712
-1935
-510
427
654
488
1230
2226
3266
4298
4398
4008
3618
4126
4938
5363
5058
4032
3245
2904
2930
2870
2272
1257
-72
-800
-1140
-1211
-1435
-1977
-2562
-3184
-3321
-3082
-2639
-2510
-2474
-2158
-1865
-1614
-1119
-222
562
990
1381
1635
1955
2408
2992
3307
3202
2909
2523
2380
2225
1927
1392
608
-312
-1129
-1605
-2012
-2584
-3246
-3891
-4268
-4495
-4515
-4442
-4354
-4343
-4265
-3821
-3478
-3049
-2734
-2229
-1830
-760
390
944
969
1185
2115
2901
3970
4499
4386
3896
3823
4439
4984
5033
4358
3337
2756
2502
2534
2212
1409
183
-954
-1334
-1516
-1481
-1901
-2332
-2747
-3008
-2774
-2258
-1743
-1682
-1407
-1006
-841
-666
-162
666
1145
1453
1685
1785
2029
2369
2853
2941
2702
2180
1762
1609
1413
1136
469
-401
-1349
-1964
-2288
-2697
-3264
-4028
-4583
-4799
-4796
-4663
-4527
-4299
-4152
-3807
-3151
-2568
-2017
-1726
-1164
-902
72
1199
1730
1625
1492
2362
3061
3972
4498
4344
3699
3368
3905
4419
4544
4001
2911
2243
1966
2126
1962
1298
166
-1040
-1428
-1566
-1410
-1682
-2094
-2375
-2551
-2270
-1769
-1093
-903
-693
-163
33
55
205
910
1357
1555
1712
1617
1646
1750
2175
2341
2107
1522
852
627
474
353
-129
-914
-1838
-2582
-2767
-2985
-3283
-3919
-4526
-4783
-4773
-4493
-4223
-3876
-3654
-3449
-2799
-2089
-1351
-1000
-496
-192
297
1475
2096
2217
1730
2223
2862
3464
4144
4118
3669
3031
3305
3767
3952
3696
2802
2097
1712
1740
1708
1219
412
-694
-1183
-1399
-1326
-1403
-1762
-1952
-2088
-1854
-1485
-885
-560
-438
104
536
583
469
803
1224
1364
1554
1454
1271
1135
1313
1551
1450
1108
450
52
-170
-274
-535
-1097
-1821
-2568
-2855
-2975
-3111
-3435
-3869
-4125
-4150
-3971
-3632
-3238
-2885
-2669
-2310
-1649
-993
-448
-113
339
514
1299
2052
2304
1965
1798
2296
2527
3126
3417
3217
2604
2400
2785
3057
3124
2691
1980
1519
1301
1377
1203
767
7
-650
-879
-1017
-876
-1071
-1272
-1418
-1379
-1124
-791
-316
-227
19
493
737
638
593
885
1059
1150
1139
894
597
510
707
851
783
447
-12
-297
-435
-519
-843
-1392
-2026
-2488
-2653
-2761
-2865
-3134
-3393
-3505
-3456
-3267
-2970
-2645
-2393
-2170
-1830
-1250
-708
-273
15
391
587
1371
2067
2155
1654
1446
1829
2042
2679
2986
2696
2026
1955
2480
2935
3112
2680
1896
1440
1329
1548
1449
1054
303
-331
-473
-535
-398
-637
-890
-1101
-1150
-1027
-786
-395
-346
-144
311
447
291
218
570
811
871
790
448
90
-19
278
581
652
313
-146
-414
-430
-380
-579
-1112
-1818
-2304
-2413
-2384
-2385
-2616
-2959
-3146
-3114
-2902
-2589
-2291
-2217
-2163
-1902
-1308
-740
-303
-86
171
269
1004
1935
2156
1582
1078
1416
1726
2357
2847
2632
1918
1733
2348
2997
3280
2936
2070
1521
1406
1673
1655
1272
561
-127
-261
-278
-178
-412
-692
-911
-1075
-1072
-946
-629
-554
-388
70
159
-41
-162
236
554
593
507
141
-237
-400
-59
283
361
70
-334
-531
-511
-358
-434
-881
-1532
-1971
-2000
-1900
-1824
-1979
-2295
-2465
-2448
-2211
-1898
-1636
-1656
-1741
-1550
-1013
-491
-147
-21
65
78
631
1566
1866
1317
645
790
1124
1660
2244
2182
1564
1270
1806
2539
2923
2805
2094
1512
1340
1580
1705
1472
914
248
24
21
122
-26
-301
-566
-840
-994
-960
-749
-685
-636
-335
-253
-430
-566
-262
39
58
35
-202
-482
-627
-341
-30
96
42
-150
-241
-229
-83
-53
-296
-736
-1128
-1269
-1280
-1251
-1332
-1581
-1747
-1819
-1729
-1560
-1360
-1362
-1505
-1482
-1155
-732
-462
-345
-364
-316
-92
697
1349
1258
571
308
650
1081
1773
2161
1879
1306
1402
2098
2689
2959
2646
1933
1456
1414
1638
1654
1366
694
82
-147
-134
-66
-257
-510
-886
-1234
-1421
-1278
-1041
-973
-848
-692
-727
-858
-713
-269
-36
-22
-59
-192
-296
-160
222
468
544
509
472
463
519
563
475
158
-258
-636
-908
-1043
-1177
-1360
-1625
-1802
-1918
-1924
-1817
-1680
-1735
-1856
-1797
-1494
-1134
-886
-783
-767
-643
-312
570
1227
1114
532
447
902
1453
2194
2533
2129
1564
1729
2396
2950
3115
2664
1850
1357
1302
1483
1451
1065
309
-344
-557
-530
-439
-609
-857
-1240
-1600
-1736
-1505
-1179
-1044
-880
-732
-781
-860
-572
-16
280
319
304
189
148
385
838
1083
1065
923
795
789
846
852
653
204
-313
-758
-1028
-1181
-1349
-1590
-1892
-2063
-2155
-2124
-1994
-1874
-1943
-2009
-1859
-1521
-1188
-959
-854
-798
-602
-165
670
1160
1017
620
723
1208
1738
2328
2449
1978
1552
1773
2313
2670
2625
2079
1359
997
999
1141
1023
587
-66
-508
-581
-521
-467
-634
-865
-1153
-1358
-1375
-1152
-883
-729
-527
-383
-423
-472
-188
288
607
733
719
549
457
670
1055
1241
1127
847
590
514
554
526
233
-286
-819
-1198
-1389
-1488
-1613
-1820
-2053
-2145
-2114
-2010
-1866
-1741
-1712
-1666
-1452
-1143
-867
-692
-583
-488
-280
117
738
1108
1060
863
943
1281
1666
2039
2027
1650
1325
1423
1756
1991
1906
1469
932
636
624
711
616
281
-166
-457
-505
-443
-381
-464
-602
-761
-854
-842
-694
-500
-348
-179
-79
-120
-153
63
449
781
960
937
753
626
764
1046
1175
1019
705
408
285
292
243
-38
-509
-987
-1320
-1487
-1584
-1681
-1834
-1965
-2008
-1925
-1795
-1634
-1498
-1406
-1337
-1193
-999
-805
-676
-602
-563
-467
-183
283
701
819
735
674
852
1181
1538
1621
1383
1054
995
1247
1571
1673
1434
1001
662
610
731
782
587
229
-118
-260
-205
-60
-30
-118
-276
-400
-413
-295
-126
-16
29
17
-27
-26
146
443
730
888
888
777
699
763
935
1018
907
654
394
242
193
131
-72
-429
-847
-1189
-1413
-1549
-1667
-1793
-1900
-1941
-1898
-1780
-1636
-1520
-1446
-1400
-1337
-1245
-1138
-1062
-1021
-1012
-943
-732
-346
66
314
352
333
456
761
1126
1326
1254
1036
971
1189
1557
1804
1764
1473
1176
1080
1189
1292
1202
902
548
328
321
452
523
441
249
72
-2
56
155
187
119
15
-58
-47
77
279
463
560
570
515
458
449
485
480
396
237
69
-57
-131
-207
-343
-558
-830
-1105
-1337
-1515
-1652
-1759
-1826
-1836
-1798
-1722
-1628
-1540
-1479
-1431
-1390
-1350
-1316
-1288
-1245
-1185
-1072
-866
-550
-197
76
229
320
453
678
959
1183
1265
1246
1283
1477
1774
2024
2095
1968
1766
1636
1624
1637
1542
1306
1002
758
661
686
707
620
433
234
107
76
79
39
-79
-215
-280
-241
-127
12
114
165
180
174
157
119
59
-21
-99
-161
-211
-257
-307
-373
-465
-591
-742
-928
-1141
-1353
-1535
-1674
-1756
-1773
-1749
-1707
-1668
-1623
-1572
-1518
-1456
-1408
-1379
-1350
-1290
-1167
-960
-679
-352
-32
230
425
593
774
964
1154
1310
1417
1509
1644
1853
2087
2258
2309
2233
2084
1929
1797
1656
1465
1200
912
675
529
461
408
308
149
-17
-146
-216
-261
-324
-414
-494
-505
-423
-282
-134
-28
28
49
53
46
13
-49
-121
-185
-212
-202
-183
-180
-209
-285
-393
-534
-709
-911
-1136
-1353
-1529
-1644
-1696
-1704
-1691
-1671
-1638
-1589
-1527
-1466
-1421
-1380
-1321
-1214
-1040
-793
-500
-182
125
397
619
806
972
1119
1252
1368
1471
1581
1739
1935
2137
2289
2341
2286
2150
1971
1780
1568
1317
1026
726
471
292
182
94
-11
-147
-289
-403
-476
-527
-579
-629
-663
-639
-549
-409
-260
-150
-82
-58
-58
-74
-101
-129
-156
-168
-153
-122
-88
-64
-73
-126
-222
-363
-541
-742
-949
-1141
-1297
-1410
-1477
-1510
-1522
-1514
-1486
-1439
-1383
-1325
-1274
-1214
-1119
-971
-762
-512
-240
41
311
553
765
939
1072
1176
1261
1337
1417
1518
1647
1803
1955
2063
2094
2038
1905
1727
1520
1286
1023
742
466
232
57
-66
-170
-276
-386
-479
-545
-581
-604
-620
-622
-598
-528
-423
-302
-192
-111
-62
-45
-50
-75
-106
-136
-151
-150
-136
-118
-107
-113
-149
-218
-326
-468
-631
-803
-962
-1103
-1211
-1281
-1323
-1341
-1345
-1335
-1309
-1264
-1204
-1129
-1040
-931
-784
-593
-367
-124
123
354
564
747
902
1028
1123
1193
1250
1310
1385
1481
1597
1713
1800
1837
1809
1712
1564
1375
1159
924
675
432
218
46
-90
-208
-317
-422
-506
-562
-587
-594
-590
-577
-540
-471
-369
-259
-162
-93
-54
-35
-38
-57
-96
-139
-178
-199
-200
-190
-181
-184
-214
-269
-353
-461
-586
-718
-843
-953
-1045
-1110
-1152
-1174
-1182
-1176
-1157
-1124
-1069
-993
-893
-763
-614
-443
-256
-61
134
321
490
633
747
840
918
984
1045
1113
1191
1283
1388
1494
1581
1625
1615
1547
1427
1268
1082
881
673
476
297
146
20
-92
-200
-299
-384
-448
-485
-497
-493
-479
-445
-389
-313
-230
-153
-100
-70
-65
-83
-113
-158
-208
-255
-283
-296
-290
-279
-271
-276
-303
-351
-418
-499
-588
-676
-755
-822
-877
-919
-944
-955
-957
-941
-909
-856
-781
-690
-576
-450
-317
-180
-43
89
219
335
436
520
592
652
706
760
820
889
964
1050
1138
1212
1258
1266
1233
1157
1051
922
785
651
519
401
298
203
118
34
-48
-122
-189
-233
-263
-275
-274
-263
-232
-195
-151
-115
-85
-83
-93
-130
-174
-225
-275
-321
-355
-368
-377
-360
-357
-351
-368
-392
-437
-489
-551
-611
-658
-704
-728
-755
-753
-755
-733
-713
-668
-624
-563
-483
-414
-315
-236
-130
-50
54
132
226
296
364
422
471
523
562
618
660
734
792
866
922
971
990
988
956
899
829
741
651
569
488
415
355
290
231
175
119
60
6
-46
-94
-132
-161
-178
-176
-169
-158
-145
-137
-149
-162
-198
-238
-281
-327
-375
-403
-430
-436
-434
-435
-433
-443
-463
-495
-529
-582
-627
-677
-710
-739
-743
-749
-724
-705
-663
-618
-558
-500
-424
-361
-281
-204
-132
-41
28
130
181
279
317
395
435
495
550
597
665
708
798
824
922
918
985
946
962
907
856
812
690
685
533
557
424
458
331
363
257
264
182
153
87
22
-3
-87
-67
-149
-118
-177
-152
-198
-197
-236
-265
-310
-348
-408
-431
-496
-501
-541
-532
-562
-553
-590
-596
-635
-658
-701
-734
-765
-797
-796
-818
-784
-787
-734
-707
-640
-595
-510
-451
-365
-295
-210
-135
-52
25
95
175
233
305
360
423
483
551
611
688
747
814
870
924
959
980
982
970
934
904
839
795
719
664
612
550
514
452
417
358
323
269
231
179
137
88
52
21
-14
-35
-74
-93
-137
-162
-206
-247
-290
-339
-379
-424
-456
-480
-499
-513
-531
-551
-576
-605
-642
-683
-726
-765
-801
-818
-822
-816
-796
-770
-728
-691
-638
-590
-536
-483
-427
-371
-312
-250
-184
-115
-44
21
87
150
206
265
320
381
439
508
573
647
707
768
815
842
852
839
817
773
734
686
649
618
596
583
578
570
557
536
505
467
417
366
308
260
213
177
151
127
100
68
31
-18
-77
-144
-215
-289
-353
-412
-456
-495
-520
-543
-563
-585
-609
-632
-660
-689
-718
-743
-760
-766
-762
-749
-731
-706
-676
-637
-597
-552
-504
-452
-401
-341
-275
-213
-145
-84
-21
35
92
142
190
233
278
327
376
430
481
534
580
627
659
685
693
690
679
657
633
606
583
561
548
540
534
523
510
493
468
439
402
361
316
274
231
194
155
116
77
40
0
-37
-72
-110
-149
-184
-218
-257
-298
-345
-396
-448
-504
-556
-603
-641
-671
-689
-694
-695
-692
-687
-678
-670
-663
-651
-635
-616
-594
-563
-524
-474
-417
-360
-301
-244
-186
-131
-80
-27
26
82
148
219
292
368
436
500
549
584
604
606
599
584
573
569
571
583
602
625
648
667
675
670
649
619
579
533
490
451
420
394
369
347
322
293
254
204
145
79
11
-55
-113
-163
-205
-244
-278
-313
-346
-377
-412
-450
-491
-530
-568
-595
-614
-629
-638
-647
-655
-661
-664
-661
-652
-639
-622
-599
-572
-535
-488
-437
-387
-341
-302
-265
-229
-195
-159
-121
-82
-40
7
59
116
174
233
282
325
355
375
383
384
379
371
363
359
361
372
388
405
418
428
431
428
417
404
388
369
350
332
319
312
307
300
292
279
265
246
225
206
182
159
135
112
88
59
32
1
-35
-75
-114
-152
-190
-221
-252
-275
-296
-311
-325
-339
-352
-367
-383
-398
-412
-426
-437
-442
-443
-436
-426
-408
-389
-368
-345
-320
-289
-255
-222
-189
-158
-128
-100
-72
-48
-25
-6
13
34
57
86
118
153
186
221
255
283
307
326
339
348
356
366
376
387
400
408
416
422
427
430
427
411
391
371
358
347
342
336
315
286
257
238
210
180
142
95
45
11
-8
-19
-32
-53
-83
-113
-140
-174
-205
-240
-281
-324
-359
-380
-389
-383
-368
-357
-350
-351
-355
-356
-358
-364
-375
-388
-399
-395
-377
-343
-301
-257
-215
-180
-154
-134
-123
-119
-123
-134
-143
-143
-132
-105
-70
-32
6
38
65
88
106
120
125
124
124
127
138
156
179
204
223
240
253
263
271
276
277
276
274
272
272
272
268
259
244
222
197
175
150
127
111
91
80
69
56
43
27
7
-19
-51
-85
-117
-148
-172
-192
-207
-215
-217
-218
-216
-212
-209
-205
-204
-204
-207
-206
-202
-199
-194
-187
-178
-166
-154
-139
-121
-102
-84
-64
-46
-29
-11
8
21
35
48
60
75
89
104
117
131
142
152
160
168
173
179
179
181
189
196
207
212
213
209
201
195
187
175
163
151
138
132
132
136
140
135
127
114
99
81
60
37
12
-10
-29
-37
-39
-37
-35
-33
-36
-43
-55
-69
-86
-104
-123
-138
-150
-155
-155
-146
-138
-126
-117
-109
-105
-109
-112
-120
-129
-141
-149
-153
-151
-148
-139
-128
-118
-105
-93
-84
-76
-68
-64
-63
-62
-57
-53
-45
-35
-24
-14
-3
7
22
33
42
51
56
60
62
65
66
67
68
67
66
65
65
66
68
70
69
69
67
63
61
54
47
38
32
26
20
18
15
13
12
12
9
8
9
7
5
3
2
-1
0
-3
-7
-9
-12
-11
-13
-13
-13
-12
-10
-9
-7
-6
-5
-1
-2
0
-1
-3
-3
-4
-7
-9
-8
-8
-7
-4
-6
-3
2
5
6
7
7
7
7
9
10
11
13
11
11
11
12
10
11
9
9
9
7
8
8
9
9
9
9
10
9
9
7
3
2
-1
-4
-6
-7
-7
-6
-9
-7
-9
-8
-8
-11
-12
-15
-18
-21
-27
-29
-31
-33
-33
-31
-30
-29
-27
-26
-25
-24
-23
-24
-23
-28
-32
-34
-35
-33
-32
-27
-26
-25
-24
-20
-19
-18
-19
-20
-18
-21
-21
-18
-18
-16
-12
-10
-6
-2
1
5
7
8
8
6
4
5
5
6
7
9
12
18
24
27
31
32
31
31
28
25
20
17
19
18
21
26
29
34
41
44
43
43
39
37
32
27
23
20
20
20
22
27
31
34
37
38
38
38
35
29
26
21
19
15
16
18
20
23
25
28
29
30
30
27
26
23
21
21
19
20
20
21
22
22
21
21
19
16
15
12
11
11
11
14
15
15
16
13
8
6
1
-2
-6
-8
-9
-10
-12
-12
-12
-13
-15
-17
-20
-23
-25
-27
-29
-31
-33
-36
-33
-35
-34
-35
-38
-39
-39
-43
-45
-46
-45
-46
-46
-47
-46
-46
-48
-48
-51
-51
-54
-52
-52
-52
-50
-48
-46
-45
-46
-45
-45
-46
-48
-47
-47
-44
-42
-40
-36
-31
-30
-27
-26
-24
-23
-22
-23
-23
-23
-21
-18
-15
-12
-7
-3
0
3
6
7
7
7
7
7
6
7
8
11
16
19
23
26
31
32
32
33
31
30
28
28
28
29
32
34
36
40
43
45
45
43
42
41
37
36
33
31
31
33
37
39
40
40
41
41
41
41
38
35
30
29
26
27
27
28
30
31
35
36
36
32
30
28
26
23
20
21
20
23
25
27
27
27
26
23
19
15
10
8
3
3
6
10
14
15
15
12
11
6
-2
-9
-14
-17
-19
-19
-16
-13
-9
-6
-6
-10
-14
-17
-25
-31
-34
-37
-39
-38
-35
-29
-24
-20
-20
-21
-24
-30
-34
-37
-40
-43
-40
-36
-34
-27
-24
-23
-22
-22
-23
-27
-31
-34
-36
-37
-34
-29
-23
-20
-14
-13
-14
-16
-18
-22
-26
-28
-27
-23
-19
-13
-8
-6
-1
-1
-2
-3
-4
-7
-9
-13
-12
-8
-3
2
7
8
10
11
8
6
6
5
4
5
6
7
10
11
13
15
16
15
13
10
8
7
7
9
12
15
18
18
18
17
12
8
4
2
2
2
4
7
10
12
13
14
14
12
9
6
3
1
1
1
3
5
6
6
7
5
2
0
0
0
1
2
5
7
7
5
5
3
3
-1
-3
-4
-4
-3
1
4
7
10
10
12
9
4
-1
-7
-8
-9
-10
-8
-5
0
2
6
8
8
8
6
2
0
-4
-8
-10
-8
-6
-4
-1
1
3
4
4
3
1
1
-2
-2
-2
-3
-2
-3
-4
-4
-2
-3
-2
-2
-2
1
2
4
3
3
4
3
2
0
-3
-4
-5
-8
-7
-3
-1
4
6
7
7
5
5
4
1
0
-3
-5
-5
-5
-3
-1
3
5
5
6
6
4
2
-1
-2
-3
-2
-2
-2
-1
0
1
2
2
4
3
1
1
0
1
0
2
1
-1
1
3
3
1
1
1
-1
0
-2
-1
-1
-1
2
2
3
3
2
2
1
0
-1
-3
-1
-1
-2
-1
0
0
-1
1
1
-1
0
-2
-2
-3
-2
-1
-1
0
1
1
1
2
1
1
0
-2
-1
-3
-2
-1
0
0
0
1
0
0
-1
-1
-1
-1
0
-1
-1
0
-1
-1
1
0
-1
-1
-2
-2
-2
-1
-1
0
-2
1
1
1
0
0
2
0
-1
-1
-1
0
0
0
1
1
0
1
3
2
0
0
-1
-1
1
0
-1
0
-1
-1
0
-2
0
0
0
0
0
1
0
1
0
0
0
0
0
0
-3
-2
-1
0
0
0
0
1
1
2
1
1
1
0
-1
1
0
-1
-1
-1
-2
0
0
1
0
2
2
1
3
2
2
1
0
0
1
0
2
1
1
2
0
1
3
4
3
1
1
0
1
0
0
0
0
1
2
1
-1
0
0
0
-1
1
1
0
0
0
0
0
-1
0
0
0
0
1
-1
-2
-2
-2
-3
-4
-3
-2
-2
-3
1
2
1
-1
-1
0
-1
-2
-3
-3
-1
-2
-2
-1
-1
-1
-1
-2
-2
-2
0
0
0
0
-1
0
0
0
0
0
0
1
1
2
1
1
1
1
0
-1
0
-1
-2
-1
1
-1
0
1
2
2
0
1
1
1
1
0
1
0
1
1
1
-1
-1
0
0
0
1
2
2
3
1
1
2
1
0
-1
-1
-3
-2
-2
-3
0
0
0
1
0
1
2
1
1
2
2
-1
0
-2
-1
-2
0
-1
0
-1
2
2
1
1
0
1
-1
1
-1
-1
0
0
1
2
2
0
1
3
1
1
2
0
1
1
1
0
0
0
0
0
0
0
1
-1
-1
-1
0
0
0
-1
-1
-1
-2
0
-1
2
1
0
0
0
0
-1
-1
-1
-3
-2
-2
0
2
0
0
1
2
2
0
1
-2
-3
-3
-4
-3
-2
-1
-1
1
0
0
-1
-1
0
0
0
-2
-2
-2
0
1
1
0
-1
1
1
0
-1
-1
-1
0
1
0
2
0
1
1
1
0
-1
1
1
2
1
1
0
-1
-2
0
1
1
-1
0
0
-1
0
2
2
0
0
1
1
1
3
1
0
0
-1
-1
-1
-1
0
0
0
1
2
1
3
1
1
1
-1
0
-2
-3
-2
-1
-1
2
1
2
2
1
1
2
1
2
0
-1
-1
-2
0
-2
0
1
0
-1
-1
1
1
2
1
1
2
1
1
0
1
1
1
-2
-2
-1
-2
-2
-2
-1
1
-2
0
-1
-2
-1
-1
-1
-1
0
1
1
1
1
1
2
1
1
1
1
1
0
-1
-3
-3
-2
-1
-1
-1
-2
-1
-1
-1
-1
-1
-2
-1
-1
-1
1
-1
-2
-2
-2
-1
-2
-2
-2
-1
0
0
1
0
0
0
-1
-1
-2
-3
-2
-1
0
-1
-1
1
0
1
2
2
1
2
2
0
1
0
0
0
1
-2
-2
-2
0
0
1
1
1
2
3
3
2
2
2
2
2
-1
0
-1
-2
-1
0
0
-2
1
1
1
2
2
1
1
1
0
0
1
0
1
1
1
1
1
2
1
-1
1
0
0
0
1
1
1
3
3
2
1
1
0
0
0
0
-1
-2
-1
1
2
0
3
2
1
0
1
0
1
2
-2
-1
-1
-2
0
-1
0
0
1
1
1
2
2
1
0
-2
-2
-2
-1
-1
-2
0
-1
0
0
-1
1
1
0
0
0
-1
-1
0
-2
-2
1
0
1
0
-2
-1
-2
0
0
0
0
-2
-1
-1
-3
-1
-2
-1
0
0
-1
-1
-1
0
0
-2
-1
0
2
1
0
1
0
-1
-2
0
0
-1
-2
-1
0
0
-1
-1
-1
-2
0
1
1
2
1
1
0
0
1
0
-1
-1
-1
-1
-1
-1
1
0
0
0
1
1
1
3
2
3
3
0
2
-1
-1
-2
-1
-1
-1
0
0
0
0
1
1
2
1
1
1
-1
1
1
0
-1
2
1
0
0
-1
-1
-1
0
0
-1
-1
1
2
3
1
2
1
1
2
2
1
1
-1
-1
-1
-1
0
2
1
-1
-2
0
0
0
1
0
-1
0
1
0
1
-1
-1
0
-2
-1
-2
0
1
1
1
0
2
0
-1
-1
0
-1
0
-1
-1
-1
0
1
0
0
-1
-1
-1
-1
0
0
0
-1
0
0
0
-1
0
1
1
0
0
-1
1
1
0
0
-1
0
0
0
-1
-1
0
0
1
0
-1
-2
-1
0
-2
-1
1
