SAMPLES:	18423
BITSPERSAMPLE:	16
CHANNELS:	1
SAMPLERATE:	16000
NORMALIZED:	FALSE
0
1
-1
0
1
-1
-1
-1
-1
-1
0
-1
-2
0
0
-2
-1
-1
0
0
0
2
0
0
1
1
0
0
0
0
1
0
0
0
0
1
0
1
0
0
0
1
0
-1
-2
-1
-1
0
0
0
-2
0
1
0
0
-1
0
-1
0
1
1
-1
0
-1
1
1
1
2
1
0
1
0
-1
-1
-2
-2
-1
0
0
0
-1
1
-1
1
0
-1
-1
0
1
0
0
1
2
0
0
0
1
-1
-1
0
-2
0
0
-1
0
0
-1
1
1
1
-1
1
1
0
0
0
-1
-1
-1
0
1
1
-1
0
1
-1
0
0
0
-1
-2
-1
-1
1
-1
-1
0
-1
0
0
0
0
1
1
2
1
1
2
2
1
1
1
1
1
1
-1
1
-1
0
0
-1
-1
-2
-1
0
0
1
1
0
-1
0
-1
0
-1
-1
0
0
-2
0
-1
0
1
-1
-1
1
0
0
1
1
0
1
0
0
-1
-1
0
0
1
-1
1
1
2
1
0
0
-1
-1
-1
-1
1
0
-1
1
0
0
1
0
0
1
1
0
0
-1
-1
0
1
1
-1
1
1
1
0
-1
0
0
0
0
1
0
-1
0
-1
-1
-1
-1
0
0
-1
0
0
0
1
1
0
-1
-1
-1
-1
0
0
0
1
-1
0
-1
-2
-1
0
-1
0
1
0
1
0
1
1
2
2
-1
0
-1
-1
-1
-1
1
0
1
1
0
1
-1
-1
1
-1
0
0
-2
-1
-1
1
0
-1
0
0
0
0
1
-1
1
1
0
-1
0
0
0
1
0
0
0
0
-1
0
0
1
0
1
1
2
1
0
0
0
0
-1
-1
0
-1
0
0
2
1
0
0
0
1
0
0
-1
-1
-1
0
0
-1
-1
-1
-1
2
2
1
0
-1
-1
0
0
1
1
0
-1
-1
0
0
2
1
0
0
0
0
0
-1
-1
0
-1
0
1
1
1
1
1
0
0
-1
-1
1
0
-1
-1
-1
-1
0
-1
-1
0
0
2
0
-1
1
-1
0
0
0
0
0
1
-1
-1
1
1
1
2
2
1
1
0
0
1
0
-1
0
0
2
0
-1
-1
-2
0
0
0
-1
-1
-1
0
-1
-1
0
0
0
0
0
1
2
1
1
1
1
1
-1
-1
0
0
-2
-2
-3
0
-1
0
0
-1
-1
0
-1
0
0
0
1
1
0
0
0
0
1
0
1
0
-1
0
1
1
1
2
0
-1
-1
0
0
-1
0
0
-1
-1
0
-1
-1
-1
-1
1
0
1
1
1
0
0
0
0
0
0
0
-1
0
0
1
1
1
2
1
0
1
1
1
0
-1
-1
-1
-1
-1
-2
0
1
0
0
0
0
-1
0
0
0
0
0
1
1
1
1
-1
0
-1
1
1
0
1
-1
-2
0
-1
-1
-1
-1
0
0
2
0
2
2
1
1
1
0
0
-1
0
0
1
0
0
1
1
0
0
-2
-1
-1
-2
-1
0
-1
-1
0
0
1
-1
0
0
0
0
0
0
-1
1
0
-1
0
0
1
1
1
0
0
0
0
1
0
0
-1
1
-1
-1
-1
-1
0
-1
0
1
0
0
1
1
0
0
0
1
0
-2
-1
-2
-2
-1
-1
1
-1
-1
0
0
1
0
0
1
1
1
1
1
1
1
0
0
-1
0
-1
-1
0
1
1
1
-1
1
0
0
0
0
-1
0
0
0
0
-1
-2
1
0
0
0
1
-1
0
1
-1
-1
-1
0
0
1
0
0
0
0
-1
1
0
0
-1
-2
-1
-1
0
0
0
0
0
-1
-1
0
-1
-3
-1
0
-1
0
0
0
1
2
0
1
0
0
2
1
1
1
0
1
-1
-1
0
1
1
0
-1
1
1
-1
-1
-1
0
1
-1
0
-1
0
0
0
-1
-2
-2
0
-1
0
1
0
0
1
1
1
1
-1
1
1
0
0
-1
0
-1
-1
0
1
0
0
-1
-1
0
0
0
0
0
1
0
1
1
0
1
1
0
2
0
-1
0
-1
-1
1
0
2
1
-1
1
-1
0
0
0
0
-1
-1
-1
-1
0
0
-1
0
0
1
0
0
2
1
-1
0
-1
-1
-1
-1
-1
0
0
0
1
0
1
2
0
2
1
0
1
0
-1
1
2
1
1
1
-1
0
1
0
0
-1
0
0
-1
-1
-1
-1
-1
1
1
1
1
1
0
0
-1
-1
0
-1
0
0
-1
1
-1
-1
-1
-1
0
-2
0
1
-1
-1
0
1
1
0
2
1
0
0
1
1
0
2
-1
0
0
0
0
-1
0
0
0
0
0
2
0
0
-1
-1
0
1
0
1
0
-2
1
-1
0
-1
0
-1
0
0
-1
-1
0
0
0
0
0
1
1
0
1
1
0
-1
0
1
1
-1
-1
0
0
2
1
1
0
0
-1
-3
-1
0
0
0
0
-1
0
-1
-1
0
1
0
0
0
1
2
0
1
0
1
0
0
0
1
1
0
-1
-1
-1
0
2
2
0
1
0
0
0
-1
-1
-1
0
1
1
2
1
0
1
0
0
0
0
0
1
2
1
2
0
0
0
-1
0
-1
-1
-1
1
-1
0
-1
0
0
-1
0
0
1
-1
0
0
-1
-1
-1
0
-1
0
1
-1
0
0
1
0
-1
1
-1
-1
-1
0
0
0
1
-2
0
-1
0
0
-1
-1
1
1
0
0
1
0
1
0
-1
0
1
1
1
1
-1
1
2
1
0
0
0
0
-1
0
-1
-2
-1
-1
-1
0
0
0
-1
0
0
1
1
0
0
0
0
1
0
0
0
1
0
1
-1
0
-1
0
-1
0
0
-1
0
-1
0
0
0
1
1
0
-1
0
1
1
1
3
0
0
0
0
0
-1
-1
-1
1
0
-1
-1
1
0
0
1
1
1
-1
0
-1
0
0
0
-1
0
0
-1
0
0
0
0
-1
-2
-1
0
0
0
0
1
1
2
2
2
1
1
2
1
0
1
1
1
-1
-1
-1
0
0
0
0
1
2
0
0
1
0
0
-1
-1
-1
-1
-2
1
0
1
1
1
1
-1
-2
0
0
0
-1
1
0
1
1
1
1
0
0
-1
0
-1
-1
-1
0
0
1
2
1
1
1
2
1
0
1
0
1
0
0
-1
0
-1
0
-1
-1
-1
0
1
2
2
1
0
0
0
-1
-1
0
0
-1
0
-1
1
0
-1
0
-1
2
1
1
0
0
0
0
1
1
1
1
0
-1
2
0
1
0
1
1
-1
2
0
-1
1
0
-1
1
1
0
0
0
-1
1
0
0
-1
0
-1
-1
-1
-1
-1
0
0
0
1
0
0
1
1
1
1
0
2
2
2
1
0
-1
1
1
0
-1
1
1
0
0
-2
-1
-2
-3
-2
-1
0
0
1
1
0
-1
0
0
0
0
-1
-1
1
-1
0
0
1
0
0
1
1
0
-1
-1
-1
0
-1
-1
0
0
-1
0
0
0
0
1
-1
0
0
0
0
0
1
0
-1
-1
0
-1
-1
0
-1
0
0
0
0
1
1
1
-1
-1
0
0
0
0
0
-1
0
0
1
0
0
0
0
0
0
-1
0
0
-1
-2
-1
-1
0
1
0
0
1
1
0
-1
0
-1
-1
1
-1
1
1
0
0
0
-1
0
1
1
0
-1
2
0
0
1
0
0
0
0
-1
0
0
1
1
0
2
2
1
0
0
-1
-1
-1
0
0
-1
0
0
0
-1
1
-1
-1
0
0
1
1
0
0
1
0
0
-1
-2
-2
0
-1
1
2
1
2
1
0
1
0
-1
1
0
1
0
0
0
1
-1
1
1
0
0
0
-1
-1
0
-1
0
0
0
-1
-1
0
-1
-1
-1
0
0
-1
0
-1
1
1
0
0
-1
1
1
0
1
0
1
-1
0
0
0
0
0
0
-1
-1
-1
-1
-1
1
0
0
1
1
0
0
0
0
-1
0
0
0
1
0
0
-1
-2
-1
0
-2
-1
-1
0
1
0
1
2
2
1
0
0
0
-1
-1
-1
-1
0
0
-1
0
0
0
1
0
1
-1
-2
0
0
0
1
0
1
1
1
0
1
0
2
2
0
0
0
-1
-2
0
0
1
1
0
0
-1
0
-1
0
1
-1
1
0
1
0
0
1
1
0
0
-1
-1
-1
0
0
-1
0
1
1
0
2
0
1
0
-1
0
0
0
-1
0
0
-1
1
1
1
2
-1
0
1
1
1
1
2
0
1
1
2
-1
-1
-1
-1
-1
0
0
0
0
0
-1
-2
0
-1
-1
0
-1
0
0
-1
-1
0
0
0
0
-1
0
0
-1
-1
-1
0
1
1
0
1
0
1
-2
2
-1
0
-2
-1
0
0
-1
-1
1
-1
1
1
2
1
1
2
1
1
0
0
1
1
2
1
0
0
-1
1
1
2
0
0
0
0
0
0
-1
0
0
-1
0
0
-1
0
0
0
-2
-1
-2
-1
-2
-3
-1
-1
-2
-2
0
-2
-1
-1
-3
-1
-1
-1
0
0
1
1
1
0
1
0
2
-1
0
2
1
2
2
1
0
2
1
2
3
3
1
2
0
2
0
2
2
2
2
0
1
0
0
0
0
0
0
-1
0
0
-1
-1
-2
-2
-4
-2
-3
-2
-3
-3
-2
-3
-3
-3
-3
-2
-2
-2
-2
-1
-1
-1
-1
-2
0
-1
1
1
2
2
2
2
3
4
4
3
4
4
3
3
2
3
3
4
2
4
3
2
3
4
2
1
1
1
0
-1
-3
-4
-6
-9
-9
-9
-12
-14
-13
-15
-16
-14
-16
-16
-15
-13
-9
-3
-4
-9
-9
-3
5
12
10
1
-1
4
11
14
11
6
-1
4
12
20
17
10
0
0
15
20
25
9
-2
-8
-2
-4
5
3
-13
-16
-12
-9
-15
-4
-12
-13
-19
-12
-10
-9
-13
-12
-4
-8
1
4
17
23
28
13
11
19
30
44
35
28
21
37
37
43
33
27
19
18
17
16
5
-6
-2
-12
-11
-7
-11
-41
-54
-51
-20
-4
-34
-93
-114
-94
-56
-25
-44
-93
-123
-101
-52
-9
-8
-37
-59
-34
11
46
67
52
38
55
96
119
165
174
152
145
183
212
243
242
195
186
212
230
201
165
131
119
90
48
10
-48
-118
-162
-180
-210
-236
-282
-329
-348
-379
-378
-365
-349
-375
-338
-346
-356
-341
-309
-275
-250
-220
-240
-183
-148
-69
-55
-86
-90
-50
28
48
102
66
52
17
123
262
280
269
241
214
256
501
546
465
454
456
464
573
635
586
610
581
476
518
611
616
555
511
415
350
378
410
367
244
189
120
1
-104
-156
-219
-346
-466
-619
-664
-721
-813
-946
-995
-1018
-1059
-1129
-1215
-1205
-1142
-1071
-1116
-1191
-1125
-920
-901
-953
-864
-699
-705
-389
-59
14
-162
-47
-198
41
1024
1411
602
155
644
681
1302
2019
1732
633
673
1012
1449
1964
1612
946
751
807
580
1214
1344
732
343
396
205
295
740
605
342
84
-63
66
436
402
213
177
-20
-193
-138
-86
-195
-357
-565
-794
-944
-1056
-1076
-1161
-1406
-1640
-1759
-1867
-1834
-1894
-2033
-2100
-1938
-1998
-2008
-1767
-1637
-1633
-1468
-1028
-1381
-872
468
706
-625
81
1273
692
1307
2856
2036
608
2053
2313
2148
2991
2792
1365
1939
2167
1197
2185
2222
671
511
1212
-149
-1
837
-10
-435
-24
-661
-856
221
-135
-249
320
9
-364
486
714
523
963
685
302
600
632
288
446
185
-405
-451
-715
-1144
-1169
-1325
-1868
-2078
-2363
-2768
-2723
-2674
-3008
-3089
-2958
-2973
-2924
-2714
-2498
-2307
-1998
-1694
-1228
-924
94
901
603
167
1399
2278
2252
3175
3467
2370
2131
3551
3577
3646
3571
2656
1997
2520
2273
1843
2181
1129
150
187
154
-631
-173
-190
-881
-1146
-1217
-1151
-551
-72
-320
-50
-98
-149
451
1151
1113
1032
973
762
934
991
808
647
344
-174
-466
-777
-1243
-1360
-1580
-2131
-2710
-3047
-3300
-3300
-3381
-3562
-3613
-3655
-3649
-3413
-2966
-2864
-2552
-2162
-1677
-1120
19
652
443
542
1410
2298
2812
3539
3362
2820
2888
3762
4079
4051
3706
2974
2653
2661
2575
2263
2117
1262
482
168
-19
-346
-431
-631
-941
-1128
-1438
-1382
-836
-488
-429
-162
-155
-121
369
898
1038
1220
1123
1004
1072
1078
898
867
647
120
-246
-679
-1098
-1357
-1574
-2080
-2568
-3010
-3408
-3547
-3614
-3693
-3754
-3841
-3901
-3706
-3327
-3153
-2681
-2213
-2003
-1503
-242
570
464
806
1471
2049
2619
3515
3616
3284
3233
3624
4127
4255
4001
3466
3174
2761
2683
2637
2296
1487
880
416
-6
-290
-481
-708
-1055
-1202
-1318
-1392
-1422
-985
-697
-539
-335
-77
-41
289
846
1024
1090
1105
1091
1052
1154
940
716
511
183
-214
-621
-1087
-1458
-1694
-2110
-2572
-3024
-3359
-3527
-3673
-3887
-3954
-3915
-3904
-3750
-3525
-3328
-3076
-2603
-2107
-1633
-617
669
728
47
778
2217
2737
3334
3965
3350
2761
3547
4404
4796
4675
3704
3129
3336
3195
2940
3054
2145
996
746
429
-42
-32
-243
-1016
-1144
-1350
-1539
-1259
-953
-1026
-837
-417
-456
-117
145
476
734
1128
1067
1085
1232
1102
1072
953
795
363
117
-437
-876
-1121
-1423
-1952
-2576
-3051
-3411
-3634
-3831
-4141
-4270
-4363
-4113
-4058
-4025
-4034
-3762
-3283
-2439
-867
-148
-454
-950
151
1380
2687
3629
3670
2724
2568
3804
4920
5526
4924
4171
3656
3813
3741
3998
3675
2610
1712
1173
662
386
519
-133
-873
-1542
-1726
-1496
-1198
-1418
-1482
-1203
-1219
-842
-315
-7
89
395
599
931
1296
1228
1195
1174
972
834
895
403
-263
-645
-1013
-1417
-1678
-2219
-2882
-3293
-3779
-4124
-4235
-4319
-4597
-4468
-4311
-4302
-4099
-4051
-3932
-3546
-1946
-301
7
-974
-883
661
1776
3178
4121
3649
2374
3028
4422
5527
5922
5092
4220
3944
4140
4192
4607
3821
2621
1881
1364
850
845
789
-12
-798
-1553
-1692
-1280
-904
-1074
-1295
-1370
-1233
-718
-163
165
301
316
510
860
1213
1260
1278
1055
789
641
527
272
-211
-683
-1306
-1674
-1969
-2310
-2799
-3333
-3831
-4247
-4283
-4434
-4637
-4393
-4332
-4418
-4368
-3765
-3907
-3472
-2566
-1707
-377
366
-127
-763
1035
2101
3175
4124
3796
2485
2858
4495
5282
6061
5029
3870
3671
4259
4085
4316
3866
2302
1568
1266
1020
800
734
-319
-1001
-1439
-1554
-1020
-614
-1033
-1512
-1210
-962
-409
114
271
223
314
636
1070
1423
1210
1029
853
689
701
491
-73
-688
-996
-1498
-1776
-2242
-2893
-3457
-3876
-4350
-4654
-4602
-4936
-5299
-5321
-5145
-4855
-4736
-4605
-5137
-3916
-1793
-368
-994
-1100
-457
126
2431
4107
4607
3073
3351
3826
5808
7004
6803
6158
5408
5376
5214
6357
5526
4805
3451
2581
1648
1564
1432
452
-343
-1587
-1888
-2155
-1713
-1927
-1941
-2128
-2043
-1682
-1192
-616
-370
109
316
717
1078
1490
1540
1550
1482
1374
1254
921
533
119
-422
-1083
-1457
-1981
-2735
-3444
-4063
-4620
-5089
-5268
-5621
-6140
-6564
-6241
-5825
-5830
-5746
-5889
-5586
-3513
-938
-794
-1856
-1261
-355
1368
3984
5325
3958
3065
3947
5523
7745
8113
7230
6228
6198
5934
6874
7275
5942
4464
3357
2458
1757
2108
1313
130
-1546
-2359
-2501
-1981
-2112
-2400
-2464
-2819
-2534
-1849
-963
-799
-223
-112
160
498
1165
1540
1668
1397
1093
1179
1006
814
435
-19
-811
-1202
-1730
-2408
-3036
-3618
-4391
-4965
-5298
-5645
-6119
-6388
-6421
-6051
-6017
-6217
-6386
-5803
-3375
-957
-972
-2754
-1981
-238
1681
4094
5470
3663
2259
4166
6467
8322
8458
7403
6167
6552
6827
7566
7950
6411
4529
3591
3284
2544
2538
1293
-121
-1458
-2017
-2297
-2221
-2313
-3059
-3023
-3088
-2581
-2425
-1649
-1363
-1018
-681
-384
108
516
1062
869
977
831
878
730
628
312
-195
-608
-1180
-1669
-2248
-2711
-3560
-4279
-4731
-5071
-5629
-5968
-6027
-6157
-6247
-6330
-6500
-6383
-4197
-1680
-1775
-3377
-2608
-658
838
3307
4751
3442
2365
4172
6345
8159
8708
7525
6780
7161
7392
7788
8446
6956
5281
4734
3862
2737
2667
2160
453
-724
-1883
-2327
-2276
-2333
-2973
-3096
-3355
-3615
-2756
-2103
-1771
-1661
-1159
-1003
-352
193
598
801
769
775
814
768
456
383
75
-423
-1100
-1542
-2067
-2584
-3342
-4014
-4560
-4965
-5536
-5953
-5907
-6114
-6431
-6441
-6503
-6407
-3879
-1720
-2719
-4065
-2207
-593
686
3470
4332
2553
2209
4764
6574
8350
8354
7176
6793
7406
7522
8204
8521
6652
5432
4928
3894
3044
3182
2133
679
-554
-1532
-2049
-1981
-2238
-2468
-2885
-3588
-3550
-2834
-2227
-1823
-1476
-1566
-1294
-783
26
528
761
502
568
585
423
503
453
39
-695
-1101
-1665
-2065
-2575
-3166
-3886
-4454
-4960
-5595
-5664
-5822
-6032
-6493
-6475
-6892
-5811
-3129
-2116
-3423
-3925
-1965
-886
1514
3746
3836
1961
2589
4955
7117
8776
7970
7160
6812
7526
7761
9160
8272
6495
5631
4829
3732
3476
3554
1726
644
-914
-1800
-2093
-1976
-2532
-2618
-3062
-4107
-3666
-2947
-2500
-2023
-1495
-1820
-1603
-880
-165
565
729
384
420
557
338
577
699
-112
-657
-1087
-1649
-2114
-2316
-3123
-3900
-4313
-5105
-5616
-5734
-5766
-6216
-6448
-6652
-6827
-6111
-3384
-1837
-3027
-4163
-2128
-516
1243
3992
4416
2416
2296
5221
7296
9134
8567
7344
6962
7756
8160
9209
8957
6768
5625
4922
4029
3570
3613
1907
418
-1065
-2104
-2368
-2101
-2622
-3181
-3481
-4127
-3864
-3276
-2607
-2173
-1765
-1855
-1618
-925
-173
475
638
474
419
398
497
678
517
-136
-727
-1227
-1603
-1850
-2500
-3345
-3993
-4512
-5238
-5641
-5838
-6111
-6455
-6838
-6893
-7026
-5441
-3008
-2181
-3873
-3904
-1556
-127
2207
4251
3972
1900
3277
5933
8078
9200
8238
7173
7113
8033
8375
9646
8424
6202
5341
5000
4003
3362
3263
1334
41
-1234
-1990
-2454
-2406
-2645
-2927
-3149
-4088
-3624
-2835
-1935
-1699
-1379
-1564
-1361
-472
327
825
472
370
289
411
359
361
-59
-744
-1249
-1695
-1945
-2428
-3341
-3983
-4319
-4902
-5680
-5825
-6097
-6527
-6779
-6727
-7034
-6412
-3616
-2397
-3477
-4412
-1940
-539
1132
3532
4043
2460
2565
5510
7081
8713
8249
7543
7154
7807
8032
8918
9075
6645
5721
5290
4512
3268
3334
2047
312
-532
-1582
-2062
-2669
-2727
-2907
-2544
-3423
-3893
-3057
-2347
-1563
-1156
-937
-1465
-777
103
1012
1110
610
486
428
564
432
458
-341
-1152
-1681
-2082
-2297
-3116
-4005
-4532
-4941
-5709
-6203
-6056
-6670
-7034
-7124
-6858
-7268
-5002
-2577
-2856
-4501
-3205
-596
105
2919
4220
3394
2016
4771
6842
8304
8951
7901
7490
7671
8432
8506
9573
7586
5899
5571
4977
3625
3174
2649
559
-339
-1378
-2031
-2612
-2968
-3337
-2998
-3005
-3908
-3513
-2865
-2135
-1505
-835
-988
-1105
-304
613
1542
1255
906
714
726
808
917
654
-495
-1252
-1830
-2118
-2537
-3429
-4355
-5042
-5511
-6227
-6345
-6585
-7084
-7426
-7415
-7214
-7089
-4368
-2775
-3237
-4601
-2377
-483
735
3571
4335
3134
2450
5751
7227
9091
9081
8091
7578
8223
8779
9142
9694
7056
5880
5463
4772
3319
3127
1841
-53
-777
-1847
-2445
-3125
-3410
-3631
-3153
-3560
-3996
-3399
-2946
-2103
-1264
-718
-950
-646
183
1128
1989
1694
1504
1233
1214
1248
1435
844
-319
-1045
-1868
-2336
-2808
-3682
-4832
-5528
-6124
-6864
-6923
-7162
-7532
-7862
-7997
-7586
-7359
-4714
-2941
-2785
-4541
-2572
-223
1152
3851
4936
3938
2642
6021
7724
9840
9750
8579
7695
8535
9124
9262
9926
7262
5663
4985
4698
2920
2618
1360
-428
-1383
-2442
-3075
-3800
-3708
-3954
-3393
-3792
-4343
-3868
-2930
-1723
-1177
-752
-983
-572
432
1703
2439
1989
1795
1592
1724
1668
1743
1067
37
-793
-1594
-2255
-2932
-3693
-4734
-5667
-6416
-7009
-7095
-7386
-7632
-8190
-8400
-7779
-7414
-4693
-2901
-3005
-4995
-2444
37
1259
3963
5040
3757
2780
6533
8032
10055
9907
8689
7850
8809
9188
9480
10049
7073
5721
5082
4490
2702
2767
1139
-650
-1468
-2799
-3387
-3925
-3790
-4185
-3447
-4200
-4638
-3891
-2905
-1787
-1200
-894
-1284
-502
529
1771
2324
1947
1743
1630
1761
1701
1778
971
121
-633
-1406
-2153
-2968
-3730
-4638
-5424
-6407
-6946
-7199
-7397
-7646
-8069
-8377
-7585
-7232
-4936
-2859
-2919
-4562
-2383
447
1063
3949
5087
3953
3036
6596
8140
9564
9997
8532
8017
8640
9249
9246
9841
7022
5504
5136
4576
3082
2596
1085
-764
-1429
-2626
-2932
-3677
-4063
-4380
-3683
-4145
-4375
-3683
-3107
-2117
-1395
-1038
-1069
-399
546
1486
2051
1718
1727
1864
1872
1737
1614
999
206
-255
-989
-1894
-2792
-3589
-4491
-5205
-6016
-6694
-7341
-7575
-7822
-7801
-8159
-7622
-7610
-6616
-3758
-2147
-3110
-3705
-636
471
2800
5106
5500
3484
4501
7360
8884
10595
9403
8378
7960
9248
9039
9861
8518
6071
5050
4600
3838
2684
1972
-439
-1241
-2410
-2927
-3453
-3706
-4341
-4455
-3979
-4218
-3634
-3317
-2444
-1706
-1139
-945
-353
672
1201
1735
1750
1754
1964
2154
2003
1483
991
409
2
-563
-1511
-2533
-3476
-4245
-5052
-5719
-6309
-7051
-7767
-7887
-7751
-7826
-8046
-7434
-7617
-5529
-2692
-1842
-3682
-2769
139
1254
4121
5706
4977
3106
5711
8001
9786
10361
8843
8016
8582
9363
9116
9609
7456
5460
4825
4579
3211
2456
1149
-795
-1673
-2630
-3025
-3486
-3771
-4473
-4139
-3838
-4012
-3469
-2901
-2050
-1652
-1039
-634
77
923
1216
1636
1538
1814
2000
2098
1650
1097
706
114
-267
-1053
-2008
-2994
-3830
-4751
-5444
-5931
-6654
-7544
-7631
-7671
-7866
-8316
-7637
-7698
-6546
-3294
-1943
-3580
-3919
-494
665
3061
5508
5214
3014
4646
7646
9131
10685
9316
8090
8340
9539
9159
9893
8469
5885
5105
4831
3953
2967
2080
-511
-1325
-2355
-2795
-3053
-3553
-4499
-4802
-4027
-4278
-3529
-3368
-2761
-2300
-1709
-952
-348
555
547
1225
1203
1580
1881
1956
1653
1137
897
231
89
-780
-1551
-2526
-3176
-4283
-4938
-5513
-6196
-6958
-7192
-7262
-7618
-8091
-7804
-7340
-6746
-3747
-2278
-3337
-4533
-1064
470
2310
4859
5081
3102
3873
7404
8670
10627
9450
8207
8092
9646
9378
9962
9020
6286
5403
5164
4461
3202
2586
-54
-1045
-2059
-2590
-2965
-3424
-4360
-4809
-4173
-4508
-3867
-3629
-3133
-2564
-2022
-1418
-740
158
339
991
1164
1268
1744
1899
1635
1257
1016
324
84
-582
-1392
-2281
-2921
-4012
-4810
-5377
-6115
-6684
-7067
-7288
-7706
-8091
-7792
-7264
-6773
-4215
-2558
-3280
-4515
-1182
492
1936
4411
5159
3337
3772
7331
8557
10323
9456
8407
8100
9580
9314
9846
9131
6450
5522
5197
4359
3095
3002
390
-1113
-2042
-2545
-2942
-3234
-3952
-4705
-4143
-4501
-4018
-3545
-2998
-2557
-2083
-1484
-1095
-101
315
967
1121
1114
1499
1658
1603
1267
1103
324
-89
-640
-1338
-2084
-2791
-3789
-4707
-5171
-5880
-6483
-6792
-7112
-7544
-8024
-7484
-7198
-6795
-4384
-2655
-3357
-4490
-1284
201
1674
4009
5063
3286
3704
6938
8439
10127
9271
8429
8107
9588
9309
10106
9254
6644
5599
5471
4983
3534
3147
485
-721
-1753
-2124
-2614
-3332
-4202
-4806
-4034
-4506
-4108
-3978
-3453
-2898
-2297
-1737
-1482
-607
-158
680
800
813
1226
1435
1351
1118
989
239
-99
-473
-1162
-1987
-2701
-3576
-4407
-4788
-5401
-6079
-6717
-6961
-7217
-7471
-7410
-6814
-7033
-5183
-2839
-2524
-4214
-2400
76
883
3531
5166
4226
3124
6083
8021
9891
10031
8709
8144
9272
9680
9920
10186
7593
5887
5701
5717
4047
3359
1388
-226
-1091
-1829
-2422
-3396
-4060
-4757
-4114
-4425
-4648
-4608
-4097
-3261
-2713
-2329
-2175
-1535
-704
190
606
431
727
1069
1188
1241
1042
507
29
-145
-742
-1467
-2244
-3051
-3815
-4327
-4935
-5668
-6347
-6778
-7011
-7194
-7480
-6958
-7193
-6111
-3622
-2451
-3893
-3710
-652
267
2422
4545
4774
2975
4824
7528
9210
10214
9111
8459
8887
9917
9771
10594
8849
6608
6096
5958
4361
3454
2813
577
-738
-1738
-2562
-3302
-3562
-4147
-4458
-4598
-5253
-4924
-4074
-3360
-2978
-2901
-2677
-2158
-628
116
469
232
378
954
1273
1526
1050
678
-9
47
-321
-1118
-1976
-2750
-3450
-4153
-4488
-5291
-6012
-6578
-6732
-6960
-7216
-6821
-6926
-6633
-4157
-2413
-3254
-4051
-1195
-75
1310
4006
5004
3272
3726
6777
8207
9891
9336
8540
8311
9475
9468
10403
9677
7087
6087
5796
4770
3755
3711
1259
-578
-1630
-2346
-2880
-3192
-3849
-4751
-4800
-5327
-4979
-4173
-3713
-3345
-3315
-2962
-2440
-857
-76
226
90
132
967
1357
1642
1220
920
216
257
100
-738
-1549
-2324
-3060
-3841
-4183
-5008
-5782
-6291
-6627
-6930
-7225
-6964
-7252
-6862
-4294
-2681
-3568
-4482
-1643
-569
1079
3860
4869
2945
3401
6603
8116
10053
9463
8651
8185
9579
9633
10710
10017
7340
6224
5873
5147
4081
3978
1365
-402
-1651
-2365
-2822
-3192
-4057
-4999
-4957
-5593
-5271
-4559
-4006
-3684
-3541
-3250
-2669
-1210
-303
223
97
65
866
1419
1659
1471
1240
524
352
182
-521
-1185
-1966
-2800
-3615
-4100
-4920
-5602
-6007
-6536
-6952
-7285
-7005
-7319
-6435
-3980
-3080
-4246
-4341
-1394
-545
1475
3807
4115
2552
3963
6966
8369
9911
9052
8553
8508
9766
9848
10707
9564
7160
6329
5811
5113
4106
3541
992
-529
-1847
-2527
-2900
-3375
-4192
-5080
-5164
-5671
-5190
-4577
-3894
-3679
-3591
-3208
-2500
-1164
-214
355
133
286
967
1373
1677
1613
1295
468
172
-61
-599
-1268
-2331
-3049
-3830
-4355
-5213
-5635
-6242
-6894
-7221
-7136
-7007
-7186
-4959
-3427
-3898
-5016
-2486
-605
327
2883
3984
3010
2808
6126
7753
9287
9263
8572
8424
9139
9736
10063
10213
7874
6620
5981
5276
4326
3833
2101
4
-1122
-2265
-2677
-3110
-3574
-4433
-4786
-5306
-5267
-4550
-4028
-3436
-3346
-3059
-2824
-1848
-720
249
514
189
629
925
1351
1543
1592
837
4
-299
-562
-878
-1885
-2881
-3661
-4129
-4995
-5460
-5835
-6531
-7335
-7319
-6835
-7429
-5669
-3736
-3535
-5453
-3557
-1079
-214
2058
3603
3251
2203
5153
7106
8982
9245
8557
8365
9085
9539
9738
10428
8516
7075
6448
5818
4477
4130
2697
764
-492
-1775
-2459
-3009
-3532
-4341
-4282
-4953
-5419
-4845
-4276
-3740
-3389
-2891
-2736
-2159
-1354
-353
585
546
737
926
1132
1354
1646
1457
615
-67
-680
-881
-1274
-2365
-3248
-3970
-4724
-5611
-5760
-6119
-6930
-7465
-7217
-7185
-7034
-4580
-3399
-4394
-5132
-2041
-693
733
3126
3783
2646
3372
6646
8023
9746
8979
8546
8721
9817
9791
10320
9907
7512
6854
6313
5593
4226
3577
1388
-41
-1117
-2191
-2743
-3599
-4396
-4904
-4643
-5443
-5475
-4863
-4395
-3993
-3526
-2875
-2588
-1856
-1159
-153
427
663
1082
1101
1263
1492
1786
1345
640
42
-607
-984
-1701
-2416
-3303
-4160
-5131
-5720
-5966
-6650
-7075
-7319
-7131
-7774
-5762
-3999
-4030
-5386
-3459
-1323
-615
2112
3476
3105
2404
5630
7370
9085
9416
8805
8765
9537
10329
10279
10613
8528
7351
6797
6330
5125
4146
2457
382
-549
-1732
-2256
-3195
-4147
-5041
-5036
-5157
-5516
-4994
-4772
-4292
-4025
-3221
-2588
-1961
-1349
-711
129
380
1176
1404
1355
1296
1645
1622
966
531
-219
-907
-1673
-2242
-3024
-3865
-4841
-5836
-6055
-6629
-7228
-7638
-7203
-7971
-6912
-4449
-3992
-5400
-4686
-1695
-1089
1142
3081
3311
2208
4347
7023
8482
9531
8770
8885
9243
10237
10278
10810
9359
7667
7220
6552
5625
4523
3283
1018
-102
-1430
-2150
-2741
-3697
-4631
-5092
-5120
-5589
-5020
-4710
-4323
-4036
-3592
-2757
-2069
-1299
-862
57
302
971
1686
1763
1597
1637
1857
1389
1017
404
-317
-1213
-2084
-2769
-3409
-4307
-5494
-6073
-6576
-7352
-7943
-7657
-7936
-7896
-5579
-4314
-5356
-6051
-2919
-1376
-45
2204
3144
2101
2911
6308
7968
9514
9126
8812
9012
10263
10535
11026
10538
8385
7505
7062
6212
4998
4227
1924
178
-1017
-2059
-2704
-3358
-4241
-5163
-5361
-5940
-5641
-4950
-4605
-4365
-4111
-3442
-2709
-1614
-1038
-272
168
584
1459
1979
1930
1848
2053
1807
1413
972
312
-487
-1317
-2344
-2907
-3720
-4681
-5732
-6155
-7017
-7727
-7767
-7820
-8169
-6509
-4522
-5104
-6365
-4304
-1800
-945
1482
2969
2220
1940
5209
7565
9063
9527
8823
8733
9837
10789
10968
11054
9135
7716
7313
6644
5319
4629
2871
603
-653
-1748
-2591
-3245
-3941
-5014
-5369
-5934
-6106
-5360
-4758
-4610
-4426
-3853
-3085
-2005
-1193
-529
82
441
1181
2014
2117
1994
2116
2130
1607
1097
585
-15
-738
-1945
-2716
-3572
-4409
-5379
-5822
-6779
-7691
-8036
-7828
-8363
-7093
-4883
-4894
-6565
-5458
-2212
-1398
951
2688
2536
1428
4346
7327
8925
9800
8960
8728
9453
10871
10953
11316
9611
7876
7393
6919
5621
4675
3359
997
-331
-1508
-2371
-3175
-3847
-4874
-5338
-5660
-6247
-5661
-5036
-4615
-4508
-3905
-3206
-2383
-1314
-734
108
414
1105
1730
2065
2058
2028
2267
1714
1128
590
174
-524
-1524
-2418
-3359
-4301
-5135
-5642
-6434
-7420
-8084
-7807
-8354
-6928
-5075
-4935
-6873
-5706
-2466
-1541
828
2252
2155
1017
4235
7122
8820
9492
8731
8671
9489
10829
10905
11431
9592
7933
7636
7456
5828
4820
3600
1287
-77
-1171
-2002
-3093
-3696
-4900
-5219
-5639
-6267
-5876
-5151
-4753
-4808
-3941
-3423
-2584
-1562
-906
-200
261
1095
1586
1912
1872
1804
2195
1879
1372
612
122
-562
-1407
-2072
-2980
-4064
-5092
-5646
-6328
-7196
-7618
-7801
-8467
-6646
-5011
-5156
-7042
-5304
-2877
-1606
1005
2098
1637
894
4409
6820
8913
9191
8487
8529
9614
10718
10975
11373
9264
8062
7721
7500
5988
5136
3395
1317
87
-1138
-1860
-2882
-3527
-4910
-5198
-5831
-6075
-5598
-5086
-4659
-4846
-4145
-3430
-2143
-1404
-916
-412
115
1225
1773
2037
1737
1686
1865
2014
1571
709
42
-783
-1589
-2071
-2711
-3949
-5213
-5892
-6523
-7167
-7555
-7705
-8516
-7370
-5280
-5002
-6741
-5869
-2959
-2009
378
2085
1954
782
3672
6752
8526
9369
8568
8588
9323
10727
10906
11553
9804
8124
7762
7595
6363
5223
3983
1536
315
-956
-1627
-2620
-3261
-4437
-5070
-5444
-6164
-5542
-4893
-4345
-4648
-4210
-3484
-2490
-1308
-792
-308
-132
785
1412
1860
1795
1555
1554
1371
1166
519
-14
-1033
-1826
-2342
-3021
-4126
-5268
-5821
-6704
-7325
-7599
-7651
-8256
-6758
-5039
-5342
-6776
-5178
-2525
-1538
830
2055
1584
1126
4413
7143
8778
9180
8366
8465
9646
10788
10943
11244
9421
7788
7583
7555
6171
4998
3465
1392
56
-1050
-1741
-2607
-3196
-4373
-4849
-5442
-6032
-5348
-4424
-3969
-4392
-4026
-3413
-2251
-1043
-469
-224
-162
536
1238
1800
1770
1340
1123
903
700
252
-583
-1318
-2013
-2590
-3554
-4490
-5371
-6146
-6913
-7374
-7607
-8169
-6541
-5208
-5542
-7133
-5562
-3443
-2127
382
1561
691
235
3669
6212
8079
8418
8002
7867
9139
10467
10795
10948
9159
8228
7774
7704
6530
5579
3977
1983
870
-426
-1291
-2407
-2745
-3725
-4327
-5164
-5612
-5250
-4765
-3960
-3893
-3828
-3708
-2505
-1147
-500
-221
-33
418
990
1684
1954
1708
1122
872
862
507
-334
-1231
-1755
-2405
-3082
-4125
-4965
-6019
-6789
-7285
-7351
-8272
-7451
-5440
-5349
-6925
-6669
-4065
-3102
-459
1322
1031
-393
2013
5415
7566
8649
7822
7576
8300
10264
10930
11405
9702
8084
7827
8021
7264
6046
4834
2605
1265
143
-635
-1790
-2606
-3366
-4210
-4862
-5404
-5000
-4782
-4481
-4118
-3912
-3537
-2771
-1427
-732
-289
-97
476
1282
1747
2034
1948
1746
1320
1275
961
240
-713
-1517
-2141
-2679
-3573
-4790
-5665
-6517
-7129
-7769
-7757
-8634
-7988
-6132
-5577
-6744
-6861
-4254
-3155
-702
1045
1265
154
2118
5455
7566
8980
8220
8055
8584
10667
11302
11594
10159
8589
8174
8020
7536
6321
5084
2603
1345
224
-677
-1787
-2555
-3483
-4478
-4929
-5408
-5114
-4984
-4546
-4322
-3978
-3574
-2705
-1485
-917
-322
-19
755
1359
1827
2019
2027
1969
1697
1528
841
211
-566
-1477
-2306
-2821
-3706
-4988
-6018
-6597
-7329
-7913
-8078
-8486
-8704
-6624
-5170
-6194
-7508
-4803
-2723
-1426
957
1805
724
1144
5209
7473
9005
8635
8301
8572
10263
11262
11460
11006
8697
8012
8034
7735
6120
5049
3070
1148
234
-803
-1753
-2904
-3530
-4349
-4582
-5385
-5762
-5053
-4499
-4005
-3815
-3196
-2963
-1915
-851
-69
527
813
1299
1550
2144
2205
2461
1932
1344
822
432
-423
-1528
-2073
-2858
-3749
-5106
-5822
-6835
-7592
-8087
-8022
-8837
-7606
-5634
-5830
-7817
-6732
-3677
-2628
-171
1224
690
-379
2956
6231
8181
8703
7788
7775
9116
10915
11146
11477
9646
7914
7744
8199
7091
5596
4035
1933
762
-300
-1113
-2289
-3150
-4177
-4528
-4769
-5464
-5325
-4842
-4182
-3960
-3415
-2831
-2143
-1177
-593
209
776
1428
1779
2150
2285
2219
2314
2090
1726
866
129
-849
-1532
-2152
-2843
-4136
-5442
-6400
-7080
-7699
-8055
-8720
-8834
-6698
-5698
-6866
-8011
-5672
-4044
-1905
625
1058
-511
206
4179
6800
8594
8189
7643
7737
9720
11093
11615
10766
8746
7904
7890
7826
6554
5396
3264
1535
324
-591
-1527
-2441
-3178
-4246
-4745
-5323
-5186
-4745
-4150
-3932
-3941
-3391
-2401
-1001
-307
-40
136
893
2031
2712
2739
2443
2202
2051
2196
1983
1002
-120
-1139
-1922
-2535
-3210
-4491
-5815
-6807
-7556
-8191
-8489
-8859
-9519
-7672
-6042
-6264
-8263
-6448
-3929
-2379
51
1390
732
-59
3701
6640
8690
8698
8346
8196
9429
11055
11418
11501
9418
8157
7708
7940
6724
5492
3793
1619
390
-781
-1335
-2438
-3188
-4419
-4761
-5149
-5457
-4780
-4264
-3885
-4082
-3276
-2432
-1092
-206
128
407
838
2051
2873
3154
2549
2282
2250
2236
2039
1275
308
-974
-1933
-2523
-3135
-4275
-5721
-6670
-7578
-8274
-8844
-8840
-9724
-8845
-6531
-5812
-7675
-7881
-4477
-2938
-735
1227
1579
-180
1831
5929
8225
9235
8490
8275
8612
10599
11286
11865
10568
8252
7611
7917
7474
5750
4573
2179
627
-437
-1082
-2002
-3186
-4091
-4695
-4614
-5451
-5150
-4510
-4043
-3849
-3221
-2337
-1765
-665
-86
675
1108
1790
2536
2913
2768
2328
2549
2323
2040
1345
569
-462
-1645
-2296
-2974
-3859
-5457
-6426
-7297
-8118
-8907
-8846
-9414
-9249
-6890
-5909
-7160
-8285
-5056
-3141
-1121
925
1532
8
919
5240
7708
9211
8487
8099
8080
10163
11216
11658
10849
8463
7407
7656
7701
6077
4789
2471
668
-280
-911
-1749
-2966
-3893
-4691
-4610
-5163
-5114
-4362
-4075
-3821
-3307
-2171
-1730
-674
-48
601
1236
1831
2626
2874
2935
2395
2609
2446
2109
1542
679
-253
-1429
-2148
-2890
-3708
-5200
-6535
-7220
-8016
-8878
-9143
-9290
-9684
-7557
-6035
-6797
-8417
-5885
-3336
-1820
683
1521
443
291
4555
7256
8915
8771
8218
8100
9612
11270
11451
11096
8812
7587
7489
7651
6364
5014
2903
754
-150
-847
-1605
-2806
-3597
-4547
-4717
-5056
-5028
-4162
-3843
-3719
-3445
-2260
-1502
-403
331
601
1141
1776
2797
3164
3168
2504
2429
2422
2090
1662
808
-231
-1412
-2254
-2953
-3784
-4920
-6399
-7253
-8029
-8771
-9319
-9176
-9749
-8693
-6471
-5972
-7527
-7159
-3705
-2356
-86
1575
1789
375
2770
6569
8444
9267
8550
8399
8675
10624
11142
11304
9645
7709
7194
7308
6651
5162
3666
1304
-86
-844
-1436
-2496
-3332
-4212
-4640
-4827
-5042
-4412
-3741
-3536
-3367
-2495
-1600
-664
277
664
1059
1690
2414
3137
3240
2738
2376
2560
2277
1734
1146
18
-970
-1980
-2628
-3595
-4438
-5845
-7073
-7684
-8487
-8979
-9326
-9198
-9912
-8130
-6115
-5767
-7347
-5878
-2966
-1726
564
2255
2149
1031
4079
7216
9123
9359
8858
8418
9175
10819
11140
11023
9008
7475
7070
7149
6006
4434
2888
721
-392
-1180
-1845
-2943
-3731
-4374
-4656
-4831
-4931
-4106
-3649
-3349
-2911
-1934
-1286
-422
480
932
1461
1917
2637
3086
2997
2527
2566
2578
1931
1344
555
-402
-1427
-2316
-3262
-4147
-5169
-6633
-7467
-8033
-8693
-9340
-9309
-9567
-9834
-7505
-5451
-5747
-7373
-4892
-2298
-996
1453
3024
2201
1480
5234
8107
9608
9445
8819
8453
9621
11051
11029
10624
8572
7254
6921
6848
5320
3803
2265
320
-644
-1525
-2223
-3390
-3890
-4399
-4506
-4693
-4769
-3931
-3449
-2797
-2358
-1485
-1077
-181
769
1383
1922
2116
2678
2835
2842
2535
2647
2221
1347
708
-22
-914
-2068
-3036
-4013
-4863
-6013
-7293
-7848
-8514
-9141
-9606
-9365
-9907
-8448
-5982
-5362
-7008
-6328
-2789
-1393
908
2610
2781
1194
3724
7424
9276
9674
8736
8406
8794
10691
10832
10778
9143
7412
6699
6733
5936
4107
2802
791
-280
-1303
-1841
-2884
-3581
-3993
-4225
-4157
-4634
-3934
-3303
-2447
-2127
-1489
-968
-439
645
1297
2062
2013
2281
2479
2723
2490
2255
2064
1064
455
-163
-754
-2059
-3124
-4041
-4755
-5669
-6950
-7685
-8510
-8987
-9383
-9009
-9798
-8137
-5867
-5321
-7178
-6143
-2798
-1537
956
2473
2410
623
3603
7130
9098
9258
8326
7906
8447
10426
10716
10623
8677
7124
6569
6867
6079
4418
2742
740
-140
-928
-1415
-2491
-3258
-3900
-4086
-4027
-4212
-3459
-3022
-2489
-2282
-1552
-823
-44
756
963
1585
1800
2349
2616
2725
2250
1894
1842
1078
554
-68
-731
-2038
-3131
-3917
-4612
-5379
-6646
-7458
-8407
-8883
-9225
-8638
-9443
-8329
-5907
-5096
-6896
-6549
-2682
-1530
575
2209
2559
615
3024
6979
8792
9147
8186
7915
8215
10230
10558
10500
8817
7078
6573
6901
6226
4444
2922
972
-107
-814
-1295
-2305
-3191
-3863
-4203
-4107
-4196
-3498
-2943
-2654
-2555
-1927
-827
77
817
755
1131
1545
2292
2871
2826
2199
1580
1718
1274
770
111
-734
-1945
-3160
-3824
-4520
-5185
-6442
-7347
-8189
-8790
-9212
-8693
-8992
-8779
-6402
-5090
-6153
-7080
-3354
-1469
68
1829
2736
1297
2136
6466
8610
9353
8352
8143
8141
9860
10521
10474
9429
7396
6517
6705
6466
4685
3275
1556
31
-834
-1254
-1998
-2984
-3673
-4200
-4190
-4109
-3694
-2890
-2615
-2431
-2110
-902
78
816
954
1066
1597
2097
2925
2904
2451
1501
1521
1342
775
138
-867
-1948
-3341
-3842
-4545
-5166
-6454
-7448
-8181
-8696
-9161
-8961
-8906
-9095
-6759
-5151
-5507
-7192
-4073
-1542
-5
1856
2851
1868
1613
5932
8455
9609
8458
8065
7943
9445
10445
10395
9696
7396
6317
6425
6597
4833
3529
1759
104
-855
-1156
-1829
-2829
-3436
-4141
-4163
-4161
-3707
-2845
-2403
-2414
-2162
-1072
-40
832
1220
1086
1414
1942
2783
3039
2670
1667
1274
1366
921
364
-632
-1652
-3013
-3686
-4201
-4792
-6103
-7381
-7935
-8313
-8965
-9031
-8839
-9288
-7095
-5168
-5181
-7327
-4867
-2000
-400
1689
2649
1898
901
4965
7738
9322
8420
7785
7535
8773
10192
10194
9846
7595
6380
6349
6749
5141
3833
2218
528
-512
-875
-1488
-2529
-3060
-3778
-3823
-3936
-3755
-2921
-2262
-2245
-2275
-1279
-295
583
1153
999
1164
1655
2510
2815
2641
1730
1081
1179
945
471
-388
-1409
-2719
-3524
-3974
-4573
-5694
-7066
-7725
-8108
-8761
-8932
-8679
-8955
-7114
-5104
-5237
-7286
-5174
-1942
-381
1496
2421
1687
844
4638
7681
9065
8301
7574
7485
8665
10013
9999
9684
7717
6326
6277
6677
5189
3686
2258
681
-449
-991
-1507
-2452
-2929
-3554
-3619
-3736
-3942
-3136
-2135
-1750
-2146
-1437
-563
320
1153
1272
1351
1429
2171
2445
2679
1927
1120
928
757
286
-424
-1378
-2812
-3558
-3924
-4685
-5882
-6788
-7770
-8399
-8808
-8526
-9112
-8198
-6052
-5239
-6717
-7031
-3886
-1940
245
1788
1850
147
2052
6022
8245
8711
7776
7285
7656
9644
10145
10140
8934
7265
6287
6638
6405
4919
3693
1759
431
-676
-1119
-1870
-2284
-2793
-3723
-3856
-4189
-3613
-2765
-1800
-1886
-2133
-1531
-561
888
1280
1215
1070
1520
2057
2478
2641
1775
983
597
592
103
-689
-1878
-3020
-3679
-4137
-4955
-6076
-6969
-7894
-8454
-8619
-8432
-8983
-6956
-5239
-5590
-7575
-5864
-2848
-1357
1031
1913
773
-288
3803
7164
8591
7974
7187
6906
8319
10178
10183
9639
7747
6683
6372
6821
5789
4575
2993
1113
177
-675
-1358
-2208
-2203
-2973
-3710
-4029
-4092
-3287
-2430
-1617
-1829
-1887
-1391
-144
1183
1341
1327
1202
1645
2030
2600
2514
1685
896
404
377
-150
-989
-2210
-3134
-3917
-4460
-5328
-6111
-7189
-8007
-8651
-8268
-8838
-7853
-5590
-5139
-7127
-7318
-3884
-2385
-136
1486
1298
-821
1556
5785
7920
8096
7186
6798
7233
9521
10183
10044
8222
6813
6451
6774
6227
4979
3938
1702
549
-101
-707
-1895
-2217
-2420
-3248
-3578
-4092
-3683
-2950
-1983
-1662
-1646
-1609
-1068
484
1345
1506
1357
1457
1666
2149
2590
2196
1458
566
172
2
-591
-1610
-2669
-3464
-4232
-4985
-5657
-6705
-7565
-8361
-8125
-8545
-8316
-6190
-5077
-6388
-7736
-4796
-2938
-1079
833
1411
-539
165
4436
7049
7962
7188
6836
6686
8679
9864
10163
8872
6991
6203
6568
6627
5177
4324
2405
869
0
-193
-1079
-1977
-2198
-2921
-3127
-3680
-3629
-2974
-2181
-1843
-1795
-1310
-1114
18
1099
1445
1355
1452
1895
2034
2411
2182
1787
989
411
163
-372
-1340
-2457
-3097
-3732
-4557
-5376
-6483
-7360
-8146
-7845
-8090
-8440
-6728
-5467
-6096
-7757
-5182
-3483
-1872
105
1130
-494
-530
3495
6101
7555
6955
6793
6399
8207
9451
10006
9186
7284
6268
6323
6801
5496
4537
2667
1198
269
-92
-747
-1736
-2084
-2936
-3157
-3593
-3663
-3112
-2451
-2050
-2230
-1637
-1183
-111
877
1219
1229
1266
1966
2335
2642
2194
1853
1297
888
703
269
-862
-2132
-2744
-3248
-3830
-4745
-5851
-7139
-7862
-7802
-7557
-8098
-6703
-5661
-6141
-7765
-5543
-3460
-2444
-444
579
-548
-1131
2907
5529
6979
6540
6451
6179
7747
9175
9641
9203
7326
6374
6262
6698
5467
4683
3060
1411
363
-67
-683
-1591
-1924
-2644
-3104
-3727
-3841
-3088
-2348
-2078
-2213
-1985
-1506
-331
1018
1364
1277
1117
1605
2358
2949
2592
1857
1304
925
920
665
-362
-1740
-2643
-3161
-3700
-4305
-5395
-6776
-7762
-7782
-7562
-7912
-6325
-5463
-6337
-8064
-5588
-3458
-2582
-693
327
-976
-1567
2723
5391
6609
6069
6130
5936
7512
9024
9409
8953
7152
6490
6418
6698
5329
4617
3186
1653
625
-13
-672
-1531
-1819
-2526
-2861
-3592
-3861
-3164
-2346
-2081
-2145
-1924
-1631
-524
802
1376
1355
1202
1510
2298
2964
2778
2094
1486
1073
1054
808
-169
-1358
-2322
-2936
-3694
-4296
-5334
-6422
-7399
-7592
-7540
-8034
-6376
-5310
-6014
-8064
-5954
-3717
-2783
-829
243
-961
-1988
2123
5042
6449
5894
5772
5608
7056
8898
9289
8944
6965
6313
6353
6968
5712
4653
3172
1620
853
199
-278
-1366
-1781
-2659
-2872
-3280
-3595
-3165
-2650
-2178
-2282
-1941
-1680
-722
362
935
1228
1138
1425
2063
2851
2792
2211
1647
1288
1256
932
56
-1074
-1903
-2573
-3295
-4095
-5091
-6199
-7008
-7247
-7278
-8012
-6630
-5278
-5696
-7652
-6269
-3934
-3142
-1090
143
-633
-2017
1356
4466
6102
5977
5712
5513
6616
8640
9284
9166
7275
6264
6236
6979
6001
4887
3397
1664
648
138
-271
-1251
-1726
-2684
-3133
-3452
-3651
-3245
-2702
-2297
-2384
-2139
-1853
-1043
244
789
1161
1162
1387
1919
2800
3054
2466
1932
1524
1444
1144
292
-717
-1540
-2190
-2952
-3806
-4819
-5983
-6759
-7161
-7125
-7994
-6788
-5460
-5574
-7541
-6428
-4040
-3357
-1372
-68
-463
-1987
1005
3954
5756
5856
5687
5455
6334
8231
8934
9136
7435
6383
6047
6630
5675
4812
3540
1785
552
-216
-638
-1462
-1603
-2543
-3209
-3746
-3896
-3323
-2650
-2207
-2349
-2116
-1939
-1153
262
958
1207
1266
1532
2005
2842
3271
2783
2191
1805
1771
1483
544
-411
-1211
-1810
-2621
-3431
-4546
-5745
-6544
-7008
-6969
-7885
-6738
-5551
-5669
-7686
-6523
-4020
-3469
-1637
-308
-606
-2148
901
3822
5475
5590
5559
5415
6154
8041
8706
8955
7297
6324
6015
6463
5504
4611
3545
1812
643
-261
-732
-1607
-1674
-2380
-3204
-3800
-4014
-3313
-2720
-2213
-2317
-2085
-1824
-1114
206
974
1294
1281
1649
2162
2921
3303
2953
2371
1982
2029
1808
902
-213
-1046
-1662
-2318
-3151
-4251
-5578
-6447
-7021
-6941
-7728
-6831
-5602
-5857
-7838
-7098
-4244
-3607
-1977
-684
-903
-2532
326
3715
5335
5422
5239
5286
5954
7993
8748
9035
7347
6164
6040
6775
5941
4765
3739
2035
849
83
-313
-1416
-1828
-2343
-3112
-3698
-4010
-3502
-3016
-2578
-2528
-2332
-1881
-1326
-194
563
1059
1191
1578
2122
2738
3287
3083
2628
2158
2225
2152
1399
285
-693
-1366
-2039
-2726
-3696
-5113
-6176
-6886
-6821
-7450
-7073
-5659
-5585
-7313
-7767
-4874
-3802
-2366
-908
-724
-2483
-853
3063
5025
5563
5147
5251
5473
7540
8577
9100
7815
6331
5830
6523
6388
5117
4047
2220
995
101
-178
-1238
-1997
-2502
-3173
-3700
-4083
-3743
-3340
-2971
-2681
-2513
-2002
-1437
-392
328
850
1256
1632
2295
2676
3299
3302
3081
2498
2440
2458
1855
817
-266
-1011
-1740
-2465
-3329
-4584
-5860
-6831
-6919
-7190
-7637
-6110
-5450
-6553
-8247
-5836
-4204
-3128
-1243
-431
-1920
-2037
1994
4384
5617
5383
5521
5158
6784
8334
9060
8485
6869
6028
6084
6511
5558
4703
2814
1193
189
-176
-859
-1838
-2381
-3230
-3822
-4199
-3931
-3367
-3248
-2935
-2773
-2219
-1654
-585
304
632
1142
1461
2346
2762
3334
3412
3337
2790
2517
2737
2279
1336
75
-668
-1484
-2054
-3015
-4027
-5401
-6553
-7166
-6989
-7705
-6915
-5707
-6051
-8028
-7289
-4649
-3899
-2076
-851
-1190
-2600
313
3496
5200
5533
5465
5255
5961
7971
8767
8964
7528
6453
5965
6510
5990
5120
3765
1750
525
-136
-402
-1478
-2132
-3026
-3804
-4137
-4147
-3476
-3352
-3129
-3026
-2484
-1898
-1045
154
565
986
1305
2142
2804
3341
3604
3504
3172
2745
2881
2712
1916
632
-271
-1040
-1629
-2548
-3510
-4850
-6047
-7045
-6989
-7471
-7709
-6292
-5794
-7065
-8299
-5799
-4386
-2883
-1365
-824
-2239
-1497
2213
4595
5709
5301
5195
5344
7365
8676
9058
8148
6854
6192
6380
6539
5514
4368
2450
1019
202
-202
-1044
-2133
-2818
-3734
-4101
-4253
-3870
-3569
-3527
-3183
-2919
-2190
-1612
-363
376
747
1109
1780
2771
3187
3658
3603
3538
3084
3115
3150
2596
1524
296
-413
-1142
-1725
-2918
-4003
-5559
-6619
-7217
-6979
-7948
-7724
-6135
-6104
-7747
-7986
-5059
-4088
-2227
-988
-1008
-2397
-326
3454
5337
5957
5184
5147
6012
8363
9121
8989
7770
6562
6181
6688
6490
5072
3511
1604
580
-33
-509
-1706
-2713
-3484
-4178
-4322
-4329
-3876
-3798
-3524
-3285
-2849
-2101
-1149
110
556
873
1255
2275
3189
3647
3820
3615
3495
3260
3405
3209
2462
1231
112
-545
-1087
-1924
-3210
-4556
-6034
-6849
-7208
-7105
-8506
-7729
-6319
-6231
-8111
-7534
-4814
-3971
-1944
-874
-941
-2247
713
4073
5802
5996
5369
5527
6800
9008
9244
8986
7639
6614
6421
7067
6331
4661
2933
1260
439
-94
-804
-2231
-3156
-3967
-4354
-4407
-4443
-4179
-3957
-3632
-3492
-2870
-1962
-930
178
584
898
1475
2594
3485
3916
3939
3669
3650
3569
3515
3266
2416
1157
-7
-532
-1102
-2020
-3461
-4918
-6140
-6802
-7232
-7389
-8610
-8064
-6608
-6288
-7915
-7586
-4963
-3988
-2094
-958
-801
-1885
842
4146
5863
6098
5579
5902
7022
8993
9124
9008
7684
6706
6466
6979
6128
4390
2831
1216
393
-349
-1023
-2468
-3412
-4115
-4339
-4461
-4663
-4274
-3893
-3575
-3411
-2711
-1743
-736
423
797
1139
1743
2910
3879
4247
4131
3781
3904
3728
3633
3252
2368
978
-98
-624
-1296
-2332
-3942
-5100
-6181
-6877
-7668
-7684
-8812
-8753
-6857
-5963
-7438
-8196
-5267
-3914
-2147
-784
-84
-1306
262
3933
6053
6744
6072
6259
6825
8676
9151
9236
8104
6824
6309
6585
5996
4416
3092
1408
199
-689
-1328
-2507
-3416
-4032
-4444
-4646
-4879
-4555
-3805
-3379
-3199
-2792
-1698
-691
550
1104
1372
1955
2929
4059
4453
4444
3942
3983
3921
3711
3344
2425
1168
-65
-650
-1402
-2490
-4013
-5288
-6134
-7095
-7856
-8304
-8823
-9554
-7578
-6090
-6831
-8568
-6410
-3988
-2702
-755
188
-359
-700
3115
5832
7212
6668
6530
6794
8071
9329
9419
9020
7237
6421
6302
6316
4813
3524
2094
392
-731
-1514
-2194
-3275
-3822
-4441
-4772
-5039
-4995
-4054
-3353
-3065
-3037
-2036
-924
212
1153
1613
2112
2696
3765
4426
4660
4291
4099
4070
3783
3433
2736
1702
378
-590
-1434
-2415
-3558
-4969
-5932
-7097
-7818
-8589
-8591
-9536
-8573
-6825
-6442
-7939
-7527
-4612
-3341
-1334
-48
431
-795
1662
4979
6945
7083
6630
6741
7310
9021
9480
9570
7915
6593
6075
6428
5568
4102
2718
829
-499
-1333
-1667
-2796
-3654
-4400
-4735
-4953
-5083
-4339
-3547
-3065
-3097
-2280
-1249
-154
961
1808
2291
2554
3341
4212
4779
4561
4273
4121
3802
3297
2945
2199
846
-618
-1528
-2396
-3286
-4544
-5900
-6922
-7979
-8508
-8828
-8800
-9637
-8366
-6684
-6424
-7650
-6439
-3688
-2417
-490
759
973
300
3191
6122
7603
7401
7046
7146
7977
9543
9674
9166
7313
6264
5938
6003
4858
3299
1658
-198
-1084
-1529
-2126
-3452
-4221
-4659
-4816
-4829
-4559
-3757
-3156
-2893
-2448
-1425
-356
657
1749
2384
2605
3036
3837
4638
4724
4409
4041
3768
3218
2775
2398
1217
-381
-1648
-2346
-3235
-4161
-5521
-6764
-7841
-8540
-8817
-8776
-9231
-9552
-7563
-6098
-6498
-7357
-4867
-2803
-1422
482
1617
980
1207
4756
7022
7939
7357
7132
7188
8663
9723
9388
8303
6564
5824
5718
5554
3976
2370
605
-651
-1201
-1727
-2771
-3861
-4379
-4609
-4476
-4394
-4169
-3432
-2849
-2407
-1766
-705
234
1134
2092
2536
2956
3281
4121
4566
4518
4107
3857
3438
2688
2404
1652
353
-1135
-2087
-2962
-3778
-4709
-6184
-7268
-8231
-8584
-8810
-8627
-9390
-8720
-6620
-5772
-6684
-6314
-3421
-2157
-353
1232
1892
791
2672
5937
7576
7739
7082
7094
7554
9202
9306
8817
7267
5975
5526
5612
4681
2950
1667
168
-874
-1550
-2172
-3177
-3894
-4222
-4405
-4308
-4350
-3698
-2867
-2363
-2073
-1330
-208
526
1619
2277
2774
2873
3503
4131
4333
4099
3824
3585
2787
2144
1681
860
-390
-1606
-2585
-3506
-4342
-5405
-6555
-7332
-8213
-8548
-8686
-8627
-9217
-7577
-5865
-5630
-6631
-5084
-2662
-1471
459
1725
1759
1009
3900
6405
7716
7334
7096
6989
7804
9011
8883
8278
6593
5623
5201
5206
3947
2707
1297
-246
-1202
-1596
-2183
-3126
-3637
-4078
-4133
-4000
-3634
-2956
-2290
-1929
-1478
-560
286
1072
2016
2640
2959
3163
3632
3978
4083
3841
3493
2811
1923
1357
958
13
-1283
-2554
-3585
-4401
-5092
-6015
-7026
-7758
-8511
-8690
-8672
-8599
-8756
-6794
-5374
-5299
-5936
-3983
-1871
-556
1396
2388
2100
1788
4812
6898
7980
7392
7078
6821
7778
8725
8510
7771
5981
5023
4689
4775
3394
2171
702
-700
-1373
-1686
-2263
-3274
-3553
-3822
-3694
-3505
-3169
-2504
-1835
-1283
-859
-35
550
1284
2284
2965
3062
2999
3389
3718
3780
3413
2867
1976
1225
901
554
-571
-2031
-3215
-4032
-4535
-5127
-6063
-7152
-7763
-8266
-8336
-8191
-8115
-8290
-6428
-4688
-4612
-5387
-3566
-1407
-230
1678
2686
2151
1825
4785
6918
7675
7018
6534
6454
7518
8435
8168
7370
5610
4730
4803
4890
3327
2022
884
-368
-1059
-1401
-1938
-2952
-3190
-3266
-3149
-3159
-2946
-2211
-1544
-1039
-726
-123
297
1040
2105
2714
2608
2404
2729
3110
3137
2760
2124
1351
794
560
144
-995
-2309
-3358
-3885
-4334
-4925
-5933
-6792
-7359
-7714
-7768
-7624
-7601
-7762
-5916
-4205
-4073
-5021
-3310
-1261
-127
1582
2681
2195
1768
4459
6510
7192
6623
6277
6309
7206
8034
7833
7156
5626
4882
4997
4871
3427
2248
1310
91
-596
-1004
-1598
-2487
-2714
-2753
-2731
-2814
-2765
-2120
-1446
-929
-731
-368
-81
665
1706
2284
2158
1834
1956
2378
2552
2234
1641
980
405
77
-196
-1129
-2252
-3361
-3829
-4359
-4766
-5641
-6412
-7105
-7477
-7372
-7323
-7116
-7405
-5639
-4150
-3648
-4732
-3270
-1246
-79
1592
2710
2466
1583
4143
6238
7266
6665
6325
6156
6932
7967
7923
7353
5678
4821
4802
4881
3593
2388
1358
78
-563
-870
-1433
-2342
-2563
-2542
-2556
-2609
-2641
-2005
-1287
-713
-627
-397
-112
590
1658
2187
2002
1473
1567
2036
2313
1958
1330
599
-79
-350
-427
-1237
-2430
-3555
-4032
-4450
-4692
-5375
-6208
-7003
-7415
-7147
-6895
-6707
-7052
-5261
-3808
-3498
-4532
-3001
-990
142
1818
2715
2223
1410
4140
6333
7271
6476
5993
5922
6945
8124
8043
7196
5361
4679
4901
5092
3700
2384
1309
193
-294
-633
-1243
-2243
-2423
-2353
-2368
-2615
-2744
-2071
-1361
-837
-910
-822
-547
239
1325
1821
1482
855
1115
1790
2126
1734
1094
312
-204
-272
-254
-1075
-2243
-3264
-3721
-3986
-4306
-5018
-5871
-6552
-7085
-6925
-6597
-6462
-6926
-5126
-3668
-3615
-4650
-2991
-968
-64
1602
2434
1965
1278
4064
6169
6998
6348
5995
6099
7121
8248
8106
7349
5640
5089
5301
5412
4019
2773
1771
631
146
-320
-925
-2009
-2217
-2326
-2406
-2720
-2905
-2363
-1838
-1347
-1499
-1388
-1194
-373
612
1117
830
275
604
1343
1796
1448
889
167
-210
-167
-37
-767
-1926
-2908
-3337
-3490
-3834
-4526
-5468
-6157
-6738
-6602
-6401
-6242
-6789
-5271
-3917
-3664
-4629
-3291
-1298
-535
1097
1994
1931
1043
3511
5567
6727
6355
6080
6100
6956
8163
8172
7818
6187
5517
5467
5756
4604
3474
2375
1058
439
-16
-500
-1562
-1976
-2363
-2549
-2672
-2813
-2453
-2136
-1727
-1810
-1572
-1276
-589
247
647
596
195
533
1206
1678
1343
805
292
-57
-36
14
-668
-1849
-2821
-3218
-3403
-3719
-4534
-5461
-6119
-6627
-6583
-6429
-6279
-6919
-5451
-4000
-3603
-4629
-3519
-1482
-618
1133
2055
2010
917
3302
5593
6944
6513
6025
5956
6765
8212
8302
7984
6170
5460
5413
5851
4709
3473
2382
1021
379
-137
-510
-1648
-2080
-2489
-2675
-2857
-3025
-2665
-2354
-1837
-1991
-1724
-1425
-682
100
549
532
91
484
1234
1772
1381
934
462
187
199
278
-384
-1573
-2521
-2917
-3076
-3468
-4217
-5238
-5849
-6421
-6327
-6354
-6154
-6948
-5915
-4115
-3498
-4477
-4190
-1783
-1009
794
1982
2197
794
2661
5463
6887
6794
6093
6100
6607
8282
8489
8319
6685
5759
5650
6090
5123
3705
2775
1500
659
-41
-525
-1562
-2137
-2491
-2769
-3112
-3584
-3363
-2826
-2266
-2308
-2335
-2082
-1473
-406
282
331
-169
-14
950
1698
1583
1111
689
356
304
581
131
-960
-2030
-2520
-2754
-3162
-3774
-4786
-5541
-6225
-6205
-6256
-6167
-6757
-6535
-4606
-3619
-4065
-4701
-2440
-1343
51
1730
2392
1246
1821
4947
6514
7070
6473
6475
6483
7997
8711
8664
7513
6205
5907
6092
5650
4221
3388
2009
850
145
-288
-1196
-2050
-2470
-2968
-3290
-3743
-3746
-3322
-2845
-2703
-2755
-2550
-2079
-1043
-114
41
-214
-188
652
1527
1671
1373
949
693
418
669
543
-323
-1388
-2170
-2548
-3008
-3437
-4309
-5214
-5951
-6345
-6356
-6384
-6380
-6919
-5378
-3997
-3771
-4792
-3403
-1415
-684
1193
2262
2074
1272
4044
6158
7204
6901
6724
6646
7554
8917
8884
8263
6645
6076
5942
6064
4735
3612
2278
936
167
-280
-969
-2148
-2744
-3235
-3437
-3780
-3976
-3715
-3264
-2907
-2809
-2635
-2249
-1438
-374
50
58
-13
506
1378
1731
1593
1195
902
474
494
634
-7
-1070
-2080
-2629
-3055
-3371
-3985
-5010
-5757
-6449
-6470
-6475
-6169
-6793
-5868
-4160
-3625
-4426
-4050
-1488
-749
947
2140
2523
1387
3284
6053
7297
7333
6743
6878
7338
9014
9096
8674
7067
6184
6011
6251
5273
3779
2567
1091
277
-351
-971
-2197
-2999
-3474
-3696
-3920
-4372
-4172
-3677
-3206
-3048
-2931
-2612
-1996
-776
-74
121
-64
212
1101
1768
1849
1453
1124
663
538
858
517
-582
-1816
-2442
-2767
-3062
-3601
-4703
-5583
-6365
-6484
-6392
-6106
-6764
-6484
-4598
-3692
-4185
-4442
-2059
-1072
390
1948
2639
1646
2592
5551
7067
7618
6990
7080
7281
8820
9235
9041
7743
6485
6228
6410
5710
4137
3072
1543
469
-333
-962
-2072
-2942
-3488
-3860
-4089
-4622
-4574
-3941
-3469
-3355
-3316
-2972
-2415
-1217
-274
-29
-204
-84
891
1673
1909
1562
1246
854
666
972
807
-217
-1469
-2141
-2428
-2768
-3342
-4357
-5344
-6034
-6301
-6155
-6026
-6404
-6826
-5136
-3794
-3697
-4466
-2843
-1372
-402
1550
2592
2164
1803
4580
6451
7526
7190
7152
7087
8126
9122
9092
8342
6800
6326
6289
6071
4525
3443
2015
715
-186
-774
-1715
-2806
-3350
-3771
-3999
-4490
-4666
-4189
-3660
-3365
-3269
-2988
-2570
-1541
-382
44
-16
-61
719
1510
1934
1799
1431
988
668
839
841
3
-1204
-2031
-2477
-2865
-3380
-4185
-5274
-5941
-6334
-6243
-6265
-6203
-6817
-5756
-4038
-3398
-4132
-3610
-1386
-553
1309
2539
2779
1775
3738
6293
7550
7570
7149
7121
7557
8965
9058
8593
7016
6215
5916
5937
4749
3427
2188
790
-201
-878
-1571
-2686
-3326
-3722
-3938
-4359
-4697
-4381
-3641
-3240
-3145
-3038
-2594
-1760
-456
220
110
-51
448
1464
2029
2026
1508
1028
717
744
917
265
-869
-1862
-2375
-2775
-3213
-3800
-4879
-5685
-6216
-6247
-6314
-6076
-6426
-6202
-4399
-3460
-3714
-4083
-1734
-584
752
2240
2791
2103
2794
5804
7150
7763
7132
7092
7197
8561
9104
8732
7594
6234
5895
5818
5265
3779
2678
1194
-41
-741
-1313
-2234
-3233
-3641
-3983
-4277
-4678
-4553
-3772
-3452
-3313
-3355
-2835
-2178
-961
-40
-111
-249
29
1127
1823
1929
1437
961
722
609
822
450
-557
-1602
-2227
-2542
-2969
-3397
-4363
-5293
-5962
-6111
-5984
-5860
-5973
-6415
-4723
-3493
-3182
-3908
-2187
-686
186
2063
2927
2679
2246
5046
6680
7716
7361
7179
7018
7968
8980
8771
8084
6431
5865
5683
5493
4067
2989
1625
133
-658
-1167
-1965
-3096
-3547
-3885
-4281
-4592
-4655
-3915
-3544
-3403
-3482
-3102
-2438
-1442
-232
-168
-326
-269
739
1604
1849
1499
931
685
505
771
655
-235
-1402
-2132
-2399
-2772
-3146
-4054
-5065
-5825
-6045
-5869
-5795
-5860
-6581
-5184
-3621
-3050
-3751
-2665
-890
-140
1795
3052
3037
2205
4445
6520
7621
7568
7323
7140
7715
8920
8931
8340
6700
5893
5696
5557
4261
3067
1830
205
-696
-1193
-1928
-3033
-3564
-3899
-4362
-4604
-4613
-4035
-3515
-3397
-3402
-3101
-2397
-1449
-234
75
-210
-211
567
1589
1856
1611
962
601
419
631
686
-197
-1420
-2322
-2595
-2880
-3191
-3943
-5027
-5842
-6175
-5921
-5779
-5676
-6362
-5493
-3775
-2975
-3372
-2856
-835
-169
1552
3014
3370
2467
3995
6351
7438
7680
7246
7188
7422
8658
8778
8292
6797
5728
5517
5468
4415
2993
1852
286
-596
-1086
-1757
-2877
-3587
-3847
-4161
-4323
-4504
-4150
-3596
-3334
-3240
-2964
-2405
-1622
-456
140
-38
-166
402
1435
1855
1646
1147
667
432
498
762
-42
-1298
-2269
-2604
-2743
-3069
-3666
-4909
-5695
-6095
-5769
-5613
-5501
-6195
-5761
-3776
-2788
-3149
-3187
-1002
-315
1300
3023
3543
2454
3432
6150
7362
7818
7217
7083
7103
8333
8654
8336
6986
5541
5246
5372
4451
2906
1882
477
-616
-1121
-1741
-2845
-3622
-3774
-4029
-4276
-4620
-4401
-3710
-3365
-3243
-3092
-2557
-1944
-707
81
25
-234
185
1230
1742
1652
1206
731
357
388
758
131
-1109
-2092
-2429
-2548
-2834
-3432
-4601
-5367
-5749
-5478
-5314
-5264
-5972
-5286
-3421
-2626
-3272
-3009
-920
-149
1465
2945
3205
2132
3559
6183
7314
7488
6960
6804
6987
8315
8576
8158
6736
5435
5201
5306
4371
2857
1831
466
-558
-1092
-1724
-2740
-3364
-3624
-4012
-4257
-4525
-4149
-3538
-3325
-3360
-3100
-2455
-1740
-549
-22
-130
-298
291
1220
1654
1383
823
472
165
262
420
-289
-1586
-2382
-2565
-2721
-3148
-4012
-5014
-5619
-5823
-5660
-5401
-5636
-6075
-4548
-2984
-2892
-3604
-2148
-464
526
2243
3130
2693
2361
4883
6918
7642
7223
6854
6823
7564
8653
8501
7675
6074
5294
5311
5141
3905
2471
1310
58
-583
-1119
-1901
-2877
-3299
-3588
-3908
-4062
-4120
-3531
-3289
-3142
-3006
-2432
-1941
-1158
-189
-23
-17
84
780
1243
1464
1053
595
303
7
121
-117
-957
-2138
-2588
-2783
-3033
-3685
-4732
-5456
-5870
-5907
-5848
-5520
-6189
-5594
-3704
-2820
-3592
-3394
-1244
-181
1370
2650
2911
2057
3346
5921
7427
7563
6844
6738
7119
8233
8579
8216
6917
5616
5354
5519
4745
3284
1989
787
-174
-654
-1326
-2376
-3253
-3501
-3666
-3928
-4130
-3910
-3467
-3410
-3082
-2554
-2024
-1757
-938
-306
-39
202
558
991
1100
1174
980
832
402
75
10
-477
-1325
-2108
-2454
-2868
-3361
-4149
-4979
-5423
-5763
-5873
-5741
-5782
-6191
-4497
-3021
-3125
-4008
-2474
-717
296
2168
2875
2440
2117
4703
6643
7704
7287
6779
6800
7646
8659
8522
7830
6181
5453
5522
5458
4106
2710
1405
215
-380
-839
-1746
-2953
-3581
-3713
-3839
-4100
-4217
-3815
-3602
-3520
-3008
-2334
-2005
-1686
-866
-433
-47
293
761
956
913
1011
1060
969
369
151
-98
-749
-1449
-1950
-2414
-3089
-3601
-4367
-4930
-5394
-5625
-5734
-5585
-5977
-5711
-3761
-2938
-3494
-3815
-1734
-630
746
2447
2882
2061
2578
5328
6820
7537
6996
6741
6745
7854
8624
8410
7358
5796
5421
5572
5207
3743
2463
1079
1
-378
-863
-1880
-3086
-3512
-3635
-3765
-4009
-3998
-3571
-3502
-3320
-2800
-2138
-1931
-1446
-630
-203
120
368
912
1026
1072
1137
1183
910
298
169
-194
-904
-1656
-2183
-2755
-3388
-3827
-4596
-5205
-5678
-5805
-5859
-5755
-6021
-5790
-3945
-2997
-3283
-3720
-1809
-543
871
2577
3104
2291
2573
5299
6928
7635
7098
6751
6675
7812
8642
8429
7315
5758
5314
5559
5195
3707
2351
1032
-78
-459
-890
-1982
-3209
-3606
-3640
-3811
-3974
-4002
-3633
-3576
-3251
-2703
-2116
-1953
-1430
-520
-35
246
477
985
1164
1304
1455
1395
988
434
342
84
-678
-1506
-2243
-2745
-3278
-3664
-4525
-5307
-5890
-6022
-5906
-5905
-6196
-6252
-4346
-3198
-3140
-3851
-2213
-865
543
2497
3213
2466
2263
5111
6877
7767
7348
7065
6769
7832
8874
8700
7667
6056
5501
5681
5427
3865
2455
1167
-68
-562
-960
-2096
-3419
-3826
-3828
-4013
-4139
-4220
-3957
-3893
-3438
-2836
-2283
-2171
-1624
-703
-173
166
431
880
1118
1337
1499
1450
1056
520
408
290
-437
-1273
-2050
-2518
-3040
-3375
-4199
-4995
-5676
-5905
-5744
-5632
-5918
-6163
-4302
-3124
-2988
-3606
-2010
-790
351
2352
3196
2615
2269
4890
6579
7458
7170
6978
6734
7487
8506
8468
7629
5959
5382
5501
5245
3786
2465
1239
-21
-573
-1014
-1960
-3282
-3720
-3751
-3860
-4095
-4185
-3868
-3818
-3442
-2900
-2364
-2200
-1589
-712
-278
-16
197
735
1199
1394
1307
1219
995
608
464
406
-354
-1214
-1965
-2375
-2867
-3261
-3909
-4855
-5411
-5873
-5610
-5620
-5460
-6133
-4996
-3435
-2701
-3259
-2701
-874
-161
1664
2869
3243
2243
3916
6021
7263
7373
7079
6957
7127
8301
8494
8117
6532
5533
5333
5340
4260
2833
1609
283
-488
-1008
-1736
-2898
-3643
-3752
-3888
-4027
-4358
-4025
-3707
-3429
-3136
-2696
-2243
-1739
-685
-211
-20
-55
470
1309
1760
1547
1153
991
787
718
774
106
-951
-1791
-2192
-2598
-3022
-3601
-4572
-5377
-5739
-5725
-5615
-5635
-5849
-6049
-4425
-2864
-2636
-3388
-2241
-602
446
2368
3341
2913
2358
4720
6639
7615
7485
7117
6829
7614
8695
8568
7792
6286
5474
5269
5116
3785
2521
1179
-59
-792
-1410
-2230
-3221
-3574
-3900
-4171
-4462
-4550
-3868
-3458
-3298
-3372
-2836
-2248
-1279
-238
-160
-313
-235
774
1678
1907
1328
817
739
690
827
689
-310
-1477
-2093
-2272
-2664
-3157
-3933
-5002
-5522
-5688
-5478
-5588
-5565
-5983
-5634
-3563
-2269
-2504
-3127
-1394
-187
1330
3152
3786
2729
2956
5515
7015
7779
7447
7053
6773
7931
8514
8278
7346
5947
5153
4977
4578
3180
2116
716
-501
-1184
-1788
-2558
-3332
-3576
-4121
-4394
-4661
-4465
-3599
-3312
-3333
-3466
-2722
-2072
-897
-157
-322
-448
-39
1050
1664
1703
1051
680
648
660
711
321
-669
-1639
-2094
-2342
-2693
-3216
-3983
-4914
-5291
-5377
-5210
-5311
-5307
-5560
-5177
-3168
-1961
-2112
-2720
-1050
171
1626
3338
3893
2900
3039
5526
6944
7652
7239
6846
6532
7573
8102
7848
6962
5544
4754
4576
4270
2909
1799
453
-631
-1162
-1713
-2480
-3330
-3576
-4008
-4190
-4454
-4342
-3572
-3313
-3248
-3294
-2591
-1990
-934
-251
-279
-246
67
937
1556
1736
1179
821
711
652
684
394
-454
-1453
-1999
-2353
-2576
-3016
-3686
-4603
-5097
-5235
-5128
-5056
-5116
-5267
-5314
-3423
-1973
-1832
-2686
-1357
78
1230
3095
3878
3094
2559
4964
6595
7434
7125
6719
6296
7022
7747
7582
6954
5539
4635
4366
4232
2956
1890
715
-377
-1060
-1602
-2366
-3157
-3353
-3699
-4068
-4374
-4346
-3544
-3150
-3135
-3283
-2725
-2019
-1070
-173
-219
-318
-173
758
1533
1822
1353
827
686
588
763
596
-191
-1354
-1965
-2302
-2576
-2866
-3496
-4356
-5137
-5202
-5230
-5024
-5225
-5152
-5419
-3840
-2172
-1755
-2528
-1808
80
969
2928
3818
3530
2501
4554
6461
7408
7373
6887
6504
6786
7747
7644
7322
5928
4774
4247
4226
3257
2151
1028
-319
-1217
-1739
-2273
-2975
-3383
-3843
-4325
-4452
-4365
-3577
-3210
-3357
-3494
-2918
-2018
-1236
-334
-448
-590
-372
629
1384
1589
1185
659
616
602
704
512
-209
-1258
-1820
-2077
-2443
-2765
-3321
-4032
-4751
-4816
-4897
-4800
-4894
-4702
-4904
-3886
-2106
-1424
-1942
-1781
101
924
2575
3734
3831
2761
3943
5940
6925
7256
6762
6379
6322
7198
7264
7125
6020
4610
3941
3903
3278
2148
1142
-181
-1209
-1718
-2204
-2770
-3298
-3703
-4178
-4260
-4315
-3785
-3209
-3229
-3318
-2998
-2161
-1518
-615
-481
-561
-422
267
986
1376
1235
749
656
680
704
611
120
-682
-1293
-1574
-2012
-2378
-2759
-3343
-3916
-4436
-4484
-4592
-4392
-4449
-4228
-4470
-3108
-1536
-1031
-1839
-1234
318
1070
2888
3745
3509
2335
3977
5706
6890
6900
6266
5785
5953
6939
7092
6890
5294
4042
3608
3775
3047
1951
772
-524
-1317
-1770
-2127
-2821
-3309
-3702
-4017
-4221
-4201
-3533
-3190
-3156
-3195
-2823
-2174
-1353
-553
-529
-522
-432
228
968
1415
1139
707
624
628
789
729
272
-500
-1118
-1449
-1768
-1996
-2506
-3066
-3800
-4225
-4411
-4228
-4172
-4211
-4429
-4397
-2413
-1097
-1185
-2241
-872
163
1445
3288
3717
2513
1983
4431
5952
6935
6394
5783
5293
6185
7154
7229
6429
4606
3763
3767
3902
2871
1798
337
-956
-1455
-1688
-2227
-3062
-3535
-4019
-4300
-4323
-4113
-3486
-3306
-3351
-3350
-2830
-2047
-1164
-461
-604
-660
-432
497
1251
1481
1101
646
596
716
1038
841
198
-614
-1102
-1337
-1640
-1899
-2487
-3161
-3905
-4050
-4071
-4033
-4120
-4164
-4354
-4162
-1912
-765
-1171
-2269
-631
563
1847
3529
3712
2514
2214
4875
6206
6900
6174
5658
5361
6373
7165
6880
5928
4259
3655
3728
3688
2471
1300
-60
-1204
-1562
-1845
-2556
-3439
-3846
-4145
-4339
-4348
-4238
-3684
-3468
-3361
-3191
-2710
-2055
-1274
-543
-570
-424
-145
611
1200
1499
1324
965
886
919
1119
890
368
-310
-852
-1265
-1583
-1871
-2380
-3009
-3608
-3971
-3984
-3998
-3885
-4076
-4160
-4113
-2225
-988
-1147
-2051
-1041
409
1399
3126
3480
2763
2062
4246
5840
6589
6164
5650
5387
5992
6912
6710
5949
4443
3705
3682
3640
2592
1318
106
-1002
-1425
-1709
-2527
-3386
-3773
-3846
-4161
-4290
-4386
-3862
-3412
-3131
-3015
-2864
-2336
-1558
-500
-330
-258
-206
396
1116
1694
1801
1434
1182
1089
1355
1388
935
243
-491
-954
-1291
-1498
-1929
-2591
-3250
-3933
-3869
-3957
-3770
-4072
-4015
-4426
-3318
-1526
-1218
-2054
-2076
-293
315
2002
2923
2744
1558
2845
4996
5909
6095
5531
5374
5469
6564
6629
6252
5055
3971
3823
3838
3095
1718
678
-492
-1254
-1504
-2212
-3091
-3688
-3718
-4054
-4276
-4490
-4113
-3437
-3220
-3088
-3035
-2543
-1949
-713
-170
-183
-223
283
1135
1871
2191
1903
1610
1438
1619
1822
1547
750
0
-620
-936
-1269
-1577
-2341
-2914
-3721
-4003
-3923
-3880
-4053
-4267
-4122
-4326
-2529
-1438
-1449
-2504
-1205
36
895
2475
2969
2367
1844
4173
5377
6168
5870
5678
5363
6000
6611
6211
5778
4536
3901
3618
3310
2063
968
32
-1063
-1582
-2156
-3009
-3666
-3802
-3929
-4319
-4455
-4607
-3894
-3359
-3088
-3051
-2827
-2299
-1447
-228
-7
109
157
886
1709
2379
2398
2029
1865
1701
1989
1926
1410
508
-137
-611
-965
-1301
-1899
-2558
-3189
-3838
-3940
-3924
-4050
-4385
-4193
-4325
-4085
-2381
-1470
-1878
-2440
-716
63
1173
2502
3055
2069
2316
4466
5477
6122
5771
5593
5167
6016
6269
6189
5459
4180
3491
3342
2967
1789
888
-324
-1295
-1747
-2203
-3013
-3492
-3680
-3958
-4231
-4311
-4254
-3633
-3253
-3011
-2874
-2541
-1965
-929
28
156
333
579
1336
2112
2617
2471
2130
1973
1916
2165
1908
1167
348
-126
-524
-964
-1371
-2093
-2727
-3376
-3815
-3902
-4110
-4407
-4699
-4410
-4725
-3997
-2513
-1933
-2694
-2622
-859
-194
1128
2215
2531
1503
2514
4495
5550
5934
5494
5264
5215
6226
6328
6140
5172
4052
3586
3588
3140
1923
889
-293
-1024
-1428
-1987
-2746
-3303
-3523
-3887
-4046
-4177
-3971
-3573
-3316
-3011
-2773
-2333
-1675
-593
24
245
590
1048
1767
2445
2806
2644
2410
2288
2283
2336
1837
1125
481
-52
-614
-1062
-1574
-2371
-2954
-3707
-4136
-4259
-4432
-4770
-4961
-4871
-5291
-3949
-2500
-2276
-3332
-2590
-1008
-196
1471
2375
2220
1312
3104
4833
5928
6000
5564
5297
5646
6584
6421
6139
4954
4055
3723
3631
2755
1548
610
-531
-1156
-1707
-2472
-3124
-3518
-3639
-4077
-4205
-4551
-4098
-3439
-3079
-2882
-2814
-2226
-1470
-11
519
773
837
1326
2224
3056
3344
2926
2724
2462
2559
2537
1996
1099
425
-136
-800
-1295
-2003
-2763
-3381
-3965
-4599
-4725
-4953
-5128
-5234
-5073
-5451
-4615
-2850
-2241
-2868
-2754
-1100
-306
1336
2594
2804
1772
2794
4765
5948
6391
5942
5636
5633
6530
6541
6365
5359
4186
3666
3557
2794
1438
556
-507
-1332
-1911
-2588
-3265
-3770
-3844
-4087
-4216
-4587
-4361
-3487
-2947
-2636
-2607
-2022
-1352
32
938
1256
1238
1463
2407
3220
3613
3271
3017
2620
2526
2589
2188
1345
487
-92
-817
-1431
-2226
-2892
-3509
-4060
-4771
-5183
-5385
-5589
-5441
-5407
-5426
-5640
-3993
-2531
-2158
-2882
-1877
-602
414
2296
3291
2818
1959
3915
5456
6570
6491
6154
5535
5841
6598
6661
6341
4839
3835
3369
3188
2078
1148
127
-1149
-1892
-2367
-2965
-3616
-3823
-3977
-4237
-4412
-4550
-3806
-2964
-2533
-2367
-1975
-1335
-461
940
1523
1563
1594
2273
3032
3508
3593
3224
2915
2563
2512
2324
1697
842
133
-468
-1317
-2020
-2741
-3374
-3985
-4525
-5245
-5715
-5825
-5836
-5665
-5748
-5812
-5783
-3776
-2305
-2098
-2814
-1698
-281
896
2918
3621
2978
2292
4481
5978
6935
6746
6201
5555
5933
6750
6707
6202
4633
3574
3164
2938
1899
895
-250
-1592
-2226
-2610
-3228
-3817
-4040
-4124
-4338
-4361
-4469
-3582
-2694
-2216
-1937
-1459
-829
-13
1433
2021
2127
2041
2567
3243
3747
3752
3272
2847
2301
2150
2016
1384
338
-497
-1125
-1927
-2616
-3313
-3948
-4599
-5146
-5694
-6003
-6070
-6175
-5840
-5800
-5629
-5740
-3906
-2163
-1617
-2210
-1477
282
1166
3149
4175
3971
2887
4612
6345
7149
7211
6561
5927
5910
6733
6582
6162
4751
3406
2927
2731
1756
614
-341
-1672
-2439
-2680
-3300
-3926
-4166
-4118
-4305
-4246
-4299
-3614
-2531
-2020
-1674
-1275
-581
81
1468
2228
2295
2148
2488
3200
3699
3736
3172
2651
2106
1844
1730
1122
14
-988
-1661
-2296
-3000
-3664
-4359
-4859
-5404
-5732
-6065
-6079
-6112
-5708
-5567
-5352
-5245
-4240
-2207
-1173
-1230
-1451
289
1292
2907
4337
4677
3612
4034
6089
7028
7498
6846
6167
5653
6323
6480
6076
5018
3439
2648
2448
1857
682
-266
-1378
-2357
-2652
-3115
-3632
-3895
-3906
-3993
-3946
-3827
-3511
-2397
-1715
-1366
-1159
-547
66
1108
2086
2231
2152
2143
2772
3340
3546
3036
2480
2022
1573
1355
862
-87
-1156
-1835
-2424
-3210
-3970
-4599
-4953
-5367
-5714
-6043
-6312
-6201
-5805
-5231
-5264
-4899
-4739
-3195
-1304
-281
-748
-548
1100
2141
3990
4957
4955
3756
4808
6362
7386
7504
6620
5842
5526
6221
6054
5669
4235
2843
2163
1927
1175
122
-752
-1884
-2595
-2893
-3317
-3579
-3606
-3549
-3569
-3405
-3257
-2668
-1569
-1002
-668
-458
62
662
1737
2386
2331
2193
2181
2703
3137
3146
2483
1921
1410
999
707
-19
-1047
-1960
-2483
-3137
-3906
-4606
-5114
-5364
-5647
-5883
-6157
-6298
-5932
-5404
-4817
-4807
-4361
-4131
-2688
-525
579
65
-162
1615
2749
4451
5467
5412
3965
4481
6277
7234
7422
6328
5421
4927
5697
5639
5223
4017
2427
1668
1503
1066
-44
-794
-1850
-2737
-3005
-3196
-3309
-3331
-3241
-3262
-3159
-2905
-2341
-1134
-613
-403
-291
196
817
1743
2444
2203
2005
1823
2323
2726
2718
2009
1375
956
488
266
-436
-1395
-2337
-2806
-3317
-3938
-4533
-5044
-5225
-5434
-5502
-5610
-5650
-5383
-4767
-4183
-4005
-3640
-3141
-2312
-303
1192
1077
320
1546
3085
4195
5420
5558
4373
3621
5332
6540
6839
5905
4758
4090
4423
4946
4548
3785
2128
1155
1046
1079
281
-574
-1397
-2421
-2658
-2586
-2567
-2751
-2786
-2787
-2691
-2321
-1961
-1039
-528
-378
-312
121
629
1225
1937
1804
1582
1331
1592
1828
1950
1467
775
388
-63
-342
-797
-1428
-2235
-2741
-3163
-3575
-3938
-4318
-4548
-4672
-4658
-4691
-4632
-4485
-3969
-3515
-3202
-2976
-2354
-1928
-692
1107
1687
934
936
2603
3445
4496
5129
4661
3162
3627
5291
5962
5682
4543
3698
3363
4071
4149
3801
2635
1258
783
1030
849
41
-689
-1680
-2185
-2070
-2021
-2213
-2385
-2435
-2432
-2104
-1836
-1590
-874
-563
-384
-274
195
570
1210
1533
1378
1240
1051
1260
1423
1514
833
233
-161
-472
-688
-1055
-1654
-2346
-2726
-3030
-3183
-3459
-3788
-4012
-4020
-3949
-3886
-3734
-3607
-3215
-2955
-2622
-2440
-1782
-1539
-210
1260
1554
695
852
2446
3062
4227
4521
3930
2463
3453
4975
5552
5152
4067
3388
3278
4133
4045
3703
2410
1221
972
1308
956
81
-591
-1521
-1900
-1744
-1885
-2188
-2426
-2385
-2390
-2160
-2155
-1982
-1204
-984
-774
-679
-268
-41
718
1100
910
797
688
1032
1235
1369
788
303
-50
-244
-236
-545
-1198
-1823
-2090
-2299
-2431
-2728
-3124
-3283
-3340
-3280
-3163
-3082
-3138
-2866
-2543
-2299
-2177
-1685
-1554
-580
904
1289
564
364
1718
2315
3454
3858
3393
2114
2775
4308
4842
4719
3734
3225
3116
3961
3851
3470
2483
1494
1303
1496
1143
202
-313
-950
-1277
-1327
-1672
-2059
-2183
-2035
-2018
-2021
-2232
-2185
-1383
-989
-852
-869
-720
-547
124
668
564
407
254
559
981
1195
838
417
165
19
133
15
-582
-1204
-1463
-1581
-1737
-2057
-2453
-2661
-2804
-2766
-2694
-2654
-2884
-2719
-2353
-2129
-2147
-1984
-1711
-1399
-47
746
499
-407
368
1353
2181
2979
2923
2072
1650
3134
4055
4463
3897
3278
3003
3570
3954
3636
3232
2290
1757
1712
1678
950
335
-190
-837
-1086
-1395
-1782
-1963
-1905
-1953
-2194
-2228
-2354
-1732
-1167
-1023
-1121
-1104
-769
-347
429
506
435
329
564
1069
1416
1434
1021
852
664
690
691
278
-370
-867
-980
-1247
-1624
-2117
-2463
-2681
-2873
-2881
-2907
-3074
-3326
-3027
-2684
-2634
-2715
-2391
-2201
-1717
-308
313
-304
-864
405
1340
2213
2977
2872
1998
2105
3712
4532
4888
4237
3699
3566
4099
4197
3967
3524
2417
1795
1681
1452
694
109
-678
-1498
-1830
-2152
-2422
-2490
-2500
-2737
-2896
-2851
-2677
-1810
-1351
-1316
-1395
-1006
-476
236
972
918
908
1044
1622
2070
2294
2061
1720
1648
1556
1532
1225
533
-122
-455
-677
-1205
-1806
-2442
-2822
-2907
-3113
-3277
-3597
-3802
-3964
-3439
-3263
-3228
-3246
-2909
-2805
-1837
-356
-113
-752
-788
539
1277
2593
3217
2985
2046
2685
3972
4829
5078
4422
3879
3700
4113
4030
4067
3344
2247
1516
1426
1015
464
-124
-1015
-1796
-2178
-2474
-2584
-2508
-2643
-2771
-2828
-2806
-2518
-1484
-1065
-1030
-994
-558
-42
764
1441
1434
1452
1548
2067
2510
2631
2229
1946
1805
1575
1418
1046
302
-342
-686
-1054
-1732
-2318
-2802
-3017
-3204
-3482
-3662
-3926
-3980
-3968
-3411
-3438
-3336
-3285
-2789
-2503
-1710
-421
-94
-359
-611
698
1499
2563
3108
3076
2336
2425
3654
4437
4813
4141
3543
3242
3559
3692
3660
3217
2007
1218
1121
974
519
-34
-772
-1633
-1898
-2049
-2093
-2042
-2152
-2220
-2251
-2103
-1993
-1131
-571
-466
-426
-175
219
760
1561
1708
1662
1533
1828
2219
2399
2133
1733
1445
1019
835
598
90
-651
-1149
-1591
-2094
-2545
-2852
-3090
-3364
-3608
-3690
-3741
-3821
-3718
-3413
-3178
-3244
-3050
-2702
-2219
-1921
-837
56
-2
-452
226
1412
1879
2817
3150
2604
1892
2841
3905
4374
4217
3495
3012
3068
3556
3653
3500
2535
1426
1239
1278
976
537
-82
-1044
-1575
-1455
-1565
-1588
-1744
-1904
-1987
-1817
-1718
-1369
-608
-432
-362
-253
8
364
1100
1632
1565
1429
1402
1722
2059
2102
1747
1291
893
575
564
291
-311
-1021
-1575
-1916
-2179
-2474
-2911
-3202
-3459
-3571
-3484
-3544
-3675
-3687
-3297
-3124
-3075
-2979
-2670
-2399
-1882
-615
-16
-351
-720
348
1183
1936
2812
2757
1903
1819
3167
4031
4419
3915
3248
3050
3570
3979
3938
3509
2343
1769
1921
1873
1335
802
44
-719
-869
-911
-1167
-1370
-1623
-1729
-1662
-1668
-1745
-1173
-606
-644
-589
-433
-214
236
1032
1230
1037
918
1074
1472
1726
1572
1123
854
527
449
433
46
-676
-1194
-1440
-1614
-1884
-2341
-2736
-2967
-3078
-3127
-3067
-3331
-3596
-3520
-3126
-3082
-3180
-3096
-2840
-2657
-1949
-730
-373
-948
-955
200
902
1773
2442
2261
1480
1988
3286
4096
4297
3750
3313
3397
4029
4146
4120
3531
2666
2375
2544
2246
1630
1112
429
-119
-353
-647
-1050
-1264
-1387
-1519
-1668
-1901
-1847
-1214
-866
-889
-957
-791
-547
145
717
773
539
542
891
1333
1510
1219
966
717
588
585
506
-85
-628
-878
-976
-1248
-1684
-2169
-2566
-2718
-2810
-2840
-3123
-3546
-3762
-3613
-3401
-3482
-3544
-3507
-3296
-3027
-1960
-825
-795
-1356
-866
285
1066
2188
2745
2247
1706
2726
3989
4767
4842
4247
3806
4030
4528
4627
4565
3768
2853
2576
2526
2067
1528
953
35
-630
-960
-1283
-1572
-1667
-1919
-2264
-2483
-2549
-2105
-1534
-1308
-1438
-1285
-963
-364
411
846
803
651
966
1466
1958
1917
1670
1414
1154
1076
1022
719
18
-448
-738
-1025
-1468
-2070
-2597
-2998
-3132
-3295
-3521
-3940
-4343
-4370
-4135
-3926
-4029
-4080
-3836
-3510
-2746
-1369
-589
-1013
-1148
88
1196
2230
3172
3284
2521
2747
4159
5164
5628
5157
4581
4300
4744
4920
4901
4363
3212
2510
2324
2065
1392
861
-51
-974
-1466
-1687
-1947
-2102
-2313
-2680
-2828
-2876
-2606
-2059
-1636
-1647
-1502
-1067
-528
166
778
1013
951
1145
1591
2124
2315
2129
1915
1703
1457
1304
1120
583
-103
-611
-943
-1345
-1932
-2515
-2944
-3266
-3579
-3768
-3991
-4307
-4580
-4451
-4166
-4057
-4079
-3899
-3387
-3073
-2032
-862
-435
-915
-315
1008
1839
2786
3414
3306
2705
3548
4632
5329
5323
4797
4335
4310
4616
4477
4269
3446
2467
2044
1905
1388
701
96
-734
-1374
-1579
-1811
-1984
-2121
-2319
-2501
-2509
-2442
-2145
-1549
-1320
-1230
-958
-458
15
646
1147
1225
1270
1513
1950
2260
2291
2094
1889
1632
1314
1139
798
191
-469
-923
-1322
-1875
-2379
-2831
-3185
-3596
-3857
-3998
-4204
-4415
-4535
-4273
-4060
-3937
-3851
-3462
-3074
-2687
-1504
-509
-386
-657
279
1285
2064
3032
3534
3140
2786
3774
4659
5252
5074
4541
4070
4140
4319
4194
3968
3016
2191
1868
1698
1093
559
-30
-906
-1397
-1554
-1743
-1922
-2008
-2203
-2403
-2418
-2340
-1857
-1287
-1090
-1078
-808
-352
186
903
1295
1345
1301
1575
1995
2320
2227
1984
1775
1463
1158
966
579
-128
-732
-1148
-1620
-2217
-2693
-3082
-3399
-3732
-3951
-4132
-4395
-4523
-4423
-4068
-3927
-3837
-3734
-3338
-2900
-2370
-1214
-294
-150
-412
477
1463
2282
3183
3739
3283
2829
3744
4697
5278
5046
4520
3935
3979
4187
4133
3847
2919
2034
1661
1540
1031
489
-101
-1005
-1503
-1635
-1736
-1951
-2053
-2175
-2334
-2242
-2187
-1653
-1128
-766
-764
-501
-99
424
1164
1541
1679
1500
1700
2003
2394
2283
1927
1622
1212
958
700
385
-414
-1091
-1570
-1948
-2401
-2984
-3400
-3721
-3860
-4052
-4191
-4416
-4569
-4332
-3982
-3645
-3680
-3527
-3239
-2618
-2092
-1208
-258
17
-18
435
1538
2108
2980
3512
3473
2910
3359
4228
4717
4799
4303
3873
3578
3828
3718
3544
2879
2030
1499
1283
974
462
-4
-717
-1264
-1414
-1517
-1677
-1753
-1756
-1782
-1764
-1638
-1396
-804
-409
-202
-87
182
573
1122
1687
1806
1742
1642
1840
2064
2130
1916
1485
1023
624
443
146
-414
-1114
-1733
-2113
-2474
-2880
-3365
-3679
-3879
-4024
-4136
-4319
-4380
-4237
-3933
-3710
-3499
-3413
-3175
-2659
-2005
-1567
-730
-1
210
258
996
1860
2357
3130
3397
3193
2887
3538
4123
4489
4385
3872
3559
3495
3656
3447
3234
2490
1718
1377
1219
851
378
-83
-711
-1067
-1168
-1356
-1469
-1419
-1415
-1479
-1456
-1300
-1048
-541
-251
-127
-31
225
682
1145
1515
1473
1456
1439
1628
1759
1711
1472
1029
666
310
121
-281
-823
-1444
-1941
-2318
-2685
-3102
-3473
-3680
-3825
-4043
-4204
-4232
-4169
-3940
-3744
-3425
-3375
-3159
-2831
-2116
-1720
-1287
-257
318
394
364
1444
2023
2654
3296
3439
2984
2864
3739
4199
4546
4161
3715
3386
3516
3614
3422
3097
2185
1531
1364
1247
800
344
-150
-782
-1035
-1120
-1286
-1313
-1287
-1335
-1423
-1312
-1147
-760
-316
-163
-96
64
432
885
1285
1439
1335
1315
1384
1618
1665
1442
1092
705
411
98
-133
-638
-1233
-1807
-2226
-2571
-2973
-3358
-3655
-3770
-3944
-4088
-4157
-4116
-4017
-3722
-3480
-3227
-3147
-2844
-2399
-1783
-1481
-990
27
445
469
571
1599
2034
2627
3179
3200
2776
2839
3722
4083
4296
3861
3510
3274
3425
3486
3300
2912
2040
1586
1535
1352
882
452
-59
-627
-786
-855
-1033
-1085
-1111
-1142
-1197
-1124
-915
-495
-175
-165
-75
82
431
835
1128
1156
1015
1025
1118
1369
1300
1008
667
363
107
-123
-337
-876
-1454
-1949
-2281
-2599
-2953
-3246
-3489
-3626
-3793
-3797
-3808
-3795
-3667
-3349
-3195
-3074
-2811
-2483
-2096
-1708
-1358
-971
-19
485
618
660
1374
1868
2371
3014
3028
2769
2699
3476
3850
4112
3814
3455
3264
3327
3463
3278
2998
2245
1864
1754
1547
1104
648
157
-339
-510
-642
-874
-1013
-1079
-1041
-1085
-1133
-981
-630
-388
-363
-192
-115
83
408
710
758
677
708
759
941
871
683
452
208
-56
-247
-453
-928
-1415
-1846
-2185
-2472
-2770
-3068
-3315
-3432
-3561
-3571
-3576
-3570
-3513
-3214
-3024
-2883
-2644
-2427
-2123
-1763
-1329
-1064
-130
506
716
621
1232
1816
2206
2928
3141
2996
2671
3322
3753
4147
4020
3693
3431
3364
3517
3400
3290
2631
2123
1848
1635
1224
817
405
-137
-479
-729
-955
-1071
-1117
-1132
-1238
-1327
-1246
-902
-564
-449
-337
-247
-64
252
623
743
717
693
728
866
929
810
574
339
68
-156
-410
-769
-1228
-1678
-2093
-2396
-2662
-2959
-3204
-3366
-3515
-3605
-3603
-3525
-3480
-3286
-3091
-2886
-2672
-2497
-2230
-1887
-1449
-1210
-373
381
682
564
1003
1683
2073
2713
3104
3103
2704
3079
3587
4002
4018
3728
3426
3279
3370
3329
3241
2741
2143
1774
1529
1159
824
426
-56
-537
-801
-1079
-1137
-1125
-1199
-1328
-1427
-1268
-1041
-587
-449
-333
-249
-31
309
681
927
841
845
828
970
1057
1060
812
504
264
12
-265
-619
-1026
-1477
-1907
-2240
-2502
-2782
-3035
-3234
-3342
-3469
-3508
-3466
-3293
-3181
-3011
-2876
-2670
-2455
-2164
-1808
-1491
-1221
-693
204
651
695
797
1444
1898
2409
2982
3104
2765
2697
3290
3675
3850
3618
3266
3036
3060
3130
3010
2680
2043
1609
1417
1136
761
367
-9
-471
-759
-940
-1086
-1087
-1120
-1179
-1237
-1117
-957
-660
-402
-303
-203
-46
212
501
755
799
734
713
769
848
880
713
429
160
-56
-328
-644
-1025
-1418
-1776
-2069
-2308
-2585
-2855
-3037
-3090
-3127
-3155
-3202
-3089
-2996
-2752
-2652
-2496
-2321
-2076
-1753
-1477
-1083
-861
-57
500
732
665
1126
1751
2082
2756
2941
2832
2506
3004
3472
3702
3721
3302
3133
3050
3220
3077
2877
2390
1792
1646
1393
1081
565
206
-212
-554
-681
-959
-958
-1076
-1106
-1188
-1022
-917
-825
-520
-420
-282
-198
106
279
478
567
612
649
642
694
726
652
409
213
17
-258
-575
-858
-1211
-1560
-1878
-2117
-2406
-2699
-2914
-2998
-3018
-3066
-3143
-3147
-3112
-2954
-2811
-2641
-2495
-2384
-2182
-1908
-1442
-1218
-594
32
341
271
606
1359
1752
2339
2653
2700
2399
2753
3329
3663
3781
3470
3284
3228
3413
3322
3176
2793
2203
1936
1786
1446
950
554
148
-247
-449
-725
-898
-913
-991
-1058
-1055
-910
-876
-593
-345
-263
-170
-12
307
497
716
714
757
753
777
922
902
735
417
258
-29
-300
-568
-885
-1270
-1687
-2001
-2297
-2575
-2848
-3012
-3071
-3221
-3370
-3405
-3347
-3267
-3162
-3031
-2965
-2812
-2623
-2306
-1931
-1622
-1257
-557
1
145
293
931
1475
1905
2499
2782
2643
2595
3191
3613
3893
3788
3570
3388
3422
3489
3332
3151
2568
2142
1893
1660
1176
805
448
-26
-353
-609
-832
-924
-923
-993
-1023
-996
-914
-754
-412
-273
-166
-42
200
434
665
813
725
772
749
871
887
793
494
218
26
-289
-516
-858
-1202
-1622
-1940
-2257
-2561
-2801
-3035
-3115
-3230
-3324
-3466
-3467
-3356
-3210
-3056
-2998
-2873
-2712
-2369
-2005
-1629
-1368
-811
-79
343
482
784
1414
1816
2390
2911
3060
2776
2959
3529
3930
4080
3859
3588
3376
3461
3441
3331
2964
2343
1929
1709
1401
1001
643
200
-301
-528
-762
-865
-886
-943
-993
-1016
-879
-828
-519
-361
-218
-117
113
351
484
694
659
694
680
742
724
674
469
175
-22
-301
-598
-893
-1220
-1635
-1970
-2234
-2533
-2812
-3052
-3232
-3337
-3437
-3473
-3545
-3541
-3440
-3256
-3108
-3006
-2846
-2613
-2274
-1926
-1595
-1282
-564
186
527
581
933
1520
1989
2629
3129
3101
2788
3106
3729
4114
4173
3917
3618
3492
3620
3607
3449
3014
2387
2020
1812
1518
1115
723
218
-241
-432
-640
-675
-721
-794
-891
-869
-740
-616
-325
-253
-170
-83
185
393
523
622
577
645
670
717
681
565
315
75
-107
-416
-745
-1030
-1411
-1808
-2159
-2398
-2703
-2960
-3217
-3404
-3498
-3655
-3634
-3706
-3608
-3573
-3363
-3246
-3119
-2900
-2652
-2239
-1969
-1581
-1285
-446
256
619
707
1065
1652
2088
2794
3192
3191
2936
3329
3877
4196
4223
4006
3808
3705
3773
3674
3472
3024
2453
2101
1870
1513
1086
682
224
-219
-452
-652
-708
-774
-886
-966
-966
-848
-712
-446
-394
-359
-246
-15
185
296
388
364
458
513
560
509
358
154
-40
-188
-498
-803
-1140
-1500
-1863
-2149
-2387
-2706
-2994
-3255
-3401
-3512
-3597
-3631
-3652
-3625
-3532
-3286
-3110
-2983
-2779
-2480
-2137
-1734
-1312
-995
-390
386
927
1106
1384
1893
2355
2924
3429
3566
3399
3517
3920
4269
4409
4234
4013
3868
3810
3674
3480
3128
2557
2107
1797
1476
1031
614
197
-217
-510
-745
-881
-941
-1022
-1127
-1111
-1041
-935
-707
-548
-527
-429
-220
-24
132
236
247
284
375
413
405
282
89
-79
-220
-433
-772
-1132
-1498
-1818
-2086
-2332
-2600
-2963
-3232
-3392
-3462
-3557
-3620
-3613
-3647
-3577
-3382
-3060
-2919
-2774
-2482
-2131
-1759
-1337
-858
-534
89
850
1332
1448
1738
2290
2726
3267
3652
3696
3502
3658
4006
4274
4355
4089
3841
3685
3630
3421
3215
2807
2217
1801
1501
1184
721
350
-89
-424
-658
-833
-941
-1027
-1114
-1180
-1059
-1011
-861
-660
-531
-502
-335
-110
30
197
259
277
284
357
339
329
215
24
-146
-335
-601
-950
-1274
-1614
-1895
-2165
-2421
-2716
-2992
-3195
-3294
-3370
-3467
-3510
-3472
-3435
-3322
-3075
-2845
-2683
-2479
-2100
-1735
-1351
-948
-528
-120
494
1183
1536
1667
1955
2486
2909
3392
3662
3601
3449
3605
3922
4099
4119
3812
3530
3344
3264
3064
2823
2388
1817
1421
1105
816
431
97
-323
-619
-806
-936
-1002
-1065
-1127
-1162
-1058
-978
-792
-597
-478
-408
-254
-71
87
260
311
287
257
267
250
262
162
-54
-289
-521
-787
-1077
-1368
-1697
-1993
-2269
-2524
-2770
-2952
-3124
-3234
-3300
-3368
-3382
-3323
-3229
-3084
-2841
-2621
-2414
-2151
-1776
-1393
-986
-585
-201
197
767
1405
1783
1929
2161
2609
3034
3484
3729
3671
3475
3568
3860
4025
3983
3661
3334
3103
3032
2866
2589
2132
1580
1165
873
604
247
-97
-457
-749
-921
-1031
-1088
-1128
-1164
-1162
-1096
-957
-799
-566
-417
-306
-171
12
212
349
447
407
394
360
381
363
265
65
-202
-427
-710
-980
-1318
-1639
-1980
-2269
-2532
-2770
-2959
-3145
-3250
-3340
-3387
-3407
-3329
-3231
-3071
-2838
-2579
-2344
-2113
-1773
-1379
-946
-563
-187
140
572
1180
1714
1951
2037
2331
2726
3146
3464
3538
3349
3225
3436
3652
3690
3464
3142
2867
2732
2663
2424
2080
1584
1169
877
664
361
4
-271
-546
-704
-818
-857
-931
-958
-928
-863
-734
-624
-431
-260
-122
-18
150
330
437
528
550
514
433
410
393
296
110
-133
-389
-669
-962
-1255
-1593
-1957
-2280
-2529
-2750
-2967
-3113
-3247
-3313
-3381
-3333
-3262
-3141
-2974
-2761
-2474
-2254
-1964
-1720
-1309
-922
-505
-178
124
476
907
1514
1854
2030
2096
2420
2741
3084
3294
3231
3078
3032
3254
3331
3322
3064
2800
2586
2500
2381
2142
1844
1421
1124
911
728
440
207
-10
-220
-337
-405
-458
-518
-522
-517
-472
-394
-307
-174
-74
-29
10
114
187
208
222
159
39
-80
-114
-202
-361
-592
-828
-1077
-1329
-1567
-1831
-2140
-2457
-2663
-2838
-2988
-3139
-3210
-3279
-3262
-3209
-3113
-3011
-2845
-2616
-2373
-2074
-1857
-1602
-1324
-893
-506
-151
131
388
718
1149
1634
1904
2075
2168
2395
2671
2957
3093
3044
2976
2946
3051
3121
3117
2911
2680
2519
2409
2292
2108
1860
1525
1261
1068
907
712
500
287
102
-21
-121
-182
-217
-257
-305
-316
-273
-212
-130
-52
-21
-31
-35
6
62
63
-25
-154
-278
-377
-457
-562
-745
-995
-1244
-1439
-1613
-1817
-2066
-2309
-2498
-2661
-2774
-2843
-2891
-2970
-2958
-2866
-2774
-2687
-2526
-2319
-2136
-1892
-1637
-1377
-1139
-812
-493
-171
136
395
673
1003
1326
1546
1835
2047
2176
2312
2559
2672
2698
2806
2852
2813
2786
2831
2747
2684
2582
2431
2255
2106
1912
1732
1597
1330
1056
873
730
507
376
227
-2
-169
-200
-238
-304
-363
-447
-470
-415
-345
-330
-338
-415
-458
-409
-364
-439
-551
-680
-821
-902
-956
-1083
-1293
-1499
-1694
-1837
-1967
-2122
-2307
-2465
-2614
-2706
-2713
-2719
-2763
-2743
-2662
-2582
-2444
-2246
-2066
-1913
-1679
-1412
-1143
-881
-615
-358
-53
258
532
807
1068
1275
1518
1854
2072
2176
2301
2479
2574
2710
2858
2875
2814
2818
2869
2863
2855
2734
2596
2467
2354
2191
2074
1905
1638
1436
1279
1083
843
710
513
307
132
7
-139
-242
-328
-439
-509
-587
-631
-658
-661
-762
-832
-871
-913
-969
-1014
-1101
-1249
-1333
-1395
-1455
-1565
-1682
-1825
-1941
-2020
-2087
-2155
-2251
-2336
-2389
-2376
-2352
-2313
-2264
-2215
-2133
-2007
-1834
-1669
-1506
-1343
-1147
-925
-701
-467
-232
-13
197
459
710
923
1132
1356
1560
1761
1953
2097
2220
2344
2469
2569
2656
2684
2684
2702
2718
2693
2640
2556
2430
2304
2193
2064
1892
1711
1515
1320
1140
960
755
552
363
166
-4
-158
-306
-461
-583
-689
-788
-873
-941
-1010
-1082
-1135
-1196
-1242
-1298
-1352
-1417
-1471
-1526
-1587
-1632
-1691
-1754
-1820
-1869
-1926
-1977
-2010
-2047
-2075
-2095
-2089
-2076
-2037
-1985
-1923
-1841
-1747
-1622
-1492
-1332
-1182
-1013
-836
-644
-442
-236
-18
179
403
617
846
1053
1271
1479
1671
1866
2041
2206
2336
2477
2572
2655
2715
2757
2770
2764
2747
2683
2618
2514
2401
2259
2117
1948
1763
1583
1387
1190
990
801
593
405
214
31
-143
-297
-446
-588
-704
-818
-908
-991
-1054
-1121
-1173
-1222
-1268
-1305
-1345
-1382
-1430
-1461
-1507
-1540
-1580
-1618
-1661
-1702
-1736
-1776
-1801
-1837
-1851
-1875
-1875
-1875
-1853
-1824
-1779
-1711
-1641
-1536
-1439
-1307
-1184
-1029
-881
-711
-536
-361
-171
9
220
401
618
806
1017
1204
1403
1587
1759
1943
2082
2233
2340
2461
2520
2597
2629
2646
2641
2614
2579
2502
2436
2314
2201
2048
1897
1713
1532
1339
1125
924
710
512
299
114
-87
-265
-434
-591
-740
-870
-987
-1097
-1182
-1269
-1336
-1396
-1440
-1483
-1517
-1547
-1578
-1604
-1624
-1646
-1673
-1687
-1713
-1729
-1742
-1754
-1767
-1773
-1779
-1782
-1775
-1764
-1747
-1719
-1672
-1616
-1536
-1443
-1336
-1219
-1084
-941
-783
-617
-453
-280
-109
75
251
442
622
809
997
1190
1381
1559
1738
1896
2060
2199
2326
2422
2505
2558
2595
2617
2611
2591
2544
2492
2408
2317
2196
2055
1894
1712
1521
1313
1106
884
668
448
237
32
-160
-338
-510
-660
-806
-935
-1051
-1153
-1245
-1323
-1388
-1438
-1470
-1490
-1504
-1513
-1522
-1528
-1531
-1532
-1533
-1532
-1530
-1528
-1530
-1529
-1526
-1529
-1529
-1528
-1527
-1522
-1510
-1488
-1457
-1405
-1337
-1256
-1162
-1053
-934
-808
-667
-523
-372
-221
-64
93
252
416
579
750
922
1100
1277
1453
1619
1784
1939
2081
2206
2306
2382
2433
2472
2488
2489
2463
2426
2365
2291
2195
2079
1940
1775
1593
1394
1190
977
765
546
328
115
-87
-280
-455
-614
-766
-901
-1029
-1141
-1237
-1323
-1398
-1455
-1499
-1527
-1538
-1540
-1539
-1537
-1536
-1535
-1530
-1522
-1506
-1497
-1490
-1484
-1481
-1480
-1476
-1474
-1473
-1470
-1465
-1450
-1425
-1386
-1333
-1266
-1188
-1095
-993
-880
-761
-634
-499
-359
-212
-64
86
241
397
557
721
889
1054
1220
1382
1543
1697
1846
1981
2103
2203
2282
2344
2386
2411
2416
2407
2380
2336
2273
2195
2095
1975
1838
1682
1509
1328
1144
955
763
567
370
177
-4
-177
-341
-492
-639
-780
-911
-1030
-1137
-1233
-1318
-1395
-1455
-1504
-1542
-1572
-1602
-1630
-1657
-1675
-1686
-1692
-1695
-1696
-1697
-1696
-1691
-1678
-1661
-1642
-1617
-1588
-1546
-1495
-1426
-1350
-1263
-1165
-1060
-943
-821
-693
-556
-417
-273
-124
30
186
339
495
653
807
962
1110
1255
1392
1522
1648
1764
1873
1962
2041
2102
2146
2177
2191
2190
2173
2144
2098
2039
1961
1875
1770
1652
1523
1384
1237
1083
929
765
598
429
261
98
-60
-215
-365
-508
-647
-777
-900
-1011
-1117
-1213
-1300
-1379
-1447
-1505
-1555
-1597
-1638
-1669
-1692
-1707
-1714
-1716
-1712
-1702
-1685
-1659
-1626
-1589
-1543
-1492
-1434
-1367
-1291
-1208
-1118
-1023
-920
-809
-695
-575
-453
-328
-197
-62
73
211
346
482
618
750
882
1005
1125
1239
1345
1446
1535
1620
1692
1758
1809
1848
1877
1894
1901
1894
1874
1841
1799
1744
1678
1600
1512
1416
1311
1199
1079
953
821
685
546
406
264
120
-20
-161
-297
-426
-554
-678
-795
-904
-1011
-1111
-1203
-1290
-1364
-1433
-1492
-1543
-1589
-1624
-1652
-1673
-1684
-1688
-1683
-1671
-1650
-1620
-1584
-1539
-1488
-1429
-1361
-1291
-1212
-1126
-1035
-936
-836
-730
-621
-504
-383
-262
-135
-10
117
247
376
504
629
751
870
989
1098
1204
1303
1393
1477
1553
1621
1681
1728
1764
1792
1809
1815
1809
1792
1764
1725
1675
1617
1547
1466
1378
1282
1177
1066
947
821
693
558
424
288
149
8
-128
-264
-394
-523
-646
-767
-883
-990
-1093
-1187
-1277
-1360
-1432
-1494
-1551
-1601
-1640
-1671
-1694
-1706
-1710
-1707
-1693
-1670
-1637
-1598
-1550
-1496
-1432
-1361
-1287
-1202
-1111
-1015
-914
-808
-696
-580
-460
-337
-213
-87
42
171
298
423
547
669
785
900
1008
1110
1206
1295
1376
1453
1517
1576
1625
1663
1693
1711
1721
1720
1709
1686
1656
1612
1561
1504
1436
1360
1275
1183
1087
985
875
762
642
522
397
269
144
17
-110
-235
-358
-477
-592
-705
-810
-912
-1008
-1101
-1186
-1264
-1333
-1397
-1453
-1501
-1540
-1573
-1592
-1605
-1610
-1603
-1587
-1563
-1530
-1490
-1442
-1385
-1322
-1250
-1172
-1087
-996
-899
-798
-692
-581
-468
-351
-231
-110
10
131
249
369
484
598
709
816
917
1015
1109
1193
1269
1339
1403
1458
1507
1546
1576
1596
1605
1608
1601
1587
1561
1525
1478
1427
1368
1301
1227
1143
1056
959
859
755
643
531
415
296
173
51
-72
-195
-315
-433
-547
-659
-766
-870
-967
-1059
-1147
-1227
-1300
-1365
-1423
-1471
-1512
-1546
-1567
-1581
-1586
-1581
-1564
-1541
-1508
-1468
-1419
-1364
-1300
-1228
-1152
-1067
-980
-886
-786
-682
-577
-468
-358
-244
-129
-15
98
209
318
424
526
626
721
811
896
976
1049
1115
1172
1222
1266
1304
1331
1353
1366
1368
1365
1353
1335
1309
1277
1232
1186
1132
1072
1007
937
863
783
701
613
525
436
345
255
163
71
-20
-109
-198
-284
-365
-445
-520
-590
-655
-717
-774
-822
-867
-907
-940
-967
-988
-1002
-1010
-1012
-1008
-997
-982
-961
-935
-904
-868
-828
-784
-736
-683
-629
-572
-512
-448
-386
-321
-255
-190
-127
-63
1
63
120
177
234
286
336
385
427
469
505
538
568
591
611
628
641
652
659
661
661
655
644
631
615
596
575
549
524
496
464
431
398
361
326
286
246
208
169
128
91
52
13
-27
-63
-99
-132
-165
-197
-224
-253
-275
-298
-319
-339
-356
-373
-386
-396
-407
-414
-418
-418
-416
-414
-408
-402
-396
-383
-374
-362
-346
-334
-317
-299
-279
-259
-241
-219
-195
-173
-150
-127
-106
-82
-62
-39
-15
6
28
48
68
90
108
127
146
162
176
193
207
220
232
243
253
262
268
272
277
280
282
283
282
278
274
271
265
258
250
241
233
223
211
200
189
176
164
148
135
118
104
88
74
57
43
26
10
-5
-20
-32
-49
-62
-75
-88
-101
-116
-129
-141
-152
-162
-172
-179
-188
-193
-199
-204
-208
-209
-213
-214
-214
-214
-212
-213
-207
-204
-201
-194
-186
-178
-169
-162
-153
-143
-134
-123
-113
-102
-91
-78
-65
-54
-41
-30
-17
-3
9
24
35
46
58
68
81
92
102
110
117
127
133
143
150
154
159
164
170
174
177
179
179
180
180
177
176
172
166
161
155
150
144
137
128
120
110
101
93
84
73
61
52
40
32
20
8
-4
-14
-25
-35
-44
-56
-64
-72
-82
-90
-97
-104
-109
-114
-118
-124
-128
-132
-134
-136
-139
-137
-140
-137
-137
-136
-133
-130
-127
-122
-119
-115
-108
-102
-96
-89
-83
-76
-68
-60
-52
-46
-39
-31
-25
-17
-10
-2
5
13
19
26
33
40
47
54
60
66
72
78
81
85
88
93
95
99
101
103
102
101
100
99
97
93
91
87
84
82
77
76
72
67
62
58
53
46
41
35
31
24
19
13
7
3
-4
-12
-16
-21
-26
-31
-35
-38
-44
-46
-51
-56
-60
-65
-67
-68
-68
-70
-69
-69
-71
-70
-70
-68
-69
-67
-66
-61
-58
-53
-50
-46
-41
-38
-34
-31
-25
-20
-15
-10
-5
0
6
10
14
19
24
28
34
39
43
45
47
50
55
56
60
60
61
63
61
63
65
63
63
62
62
58
57
54
49
45
42
36
31
28
24
22
15
12
9
6
1
-2
-4
-9
-9
-12
-16
-21
-23
-25
-29
-31
-35
-39
-41
-41
-43
-47
-47
-50
-53
-54
-56
-59
-61
-63
-63
-61
-61
-60
-59
-60
-57
-55
-54
-53
-52
-50
-46
-43
-42
-39
-36
-31
-27
-24
-19
-14
-10
-7
-3
0
5
7
10
13
19
21
25
27
31
34
36
37
39
40
43
44
47
49
48
48
50
51
50
52
50
49
48
47
48
48
47
46
46
45
42
41
39
37
34
31
30
28
26
24
25
21
19
18
15
14
11
7
5
2
-1
-3
-6
-7
-10
-14
-17
-20
-24
-26
-29
-33
-34
-37
-38
-40
-41
-43
-44
-44
-44
-46
-47
-46
-47
-46
-45
-44
-42
-41
-41
-38
-37
-34
-31
-29
-26
-26
-23
-20
-21
-19
-16
-13
-12
-7
-4
-3
-2
-1
3
5
8
9
10
12
13
16
18
21
21
22
24
25
26
26
28
28
28
30
31
31
30
29
29
29
27
26
26
24
24
23
22
20
18
17
16
15
13
11
11
9
7
7
4
3
1
1
-1
-3
-4
-6
-6
-6
-8
-7
-7
-8
-9
-8
-7
-7
-7
-8
-7
-7
-9
-9
-7
-8
-7
-7
-10
-10
-9
-10
-9
-8
-8
-9
-7
-8
-8
-8
-9
-7
-7
-8
-7
-6
-5
-6
-7
-5
-5
-4
-4
-2
-2
-3
-3
-3
-3
-1
0
1
1
1
4
4
4
5
5
5
5
5
5
4
3
4
3
3
4
3
4
3
4
5
4
3
3
2
2
2
2
1
1
2
2
1
1
2
2
3
1
1
-1
-1
-1
-2
-3
-3
-4
-2
-2
-4
-2
-4
-1
0
-2
-3
-3
-3
-1
-2
-1
-2
-2
-3
-3
-3
-3
-3
-3
-1
-2
-3
-1
0
0
-1
-2
-2
0
0
0
0
0
1
0
0
1
1
2
3
3
2
5
4
2
3
3
4
3
2
3
4
2
1
1
0
1
2
3
3
4
3
3
4
4
3
3
3
0
2
0
1
1
1
1
-1
-1
-2
-2
-1
-2
-3
-5
-4
-4
-5
-5
-5
-5
-5
-5
-4
-5
-5
-5
-5
-4
-4
-3
-3
-2
-2
-3
-3
-3
-3
-2
-2
-1
-3
-2
0
0
-1
1
1
1
-1
0
1
-1
1
0
2
2
3
3
3
5
4
3
3
5
4
4
4
4
4
3
3
3
3
3
2
3
5
5
6
3
3
4
4
4
2
1
0
-1
-1
-1
-3
-3
-3
-4
-4
-1
-3
-4
-4
-4
-4
-3
-3
-4
-5
-5
-4
-3
-4
-4
-5
-3
-4
-4
-3
-2
-1
0
0
1
1
0
-1
-1
0
0
0
1
0
1
2
3
3
3
3
3
2
3
3
2
1
2
2
2
2
3
4
3
4
3
3
2
2
2
2
2
2
2
2
2
3
3
2
2
1
2
0
1
1
1
2
0
0
0
1
0
-1
0
-2
-1
0
-2
-2
-3
-4
-4
-4
-3
-3
-5
-3
-2
-3
-2
-4
-3
-5
-3
-4
-4
-3
-4
-3
-1
-2
-3
-4
-2
-2
-2
-2
-2
-2
-1
-1
1
0
0
1
-1
-2
-1
0
0
0
1
2
2
4
4
3
3
4
3
4
3
4
5
4
3
4
4
2
3
4
4
5
5
3
4
4
2
2
0
2
2
1
0
1
-1
0
1
1
1
0
-1
0
-3
-4
-2
-2
0
-2
-2
-1
-1
-1
-1
-1
-1
-1
-3
-2
-3
-3
-3
-2
-2
-2
-2
-2
0
-1
1
-1
-1
1
-1
-2
-1
0
0
1
0
1
0
0
1
1
1
-1
-1
2
1
2
2
2
0
0
2
2
1
1
2
3
1
2
1
1
1
1
0
1
1
0
1
0
1
2
1
0
-1
-1
0
1
-1
-1
-1
-1
-1
-1
-3
-2
-3
-3
-1
-3
-3
-3
-1
-1
0
0
-2
-1
0
-1
-1
-2
-1
-2
-3
-2
-1
-2
-1
-1
-2
1
-2
-2
0
0
-1
1
1
0
0
0
1
1
1
1
2
3
5
4
3
3
3
2
2
2
2
3
3
1
1
3
2
2
3
2
2
2
2
3
2
1
1
0
0
0
0
-1
-1
-2
-1
-1
-2
-3
-2
-2
0
-1
-1
-2
-1
-2
-1
-2
-2
-3
-2
-1
-2
-1
-2
-2
-2
-3
-4
-3
-3
-3
-1
-2
-3
-1
-1
-2
-3
-3
-3
-2
-2
-1
-1
-1
0
2
2
2
4
1
2
3
0
2
2
2
3
2
2
3
3
4
3
3
3
3
2
3
2
2
3
2
3
4
2
2
1
0
3
2
0
1
0
-1
0
0
-1
2
0
-1
1
-2
-2
-3
-3
-3
-4
-3
-2
-3
-3
-4
-4
-3
-4
-3
-3
-2
-1
-3
-2
-2
-2
-2
-2
-1
-1
-2
0
-1
-2
-2
0
-1
1
-1
-1
-1
0
-1
1
0
-1
1
1
2
1
2
2
3
2
2
2
2
2
1
2
2
3
2
1
0
1
2
2
2
2
2
4
2
2
3
2
1
1
1
1
1
2
2
1
2
2
1
1
2
3
1
2
0
-1
0
-2
-2
0
-2
-2
-3
-1
-3
-3
-4
-3
-3
-3
-3
-2
0
0
0
0
-1
0
0
-1
-3
-2
-2
-3
0
0
1
1
1
2
1
1
1
-1
-1
-1
0
1
1
0
0
2
2
1
0
-1
0
1
0
1
-1
1
2
1
2
1
0
0
-1
-1
-1
2
1
1
0
0
0
0
-2
0
-1
-2
-2
-1
0
-1
0
0
-1
-1
-1
0
-3
-3
-2
-2
-3
-2
0
0
-1
1
1
0
1
0
0
0
0
0
-3
0
0
0
0
1
0
0
2
0
1
0
-1
0
2
1
1
1
1
2
1
3
1
2
2
2
0
0
0
-1
-1
-1
0
1
1
0
1
0
0
1
1
0
1
1
1
3
1
1
2
0
1
1
-1
-1
-1
-1
-1
0
-2
0
-1
0
0
-1
-1
-1
-1
0
0
-1
-1
-2
-2
-1
0
-1
0
-1
0
-2
-1
-1
-2
-2
-2
-1
-2
-2
-1
1
1
0
2
0
1
0
0
0
0
1
0
1
0
-1
1
0
0
1
-1
1
0
1
0
1
2
2
2
0
1
0
0
-1
-1
0
1
1
1
2
1
0
-1
1
0
1
1
1
0
0
0
-1
0
0
-1
-1
0
1
2
1
1
0
0
0
1
-1
1
1
0
0
1
0
-1
0
0
0
0
0
0
1
-1
0
-1
1
-1
0
0
-1
0
1
-1
0
-2
-1
1
0
-1
0
1
2
1
0
0
0
0
0
-1
-1
0
0
1
0
0
-1
-1
-2
-2
-1
-1
0
-1
0
0
0
1
2
2
2
2
1
0
-1
-2
-2
-2
-1
-2
-3
-1
0
0
-2
-1
-1
-1
-2
-2
-2
-1
0
-1
-1
-2
-1
-1
-1
0
0
-1
0
0
0
-1
0
-1
0
0
1
0
0
0
1
2
1
2
0
1
1
1
0
0
1
0
2
0
1
1
0
0
0
2
2
1
1
2
1
1
1
2
0
1
1
0
1
2
1
1
0
0
1
2
1
0
1
2
2
1
0
-1
0
-1
1
0
-1
0
0
1
1
0
-1
0
-2
-1
1
2
1
0
-1
0
-2
-1
1
-1
0
