SAMPLES:	15155
BITSPERSAMPLE:	16
CHANNELS:	1
SAMPLERATE:	16000
NORMALIZED:	FALSE
-1
-2
-1
-1
0
2
2
3
2
2
3
4
4
4
1
1
2
2
2
2
2
0
1
1
1
1
0
1
1
4
3
2
2
2
3
3
2
2
1
2
1
1
1
0
-1
-1
-1
-2
-1
0
-1
-1
0
0
1
0
1
-1
-1
-2
-3
-4
-5
-4
-3
-3
-1
-1
-1
0
0
-1
-2
-2
-3
-2
-3
-3
-5
-4
-4
-3
-1
0
1
0
0
0
2
1
0
1
2
1
2
3
2
1
3
1
1
3
2
2
0
0
0
-3
-4
-4
-5
-5
-4
-5
-3
-3
-2
-2
-2
-1
-1
0
-1
0
2
2
3
2
3
2
1
1
2
3
2
2
2
1
2
3
1
1
2
0
2
4
4
1
1
1
1
-1
0
0
0
3
1
2
2
3
4
3
4
3
1
2
3
4
3
3
2
0
0
0
1
0
0
-1
0
0
2
2
1
-1
-2
-2
-1
-2
-2
-2
-2
-3
-1
1
0
-1
-2
-2
-1
-1
0
0
-2
0
-1
0
0
1
1
3
5
3
2
2
1
1
1
1
1
2
1
1
0
1
0
-1
-1
-2
-3
-2
-3
-4
-4
-3
-3
-2
-3
-1
-1
-3
-2
-3
-3
-4
-6
-8
-7
-8
-5
-3
-3
-3
-3
-3
-2
-1
0
-2
-1
0
0
2
2
2
0
1
0
0
0
1
1
0
2
1
3
3
5
3
1
1
-1
2
3
3
1
3
5
5
5
3
3
1
2
3
3
2
3
2
2
4
5
5
3
3
2
4
5
5
4
2
0
0
0
0
0
-1
0
0
1
2
1
0
0
0
0
1
2
0
2
1
0
-1
0
2
0
0
-1
0
-3
-2
-3
-5
-4
-5
-4
-5
-3
-3
-3
-3
-3
-2
-2
-3
-4
-3
-4
-5
-6
-6
-5
-4
-3
-3
-4
-2
-1
0
1
-1
-2
-1
-1
1
1
1
2
1
2
1
2
3
3
3
4
5
3
6
4
4
3
3
3
2
5
5
5
4
2
4
3
3
5
3
2
3
4
5
4
4
1
-1
-1
1
1
2
0
0
0
0
0
-1
-1
-2
-1
-2
-2
-1
-2
-3
-2
-1
0
0
-1
-2
-3
-3
-4
-5
-2
-3
-5
-6
-6
-4
-5
-5
-4
-4
-2
-2
-2
0
-2
-2
0
0
-1
-1
-1
-2
-1
-1
-1
-1
-1
-1
-1
0
1
1
1
1
1
3
3
2
2
2
0
-1
0
0
4
3
2
2
1
1
-1
-2
-3
-3
-3
-1
1
-1
-1
-1
-1
0
0
0
-2
-2
-3
-2
-2
-1
-1
-1
0
1
0
-1
-1
-1
0
0
3
0
2
3
4
4
4
4
4
3
2
2
1
1
0
0
1
-1
2
1
0
2
0
1
0
-1
-1
1
1
3
1
0
-2
-3
-2
-2
-2
-3
-2
-2
0
0
2
3
2
3
3
2
3
3
2
0
0
0
-1
-2
-2
-1
-2
-4
-2
-4
-2
-2
-2
0
-1
1
-1
0
1
1
0
1
3
0
3
3
3
2
2
2
-1
0
1
1
-1
-2
-2
-2
-1
-1
-1
0
-1
-2
-4
-2
-3
0
0
-2
-1
0
0
-1
-2
-2
-2
-2
-1
-3
-1
-1
-2
-2
-1
1
1
1
2
3
2
3
3
3
3
2
4
4
4
3
2
2
2
3
2
2
1
2
1
0
2
1
1
0
-3
-2
-4
-6
-6
-6
-6
-8
-7
-7
-5
-4
-6
-7
-4
-3
-3
-3
-3
-3
-2
-3
-1
0
0
2
1
2
0
1
1
1
1
0
2
1
1
1
2
3
1
1
2
3
3
3
3
2
2
4
4
2
3
3
4
7
7
9
6
6
4
6
6
6
3
3
3
1
4
5
4
5
4
5
4
5
7
6
7
6
6
7
8
8
7
4
4
3
1
0
-1
-2
-1
-2
-3
-6
-7
-8
-10
-9
-12
-12
-16
-16
-14
-14
-12
-10
-11
-12
-11
-11
-9
-8
-6
-6
-7
-7
-7
-9
-9
-13
-15
-14
-15
-16
-18
-20
-21
-20
-18
-17
-14
-12
-10
-6
-3
2
8
13
18
22
29
36
43
49
55
59
63
65
68
69
71
69
67
65
63
57
52
47
39
32
25
16
6
-4
-15
-25
-34
-46
-57
-67
-76
-88
-98
-106
-115
-122
-130
-136
-140
-144
-147
-148
-146
-143
-138
-133
-126
-115
-107
-95
-80
-66
-49
-30
-14
8
28
47
71
91
109
132
150
169
189
202
218
238
248
261
270
275
284
284
280
281
274
264
253
237
217
201
174
150
125
95
67
40
4
-27
-56
-93
-122
-155
-190
-217
-249
-280
-306
-333
-361
-383
-408
-429
-448
-466
-478
-486
-491
-491
-486
-480
-461
-440
-414
-381
-341
-300
-249
-195
-139
-76
-14
53
118
182
247
309
368
422
477
522
568
609
640
667
689
704
712
717
713
707
691
668
642
610
573
527
478
418
360
294
224
151
75
-3
-85
-166
-249
-328
-407
-484
-556
-628
-691
-745
-798
-837
-870
-898
-912
-920
-918
-906
-883
-852
-809
-760
-702
-634
-562
-482
-398
-310
-219
-126
-33
59
152
243
332
416
495
568
636
694
744
783
812
834
847
851
847
836
817
797
767
738
704
666
631
589
549
501
459
411
362
309
256
205
146
89
28
-33
-100
-166
-237
-313
-392
-471
-553
-637
-720
-797
-873
-947
-1011
-1063
-1109
-1149
-1165
-1178
-1173
-1158
-1122
-1072
-1016
-931
-847
-734
-621
-484
-342
-197
-37
114
274
421
567
702
823
930
1022
1095
1156
1194
1225
1226
1222
1205
1162
1119
1051
985
894
805
709
607
507
394
308
206
119
43
-20
-74
-119
-134
-155
-150
-150
-122
-97
-78
-43
-16
10
4
21
4
-33
-75
-135
-207
-310
-399
-509
-624
-746
-864
-974
-1099
-1209
-1300
-1395
-1476
-1543
-1577
-1605
-1610
-1570
-1519
-1425
-1318
-1155
-975
-783
-549
-305
-48
198
463
714
937
1146
1341
1504
1638
1740
1834
1879
1897
1905
1878
1837
1749
1676
1554
1418
1277
1121
967
775
620
449
285
129
-7
-121
-241
-314
-385
-429
-478
-493
-501
-509
-505
-495
-485
-504
-500
-522
-556
-610
-661
-727
-815
-890
-970
-1044
-1130
-1191
-1237
-1295
-1327
-1338
-1334
-1331
-1299
-1243
-1186
-1112
-1009
-877
-742
-589
-393
-180
26
260
513
756
984
1214
1435
1611
1759
1891
1981
2028
2030
2029
1973
1882
1783
1665
1530
1350
1205
1034
847
673
510
360
188
62
-44
-144
-233
-284
-307
-339
-342
-313
-280
-259
-210
-158
-118
-92
-46
-29
-35
-49
-80
-130
-223
-306
-425
-557
-709
-862
-1028
-1212
-1381
-1555
-1731
-1888
-2041
-2170
-2286
-2363
-2420
-2451
-2429
-2386
-2289
-2163
-1968
-1756
-1499
-1190
-859
-508
-143
259
635
993
1360
1702
1991
2244
2485
2654
2762
2846
2894
2869
2796
2724
2609
2435
2253
2082
1862
1618
1400
1194
945
714
530
345
148
-7
-104
-218
-319
-356
-368
-398
-409
-367
-354
-364
-361
-354
-394
-464
-521
-606
-721
-855
-961
-1096
-1242
-1366
-1489
-1619
-1744
-1844
-1943
-2043
-2104
-2162
-2183
-2184
-2130
-2048
-1934
-1761
-1553
-1305
-1035
-715
-400
-86
253
582
893
1181
1468
1728
1934
2141
2327
2474
2558
2641
2689
2667
2616
2534
2417
2233
2038
1841
1610
1360
1129
917
684
496
333
196
69
-18
-91
-145
-180
-210
-223
-258
-271
-295
-335
-383
-425
-496
-585
-667
-763
-884
-994
-1120
-1235
-1374
-1502
-1622
-1744
-1880
-2005
-2104
-2234
-2315
-2408
-2444
-2486
-2487
-2434
-2339
-2191
-2038
-1779
-1527
-1213
-898
-526
-172
158
515
850
1186
1437
1746
1977
2199
2374
2592
2749
2844
2953
3037
3071
3014
3000
2899
2727
2513
2331
2073
1749
1454
1183
871
555
322
126
-117
-298
-397
-488
-606
-651
-675
-731
-776
-814
-839
-933
-993
-1078
-1165
-1291
-1369
-1482
-1611
-1684
-1763
-1862
-1945
-1959
-2017
-2066
-2081
-2059
-2066
-2072
-2005
-1905
-1851
-1766
-1579
-1388
-1225
-977
-676
-386
-101
236
609
943
1238
1562
1895
2129
2358
2591
2764
2863
2961
3041
3052
3023
2973
2915
2770
2614
2460
2258
1990
1761
1531
1230
949
700
452
160
-62
-237
-422
-618
-730
-807
-940
-1031
-1077
-1132
-1248
-1303
-1351
-1439
-1554
-1623
-1689
-1815
-1908
-1972
-2030
-2138
-2164
-2195
-2217
-2262
-2232
-2215
-2185
-2164
-2084
-1985
-1911
-1786
-1620
-1407
-1241
-972
-698
-363
-83
274
639
993
1286
1616
1959
2204
2438
2664
2883
2998
3120
3210
3275
3252
3216
3159
3039
2860
2671
2445
2159
1862
1560
1235
904
606
314
31
-223
-427
-620
-795
-934
-1041
-1153
-1262
-1337
-1415
-1521
-1623
-1698
-1788
-1891
-1970
-2015
-2075
-2130
-2148
-2147
-2168
-2178
-2152
-2137
-2137
-2120
-2060
-2035
-1986
-1900
-1769
-1677
-1517
-1299
-1077
-841
-539
-168
150
512
895
1325
1636
1983
2342
2666
2880
3123
3359
3502
3592
3665
3722
3662
3598
3472
3355
3099
2878
2585
2262
1886
1527
1141
722
362
9
-319
-631
-854
-1056
-1236
-1381
-1445
-1532
-1618
-1678
-1706
-1796
-1886
-1937
-1995
-2080
-2153
-2164
-2191
-2227
-2229
-2196
-2171
-2181
-2136
-2114
-2101
-2111
-2067
-2068
-2051
-1995
-1902
-1821
-1708
-1482
-1279
-1031
-764
-352
-21
340
728
1190
1534
1854
2231
2568
2807
3011
3279
3430
3534
3587
3691
3634
3565
3449
3341
3101
2843
2593
2275
1916
1547
1226
835
484
166
-113
-392
-603
-772
-914
-1056
-1140
-1222
-1317
-1415
-1484
-1583
-1703
-1780
-1858
-1942
-2024
-2042
-2081
-2108
-2117
-2089
-2086
-2095
-2082
-2047
-2060
-2098
-2078
-2071
-2095
-2091
-2009
-1934
-1871
-1738
-1509
-1279
-1056
-731
-313
44
397
833
1302
1636
1974
2364
2719
2943
3179
3463
3652
3735
3833
3951
3916
3811
3702
3585
3318
3044
2764
2463
2063
1685
1329
937
567
224
-70
-381
-611
-825
-1003
-1188
-1309
-1439
-1570
-1688
-1764
-1864
-1981
-2040
-2103
-2181
-2256
-2278
-2330
-2371
-2400
-2385
-2400
-2415
-2416
-2392
-2412
-2421
-2392
-2388
-2399
-2374
-2280
-2215
-2119
-1984
-1745
-1517
-1232
-887
-441
-26
386
858
1348
1782
2171
2599
2977
3304
3556
3836
4030
4168
4235
4314
4295
4226
4101
3918
3661
3361
3064
2670
2267
1850
1456
974
538
167
-171
-532
-829
-1038
-1249
-1443
-1573
-1621
-1716
-1784
-1813
-1814
-1880
-1910
-1936
-1977
-2043
-2086
-2120
-2175
-2210
-2225
-2218
-2252
-2225
-2206
-2197
-2242
-2210
-2230
-2281
-2339
-2305
-2268
-2257
-2204
-2064
-1858
-1685
-1361
-980
-536
-159
343
833
1334
1757
2216
2670
3032
3341
3636
3922
4039
4160
4226
4294
4218
4161
4047
3893
3584
3285
3002
2626
2196
1776
1411
937
496
97
-225
-589
-892
-1139
-1330
-1530
-1657
-1730
-1794
-1849
-1864
-1852
-1889
-1897
-1919
-1951
-2022
-2031
-2066
-2103
-2152
-2127
-2110
-2113
-2093
-2024
-1985
-2015
-1998
-2009
-2058
-2178
-2162
-2132
-2086
-2095
-1961
-1789
-1590
-1315
-913
-462
-73
410
906
1439
1856
2334
2770
3167
3454
3769
4033
4180
4273
4342
4378
4293
4218
4081
3927
3614
3319
2975
2610
2163
1745
1321
869
427
13
-361
-727
-1024
-1307
-1524
-1739
-1852
-1976
-2046
-2123
-2122
-2142
-2148
-2142
-2138
-2162
-2209
-2199
-2204
-2214
-2254
-2222
-2194
-2158
-2147
-2079
-2036
-2023
-2027
-2053
-2095
-2213
-2262
-2272
-2214
-2213
-2140
-2003
-1803
-1544
-1197
-735
-322
137
613
1184
1646
2132
2587
3052
3383
3700
4006
4238
4375
4453
4565
4523
4457
4298
4193
3906
3617
3248
2903
2449
1987
1551
1112
674
224
-145
-537
-843
-1164
-1371
-1603
-1737
-1869
-1924
-1994
-2028
-2030
-2029
-1994
-1988
-1955
-1985
-1966
-1974
-1928
-1960
-1956
-1949
-1917
-1927
-1926
-1908
-1920
-1946
-2020
-2061
-2181
-2297
-2371
-2348
-2339
-2323
-2209
-2043
-1822
-1547
-1112
-652
-214
243
814
1377
1864
2362
2878
3327
3634
3970
4262
4482
4568
4687
4751
4709
4584
4435
4248
3928
3601
3218
2805
2301
1817
1338
867
402
-26
-442
-830
-1161
-1448
-1684
-1902
-2014
-2134
-2181
-2241
-2227
-2244
-2231
-2182
-2139
-2125
-2136
-2098
-2072
-2044
-2042
-1999
-1985
-1979
-1993
-1955
-1963
-2000
-2042
-2099
-2164
-2295
-2407
-2450
-2465
-2455
-2442
-2290
-2127
-1905
-1609
-1175
-693
-260
227
802
1403
1884
2396
2903
3376
3678
4021
4303
4538
4632
4731
4815
4783
4693
4541
4380
4066
3780
3406
2998
2500
2038
1561
1062
589
170
-237
-671
-1016
-1295
-1534
-1793
-1914
-2011
-2084
-2169
-2155
-2137
-2156
-2142
-2103
-2084
-2137
-2130
-2113
-2101
-2138
-2112
-2097
-2108
-2155
-2126
-2115
-2175
-2226
-2271
-2332
-2464
-2596
-2612
-2629
-2612
-2611
-2434
-2224
-1994
-1661
-1205
-661
-214
311
900
1560
2044
2545
3061
3556
3865
4179
4506
4739
4820
4868
4977
4948
4822
4658
4517
4206
3848
3475
3084
2572
2061
1580
1094
590
122
-280
-688
-1073
-1382
-1618
-1842
-1997
-2113
-2177
-2251
-2239
-2222
-2214
-2197
-2171
-2177
-2206
-2212
-2204
-2224
-2258
-2237
-2238
-2250
-2296
-2269
-2268
-2319
-2371
-2384
-2458
-2581
-2742
-2745
-2777
-2758
-2760
-2612
-2375
-2150
-1796
-1337
-755
-308
222
822
1495
2028
2515
3042
3567
3912
4238
4611
4909
5008
5086
5217
5252
5142
4984
4859
4584
4221
3826
3469
2960
2445
1942
1468
950
472
25
-362
-746
-1075
-1369
-1601
-1771
-1932
-2035
-2141
-2151
-2178
-2219
-2243
-2236
-2291
-2352
-2401
-2407
-2462
-2511
-2510
-2516
-2546
-2586
-2585
-2582
-2635
-2688
-2690
-2748
-2838
-2997
-3005
-3020
-2994
-2960
-2843
-2580
-2335
-1981
-1535
-946
-482
12
607
1287
1856
2327
2834
3369
3752
4046
4451
4787
4947
5021
5217
5314
5257
5114
5022
4814
4462
4097
3757
3285
2723
2238
1758
1225
701
248
-146
-529
-886
-1205
-1460
-1683
-1868
-1997
-2112
-2203
-2262
-2337
-2391
-2418
-2476
-2541
-2614
-2633
-2645
-2673
-2668
-2654
-2647
-2661
-2659
-2631
-2649
-2694
-2699
-2692
-2725
-2844
-2890
-2829
-2800
-2735
-2647
-2369
-2107
-1789
-1379
-833
-333
93
680
1353
1964
2393
2891
3410
3829
4088
4476
4826
5018
5085
5282
5427
5370
5238
5148
5000
4627
4282
3952
3497
2878
2376
1905
1342
740
277
-135
-552
-978
-1307
-1583
-1894
-2129
-2290
-2408
-2578
-2687
-2767
-2840
-2897
-2944
-2989
-3039
-3071
-3028
-3008
-2970
-2920
-2849
-2805
-2763
-2691
-2645
-2646
-2624
-2554
-2519
-2573
-2642
-2526
-2480
-2391
-2332
-2065
-1815
-1553
-1178
-705
-190
184
727
1374
2005
2413
2874
3383
3839
4086
4430
4783
5004
5081
5236
5426
5378
5238
5129
5055
4709
4348
4029
3641
3047
2506
2074
1554
927
437
34
-361
-830
-1183
-1434
-1762
-2031
-2222
-2350
-2542
-2691
-2771
-2860
-2955
-3020
-3083
-3133
-3183
-3143
-3127
-3089
-3045
-2948
-2886
-2846
-2788
-2738
-2735
-2722
-2631
-2597
-2613
-2734
-2605
-2570
-2460
-2440
-2191
-1911
-1701
-1304
-854
-255
114
669
1323
2013
2435
2894
3411
3913
4139
4440
4801
5048
5121
5229
5442
5396
5240
5086
5059
4723
4336
3974
3630
3066
2483
2041
1558
928
410
-12
-388
-856
-1234
-1461
-1776
-2029
-2242
-2364
-2559
-2712
-2785
-2866
-2983
-3078
-3150
-3220
-3274
-3262
-3240
-3215
-3186
-3099
-3013
-2963
-2931
-2881
-2853
-2816
-2716
-2660
-2630
-2733
-2594
-2522
-2395
-2349
-2148
-1826
-1643
-1242
-809
-186
182
694
1346
2018
2471
2886
3433
3923
4182
4457
4842
5119
5207
5325
5550
5543
5414
5274
5259
4955
4603
4251
3922
3370
2790
2338
1856
1220
678
225
-195
-674
-1096
-1360
-1725
-2012
-2286
-2430
-2661
-2833
-2951
-3035
-3176
-3290
-3362
-3453
-3505
-3529
-3478
-3463
-3422
-3349
-3231
-3156
-3091
-3008
-2927
-2863
-2749
-2648
-2577
-2626
-2497
-2346
-2223
-2124
-1971
-1617
-1443
-1059
-653
-51
329
769
1400
2036
2513
2869
3420
3899
4206
4444
4848
5118
5222
5296
5530
5540
5403
5246
5206
4946
4568
4239
3909
3370
2757
2305
1843
1224
637
198
-236
-709
-1175
-1452
-1807
-2129
-2426
-2580
-2783
-2970
-3097
-3195
-3323
-3440
-3489
-3563
-3594
-3621
-3555
-3528
-3483
-3399
-3267
-3191
-3127
-3008
-2905
-2855
-2778
-2675
-2598
-2668
-2581
-2402
-2272
-2183
-2068
-1709
-1515
-1159
-779
-178
248
664
1270
1918
2448
2809
3328
3850
4224
4449
4869
5170
5334
5353
5616
5688
5586
5427
5378
5230
4806
4482
4151
3671
3024
2518
2083
1480
830
367
-48
-531
-1055
-1379
-1694
-2056
-2369
-2557
-2735
-2967
-3107
-3223
-3357
-3491
-3559
-3592
-3636
-3664
-3620
-3570
-3535
-3451
-3327
-3251
-3209
-3090
-3000
-2957
-2887
-2802
-2715
-2823
-2736
-2573
-2420
-2363
-2241
-1866
-1662
-1307
-912
-266
199
643
1275
1975
2520
2928
3444
4007
4389
4631
5056
5380
5534
5529
5807
5880
5786
5627
5590
5426
4997
4644
4320
3836
3189
2657
2192
1579
879
420
-15
-531
-1089
-1429
-1758
-2156
-2486
-2674
-2881
-3135
-3289
-3411
-3551
-3703
-3763
-3800
-3844
-3875
-3804
-3741
-3682
-3595
-3443
-3366
-3302
-3176
-3079
-3019
-2932
-2820
-2743
-2838
-2776
-2617
-2494
-2449
-2338
-1945
-1758
-1397
-995
-329
144
589
1251
1965
2512
2923
3484
4072
4490
4759
5221
5579
5741
5747
6051
6124
6022
5846
5812
5588
5153
4762
4427
3919
3242
2694
2183
1565
805
325
-149
-681
-1276
-1634
-1978
-2388
-2746
-2934
-3134
-3366
-3532
-3647
-3748
-3889
-3925
-3961
-3955
-3970
-3859
-3784
-3674
-3564
-3389
-3286
-3182
-3029
-2907
-2814
-2711
-2558
-2483
-2537
-2472
-2301
-2190
-2140
-2036
-1640
-1455
-1115
-739
-106
327
705
1327
1991
2487
2825
3374
3941
4343
4588
5039
5401
5554
5572
5876
5973
5872
5683
5687
5458
5049
4646
4328
3851
3168
2633
2139
1548
790
300
-158
-668
-1284
-1629
-1969
-2355
-2737
-2913
-3086
-3295
-3454
-3541
-3612
-3759
-3785
-3785
-3740
-3754
-3658
-3592
-3477
-3389
-3242
-3141
-3058
-2942
-2836
-2759
-2679
-2570
-2492
-2529
-2437
-2280
-2163
-2096
-1953
-1572
-1350
-1008
-645
-31
365
752
1344
2003
2450
2791
3335
3915
4286
4523
4959
5311
5430
5460
5740
5794
5655
5428
5446
5187
4747
4319
3970
3463
2748
2208
1709
1091
351
-120
-551
-1067
-1663
-1972
-2271
-2647
-2990
-3113
-3246
-3441
-3539
-3572
-3627
-3772
-3754
-3677
-3601
-3588
-3504
-3410
-3312
-3208
-3080
-2976
-2913
-2809
-2712
-2649
-2571
-2497
-2423
-2449
-2323
-2187
-2092
-2046
-1830
-1497
-1264
-918
-549
60
431
883
1488
2153
2569
2990
3561
4153
4505
4793
5256
5600
5718
5808
6095
6102
5954
5764
5788
5507
5054
4622
4245
3644
2920
2351
1804
1101
352
-127
-590
-1159
-1747
-2073
-2381
-2781
-3107
-3199
-3351
-3557
-3647
-3664
-3756
-3897
-3865
-3749
-3677
-3640
-3561
-3442
-3360
-3241
-3113
-3019
-2954
-2846
-2736
-2677
-2583
-2515
-2450
-2484
-2342
-2234
-2142
-2131
-1857
-1550
-1308
-955
-551
81
449
947
1572
2236
2634
3085
3673
4245
4544
4865
5290
5615
5675
5785
6037
6008
5840
5641
5652
5329
4872
4406
4027
3360
2639
2042
1473
743
8
-480
-935
-1486
-2029
-2338
-2628
-2963
-3266
-3305
-3452
-3608
-3695
-3672
-3735
-3820
-3756
-3618
-3514
-3441
-3344
-3213
-3119
-3022
-2900
-2830
-2757
-2674
-2584
-2538
-2474
-2416
-2417
-2470
-2345
-2279
-2192
-2206
-1920
-1640
-1400
-1041
-576
59
442
960
1644
2303
2730
3211
3850
4413
4685
5077
5474
5798
5791
5950
6176
6128
5945
5734
5731
5338
4872
4401
4015
3322
2576
1987
1409
661
-69
-562
-1017
-1578
-2096
-2400
-2696
-3016
-3324
-3357
-3517
-3663
-3746
-3691
-3714
-3765
-3674
-3548
-3445
-3362
-3259
-3121
-3030
-2949
-2815
-2746
-2673
-2611
-2518
-2466
-2415
-2350
-2372
-2438
-2326
-2271
-2164
-2190
-1926
-1657
-1415
-1050
-575
46
424
932
1621
2285
2722
3196
3821
4374
4642
5041
5430
5742
5710
5880
6103
6052
5860
5650
5631
5214
4737
4295
3918
3248
2514
1969
1441
707
12
-452
-879
-1457
-1962
-2255
-2566
-2913
-3233
-3277
-3460
-3632
-3722
-3672
-3696
-3769
-3703
-3616
-3566
-3513
-3427
-3298
-3233
-3162
-3020
-2938
-2860
-2792
-2671
-2593
-2512
-2433
-2423
-2466
-2351
-2275
-2133
-2137
-1883
-1607
-1341
-967
-499
124
516
1032
1705
2399
2857
3315
3914
4474
4770
5138
5532
5848
5828
5965
6173
6161
5949
5729
5664
5271
4763
4294
3889
3218
2477
1886
1379
632
-54
-557
-964
-1538
-2040
-2336
-2641
-2976
-3280
-3336
-3472
-3646
-3734
-3697
-3702
-3745
-3721
-3623
-3573
-3504
-3423
-3290
-3191
-3100
-2982
-2891
-2798
-2722
-2618
-2546
-2456
-2401
-2392
-2437
-2331
-2252
-2122
-2107
-1877
-1596
-1326
-958
-518
98
524
1036
1678
2365
2856
3294
3863
4426
4758
5091
5462
5788
5827
5920
6097
6125
5943
5725
5633
5312
4829
4339
3915
3287
2569
1936
1401
667
-18
-574
-1001
-1537
-2037
-2355
-2656
-2966
-3231
-3319
-3414
-3577
-3659
-3637
-3636
-3642
-3643
-3547
-3486
-3399
-3307
-3192
-3065
-2961
-2878
-2795
-2696
-2619
-2561
-2518
-2452
-2420
-2424
-2508
-2419
-2357
-2261
-2259
-2056
-1771
-1533
-1183
-756
-126
303
804
1428
2137
2627
3074
3637
4239
4570
4907
5306
5671
5769
5836
6055
6107
5962
5726
5658
5371
4906
4384
3987
3367
2643
1971
1419
720
2
-577
-1022
-1511
-2046
-2372
-2659
-2953
-3235
-3330
-3406
-3547
-3649
-3638
-3623
-3633
-3645
-3575
-3500
-3427
-3339
-3240
-3092
-2999
-2918
-2819
-2695
-2612
-2546
-2473
-2406
-2344
-2314
-2372
-2276
-2205
-2092
-2078
-1884
-1595
-1338
-994
-566
66
498
961
1567
2283
2762
3202
3735
4335
4640
4955
5346
5709
5813
5862
6087
6132
5992
5730
5667
5402
4958
4438
4063
3448
2737
2047
1500
833
92
-498
-972
-1437
-2003
-2361
-2659
-2969
-3287
-3391
-3484
-3613
-3731
-3735
-3713
-3739
-3756
-3723
-3641
-3568
-3476
-3380
-3229
-3131
-3017
-2902
-2769
-2662
-2564
-2476
-2398
-2290
-2241
-2288
-2194
-2093
-1971
-1955
-1781
-1468
-1194
-872
-437
195
611
1042
1652
2373
2841
3254
3787
4371
4664
4941
5315
5639
5711
5740
5935
5949
5771
5492
5395
5141
4700
4204
3816
3214
2517
1834
1303
634
-106
-706
-1201
-1659
-2221
-2602
-2898
-3215
-3511
-3610
-3689
-3804
-3900
-3878
-3838
-3845
-3863
-3821
-3704
-3597
-3492
-3371
-3219
-3091
-2947
-2786
-2649
-2523
-2406
-2308
-2202
-2093
-2062
-2119
-2016
-1932
-1805
-1810
-1643
-1342
-1081
-769
-336
266
657
1105
1731
2441
2893
3297
3831
4423
4718
4994
5364
5665
5735
5780
5979
5996
5813
5549
5447
5229
4783
4313
3930
3348
2663
1983
1477
774
47
-563
-1067
-1531
-2097
-2483
-2774
-3089
-3356
-3474
-3558
-3675
-3766
-3746
-3732
-3736
-3778
-3729
-3625
-3517
-3441
-3343
-3213
-3078
-2950
-2791
-2674
-2576
-2470
-2372
-2256
-2171
-2162
-2217
-2090
-2027
-1890
-1891
-1667
-1379
-1110
-773
-316
273
649
1156
1806
2489
2896
3309
3835
4420
4671
4962
5313
5589
5639
5682
5886
5894
5684
5411
5325
5074
4593
4115
3732
3123
2412
1745
1247
512
-197
-778
-1232
-1694
-2256
-2576
-2838
-3117
-3369
-3474
-3549
-3685
-3788
-3764
-3769
-3798
-3834
-3749
-3632
-3537
-3454
-3335
-3157
-3004
-2864
-2692
-2576
-2492
-2402
-2284
-2191
-2132
-2157
-2179
-2052
-1988
-1882
-1863
-1587
-1318
-1021
-689
-192
361
744
1268
1944
2573
2954
3390
3935
4497
4718
5042
5394
5678
5699
5778
5973
5989
5745
5513
5438
5119
4623
4132
3731
3059
2333
1663
1121
349
-358
-928
-1368
-1882
-2427
-2716
-2977
-3240
-3493
-3589
-3668
-3820
-3928
-3899
-3927
-3956
-3971
-3848
-3722
-3612
-3500
-3329
-3107
-2932
-2752
-2577
-2428
-2324
-2225
-2104
-2012
-1947
-1970
-1963
-1845
-1751
-1678
-1658
-1369
-1112
-812
-524
-5
503
868
1367
2028
2593
2948
3378
3918
4425
4614
4936
5269
5519
5488
5608
5754
5751
5494
5332
5230
4873
4397
3929
3526
2849
2188
1553
1008
251
-395
-927
-1368
-1894
-2363
-2628
-2875
-3118
-3345
-3423
-3488
-3617
-3710
-3692
-3739
-3751
-3770
-3653
-3550
-3432
-3338
-3171
-2988
-2830
-2674
-2550
-2397
-2302
-2225
-2143
-2043
-1983
-2031
-2023
-1918
-1792
-1763
-1749
-1438
-1179
-887
-598
-16
480
844
1374
2061
2608
2970
3418
3991
4465
4648
4993
5329
5526
5480
5657
5762
5716
5456
5320
5164
4760
4244
3788
3355
2664
2007
1372
802
49
-566
-1091
-1526
-2047
-2454
-2714
-2955
-3195
-3390
-3452
-3501
-3589
-3664
-3659
-3691
-3700
-3723
-3603
-3508
-3393
-3328
-3174
-3010
-2865
-2734
-2626
-2450
-2378
-2290
-2208
-2094
-2060
-2133
-2069
-1966
-1821
-1843
-1776
-1444
-1176
-863
-503
121
593
1000
1595
2299
2797
3177
3624
4217
4612
4797
5152
5471
5605
5577
5796
5883
5792
5541
5440
5262
4820
4282
3868
3390
2672
1993
1394
792
33
-559
-1055
-1487
-2025
-2401
-2666
-2939
-3214
-3402
-3466
-3545
-3638
-3708
-3718
-3764
-3811
-3811
-3681
-3605
-3513
-3453
-3292
-3126
-2995
-2870
-2750
-2578
-2522
-2413
-2336
-2243
-2245
-2313
-2184
-2065
-1919
-1962
-1786
-1431
-1119
-789
-338
310
770
1225
1871
2573
3001
3381
3832
4422
4709
4913
5251
5552
5619
5621
5839
5899
5754
5526
5455
5235
4751
4214
3794
3236
2497
1802
1217
540
-191
-768
-1235
-1703
-2234
-2587
-2866
-3139
-3406
-3564
-3631
-3705
-3774
-3805
-3807
-3838
-3853
-3788
-3644
-3538
-3426
-3310
-3114
-2925
-2793
-2666
-2518
-2372
-2300
-2214
-2144
-2091
-2150
-2200
-2063
-1929
-1852
-1874
-1619
-1280
-972
-647
-120
491
908
1400
2075
2705
3045
3425
3920
4441
4668
4928
5274
5546
5581
5658
5864
5882
5711
5547
5467
5170
4659
4141
3660
3043
2315
1627
1017
313
-343
-890
-1334
-1827
-2291
-2620
-2896
-3142
-3385
-3547
-3630
-3703
-3773
-3831
-3865
-3870
-3861
-3784
-3675
-3544
-3433
-3299
-3103
-2919
-2802
-2692
-2536
-2382
-2318
-2277
-2205
-2193
-2298
-2298
-2168
-2030
-2017
-1962
-1631
-1313
-985
-619
9
565
989
1577
2288
2807
3138
3590
4153
4542
4765
5091
5412
5591
5582
5744
5860
5788
5577
5457
5288
4890
4361
3859
3322
2675
1974
1312
689
7
-570
-1067
-1494
-1960
-2314
-2594
-2814
-3019
-3236
-3359
-3426
-3479
-3593
-3667
-3700
-3687
-3689
-3640
-3555
-3444
-3363
-3252
-3043
-2905
-2791
-2690
-2472
-2334
-2309
-2246
-2184
-2228
-2340
-2271
-2166
-2060
-2152
-1940
-1614
-1265
-948
-467
207
670
1195
1862
2547
2949
3338
3872
4430
4675
4963
5290
5584
5641
5713
5901
5925
5779
5598
5514
5240
4764
4240
3747
3151
2468
1748
1103
419
-235
-799
-1278
-1733
-2148
-2453
-2702
-2900
-3115
-3287
-3395
-3431
-3540
-3640
-3723
-3727
-3739
-3736
-3673
-3578
-3473
-3414
-3231
-3025
-2869
-2773
-2595
-2373
-2299
-2262
-2204
-2185
-2312
-2332
-2257
-2110
-2164
-2134
-1786
-1422
-1046
-706
-42
524
1009
1582
2295
2828
3154
3575
4170
4551
4741
5044
5365
5583
5589
5764
5879
5846
5653
5549
5390
4990
4456
3948
3381
2710
1953
1246
575
-108
-704
-1230
-1655
-2050
-2369
-2618
-2797
-2958
-3122
-3290
-3354
-3438
-3548
-3689
-3747
-3750
-3768
-3758
-3666
-3515
-3424
-3307
-3061
-2820
-2693
-2586
-2381
-2229
-2224
-2242
-2244
-2332
-2474
-2460
-2354
-2294
-2378
-2100
-1705
-1252
-916
-342
334
847
1376
2014
2685
3014
3342
3831
4359
4554
4798
5096
5437
5529
5687
5892
5984
5906
5778
5696
5379
4901
4341
3771
3065
2299
1520
826
111
-495
-1037
-1470
-1850
-2155
-2380
-2568
-2707
-2840
-3008
-3170
-3282
-3417
-3566
-3736
-3777
-3799
-3833
-3825
-3683
-3518
-3411
-3200
-2910
-2671
-2563
-2403
-2227
-2145
-2214
-2267
-2328
-2495
-2555
-2503
-2390
-2465
-2306
-1923
-1425
-1005
-477
246
842
1376
1983
2704
3114
3388
3763
4297
4556
4726
4952
5263
5411
5538
5777
5934
5950
5840
5785
5560
5158
4610
4037
3336
2562
1754
1009
276
-360
-899
-1361
-1747
-2062
-2276
-2471
-2603
-2722
-2872
-3060
-3218
-3375
-3550
-3784
-3915
-3961
-4028
-4092
-4018
-3850
-3718
-3530
-3229
-2917
-2752
-2598
-2420
-2284
-2331
-2411
-2474
-2661
-2764
-2739
-2616
-2654
-2574
-2208
-1713
-1217
-695
52
713
1286
1903
2652
3141
3460
3815
4337
4660
4838
5063
5329
5509
5586
5825
5986
6042
5939
5885
5697
5355
4839
4289
3600
2841
2036
1245
480
-214
-772
-1297
-1714
-2070
-2300
-2524
-2650
-2762
-2899
-3070
-3196
-3321
-3485
-3711
-3865
-3906
-3976
-4030
-3980
-3816
-3667
-3470
-3149
-2812
-2609
-2443
-2255
-2098
-2114
-2191
-2250
-2472
-2616
-2639
-2538
-2577
-2550
-2219
-1788
-1288
-811
-100
549
1106
1700
2422
2916
3253
3607
4118
4456
4664
4922
5194
5407
5447
5678
5828
5893
5781
5741
5571
5245
4775
4281
3635
2908
2167
1431
660
-68
-613
-1153
-1608
-2011
-2242
-2496
-2661
-2785
-2912
-3099
-3227
-3319
-3432
-3640
-3804
-3837
-3888
-3930
-3918
-3751
-3626
-3449
-3157
-2838
-2639
-2505
-2327
-2165
-2147
-2216
-2249
-2459
-2607
-2664
-2563
-2594
-2613
-2300
-1908
-1405
-974
-284
374
923
1526
2277
2832
3187
3541
4095
4496
4718
5006
5303
5541
5563
5783
5940
6002
5858
5815
5687
5332
4856
4398
3812
3099
2381
1687
926
163
-388
-909
-1395
-1835
-2082
-2338
-2556
-2687
-2800
-3002
-3154
-3260
-3338
-3527
-3726
-3774
-3811
-3851
-3890
-3731
-3622
-3479
-3240
-2949
-2752
-2675
-2509
-2370
-2324
-2411
-2442
-2637
-2788
-2846
-2746
-2719
-2798
-2493
-2118
-1608
-1211
-542
115
642
1218
1994
2608
2948
3281
3852
4362
4575
4908
5220
5497
5532
5782
5977
6064
5941
5891
5816
5440
4951
4501
3960
3253
2553
1850
1108
327
-212
-703
-1188
-1647
-1922
-2156
-2420
-2575
-2705
-2920
-3105
-3245
-3342
-3524
-3778
-3864
-3897
-3927
-3977
-3835
-3727
-3581
-3351
-3073
-2862
-2806
-2624
-2491
-2429
-2517
-2563
-2735
-2920
-2950
-2857
-2750
-2867
-2569
-2179
-1670
-1249
-607
72
605
1170
1946
2626
2967
3289
3835
4430
4636
4971
5276
5581
5643
5874
6101
6199
6121
6059
6007
5670
5180
4704
4152
3446
2737
1987
1239
436
-119
-629
-1108
-1582
-1895
-2109
-2362
-2516
-2649
-2849
-3019
-3156
-3259
-3422
-3680
-3785
-3820
-3856
-3883
-3763
-3673
-3529
-3288
-3021
-2808
-2729
-2548
-2394
-2329
-2400
-2457
-2609
-2853
-2904
-2848
-2735
-2907
-2680
-2311
-1880
-1437
-857
-164
355
921
1663
2398
2758
3072
3572
4186
4423
4730
5044
5372
5491
5692
5987
6115
6118
6079
6071
5838
5419
4932
4371
3679
2972
2212
1449
639
34
-523
-1016
-1491
-1842
-2072
-2329
-2470
-2592
-2787
-2998
-3139
-3270
-3460
-3744
-3871
-3933
-4040
-4090
-3977
-3886
-3778
-3547
-3268
-3032
-2916
-2731
-2528
-2419
-2472
-2519
-2622
-2888
-2958
-2927
-2803
-2979
-2819
-2427
-2043
-1572
-1013
-247
294
888
1617
2391
2805
3101
3546
4130
4382
4632
4948
5273
5429
5584
5929
6091
6151
6119
6154
5976
5617
5139
4611
3916
3200
2469
1723
915
265
-290
-789
-1251
-1585
-1802
-2057
-2198
-2312
-2470
-2733
-2901
-3059
-3283
-3624
-3803
-3903
-4066
-4173
-4070
-3953
-3878
-3695
-3399
-3128
-3011
-2833
-2625
-2497
-2577
-2659
-2737
-3019
-3139
-3133
-2996
-3125
-3037
-2631
-2221
-1744
-1205
-387
209
797
1508
2282
2773
3080
3483
4057
4355
4594
4926
5265
5485
5643
6002
6207
6303
6265
6288
6117
5774
5297
4784
4088
3348
2622
1876
1077
383
-176
-711
-1187
-1538
-1763
-2038
-2219
-2366
-2523
-2793
-2993
-3157
-3375
-3710
-3916
-4024
-4175
-4265
-4154
-3993
-3903
-3743
-3425
-3108
-2979
-2804
-2589
-2457
-2520
-2627
-2675
-2924
-3069
-3089
-2958
-3018
-2976
-2622
-2208
-1724
-1248
-472
148
701
1365
2101
2635
2991
3367
3922
4265
4513
4848
5171
5437
5601
5932
6137
6236
6195
6183
6036
5739
5302
4817
4167
3458
2756
2027
1267
565
13
-557
-1049
-1428
-1665
-1947
-2169
-2325
-2491
-2741
-2963
-3130
-3329
-3625
-3861
-3971
-4112
-4189
-4125
-3971
-3875
-3747
-3476
-3158
-3000
-2837
-2626
-2505
-2509
-2618
-2653
-2883
-3005
-3067
-2976
-3028
-2998
-2684
-2309
-1824
-1369
-634
-17
521
1175
1936
2469
2864
3249
3804
4148
4393
4744
5067
5330
5485
5822
6041
6123
6095
6097
5994
5719
5307
4858
4232
3528
2809
2087
1334
610
53
-514
-1019
-1411
-1652
-1904
-2114
-2235
-2365
-2576
-2800
-2983
-3155
-3446
-3692
-3823
-3972
-4079
-4082
-3955
-3874
-3765
-3538
-3229
-3039
-2866
-2639
-2490
-2460
-2555
-2585
-2820
-2947
-3035
-2981
-3052
-3078
-2756
-2388
-1896
-1443
-699
-68
478
1151
1952
2498
2865
3243
3792
4142
4360
4714
5041
5306
5433
5798
6049
6137
6132
6169
6125
5860
5456
5035
4427
3713
2972
2248
1482
726
152
-386
-903
-1312
-1576
-1824
-2025
-2165
-2280
-2487
-2727
-2949
-3123
-3434
-3686
-3840
-4006
-4143
-4189
-4066
-4007
-3915
-3732
-3432
-3246
-3080
-2855
-2668
-2622
-2715
-2727
-2937
-3035
-3130
-3074
-3151
-3207
-2898
-2521
-2033
-1590
-856
-222
361
1051
1863
2429
2824
3223
3805
4212
4469
4835
5167
5432
5545
5896
6134
6209
6188
6217
6179
5911
5497
5084
4484
3788
3055
2352
1588
825
253
-280
-800
-1229
-1521
-1796
-2011
-2202
-2326
-2545
-2788
-3000
-3180
-3479
-3723
-3864
-4013
-4123
-4160
-4043
-4006
-3916
-3741
-3455
-3270
-3116
-2899
-2696
-2656
-2714
-2721
-2897
-2933
-3019
-2953
-3061
-3074
-2801
-2436
-1999
-1558
-870
-294
291
980
1757
2270
2673
3104
3714
4116
4407
4763
5106
5337
5464
5795
6027
6086
6046
6075
6021
5743
5326
4930
4362
3714
3013
2357
1622
919
361
-144
-630
-1060
-1362
-1646
-1861
-2077
-2215
-2432
-2657
-2861
-3065
-3358
-3615
-3782
-3919
-3998
-4019
-3957
-3950
-3871
-3687
-3462
-3298
-3163
-2972
-2797
-2796
-2821
-2889
-3053
-3074
-3108
-3039
-3151
-3072
-2795
-2405
-1991
-1494
-837
-281
317
1045
1799
2284
2688
3151
3753
4093
4407
4737
5096
5295
5482
5813
6043
6094
6070
6100
6025
5729
5326
4920
4344
3702
2996
2337
1591
921
374
-98
-573
-995
-1285
-1543
-1753
-1953
-2094
-2286
-2488
-2705
-2913
-3208
-3493
-3726
-3876
-3948
-3962
-3929
-3919
-3856
-3669
-3476
-3320
-3180
-3007
-2853
-2863
-2886
-3036
-3204
-3260
-3284
-3239
-3349
-3228
-2953
-2540
-2116
-1563
-919
-342
284
1053
1797
2295
2714
3203
3781
4084
4410
4722
5091
5283
5531
5861
6084
6139
6147
6187
6098
5798
5405
4977
4383
3727
3006
2326
1556
891
354
-105
-613
-1028
-1314
-1564
-1796
-1998
-2169
-2374
-2578
-2814
-3016
-3317
-3599
-3843
-4002
-4086
-4082
-4030
-3988
-3923
-3737
-3536
-3379
-3219
-3047
-2881
-2873
-2877
-3045
-3171
-3228
-3246
-3221
-3313
-3153
-2886
-2469
-2035
-1445
-819
-234
403
1200
1914
2418
2864
3397
3955
4250
4583
4878
5226
5380
5624
5910
6074
6082
6089
6116
6007
5694
5292
4839
4250
3588
2872
2209
1460
807
275
-177
-683
-1093
-1373
-1604
-1798
-1968
-2139
-2346
-2531
-2743
-2932
-3207
-3450
-3652
-3791
-3880
-3871
-3831
-3792
-3699
-3520
-3328
-3193
-3033
-2890
-2752
-2768
-2792
-2984
-3116
-3205
-3249
-3285
-3391
-3239
-3007
-2613
-2201
-1612
-1029
-455
168
962
1638
2135
2592
3160
3695
4014
4372
4694
5032
5190
5452
5718
5866
5864
5914
5948
5868
5573
5190
4744
4195
3564
2894
2258
1553
932
402
-65
-554
-940
-1232
-1455
-1624
-1752
-1931
-2143
-2323
-2508
-2706
-2974
-3189
-3379
-3527
-3645
-3660
-3692
-3691
-3591
-3415
-3245
-3120
-2959
-2811
-2692
-2714
-2746
-2935
-3064
-3193
-3235
-3343
-3437
-3306
-3083
-2703
-2285
-1699
-1151
-569
73
885
1519
2022
2476
3065
3540
3877
4240
4581
4875
5049
5347
5607
5753
5764
5879
5928
5858
5548
5195
4751
4231
3618
2989
2343
1638
1027
496
5
-484
-878
-1187
-1416
-1601
-1725
-1925
-2129
-2305
-2488
-2710
-2975
-3179
-3383
-3558
-3687
-3748
-3833
-3857
-3758
-3606
-3460
-3328
-3134
-2960
-2845
-2826
-2839
-2989
-3077
-3180
-3191
-3344
-3390
-3250
-3000
-2636
-2222
-1614
-1086
-498
180
1026
1645
2181
2663
3305
3757
4119
4481
4828
5084
5249
5550
5761
5864
5830
5947
5962
5840
5488
5145
4699
4180
3573
2959
2296
1573
964
413
-93
-620
-1048
-1386
-1644
-1857
-1997
-2185
-2351
-2482
-2631
-2821
-3049
-3213
-3389
-3531
-3644
-3718
-3805
-3819
-3733
-3612
-3493
-3364
-3159
-2976
-2859
-2802
-2803
-2910
-2946
-3004
-2993
-3168
-3169
-3042
-2780
-2487
-2085
-1504
-1011
-465
214
1033
1625
2167
2677
3354
3777
4168
4513
4878
5094
5262
5524
5685
5720
5653
5743
5710
5542
5195
4890
4470
3982
3402
2823
2179
1500
914
382
-109
-641
-1054
-1389
-1649
-1874
-2017
-2185
-2311
-2409
-2519
-2684
-2868
-3004
-3165
-3279
-3387
-3451
-3543
-3548
-3496
-3418
-3353
-3255
-3084
-2933
-2874
-2833
-2872
-2971
-3008
-3066
-3063
-3257
-3221
-3114
-2845
-2604
-2174
-1629
-1132
-582
152
930
1507
2072
2655
3353
3760
4198
4548
4916
5095
5303
5531
5665
5653
5632
5701
5642
5433
5132
4847
4428
3952
3395
2832
2170
1532
940
436
-91
-601
-999
-1312
-1576
-1787
-1930
-2098
-2220
-2315
-2401
-2574
-2727
-2882
-3025
-3158
-3269
-3354
-3455
-3472
-3459
-3397
-3364
-3256
-3118
-2978
-2960
-2921
-3012
-3097
-3158
-3228
-3266
-3460
-3404
-3306
-3023
-2774
-2301
-1793
-1266
-670
130
866
1443
2014
2663
3346
3751
4212
4568
4905
5055
5306
5524
5659
5646
5704
5776
5704
5466
5196
4912
4488
4020
3491
2929
2250
1626
1042
543
-23
-521
-917
-1229
-1512
-1726
-1898
-2089
-2221
-2312
-2381
-2551
-2687
-2844
-2950
-3103
-3211
-3343
-3442
-3487
-3481
-3432
-3393
-3265
-3153
-2997
-2969
-2900
-3024
-3048
-3120
-3135
-3225
-3373
-3309
-3186
-2898
-2628
-2130
-1669
-1132
-554
266
936
1512
2045
2756
3385
3799
4233
4604
4911
5032
5285
5474
5590
5532
5605
5626
5515
5208
4938
4620
4196
3722
3219
2669
2009
1416
875
389
-170
-654
-1037
-1342
-1649
-1873
-2082
-2254
-2377
-2428
-2473
-2591
-2692
-2797
-2858
-2973
-3084
-3218
-3309
-3345
-3315
-3277
-3209
-3127
-3021
-2909
-2864
-2836
-2976
-2975
-3039
-3021
-3142
-3256
-3200
-3060
-2783
-2494
-2020
-1585
-1086
-505
268
885
1444
1976
2725
3317
3761
4185
4578
4906
5055
5326
5514
5606
5542
5592
5579
5446
5118
4854
4517
4115
3640
3159
2631
2003
1454
952
483
-55
-518
-880
-1173
-1489
-1723
-1945
-2092
-2225
-2291
-2360
-2464
-2573
-2706
-2792
-2907
-3044
-3201
-3301
-3320
-3302
-3290
-3218
-3158
-3062
-3015
-2970
-2979
-3130
-3137
-3212
-3171
-3327
-3413
-3364
-3218
-2944
-2642
-2174
-1751
-1253
-627
142
748
1320
1877
2657
3205
3686
4098
4498
4847
5029
5321
5502
5583
5536
5575
5560
5432
5129
4880
4524
4143
3663
3191
2662
2050
1527
1022
555
20
-417
-776
-1065
-1361
-1570
-1758
-1879
-2019
-2094
-2191
-2306
-2423
-2587
-2706
-2869
-3022
-3209
-3312
-3331
-3324
-3315
-3241
-3161
-3051
-3031
-2973
-3001
-3139
-3156
-3236
-3204
-3402
-3452
-3405
-3241
-2983
-2654
-2165
-1736
-1231
-547
245
862
1430
2031
2819
3324
3803
4199
4603
4904
5087
5372
5538
5577
5551
5589
5557
5389
5098
4851
4458
4045
3543
3059
2492
1874
1337
817
309
-237
-674
-1032
-1350
-1636
-1816
-1979
-2093
-2225
-2258
-2352
-2449
-2539
-2654
-2749
-2911
-3052
-3233
-3339
-3358
-3349
-3328
-3250
-3157
-3031
-3012
-2929
-2956
-3056
-3056
-3092
-3053
-3246
-3261
-3191
-3006
-2770
-2428
-1921
-1466
-975
-277
508
1131
1679
2304
3089
3596
4066
4453
4856
5097
5253
5477
5614
5588
5538
5542
5469
5250
4929
4659
4267
3842
3339
2864
2297
1709
1169
678
158
-378
-821
-1151
-1472
-1756
-1942
-2097
-2208
-2318
-2311
-2366
-2428
-2503
-2563
-2618
-2731
-2866
-3042
-3187
-3230
-3251
-3256
-3216
-3142
-3043
-3038
-2977
-3011
-3104
-3100
-3113
-3093
-3266
-3291
-3219
-3056
-2855
-2539
-2068
-1614
-1124
-439
316
941
1525
2169
2947
3495
4004
4422
4835
5084
5260
5477
5598
5582
5540
5539
5449
5228
4917
4643
4281
3878
3388
2927
2378
1828
1310
831
320
-210
-658
-995
-1299
-1595
-1824
-2003
-2120
-2221
-2227
-2252
-2280
-2360
-2399
-2446
-2530
-2675
-2849
-3010
-3113
-3172
-3233
-3239
-3201
-3118
-3119
-3062
-3096
-3196
-3187
-3179
-3187
-3356
-3401
-3340
-3176
-2994
-2700
-2274
-1823
-1347
-653
109
731
1346
2009
2795
3366
3866
4296
4720
4984
5172
5402
5550
5557
5529
5547
5470
5265
4983
4729
4389
4001
3510
3055
2522
1981
1480
989
467
-58
-501
-876
-1192
-1485
-1734
-1942
-2078
-2165
-2196
-2243
-2258
-2314
-2345
-2414
-2509
-2640
-2809
-2958
-3075
-3156
-3232
-3298
-3272
-3179
-3178
-3147
-3142
-3245
-3262
-3250
-3236
-3394
-3495
-3417
-3249
-3018
-2768
-2348
-1877
-1392
-738
74
740
1355
1985
2781
3423
3886
4310
4738
5069
5228
5456
5644
5704
5633
5633
5590
5418
5093
4814
4483
4082
3572
3076
2576
1996
1472
957
445
-107
-565
-972
-1302
-1624
-1879
-2091
-2239
-2329
-2369
-2405
-2434
-2453
-2473
-2516
-2615
-2707
-2841
-2951
-3030
-3096
-3145
-3210
-3206
-3115
-3072
-3068
-3023
-3101
-3142
-3158
-3142
-3241
-3385
-3344
-3217
-2992
-2789
-2427
-1984
-1505
-930
-155
550
1161
1743
2465
3176
3645
4082
4515
4926
5126
5348
5582
5717
5658
5616
5620
5522
5231
4921
4640
4258
3779
3262
2804
2241
1688
1162
681
141
-353
-774
-1117
-1462
-1757
-1957
-2106
-2195
-2265
-2284
-2329
-2356
-2391
-2423
-2517
-2636
-2770
-2883
-2947
-3019
-3086
-3146
-3161
-3117
-3066
-3062
-3038
-3076
-3169
-3204
-3221
-3269
-3422
-3455
-3365
-3189
-3003
-2733
-2297
-1845
-1309
-648
125
769
1376
2027
2784
3356
3807
4260
4712
5011
5198
5427
5605
5634
5548
5540
5498
5322
5032
4781
4466
4039
3536
3074
2584
2038
1507
1010
512
-9
-451
-829
-1181
-1522
-1757
-1914
-2022
-2114
-2172
-2221
-2286
-2335
-2392
-2461
-2579
-2728
-2871
-2977
-3042
-3143
-3216
-3259
-3222
-3189
-3160
-3149
-3148
-3211
-3289
-3278
-3300
-3362
-3485
-3418
-3279
-3068
-2861
-2479
-2017
-1524
-954
-240
508
1135
1782
2491
3219
3733
4196
4623
5031
5248
5423
5583
5701
5667
5611
5570
5487
5285
5022
4751
4381
3920
3391
2907
2374
1847
1289
779
246
-241
-678
-1056
-1410
-1714
-1939
-2105
-2211
-2320
-2402
-2517
-2590
-2675
-2745
-2834
-2931
-3059
-3178
-3270
-3324
-3398
-3449
-3435
-3368
-3312
-3295
-3275
-3273
-3320
-3348
-3302
-3284
-3332
-3370
-3232
-3023
-2780
-2492
-2036
-1532
-999
-375
375
1077
1692
2334
3074
3727
4190
4615
5021
5359
5505
5655
5777
5833
5740
5679
5616
5473
5183
4891
4573
4134
3590
3024
2523
1954
1394
832
353
-175
-645
-1041
-1346
-1648
-1916
-2096
-2208
-2291
-2409
-2486
-2592
-2663
-2761
-2811
-2868
-2945
-3051
-3129
-3171
-3215
-3272
-3296
-3240
-3187
-3148
-3139
-3116
-3140
-3213
-3228
-3200
-3208
-3302
-3312
-3178
-2979
-2747
-2406
-1923
-1411
-859
-190
571
1219
1795
2416
3134
3699
4124
4519
4912
5195
5338
5513
5658
5682
5586
5548
5497
5305
4980
4693
4376
3924
3364
2848
2371
1805
1231
727
289
-207
-664
-998
-1253
-1535
-1796
-1940
-2013
-2111
-2239
-2325
-2408
-2510
-2622
-2694
-2765
-2892
-3024
-3099
-3134
-3197
-3261
-3265
-3203
-3169
-3148
-3103
-3082
-3129
-3228
-3222
-3204
-3238
-3357
-3337
-3199
-3005
-2750
-2356
-1828
-1316
-739
-38
737
1342
1911
2528
3217
3722
4120
4498
4861
5100
5250
5453
5591
5599
5511
5508
5439
5237
4927
4666
4335
3891
3376
2912
2433
1855
1307
819
360
-151
-582
-924
-1214
-1528
-1782
-1940
-2056
-2195
-2325
-2430
-2541
-2667
-2792
-2909
-3051
-3205
-3344
-3443
-3505
-3546
-3569
-3539
-3463
-3386
-3321
-3246
-3208
-3219
-3290
-3275
-3238
-3243
-3323
-3275
-3098
-2856
-2571
-2152
-1577
-1022
-425
266
1056
1686
2290
2911
3595
4083
4460
4810
5154
5368
5487
5671
5790
5800
5694
5690
5598
5401
5072
4789
4422
3954
3419
2934
2414
1794
1205
666
165
-396
-853
-1241
-1546
-1891
-2146
-2326
-2453
-2601
-2716
-2798
-2881
-2984
-3091
-3184
-3307
-3416
-3542
-3604
-3651
-3646
-3640
-3563
-3473
-3358
-3267
-3165
-3090
-3074
-3109
-3089
-3017
-3011
-3049
-2997
-2788
-2558
-2284
-1895
-1326
-781
-218
439
1179
1810
2389
3002
3640
4105
4433
4764
5087
5288
5383
5550
5685
5702
5602
5592
5544
5352
5027
4732
4386
3916
3380
2895
2384
1764
1148
621
128
-431
-918
-1291
-1582
-1923
-2192
-2370
-2490
-2647
-2767
-2824
-2872
-2974
-3068
-3129
-3202
-3303
-3402
-3447
-3481
-3492
-3498
-3436
-3377
-3303
-3237
-3138
-3079
-3074
-3117
-3103
-3049
-3034
-3053
-2993
-2805
-2587
-2323
-1950
-1416
-884
-322
326
1052
1700
2284
2890
3516
3995
4337
4670
4998
5209
5320
5489
5650
5678
5589
5575
5543
5357
5038
4748
4413
3950
3411
2933
2424
1815
1209
717
244
-306
-795
-1154
-1458
-1805
-2083
-2256
-2395
-2575
-2708
-2779
-2857
-2989
-3088
-3152
-3232
-3348
-3437
-3481
-3526
-3555
-3560
-3506
-3452
-3386
-3318
-3225
-3157
-3133
-3157
-3146
-3083
-3045
-3035
-2975
-2781
-2545
-2269
-1900
-1373
-833
-278
352
1072
1742
2310
2886
3496
4000
4350
4673
5004
5257
5386
5559
5738
5805
5732
5695
5661
5501
5193
4880
4553
4100
3541
3011
2488
1887
1274
748
257
-293
-812
-1238
-1602
-1983
-2305
-2527
-2699
-2882
-3025
-3120
-3223
-3334
-3417
-3480
-3558
-3648
-3708
-3738
-3767
-3771
-3741
-3662
-3561
-3437
-3315
-3195
-3073
-2982
-2938
-2904
-2817
-2746
-2705
-2641
-2438
-2180
-1892
-1531
-1028
-485
52
646
1328
1990
2527
3058
3621
4125
4462
4758
5074
5344
5478
5625
5789
5863
5789
5718
5663
5491
5162
4809
4471
4010
3428
2857
2321
1714
1092
540
44
-509
-1044
-1493
-1880
-2282
-2623
-2863
-3037
-3202
-3313
-3379
-3452
-3515
-3544
-3556
-3605
-3648
-3676
-3685
-3719
-3711
-3662
-3568
-3458
-3298
-3131
-2990
-2864
-2743
-2652
-2620
-2566
-2507
-2460
-2441
-2310
-2084
-1807
-1501
-1070
-556
-40
495
1126
1787
2332
2832
3361
3890
4265
4574
4903
5217
5390
5532
5712
5829
5803
5737
5705
5569
5275
4922
4596
4163
3605
3035
2509
1912
1270
697
183
-359
-921
-1375
-1769
-2150
-2518
-2759
-2936
-3088
-3215
-3282
-3344
-3425
-3487
-3520
-3547
-3604
-3639
-3679
-3703
-3723
-3675
-3604
-3488
-3350
-3172
-3021
-2894
-2776
-2686
-2645
-2621
-2562
-2525
-2512
-2450
-2247
-1987
-1689
-1312
-809
-297
215
814
1489
2085
2571
3089
3631
4072
4387
4727
5068
5295
5433
5612
5783
5817
5775
5754
5696
5472
5153
4823
4440
3929
3376
2840
2261
1613
982
424
-143
-715
-1224
-1629
-2017
-2379
-2654
-2837
-2992
-3128
-3213
-3287
-3384
-3504
-3587
-3641
-3704
-3774
-3836
-3866
-3876
-3839
-3773
-3652
-3511
-3323
-3149
-2984
-2841
-2725
-2671
-2638
-2556
-2492
-2463
-2436
-2246
-1998
-1710
-1376
-873
-353
150
716
1412
2072
2570
3069
3625
4135
4454
4785
5136
5426
5546
5691
5866
5943
5872
5811
5765
5586
5257
4888
4508
4008
3436
2855
2281
1617
941
316
-262
-862
-1409
-1869
-2255
-2625
-2924
-3132
-3268
-3373
-3451
-3497
-3548
-3613
-3686
-3714
-3736
-3755
-3803
-3810
-3790
-3726
-3665
-3548
-3383
-3180
-2993
-2807
-2609
-2457
-2375
-2338
-2237
-2155
-2107
-2091
-1941
-1730
-1488
-1207
-780
-295
172
685
1315
1976
2480
2960
3472
4009
4365
4682
5004
5316
5462
5581
5715
5799
5747
5644
5575
5404
5123
4734
4368
3888
3366
2778
2222
1591
962
347
-219
-793
-1341
-1801
-2218
-2569
-2896
-3104
-3287
-3379
-3464
-3478
-3528
-3551
-3582
-3568
-3562
-3551
-3532
-3524
-3487
-3450
-3358
-3283
-3135
-2990
-2790
-2644
-2466
-2328
-2215
-2187
-2143
-2075
-2023
-1986
-1938
-1771
-1598
-1349
-1065
-635
-221
249
757
1370
1922
2417
2917
3450
3945
4316
4682
5006
5293
5436
5588
5675
5713
5627
5533
5388
5161
4815
4419
3999
3502
2966
2374
1798
1182
605
26
-509
-1062
-1552
-1988
-2358
-2687
-2960
-3155
-3311
-3408
-3477
-3494
-3540
-3557
-3570
-3535
-3519
-3484
-3454
-3413
-3370
-3320
-3226
-3134
-2989
-2844
-2660
-2526
-2365
-2239
-2132
-2104
-2058
-1989
-1925
-1882
-1810
-1621
-1424
-1174
-875
-425
12
478
985
1597
2164
2666
3179
3737
4238
4611
4964
5301
5565
5673
5764
5830
5821
5679
5514
5334
5072
4670
4236
3804
3311
2721
2115
1537
942
317
-273
-796
-1319
-1840
-2300
-2649
-2956
-3237
-3456
-3578
-3662
-3729
-3756
-3745
-3735
-3736
-3709
-3652
-3580
-3535
-3486
-3421
-3323
-3219
-3102
-2949
-2773
-2584
-2424
-2255
-2108
-1982
-1935
-1881
-1817
-1741
-1698
-1613
-1439
-1219
-959
-642
-192
271
768
1289
1911
2488
3026
3529
4071
4532
4902
5220
5510
5712
5789
5827
5816
5745
5548
5348
5096
4796
4379
3951
3483
2972
2380
1789
1196
585
-37
-618
-1142
-1666
-2151
-2579
-2913
-3221
-3463
-3637
-3713
-3764
-3769
-3736
-3670
-3625
-3582
-3522
-3446
-3377
-3320
-3240
-3150
-3047
-2924
-2767
-2593
-2405
-2215
-2024
-1849
-1702
-1595
-1536
-1513
-1498
-1482
-1467
-1427
-1308
-1131
-897
-602
-202
241
719
1232
1815
2386
2904
3395
3883
4314
4641
4927
5175
5359
5420
5450
5433
5361
5175
4973
4754
4473
4100
3692
3266
2768
2216
1635
1085
491
-107
-690
-1204
-1710
-2173
-2574
-2894
-3167
-3400
-3551
-3631
-3658
-3661
-3619
-3566
-3505
-3458
-3405
-3367
-3331
-3297
-3258
-3195
-3102
-2968
-2812
-2626
-2411
-2172
-1958
-1769
-1595
-1449
-1374
-1356
-1342
-1342
-1365
-1384
-1309
-1152
-961
-724
-369
71
526
1008
1570
2165
2684
3151
3631
4092
4429
4668
4897
5100
5190
5200
5213
5198
5073
4880
4713
4542
4270
3905
3534
3135
2646
2081
1530
984
391
-223
-787
-1300
-1794
-2248
-2602
-2872
-3103
-3287
-3390
-3428
-3456
-3459
-3423
-3373
-3341
-3307
-3259
-3229
-3223
-3214
-3164
-3096
-3007
-2868
-2678
-2465
-2252
-2021
-1788
-1592
-1451
-1351
-1290
-1270
-1276
-1294
-1308
-1290
-1189
-1017
-788
-488
-94
365
857
1398
1992
2552
3043
3509
3971
4360
4624
4816
4981
5076
5065
5024
4983
4883
4687
4475
4294
4073
3748
3371
2992
2550
2018
1452
898
319
-301
-905
-1446
-1955
-2435
-2830
-3120
-3341
-3518
-3620
-3647
-3645
-3639
-3595
-3507
-3423
-3355
-3272
-3166
-3085
-3030
-2951
-2833
-2707
-2574
-2393
-2167
-1932
-1715
-1491
-1261
-1079
-975
-916
-883
-876
-897
-919
-916
-872
-762
-587
-345
-36
341
771
1257
1789
2330
2821
3255
3664
4040
4340
4543
4677
4760
4769
4707
4626
4534
4394
4202
4008
3815
3569
3246
2873
2475
2018
1501
956
409
-152
-721
-1263
-1754
-2204
-2607
-2930
-3173
-3346
-3474
-3538
-3547
-3525
-3483
-3420
-3333
-3242
-3153
-3064
-2969
-2884
-2798
-2704
-2582
-2440
-2275
-2084
-1868
-1632
-1398
-1163
-959
-797
-705
-665
-677
-702
-737
-774
-797
-771
-666
-507
-298
-33
314
711
1157
1637
2134
2582
2967
3316
3648
3911
4084
4203
4288
4318
4284
4238
4195
4116
3994
3876
3748
3555
3272
2936
2557
2112
1602
1070
537
-14
-561
-1075
-1538
-1972
-2353
-2655
-2887
-3068
-3197
-3268
-3291
-3287
-3253
-3196
-3129
-3065
-2996
-2930
-2876
-2830
-2768
-2683
-2584
-2454
-2285
-2087
-1879
-1643
-1392
-1148
-949
-794
-696
-658
-690
-733
-775
-818
-852
-833
-729
-580
-379
-111
245
640
1079
1552
2038
2472
2838
3169
3474
3706
3864
3986
4073
4108
4090
4072
4051
3997
3911
3829
3718
3531
3254
2933
2553
2084
1555
1015
467
-106
-662
-1164
-1620
-2053
-2427
-2711
-2925
-3104
-3223
-3269
-3278
-3270
-3228
-3147
-3058
-2976
-2887
-2791
-2717
-2654
-2568
-2449
-2320
-2170
-1980
-1760
-1537
-1307
-1059
-818
-622
-477
-383
-352
-395
-466
-525
-584
-642
-670
-621
-515
-358
-131
188
564
965
1398
1848
2265
2599
2893
3160
3380
3514
3614
3690
3726
3704
3678
3671
3638
3559
3472
3374
3196
2930
2615
2267
1826
1314
786
267
-279
-812
-1279
-1687
-2080
-2432
-2690
-2877
-3033
-3137
-3167
-3160
-3145
-3101
-2997
-2882
-2772
-2656
-2513
-2391
-2289
-2171
-2022
-1877
-1730
-1546
-1334
-1131
-933
-714
-493
-308
-182
-88
-60
-99
-187
-259
-343
-440
-528
-541
-502
-417
-266
-25
291
626
1007
1409
1803
2116
2397
2645
2876
3028
3146
3238
3311
3336
3349
3377
3396
3375
3312
3235
3099
2889
2597
2285
1903
1463
960
472
-28
-517
-978
-1376
-1728
-2056
-2334
-2550
-2707
-2839
-2929
-2975
-2970
-2953
-2895
-2813
-2700
-2592
-2470
-2337
-2197
-2059
-1917
-1765
-1604
-1437
-1266
-1090
-902
-713
-532
-367
-244
-159
-143
-171
-245
-323
-424
-530
-630
-668
-658
-604
-495
-303
-38
254
594
967
1353
1665
1949
2213
2477
2661
2825
2977
3119
3196
3256
3339
3413
3429
3398
3367
3268
3076
2796
2515
2173
1759
1279
820
340
-159
-644
-1043
-1395
-1746
-2047
-2277
-2455
-2637
-2777
-2847
-2857
-2861
-2829
-2748
-2641
-2549
-2445
-2297
-2142
-2004
-1862
-1693
-1517
-1360
-1201
-1026
-842
-673
-517
-369
-265
-211
-213
-249
-332
-441
-565
-677
-784
-845
-849
-796
-690
-513
-261
34
364
727
1116
1460
1762
2035
2313
2533
2725
2898
3067
3186
3269
3350
3426
3459
3433
3384
3287
3109
2837
2527
2181
1784
1323
858
386
-89
-567
-990
-1357
-1699
-2004
-2253
-2444
-2614
-2749
-2826
-2839
-2812
-2751
-2656
-2532
-2402
-2267
-2114
-1955
-1805
-1653
-1498
-1342
-1186
-1024
-859
-695
-535
-379
-235
-147
-99
-98
-142
-249
-382
-523
-662
-807
-916
-961
-945
-879
-750
-528
-256
52
382
756
1113
1428
1706
1994
2249
2468
2665
2859
3030
3153
3261
3358
3430
3433
3393
3316
3176
2943
2649
2320
1950
1522
1069
620
182
-264
-687
-1064
-1407
-1731
-2019
-2242
-2416
-2561
-2665
-2699
-2676
-2633
-2561
-2440
-2289
-2145
-2008
-1856
-1700
-1572
-1454
-1316
-1175
-1052
-932
-790
-647
-521
-400
-291
-223
-216
-261
-346
-469
-624
-779
-928
-1068
-1176
-1222
-1201
-1121
-965
-734
-456
-151
181
535
877
1193
1504
1809
2087
2330
2566
2795
2994
3161
3316
3450
3533
3552
3537
3470
3328
3104
2825
2505
2128
1708
1278
856
425
-2
-407
-775
-1129
-1463
-1746
-1969
-2154
-2310
-2408
-2446
-2452
-2435
-2375
-2266
-2130
-2000
-1859
-1703
-1558
-1442
-1322
-1197
-1080
-990
-898
-794
-694
-612
-540
-480
-464
-505
-591
-701
-840
-998
-1148
-1287
-1414
-1503
-1531
-1487
-1377
-1198
-958
-672
-358
-12
357
732
1097
1458
1810
2134
2423
2689
2943
3163
3347
3497
3615
3674
3678
3636
3542
3373
3127
2829
2490
2112
1696
1269
843
421
-7
-402
-767
-1103
-1418
-1686
-1906
-2090
-2234
-2330
-2374
-2380
-2356
-2295
-2190
-2057
-1907
-1752
-1591
-1446
-1311
-1191
-1077
-972
-884
-809
-736
-667
-611
-576
-565
-584
-647
-748
-879
-1017
-1160
-1304
-1442
-1552
-1621
-1640
-1590
-1469
-1289
-1056
-779
-453
-89
302
711
1123
1531
1921
2279
2605
2896
3153
3372
3549
3681
3761
3790
3767
3687
3539
3325
3057
2739
2379
1993
1585
1161
734
315
-81
-457
-810
-1133
-1423
-1683
-1903
-2081
-2209
-2292
-2339
-2345
-2301
-2220
-2106
-1962
-1802
-1645
-1501
-1369
-1246
-1141
-1056
-979
-907
-845
-795
-748
-704
-674
-677
-713
-782
-887
-1026
-1173
-1318
-1467
-1618
-1739
-1801
-1805
-1748
-1623
-1425
-1176
-886
-536
-128
308
749
1200
1656
2081
2460
2796
3108
3370
3577
3743
3876
3945
3947
3899
3805
3640
3404
3119
2808
2453
2063
1661
1265
863
455
68
-295
-650
-999
-1307
-1579
-1807
-2005
-2145
-2234
-2281
-2288
-2230
-2126
-1994
-1852
-1704
-1562
-1440
-1330
-1236
-1162
-1122
-1088
-1055
-1019
-998
-966
-933
-905
-912
-943
-1004
-1110
-1261
-1424
-1579
-1750
-1926
-2075
-2145
-2156
-2096
-1963
-1740
-1470
-1147
-752
-281
217
710
1213
1727
2218
2638
3015
3350
3645
3868
4052
4191
4268
4259
4203
4101
3935
3691
3395
3077
2721
2327
1906
1496
1080
663
241
-156
-553
-939
-1297
-1604
-1861
-2070
-2228
-2327
-2372
-2374
-2316
-2217
-2079
-1943
-1804
-1684
-1561
-1461
-1373
-1324
-1295
-1279
-1260
-1239
-1221
-1195
-1171
-1145
-1145
-1156
-1211
-1304
-1455
-1597
-1752
-1908
-2079
-2212
-2279
-2272
-2193
-2033
-1782
-1484
-1115
-683
-160
366
906
1436
1990
2503
2956
3346
3698
4001
4232
4416
4537
4600
4568
4487
4355
4172
3893
3575
3235
2869
2444
1985
1528
1080
630
171
-268
-697
-1103
-1489
-1802
-2049
-2245
-2390
-2478
-2501
-2487
-2438
-2357
-2228
-2097
-1974
-1862
-1737
-1623
-1535
-1471
-1428
-1380
-1347
-1315
-1291
-1255
-1243
-1237
-1245
-1253
-1309
-1412
-1539
-1671
-1797
-1951
-2089
-2199
-2237
-2224
-2118
-1935
-1672
-1359
-982
-527
-18
517
1051
1605
2146
2662
3109
3515
3868
4170
4402
4568
4676
4706
4663
4556
4412
4205
3934
3617
3285
2916
2489
2019
1545
1082
603
123
-345
-781
-1203
-1582
-1887
-2120
-2308
-2456
-2529
-2543
-2523
-2490
-2406
-2289
-2165
-2057
-1922
-1783
-1670
-1583
-1499
-1414
-1358
-1307
-1259
-1214
-1210
-1214
-1227
-1236
-1294
-1382
-1492
-1619
-1776
-1941
-2085
-2223
-2335
-2397
-2368
-2271
-2104
-1877
-1554
-1168
-726
-232
313
874
1434
1976
2510
3012
3445
3823
4160
4434
4620
4735
4795
4793
4716
4600
4436
4225
3942
3617
3250
2846
2381
1894
1404
908
401
-101
-559
-989
-1386
-1737
-2007
-2228
-2403
-2528
-2567
-2573
-2552
-2499
-2394
-2281
-2177
-2059
-1932
-1823
-1751
-1672
-1580
-1502
-1456
-1403
-1351
-1325
-1329
-1326
-1340
-1391
-1486
-1594
-1717
-1872
-2043
-2196
-2309
-2405
-2458
-2437
-2333
-2170
-1937
-1607
-1195
-741
-242
305
884
1455
2009
2554
3076
3544
3946
4298
4598
4810
4938
5017
5047
5004
4892
4729
4503
4210
3846
3442
2994
2511
1987
1459
930
405
-110
-595
-1045
-1463
-1830
-2145
-2390
-2575
-2696
-2770
-2787
-2764
-2707
-2623
-2517
-2404
-2297
-2192
-2091
-1990
-1898
-1804
-1709
-1618
-1547
-1478
-1411
-1370
-1359
-1361
-1380
-1444
-1540
-1650
-1756
-1898
-2035
-2144
-2199
-2249
-2251
-2151
-1965
-1727
-1430
-1021
-559
-81
417
985
1558
2096
2602
3124
3609
4001
4325
4621
4859
4984
5053
5090
5069
4935
4740
4504
4209
3821
3388
2940
2454
1925
1384
872
352
-162
-653
-1104
-1535
-1908
-2215
-2462
-2656
-2775
-2837
-2864
-2848
-2781
-2691
-2614
-2519
-2401
-2286
-2187
-2075
-1941
-1823
-1729
-1620
-1506
-1431
-1383
-1330
-1300
-1314
-1354
-1387
-1457
-1564
-1680
-1781
-1905
-2034
-2125
-2161
-2170
-2121
-1964
-1729
-1448
-1110
-678
-212
271
785
1345
1885
2394
2882
3356
3768
4108
4398
4653
4836
4938
4986
4982
4906
4742
4520
4249
3917
3514
3084
2641
2163
1650
1146
655
146
-358
-815
-1235
-1628
-1967
-2231
-2432
-2595
-2695
-2729
-2727
-2712
-2666
-2589
-2500
-2412
-2297
-2174
-2051
-1934
-1812
-1698
-1597
-1504
-1426
-1371
-1335
-1313
-1320
-1350
-1394
-1452
-1541
-1648
-1756
-1866
-1995
-2097
-2152
-2148
-2120
-2012
-1816
-1556
-1267
-896
-440
34
516
1033
1582
2088
2562
3021
3479
3857
4175
4443
4679
4826
4894
4902
4865
4742
4527
4262
3963
3613
3193
2765
2323
1848
1323
820
326
-166
-660
-1107
-1500
-1859
-2174
-2410
-2565
-2685
-2757
-2777
-2749
-2714
-2657
-2569
-2458
-2357
-2250
-2136
-2015
-1904
-1795
-1677
-1561
-1462
-1387
-1313
-1259
-1234
-1234
-1240
-1271
-1326
-1402
-1482
-1574
-1667
-1758
-1817
-1840
-1814
-1759
-1639
-1438
-1177
-878
-511
-70
381
836
1308
1817
2286
2726
3144
3558
3900
4166
4376
4558
4661
4668
4619
4530
4370
4114
3832
3531
3184
2765
2342
1906
1438
933
440
-30
-494
-953
-1363
-1705
-2006
-2254
-2431
-2529
-2597
-2631
-2624
-2576
-2520
-2457
-2380
-2278
-2191
-2107
-2012
-1901
-1796
-1691
-1576
-1461
-1364
-1289
-1219
-1164
-1134
-1134
-1147
-1179
-1224
-1294
-1375
-1460
-1532
-1618
-1682
-1702
-1668
-1610
-1502
-1298
-1039
-756
-429
-23
394
816
1247
1723
2173
2589
2972
3355
3684
3926
4112
4272
4375
4362
4305
4218
4084
3846
3586
3304
2984
2587
2175
1761
1324
845
373
-57
-479
-887
-1248
-1522
-1767
-1966
-2118
-2199
-2267
-2303
-2311
-2267
-2222
-2172
-2104
-2019
-1942
-1869
-1772
-1671
-1569
-1482
-1381
-1294
-1213
-1166
-1114
-1091
-1085
-1109
-1143
-1193
-1262
-1350
-1447
-1542
-1636
-1711
-1768
-1773
-1741
-1663
-1551
-1366
-1138
-866
-557
-197
189
594
1004
1433
1867
2272
2651
2998
3322
3574
3770
3920
4031
4060
4036
3963
3853
3663
3426
3155
2856
2503
2113
1715
1300
866
430
37
-339
-684
-1002
-1259
-1494
-1693
-1862
-1968
-2043
-2090
-2107
-2084
-2046
-2007
-1942
-1864
-1774
-1696
-1595
-1497
-1391
-1307
-1207
-1123
-1052
-1006
-970
-950
-960
-982
-1021
-1070
-1155
-1232
-1319
-1398
-1482
-1526
-1554
-1564
-1543
-1476
-1365
-1240
-1057
-833
-570
-306
9
355
713
1063
1437
1813
2157
2465
2757
3027
3227
3394
3521
3618
3639
3605
3533
3417
3239
3011
2752
2461
2123
1758
1392
1029
659
298
-41
-358
-663
-945
-1190
-1392
-1565
-1704
-1804
-1866
-1902
-1917
-1907
-1873
-1825
-1768
-1695
-1613
-1520
-1426
-1327
-1234
-1141
-1067
-998
-953
-909
-889
-885
-903
-926
-963
-1020
-1079
-1136
-1182
-1244
-1294
-1330
-1341
-1355
-1336
-1293
-1213
-1124
-997
-829
-612
-375
-109
202
530
860
1177
1512
1826
2126
2382
2643
2864
3047
3159
3257
3309
3302
3237
3142
3016
2830
2604
2357
2106
1803
1491
1167
861
520
190
-123
-391
-662
-909
-1108
-1266
-1403
-1524
-1585
-1617
-1629
-1639
-1602
-1557
-1505
-1464
-1399
-1326
-1274
-1233
-1177
-1116
-1080
-1041
-1001
-957
-938
-929
-920
-914
-925
-951
-976
-1004
-1051
-1117
-1175
-1236
-1301
-1372
-1421
-1451
-1453
-1421
-1359
-1229
-1060
-836
-580
-256
80
436
786
1151
1507
1828
2121
2399
2649
2825
2977
3075
3163
3163
3140
3076
2997
2840
2673
2483
2273
2016
1735
1457
1146
819
468
168
-146
-432
-706
-915
-1107
-1264
-1381
-1439
-1474
-1488
-1464
-1418
-1364
-1321
-1262
-1211
-1172
-1152
-1115
-1097
-1080
-1055
-1016
-976
-938
-893
-846
-817
-794
-781
-771
-789
-826
-865
-917
-1004
-1101
-1194
-1284
-1409
-1503
-1556
-1591
-1590
-1547
-1413
-1245
-1009
-747
-388
-39
328
689
1080
1432
1742
2033
2307
2545
2698
2861
2958
3047
3039
3044
2988
2929
2785
2654
2495
2312
2086
1832
1578
1260
941
589
289
-44
-339
-625
-846
-1058
-1217
-1337
-1401
-1440
-1448
-1419
-1375
-1321
-1284
-1232
-1199
-1157
-1143
-1109
-1085
-1050
-1015
-963
-909
-857
-801
-744
-706
-684
-670
-678
-698
-753
-818
-896
-1000
-1122
-1260
-1385
-1529
-1664
-1749
-1804
-1811
-1777
-1660
-1499
-1261
-1000
-664
-306
70
438
820
1199
1535
1849
2132
2413
2606
2794
2921
3044
3087
3115
3096
3063
2970
2850
2721
2550
2348
2085
1828
1513
1195
846
538
215
-91
-374
-611
-825
-1006
-1138
-1222
-1276
-1314
-1309
-1284
-1259
-1246
-1209
-1172
-1144
-1122
-1084
-1041
-1015
-992
-952
-911
-884
-861
-821
-791
-791
-802
-816
-846
-907
-992
-1066
-1163
-1290
-1432
-1559
-1682
-1814
-1902
-1939
-1928
-1897
-1786
-1622
-1393
-1146
-844
-496
-132
226
596
988
1348
1687
1991
2304
2547
2760
2923
3076
3163
3210
3220
3201
3137
3016
2889
2710
2503
2230
1961
1648
1335
997
684
377
73
-198
-443
-653
-846
-979
-1092
-1158
-1216
-1223
-1229
-1223
-1209
-1177
-1137
-1109
-1067
-1023
-981
-969
-937
-911
-882
-877
-845
-819
-804
-817
-827
-843
-887
-954
-1029
-1103
-1213
-1342
-1478
-1594
-1725
-1842
-1927
-1958
-1968
-1935
-1857
-1703
-1524
-1299
-1040
-723
-389
-47
318
697
1085
1422
1770
2084
2388
2612
2824
2992
3138
3208
3247
3263
3233
3150
3007
2870
2672
2437
2146
1877
1573
1247
910
609
323
19
-252
-479
-668
-864
-1008
-1107
-1168
-1239
-1275
-1270
-1259
-1251
-1230
-1172
-1127
-1093
-1058
-998
-966
-931
-900
-852
-825
-811
-794
-783
-797
-832
-857
-902
-966
-1051
-1134
-1235
-1348
-1465
-1567
-1665
-1752
-1817
-1844
-1844
-1806
-1737
-1603
-1441
-1236
-1002
-712
-398
-66
283
641
1013
1347
1682
1974
2265
2484
2691
2852
2999
3084
3128
3144
3122
3058
2930
2795
2610
2393
2123
1861
1580
1280
964
673
396
119
-141
-363
-541
-715
-853
-954
-1017
-1076
-1116
-1119
-1101
-1080
-1065
-1026
-987
-954
-933
-896
-871
-861
-871
-872
-878
-898
-925
-948
-963
-995
-1033
-1069
-1112
-1177
-1248
-1315
-1384
-1468
-1562
-1644
-1717
-1792
-1832
-1832
-1787
-1726
-1610
-1454
-1243
-1008
-726
-408
-75
263
608
971
1301
1618
1896
2169
2387
2577
2736
2875
2963
3006
3029
3017
2970
2871
2754
2594
2394
2155
1907
1638
1349
1052
764
482
205
-51
-277
-469
-637
-776
-880
-957
-1016
-1053
-1058
-1048
-1029
-1009
-979
-953
-925
-901
-883
-878
-893
-922
-948
-968
-988
-1003
-1016
-1020
-1020
-1024
-1032
-1047
-1079
-1126
-1187
-1251
-1328
-1420
-1528
-1630
-1732
-1812
-1858
-1857
-1819
-1742
-1615
-1428
-1193
-919
-606
-272
77
431
805
1167
1505
1814
2102
2357
2567
2747
2901
3016
3077
3105
3111
3086
3015
2911
2784
2609
2385
2135
1872
1580
1260
940
633
332
36
-224
-439
-630
-806
-942
-1037
-1109
-1166
-1185
-1170
-1150
-1139
-1114
-1078
-1050
-1031
-1005
-986
-987
-1005
-1013
-997
-976
-956
-928
-891
-859
-837
-818
-801
-815
-859
-923
-1003
-1100
-1221
-1350
-1479
-1613
-1746
-1851
-1909
-1924
-1912
-1840
-1703
-1509
-1278
-997
-675
-331
21
393
778
1141
1472
1781
2073
2319
2525
2704
2861
2961
3014
3044
3054
3023
2955
2871
2753
2579
2364
2133
1878
1587
1277
977
676
381
109
-123
-335
-535
-708
-839
-944
-1027
-1072
-1080
-1079
-1078
-1066
-1045
-1027
-1016
-996
-973
-968
-972
-965
-941
-912
-880
-849
-817
-799
-788
-776
-776
-793
-840
-916
-1014
-1131
-1257
-1394
-1530
-1657
-1784
-1902
-1988
-2028
-2029
-1992
-1893
-1732
-1527
-1295
-1011
-686
-343
4
372
750
1102
1422
1724
2013
2253
2453
2635
2793
2890
2947
2980
2999
2972
2911
2832
2719
2556
2354
2141
1906
1637
1347
1065
788
513
250
17
-201
-404
-582
-716
-817
-899
-950
-972
-978
-982
-977
-968
-961
-951
-939
-923
-906
-893
-871
-840
-812
-793
-779
-772
-777
-792
-811
-844
-902
-986
-1087
-1202
-1333
-1473
-1606
-1733
-1856
-1973
-2069
-2133
-2162
-2149
-2085
-1965
-1803
-1598
-1351
-1059
-739
-395
-28
350
731
1093
1439
1763
2060
2322
2554
2757
2921
3039
3119
3163
3175
3148
3087
2992
2862
2689
2486
2260
2009
1734
1441
1145
852
556
274
14
-225
-435
-613
-753
-864
-950
-1005
-1038
-1053
-1060
-1055
-1042
-1028
-1002
-969
-932
-887
-843
-796
-751
-715
-688
-670
-666
-682
-715
-763
-836
-934
-1048
-1183
-1325
-1482
-1641
-1793
-1942
-2079
-2196
-2287
-2346
-2363
-2336
-2263
-2142
-1969
-1751
-1485
-1182
-848
-485
-109
290
690
1079
1453
1803
2132
2425
2688
2917
3102
3243
3340
3396
3412
3382
3317
3208
3061
2877
2661
2418
2143
1845
1529
1207
882
559
255
-26
-278
-497
-682
-828
-942
-1027
-1080
-1112
-1123
-1119
-1103
-1074
-1040
-991
-935
-878
-817
-758
-701
-650
-612
-581
-567
-569
-598
-654
-724
-827
-950
-1092
-1249
-1412
-1584
-1759
-1929
-2090
-2233
-2352
-2446
-2503
-2522
-2495
-2424
-2303
-2129
-1909
-1643
-1341
-1002
-631
-242
172
587
995
1392
1768
2129
2452
2744
3006
3223
3395
3519
3599
3633
3615
3558
3450
3298
3111
2886
2627
2330
2013
1678
1330
981
636
313
14
-256
-494
-696
-857
-989
-1084
-1151
-1196
-1216
-1220
-1207
-1179
-1137
-1084
-1026
-962
-896
-836
-783
-732
-689
-659
-646
-643
-669
-720
-788
-882
-992
-1125
-1269
-1423
-1586
-1751
-1911
-2064
-2204
-2323
-2422
-2490
-2512
-2495
-2437
-2324
-2159
-1947
-1695
-1398
-1056
-686
-289
130
560
983
1395
1789
2165
2511
2818
3093
3327
3513
3646
3729
3763
3746
3676
3560
3401
3202
2962
2689
2386
2058
1716
1359
1003
656
329
24
-250
-495
-709
-882
-1022
-1125
-1198
-1241
-1259
-1260
-1240
-1202
-1149
-1094
-1028
-955
-886
-827
-776
-729
-698
-683
-679
-691
-728
-788
-864
-965
-1083
-1217
-1365
-1525
-1690
-1850
-2008
-2164
-2299
-2409
-2506
-2569
-2584
-2557
-2493
-2375
-2197
-1977
-1716
-1403
-1043
-656
-244
190
639
1082
1505
1915
2306
2663
2972
3244
3472
3645
3758
3819
3834
3795
3696
3553
3371
3147
2886
2599
2290
1962
1621
1270
921
585
270
-20
-280
-508
-703
-863
-988
-1073
-1125
-1147
-1143
-1117
-1075
-1025
-969
-910
-844
-780
-724
-678
-642
-623
-617
-626
-654
-696
-760
-842
-945
-1069
-1207
-1355
-1515
-1686
-1855
-2018
-2183
-2337
-2469
-2577
-2664
-2717
-2723
-2695
-2626
-2505
-2327
-2104
-1837
-1519
-1158
-768
-356
79
523
965
1393
1811
2210
2566
2882
3160
3392
3569
3692
3771
3803
3783
3708
3597
3446
3249
3019
2768
2496
2199
1888
1563
1233
900
576
278
4
-240
-452
-624
-761
-867
-940
-977
-984
-971
-944
-906
-864
-828
-798
-773
-756
-744
-739
-741
-750
-774
-812
-861
-927
-1007
-1102
-1209
-1324
-1445
-1568
-1696
-1821
-1947
-2075
-2195
-2304
-2396
-2469
-2520
-2537
-2530
-2494
-2411
-2282
-2110
-1888
-1620
-1315
-980
-616
-226
179
590
1001
1409
1801
2155
2474
2760
3004
3206
3371
3495
3575
3606
3592
3535
3439
3309
3150
2965
2753
2518
2260
1976
1669
1352
1028
712
406
121
-126
-342
-521
-668
-776
-854
-906
-928
-932
-918
-899
-886
-883
-892
-905
-925
-939
-955
-968
-988
-1019
-1064
-1126
-1201
-1288
-1377
-1463
-1549
-1628
-1704
-1779
-1854
-1933
-2009
-2083
-2146
-2198
-2236
-2260
-2273
-2266
-2228
-2150
-2029
-1866
-1662
-1429
-1161
-860
-528
-164
220
618
1020
1408
1772
2105
2406
2679
2922
3131
3302
3427
3506
3539
3531
3492
3418
3318
3188
3028
2842
2625
2376
2098
1799
1484
1159
829
508
210
-57
-291
-490
-654
-784
-888
-962
-1012
-1039
-1054
-1063
-1072
-1092
-1115
-1137
-1154
-1169
-1176
-1186
-1201
-1227
-1267
-1315
-1373
-1427
-1477
-1520
-1550
-1579
-1604
-1630
-1665
-1708
-1751
-1794
-1827
-1858
-1891
-1920
-1944
-1950
-1932
-1880
-1795
-1676
-1533
-1356
-1145
-895
-608
-285
63
425
789
1143
1484
1812
2122
2411
2673
2902
3091
3238
3342
3411
3447
3448
3417
3352
3257
3132
2975
2785
2564
2314
2038
1737
1419
1092
770
459
170
-98
-339
-556
-751
-916
-1053
-1159
-1242
-1305
-1355
-1400
-1437
-1466
-1482
-1488
-1488
-1484
-1479
-1475
-1475
-1474
-1472
-1467
-1456
-1444
-1424
-1403
-1382
-1369
-1363
-1371
-1382
-1396
-1413
-1431
-1459
-1495
-1530
-1560
-1577
-1578
-1560
-1522
-1457
-1365
-1243
-1082
-883
-648
-383
-92
210
524
839
1158
1477
1782
2075
2338
2571
2769
2929
3054
3148
3206
3225
3217
3177
3109
3014
2892
2739
2554
2337
2094
1831
1557
1274
988
702
423
153
-105
-344
-561
-756
-925
-1072
-1198
-1308
-1404
-1480
-1542
-1589
-1620
-1645
-1659
-1668
-1666
-1653
-1633
-1603
-1571
-1537
-1505
-1468
-1430
-1391
-1355
-1321
-1296
-1280
-1271
-1275
-1282
-1294
-1309
-1324
-1337
-1345
-1350
-1344
-1318
-1274
-1205
-1113
-993
-850
-683
-496
-287
-61
183
441
710
987
1265
1532
1780
2007
2208
2384
2531
2650
2742
2812
2858
2877
2872
2842
2783
2693
2575
2435
2275
2091
1887
1664
1432
1187
939
694
456
227
7
-197
-382
-556
-709
-847
-967
-1071
-1157
-1233
-1299
-1350
-1389
-1410
-1420
-1415
-1405
-1392
-1375
-1357
-1337
-1311
-1285
-1260
-1242
-1236
-1245
-1262
-1288
-1320
-1356
-1392
-1430
-1471
-1508
-1536
-1554
-1560
-1552
-1528
-1489
-1437
-1366
-1278
-1170
-1039
-882
-699
-488
-252
1
268
540
809
1074
1327
1572
1798
2007
2198
2370
2516
2635
2727
2787
2814
2809
2774
2711
2615
2489
2340
2164
1970
1761
1541
1315
1084
855
627
407
197
-2
-190
-358
-512
-646
-764
-865
-943
-1005
-1046
-1068
-1078
-1074
-1065
-1052
-1036
-1014
-988
-955
-921
-902
-892
-897
-920
-949
-986
-1027
-1081
-1146
-1223
-1306
-1385
-1461
-1532
-1599
-1664
-1726
-1774
-1811
-1828
-1828
-1806
-1760
-1694
-1595
-1465
-1299
-1103
-880
-632
-363
-75
226
538
857
1170
1472
1758
2025
2268
2480
2661
2809
2920
2994
3029
3031
3000
2937
2849
2735
2594
2431
2245
2043
1826
1591
1348
1095
834
572
317
74
-152
-361
-545
-711
-852
-963
-1046
-1098
-1129
-1144
-1142
-1130
-1110
-1085
-1052
-1012
-967
-915
-866
-821
-787
-772
-769
-783
-802
-830
-872
-932
-1014
-1111
-1223
-1331
-1438
-1541
-1640
-1731
-1813
-1882
-1936
-1969
-1982
-1972
-1946
-1901
-1827
-1720
-1575
-1390
-1168
-916
-638
-332
-5
338
687
1032
1368
1682
1974
2242
2485
2701
2885
3035
3148
3224
3269
3283
3270
3229
3155
3044
2900
2726
2527
2301
2053
1782
1488
1184
877
577
289
19
-229
-462
-670
-851
-995
-1106
-1186
-1240
-1281
-1304
-1316
-1311
-1293
-1262
-1215
-1159
-1099
-1042
-995
-957
-937
-925
-924
-932
-956
-1003
-1072
-1161
-1260
-1365
-1470
-1574
-1675
-1771
-1866
-1951
-2026
-2089
-2135
-2167
-2184
-2182
-2154
-2095
-1993
-1851
-1674
-1458
-1211
-932
-619
-280
76
440
800
1152
1492
1818
2131
2426
2696
2937
3141
3310
3444
3547
3618
3655
3651
3606
3518
3392
3230
3031
2801
2535
2240
1925
1599
1273
947
628
322
27
-247
-495
-712
-896
-1052
-1183
-1295
-1384
-1452
-1499
-1523
-1531
-1518
-1496
-1463
-1425
-1391
-1359
-1334
-1315
-1303
-1301
-1308
-1329
-1370
-1422
-1484
-1552
-1625
-1693
-1760
-1826
-1885
-1943
-1991
-2026
-2052
-2060
-2057
-2038
-1995
-1928
-1833
-1705
-1545
-1357
-1135
-890
-612
-309
11
347
686
1026
1360
1690
2011
2315
2601
2860
3087
3281
3444
3578
3676
3741
3766
3749
3695
3601
3470
3302
3096
2856
2587
2299
1994
1673
1346
1017
689
367
62
-224
-485
-720
-928
-1114
-1274
-1407
-1515
-1595
-1651
-1684
-1697
-1690
-1673
-1647
-1618
-1590
-1565
-1548
-1539
-1537
-1543
-1560
-1589
-1629
-1681
-1736
-1790
-1847
-1895
-1942
-1978
-2003
-2021
-2022
-2013
-1989
-1952
-1897
-1822
-1730
-1616
-1482
-1328
-1150
-954
-733
-494
-238
32
308
592
874
1160
1445
1723
1990
2236
2468
2676
2859
3020
3156
3268
3352
3405
3426
3408
3359
3273
3156
3009
2837
2638
2417
2176
1910
1627
1331
1029
728
435
155
-110
-360
-594
-809
-1005
-1174
-1316
-1431
-1519
-1581
-1621
-1649
-1665
-1674
-1681
-1686
-1689
-1690
-1694
-1698
-1708
-1725
-1748
-1776
-1806
-1833
-1853
-1871
-1881
-1884
-1882
-1872
-1862
-1843
-1813
-1775
-1725
-1666
-1595
-1515
-1420
-1312
-1189
-1048
-891
-719
-529
-324
-104
124
366
616
872
1131
1387
1641
1884
2115
2333
2535
2722
2882
3020
3128
3208
3257
3277
3263
3218
3149
3045
2913
2752
2559
2342
2098
1837
1562
1281
997
711
429
149
-121
-379
-619
-835
-1027
-1198
-1342
-1462
-1565
-1650
-1717
-1769
-1806
-1829
-1840
-1837
-1830
-1819
-1801
-1783
-1764
-1742
-1717
-1689
-1665
-1635
-1608
-1584
-1563
-1545
-1528
-1511
-1491
-1467
-1441
-1411
-1374
-1329
-1279
-1212
-1133
-1044
-939
-821
-687
-540
-381
-210
-25
170
376
592
809
1029
1248
1469
1682
1884
2078
2258
2415
2558
2679
2773
2847
2892
2916
2912
2880
2825
2743
2635
2505
2352
2182
1991
1787
1570
1339
1101
853
602
352
106
-135
-368
-587
-795
-986
-1163
-1315
-1454
-1570
-1660
-1734
-1789
-1824
-1844
-1851
-1847
-1835
-1809
-1779
-1744
-1706
-1666
-1624
-1589
-1552
-1517
-1486
-1460
-1431
-1408
-1383
-1357
-1335
-1308
-1280
-1246
-1209
-1164
-1111
-1053
-983
-906
-819
-719
-614
-494
-362
-221
-69
94
265
447
635
830
1026
1219
1410
1601
1782
1947
2103
2243
2361
2461
2542
2598
2630
2639
2627
2590
2526
2442
2337
2209
2059
1891
1709
1508
1290
1065
832
596
354
114
-117
-342
-556
-754
-935
-1099
-1245
-1366
-1461
-1540
-1600
-1635
-1653
-1656
-1644
-1622
-1586
-1550
-1508
-1462
-1417
-1368
-1325
-1278
-1234
-1197
-1160
-1128
-1104
-1079
-1060
-1043
-1026
-1010
-993
-975
-957
-934
-908
-875
-838
-793
-737
-681
-611
-533
-451
-356
-250
-135
-5
134
284
441
606
782
958
1138
1317
1496
1669
1833
1984
2122
2240
2341
2421
2478
2512
2520
2508
2465
2398
2311
2203
2075
1921
1750
1563
1363
1151
930
701
468
230
-3
-230
-448
-658
-854
-1029
-1187
-1328
-1446
-1543
-1625
-1686
-1727
-1748
-1753
-1748
-1724
-1697
-1666
-1628
-1592
-1549
-1509
-1471
-1424
-1378
-1333
-1286
-1246
-1208
-1174
-1143
-1114
-1085
-1055
-1023
-989
-951
-908
-855
-798
-740
-674
-601
-521
-437
-343
-243
-131
-9
121
259
403
553
708
869
1029
1193
1357
1520
1678
1827
1969
2096
2207
2301
2375
2430
2463
2477
2468
2439
2386
2316
2227
2114
1983
1836
1668
1481
1278
1060
832
594
350
105
-138
-375
-598
-811
-1009
-1190
-1355
-1504
-1628
-1726
-1800
-1844
-1867
-1869
-1851
-1825
-1784
-1737
-1686
-1628
-1564
-1495
-1420
-1346
-1271
-1206
-1149
-1096
-1055
-1022
-989
-965
-935
-908
-880
-849
-819
-786
-750
-711
-673
-633
-590
-536
-470
-391
-300
-200
-91
22
150
289
439
594
756
924
1098
1280
1463
1645
1819
1978
2124
2253
2367
2463
2531
2580
2604
2604
2587
2540
2475
2384
2266
2130
1963
1769
1554
1317
1063
797
523
246
-35
-312
-577
-833
-1073
-1298
-1506
-1688
-1851
-1979
-2074
-2140
-2174
-2193
-2190
-2163
-2121
-2055
-1977
-1889
-1793
-1693
-1584
-1477
-1370
-1271
-1186
-1109
-1037
-968
-898
-834
-780
-734
-701
-667
-634
-604
-580
-571
-564
-554
-538
-503
-456
-403
-341
-272
-189
-84
39
175
319
466
630
806
999
1208
1409
1605
1791
1962
2131
2283
2417
2529
2610
2674
2717
2738
2740
2709
2653
2567
2457
2318
2146
1945
1719
1471
1196
918
637
345
47
-251
-532
-801
-1059
-1302
-1525
-1727
-1906
-2047
-2156
-2238
-2293
-2323
-2326
-2304
-2250
-2177
-2096
-2006
-1908
-1801
-1684
-1568
-1462
-1357
-1248
-1149
-1052
-949
-858
-785
-732
-690
-641
-592
-560
-544
-522
-507
-501
-478
-443
-400
-354
-305
-244
-161
-48
75
203
353
505
671
849
1038
1234
1423
1616
1795
1959
2117
2271
2416
2507
2581
2662
2704
2714
2719
2703
2638
2549
2440
2291
2126
1949
1733
1472
1210
947
645
351
81
-190
-473
-756
-988
-1212
-1440
-1634
-1794
-1932
-2054
-2135
-2178
-2213
-2216
-2184
-2157
-2106
-2025
-1950
-1883
-1796
-1704
-1634
-1533
-1436
-1374
-1297
-1213
-1142
-1090
-1033
-958
-918
-905
-861
-817
-779
-736
-697
-659
-607
-556
-499
-437
-367
-261
-176
-81
58
190
346
494
634
818
994
1156
1338
1514
1672
1837
2007
2139
2253
2378
2471
2520
2566
2616
2616
2598
2599
2523
2418
2327
2183
1991
1796
1604
1380
1115
859
592
299
32
-233
-490
-739
-978
-1197
-1392
-1559
-1719
-1861
-1929
-1975
-2047
-2072
-2048
-1999
-1968
-1942
-1854
-1764
-1696
-1654
-1574
-1477
-1415
-1330
-1282
-1228
-1147
-1088
-1048
-1062
-974
-867
-919
-917
-810
-740
-742
-704
-601
-546
-488
-438
-357
-253
-168
-86
-15
151
279
358
564
704
810
979
1146
1298
1429
1624
1777
1872
2020
2166
2266
2313
2377
2440
2427
2417
2404
2382
2343
2230
2122
1988
1836
1677
1437
1226
1057
806
526
284
76
-173
-442
-630
-834
-1061
-1246
-1391
-1538
-1703
-1797
-1827
-1897
-1970
-1970
-1938
-1924
-1928
-1869
-1790
-1756
-1716
-1662
-1596
-1552
-1487
-1413
-1387
-1320
-1242
-1180
-1138
-1106
-1006
-957
-947
-875
-794
-708
-644
-554
-446
-368
-276
-172
-55
46
160
282
390
516
632
785
938
1048
1188
1308
1434
1559
1674
1813
1909
2002
2084
2164
2238
2260
2276
2263
2223
2182
2128
2089
2012
1893
1767
1596
1419
1236
1048
877
667
437
219
14
-191
-394
-574
-747
-921
-1080
-1231
-1346
-1445
-1544
-1611
-1652
-1681
-1695
-1689
-1671
-1667
-1644
-1597
-1573
-1534
-1485
-1446
-1402
-1361
-1313
-1279
-1232
-1172
-1165
-1119
-1044
-1010
-965
-909
-844
-808
-766
-676
-612
-544
-445
-361
-279
-177
-70
30
129
242
362
462
578
712
832
948
1063
1177
1288
1379
1481
1576
1633
1681
1732
1788
1820
1845
1876
1849
1798
1738
1668
1593
1507
1433
1321
1177
1047
909
774
633
486
341
178
13
-141
-288
-419
-550
-670
-771
-873
-957
-1026
-1097
-1166
-1228
-1279
-1324
-1359
-1373
-1397
-1416
-1413
-1414
-1411
-1386
-1360
-1348
-1325
-1278
-1234
-1194
-1134
-1074
-1030
-971
-893
-822
-754
-669
-590
-518
-432
-346
-266
-183
-95
-7
89
190
278
363
457
544
620
724
837
907
974
1061
1125
1171
1250
1345
1405
1441
1489
1520
1506
1506
1527
1533
1518
1496
1472
1423
1353
1288
1225
1154
1063
955
857
734
588
467
367
243
93
-27
-137
-282
-420
-521
-632
-776
-898
-989
-1089
-1194
-1262
-1315
-1387
-1439
-1462
-1480
-1501
-1508
-1493
-1474
-1456
-1425
-1384
-1338
-1286
-1232
-1168
-1098
-1033
-969
-898
-821
-746
-684
-607
-529
-458
-373
-290
-214
-149
-81
-4
75
162
256
337
413
481
554
640
721
806
893
965
1027
1086
1140
1187
1238
1302
1351
1383
1424
1443
1433
1427
1433
1425
1390
1356
1313
1234
1156
1099
1028
931
830
728
608
479
368
251
117
-15
-149
-281
-401
-513
-630
-738
-830
-920
-1003
-1061
-1114
-1175
-1218
-1245
-1283
-1306
-1305
-1302
-1303
-1285
-1251
-1228
-1203
-1163
-1124
-1083
-1028
-973
-920
-854
-786
-721
-653
-583
-519
-458
-380
-307
-237
-153
-71
-7
61
136
202
270
356
430
484
553
619
662
714
774
820
862
919
961
982
1019
1052
1063
1084
1102
1100
1101
1107
1102
1085
1070
1043
995
959
924
873
824
776
705
626
553
470
376
291
206
101
5
-83
-186
-287
-373
-474
-572
-652
-730
-814
-883
-935
-994
-1048
-1085
-1124
-1161
-1179
-1188
-1197
-1185
-1160
-1144
-1118
-1080
-1047
-1007
-948
-889
-822
-744
-667
-599
-527
-447
-373
-294
-213
-134
-53
32
108
175
240
303
361
422
483
534
582
620
646
672
694
708
727
747
751
756
765
755
747
741
731
716
710
708
692
672
662
631
600
588
568
548
529
505
467
428
395
352
305
271
225
166
110
48
-20
-83
-139
-202
-262
-321
-385
-451
-506
-557
-608
-645
-687
-723
-754
-782
-808
-820
-821
-823
-812
-791
-778
-756
-721
-692
-652
-589
-532
-482
-418
-356
-310
-246
-175
-121
-61
11
66
116
176
223
254
304
350
374
407
443
452
460
479
477
475
483
485
473
471
463
437
426
413
390
371
367
351
331
319
304
277
256
245
223
212
204
181
156
136
116
88
66
48
22
-5
-31
-61
-99
-125
-155
-178
-211
-233
-260
-294
-315
-342
-360
-382
-385
-402
-407
-420
-414
-426
-420
-406
-398
-377
-368
-342
-339
-306
-290
-258
-232
-195
-170
-142
-104
-88
-52
-30
8
18
57
73
97
113
132
147
157
182
184
199
204
214
206
220
221
219
224
227
226
216
227
213
208
207
202
191
191
193
177
175
173
163
153
157
147
133
133
125
107
96
99
73
63
62
47
30
26
23
-7
-12
-14
-28
-45
-38
-54
-75
-69
-73
-88
-93
-81
-96
-100
-84
-83
-99
-88
-77
-89
-81
-65
-65
-75
-49
-45
-50
-33
-19
-26
-25
1
-4
0
8
19
2
14
23
13
17
22
25
3
25
13
16
-5
17
-4
-16
-7
-18
-25
-43
-25
-59
-49
-66
-52
-92
-68
-82
-93
-90
-93
-90
-120
-89
-117
-107
-119
-95
-121
-109
-104
-106
-107
-106
-84
-109
-79
-88
-71
-80
-55
-59
-47
-36
-31
-20
-15
9
-3
21
18
38
37
50
61
71
76
78
91
96
102
93
115
112
112
115
124
122
120
125
128
123
123
124
115
114
111
99
95
96
80
74
72
68
52
49
41
30
19
21
3
-10
-4
-27
-31
-39
-46
-56
-61
-59
-68
-75
-64
-81
-89
-68
-88
-87
-80
-80
-84
-80
-63
-69
-73
-48
-52
-64
-31
-31
-30
-23
-16
-5
-10
5
10
13
29
29
20
49
51
42
52
65
68
58
69
81
74
68
79
72
77
79
63
73
77
61
61
59
64
55
34
56
39
26
42
12
10
22
-8
-4
-15
-16
-15
-50
-31
-29
-61
-47
-51
-62
-50
-75
-60
-54
-82
-61
-61
-79
-69
-64
-63
-71
-73
-35
-58
-84
-31
-36
-65
-40
-29
-29
-36
-37
-6
-21
-21
1
-18
-2
8
-15
4
10
7
12
-4
24
21
-2
22
23
5
14
20
18
5
13
36
0
-2
32
18
-1
9
22
20
0
4
20
13
9
5
10
18
9
7
6
21
17
-6
9
21
19
-6
3
56
0
-20
57
8
-22
34
29
-10
-28
67
38
-108
50
111
-85
-38
75
46
-59
-59
110
21
-102
31
39
-5
-19
-37
60
11
-72
17
29
-12
-41
-4
46
-44
-49
38
-1
-49
-11
21
-13
-41
6
5
-29
-10
-6
-10
-20
-9
5
-32
-6
18
-24
-15
8
4
-5
-23
12
15
-29
7
14
-5
3
-4
14
9
-10
18
13
-8
15
13
11
3
7
24
-2
4
25
7
7
9
8
16
3
7
18
11
6
3
12
12
-2
6
14
2
4
7
-4
3
9
-14
-9
11
-5
-14
-1
4
-10
-13
5
-1
-22
2
2
-21
-8
-3
-10
-16
-14
1
-9
-21
-5
-1
-12
-12
-7
-1
-13
-14
2
-7
-14
-5
-3
-7
-9
1
3
-8
-2
3
3
0
-4
5
5
-2
0
7
11
4
0
14
11
1
7
13
10
5
8
12
8
8
11
7
10
10
5
5
13
9
-2
5
11
2
-2
5
8
-2
-4
5
4
-5
-3
6
5
-7
0
8
-2
-9
-2
3
-8
-13
0
0
-9
-8
-2
0
-9
-9
0
-5
-13
-8
-3
-4
-12
-8
1
-8
-13
-3
2
-7
-9
1
1
-10
-7
4
-1
-11
-3
5
-2
-6
5
8
-1
-1
8
4
-3
2
7
2
-2
5
9
3
7
11
9
5
5
7
4
2
5
6
4
5
5
4
4
4
3
1
0
-2
-3
-2
1
-2
-4
0
1
-3
-3
2
0
-7
-4
-1
-6
-9
-3
0
-7
-6
0
-3
-9
-6
-1
-7
-12
-5
-1
-9
-7
2
-2
-6
-2
2
-5
-10
-3
0
-6
-6
3
3
-1
2
7
3
-3
3
6
3
1
6
7
4
5
10
12
6
5
9
11
4
6
12
7
3
8
11
6
2
8
10
3
2
9
7
0
2
8
4
1
4
7
2
-2
1
1
-2
-2
1
0
-4
-2
2
-4
-11
-5
-5
-11
-12
-6
-7
-13
-10
-6
-8
-13
-8
-5
-12
-13
-7
-8
-14
-11
-5
-8
-12
-6
-2
-7
-7
-4
-3
-5
-4
0
-1
-3
0
5
3
1
4
5
3
3
5
6
3
4
6
5
3
5
5
4
3
4
5
4
5
5
5
4
6
5
5
6
4
2
3
3
2
2
4
3
1
2
0
1
2
0
1
-2
-2
0
0
-1
0
0
0
-2
-2
-3
-3
-4
-2
-2
-4
-4
-3
-4
-5
-4
-3
-4
-3
-1
-1
-2
-2
-1
-1
-1
-2
0
1
-1
0
2
2
3
4
4
1
2
3
3
2
3
3
2
2
4
4
2
3
4
3
5
5
4
6
4
4
4
3
3
3
1
2
1
4
3
2
3
1
1
0
1
-2
-2
-2
-3
-4
-3
-3
-4
-4
-5
-6
-6
-5
-4
-6
-6
-6
-6
-6
-6
-5
-5
-7
-5
-5
-6
-5
-6
-5
-4
-4
-3
-4
-4
-2
-4
-1
-2
-2
-1
0
0
-1
-1
1
2
2
2
2
3
3
3
4
4
3
2
4
3
5
5
4
5
3
3
4
6
5
3
2
3
2
2
4
3
4
3
3
4
4
3
3
2
2
3
1
0
0
0
0
0
-2
0
-3
-2
-2
-2
-3
-2
-3
-3
-2
-2
-2
-2
-3
-4
-4
-4
-3
-2
-2
-3
-2
-1
0
0
-2
0
-2
0
-1
-2
0
-2
0
0
0
2
0
0
1
2
1
3
3
4
4
3
4
3
2
2
4
3
3
4
2
3
4
3
4
3
2
1
2
1
2
2
2
1
0
1
0
-1
1
-1
-2
-3
-2
-2
-2
-2
-2
-3
-4
-3
-3
-3
-3
-4
-5
-4
-5
-4
-5
-4
-4
-5
-5
-4
-3
-3
-3
-3
-1
-3
-2
-3
-4
-2
-2
-2
-1
0
1
-1
-1
0
0
1
1
1
2
2
3
1
2
1
2
2
0
1
1
1
3
1
1
2
2
2
3
5
4
3
4
3
2
3
3
5
5
2
3
4
2
3
2
2
3
1
3
0
0
0
-2
-2
-1
-1
-1
0
-1
-1
0
-1
-2
-1
-1
-3
-2
-2
-4
-3
-3
-3
-3
-4
-2
-1
-1
1
-1
-1
1
-1
-2
-2
-1
-2
-1
-1
-1
-1
-1
0
-1
0
1
1
0
1
4
2
2
2
2
0
1
1
0
2
2
1
2
2
2
2
1
1
0
1
2
1
2
1
2
1
1
0
1
1
-1
-2
-2
-2
-3
-2
-3
-2
-3
-2
-2
-3
-3
-3
-2
-2
-3
-4
-3
-3
-3
-2
-2
-2
-2
