3769.000000
3631.000000
3429.000000
3181.000000
2777.000000
2436.000000
1999.000000
1566.000000
1095.000000
693.000000
425.000000
84.000000
-140.000000
-266.000000
-317.000000
-413.000000
-474.000000
-439.000000
-418.000000
-436.000000
-476.000000
-574.000000
-654.000000
-811.000000
-967.000000
-1163.000000
-1458.000000
-1717.000000
-1954.000000
-2176.000000
-2444.000000
-2613.000000
-2814.000000
-2949.000000
-3104.000000
-3256.000000
-3211.000000
-3129.000000
-2993.000000
-2904.000000
-2675.000000
-2364.000000
-2083.000000
-1761.000000
-1393.000000
-992.000000
-713.000000
-352.000000
137.000000
579.000000
925.000000
1265.000000
1721.000000
2141.000000
2490.000000
2867.000000
3208.000000
3437.000000
3602.000000
3725.000000
3824.000000
3772.000000
3638.000000
3478.000000
3264.000000
2970.000000
2584.000000
2218.000000
1801.000000
1365.000000
886.000000
534.000000
248.000000
-71.000000
-292.000000
-391.000000
-435.000000
-548.000000
-581.000000
-531.000000
-512.000000
-511.000000
-555.000000
-627.000000
-727.000000
-877.000000
-1014.000000
-1227.000000
-1484.000000
-1725.000000
-1931.000000
-2155.000000
-2391.000000
-2569.000000
-2749.000000
-2870.000000
-3033.000000
-3116.000000
-3049.000000
-2963.000000
-2843.000000
-2739.000000
-2474.000000
-2158.000000
-1878.000000
-1534.000000
-1166.000000
-809.000000
-560.000000
-173.000000
284.000000
663.000000
984.000000
1328.000000
1786.000000
2168.000000
2510.000000
2881.000000
3211.000000
3414.000000
3559.000000
3685.000000
3766.000000
3687.000000
3525.000000
3360.000000
3135.000000
2823.000000
2424.000000
2050.000000
1654.000000
1195.000000
738.000000
425.000000
120.000000
-174.000000
-370.000000
-425.000000
-462.000000
-566.000000
-541.000000
-467.000000
-442.000000
-456.000000
-490.000000
-556.000000
-663.000000
-797.000000
-963.000000
-1198.000000
-1453.000000
-1713.000000
-1930.000000
-2172.000000
-2422.000000
-2609.000000
-2792.000000
-2927.000000
-3079.000000
-3121.000000
-3050.000000
-2952.000000
-2823.000000
-2717.000000
-2435.000000
-2134.000000
-1848.000000
-1504.000000
-1164.000000
-841.000000
-607.000000
-199.000000
244.000000
602.000000
913.000000
1267.000000
1721.000000
2095.000000
2456.000000
2834.000000
3159.000000
3347.000000
3502.000000
3653.000000
3745.000000
3650.000000
3494.000000
3333.000000
3103.000000
2779.000000
2375.000000
2017.000000
1622.000000
1180.000000
773.000000
482.000000
172.000000
-82.000000
-230.000000
-254.000000
-293.000000
-372.000000
-324.000000
-264.000000
-272.000000
-308.000000
-342.000000
-426.000000
-543.000000
-697.000000
-908.000000
-1176.000000
-1459.000000
-1762.000000
-2000.000000
-2276.000000
-2536.000000
-2718.000000
-2915.000000
-3037.000000
-3189.000000
-3219.000000
-3144.000000
-3019.000000
-2893.000000
-2777.000000
-2485.000000
-2209.000000
-1908.000000
-1588.000000
-1244.000000
-923.000000
-672.000000
-234.000000
211.000000
566.000000
876.000000
1258.000000
1718.000000
2114.000000
2501.000000
2879.000000
3191.000000
3385.000000
3551.000000
3712.000000
3782.000000
3672.000000
3542.000000
3362.000000
3117.000000
2774.000000
2366.000000
2003.000000
1609.000000
1202.000000
823.000000
538.000000
245.000000
23.000000
-101.000000
-119.000000
-169.000000
-227.000000
-207.000000
-191.000000
-212.000000
-262.000000
-317.000000
-417.000000
-539.000000
-713.000000
-945.000000
-1231.000000
-1530.000000
-1830.000000
-2071.000000
-2360.000000
-2572.000000
-2754.000000
-2953.000000
-3053.000000
-3212.000000
-3227.000000
-3146.000000
-3010.000000
-2896.000000
-2764.000000
-2483.000000
-2218.000000
-1921.000000
-1633.000000
-1267.000000
-943.000000
-658.000000
-211.000000
216.000000
571.000000
872.000000
1281.000000
1750.000000
2163.000000
2558.000000
2906.000000
3216.000000
3430.000000
3581.000000
3728.000000
3763.000000
3662.000000
3552.000000
3342.000000
3098.000000
2742.000000
2333.000000
1950.000000
1562.000000
1159.000000
776.000000
503.000000
