SAMPLES:	20502
BITSPERSAMPLE:	16
CHANNELS:	1
SAMPLERATE:	16000
NORMALIZED:	FALSE
0
-1
0
-1
0
0
-1
0
-1
-1
0
0
-1
0
1
2
2
1
1
1
0
0
0
2
0
-1
0
1
0
0
1
1
0
0
0
0
-1
0
-1
0
0
0
-1
-1
0
0
-1
-1
-1
-1
1
0
0
0
0
0
0
0
1
1
0
0
0
2
1
1
1
2
0
0
0
-1
-1
0
0
1
0
-1
0
0
1
0
-2
-1
-2
-1
-1
-1
-2
-1
0
-1
0
-1
-1
1
0
1
1
1
0
0
0
-1
-1
0
-1
1
1
1
1
0
-1
0
0
-1
0
0
-1
0
0
0
1
-1
1
0
1
2
1
0
1
2
0
1
0
-1
-1
-2
0
-1
-2
-1
0
0
0
2
2
0
0
1
0
0
0
1
0
0
-2
-1
0
0
-1
-2
-1
-1
-1
0
1
0
-2
0
0
1
1
1
1
1
1
1
2
0
0
0
0
0
0
2
2
1
0
-1
0
1
1
-1
-1
-1
2
-1
0
0
1
2
1
-1
0
0
-2
-1
-1
-1
0
-1
0
0
0
0
0
-1
1
1
0
1
0
0
1
1
1
0
-1
0
0
-1
1
0
0
0
0
0
1
0
1
0
-1
-1
0
0
-1
1
0
-1
-2
-2
-3
-2
-2
0
1
1
0
1
0
2
1
1
1
0
0
0
-1
1
0
1
1
2
0
0
0
1
1
0
0
-1
-1
0
1
0
0
0
-1
-1
0
0
-1
-1
2
0
-1
1
1
1
0
1
1
0
0
0
0
0
-1
0
0
-1
-1
0
1
0
0
-1
0
0
0
-1
0
1
0
0
0
1
1
1
0
0
1
0
1
0
1
0
0
1
-1
0
0
-1
0
0
0
-1
-1
0
1
-1
1
-1
0
0
-1
0
1
0
1
1
0
0
0
0
0
0
-2
-1
0
0
-1
0
0
-1
1
0
-2
0
0
0
0
-1
0
1
-1
0
0
-1
0
0
0
1
1
1
2
1
1
-1
2
1
1
-1
-1
0
-1
0
0
0
1
0
1
0
0
-1
0
-2
-1
-1
1
1
0
1
-1
0
-1
0
-1
-1
0
0
0
0
1
1
1
0
0
0
1
1
0
0
0
0
0
0
2
1
0
1
1
1
-1
-2
-3
-2
-1
-2
-1
-1
-1
0
-1
-1
0
-1
0
0
-1
-1
-1
0
-2
0
0
1
0
1
2
0
0
0
-1
1
-1
-1
1
-1
-1
-1
0
0
1
1
-1
0
1
1
1
0
1
1
0
0
0
0
1
0
1
0
-1
0
0
0
-1
0
0
-1
1
1
1
1
-1
0
0
0
-1
-1
-1
-1
0
-1
-1
-1
0
0
0
1
1
1
0
0
1
1
1
0
1
-1
-1
0
1
-1
-1
-1
-1
-1
1
-1
0
-1
-1
0
0
0
1
1
2
2
1
2
1
0
0
1
0
-1
1
1
1
1
1
0
0
-1
-1
-1
-2
-1
0
-1
0
1
1
0
-1
0
-1
0
1
1
1
1
0
0
0
0
0
-1
-1
1
1
0
0
0
1
0
-1
0
1
-1
0
-1
0
0
0
1
-1
1
0
-1
1
1
1
0
-2
-1
-1
-1
0
1
1
1
2
2
1
0
2
0
-1
-2
-2
-2
-3
0
0
0
-1
0
0
2
1
2
1
0
-1
0
0
-1
-1
0
-1
0
0
-1
0
0
1
0
1
1
3
2
0
0
0
0
-1
1
0
-2
0
0
-1
1
0
0
0
0
0
-1
0
0
0
1
0
0
0
0
0
0
-1
0
-1
-1
0
0
0
-1
0
-1
0
0
2
0
0
0
-2
0
0
-1
0
2
1
0
0
0
1
-1
0
0
0
1
0
-1
0
-1
-1
-1
-1
-1
0
0
1
1
1
0
-1
-1
0
2
2
0
1
1
1
0
0
0
0
0
-1
0
0
-1
0
-1
-1
0
1
1
0
-1
0
1
0
-1
0
2
0
0
1
1
0
0
0
-1
-2
-1
-2
-1
0
0
-1
-1
-1
0
-1
0
0
1
1
1
1
2
1
0
0
0
0
1
-1
1
1
1
1
1
1
0
-1
-1
1
0
-1
0
0
0
1
1
1
0
0
0
-1
0
-1
-1
1
0
0
0
0
0
-1
0
0
-1
0
0
1
0
0
1
0
0
1
0
0
0
0
1
-1
0
0
-1
0
-1
-1
0
0
1
1
0
0
-1
0
0
1
-1
0
-1
-2
-1
-1
2
1
0
0
1
0
0
0
0
-1
-1
1
2
1
0
0
-1
-1
-1
-2
-1
-1
-2
-1
-2
0
1
0
0
0
1
1
0
-1
0
-2
-1
0
0
-2
0
1
1
1
1
0
1
1
1
1
0
-1
1
0
0
1
1
0
1
-1
1
1
-1
0
0
0
-1
0
-1
0
-2
0
0
0
1
-1
0
0
1
2
0
-1
0
0
0
0
0
0
1
-1
-1
-1
0
0
0
0
1
0
0
0
0
0
1
1
0
-1
1
0
1
1
-1
-1
-2
-1
-1
0
0
-1
0
0
-1
-1
0
-1
-2
-1
0
0
0
0
0
0
0
0
1
0
1
0
0
0
2
1
1
0
-1
0
1
-1
-1
-1
-1
0
-1
0
0
0
0
1
0
0
0
1
1
2
-1
0
1
0
1
0
0
0
-1
0
0
0
0
1
-1
0
1
0
1
1
0
-1
0
-1
0
-1
-2
-1
-1
-1
0
1
1
1
0
1
0
-2
0
-1
0
-1
-1
0
1
2
0
0
0
0
-2
1
0
-1
-1
-1
1
0
-1
-1
0
1
1
1
0
-1
0
-1
2
-1
-1
1
-1
1
-1
0
-1
0
0
0
1
0
1
0
2
1
0
-1
-1
0
-1
0
-2
1
-1
-1
1
0
0
1
-1
1
0
0
0
0
0
-1
0
-2
1
-1
0
1
-1
2
-2
1
0
1
1
-1
1
-2
0
-4
0
0
-2
1
0
0
0
-1
0
0
-1
1
0
-1
0
1
-1
1
-1
0
2
-1
1
-1
0
-1
0
1
-1
3
0
1
0
-1
0
-2
0
-2
0
0
0
0
0
1
1
0
-1
0
1
2
2
0
2
0
0
-2
0
-1
-2
0
0
1
0
2
0
0
1
-1
3
0
-1
2
-3
1
1
0
1
1
1
2
1
0
1
-1
-1
1
-2
-2
1
-2
-1
1
0
1
1
1
1
0
-1
1
0
-1
0
-1
1
0
1
0
-1
-1
-1
-1
0
0
0
0
-2
0
3
0
2
0
-1
1
1
1
-1
1
-1
2
1
-1
2
-1
1
-1
1
0
0
-1
-3
1
-3
-1
0
-2
1
0
-1
1
-1
-2
0
0
-2
1
-2
-2
2
-3
1
1
-1
2
0
0
1
2
-1
0
3
-2
3
-2
-1
2
-1
0
0
-1
0
1
-2
-2
3
-3
1
1
-1
2
1
0
1
2
0
0
1
0
2
2
0
1
0
1
2
0
0
0
-1
-2
-1
-3
-4
0
-4
-2
-1
-3
0
-2
-1
0
2
-1
3
1
-2
3
-1
2
0
0
0
1
2
-2
2
-1
1
3
-1
2
-1
1
1
2
0
0
1
-3
4
-2
-3
2
-3
2
-2
1
1
2
2
0
2
-3
2
-1
2
3
-1
3
-2
-1
1
-2
-2
-2
-2
-4
-2
-4
-4
0
-4
-1
0
-2
-1
0
-3
-1
-2
-4
0
-2
-2
1
1
0
2
2
0
4
1
3
2
0
3
0
4
2
3
3
2
5
1
4
1
2
2
1
4
-2
0
2
4
7
6
8
6
3
1
-1
-7
-9
-17
-22
-29
-34
-38
-46
-57
-58
-62
-73
-70
-74
-78
-79
-71
-68
-68
-61
-49
-38
-40
-17
-8
-1
16
34
48
48
67
93
100
103
131
127
134
156
158
161
166
167
167
168
163
170
145
127
136
117
93
79
53
28
15
-13
-45
-73
-99
-99
-151
-192
-184
-204
-236
-244
-254
-266
-273
-269
-270
-279
-276
-247
-235
-238
-196
-179
-168
-142
-95
-77
-44
-2
24
53
94
142
170
176
201
278
277
292
330
328
350
355
374
370
349
352
362
342
323
306
270
234
240
206
137
120
78
54
-26
-49
-78
-167
-186
-237
-269
-362
-368
-376
-453
-488
-519
-541
-581
-560
-567
-586
-630
-576
-526
-567
-521
-462
-470
-401
-319
-273
-270
-163
-79
-40
-16
87
225
216
304
376
437
464
559
624
673
714
751
776
788
847
887
865
820
852
854
806
754
723
679
627
582
507
357
278
247
164
32
-60
-138
-291
-373
-394
-489
-658
-728
-749
-814
-873
-877
-989
-1043
-1050
-995
-1067
-1081
-1021
-998
-937
-902
-927
-892
-707
-613
-502
-513
-385
-258
-149
-48
21
163
190
361
446
476
613
652
724
694
927
965
926
994
1030
1214
1116
1268
1211
1171
1300
1357
1423
1193
1218
1285
1212
1152
1048
920
633
611
615
366
-36
-169
-225
-535
-652
-922
-1196
-1446
-1439
-1519
-1834
-2070
-2046
-2101
-2112
-2335
-2464
-2463
-2288
-1887
-2098
-2206
-2306
-1816
-2135
-909
-476
-1727
-1404
-797
759
415
-458
1
1250
1578
1172
1746
1424
2140
2642
2304
2551
2135
2823
3355
2771
2536
2243
3200
2489
2363
2621
1709
2205
1978
1906
994
1073
1197
1038
610
-299
58
-127
-458
-732
-1358
-1420
-1565
-1672
-1840
-2612
-2711
-2416
-2469
-3116
-3208
-2787
-3165
-3098
-2837
-3263
-3043
-3392
-1907
-1930
-2950
-2452
-2171
-793
-888
-1315
-1047
37
523
365
966
655
1718
2295
1949
2334
2242
3114
3395
2854
2802
2988
3761
3535
3096
2609
2845
3350
2898
2688
1848
1835
2468
2203
1194
875
832
1068
766
-190
-246
-380
-653
-717
-1319
-1755
-1822
-1889
-2083
-2683
-2865
-2763
-2917
-3387
-3308
-3349
-3627
-3501
-3460
-3746
-3087
-2952
-3249
-3175
-2891
-1755
-1679
-2148
-1498
-396
-182
-42
391
723
1634
1907
2066
2369
2422
3187
3631
3174
2954
3476
3829
3516
3226
3284
3536
3206
2908
2759
2446
2681
2483
1866
1553
1588
1383
1087
548
220
343
-72
-533
-777
-1053
-1253
-1598
-1855
-2169
-2386
-2369
-2595
-2974
-3200
-3029
-3354
-3446
-3504
-3355
-3637
-3514
-2975
-2989
-3086
-3393
-2506
-2015
-1631
-1668
-1486
-622
-94
426
384
987
1370
1950
2415
2315
2683
3000
3315
3289
3128
3372
3463
3289
3150
3265
3441
2957
2588
2568
2694
2608
1983
1672
1567
1621
1370
733
451
219
212
-159
-662
-958
-1123
-1334
-1840
-2068
-2241
-2351
-2517
-2828
-3059
-3133
-3215
-3385
-3447
-3421
-3401
-3346
-3205
-3045
-3052
-2911
-2700
-2439
-1800
-1526
-1471
-916
-442
158
352
631
1168
1446
2005
2198
2708
2574
2679
3030
3121
3365
2886
2997
3142
3354
2897
2671
2550
2311
2733
2213
1657
1701
1529
1394
1262
659
684
626
291
57
-254
-363
-255
-690
-1132
-1187
-1255
-1519
-1756
-1828
-2262
-2141
-2359
-2782
-2951
-2949
-3140
-3319
-2693
-3203
-3495
-3364
-3373
-2716
-2815
-2816
-2351
-1907
-1710
-1129
-705
-588
195
458
1097
1526
1662
2520
2710
2725
3016
3399
3573
3546
3639
3713
3746
3729
3671
3477
3101
3291
3327
2612
2434
2279
2231
2009
1440
1137
1025
778
471
131
-360
-633
-554
-801
-1414
-2089
-1984
-1892
-2547
-2780
-3062
-3026
-3294
-3577
-3985
-4210
-3715
-4125
-3661
-3885
-4537
-4118
-3687
-3092
-3181
-3446
-2865
-1620
-1273
-1409
-708
-167
644
1250
1260
2121
2462
3117
3599
3258
3436
3955
4574
4193
3661
4184
4439
4338
3940
3579
3536
3408
3448
2974
2452
2163
2198
2086
1337
904
705
543
97
-522
-537
-785
-1220
-1640
-2161
-2368
-2605
-2527
-3091
-3580
-3388
-3633
-3929
-4273
-4152
-4381
-4322
-3335
-4297
-4582
-4189
-3557
-2721
-3369
-3335
-2527
-1302
-1334
-962
-367
-168
1299
1480
1795
2228
2511
3865
3850
3500
3710
4212
4857
4319
4179
4152
4539
4788
4081
3912
3416
3736
3663
2921
2549
1980
2308
2141
1277
666
289
485
-163
-627
-842
-1285
-1495
-2055
-2286
-2671
-2955
-3000
-3518
-3727
-3660
-4014
-4292
-4719
-4382
-4740
-3802
-4066
-5247
-4057
-4255
-3342
-3596
-4031
-2676
-2013
-2160
-2167
-734
-304
259
579
809
2249
2188
2951
3597
3098
3937
4278
4801
4207
4014
5116
4804
4752
4323
4548
4457
4044
4220
3616
3276
3017
2976
2755
1862
1635
1384
1102
591
37
-105
-674
-901
-1167
-1498
-2246
-2566
-2138
-2815
-3312
-3579
-3598
-3596
-4208
-4169
-4829
-4572
-4844
-4599
-3374
-4776
-5184
-5165
-3661
-2780
-3867
-4239
-3462
-1399
-1676
-1404
-1467
-579
1189
1139
1656
1775
2306
3846
4064
3810
3485
4508
5393
4433
4824
4848
5108
4882
4645
4962
4174
4455
4187
3927
3466
3021
3270
2573
2137
1412
1525
1305
284
27
-412
-785
-1295
-1376
-1864
-2940
-2698
-2623
-3286
-3968
-4236
-3988
-4569
-4613
-5275
-5355
-5819
-4486
-3562
-5806
-6282
-5706
-3300
-3183
-5081
-5135
-3102
-1497
-2070
-1842
-1923
-292
1430
1350
1471
1542
3027
4610
4268
3732
3820
5289
5876
4833
4990
5044
5696
5269
5144
5037
4337
4988
4592
4209
3565
3446
3582
2910
2314
1631
1926
1373
477
116
-406
-737
-1251
-1380
-2130
-3019
-2663
-2857
-3459
-4256
-4339
-4128
-4934
-4876
-5632
-5514
-6099
-4414
-3945
-6303
-6327
-5717
-3283
-3666
-5416
-5142
-3001
-1576
-2283
-2037
-1963
-74
1543
1251
1417
1700
3381
4748
4196
3830
4085
5500
5879
4955
4881
5237
5867
5199
5239
4814
4478
5080
4557
3919
3476
3556
3500
2824
1926
1630
1903
1177
299
-166
-561
-937
-1270
-1592
-2530
-3097
-2684
-2901
-3716
-4353
-4202
-4075
-4846
-4992
-5454
-5404
-5959
-4083
-3802
-6164
-6294
-5321
-3032
-3527
-5298
-5036
-2578
-1331
-2150
-2060
-1777
300
1736
1367
1495
1794
3612
4902
4250
3714
4084
5679
5905
4820
4723
5348
5568
5147
5243
4619
4355
4696
4561
3854
3258
3095
3397
2680
1715
1677
1465
1008
175
-275
-672
-1238
-1419
-1692
-2562
-3179
-2831
-2863
-3755
-4373
-4044
-4070
-4657
-4887
-5274
-5370
-5720
-3516
-3815
-6061
-6295
-4940
-2538
-3480
-5246
-4934
-2044
-1171
-2070
-2035
-1664
606
1760
1432
1389
1648
3754
4783
4070
3374
3947
5734
5607
4521
4526
5337
5226
4920
5167
4405
4277
4523
4436
3729
3227
3080
3331
2607
1738
1934
1563
1020
307
-133
-433
-1114
-1252
-1496
-2437
-2843
-2624
-2724
-3696
-4196
-3800
-4055
-4670
-4840
-5153
-5463
-5695
-3293
-4153
-6326
-6409
-4856
-2394
-3903
-5601
-4973
-1900
-1438
-2307
-2258
-1768
705
1562
1255
1110
1527
3831
4609
3810
3127
4014
5748
5412
4419
4498
5417
5138
4851
5229
4402
4347
4632
4384
3741
3426
3300
3274
2643
1906
2150
1781
966
493
99
-245
-919
-1112
-1354
-2334
-2531
-2418
-2710
-3652
-3994
-3626
-4065
-4766
-4803
-5083
-5522
-5749
-3317
-4340
-6512
-6448
-4944
-2473
-4159
-5837
-5061
-2011
-1610
-2547
-2392
-1819
657
1485
1103
1026
1537
3902
4619
3717
3164
4090
5875
5543
4408
4672
5379
5288
5072
5422
4496
4205
4967
4658
3954
3322
3431
3508
2779
2090
1979
1791
1054
626
166
-472
-1007
-1136
-1306
-2543
-2841
-2526
-2834
-3772
-4304
-3818
-4196
-4876
-4904
-5358
-5738
-5821
-3259
-4478
-6766
-6526
-4847
-2332
-4304
-5947
-4975
-1848
-1483
-2561
-2396
-1743
887
1651
1102
1095
1683
4165
4713
3708
3263
4250
6106
5589
4409
4663
5343
5491
5182
5368
4285
4203
5205
4749
3820
3064
3575
3644
2826
1884
1744
1800
1162
612
-56
-661
-1030
-1072
-1355
-2850
-3039
-2516
-2831
-3961
-4561
-3851
-4260
-4787
-5005
-5464
-5808
-5774
-2989
-4648
-6905
-6522
-4512
-2059
-4531
-6007
-4830
-1466
-1439
-2586
-2454
-1741
1176
1679
1062
1035
1707
4397
4705
3591
3213
4408
6301
5385
4461
4540
5353
5626
5164
5276
4067
4393
5312
4720
3580
3035
3863
3677
2836
1757
1820
2002
1288
642
-96
-533
-809
-795
-1399
-2919
-2725
-2241
-2817
-4056
-4524
-3607
-4275
-4776
-5120
-5456
-5880
-5462
-2885
-5347
-7113
-6492
-4069
-2271
-5329
-6248
-4585
-1312
-1972
-2920
-2759
-1673
1234
1306
800
721
1757
4495
4411
3184
3087
4632
6294
4925
4416
4476
5372
5524
5183
5244
3897
4675
5384
4665
3495
3319
4150
3696
2891
1909
2178
2178
1372
827
37
-333
-541
-516
-1441
-2745
-2177
-2032
-2841
-3992
-4161
-3317
-4322
-4694
-5193
-5321
-5952
-4761
-2969
-6201
-7108
-6272
-3463
-2889
-6119
-6342
-4057
-1264
-2654
-3156
-2989
-1271
1343
898
592
460
2148
4684
3999
2865
3132
5070
6196
4536
4424
4552
5516
5378
5377
5123
3815
5117
5401
4608
3455
3589
4289
3599
2773
1936
2390
2026
1228
750
-125
-385
-582
-550
-1786
-2831
-2017
-2211
-3042
-4155
-4040
-3471
-4545
-4710
-5388
-5401
-6201
-3910
-3361
-6875
-6932
-5902
-2744
-3533
-6453
-6100
-3133
-1164
-2960
-3035
-2872
-407
1621
772
599
521
2977
4912
3692
2802
3372
5604
5977
4337
4480
4676
5597
5172
5461
4787
3850
5333
5068
4405
3280
3697
4095
3176
2460
1866
2345
1616
909
472
-296
-468
-711
-792
-2200
-2830
-1942
-2409
-3236
-4301
-3900
-3599
-4575
-4645
-5370
-5546
-5989
-2966
-3997
-7085
-6576
-5177
-2091
-4123
-6415
-5507
-2080
-1284
-2976
-2931
-2517
454
1609
689
459
756
3701
4772
3323
2635
3610
5863
5458
4133
4362
4706
5390
4915
5284
4354
3911
5131
4643
4128
3146
3777
3786
2834
2360
2007
2347
1401
818
531
-114
-330
-615
-879
-2242
-2431
-1704
-2436
-3297
-4222
-3546
-3588
-4447
-4581
-5272
-5660
-5323
-2511
-4867
-7158
-6333
-4367
-2036
-4952
-6509
-4895
-1504
-1850
-3179
-3158
-2141
885
1194
374
138
1122
4054
4275
2797
2411
3924
5825
4789
3897
4135
4717
5110
4796
5013
3973
4039
4901
4473
3884
3188
3887
3578
2812
2470
2309
2380
1365
967
775
182
-177
-383
-833
-2030
-1828
-1517
-2404
-3248
-3866
-3116
-3610
-4248
-4625
-5056
-5705
-4519
-2477
-5680
-6955
-6122
-3612
-2464
-5670
-6508
-4309
-1360
-2535
-3300
-3391
-1748
1030
699
128
-91
1577
4175
3741
2410
2365
4306
5655
4299
3843
4050
4833
4924
4880
4845
3756
4356
4820
4455
3758
3339
3973
3422
2921
2528
2496
2246
1266
1049
745
220
-310
-389
-1061
-2015
-1569
-1742
-2596
-3436
-3625
-3064
-3862
-4288
-4880
-5011
-5848
-3724
-2890
-6339
-6619
-5813
-2876
-3079
-6025
-6221
-3463
-1267
-2867
-3095
-3277
-979
1239
519
159
21
2318
4304
3407
2298
2588
4799
5444
4079
3903
4110
4896
4712
4978
4516
3623
4502
4590
4321
3487
3386
3792
3170
2838
2393
2411
1879
1129
933
549
20
-555
-497
-1390
-2020
-1552
-1995
-2758
-3564
-3314
-3131
-3955
-4286
-4907
-4975
-5720
-2919
-3600
-6607
-6284
-5317
-2324
-3799
-6124
-5831
-2599
-1430
-3015
-2956
-3045
-201
1226
373
152
212
2966
4184
3080
2242
2871
5197
5080
3966
3973
4194
4868
4537
5090
4181
3658
4562
4422
4352
3311
3556
3646
3154
2870
2394
2450
1685
1287
1011
560
1
-495
-373
-1482
-1849
-1519
-2054
-2788
-3570
-3049
-3318
-3976
-4307
-4886
-5238
-5409
-2554
-4561
-6872
-6346
-4775
-2279
-4747
-6514
-5550
-2071
-2017
-3328
-3298
-2832
240
894
72
-181
426
3383
3858
2644
2090
3223
5365
4635
3891
4054
4305
4709
4593
5168
4079
3841
4574
4507
4531
3417
3751
3596
3265
3101
2574
2469
1623
1468
1260
709
-5
-377
-275
-1417
-1589
-1490
-2099
-2792
-3410
-2820
-3442
-3943
-4336
-4794
-5463
-4728
-2502
-5403
-6824
-6273
-4058
-2569
-5431
-6620
-5172
-1799
-2542
-3326
-3676
-2632
478
689
47
-646
839
3645
3637
2551
1940
3607
5280
4494
4025
4082
4365
4421
4985
5052
4075
4072
4420
4636
4511
3674
3710
3420
3212
3202
2670
2196
1507
1290
1279
697
-312
-486
-615
-1532
-1549
-1689
-2382
-3094
-3298
-2885
-3650
-4081
-4532
-4792
-5627
-4033
-2833
-5995
-6509
-6003
-3478
-2970
-5638
-6360
-4557
-1591
-2724
-2992
-3692
-2155
805
812
229
-734
1566
3906
3642
2680
2029
4063
5252
4530
4032
4189
4461
4160
5197
4701
4041
4169
4165
4415
4237
3770
3385
3097
2933
3067
2590
1827
1332
989
1189
558
-571
-583
-953
-1510
-1519
-1821
-2585
-3226
-2989
-2983
-3771
-4154
-4509
-4656
-5681
-3514
-3276
-6113
-6162
-5728
-3140
-3328
-5703
-6147
-3645
-1600
-3032
-2992
-3478
-1376
776
461
66
-450
2132
3769
3258
2482
2329
4379
5079
4256
3748
4425
4715
3995
4995
4438
4155
4311
4177
4191
4022
3900
3383
3108
2825
3067
2727
1904
1454
1051
1297
654
-375
-440
-914
-1230
-1326
-1770
-2521
-3066
-2699
-2983
-3806
-4171
-4483
-4589
-5726
-3382
-3741
-6278
-6186
-5670
-3146
-3873
-5924
-6141
-3279
-1923
-3375
-3287
-3460
-1036
515
-5
-197
-376
2215
3536
2865
2221
2379
4466
4744
3986
3591
4379
4797
3857
4904
4307
4211
4462
4214
4229
3907
4185
3526
3250
2921
3138
3111
2010
1665
1186
1411
911
-180
-276
-939
-942
-1043
-1664
-2362
-3023
-2400
-2865
-3653
-4160
-4485
-4521
-5639
-3046
-4050
-6459
-6267
-5473
-2931
-4356
-6160
-6175
-3092
-2080
-3572
-3552
-3574
-827
455
-173
-376
-481
2376
3543
2764
2033
2306
4638
4533
3957
3545
4252
4692
3882
5066
4097
4162
4502
4184
4299
3814
4294
3477
3318
2927
3105
3246
1867
1677
1123
1391
886
-266
-313
-1170
-835
-1045
-1760
-2468
-3182
-2302
-3027
-3606
-4342
-4494
-4798
-5347
-2544
-4647
-6561
-6292
-4827
-2619
-4888
-6307
-5800
-2392
-2248
-3555
-3623
-3208
-127
455
-55
-519
-67
3023
3548
2645
1841
2813
4885
4382
3898
3514
4434
4393
4275
4936
3740
4188
4340
4222
4003
3720
3950
3375
3195
2670
3069
2781
1688
1497
987
1220
437
-280
-548
-1326
-871
-1313
-1880
-2751
-3079
-2445
-3186
-3595
-4506
-4332
-5236
-4310
-2445
-5462
-6409
-6011
-3717
-2834
-5379
-6333
-4762
-1713
-2715
-3438
-3698
-2335
458
241
-58
-740
840
3504
3243
2260
1796
3621
4801
4215
3642
3571
4618
4171
4704
4395
3652
4275
4293
4271
3628
3769
3637
3462
2987
2654
3099
2319
1774
1355
1080
982
145
-118
-808
-1234
-938
-1487
-2048
-2887
-2814
-2747
-3240
-3853
-4424
-4446
-5480
-3044
-3215
-6225
-6278
-5406
-2853
-3692
-5966
-6253
-3402
-1757
-3309
-3548
-3730
-1146
558
-67
-372
-692
1992
3639
2775
1742
2183
4386
4560
3997
3263
3869
4686
4173
4758
3776
3758
4411
4307
4020
3283
3739
3525
3435
2659
2649
3047
2009
1773
1169
1061
686
139
-96
-1092
-982
-938
-1499
-2149
-2799
-2548
-2806
-3139
-4009
-4099
-4860
-4660
-2081
-4482
-6301
-5930
-4134
-2570
-4781
-6282
-5417
-2116
-2426
-3546
-3810
-3034
17
168
-324
-831
59
3004
3235
2138
1425
3081
4704
4077
3633
3082
4308
4453
4299
4357
3247
4118
4362
4139
3536
3103
3690
3434
3209
2277
2757
2719
1702
1621
906
889
314
163
-485
-1297
-814
-1206
-1654
-2466
-2702
-2551
-2930
-3303
-4115
-4166
-5155
-3135
-2562
-5671
-6022
-5228
-2824
-3371
-5611
-6062
-3739
-1563
-3043
-3492
-3691
-1387
638
-108
-445
-724
1680
3555
2760
1694
1937
4231
4524
3834
3291
3397
4548
4181
4467
3589
3288
4344
4042
3831
3042
3224
3398
3259
2669
2130
2784
1922
1513
1217
769
508
-33
-14
-1098
-1139
-1026
-1571
-2053
-2758
-2485
-2864
-3034
-3698
-4017
-4527
-4532
-2135
-4123
-5987
-5595
-3987
-2474
-4578
-5812
-5089
-2118
-2005
-3313
-3528
-2869
171
397
-269
-681
226
3084
3338
2215
1492
3041
4733
4139
3668
2975
3979
4485
4259
4213
2990
3830
4321
3975
3360
2951
3435
3242
3229
2130
2393
2527
1634
1548
904
794
131
155
-350
-1321
-913
-1331
-1684
-2459
-2713
-2632
-3130
-3221
-4051
-4066
-5028
-3359
-2564
-5490
-5916
-5290
-2938
-3228
-5440
-5804
-3847
-1597
-2775
-3373
-3660
-1516
723
-3
-420
-700
1638
3626
2857
1706
1814
4119
4565
3934
3262
3120
4490
4223
4425
3436
3023
4281
4111
3720
2818
3213
3279
3308
2774
1846
2730
2038
1693
1220
830
605
-2
308
-908
-1090
-923
-1411
-1777
-2635
-2430
-2819
-2933
-3466
-3923
-4346
-4629
-2039
-3787
-5839
-5657
-4181
-2287
-4317
-5710
-5229
-2316
-1926
-3163
-3530
-3147
-58
509
-219
-825
-37
3015
3386
2249
1338
2832
4684
4151
3669
2768
3933
4245
4171
4115
2632
3716
4040
3736
2969
2800
3174
2936
3085
1810
2359
2354
1489
1390
720
952
31
34
-314
-1227
-813
-1254
-1524
-2320
-2464
-2337
-2881
-2938
-3874
-3680
-4810
-3128
-2002
-5201
-5571
-5035
-2548
-2893
-5070
-5543
-3724
-1240
-2599
-3128
-3545
-1552
864
165
-323
-894
1629
3738
2901
1768
1697
4148
4580
4008
3055
3116
4371
3854
4463
3132
2878
4026
3610
3231
2558
2983
2768
2885
2160
1725
2616
1476
1263
770
761
618
-344
-158
-1084
-986
-985
-1504
-1993
-2656
-2147
-2562
-2853
-3564
-3815
-3948
-4500
-1802
-3593
-5744
-5173
-3827
-2010
-4176
-5296
-4950
-1938
-1514
-3072
-3230
-2959
184
652
-110
-710
-101
3102
3478
2341
1335
2705
4727
4281
3544
2681
3816
4122
4142
4121
2629
3510
3963
3455
2966
2699
2951
2877
2808
1744
2311
2292
1331
1280
754
970
211
-102
-411
-1067
-762
-1195
-1568
-2342
-2503
-2191
-2807
-3092
-3989
-3681
-4709
-3382
-2013
-5233
-5611
-5019
-2746
-2831
-5017
-5521
-3939
-1164
-2514
-3164
-3582
-1669
882
155
-271
-982
1339
3657
3029
1763
1474
3825
4678
4014
3025
2999
4077
3989
4491
3385
2803
3876
3789
3399
2835
2769
2817
3047
2320
1798
2482
1677
1337
1020
846
616
-87
-63
-790
-902
-954
-1335
-1800
-2514
-2240
-2483
-2773
-3409
-3767
-3972
-4719
-1903
-3174
-5671
-5361
-4088
-1989
-3755
-5210
-5289
-2231
-1382
-2901
-3216
-3249
-44
827
145
-684
-384
2855
3625
2525
1253
2394
4505
4435
3578
2735
3498
3894
4279
4122
2770
3179
3889
3607
3069
2641
2557
2854
2644
1704
1978
1938
1198
1007
626
565
-81
-298
-562
-1172
-1079
-1347
-1615
-2320
-2502
-2353
-2657
-2876
-3728
-3540
-4747
-3269
-1484
-4728
-5492
-4850
-2415
-2282
-4419
-5309
-3785
-783
-2074
-2656
-3341
-1586
1176
743
135
-838
1435
3906
3365
1922
1490
3766
4798
4139
3066
2917
3719
4059
4374
3223
2551
3426
3725
3204
2566
2178
2521
2603
1918
1411
1748
1278
880
602
277
-20
-544
-522
-1114
-1375
-1356
-1615
-2033
-2583
-2483
-2529
-2707
-3325
-3579
-4068
-4346
-1391
-3056
-5418
-5072
-3407
-1531
-3469
-4891
-4738
-1459
-1074
-2397
-2859
-2718
498
1172
587
-515
69
3279
3877
2651
1314
2627
4712
4548
3525
2783
3252
3902
4392
3783
2455
2849
3603
3421
2817
1975
2236
2595
2271
1496
1452
1544
996
888
387
104
-327
-467
-644
-1338
-1285
-1443
-1708
-2315
-2629
-2499
-2661
-2970
-3649
-3806
-4807
-2282
-1838
-5017
-5439
-4438
-1790
-2564
-4631
-5301
-2786
-644
-2039
-2635
-3318
-668
1332
817
-8
-755
2188
4047
3250
1682
1741
4130
4882
3996
2990
2947
3641
4321
4356
2788
2452
3460
3550
3193
2154
1921
2548
2489
1795
1234
1538
1120
910
609
28
-169
-510
-408
-1076
-1342
-1337
-1569
-1969
-2554
-2435
-2601
-2718
-3392
-3547
-4608
-3410
-1167
-3985
-5427
-4988
-2564
-1761
-4015
-5227
-3970
-825
-1537
-2346
-3321
-1896
1013
935
422
-860
801
3721
3635
2149
1373
3245
4877
4319
3366
2813
3358
4128
4603
3496
2261
3158
3759
3416
2565
1764
2446
2577
2111
1178
1317
1310
759
719
-71
-285
-541
-471
-928
-1550
-1424
-1569
-1845
-2524
-2553
-2574
-2723
-3061
-3553
-4242
-4388
-1358
-2799
-5303
-5290
-3510
-1338
-3235
-4927
-4736
-1423
-883
-2016
-2857
-2667
485
1268
737
-313
-86
3117
4079
2764
1539
2558
4834
4579
3834
3002
3102
4085
4491
4164
2393
2760
3783
3541
2857
1643
2285
2520
2296
1218
868
1432
691
663
-167
-580
-621
-609
-802
-1885
-1722
-1590
-1719
-2404
-2887
-2643
-2812
-2726
-3480
-4122
-4947
-2131
-1696
-4866
-5595
-4389
-1468
-2248
-4571
-5208
-2408
-392
-1495
-2415
-2990
-290
1709
1127
211
-419
2406
4403
3417
1890
2085
4608
4929
4111
3263
2923
4008
4372
4418
2726
2392
3638
3612
2966
1632
2001
2498
2399
1407
571
1314
912
613
-81
-734
-663
-668
-622
-1834
-2013
-1641
-1630
-2110
-2985
-2788
-2862
-2651
-3300
-3933
-5139
-3096
-1269
-4144
-5672
-5064
-2059
-1715
-4065
-5317
-3394
-512
-1117
-2027
-3047
-1031
1702
1506
690
-400
1764
4396
3971
2327
1833
4179
5209
4401
3440
2851
3919
4328
4540
3052
2180
3427
3699
3035
1668
1689
2339
2492
1565
374
980
1049
612
-21
-824
-781
-717
-587
-1617
-2164
-1773
-1697
-1935
-2864
-2811
-2829
-2696
-3140
-3581
-4720
-3804
-1198
-3311
-5221
-5223
-2656
-1333
-3542
-4901
-4020
-898
-976
-1757
-2890
-1809
1297
1468
907
-296
948
3996
4135
2643
1635
3529
5303
4557
3729
2689
3872
4387
4634
3535
2030
3420
3826
3378
1855
1509
2300
2527
1962
248
715
1176
726
189
-900
-840
-732
-472
-1421
-2309
-1878
-1780
-1814
-2825
-2987
-2829
-2798
-3031
-3625
-4406
-4321
-1414
-2716
-5032
-5320
-3385
-1137
-3127
-4708
-4455
-1391
-785
-1616
-2609
-2353
855
1579
1008
-5
423
3638
4375
3045
1753
3077
5399
4794
4059
2802
3757
4566
4604
3924
2096
3279
3947
3526
2110
1357
2219
2385
2050
289
307
1161
693
216
-943
-1019
-801
-540
-1285
-2430
-2003
-1822
-1746
-2754
-3149
-2893
-2743
-2962
-3741
-4252
-4595
-1641
-2334
-4850
-5375
-3824
-1154
-2682
-4567
-4731
-1733
-559
-1448
-2362
-2574
506
1795
1144
219
171
3314
4558
3425
1927
2689
5298
5050
4226
2923
3512
4593
4637
4079
2289
3016
3969
3666
2322
1396
2040
2387
2074
473
105
980
755
151
-857
-1208
-924
-643
-1203
-2353
-2139
-1860
-1745
-2630
-3208
-2997
-2809
-2851
-3824
-4190
-4850
-2060
-2095
-4768
-5417
-4306
-1327
-2389
-4418
-4875
-2107
-307
-1258
-2102
-2544
285
2057
1414
583
113
3053
4816
3779
2258
2408
5168
5292
4403
3210
3189
4553
4656
4329
2482
2697
3791
3637
2607
1322
1778
2220
2141
723
-131
773
582
135
-773
-1423
-1229
-925
-1103
-2328
-2314
-2101
-1904
-2474
-3229
-3048
-3007
-2802
-3594
-4096
-4769
-2295
-1838
-4508
-5271
-4327
-1447
-2012
-4163
-4701
-2185
-198
-976
-1962
-2391
166
2113
1598
726
123
2730
4821
3882
2313
2280
4881
5292
4357
3449
3041
4358
4652
4404
2635
2557
3627
3445
2770
1334
1671
2082
2096
955
-167
633
471
88
-700
-1458
-1424
-1157
-1116
-2317
-2455
-2261
-2112
-2449
-3248
-3122
-3079
-2897
-3463
-4148
-4683
-2178
-1812
-4462
-5306
-4081
-1449
-1966
-4027
-4667
-2020
-232
-824
-1963
-2314
288
2086
1771
742
257
2779
4822
3979
2324
2454
4863
5269
4354
3530
3247
4262
4662
4365
2636
2667
3549
3312
2670
1397
1630
2004
1953
863
-60
455
327
-35
-792
-1415
-1518
-1284
-1307
-2323
-2473
-2305
-2185
-2523
-3174
-3108
-3003
-2956
-3490
-4151
-4666
-2029
-1854
-4518
-5410
-3907
-1311
-2093
-3987
-4707
-1916
-207
-804
-1963
-2362
406
2082
1827
772
331
2904
4837
4038
2372
2585
4953
5224
4377
3564
3348
4286
4604
4374
2621
2774
3566
3212
2607
1427
1652
1895
1845
734
-10
416
126
-111
-866
-1377
-1502
-1361
-1403
-2358
-2395
-2260
-2206
-2557
-3136
-3036
-2986
-2982
-3600
-4129
-4775
-2188
-1856
-4550
-5515
-4103
-1335
-2098
-3977
-4848
-2130
-128
-739
-1820
-2381
341
2184
1979
973
408
2873
4949
4314
2609
2647
5070
5380
4475
3793
3394
4328
4620
4437
2791
2778
3564
3149
2656
1423
1636
1804
1637
685
-62
378
-23
-306
-923
-1427
-1514
-1546
-1477
-2391
-2424
-2214
-2262
-2604
-3155
-2967
-2991
-2989
-3653
-4024
-4822
-2371
-1657
-4357
-5418
-4304
-1363
-1809
-3734
-4895
-2408
16
-604
-1632
-2401
94
2159
2003
1045
252
2524
4739
4347
2654
2381
4856
5338
4386
3788
3289
4191
4511
4415
2880
2734
3552
3209
2805
1472
1753
1972
1684
824
35
504
157
-234
-867
-1338
-1395
-1518
-1436
-2296
-2409
-2182
-2199
-2519
-3174
-2948
-2953
-2916
-3586
-3977
-4865
-2518
-1450
-4173
-5380
-4472
-1521
-1626
-3574
-4899
-2702
-93
-571
-1563
-2475
-190
2015
1958
1070
213
2346
4553
4337
2718
2384
4677
5325
4421
3774
3279
4140
4486
4353
2976
2628
3505
3353
2836
1491
1674
2054
1767
907
-81
390
285
-181
-831
-1449
-1455
-1471
-1461
-2297
-2557
-2300
-2271
-2457
-3152
-3136
-2978
-2917
-3431
-3926
-4879
-2681
-1385
-3859
-5309
-4509
-1692
-1458
-3328
-4744
-2757
-236
-498
-1336
-2381
-325
1960
2025
1185
312
2361
4533
4326
2864
2488
4675
5234
4518
3867
3306
4239
4381
4361
3037
2706
3323
3340
2875
1437
1630
1811
1720
884
-182
209
209
-203
-854
-1411
-1554
-1533
-1421
-2279
-2569
-2407
-2349
-2485
-3123
-3182
-3121
-2943
-3440
-3801
-4841
-3018
-1473
-3703
-5176
-4723
-2038
-1421
-3232
-4687
-2995
-342
-566
-1214
-2201
-466
1950
2123
1428
460
2335
4685
4455
3109
2575
4656
5412
4554
4076
3379
4375
4457
4382
3222
2781
3378
3213
3025
1515
1536
1758
1587
936
-219
102
100
-259
-890
-1449
-1563
-1758
-1474
-2223
-2609
-2483
-2441
-2547
-3155
-3126
-3165
-3011
-3478
-3686
-4632
-3210
-1477
-3561
-4959
-4719
-2294
-1372
-3077
-4596
-3231
-386
-551
-1226
-2116
-596
1899
2141
1500
463
2088
4636
4525
3103
2473
4388
5489
4519
4060
3288
4143
4568
4325
3330
2741
3373
3248
3118
1768
1467
1871
1641
1133
31
73
146
-220
-744
-1384
-1567
-1789
-1576
-2106
-2614
-2514
-2463
-2599
-3159
-3163
-3151
-3078
-3536
-3731
-4650
-3290
-1400
-3512
-5004
-4715
-2388
-1374
-3016
-4546
-3430
-455
-496
-1225
-2149
-794
1889
2222
1534
445
1880
4601
4702
3209
2387
4303
5581
4688
4244
3276
4008
4618
4500
3493
2712
3310
3310
3246
1885
1486
1790
1601
1267
134
49
35
-285
-718
-1343
-1621
-1892
-1632
-2151
-2652
-2551
-2526
-2612
-3265
-3219
-3204
-3153
-3577
-3915
-4723
-3571
-1367
-3387
-5127
-4800
-2540
-1250
-2923
-4444
-3589
-572
-306
-1142
-2062
-1030
1796
2405
1615
520
1656
4481
4820
3434
2362
4123
5625
4821
4483
3375
4002
4584
4628
3809
2720
3270
3348
3375
2026
1553
1765
1535
1438
176
115
94
-299
-608
-1275
-1487
-1874
-1571
-2035
-2659
-2487
-2564
-2491
-3316
-3347
-3218
-3236
-3533
-4101
-4795
-3972
-1587
-3193
-5243
-5086
-2975
-1331
-2841
-4506
-3920
-955
-311
-1102
-2120
-1311
1465
2432
1752
635
1466
4266
5005
3725
2499
3987
5673
5072
4615
3606
4084
4604
4661
4001
2888
3187
3373
3379
2137
1613
1752
1603
1437
260
101
202
-225
-616
-1181
-1453
-1731
-1567
-1917
-2611
-2542
-2511
-2480
-3211
-3387
-3236
-3192
-3450
-3954
-4744
-4181
-1688
-2842
-4964
-5244
-3228
-1354
-2562
-4329
-4181
-1193
-362
-914
-2068
-1582
1150
2259
1862
641
1161
3868
4918
3840
2425
3679
5480
5054
4568
3573
3975
4466
4602
3993
2963
3195
3288
3441
2192
1671
1814
1694
1518
371
178
200
-66
-591
-1100
-1368
-1719
-1497
-1826
-2528
-2566
-2509
-2407
-3128
-3262
-3242
-3199
-3332
-3837
-4567
-4411
-1760
-2601
-4719
-5201
-3496
-1334
-2433
-4098
-4283
-1448
-363
-875
-1792
-1694
887
2190
1924
838
977
3637
4780
3921
2581
3411
5442
4939
4622
3697
3820
4431
4526
4126
2945
3277
3200
3408
2334
1549
1846
1555
1487
415
106
98
-163
-548
-1144
-1341
-1812
-1619
-1739
-2537
-2521
-2609
-2394
-3021
-3224
-3105
-3255
-3233
-3812
-4352
-4503
-1919
-2409
-4633
-5001
-3652
-1350
-2279
-3943
-4243
-1657
-294
-915
-1669
-1668
647
2160
1870
957
876
3401
4659
3833
2728
3180
5346
4906
4477
3889
3691
4469
4486
4235
3013
3268
3335
3280
2587
1490
1867
1626
1412
600
62
213
-158
-419
-979
-1311
-1639
-1719
-1593
-2405
-2458
-2519
-2460
-2806
-3301
-3039
-3177
-3268
-3797
-4345
-4617
-2224
-2303
-4659
-5172
-3903
-1629
-2209
-3973
-4496
-1939
-376
-942
-1765
-1804
436
2072
1923
998
831
3238
4722
3967
2792
3155
5308
5163
4461
4034
3727
4533
4637
4307
3108
3235
3480
3268
2801
1482
1825
1801
1401
657
30
253
-109
-384
-940
-1318
-1554
-1780
-1588
-2312
-2476
-2447
-2477
-2713
-3256
-3064
-3074
-3209
-3700
-4172
-4718
-2452
-2017
-4388
-5250
-4160
-1807
-1957
-3757
-4731
-2269
-365
-828
-1646
-1980
121
1963
2001
1056
617
2876
4634
4053
2728
2868
5041
5256
4413
3992
3550
4374
4630
4324
3098
3071
3495
3301
3022
1511
1779
1975
1535
814
98
286
-16
-263
-900
-1286
-1473
-1797
-1559
-2257
-2502
-2437
-2445
-2671
-3249
-3067
-3084
-3088
-3579
-4043
-4771
-2682
-1712
-4117
-5232
-4388
-2011
-1731
-3480
-4760
-2730
-451
-730
-1480
-2051
-260
1834
2075
1201
491
2509
4560
4168
2876
2705
4820
5406
4524
4081
3465
4301
4668
4425
3210
2880
3450
3365
3123
1577
1604
1982
1623
966
73
167
39
-241
-824
-1375
-1513
-1763
-1589
-2213
-2614
-2481
-2490
-2617
-3274
-3187
-3102
-3087
-3446
-4028
-4784
-2868
-1589
-3846
-5213
-4429
-2158
-1622
-3223
-4582
-2934
-590
-593
-1339
-2029
-427
1711
2130
1335
553
2299
4482
4308
3019
2735
4606
5503
4652
4112
3418
4239
4765
4447
3315
2745
3421
3454
3069
1632
1489
1946
1724
1099
18
52
182
-204
-736
-1428
-1599
-1620
-1550
-2167
-2675
-2477
-2475
-2580
-3264
-3374
-3104
-3109
-3483
-4066
-4865
-3032
-1752
-3771
-5322
-4591
-2278
-1779
-3271
-4628
-3039
-790
-683
-1328
-2156
-486
1597
2049
1391
661
2328
4420
4503
3148
2869
4624
5591
4879
4146
3572
4281
4828
4605
3379
2784
3472
3580
3054
1714
1514
1862
1833
1108
-35
7
192
-189
-783
-1453
-1707
-1608
-1494
-2168
-2662
-2468
-2403
-2522
-3114
-3274
-3084
-2966
-3394
-3851
-4741
-3084
-1686
-3557
-5161
-4662
-2264
-1719
-3194
-4590
-3105
-803
-724
-1313
-2230
-611
1522
1910
1306
520
2103
4182
4364
2986
2584
4318
5375
4741
3932
3350
4078
4592
4585
3297
2578
3442
3596
3121
1772
1557
1867
1986
1251
9
156
265
-8
-674
-1381
-1620
-1554
-1305
-2089
-2589
-2420
-2307
-2382
-3013
-3117
-3064
-2872
-3280
-3752
-4657
-3266
-1581
-3377
-5065
-4792
-2409
-1625
-3094
-4441
-3278
-871
-708
-1267
-2142
-739
1475
1926
1365
481
1902
4116
4324
3017
2493
4126
5366
4724
3963
3252
4006
4615
4643
3358
2419
3460
3696
3203
1761
1479
1928
2044
1323
-61
95
299
99
-625
-1515
-1693
-1574
-1227
-2106
-2731
-2508
-2342
-2309
-3068
-3253
-3149
-2894
-3274
-3861
-4709
-3550
-1626
-3289
-5073
-4918
-2633
-1570
-3003
-4318
-3452
-958
-625
-1180
-1966
-809
1436
2016
1536
660
1860
4163
4446
3208
2643
4112
5499
4834
4087
3383
4065
4754
4711
3506
2498
3508
3818
3205
1831
1437
2001
2077
1298
-59
-40
324
118
-627
-1628
-1802
-1574
-1273
-2079
-2858
-2581
-2340
-2327
-3076
-3406
-3228
-2935
-3310
-3919
-4737
-3732
-1813
-3228
-5075
-4976
-2817
-1689
-2968
-4302
-3605
-1098
-666
-1176
-1944
-913
1256
1940
1607
778
1825
4076
4556
3356
2745
4163
5568
5024
4158
3569
4181
4805
4799
3558
2697
3544
3862
3152
1901
1502
1930
2088
1173
-85
-123
225
32
-747
-1688
-1908
-1630
-1394
-2155
-2901
-2697
-2376
-2375
-3066
-3441
-3328
-2948
-3271
-3878
-4663
-3682
-1780
-3051
-4903
-4820
-2690
-1594
-2817
-4094
-3433
-977
-507
-1046
-1822
-804
1293
1941
1609
792
1805
4001
4497
3265
2598
4049
5448
4864
3891
3443
4044
4661
4639
3251
2627
3569
3783
2926
1802
1519
1934
2117
1016
-167
-26
316
47
-798
-1646
-1857
-1518
-1339
-2212
-2860
-2672
-2318
-2358
-3053
-3424
-3312
-2914
-3293
-3910
-4613
-3465
-1715
-3105
-4898
-4660
-2498
-1612
-2916
-4031
-3203
-876
-520
-1124
-1721
-535
1427
1886
1549
834
1993
4099
4443
3162
2677
4198
5462
4669
3720
3546
4084
4755
4488
3038
2671
3774
3789
2686
1676
1444
2050
2042
720
-335
-55
397
-54
-1005
-1800
-1944
-1483
-1416
-2376
-3004
-2703
-2300
-2475
-3124
-3529
-3281
-2883
-3410
-3996
-4592
-3160
-1771
-3306
-4959
-4448
-2254
-1727
-2991
-4032
-2929
-745
-546
-1184
-1581
-181
1614
1913
1558
972
2325
4276
4441
3178
2889
4548
5490
4499
3725
3725
4276
4824
4313
2936
2869
3962
3640
2564
1577
1482
2129
1811
483
-427
3
338
-251
-1256
-1955
-1937
-1561
-1581
-2560
-3095
-2696
-2372
-2582
-3239
-3563
-3255
-2920
-3478
-4093
-4513
-2926
-1904
-3583
-4988
-4199
-2138
-1892
-3063
-3990
-2651
-676
-556
-1217
-1450
35
1703
1968
1518
1098
2583
4411
4389
3217
3068
4944
5477
4339
3883
3891
4545
4834
4097
2913
3242
4050
3296
2474
1479
1680
2162
1425
247
-425
145
125
-615
-1609
-2084
-1893
-1792
-1960
-2886
-3184
-2717
-2508
-2815
-3541
-3612
-3197
-3090
-3602
-4316
-4361
-2529
-2039
-3900
-4914
-3690
-1851
-1914
-3098
-3744
-2001
-346
-395
-1128
-1105
555
1952
2131
1530
1333
3033
4617
4264
3064
3370
5293
5165
4165
3887
3961
4572
4541
3675
2828
3533
3674
2800
2197
1339
1853
1941
971
-60
-276
272
-176
-969
-1829
-1954
-1848
-1896
-2214
-3000
-3028
-2656
-2482
-2963
-3582
-3473
-3087
-3229
-3731
-4439
-3983
-2099
-2423
-4281
-4714
-3118
-1704
-2198
-3420
-3465
-1367
-304
-654
-1328
-732
1096
2018
1977
1347
1667
3610
4716
3889
2842
4048
5447
4714
4160
3906
4238
4568
4297
3427
3114
3759
3246
2640
1948
1481
1966
1580
595
-274
-53
151
-574
-1348
-1961
-1872
-1970
-1961
-2471
-3050
-2934
-2659
-2495
-3129
-3445
-3334
-3078
-3322
-3847
-4342
-3378
-1881
-2969
-4435
-4215
-2530
-1628
-2525
-3557
-2836
-872
-403
-938
-1295
-188
1537
1994
1733
1276
2181
4098
4539
3423
2939
4720
5091
4321
4140
3906
4487
4346
4014
3304
3535
3621
2934
2556
1663
1865
1889
1208
218
-247
216
-112
-909
-1709
-1884
-1812
-1978
-2045
-2785
-2981
-2867
-2644
-2696
-3335
-3290
-3265
-3188
-3534
-4026
-4086
-2726
-2052
-3674
-4421
-3655
-2051
-1748
-3010
-3532
-2048
-548
-629
-1165
-1042
425
1886
1970
1514
1416
2875
4476
4294
3150
3492
5147
4729
4308
4087
4135
4639
4205
3787
3411
3802
3283
2940
2301
1580
2113
1637
863
-145
-52
154
-453
-1260
-2003
-1808
-1998
-2047
-2446
-3113
-3027
-2981
-2719
-3193
-3560
-3355
-3323
-3428
-3915
-4263
-3839
-2224
-2644
-4327
-4336
-3148
-1637
-2121
-3433
-3241
-1201
-225
-753
-1123
-626
1222
2277
2058
1534
1845
3760
4770
4175
3221
4312
5300
4573
4530
4043
4513
4544
4096
3608
3577
3741
2923
2956
1884
1723
2030
1315
583
-303
159
-181
-758
-1540
-2087
-1841
-2332
-2209
-2831
-3192
-3086
-3089
-2822
-3558
-3538
-3405
-3416
-3678
-4159
-4269
-3367
-2027
-3431
-4650
-4002
-2532
-1537
-2724
-3697
-2650
-502
-204
-1000
-1176
-172
1844
2350
1854
1417
2370
4382
4714
3788
3411
4946
5091
4511
4593
4151
4745
4371
4042
3612
3828
3550
2890
2854
1712
2051
1862
1125
356
-157
251
-527
-1056
-1789
-2040
-2054
-2619
-2505
-3128
-3164
-3210
-3183
-3154
-3786
-3459
-3420
-3603
-4020
-4254
-4074
-2721
-2194
-4032
-4526
-3373
-1825
-1616
-3065
-3554
-1702
49
-306
-1073
-985
585
2297
2335
1677
1501
3099
4700
4488
3375
3799
5154
4710
4546
4378
4285
4558
4148
3852
3657
3765
3063
2959
2445
1692
2068
1508
864
105
21
-22
-804
-1350
-1864
-1893
-2310
-2630
-2681
-3111
-3058
-3287
-3200
-3465
-3716
-3380
-3450
-3820
-4256
-4193
-3894
-2310
-2624
-4310
-4240
-2974
-1434
-1849
-3248
-3323
-1068
146
-511
-1014
-766
1125
2499
2342
1701
1774
3705
4884
4419
3385
4253
5208
4671
4759
4302
4491
4453
4122
3878
3837
3564
2851
3112
2168
1769
1902
1188
631
-33
-42
-436
-1040
-1611
-1916
-1928
-2595
-2677
-2817
-3087
-3159
-3400
-3286
-3760
-3712
-3451
-3617
-4074
-4407
-4303
-3738
-2167
-3090
-4498
-4141
-2741
-1274
-2117
-3455
-3035
-696
107
-603
-1001
-483
1554
2626
2342
1785
2118
4146
5050
4352
3557
4676
5293
4688
4798
4291
4689
4468
4095
3922
3927
3530
2937
3090
2033
1866
1818
1052
477
-134
-59
-549
-1182
-1744
-1952
-1976
-2710
-2705
-2895
-3087
-3215
-3380
-3308
-3892
-3689
-3452
-3742
-4190
-4502
-4400
-3249
-2105
-3601
-4706
-3927
-2272
-1308
-2534
-3685
-2517
-340
-5
-793
-1177
-48
1921
2554
2072
1558
2470
4457
4936
3894
3536
5106
5131
4580
4545
4238
4813
4369
4059
3703
4024
3537
3057
2896
1853
2115
1732
1097
231
-154
101
-583
-1221
-1939
-1926
-2086
-2692
-2706
-3098
-3104
-3294
-3308
-3412
-3967
-3629
-3509
-3789
-4297
-4656
-4279
-2633
-2245
-4175
-4724
-3409
-1688
-1467
-2961
-3567
-1691
91
-70
-941
-984
713
2381
2516
1848
1609
3181
4853
4681
3494
3789
5530
4927
4536
4334
4290
4820
4228
3893
3413
4013
3288
2955
2492
1608
2161
1467
916
-127
-122
23
-810
-1376
-2157
-1942
-2307
-2638
-2784
-3260
-3157
-3355
-3203
-3571
-3919
-3570
-3543
-3828
-4373
-4712
-3972
-2165
-2663
-4577
-4571
-2908
-1394
-1841
-3353
-3312
-1056
182
-285
-1086
-668
1280
2561
2414
1678
1867
3854
5036
4350
3326
4277
5763
4788
4582
4335
4510
4863
4271
3770
3463
4067
3184
2965
2238
1612
2223
1437
702
-216
-19
-161
-997
-1609
-2278
-2081
-2534
-2681
-2961
-3413
-3322
-3397
-3230
-3774
-4001
-3649
-3628
-4015
-4484
-4755
-3636
-2024
-3122
-4756
-4323
-2471
-1370
-2133
-3498
-2868
-622
139
-406
-1040
-186
1669
2626
2376
1666
2311
4287
4993
4016
3374
4753
5639
4570
4454
4266
4531
4749
4132
3445
3560
3904
3019
2835
1970
1647
2188
1404
409
-148
7
-348
-1064
-1763
-2217
-2150
-2549
-2622
-2944
-3325
-3270
-3245
-3222
-3737
-3914
-3563
-3647
-4130
-4476
-4580
-3135
-2110
-3575
-4781
-3821
-2029
-1559
-2458
-3482
-2262
-313
-15
-638
-944
330
1938
2578
2149
1629
2852
4596
4789
3661
3537
5214
5384
4441
4304
4177
4595
4662
3959
3203
3711
3650
2896
2662
1690
1766
2007
1189
80
-157
-68
-600
-1180
-1975
-2226
-2296
-2601
-2642
-3078
-3326
-3342
-3269
-3400
-3819
-3853
-3609
-3781
-4279
-4520
-4328
-2715
-2408
-4089
-4631
-3240
-1709
-1784
-2764
-3253
-1579
-23
-136
-765
-643
928
2290
2541
1998
1872
3557
4946
4618
3559
4014
5692
5172
4538
4318
4322
4871
4540
3796
3267
3926
3427
2825
2365
1518
2003
1701
815
-239
-228
-110
-842
-1464
-2270
-2294
-2427
-2647
-2826
-3388
-3423
-3461
-3419
-3684
-4005
-3849
-3746
-3951
-4397
-4593
-4022
-2500
-2800
-4391
-4340
-2825
-1575
-1972
-2971
-2930
-1068
58
-263
-829
-351
1337
2435
2415
1871
2148
3963
5030
4335
3555
4513
5701
4902
4641
4362
4585
4970
4276
3686
3654
4047
3296
2826
2130
1763
2279
1474
512
-238
-49
-35
-992
-1779
-2288
-2195
-2441
-2705
-3092
-3559
-3453
-3515
-3622
-3983
-4110
-3855
-3911
-4181
-4574
-4647
-3726
-2483
-3229
-4504
-4062
-2546
-1469
-2099
-3029
-2520
-593
127
-302
-684
58
1745
2577
2406
1909
2537
4271
5031
4129
3656
4858
5369
4711
4558
4309
4647
4606
3940
3540
3806
3618
2952
2634
1839
1876
1989
1129
203
-168
-7
-331
-1217
-1998
-2097
-2150
-2572
-2724
-3095
-3330
-3374
-3436
-3553
-3907
-3785
-3731
-3922
-4222
-4473
-4344
-3348
-2391
-3539
-4370
-3653
-2285
-1425
-2333
-3035
-2121
-281
18
-523
-545
377
2006
2565
2250
1938
2894
4616
4910
3894
3849
5033
5227
4650
4471
4343
4715
4423
3836
3641
3743
3364
2858
2503
1761
1853
1759
937
74
-185
-143
-648
-1447
-2095
-2157
-2368
-2761
-2817
-3099
-3351
-3517
-3502
-3563
-3869
-3708
-3810
-4046
-4283
-4402
-4156
-3058
-2472
-3810
-4243
-3348
-1980
-1540
-2559
-2996
-1685
-61
-118
-558
-400
833
2264
2582
2242
2136
3417
4906
4844
3798
4255
5281
5112
4727
4483
4538
4796
4319
3746
3843
3736
3244
2858
2266
1769
1946
1550
679
-56
-247
-290
-901
-1797
-2272
-2288
-2666
-2960
-3054
-3352
-3529
-3728
-3690
-3806
-3992
-3790
-3980
-4192
-4438
-4373
-4016
-2844
-2765
-4094
-4057
-3074
-1653
-1744
-2769
-2767
-1136
142
-208
-461
-197
1343
2548
2587
2240
2362
3917
5033
4701
3835
4538
5465
4980
4766
4450
4631
4760
4154
3795
3865
3641
3119
2872
2037
1800
2029
1279
499
-78
-252
-409
-1083
-1977
-2301
-2290
-2843
-3036
-3166
-3525
-3602
-3783
-3752
-4029
-4010
-3755
-4000
-4264
-4459
-4241
-3729
-2564
-3056
-4176
-3783
-2629
-1332
-1895
-2791
-2328
-495
258
-205
-380
146
1835
2641
2502
2139
2606
4189
4985
4363
3838
4649
5295
4796
4497
4266
4493
4423
3796
3693
3530
3162
2898
2525
1694
1630
1695
922
286
-205
-419
-597
-1281
-1952
-2148
-2322
-2795
-2841
-2967
-3317
-3426
-3471
-3467
-3750
-3655
-3467
-3738
-4064
-4029
-3909
-3156
-2193
-3191
-3991
-3463
-2069
-1218
-2134
-2829
-1985
-179
-11
-387
-534
354
2013
2366
2191
1874
2701
4237
4697
3890
3727
4669
4915
4523
4283
4143
4456
4026
3605
3709
3332
3009
2772
2264
1577
1762
1457
711
194
-293
-322
-744
-1483
-1953
-2005
-2308
-2736
-2691
-2929
-3120
-3250
-3273
-3361
-3573
-3389
-3398
-3683
-4032
-3817
-3721
-2681
-2182
-3548
-3846
-3137
-1586
-1406
-2507
-2832
-1541
8
-302
-499
-545
758
2213
2215
2015
1826
3040
4411
4404
3621
3758
4742
4636
4361
4233
4172
4418
3747
3686
3744
3310
3015
2671
2181
1679
1959
1294
603
190
-177
-165
-936
-1631
-1939
-1879
-2298
-2747
-2698
-3023
-3067
-3213
-3309
-3521
-3616
-3382
-3566
-3944
-4212
-3942
-3675
-2499
-2719
-4010
-3846
-2831
-1466
-1928
-2902
-2780
-1007
-47
-524
-650
-390
1251
2311
2169
1879
2037
3562
4608
4191
3594
4043
4942
4557
4443
4280
4362
4402
3814
3961
3719
3451
3079
2832
2245
1899
2036
1249
724
239
14
-224
-1085
-1639
-1856
-1888
-2425
-2707
-2749
-3134
-3171
-3347
-3430
-3720
-3771
-3611
-3876
-4290
-4387
-4254
-3737
-2585
-3386
-4344
-3929
-2644
-1575
-2307
-3104
-2560
-570
-145
-510
-652
-73
1743
2468
2321
1941
2490
4160
4837
4286
3818
4575
5165
4652
4641
4402
4581
4340
3924
4012
3628
3449
2963
2736
2058
1885
1842
975
529
-6
-85
-551
-1403
-1824
-1993
-2118
-2655
-2743
-2939
-3265
-3296
-3453
-3493
-3829
-3806
-3659
-3993
-4349
-4251
-4281
-3383
-2510
-3691
-4299
-3701
-2238
-1567
-2378
-3102
-2032
-207
-159
-409
-628
351
2072
2544
2309
1893
2848
4499
4837
4184
3896
4848
5126
4700
4650
4424
4621
4210
4008
3922
3566
3349
2849
2555
1879
1908
1625
743
234
-191
-184
-816
-1620
-2027
-2129
-2341
-2775
-2837
-3170
-3368
-3403
-3484
-3630
-3945
-3795
-3654
-4061
-4368
-4166
-4156
-2852
-2527
-3927
-4212
-3331
-1758
-1626
-2544
-3053
-1395
97
-142
-376
-527
931
2397
2585
2215
1960
3330
4763
4732
3984
3986
5048
4967
4714
4527
4394
4533
4037
4105
3769
3512
3135
2781
2432
1786
1925
1324
645
52
-224
-276
-1047
-1681
-2088
-2161
-2547
-2804
-2876
-3301
-3416
-3517
-3460
-3714
-3957
-3758
-3733
-4112
-4374
-4164
-4009
-2572
-2763
-4168
-4155
-3097
-1560
-1871
-2866
-3004
-1034
107
-289
-501
-427
1302
2555
2525
2091
2093
3753
4899
4567
3891
4145
5254
4862
4748
4464
4434
4507
3996
4262
3669
3571
3057
2834
2379
1800
1999
1159
665
8
-143
-314
-1161
-1669
-2067
-2163
-2616
-2740
-2896
-3380
-3423
-3534
-3402
-3738
-3973
-3727
-3846
-4163
-4387
-4305
-3901
-2551
-3070
-4400
-4126
-2910
-1511
-2047
-3097
-2809
-765
135
-267
-532
-203
1600
2735
2593
2052
2310
4051
5029
4517
3978
4286
5277
4912
4776
4475
4423
4355
4003
4311
3519
3405
2935
2714
2195
1741
1769
912
495
-100
-238
-567
-1417
-1830
-2127
-2314
-2687
-2768
-2979
-3393
-3378
-3478
-3350
-3717
-3864
-3634
-3824
-4108
-4259
-4187
-3550
-2391
-3242
-4312
-3836
-2402
-1344
-2163
-3000
-2373
-348
183
-211
-547
65
1885
2682
2435
1860
2423
4191
4833
4336
3780
4271
5008
4840
4749
4299
4349
3982
4190
4225
3388
3166
2814
2692
2116
1862
1424
788
497
-47
-239
-857
-1565
-1865
-2079
-2441
-2810
-2768
-3071
-3340
-3473
-3574
-3481
-3770
-3778
-3762
-3960
-4185
-4200
-4016
-3151
-2462
-3532
-4152
-3397
-1819
-1356
-2392
-2780
-1632
67
209
-223
-393
714
2342
2702
2270
1988
2990
4601
4772
4165
3744
4445
5084
4834
4602
4119
4155
3910
4327
3813
3005
2965
2664
2511
1847
1555
1011
680
349
-266
-563
-1207
-1639
-1929
-2249
-2724
-2899
-2777
-3161
-3447
-3626
-3603
-3535
-3763
-3791
-3800
-4061
-4145
-4132
-3756
-2721
-2742
-3773
-4038
-2796
-1420
-1594
-2612
-2557
-846
161
147
-378
-182
1415
2580
2670
2065
2297
3698
4870
4777
3899
3945
4688
5291
4948
4308
4191
3898
4342
4353
3374
2791
2929
2790
2205
1738
1062
830
727
37
-515
-1081
-1401
-1656
-2046
-2550
-3063
-2779
-2921
-3254
-3623
-3747
-3487
-3604
-3744
-3915
-3799
-4079
-4089
-4011
-3529
-2435
-3099
-3949
-3790
-2295
-1237
-1954
-2660
-2110
-322
231
64
-339
203
1995
2721
2588
2143
2690
4271
4978
4726
3854
4090
4980
5271
4939
4187
4097
3788
4529
4204
2883
2755
2788
2655
1971
1450
687
663
625
-309
-808
-1470
-1598
-1679
-2254
-2856
-3172
-2728
-3009
-3332
-3658
-3730
-3379
-3571
-3658
-3840
-3838
-3985
-3878
-3757
-3061
-2365
-3321
-3854
-3219
-1730
-1326
-2194
-2447
-1362
-3
209
-27
-243
794
2277
2584
2345
2188
3064
4487
4784
4361
3650
4199
5014
5053
4586
3954
3860
3789
4586
3597
2594
2815
2713
2429
1768
1240
583
810
428
-478
-924
-1527
-1497
-1713
-2427
-2947
-2926
-2642
-3067
-3352
-3639
-3522
-3324
-3519
-3611
-3782
-3872
-3926
-3808
-3540
-2610
-2684
-3600
-3760
-2613
-1397
-1765
-2453
-2180
-718
7
77
-243
-74
1434
2374
2399
2098
2374
3654
4634
4585
3916
3709
4508
5095
4900
4156
3845
3737
4193
4412
2985
2588
2922
2709
2122
1616
1014
679
862
53
-658
-1142
-1508
-1526
-1995
-2708
-3024
-2710
-2834
-3263
-3489
-3609
-3362
-3423
-3525
-3679
-3711
-3850
-3906
-3827
-3146
-2349
-3158
-3760
-3487
-1918
-1288
-2166
-2507
-1607
-194
15
69
-302
479
2050
2497
2304
2046
2898
4301
4700
4290
3718
4019
4832
5102
4594
3929
3785
3791
4532
3950
2638
2767
2944
2482
1917
1473
826
768
572
-291
-853
-1386
-1570
-1719
-2344
-2971
-2984
-2733
-3140
-3440
-3587
-3547
-3422
-3610
-3641
-3787
-3797
-3945
-4022
-3798
-2744
-2565
-3657
-3860
-2999
-1432
-1555
-2536
-2345
-914
77
118
15
-51
1316
2561
2686
2281
2428
3660
4870
4688
4146
3983
4435
5139
4857
4415
3956
3758
3929
4405
3425
2513
2914
2509
2100
1762
1128
619
483
43
-609
-1063
-1667
-1813
-1950
-2656
-3008
-2914
-2961
-3279
-3437
-3489
-3541
-3557
-3655
-3616
-3724
-3955
-3967
-3945
-3294
-2333
-2982
-3804
-3565
-2110
-1172
-1983
-2610
-1800
-174
146
125
-143
437
2019
2642
2533
2117
2797
4199
4819
4320
3854
4133
4685
4931
4475
4078
3973
3649
4048
3957
2877
2721
2769
2234
1834
1620
878
558
280
-366
-629
-1197
-1675
-1841
-2150
-2678
-2798
-2685
-3069
-3197
-3318
-3323
-3376
-3552
-3498
-3523
-3585
-3949
-3831
-3714
-2644
-2254
-3397
-3758
-3069
-1395
-1400
-2375
-2544
-1173
85
-6
-81
-299
959
2260
2437
2183
1972
3173
4447
4497
3828
3685
4268
4825
4747
4076
3900
3887
3807
4127
3413
2584
2937
2721
2072
1688
1289
827
661
89
-573
-740
-1271
-1550
-1855
-2418
-2726
-2526
-2605
-3096
-3269
-3316
-3179
-3303
-3484
-3575
-3517
-3658
-3842
-3872
-3494
-2337
-2691
-3665
-3740
-2533
-1222
-1842
-2605
-2256
-623
-35
-56
-264
-68
1564
2336
2373
1977
2285
3712
4603
4236
3602
4038
4514
4988
4630
3912
4100
3898
4121
3974
3114
2703
3160
2698
1841
1702
1098
998
713
-139
-540
-835
-1217
-1577
-1974
-2596
-2694
-2344
-2839
-3232
-3443
-3287
-3212
-3586
-3672
-3829
-3655
-3924
-4087
-4168
-3357
-2439
-3469
-4015
-3759
-2163
-1383
-2386
-2811
-1872
-234
-95
-61
-330
451
2163
2530
2449
2056
2959
4394
4831
4203
3863
4648
4833
5158
4645
4136
4354
4040
4282
3874
3149
2918
3133
2489
1732
1681
997
885
437
-378
-608
-1142
-1539
-1912
-2282
-2829
-2891
-2673
-3317
-3458
-3585
-3381
-3559
-3940
-3740
-3864
-3770
-4202
-4224
-4052
-2820
-2647
-3974
-3917
-3275
-1568
-1554
-2631
-2618
-1062
248
-40
-18
-153
1223
2607
2585
2370
2209
3625
4745
4691
3899
4013
4857
4708
5059
4249
4018
4194
3901
4200
3592
3051
2755
3050
2244
1684
1610
826
824
209
-359
-732
-1356
-1595
-1977
-2384
-2988
-2865
-2805
-3344
-3432
-3637
-3375
-3677
-3752
-3650
-3906
-3948
-4182
-4067
-3684
-2471
-3142
-4044
-3627
-2743
-1387
-1938
-2716
-2239
-414
156
-125
-76
140
1801
2553
2482
2149
2559
4057
4731
4335
3622
4390
4670
4776
4804
3867
4082
3993
3951
3973
3485
2813
2871
2947
1872
1770
1385
848
687
-8
-382
-842
-1279
-1658
-2023
-2566
-2930
-2600
-2897
-3297
-3540
-3480
-3319
-3648
-3593
-3782
-3921
-4039
-4031
-4065
-3367
-2480
-3553
-3928
-3563
-2346
-1470
-2240
-2799
-1878
-174
-128
-167
-219
459
2038
2444
2380
2039
2972
4302
4705
4112
3765
4636
4598
5083
4578
4009
4292
4003
4191
4009
3507
2800
3205
2719
1891
1936
1226
955
564
-22
-362
-843
-1274
-1745
-2057
-2671
-2750
-2560
-3113
-3395
-3669
-3388
-3519
-3832
-3790
-4047
-4021
-4224
-4170
-4277
-3200
-2792
-3981
-4068
-3576
-1997
-1704
-2661
-2930
-1536
-116
-331
-293
-366
810
2233
2465
2260
2093
3413
4672
4788
4125
4098
4732
5054
5368
4644
4303
4362
4211
4577
4154
3191
2998
3253
2653
2078
1714
1021
925
571
-134
-577
-1187
-1505
-1746
-2297
-2888
-2858
-2790
-3303
-3587
-3750
-3577
-3772
-4005
-3972
-4180
-4217
-4264
-4314
-4110
-2935
-3185
-4161
-3986
-2989
-1584
-1960
-2885
-2528
-764
-48
-292
-290
-56
1515
2473
2476
2178
2462
4004
4941
4596
3932
4354
4908
5253
5156
4349
4293
4180
4275
4476
3674
2861
3071
3101
2319
1905
1342
923
895
289
-367
-873
-1390
-1575
-1857
-2581
-3006
-2728
-2861
-3366
-3664
-3640
-3494
-3803
-3855
-3989
-4167
-4173
-4124
-4250
-3601
-2705
-3621
-4075
-3636
-2330
-1491
-2364
-2919
-1868
-219
-210
-295
-305
420
2052
2462
2324
2115
2955
4431
4840
4132
3726
4716
4962
5063
4712
4123
4347
4118
4258
4035
3440
2950
3125
2810
1895
1808
1272
928
588
-98
-447
-998
-1437
-1805
-2176
-2732
-2931
-2658
-3110
-3506
-3710
-3437
-3516
-3923
-3774
-3996
-4130
-4115
-4141
-4116
-2987
-2802
-3989
-3954
-3201
-1869
-1667
-2664
-2747
-1132
37
-258
-286
-175
1113
2374
2482
2217
2255
3566
4691
4665
3714
3985
4967
4900
4863
4310
4223
4313
4166
4044
3732
3413
2996
3081
2378
1797
1757
1257
838
228
-141
-462
-988
-1495
-1955
-2270
-2722
-2680
-2769
-3215
-3509
-3619
-3313
-3704
-3920
-3834
-3942
-4176
-4157
-4213
-3920
-2611
-3330
-4252
-3919
-2850
-1786
-2179
-2938
-2570
-637
-114
-383
-404
7
1658
2416
2417
2060
2542
4130
4837
4490
3617
4480
5134
4963
4864
4197
4482
4393
4359
3973
3633
3363
3054
3036
2060
1783
1593
1150
696
-22
-254
-653
-1093
-1642
-2114
-2455
-2812
-2577
-2955
-3346
-3575
-3538
-3338
-3865
-3940
-3965
-3908
-4194
-4168
-4282
-3561
-2509
-3721
-4241
-3751
-2375
-1732
-2452
-3006
-2094
-219
-167
-320
-430
421
2083
2459
2361
2014
2953
4471
4844
4207
3649
4790
4937
4907
4757
4084
4454
4258
4314
3869
3494
3079
3009
2842
1802
1772
1338
957
557
-123
-348
-870
-1257
-1720
-2144
-2597
-2833
-2535
-3076
-3391
-3566
-3418
-3387
-3901
-3859
-3992
-3958
-4143
-4158
-4177
-3062
-2686
-3978
-4081
-3352
-1922
-1776
-2683
-2899
-1363
10
-165
-322
-335
998
2357
2506
2235
2142
3441
4666
4678
3867
3827
4945
4737
4787
4529
4030
4361
4155
4157
3710
3363
2912
2994
2547
1645
1790
1155
794
372
-182
-453
-1050
-1410
-1817
-2188
-2714
-2781
-2632
-3234
-3444
-3579
-3420
-3574
-3906
-3814
-4014
-4090
-4111
-4180
-3917
-2693
-3128
-4150
-3855
-2852
-1721
-2041
-2871
-2551
-674
-18
-261
-389
29
1604
2492
2475
2086
2523
3980
4750
4396
3685
4178
5185
4743
4578
4334
4095
4443
4246
3875
3417
3307
2985
2965
2201
1442
1730
1206
716
162
-343
-554
-983
-1418
-1934
-2345
-2674
-2566
-2660
-3325
-3501
-3485
-3359
-3620
-3888
-3814
-3918
-4079
-4030
-4225
-3657
-2613
-3535
-4219
-3725
-2585
-1937
-2410
-3020
-2327
-544
-361
-531
-560
267
1695
2291
2263
1902
2779
4154
4565
4110
3710
4485
5270
4766
4525
4400
4312
4566
4445
3819
3495
3549
3167
3083
2198
1552
1773
1395
737
148
-284
-576
-813
-1347
-1973
-2384
-2582
-2438
-2679
-3305
-3527
-3471
-3319
-3592
-3883
-3911
-3915
-4056
-4032
-4295
-3627
-2734
-3722
-4269
-3654
-2561
-2174
-2570
-3022
-2199
-627
-501
-640
-538
391
1617
2167
2152
1897
2857
4128
4374
3873
3708
4552
5074
4602
4414
4347
4254
4383
4275
3688
3534
3504
3104
2966
2175
1660
1742
1397
665
203
-144
-488
-718
-1258
-1834
-2268
-2418
-2305
-2568
-3108
-3367
-3306
-3191
-3413
-3695
-3851
-3875
-3980
-3941
-4263
-3625
-2734
-3709
-4279
-3648
-2560
-2190
-2623
-3031
-2199
-619
-466
-689
-520
386
1633
2160
2079
1880
2841
4163
4344
3750
3588
4463
5151
4608
4266
4189
4176
4466
4178
3560
3342
3464
3205
2827
2077
1575
1869
1457
645
83
-223
-317
-703
-1310
-1991
-2414
-2405
-2295
-2637
-3265
-3402
-3272
-3204
-3405
-3747
-3821
-3865
-3946
-3929
-4258
-3645
-2681
-3540
-4256
-3667
-2528
-2036
-2495
-2935
-2159
-550
-298
-544
-452
415
1707
2268
2148
1913
2817
4188
4454
3784
3577
4248
5303
4884
4175
4050
4017
4647
4322
3505
2997
3387
3410
2763
2057
1332
1914
1671
767
25
-393
-195
-560
-1244
-2168
-2641
-2368
-2229
-2623
-3419
-3505
-3244
-3197
-3305
-3863
-3872
-3825
-3888
-3918
-4334
-3787
-2783
-3364
-4260
-3837
-2651
-2110
-2420
-2904
-2351
-758
-334
-501
-642
175
1503
2148
2106
1743
2577
3965
4462
3817
3561
4085
5225
5265
4220
4015
3978
4696
4702
3615
2906
3354
3699
2910
2238
1342
1842
2095
1074
215
-287
-43
-151
-856
-1944
-2548
-2107
-1889
-2347
-3158
-3428
-3029
-2965
-3039
-3686
-3916
-3651
-3760
-3849
-4335
-4029
-2877
-3258
-4288
-4167
-2899
-2245
-2530
-2970
-2783
-1118
-508
-656
-942
-282
1204
1859
1942
1432
2114
3647
4271
3766
3264
3829
4880
5352
4223
3657
3917
4327
4790
3634
2708
3096
3633
3006
2149
1392
1458
2184
1316
198
-155
-84
117
-505
-1625
-2310
-1981
-1555
-2089
-2754
-3242
-2904
-2671
-2832
-3270
-3833
-3477
-3506
-3701
-4060
-4193
-2884
-2904
-4070
-4343
-3185
-2147
-2459
-2854
-3022
-1530
-474
-640
-975
-614
954
1792
1990
1500
1753
3405
4303
3992
3252
3621
4692
5479
4717
3641
3881
4230
4878
4187
2880
2880
3559
3382
2443
1596
1283
2004
1728
388
-134
-220
16
-289
-1400
-2282
-2284
-1732
-2048
-2716
-3328
-3234
-2869
-2927
-3240
-3892
-3772
-3522
-3706
-3972
-4401
-3412
-2667
-3673
-4438
-3745
-2415
-2269
-2707
-3109
-2242
-727
-489
-888
-905
332
1623
2039
1757
1517
2792
4183
4211
3478
3321
4312
5281
5222
4034
3593
4153
4677
4738
3363
2709
3272
3650
3058
1861
1417
1684
2084
1034
34
-193
-123
17
-887
-1935
-2346
-1935
-1745
-2428
-3124
-3310
-2953
-2761
-3055
-3649
-3921
-3416
-3402
-3725
-4248
-3952
-2607
-2905
-4046
-4143
-2965
-2061
-2363
-2895
-2864
-1390
-452
-682
-1007
-528
1057
1888
1923
1490
1944
3585
4219
3776
3102
3720
4780
5285
4641
3343
3854
4320
4773
3999
2640
2804
3546
3605
2197
1553
1391
1957
1776
357
-193
-268
34
-327
-1419
-2197
-2246
-1615
-2030
-2829
-3209
-3104
-2721
-2874
-3270
-3890
-3548
-3195
-3570
-3916
-4292
-3171
-2470
-3482
-4273
-3680
-2330
-2214
-2611
-3144
-2315
-825
-587
-914
-1119
173
1523
1878
1684
1444
2698
3939
4122
3362
3268
4305
5011
5165
3735
3546
4155
4440
4493
3158
2610
3195
3756
2823
1862
1527
1621
2105
1066
44
-30
-10
45
-708
-1582
-2066
-1727
-1607
-2375
-2757
-2947
-2726
-2738
-2888
-3308
-3565
-3141
-3400
-3710
-3973
-3867
-2683
-2897
-4069
-4211
-3053
-2238
-2505
-3029
-3186
-1699
-669
-894
-1295
-893
705
1616
1687
1336
1649
3133
4035
3871
3149
3595
4581
5103
4587
3592
3940
4215
4423
4003
2992
3001
3414
3331
2470
1861
1671
1858
1673
551
256
174
22
-232
-1038
-1575
-1802
-1674
-1994
-2530
-2718
-2806
-2756
-2923
-3015
-3300
-3407
-3257
-3666
-3766
-4001
-3544
-2659
-3420
-4246
-3892
-2741
-2300
-2733
-3258
-2859
-1168
-748
-1131
-1284
-485
1094
1670
1565
1254
2023
3531
4113
3699
3104
3845
4859
5014
4366
3642
3982
4196
4446
3844
2964
3041
3243
3298
2354
1689
1626
1781
1422
535
268
-18
7
-265
-1105
-1611
-1890
-1654
-1869
-2437
-2764
-2834
-2660
-2782
-2880
-3349
-3451
-3206
-3452
-3642
-4036
-3359
-2685
-3436
-4036
-3781
-2699
-2376
-2769
-3271
-2597
-1175
-980
-1168
-1270
-300
1127
1576
1383
1183
2271
3630
3944
3391
2936
4038
4903
4888
3984
3437
4040
4315
4518
3472
2795
3063
3489
3282
1939
1610
1739
1992
1354
358
192
139
383
-347
-1280
-1650
-1587
-1188
-1788
-2476
-2745
-2482
-2319
-2695
-2958
-3426
-3158
-2979
-3417
-3848
-4084
-3112
-2690
-3498
-4222
-3834
-2717
-2491
-2944
-3443
-2610
-1310
-1076
-1367
-1371
-183
1091
1424
1180
1236
2470
3596
3731
3068
3009
4203
4908
4641
3606
3599
4164
4426
4290
3217
2954
3296
3623
2929
1987
1865
1958
2031
1132
499
415
420
294
-606
-1190
-1398
-1253
-1341
-2000
-2398
-2472
-2218
-2497
-2877
-3031
-3177
-2949
-3161
-3685
-4014
-3845
-2986
-2833
-3822
-4394
-3715
-2741
-2614
-3209
-3583
-2547
-1262
-1216
-1567
-1269
-61
1046
1369
1216
1449
2614
3650
3641
3106
3317
4391
5009
4509
3798
3907
4272
4484
4155
3392
3136
3444
3503
2912
2246
1870
1996
1847
1163
657
413
263
-24
-587
-1134
-1397
-1533
-1756
-2072
-2375
-2451
-2534
-2848
-2955
-3011
-3161
-3195
-3428
-3831
-3957
-3781
-2986
-2971
-4077
-4348
-3627
-2639
-2572
-3306
-3524
-2289
-1082
-1174
-1367
-1062
91
1270
1601
1422
1559
2772
3742
3700
3254
3417
4493
4914
4448
3856
3911
4233
4315
4011
3249
3090
3354
3338
2768
1977
1801
1930
1681
1032
549
329
171
-24
-652
-1175
-1439
-1611
-1732
-2058
-2325
-2456
-2589
-2773
-2813
-2955
-3175
-3159
-3443
-3745
-3880
-3626
-2772
-3144
-4206
-4246
-3361
-2381
-2599
-3437
-3371
-1898
-925
-1117
-1359
-982
439
1527
1595
1231
1555
2927
3770
3598
3024
3330
4448
4756
4169
3572
3836
4110
4118
3757
3018
3063
3348
3192
2435
1917
1960
1949
1637
905
593
502
369
35
-691
-1056
-1253
-1347
-1557
-1982
-2170
-2290
-2378
-2592
-2710
-2846
-3042
-3068
-3504
-3685
-3767
-3465
-2802
-3546
-4389
-4143
-3121
-2484
-3062
-3673
-3221
-1687
-1102
-1533
-1626
-840
699
1366
1206
986
1667
3156
3719
3286
2826
3432
4602
4633
3820
3432
3892
4142
4055
3629
2896
3222
3513
3062
2446
2061
2126
2131
1686
900
730
735
497
101
-668
-960
-1045
-1187
-1460
-1945
-2076
-2184
-2300
-2540
-2680
-2778
-3037
-3137
-3557
-3632
-3833
-3544
-2952
-3860
-4472
-4114
-3176
-2838
-3392
-3775
-3197
-1726
-1458
-1835
-1708
-757
638
1119
1089
958
1875
3296
3636
3212
2932
3762
4776
4604
3757
3612
4120
4258
4199
3568
3046
3550
3632
3148
2575
2195
2360
2370
1632
933
916
831
600
59
-739
-928
-974
-1193
-1603
-2046
-2134
-2206
-2398
-2663
-2776
-2921
-3152
-3267
-3618
-3802
-4094
-3534
-3076
-4020
-4528
-4190
-3282
-2966
-3394
-3861
-3129
-1734
-1485
-1756
-1681
-685
611
1216
1144
1005
2012
3268
3637
3236
3044
3853
4728
4559
3755
3786
4048
4203
4191
3486
3197
3522
3579
3160
2593
2230
2429
2354
1510
1051
959
821
633
-40
-736
-914
-944
-1232
-1657
-2019
-2151
-2161
-2422
-2631
-2789
-2981
-3110
-3243
-3569
-3926
-4041
-3345
-3088
-3955
-4535
-4150
-3187
-2822
-3378
-3911
-2956
-1615
-1350
-1770
-1700
-606
688
1266
996
926
1935
3181
3550
3064
2881
3648
4607
4408
3616
3621
3799
4105
4071
3355
3052
3405
3580
3116
2509
2244
2504
2397
1572
1131
1014
1014
805
5
-676
-779
-703
-1022
-1510
-1930
-1959
-1868
-2196
-2509
-2757
-2853
-2913
-3077
-3561
-3966
-3880
-3254
-3062
-4048
-4665
-4110
-3090
-2855
-3650
-4000
-2915
-1593
-1507
-2029
-1749
-566
720
1068
748
784
1901
3229
3364
2794
2698
3617
4619
4206
3367
3414
3794
4096
3901
3152
2907
3468
3541
2939
2428
2355
2637
2418
1579
1165
1233
1286
896
37
-550
-456
-414
-893
-1500
-1792
-1587
-1594
-2035
-2513
-2663
-2627
-2723
-2974
-3678
-3963
-3903
-3297
-3118
-4237
-4783
-4288
-3216
-3065
-3823
-4136
-3190
-1811
-1770
-2144
-1850
-728
547
897
727
734
1922
3224
3306
2836
2815
3794
4695
4242
3461
3590
4062
4235
3985
3353
3129
3629
3582
3045
2663
2556
2714
2420
1700
1331
1382
1273
796
100
-411
-377
-544
-1117
-1611
-1723
-1583
-1791
-2235
-2653
-2688
-2659
-2836
-3151
-3821
-4017
-4070
-3460
-3253
-4252
-4790
-4448
-3373
-3105
-3709
-4185
-3411
-1988
-1784
-2017
-1897
-942
367
894
871
795
1834
3056
3345
3018
2935
3802
4556
4317
3669
3686
4111
4190
4127
3618
3219
3592
3657
3308
2831
2650
2684
2486
1979
1472
1385
1151
847
337
-288
-462
-726
-1097
-1472
-1645
-1726
-2039
-2303
-2615
-2652
-2766
-3025
-3243
-3773
-4002
-4156
-3583
-3262
-4079
-4706
-4501
-3443
-3010
-3551
-4135
-3549
-2085
-1671
-1937
-1977
-1157
222
912
970
777
1552
2858
3362
3086
2864
3558
4346
4341
3745
3567
3966
4086
4147
3655
3148
3557
3741
3354
2800
2707
2754
2603
2133
1498
1422
1302
1083
540
-165
-365
-499
-761
-1252
-1520
-1629
-1911
-2150
-2456
-2550
-2734
-3016
-3193
-3665
-3977
-4123
-3735
-3369
-3998
-4723
-4631
-3749
-3184
-3605
-4162
-3824
-2402
-1799
-2128
-2135
-1433
-92
736
891
681
1240
2612
3233
3065
2791
3316
4173
4249
3793
3598
3999
4050
3995
3711
3381
3754
3742
3271
2930
3002
3039
2681
2132
1592
1705
1676
1216
582
-28
-81
-147
-637
-1233
-1431
-1418
-1704
-2083
-2400
-2515
-2590
-2926
-3180
-3586
-3929
-4064
-3989
-3563
-3902
-4621
-4789
-4225
-3446
-3579
-4100
-4112
-2859
-2005
-2190
-2158
-1658
-447
542
883
749
1072
2348
3118
3157
2917
3216
4042
4226
3928
3741
4117
4124
3944
3841
3635
3908
3804
3385
3091
3171
3258
2835
2215
1675
1840
1873
1321
597
-36
-44
-80
-664
-1338
-1554
-1494
-1691
-2122
-2542
-2696
-2643
-2930
-3227
-3576
-3959
-4097
-4138
-3750
-3752
-4345
-4772
-4464
-3615
-3395
-3827
-4089
-3193
-2113
-2013
-2045
-1681
-701
401
900
860
1021
2049
3020
3185
3048
3079
3872
4320
3956
3703
3933
4259
4022
3848
3568
3683
3923
3535
3144
2919
3104
2966
2425
1773
1592
1791
1441
806
37
-211
-132
-548
-1173
-1532
-1559
-1645
-2021
-2463
-2701
-2619
-2806
-3150
-3424
-3846
-4018
-4085
-3890
-3542
-3992
-4597
-4520
-3821
-3214
-3487
-3935
-3554
-2298
-1882
-2003
-1756
-1099
94
737
840
866
1571
2734
3117
3126
2859
3568
4327
4038
3704
3690
4351
4145
3916
3593
3523
4010
3720
3370
2825
2995
3116
2748
2075
1513
1806
1663
1209
390
-162
-67
-314
-774
-1288
-1492
-1551
-1825
-2182
-2615
-2563
-2720
-3103
-3350
-3768
-4013
-4209
-4200
-3683
-3859
-4593
-4805
-4312
-3466
-3393
-4014
-4087
-2883
-2053
-2102
-2083
-1637
-518
436
691
706
1098
2223
3050
3211
2856
3182
4208
4280
3886
3742
4256
4411
4089
3847
3687
4025
4039
3737
3192
3041
3353
3165
2511
1823
1858
1989
1598
835
75
-54
-108
-504
-1039
-1503
-1611
-1710
-2006
-2518
-2673
-2773
-3132
-3373
-3704
-4118
-4381
-4516
-3975
-3806
-4602
-5079
-4786
-3846
-3432
-4041
-4447
-3516
-2260
-2093
-2272
-1985
-1016
263
673
744
931
1848
3026
3417
3130
3016
4076
4549
4182
3981
4138
4671
4325
4067
3947
4034
4294
4031
3584
3090
3479
3471
2796
2072
1708
2056
1761
1010
130
-299
-178
-508
-996
-1667
-1893
-1816
-2069
-2522
-2929
-2979
-3232
-3444
-3627
-4164
-4454
-4656
-4178
-3686
-4382
-5088
-4972
-4069
-3369
-3776
-4404
-3872
-2411
-1885
-2144
-2030
-1286
149
793
891
961
1594
2904
3539
3408
3018
3810
4592
4345
4151
4048
4602
4426
4132
4097
3997
4262
4056
3743
3149
3359
3529
2864
2151
1574
1886
1777
1040
169
-436
-292
-488
-928
-1618
-1999
-1849
-2047
-2444
-2952
-3026
-3148
-3404
-3487
-3974
-4336
-4537
-4294
-3653
-3991
-4822
-4967
-4298
-3379
-3426
-4089
-4056
-2765
-1827
-1972
-1972
-1519
-249
685
902
949
1285
2412
3271
3392
2998
3343
4251
4236
4056
3986
4290
4369
4080
4086
4044
4185
4023
3780
3395
3321
3621
3102
2317
1829
1946
1965
1350
532
-84
-102
-183
-632
-1228
-1680
-1688
-1761
-2189
-2709
-2861
-2922
-3209
-3407
-3706
-4175
-4438
-4442
-3979
-3825
-4584
-5073
-4794
-3830
-3415
-3965
-4314
-3542
-2295
-2080
-2160
-1923
-1001
168
664
802
955
1701
2757
3196
2948
2968
3783
4153
3936
3911
4018
4440
4242
4047
4135
4193
4277
4050
3759
3381
3763
3592
2766
2264
2008
2181
1852
1103
355
57
63
-291
-780
-1382
-1579
-1581
-1935
-2433
-2762
-2800
-3108
-3357
-3600
-4027
-4465
-4574
-4353
-3971
-4327
-5206
-5187
-4459
-3617
-3904
-4464
-4217
-2971
-2143
-2347
-2187
-1570
-333
538
779
927
1286
2466
3195
3135
3013
3521
4322
4138
4002
4027
4632
4644
4191
4268
4254
4615
4450
4036
3512
3704
3916
3227
2519
1934
2095
2111
1430
580
-62
-39
-170
-660
-1318
-1712
-1665
-1931
-2366
-2832
-2938
-3120
-3441
-3635
-4035
-4489
-4648
-4626
-4203
-4230
-5020
-5314
-4863
-3910
-3780
-4279
-4512
-3472
-2274
-2231
-2209
-1862
-740
370
878
965
1131
2161
3116
3407
3196
3350
4193
4440
4248
4193
4561
4737
4464
4372
4318
4568
4513
4144
3716
3545
3770
3402
2671
2029
1914
1969
1541
784
-10
-205
-211
-633
-1202
-1670
-1746
-1895
-2274
-2699
-2942
-3000
-3338
-3571
-3909
-4288
-4480
-4661
-4392
-4148
-4539
-5105
-5061
-4263
-3685
-3927
-4418
-3902
-2621
-2102
-2172
-2034
-1237
-21
712
857
922
1636
2681
3278
3206
3021
3665
4372
4330
4187
4311
4539
4630
4417
4412
4476
4444
4306
4027
3751
3604
3622
3084
2519
2147
2005
1881
1270
583
106
-54
-360
-834
-1207
-1509
-1772
-2040
-2406
-2641
-2816
-3136
-3502
-3810
-3930
-4332
-4704
-4734
-4318
-4196
-4898
-5336
-4908
-4031
-3859
-4355
-4416
-3504
-2454
-2314
-2337
-1861
-810
248
539
679
1090
2017
2854
3048
2902
3187
4037
4170
4154
4150
4409
4713
4385
4498
4534
4584
4526
4351
4051
3763
3940
3530
3059
2475
2215
2293
1788
1175
511
204
-36
-403
-748
-1283
-1602
-1878
-2093
-2421
-2779
-3001
-3493
-3730
-3826
-4252
-4787
-5027
-4643
-4169
-4641
-5531
-5426
-4590
-3950
-4183
-4751
-4293
-3007
-2352
-2438
-2246
-1428
-229
525
672
905
1585
2581
3164
3128
3175
3764
4325
4316
4211
4496
4741
4632
4615
4570
4617
4713
4563
4255
3901
3836
3801
3386
2575
2163
2239
1999
1445
610
104
-60
-209
-608
-1247
-1704
-1917
-1942
-2415
-2830
-3096
-3432
-3648
-3871
-4168
-4779
-5061
-4853
-4217
-4419
-5336
-5506
-4976
-3992
-3961
-4578
-4514
-3417
-2385
-2293
-2222
-1761
-584
496
781
923
1365
2365
3190
3328
3271
3646
4396
4480
4349
4545
4753
4923
4737
4562
4573
4731
4706
4325
3894
3625
3806
3498
2665
2075
1948
1990
1540
741
17
-210
-195
-577
-1183
-1779
-1932
-1975
-2341
-2779
-3151
-3275
-3576
-3786
-4014
-4553
-4888
-4914
-4405
-4317
-4827
-5356
-5267
-4352
-3947
-4166
-4514
-3947
-2827
-2295
-2193
-2085
-1217
-54
588
825
1047
1805
2676
3157
3213
3338
4017
4349
4387
4435
4633
5003
4903
4749
4644
4845
4949
4679
4268
3793
3927
3851
3309
2529
2074
2148
2019
1442
536
37
-27
-184
-691
-1372
-1787
-1910
-2067
-2481
-2923
-3232
-3457
-3676
-3841
-4282
-4772
-4943
-4777
-4383
-4585
-5218
-5575
-5048
-4244
-4155
-4539
-4591
-3609
-2656
-2397
-2405
-1974
-847
137
594
748
1169
2054
2837
3141
3153
3499
4108
4372
4359
4459
4766
5017
4932
4774
4824
4996
5026
4664
4210
3978
4123
3920
3172
2475
2254
2362
2031
1219
412
85
71
-267
-914
-1533
-1877
-1970
-2228
-2707
-3181
-3482
-3694
-3906
-4161
-4698
-5077
-5106
-4839
-4598
-5120
-5714
-5636
-4869
-4296
-4535
-4826
-4395
-3252
-2561
-2542
-2328
-1566
-323
468
676
950
1568
2630
3241
3339
3404
3874
4595
4556
4558
4638
5022
5332
4990
4920
4856
5185
5082
4614
4187
3999
4274
3708
2983
2382
2263
2320
1644
830
81
-22
-108
-657
-1234
-1878
-1986
-2132
-2514
-3001
-3443
-3599
-3913
-4053
-4469
-4970
-5140
-5111
-4699
-4821
-5395
-5700
-5261
-4438
-4277
-4549
-4639
-3789
-2767
-2439
-2328
-1981
-899
207
703
904
1215
2158
3081
3474
3383
3635
4340
4676
4680
4539
4814
5265
5182
4929
4727
4888
5091
4841
4233
3822
3960
3856
3271
2466
1984
2053
1775
1054
169
-299
-314
-597
-1114
-1784
-2117
-2208
-2482
-2907
-3360
-3552
-3837
-4045
-4267
-4741
-5018
-5222
-4962
-4685
-4937
-5429
-5457
-4769
-4164
-4143
-4467
-4208
-3182
-2424
-2195
-2075
-1454
-283
632
983
1128
1677
2686
3405
3548
3507
3977
4708
4843
4771
4738
5110
5429
5295
4946
4810
5156
5212
4874
4189
3844
4102
3946
3229
2360
2053
2085
1764
951
54
-228
-309
-639
-1246
-1819
-2115
-2286
-2596
-3067
-3428
-3660
-3945
-4201
-4473
-4941
-5267
-5355
-5132
-4975
-5272
-5720
-5620
-4915
-4441
-4602
-4819
-4356
-3320
-2689
-2594
-2326
-1453
-336
406
671
960
1692
2641
3198
3228
3375
3955
4796
4807
4544
4734
5220
5548
5252
4894
4911
5430
5494
4892
4354
4085
4430
4300
3394
2572
2368
2466
1985
1151
340
45
-36
-532
-1123
-1636
-1946
-2165
-2574
-2992
-3356
-3566
-3918
-4295
-4473
-4926
-5310
-5517
-5211
-5048
-5446
-5859
-5797
-5000
-4623
-4840
-4977
-4398
-3314
-2760
-2575
-2330
-1357
-199
469
750
1029
1921
2879
3366
3291
3513
4214
4937
5059
4691
4776
5318
5701
5468
4990
4845
5335
5706
5001
4227
4020
4299
4239
3428
2466
2089
2216
1883
1084
152
-348
-348
-694
-1394
-1968
-2310
-2517
-2862
-3175
-3604
-3942
-4220
-4460
-4619
-5108
-5417
-5627
-5380
-5106
-5423
-5776
-5847
-5115
-4550
-4633
-4786
-4282
-3087
-2521
-2272
-2017
-1160
-2
775
1151
1344
2153
3174
3723
3703
3801
4488
5125
5276
5069
5089
5413
5731
5642
5167
5004
5265
5495
4956
4206
3929
4103
3889
3112
2346
1922
1834
1543
781
-61
-542
-628
-954
-1701
-2212
-2512
-2667
-3081
-3463
-3765
-4056
-4316
-4632
-4657
-5049
-5385
-5580
-5496
-5050
-5189
-5568
-5837
-5265
-4462
-4331
-4479
-4332
-3241
-2407
-2066
-1925
-1304
-131
753
1253
1430
1943
2968
3744
3915
3811
4228
4977
5380
5274
5128
5310
5616
5782
5516
5124
5133
5348
5175
4613
4057
3972
3912
3452
2656
2092
1834
1589
1108
288
-321
-563
-732
-1374
-2035
-2311
-2495
-2825
-3377
-3739
-3945
-4105
-4427
-4698
-4883
-5316
-5481
-5579
-5173
-5094
-5484
-5836
-5643
-4723
-4393
-4534
-4639
-3871
-2814
-2332
-2179
-1811
-737
341
878
1112
1478
2458
3409
3726
3613
3852
4632
5288
5342
5088
5099
5498
5979
5859
5232
4958
5385
5587
5089
4277
3934
4205
4018
3203
2287
1906
1879
1582
779
-165
-545
-561
-947
-1836
-2433
-2525
-2661
-3201
-3834
-4062
-4140
-4330
-4737
-4961
-5280
-5546
-5656
-5595
-5106
-5319
-5775
-5911
-5233
-4349
-4429
-4661
-4415
-3155
-2272
-2133
-2016
-1235
85
915
1251
1418
2061
3261
3993
3999
3868
4467
5321
5662
5546
5333
5529
5831
6203
5847
5150
5064
5461
5464
4748
3987
3770
3988
3588
2633
1873
1505
1428
1048
163
-704
-1034
-1055
-1652
-2505
-2923
-2977
-3169
-3792
-4260
-4382
-4442
-4678
-5066
-5162
-5531
-5635
-5716
-5460
-5028
-5372
-5736
-5655
-4667
-4009
-4263
-4407
-3817
-2404
-1788
-1779
-1628
-569
768
1411
1643
1818
2666
3849
4403
4290
4263
5020
5723
5905
5759
5603
5827
5997
6221
5714
5154
5134
5374
5079
4313
3766
3582
3562
2945
2100
1528
1188
945
409
-400
-1102
-1345
-1548
-2298
-2989
-3167
-3203
-3590
-4170
-4456
-4462
-4477
-4822
-5239
-5260
-5456
-5449
-5632
-5400
-5039
-5174
-5415
-5376
-4422
-3897
-3982
-4046
-3421
-2172
-1690
-1568
-1388
-312
880
1496
1733
1940
2847
3906
4434
4353
4404
5108
5699
5954
5824
5614
5839
6033
6248
5647
5171
5164
5376
5062
4203
3731
3610
3570
2897
2094
1570
1270
1022
340
-475
-1065
-1291
-1555
-2348
-3014
-3100
-3126
-3561
-4157
-4395
-4361
-4380
-4745
-5214
-5203
-5345
-5377
-5625
-5534
-5094
-5095
-5329
-5496
-4641
-3940
-3895
-4055
-3662
-2398
-1787
-1607
-1511
-579
654
1380
1678
1835
2703
3828
4425
4392
4391
5058
5682
5987
5909
5605
5854
6022
6246
5755
5221
5165
5320
5223
4316
3735
3605
3603
3021
2121
1570
1180
990
338
-589
-1186
-1486
-1707
-2429
-3185
-3292
-3278
-3582
-4276
-4610
-4500
-4457
-4737
-5269
-5249
-5310
-5400
-5556
-5619
-5058
-4928
-5158
-5387
-4729
-3778
-3621
-3811
-3622
-2374
-1490
-1327
-1238
-499
800
1669
1985
2162
2838
4049
4709
4725
4652
5162
5868
6074
6129
5783
5837
5956
6048
5898
5280
5057
5008
5048
4450
3666
3371
3177
2818
1991
1350
781
419
80
-743
-1412
-1908
-2209
-2627
-3332
-3506
-3582
-3796
-4360
-4775
-4625
-4611
-4785
-5305
-5320
-5217
-5415
-5484
-5635
-5031
-4704
-4919
-5155
-4737
-3650
-3297
-3445
-3416
-2358
-1203
-945
-853
-321
937
1972
2327
2525
3003
4156
4918
5009
4896
5203
5971
6182
6246
5965
5810
5942
5904
5910
5373
5023
4814
4765
4466
3629
3188
2807
2474
1812
1137
517
-78
-289
-863
-1502
-2082
-2563
-2778
-3307
-3563
-3695
-3892
-4309
-4714
-4569
-4582
-4735
-5145
-5312
-5075
-5243
-5390
-5596
-5092
-4556
-4679
-4956
-4851
-3819
-3163
-3239
-3372
-2679
-1365
-851
-753
-447
596
1788
2338
2570
2838
3832
4755
5028
4969
5051
5741
6140
6203
6059
5814
5900
5819
5871
5482
5042
4835
4615
4435
3781
3226
2844
2451
1870
1249
788
99
-306
-698
-1265
-1697
-2235
-2604
-2983
-3332
-3466
-3618
-3938
-4486
-4459
-4312
-4465
-4774
-5111
-4964
-4903
-5070
-5379
-5320
-4523
-4354
-4665
-4962
-4381
-3267
-3061
-3329
-3284
-2058
-1026
-842
-767
-127
1150
1988
2360
2494
3062
4244
4831
4877
4784
5222
5887
6048
5968
5801
5851
5726
5682
5639
5143
4825
4566
4340
4001
3362
2817
2487
2052
1387
956
424
-203
-573
-1030
-1534
-1930
-2407
-2788
-3167
-3485
-3566
-3685
-4130
-4592
-4433
-4290
-4483
-4808
-5018
-4750
-4730
-4903
-5214
-4922
-4022
-4056
-4423
-4606
-3699
-2690
-2729
-2990
-2725
-1318
-561
-526
-376
495
1727
2297
2549
2664
3438
4557
4882
4785
4738
5340
5855
5830
5650
5649
5648
5386
5437
5233
4805
4462
4068
3901
3608
2870
2272
2013
1525
1026
623
-81
-558
-827
-1217
-1733
-2200
-2620
-2867
-3213
-3580
-3617
-3743
-4167
-4503
-4319
-4239
-4453
-4756
-4878
-4573
-4601
-4793
-5059
-4578
-3755
-3888
-4179
-4212
-3195
-2342
-2426
-2581
-2155
-777
-236
-187
66
973
2086
2562
2763
2917
3723
4709
4924
4839
4876
5409
5820
5693
5633
5568
5421
5211
5167
4947
4505
4038
3580
3546
3229
2355
1851
1484
1139
755
194
-517
-889
-1001
-1411
-1960
-2479
-2786
-2868
-3258
-3611
-3655
-3748
-4043
-4309
-4143
-4157
-4312
-4580
-4662
-4383
-4443
-4655
-4885
-4384
-3636
-3740
-4006
-4042
-3021
-2214
-2265
-2408
-1971
-634
-152
-20
172
1017
2107
2636
2851
2969
3726
4705
4983
4956
4957
5422
5811
5741
5710
5458
5382
5102
4997
4818
4225
3810
3345
3336
2911
2187
1704
1248
1070
574
155
-586
-972
-1060
-1475
-1944
-2549
-2823
-2922
-3226
-3543
-3683
-3761
-3990
-4133
-4035
-4080
-4186
-4363
-4369
-4161
-4222
-4463
-4616
-4260
-3417
-3424
-3761
-3922
-3000
-2020
-2017
-2251
-2028
-662
16
125
211
917
2076
2685
2894
2973
3581
4617
4968
4927
4824
5216
5685
5555
5446
5110
5156
4879
4645
4492
3816
3580
3155
3031
2577
1959
1615
1171
947
350
99
-469
-978
-1127
-1588
-1917
-2419
-2769
-2976
-3291
-3510
-3626
-3662
-3930
-4078
-3933
-3886
-3886
-4085
-4030
-3863
-3764
-4002
-4163
-3985
-3170
-2861
-3238
-3533
-3008
-1853
-1584
-1909
-2009
-911
131
309
302
699
1812
2614
2846
2894
3245
4215
4736
4748
4532
4727
5240
5245
5038
4659
4635
4573
4274
4141
3506
3228
2982
2808
2425
1761
1501
1188
950
346
10
-329
-824
-991
-1471
-1802
-2144
-2505
-2744
-3130
-3323
-3453
-3400
-3620
-3823
-3744
-3637
-3512
-3694
-3696
-3612
-3403
-3480
-3700
-3677
-3155
-2553
-2701
-3052
-2991
-2046
-1345
-1532
-1817
-1303
-114
406
400
507
1309
2313
2742
2759
2890
3568
4320
4505
4300
4207
4589
4920
4687
4326
4057
4171
3989
3858
3360
2837
2794
2657
2469
1746
1340
1210
1086
568
-54
-277
-598
-736
-1151
-1670
-1884
-2155
-2307
-2719
-3068
-3199
-3083
-3041
-3423
-3501
-3416
-3158
-3188
-3415
-3436
-3326
-3087
-3319
-3457
-3384
-2726
-2393
-2642
-2937
-2601
-1576
-1301
-1541
-1649
-787
193
434
379
701
1649
2411
2643
2618
2914
3673
4170
4186
3968
4058
4447
4528
4248
3875
3856
3829
3676
3496
2884
2614
2559
2493
2087
1441
1170
1128
905
207
-185
-374
-565
-781
-1313
-1668
-1836
-1976
-2225
-2664
-2907
-2893
-2619
-2810
-3225
-3224
-2987
-2817
-3048
-3257
-3272
-3015
-2952
-3279
-3371
-3172
-2445
-2305
-2679
-2872
-2277
-1310
-1278
-1580
-1477
-433
359
351
319
812
1765
2366
2443
2451
2844
3610
3923
3881
3715
3916
4216
4203
4009
3688
3757
3556
3457
3317
2737
2536
2400
2310
1875
1366
1072
998
704
91
-81
-345
-599
-843
-1266
-1535
-1705
-1883
-2181
-2517
-2648
-2589
-2376
-2689
-3006
-2905
-2699
-2667
-2925
-3062
-3037
-2760
-2809
-3171
-3244
-2955
-2256
-2246
-2676
-2798
-2102
-1236
-1349
-1645
-1440
-375
262
186
123
670
1614
2140
2119
2085
2531
3314
3605
3499
3327
3577
3949
3967
3755
3419
3515
3394
3334
3134
2588
2482
2416
2271
1790
1374
1177
1124
781
270
191
-63
-344
-623
-969
-1187
-1358
-1635
-1948
-2202
-2289
-2262
-2193
-2502
-2713
-2607
-2545
-2582
-2758
-2849
-2827
-2610
-2686
-3055
-3132
-2826
-2191
-2227
-2689
-2798
-2122
-1337
-1480
-1778
-1590
-598
24
-46
-162
353
1308
1802
1723
1645
2122
2948
3242
3117
2933
3214
3677
3699
3492
3184
3237
3238
3203
3030
2562
2448
2445
2405
1972
1525
1415
1398
1177
684
504
298
88
-150
-531
-812
-1045
-1272
-1541
-1826
-2018
-2060
-1956
-2210
-2474
-2467
-2434
-2436
-2570
-2695
-2758
-2574
-2612
-2974
-3124
-2908
-2287
-2279
-2764
-2990
-2425
-1605
-1670
-2021
-1949
-1062
-315
-311
-452
-63
896
1461
1421
1357
1764
2594
2982
2904
2745
2946
3456
3518
3375
3213
3119
3151
3107
3102
2788
2486
2428
2522
2381
1851
1637
1588
1520
1180
803
593
368
226
-77
-437
-776
-1027
-1168
-1464
-1729
-1934
-1837
-1924
-2241
-2328
-2357
-2319
-2429
-2576
-2764
-2688
-2602
-2962
-3211
-3246
-2602
-2360
-2849
-3273
-3016
-2027
-1847
-2259
-2456
-1761
-741
-592
-769
-660
296
1148
1232
1126
1339
2217
2852
2886
2671
2736
3338
3597
3451
3325
3274
3335
3248
3232
3113
2867
2650
2637
2696
2357
2028
1822
1734
1596
1264
951
642
477
333
53
-381
-772
-906
-1092
-1357
-1690
-1828
-1765
-2000
-2164
-2329
-2385
-2387
-2517
-2721
-2931
-2757
-2963
-3238
-3482
-3216
-2583
-2841
-3282
-3528
-2753
-2074
-2325
-2686
-2549
-1401
-895
-975
-1119
-519
602
985
966
938
1627
2521
2849
2699
2530
3036
3592
3618
3404
3379
3491
3525
3408
3360
3287
3051
2941
2915
2840
2497
2230
2030
1914
1758
1384
1096
783
638
491
78
-334
-692
-805
-1041
-1332
-1674
-1794
-1841
-2088
-2215
-2477
-2553
-2567
-2742
-2970
-3095
-3043
-3309
-3523
-3656
-3171
-2876
-3273
-3627
-3516
-2637
-2386
-2713
-2901
-2316
-1310
-1120
-1258
-1157
-216
639
829
828
1030
1916
2637
2783
2604
2692
3340
3694
3635
3531
3573
3718
3618
3641
3638
3484
3234
3168
3203
2995
2664
2345
2206
2136
1841
1532
1152
901
727
472
35
-413
-675
-927
-1148
-1512
-1833
-1926
-2118
-2302
-2505
-2716
-2798
-2896
-3049
-3288
-3255
-3312
-3681
-3846
-3881
-3194
-3152
-3631
-3967
-3595
-2612
-2616
-2937
-3018
-2108
-1201
-1137
-1247
-1012
130
851
1039
1039
1371
2338
2972
3089
2916
3156
3740
4019
3919
3881
3963
4004
3864
3957
3925
3715
3450
3334
3345
3169
2794
2449
2263
2173
1923
1608
1138
809
648
380
-105
-642
-952
-1217
-1402
-1811
-2186
-2298
-2449
-2633
-2848
-3102
-3194
-3256
-3386
-3643
-3591
-3645
-4063
-4174
-4227
-3541
-3415
-3905
-4225
-3882
-2812
-2732
-3056
-3103
-2157
-1157
-1060
-1109
-830
353
1129
1352
1444
1777
2728
3409
3547
3403
3638
4212
4468
4283
4232
4418
4472
4175
4156
4188
4085
3798
3432
3347
3390
3084
2585
2185
2083
1976
1686
1066
523
419
234
-262
-953
-1408
-1559
-1632
-2063
-2612
-2766
-2733
-2880
-3128
-3517
-3572
-3483
-3603
-3896
-3984
-3898
-4209
-4321
-4427
-3941
-3522
-3875
-4177
-4020
-3023
-2624
-2910
-2949
-2260
-1145
-854
-874
-613
376
1307
1616
1789
2018
2823
3651
3854
3769
3837
4407
4745
4579
4456
4610
4780
4359
4263
4302
4287
4085
3511
3293
3429
3329
2674
2082
1911
1866
1710
969
251
59
-22
-385
-1125
-1686
-1889
-1858
-2199
-2792
-3056
-3002
-3056
-3250
-3616
-3767
-3635
-3719
-3986
-4129
-3969
-4140
-4325
-4398
-4125
-3417
-3578
-3908
-3946
-3149
-2309
-2516
-2660
-2337
-1176
-540
-500
-410
263
1346
1828
2035
2192
2704
3659
4051
4031
3912
4302
4813
4774
4631
4586
4807
4548
4193
4255
4279
4133
3688
3249
3180
3252
2813
2030
1669
1569
1411
967
140
-358
-425
-614
-1176
-1785
-2138
-2239
-2357
-2790
-3229
-3245
-3256
-3377
-3579
-3855
-3790
-3744
-3950
-4168
-4063
-3921
-4199
-4245
-4260
-3566
-3114
-3468
-3711
-3461
-2333
-1916
-2209
-2315
-1568
-399
-78
-5
126
1076
1968
2274
2454
2615
3355
4133
4321
4176
4180
4672
4977
4786
4664
4664
4735
4377
4085
4141
4073
3804
3417
3034
2910
2787
2325
1610
1342
1117
810
380
-385
-769
-893
-1186
-1708
-2146
-2464
-2623
-2736
-3109
-3423
-3380
-3450
-3516
-3750
-3907
-3748
-3748
-3953
-4122
-3916
-3813
-4041
-4024
-3999
-3183
-2884
-3201
-3381
-2971
-1836
-1577
-1800
-1855
-959
100
361
442
598
1610
2343
2608
2726
2896
3686
4286
4374
4208
4312
4772
4933
4663
4566
4563
4527
4143
3918
3892
3756
3431
3039
2735
2523
2257
1818
1208
971
628
260
-203
-815
-1098
-1341
-1714
-2178
-2462
-2715
-2899
-3046
-3321
-3479
-3418
-3457
-3530
-3743
-3708
-3529
-3529
-3719
-3788
-3540
-3440
-3566
-3562
-3464
-2692
-2419
-2625
-2738
-2334
-1340
-1039
-1195
-1214
-406
534
792
824
987
1864
2478
2709
2780
2923
3584
4058
4118
3962
4047
4400
4533
4237
4151
4104
4040
3719
3511
3403
3210
2880
2504
2267
1956
1612
1267
771
508
134
-217
-650
-1063
-1308
-1628
-1989
-2362
-2501
-2679
-2915
-3114
-3214
-3248
-3165
-3208
-3344
-3420
-3294
-3111
-3110
-3320
-3301
-3033
-2853
-2997
-3030
-2909
-2230
-1783
-1966
-2138
-1931
-987
-499
-710
-830
-253
737
1026
976
1055
1732
2404
2604
2687
2782
3281
3764
3854
3739
3708
3991
4178
3889
3783
3724
3753
3432
3156
3085
2896
2595
2157
1935
1651
1330
1024
557
260
-78
-328
-681
-1048
-1292
-1601
-1895
-2233
-2368
-2492
-2718
-2981
-3047
-3033
-2927
-2936
-3123
-3189
-3096
-2830
-2762
-3018
-3091
-2852
-2500
-2673
-2839
-2795
-2234
-1526
-1642
-1958
-2061
-1206
-407
-554
-930
-735
367
900
868
703
1165
2016
2397
2504
2498
2873
3431
3727
3659
3520
3694
3981
3866
3648
3613
3630
3408
3023
2964
2912
2594
2117
1787
1666
1391
1086
599
244
36
-189
-453
-897
-1157
-1338
-1600
-1903
-2174
-2256
-2408
-2629
-2782
-2806
-2734
-2673
-2753
-2886
-2881
-2676
-2465
-2565
-2762
-2682
-2367
-2317
-2578
-2635
-2364
-1656
-1421
-1755
-2033
-1652
-690
-444
-838
-1039
-294
595
750
539
635
1404
2074
2290
2279
2410
2928
3411
3504
3328
3296
3587
3692
3477
3332
3286
3178
2809
2634
2620
2423
1980
1570
1424
1262
1029
632
215
10
-126
-330
-699
-1040
-1171
-1326
-1552
-1814
-1953
-1998
-2121
-2233
-2296
-2288
-2204
-2137
-2201
-2259
-2145
-1935
-1827
-1996
-2046
-1897
-1736
-1902
-2123
-2056
-1763
-1229
-1395
-1733
-1816
-1228
-548
-743
-1048
-947
-44
431
339
224
551
1329
1727
1832
1809
2018
2587
2863
2849
2656
2783
3082
3020
2858
2736
2714
2527
2258
2260
2163
1956
1579
1336
1275
1134
945
544
258
109
68
-169
-570
-812
-924
-1046
-1255
-1497
-1567
-1593
-1658
-1779
-1857
-1867
-1741
-1623
-1751
-1847
-1744
-1550
-1533
-1804
-1863
-1719
-1595
-1850
-2154
-2117
-1846
-1348
-1594
-1983
-2068
-1430
-802
-1099
-1419
-1256
-254
170
10
-121
302
1140
1506
1560
1486
1774
2395
2659
2589
2376
2601
2978
2943
2735
2683
2752
2659
2451
2430
2388
2244
1987
1747
1719
1623
1458
1087
722
572
566
363
-71
-387
-497
-624
-824
-1133
-1257
-1288
-1388
-1556
-1703
-1757
-1672
-1568
-1704
-1916
-1913
-1800
-1820
-2118
-2298
-2172
-2043
-2268
-2660
-2691
-2469
-1922
-1991
-2441
-2631
-2096
-1340
-1472
-1865
-1829
-857
-203
-281
-451
-90
816
1331
1424
1385
1650
2289
2651
2640
2442
2632
3064
3124
2915
2880
3021
3017
2791
2722
2738
2659
2439
2184
2126
2070
1923
1565
1129
924
921
785
355
-43
-191
-278
-450
-785
-1026
-1111
-1192
-1324
-1497
-1648
-1677
-1573
-1592
-1836
-1970
-1972
-1940
-2102
-2337
-2321
-2273
-2355
-2673
-2796
-2731
-2308
-2120
-2463
-2747
-2522
-1837
-1669
-1999
-2095
-1473
-707
-560
-678
-476
250
889
1112
1137
1310
1834
2314
2433
2307
2392
2771
2977
2820
2758
2898
3007
2879
2743
2739
2737
2635
2423
2266
2200
2088
1874
1479
1146
1090
1040
756
318
45
-29
-116
-348
-709
-912
-971
-1047
-1125
-1386
-1557
-1496
-1382
-1527
-1796
-1908
-1866
-1832
-2040
-2204
-2260
-2300
-2444
-2647
-2775
-2655
-2284
-2348
-2650
-2784
-2424
-1894
-1972
-2210
-2031
-1355
-862
-836
-752
-326
381
851
1008
1163
1459
2041
2432
2459
2442
2690
3052
3067
2939
2995
3202
3220
3053
2998
2982
2962
2828
2599
2377
2276
2149
1860
1485
1168
1081
978
608
193
-53
-150
-288
-527
-891
-1119
-1135
-1186
-1358
-1643
-1825
-1707
-1579
-1807
-2069
-2179
-2110
-2064
-2313
-2548
-2649
-2591
-2753
-3047
-3175
-3101
-2622
-2691
-2994
-3122
-2732
-2096
-2125
-2341
-2224
-1436
-872
-817
-689
-260
560
1072
1278
1452
1809
2455
2871
2968
2944
3214
3615
3630
3534
3583
3796
3806
3564
3520
3492
3451
3228
2917
2675
2521
2420
2002
1564
1260
1134
982
510
37
-169
-252
-459
-783
-1111
-1327
-1310
-1392
-1669
-1938
-2055
-1991
-1828
-2029
-2314
-2411
-2398
-2314
-2521
-2801
-2928
-2852
-2888
-3247
-3374
-3442
-2985
-2767
-3061
-3223
-3067
-2336
-2065
-2228
-2283
-1697
-901
-710
-566
-296
402
1095
1421
1637
1839
2397
2964
3220
3187
3259
3655
3884
3818
3786
3849
3900
3727
3636
3572
3421
3243
2956
2693
2476
2280
1966
1495
1191
1009
831
415
-60
-233
-330
-540
-872
-1156
-1317
-1369
-1410
-1684
-1910
-1985
-1938
-1838
-1934
-2172
-2299
-2289
-2275
-2317
-2591
-2760
-2702
-2692
-2924
-3135
-3173
-2984
-2544
-2656
-2895
-2882
-2405
-1790
-1821
-1981
-1755
-927
-460
-390
-226
214
960
1411
1637
1753
2093
2728
3138
3152
2985
3245
3671
3749
3549
3440
3498
3558
3438
3243
3029
2906
2808
2538
2190
1897
1776
1489
1070
834
622
430
107
-183
-318
-484
-692
-963
-1126
-1287
-1331
-1381
-1644
-1789
-1813
-1767
-1787
-1928
-2124
-2231
-2245
-2269
-2322
-2617
-2785
-2679
-2706
-2992
-3166
-3094
-2890
-2499
-2646
-2840
-2775
-2305
-1694
-1764
-1901
-1603
-789
-364
-337
-119
407
1120
1495
1734
1916
2302
2900
3255
3260
3145
3444
3823
3813
3558
3538
3587
3660
3553
3274
3045
2936
2912
2612
2204
1831
1830
1704
1138
881
669
578
348
-7
-252
-433
-528
-804
-999
-1276
-1411
-1292
-1513
-1790
-1935
-1937
-1949
-2065
-2236
-2459
-2506
-2530
-2520
-2724
-3101
-3049
-2930
-3100
-3385
-3374
-3228
-2833
-2705
-2948
-2985
-2694
-1980
-1732
-1951
-1857
-1173
-482
-356
-216
219
932
1472
1778
1997
2258
2809
3333
3506
3381
3511
3901
4028
3800
3712
3767
3791
3764
3549
3241
3026
3028
2873
2433
1982
1869
1900
1440
979
784
707
510
129
-193
-421
-498
-700
-979
-1284
-1516
-1414
-1474
-1829
-2108
-2155
-2126
-2219
-2331
-2544
-2657
-2648
-2621
-2669
-3040
-3155
-2993
-2952
-3169
-3295
-3195
-2930
-2602
-2630
-2729
-2609
-2118
-1578
-1586
-1657
-1308
-617
-195
-68
184
698
1301
1730
1969
2150
2492
3001
3365
3361
3316
3566
3816
3757
3581
3565
3590
3606
3522
3240
2975
2887
2864
2575
2104
1878
1859
1661
1185
866
809
650
303
-72
-328
-442
-576
-829
-1184
-1438
-1450
-1453
-1722
-2098
-2206
-2172
-2272
-2396
-2489
-2601
-2636
-2656
-2647
-2826
-3011
-2989
-2925
-2970
-3120
-3101
-3039
-2860
-2546
-2493
-2520
-2435
-1952
-1479
-1432
-1438
-1154
-507
-91
74
315
691
1281
1749
2003
2157
2421
2989
3365
3384
3329
3530
3865
3889
3796
3715
3698
3769
3682
3516
3252
3137
3078
2811
2486
2138
2032
1827
1378
1046
811
636
297
-90
-387
-590
-723
-1060
-1382
-1644
-1734
-1744
-2038
-2357
-2520
-2504
-2556
-2738
-2812
-2894
-2905
-2938
-3010
-3053
-3180
-3182
-3146
-3168
-3216
-3253
-3178
-3093
-2786
-2513
-2553
-2540
-2245
-1638
-1283
-1322
-1191
-663
0
275
414
734
1270
1907
2262
2434
2623
3084
3664
3864
3809
3838
4160
4429
4350
4221
4155
4190
4112
3922
3688
3424
3318
3144
2748
2297
1980
1831
1467
945
525
308
78
-330
-726
-1054
-1255
-1405
-1729
-2078
-2298
-2291
-2310
-2588
-2881
-2951
-2861
-2905
-3044
-3067
-3100
-3083
-3053
-3081
-3096
-3126
-3064
-2976
-2951
-2933
-2900
-2811
-2707
-2349
-2036
-2073
-2058
-1735
-1113
-746
-791
-652
-105
563
825
927
1230
1778
2394
2684
2811
2961
3362
3900
4045
3959
3945
4228
4438
4299
4135
4031
4026
3865
3610
3330
2991
2830
2581
2160
1683
1331
1118
714
216
-187
-423
-714
-1080
-1388
-1698
-1894
-2035
-2268
-2519
-2664
-2648
-2649
-2796
-2948
-2913
-2844
-2839
-2817
-2728
-2700
-2681
-2608
-2573
-2476
-2410
-2370
-2282
-2229
-2096
-2012
-1972
-1936
-1612
-1248
-1274
-1299
-1132
-649
-224
-222
-188
170
744
1057
1160
1357
1749
2284
2571
2693
2813
3056
3499
3685
3608
3576
3724
3905
3790
3610
3501
3467
3328
3028
2749
2397
2189
1994
1559
1141
782
503
157
-266
-593
-843
-1103
-1442
-1627
-1845
-2104
-2159
-2282
-2422
-2493
-2536
-2531
-2551
-2536
-2501
-2459
-2481
-2392
-2151
-2054
-2104
-2053
-1994
-1842
-1716
-1769
-1764
-1698
-1554
-1434
-1471
-1493
-1412
-962
-815
-941
-972
-771
-229
-51
-115
-36
390
873
1008
1153
1367
1822
2246
2382
2514
2671
3058
3400
3374
3257
3332
3562
3549
3288
3135
3108
3126
2871
2494
2169
1914
1832
1555
1024
593
395
193
-222
-626
-877
-1024
-1242
-1549
-1716
-1921
-2055
-2040
-2145
-2284
-2313
-2281
-2266
-2285
-2226
-2161
-2146
-2177
-2048
-1809
-1747
-1798
-1746
-1695
-1545
-1465
-1579
-1600
-1526
-1363
-1322
-1438
-1476
-1344
-899
-815
-950
-999
-781
-250
-120
-184
-98
347
790
935
1096
1349
1821
2186
2315
2482
2682
3069
3325
3243
3135
3249
3435
3323
3022
2887
2888
2893
2557
2148
1851
1677
1602
1251
685
292
248
99
-366
-767
-979
-1018
-1180
-1489
-1684
-1821
-1850
-1830
-1934
-2093
-2087
-1978
-1947
-1966
-1904
-1831
-1811
-1811
-1699
-1520
-1469
-1494
-1431
-1376
-1257
-1229
-1333
-1342
-1257
-1127
-1157
-1300
-1330
-1167
-808
-751
-882
-935
-707
-270
-170
-245
-160
247
639
798
927
1174
1571
1891
2066
2224
2409
2698
2906
2872
2791
2873
2975
2875
2625
2514
2498
2446
2135
1757
1533
1411
1298
956
454
152
153
28
-409
-793
-968
-965
-1058
-1351
-1574
-1640
-1609
-1587
-1689
-1840
-1831
-1680
-1619
-1651
-1625
-1551
-1473
-1434
-1389
-1281
-1174
-1120
-1087
-1049
-956
-879
-904
-938
-898
-803
-795
-916
-996
-942
-707
-542
-618
-738
-674
-352
-127
-178
-220
4
396
633
711
837
1081
1417
1680
1844
1951
2098
2359
2476
2424
2378
2431
2482
2353
2202
2096
2030
1864
1566
1339
1194
1089
878
500
198
101
15
-271
-644
-862
-896
-919
-1111
-1357
-1453
-1436
-1391
-1444
-1578
-1608
-1499
-1386
-1396
-1425
-1354
-1229
-1143
-1137
-1101
-971
-840
-794
-807
-771
-659
-579
-611
-682
-663
-597
-616
-738
-854
-812
-628
-529
-617
-750
-671
-396
-229
-278
-287
-56
265
456
539
656
895
1196
1449
1596
1687
1866
2091
2183
2145
2130
2196
2220
2119
1992
1895
1801
1612
1377
1222
1122
991
725
418
244
166
15
-290
-571
-683
-690
-764
-969
-1144
-1188
-1138
-1118
-1209
-1288
-1254
-1137
-1076
-1107
-1095
-996
-870
-817
-824
-789
-692
-586
-564
-600
-599
-533
-485
-559
-660
-678
-656
-693
-833
-955
-956
-851
-789
-866
-959
-897
-682
-539
-540
-501
-311
-48
149
275
410
607
871
1123
1288
1400
1556
1745
1858
1884
1898
1936
1948
1903
1821
1722
1590
1432
1309
1219
1100
909
680
517
428
312
111
-115
-265
-331
-387
-513
-664
-758
-771
-753
-788
-844
-863
-821
-775
-770
-769
-740
-679
-631
-617
-622
-622
-583
-543
-546
-584
-613
-599
-610
-683
-759
-787
-791
-835
-924
-1010
-1031
-992
-960
-968
-981
-917
-788
-684
-617
-536
-393
-221
-51
96
229
391
588
795
961
1098
1238
1387
1521
1607
1654
1678
1695
1699
1660
1565
1456
1384
1339
1260
1121
965
862
801
708
564
412
304
216
107
-25
-141
-223
-289
-361
-429
-467
-478
-498
-536
-565
-563
-554
-570
-605
-626
-632
-656
-702
-740
-749
-751
-787
-838
-875
-892
-924
-977
-1016
-1034
-1048
-1085
-1136
-1165
-1156
-1119
-1088
-1053
-990
-904
-810
-717
-619
-502
-372
-239
-98
49
201
362
532
704
872
1036
1191
1336
1464
1557
1621
1663
1690
1693
1657
1606
1571
1536
1476
1385
1298
1240
1183
1092
972
860
769
668
528
373
254
163
61
-63
-176
-238
-277
-339
-423
-489
-512
-532
-594
-679
-736
-757
-798
-881
-963
-995
-998
-1033
-1114
-1180
-1192
-1191
-1236
-1311
-1350
-1332
-1320
-1360
-1408
-1398
-1332
-1271
-1243
-1201
-1090
-943
-831
-749
-646
-483
-306
-168
-53
98
290
480
634
776
950
1148
1318
1434
1525
1630
1736
1799
1810
1803
1814
1822
1798
1742
1675
1629
1588
1517
1412
1303
1205
1105
976
820
666
533
406
264
120
-12
-117
-208
-311
-419
-513
-587
-658
-743
-839
-920
-980
-1042
-1116
-1190
-1242
-1273
-1302
-1349
-1405
-1438
-1443
-1453
-1477
-1495
-1484
-1452
-1429
-1417
-1395
-1335
-1247
-1161
-1082
-988
-860
-715
-594
-490
-368
-218
-62
68
184
322
484
641
777
903
1040
1192
1327
1428
1510
1596
1690
1757
1784
1794
1806
1820
1807
1760
1706
1656
1603
1521
1410
1292
1177
1059
921
762
609
470
332
184
34
-103
-224
-340
-467
-591
-702
-800
-894
-991
-1081
-1151
-1208
-1263
-1317
-1364
-1393
-1412
-1433
-1452
-1462
-1455
-1436
-1416
-1394
-1359
-1311
-1258
-1204
-1146
-1078
-993
-899
-809
-716
-619
-515
-408
-305
-200
-93
18
135
251
365
481
596
710
821
928
1032
1132
1226
1315
1393
1461
1517
1559
1592
1611
1618
1612
1593
1562
1513
1450
1374
1280
1176
1065
943
820
692
560
431
300
168
35
-95
-223
-346
-464
-579
-690
-790
-878
-954
-1020
-1080
-1130
-1170
-1199
-1224
-1241
-1254
-1257
-1249
-1238
-1218
-1195
-1165
-1126
-1083
-1038
-996
-947
-895
-839
-787
-735
-677
-614
-543
-471
-395
-315
-224
-129
-32
65
163
260
360
461
559
655
752
846
938
1020
1094
1158
1216
1269
1310
1345
1370
1387
1389
1379
1348
1300
1241
1171
1089
999
906
810
714
612
505
392
276
162
49
-64
-178
-286
-386
-484
-575
-653
-730
-792
-847
-895
-934
-964
-988
-1007
-1020
-1028
-1028
-1024
-1014
-999
-977
-949
-922
-895
-868
-839
-808
-777
-746
-710
-665
-611
-550
-483
-410
-330
-246
-161
-74
8
90
174
259
345
431
515
595
670
740
801
857
907
953
996
1036
1069
1095
1109
1112
1100
1073
1031
980
924
862
799
733
666
598
524
444
364
280
196
110
26
-56
-135
-212
-284
-351
-408
-458
-501
-540
-572
-598
-619
-639
-660
-676
-691
-700
-704
-708
-706
-700
-691
-683
-672
-664
-653
-642
-630
-610
-590
-560
-524
-485
-440
-393
-341
-289
-235
-183
-130
-78
-21
35
89
141
193
240
283
325
362
402
441
479
513
541
567
590
605
608
606
602
593
583
570
555
540
522
501
475
443
412
377
340
301
260
221
182
142
104
65
30
-2
-34
-65
-94
-122
-150
-178
-208
-237
-263
-285
-308
-327
-345
-361
-375
-390
-406
-421
-434
-446
-453
-463
-464
-460
-455
-444
-433
-420
-400
-380
-358
-333
-307
-279
-251
-223
-195
-168
-138
-111
-81
-53
-22
10
44
81
119
158
196
233
268
301
330
354
378
405
425
443
465
483
499
514
524
529
531
530
529
524
513
500
486
468
442
409
375
335
295
254
211
170
131
92
51
11
-30
-74
-116
-161
-204
-247
-289
-330
-366
-396
-422
-442
-460
-473
-484
-495
-504
-513
-520
-525
-526
-523
-514
-503
-489
-470
-449
-424
-399
-374
-346
-318
-289
-258
-224
-189
-151
-114
-73
-35
8
48
86
125
162
199
234
268
300
331
357
378
403
425
445
462
479
491
501
505
505
500
489
479
466
450
430
408
386
361
333
303
268
231
193
157
118
75
32
-9
-49
-91
-131
-172
-211
-245
-280
-313
-341
-368
-392
-413
-434
-455
-471
-485
-496
-503
-507
-508
-502
-496
-486
-474
-463
-445
-428
-406
-382
-356
-328
-296
-261
-224
-186
-146
-104
-62
-19
22
63
105
145
185
224
259
294
327
359
389
415
442
469
491
511
529
541
549
554
553
550
543
535
525
509
490
469
444
416
386
353
318
282
244
205
164
122
80
35
-8
-56
-103
-149
-192
-234
-275
-311
-343
-375
-402
-429
-455
-477
-496
-511
-524
-535
-541
-545
-545
-537
-528
-514
-497
-479
-457
-435
-405
-377
-348
-315
-283
-247
-209
-172
-133
-93
-53
-12
29
70
109
148
185
222
259
291
324
357
383
409
432
452
470
485
496
506
512
515
515
512
505
492
479
460
440
419
389
362
330
299
265
227
190
151
111
70
31
-13
-54
-94
-134
-174
-212
-246
-279
-312
-343
-370
-397
-422
-444
-465
-479
-494
-501
-509
-515
-514
-511
-508
-500
-488
-472
-456
-435
-413
-387
-358
-331
-300
-268
-233
-197
-161
-123
-84
-41
0
39
79
117
158
197
235
272
306
339
369
399
426
449
471
492
507
519
530
535
539
538
535
525
513
497
479
458
435
408
378
348
313
278
241
202
162
121
79
37
-3
-45
-86
-126
-167
-202
-239
-273
-306
-335
-365
-392
-416
-438
-456
-472
-485
-496
-503
-508
-508
-508
-503
-496
-487
-474
-459
-440
-419
-394
-370
-342
-312
-282
-249
-213
-176
-141
-102
-63
-26
14
53
92
132
171
209
245
280
315
346
376
400
422
443
459
473
486
493
499
501
501
496
489
480
467
449
429
407
380
353
324
292
261
230
194
158
119
83
43
5
-33
-70
-107
-142
-176
-209
-239
-267
-295
-320
-341
-363
-381
-399
-414
-424
-430
-437
-440
-441
-439
-436
-429
-421
-410
-397
-383
-365
-348
-324
-301
-277
-248
-218
-188
-159
-124
-92
-58
-21
12
47
83
117
153
187
220
252
280
307
330
353
372
387
400
409
416
420
422
423
421
416
408
395
383
369
349
330
306
280
252
225
196
169
140
107
75
43
9
-24
-56
-89
-120
-152
-181
-208
-235
-257
-277
-291
-306
-320
-332
-344
-352
-359
-365
-367
-368
-364
-361
-358
-352
-343
-333
-320
-308
-296
-281
-265
-246
-226
-206
-184
-160
-135
-110
-85
-58
-31
-1
25
54
82
110
139
165
192
215
239
260
280
297
313
327
339
348
355
361
364
365
366
367
362
354
345
334
322
307
292
276
255
233
214
193
170
144
119
94
70
43
18
-7
-32
-58
-85
-108
-132
-154
-172
-190
-206
-222
-237
-251
-265
-277
-288
-296
-303
-307
-307
-309
-307
-304
-302
-300
-294
-288
-281
-272
-260
-247
-232
-217
-199
-181
-164
-143
-124
-103
-81
-58
-35
-12
13
34
55
76
96
117
138
158
176
192
206
218
229
237
241
245
249
251
252
254
254
255
253
252
249
243
233
224
212
198
184
168
153
134
118
101
85
71
56
43
29
14
0
-14
-30
-45
-59
-71
-82
-97
-111
-126
-141
-156
-169
-179
-187
-189
-192
-192
-192
-190
-189
-188
-186
-182
-178
-171
-165
-157
-148
-140
-131
-119
-110
-98
-88
-76
-64
-52
-41
-28
-14
-1
13
26
38
49
55
62
68
72
80
87
94
100
107
108
109
109
107
104
102
104
103
102
98
94
88
80
69
60
54
49
44
41
36
30
23
14
9
1
-3
-7
-8
-7
-7
-11
-14
-16
-21
-24
-25
-26
-24
-23
-22
-20
-20
-23
-28
-34
-39
-41
-44
-44
-41
-40
-38
-36
-34
-30
-31
-29
-26
-22
-15
-9
-4
1
8
11
13
17
23
29
36
42
48
53
57
59
59
59
57
54
54
54
56
59
61
61
63
60
60
57
53
47
40
32
24
17
8
0
-6
-13
-19
-25
-30
-34
-38
-43
-48
-53
-60
-65
-69
-76
-83
-90
-99
-107
-116
-122
-129
-130
-130
-126
-125
-121
-117
-118
-115
-112
-107
-103
-96
-87
-79
-71
-61
-50
-39
-28
-16
-4
9
22
33
45
59
70
81
93
104
112
121
127
133
140
145
153
159
165
172
175
175
174
172
169
166
164
157
154
149
141
132
123
112
100
88
76
63
52
38
27
15
0
-15
-30
-43
-57
-71
-84
-96
-108
-121
-133
-144
-155
-165
-174
-182
-189
-194
-199
-203
-208
-212
-215
-217
-216
-215
-211
-203
-197
-189
-179
-167
-156
-144
-133
-120
-108
-94
-79
-61
-43
-23
-3
16
34
51
70
86
101
117
131
148
163
176
188
199
207
217
227
233
239
244
247
249
248
247
242
236
230
224
214
204
193
181
169
156
143
128
114
99
84
66
49
33
16
-4
-23
-41
-59
-79
-98
-117
-134
-150
-167
-180
-194
-205
-215
-225
-231
-237
-243
-249
-255
-258
-260
-261
-259
-254
-249
-240
-232
-222
-213
-199
-186
-174
-160
-147
-132
-117
-99
-80
-59
-40
-18
4
22
41
62
79
97
113
126
141
156
170
183
195
208
221
232
240
248
253
257
257
255
253
246
240
234
226
220
212
201
191
181
170
157
144
128
112
95
78
60
43
25
7
-10
-27
-45
-62
-76
-91
-108
-123
-138
-152
-164
-175
-186
-195
-203
-210
-215
-222
-226
-229
-230
-229
-228
-224
-221
-215
-207
-198
-190
-179
-170
-161
-151
-140
-124
-112
-97
-81
-62
-46
-30
-11
3
20
35
50
64
79
90
104
117
127
139
150
161
168
176
183
188
192
195
197
197
195
192
189
185
180
176
170
161
153
145
137
128
118
107
96
82
70
57
44
30
17
3
-10
-21
-33
-44
-55
-65
-74
-84
-95
-104
-112
-120
-127
-132
-138
-142
-147
-149
-152
-150
-149
-149
-146
-143
-139
-137
-132
-124
-118
-112
-109
-100
-91
-83
-75
-66
-55
-45
-34
-25
-16
-8
1
10
19
27
35
41
49
53
61
66
71
77
80
85
87
90
92
94
94
94
94
92
89
88
86
83
80
75
72
67
63
58
53
48
43
37
32
25
20
14
9
3
-3
-5
-10
-13
-16
-20
-23
-24
-30
-30
-33
-36
-36
-37
-38
-38
-37
-36
-37
-34
-33
-31
-30
-29
-26
-26
-22
-20
-17
-13
-10
-7
-5
-2
-3
-4
-2
-5
-3
-3
-2
-1
-3
-4
-1
-2
-2
0
0
1
3
4
2
3
4
2
1
2
2
2
4
2
2
1
2
3
4
4
4
4
4
4
3
4
4
4
4
2
2
1
0
0
0
0
0
-1
0
-1
-1
0
-2
-3
-4
-5
-4
-4
-3
-2
-2
-3
-4
-5
-5
-7
-6
-6
-7
-7
-5
-4
-4
-3
-3
-3
-3
-3
-3
-3
-3
-1
0
0
1
2
3
3
3
4
3
5
3
3
2
3
3
2
3
1
2
2
1
2
2
3
1
2
5
6
5
5
4
1
3
3
1
2
2
2
2
3
5
4
3
2
1
1
-1
0
1
0
1
0
-1
-2
-2
-3
-3
-3
-2
-1
-4
-2
-3
-3
-4
-6
-5
-3
-4
-2
-2
-2
-3
-4
-5
-8
-6
-6
-6
-5
-4
-3
-1
0
-1
-1
-3
-3
-3
-2
-2
-1
2
3
4
3
6
3
2
2
3
2
3
3
4
3
3
3
3
2
1
1
-1
0
0
1
2
1
2
2
3
2
1
0
-2
-2
-1
-2
-1
1
1
0
1
0
0
-1
-4
-4
-4
-1
-1
0
2
3
3
2
2
1
-2
-4
-4
-3
-3
-1
0
0
0
0
0
-1
-1
-3
-3
-3
-1
1
2
3
2
3
3
2
0
1
3
1
4
4
5
5
6
4
4
2
0
1
1
4
3
3
5
3
2
2
2
2
3
4
3
5
4
3
2
-1
-2
-1
-2
-1
-1
-1
-1
-1
-1
-1
-1
-3
-4
-3
-5
-4
-4
-2
-1
-2
-3
-4
-3
-4
-4
-3
-2
-3
-2
-1
-1
-3
-3
-2
-2
-2
-2
-2
0
0
0
0
-1
-1
-2
-2
-3
-1
1
1
1
1
2
2
1
2
0
0
0
0
-1
1
2
2
2
2
3
0
-1
-2
-3
-2
-1
-1
-1
0
2
2
2
2
2
1
1
-1
-1
0
-1
0
-1
-1
-3
-2
0
-1
-2
-2
-2
0
0
1
1
0
2
2
0
-1
0
-2
-1
-2
0
-1
1
2
1
1
2
0
0
0
1
2
1
1
2
3
3
2
1
1
2
1
3
4
3
2
3
1
2
0
-1
0
1
2
1
2
2
2
2
2
3
1
1
0
0
-2
-1
-1
-1
-1
-1
1
1
1
1
-1
-1
0
-2
0
-1
-1
-1
-1
0
0
0
1
1
0
0
-3
-2
-4
-3
-1
-1
1
0
1
0
-1
0
0
-2
0
-1
-1
0
-2
0
0
0
0
0
-1
-1
-2
-3
-2
-1
0
-1
0
0
0
1
2
1
1
0
0
-1
-2
-1
1
1
1
2
2
2
2
1
2
-1
0
0
-2
-1
-1
1
0
-1
-1
-2
-1
-3
-2
-2
-1
1
0
1
1
0
1
1
-1
0
-1
0
2
1
0
1
2
0
0
0
0
-2
0
0
0
-1
1
1
-1
-1
0
0
-1
-2
-2
-1
0
-1
1
2
1
1
0
0
0
0
0
2
1
1
2
1
1
1
1
-1
-1
0
-1
0
1
1
0
0
1
0
0
0
-2
2
2
1
1
1
1
-1
-2
-2
0
-1
0
0
1
0
-1
-1
-1
-2
-1
-2
-2
0
-2
-1
0
-1
0
2
1
1
1
1
1
0
0
0
1
0
0
2
0
0
0
0
-2
-3
-2
-1
0
-2
0
0
1
0
1
2
0
1
0
-2
-1
-2
-2
-1
0
-1
-1
0
0
0
1
-2
-1
-1
0
0
-1
0
-1
0
1
1
2
1
2
1
1
1
0
-1
0
0
-1
-1
0
-2
-2
0
0
0
0
-1
1
-1
-2
0
0
-1
-2
-1
0
0
2
1
1
0
0
-1
-2
-3
-4
-3
-4
-1
-1
2
3
1
2
1
1
2
2
1
-2
-1
-2
1
1
0
2
2
3
2
0
0
-1
-2
-2
-3
-4
-1
2
2
3
2
1
1
1
0
-2
-2
-2
-3
-2
0
3
3
3
4
3
2
0
0
-1
-1
0
0
0
1
1
1
2
2
0
-1
0
-1
0
0
1
-1
-1
-1
1
1
0
-1
0
0
1
2
2
3
2
2
1
-1
-2
-1
-2
-1
0
2
2
2
3
4
3
1
0
-2
-3
-3
-3
-4
-2
-1
0
0
0
2
2
2
2
1
1
0
-1
0
-1
-1
-1
-1
1
2
2
3
1
2
1
0
-2
-4
-3
-1
-2
0
1
2
1
1
1
-3
-3
-3
-2
-2
-3
-2
0
1
2
1
-1
0
-2
-2
-2
0
0
0
1
0
-1
-1
-2
-3
-3
-2
-3
-1
0
-1
-1
-2
-2
-2
-1
0
-1
-1
-1
0
-1
-2
-1
0
-1
-1
-1
-3
0
0
-2
-1
0
0
0
1
0
0
0
-1
-1
-3
-2
-1
-1
-1
1
2
3
3
3
2
2
3
2
0
-1
0
-1
-1
0
0
1
2
1
3
3
1
3
0
0
1
1
1
1
0
1
1
1
1
1
0
0
-1
1
0
-1
1
1
2
0
2
0
0
1
0
-1
1
2
1
1
3
2
2
2
2
0
1
1
0
1
2
1
2
0
0
0
0
1
0
1
0
-2
-3
-1
0
1
0
1
2
1
1
0
1
1
2
1
2
1
1
1
0
0
0
-1
-1
-1
0
-1
-2
-1
-2
-2
-2
-4
-2
-2
-2
-2
-1
0
-1
1
0
0
-1
-2
-1
-2
-2
-3
-3
-2
-3
-4
-2
-3
-2
-1
1
0
-1
0
-1
-1
-2
0
0
-2
-1
-2
-3
-3
-3
-2
-1
0
0
0
0
0
-2
-2
-1
1
2
2
0
0
0
-1
-1
0
-1
-1
-1
0
0
1
1
2
2
1
4
3
3
3
1
0
0
0
0
1
2
2
2
3
2
2
2
-1
0
0
1
0
-1
-1
-1
-1
1
0
-1
-2
0
1
1
0
-1
-1
-1
1
2
2
2
1
0
0
1
1
0
1
1
0
3
3
-1
0
1
0
1
2
1
0
1
1
1
1
1
1
1
1
2
0
-1
-1
-1
1
1
-2
-2
0
0
-1
0
0
0
1
0
2
1
-1
-3
-2
-2
-3
-2
-2
-2
-3
-3
-1
-2
-1
0
-1
1
0
1
0
-1
0
1
-1
2
2
2
1
0
2
1
0
-1
-3
-3
-3
-3
-2
-1
-1
0
1
1
1
0
-1
-2
-1
0
0
0
0
0
1
1
-1
-1
0
1
0
0
2
2
2
0
0
-1
0
2
2
3
1
0
0
1
1
1
0
-1
0
0
2
2
0
-1
-2
1
3
3
1
-1
-2
-3
-2
0
0
-1
-1
-1
0
0
1
1
0
0
-2
-1
1
0
0
0
-1
1
2
2
1
2
1
0
1
1
1
0
-1
-3
-2
-1
0
