SAMPLES:	20056
BITSPERSAMPLE:	16
CHANNELS:	1
SAMPLERATE:	16000
NORMALIZED:	FALSE
0
0
0
1
1
0
1
0
0
0
0
-1
0
-2
-2
-1
-1
-2
0
-1
0
-1
0
0
1
0
1
0
0
1
0
-1
0
0
0
0
-1
-1
-2
-3
-3
-3
-2
-1
-1
-1
0
-2
-1
-1
-1
1
0
0
-1
-2
-1
-1
0
-1
-1
-2
-2
-3
-1
-1
-1
0
1
1
1
2
2
2
2
0
2
2
2
3
3
2
0
2
2
3
2
2
2
1
2
3
1
2
1
1
0
-1
-1
-1
0
0
1
0
-1
-1
0
0
0
-1
0
-1
-1
-2
-2
-3
-2
-2
0
-1
0
0
0
1
1
3
1
1
1
0
0
1
0
1
0
0
0
0
1
1
1
2
1
3
2
2
2
1
0
0
0
0
0
1
0
-1
0
1
0
0
1
0
0
1
1
0
0
-1
-1
0
-1
0
-1
-2
-2
-2
-3
-1
-1
0
-1
-2
0
0
-1
0
-1
0
-1
-1
-2
-1
-2
-2
-2
-1
-1
-1
-1
-1
0
0
1
1
0
1
1
0
0
1
1
1
1
1
0
1
1
1
0
1
0
0
-1
0
1
1
0
-1
-2
2
0
0
0
0
0
-1
-1
0
1
0
-1
0
-1
-2
-2
-1
-1
-2
-1
-1
-2
-1
-2
-2
-2
-1
-1
-1
0
-1
1
0
0
-1
-1
-1
-1
-1
0
0
-1
1
1
1
2
2
1
0
0
0
0
-1
-1
-1
-2
-2
0
-1
0
1
1
1
1
1
2
0
0
0
0
0
-1
-1
-1
-1
-1
0
0
1
2
1
2
1
2
1
0
0
0
0
1
0
0
1
0
-1
0
-1
1
0
0
1
2
1
0
-1
0
0
-1
-1
1
0
1
1
0
-1
-2
-1
1
2
2
2
2
1
2
4
3
3
4
2
2
1
2
1
2
2
2
2
1
0
0
0
-1
-1
-1
-1
-1
-2
-2
-2
-4
-4
-4
-5
-3
-3
-3
-2
-2
-1
-1
-1
-1
-1
-1
-1
-1
-2
-2
-2
-2
-1
-1
-2
0
1
0
1
0
0
-1
0
1
1
1
0
1
1
0
1
1
1
0
0
1
0
0
-1
2
1
1
2
1
-2
-2
-1
-1
-1
-1
0
0
-1
0
-1
0
0
1
2
1
2
1
0
-1
0
0
1
0
1
1
1
1
1
1
1
2
1
1
2
3
2
1
1
2
2
3
2
2
2
2
1
1
0
-1
-2
0
1
0
1
0
1
1
1
1
1
0
1
1
0
0
1
0
1
1
1
1
1
3
2
1
1
1
1
-1
-2
-2
-2
-1
-1
-1
-1
-1
-1
-1
0
-1
-2
-3
-3
-4
-2
-3
-2
-1
-1
-1
-2
-1
-2
-1
-1
-2
-1
-1
0
0
0
1
1
-1
-2
-2
-1
-2
-1
-1
-2
0
0
2
3
3
1
1
0
-1
-1
0
-2
-2
-2
-1
0
0
1
-1
-2
-1
-1
1
0
0
0
0
0
-1
-2
-2
-1
-2
-2
-2
-1
0
-1
-1
0
0
0
1
2
1
3
3
2
1
1
1
1
2
1
2
1
1
2
0
3
2
4
4
4
4
2
3
1
0
-1
-1
-1
-1
0
0
1
1
2
2
0
0
-1
0
0
-1
-1
-3
-2
-2
-1
-1
-2
-2
-2
-2
-1
-1
-1
0
0
0
1
1
0
-1
-1
-1
-1
-2
-1
-1
0
-2
0
0
-1
-1
0
0
1
0
1
0
1
1
1
0
0
0
-2
-1
0
0
0
0
-1
-2
-1
0
0
-1
-1
0
0
1
0
-1
-1
0
0
0
-1
0
0
2
3
2
1
1
2
2
3
1
1
0
0
0
1
1
1
1
0
1
1
1
0
1
1
-2
0
0
-1
-1
-1
0
-1
-1
-1
-1
-1
-2
0
-1
0
0
1
-1
1
0
-1
0
-1
0
-1
-1
-2
-1
-1
0
0
0
-1
-3
-1
-1
0
0
1
2
1
-1
-1
0
0
-1
1
0
0
1
1
1
1
1
0
0
-1
0
1
0
0
0
0
1
2
2
3
2
1
1
2
2
1
3
1
2
2
1
1
1
1
1
0
1
2
2
2
4
3
3
2
0
2
1
1
-2
0
0
-1
2
2
2
0
1
0
1
0
0
0
-1
-1
-1
0
-2
-2
-2
-2
-2
-2
-1
-1
2
1
1
0
0
0
1
2
2
2
0
0
1
2
2
1
1
-1
1
1
1
0
0
0
0
0
-2
-4
-3
-4
-4
-4
-5
-3
-2
-1
-2
-2
-2
-2
-2
-2
-1
-2
0
0
0
0
1
1
1
1
1
1
1
2
3
3
2
2
0
2
3
0
0
1
-2
-3
-2
-3
-3
-2
-2
-3
-5
-5
-4
-4
-4
-3
-2
-3
-1
-1
-1
0
0
0
2
1
1
2
2
2
1
2
1
0
0
1
2
1
1
1
2
3
3
3
3
0
-1
-2
-3
-3
-4
-3
-3
-2
-3
-1
-1
-1
-1
0
0
1
0
1
1
1
2
0
1
2
2
2
2
3
3
4
2
2
1
1
2
2
3
1
1
0
1
1
1
-1
1
1
1
1
2
2
0
-1
-1
-1
-3
-3
-4
-5
-4
-5
-4
-3
-3
-1
-1
0
0
-1
-1
0
0
1
2
0
1
-1
-1
-2
-1
0
0
-3
-2
-1
0
1
2
1
2
2
2
2
2
4
4
3
3
0
-1
1
-1
-1
-1
-3
-1
-1
0
1
1
0
0
-1
0
1
2
2
2
3
3
5
3
3
2
0
-1
-1
-1
-1
-1
-1
-1
-1
-2
1
0
0
0
1
1
3
2
1
1
0
2
2
2
2
2
2
-1
-2
-1
-3
-3
-3
-3
-3
-3
-4
-4
-2
-2
-2
-1
-3
-3
-3
-2
-2
-1
0
-1
0
0
0
0
-1
-1
0
0
1
1
1
2
3
3
4
3
5
5
4
6
5
5
4
3
4
3
2
0
0
-1
0
-1
-1
-2
-3
-4
-3
-3
-2
-3
-2
-2
-1
-2
-2
-3
-4
-3
-2
-2
-4
-3
-2
-1
-1
1
1
1
0
1
3
3
3
4
4
5
4
3
5
3
3
3
2
2
0
-1
-2
-3
-2
-1
-1
-2
-2
-2
-2
1
0
0
3
1
-1
-2
-1
-2
-1
-1
0
1
2
1
1
1
1
1
1
0
0
1
2
1
2
3
2
1
3
3
4
3
3
2
0
-1
-2
-1
-1
-3
-4
-4
-4
-3
-1
-3
-1
-1
-1
-2
-3
-3
-3
-3
-4
-2
-4
-3
-3
-4
-2
-4
-3
-4
-3
-3
-1
-1
0
0
0
2
0
1
1
1
0
-1
-2
-1
1
0
0
-1
-2
0
0
-2
-1
-1
-1
0
0
0
2
2
2
0
-1
-1
1
0
0
0
1
1
1
2
2
1
-1
1
0
0
1
0
1
2
1
2
0
2
2
0
3
2
1
0
-2
-1
1
2
1
1
0
0
-2
-4
-5
-4
-5
-5
-3
-2
0
1
1
0
0
-2
-2
-2
0
0
0
2
1
1
1
2
2
1
0
-1
1
2
2
3
5
4
4
4
3
3
3
2
2
1
0
-1
-1
-1
-1
-1
-1
1
2
2
2
1
0
0
-1
1
1
2
2
1
0
1
1
1
0
1
0
1
3
3
2
0
0
-2
-2
-3
-2
-1
-1
0
1
2
3
0
0
0
-1
-1
-1
-1
-1
-3
-1
0
3
3
3
2
1
1
1
2
2
2
1
1
1
1
1
1
1
1
2
1
1
0
0
1
2
0
0
1
0
0
1
0
0
0
-1
-1
-1
0
-1
-1
-3
-5
-5
-5
-5
-4
-2
-3
-2
-1
-1
-1
-2
0
-2
-1
1
-1
-1
0
-2
-2
0
-1
0
2
2
2
2
1
1
2
0
1
1
1
0
-1
-1
-1
0
-2
-1
0
-2
-1
0
0
-1
-2
-1
-3
-5
-5
-6
-3
-3
-1
0
-1
-1
-1
-1
-2
0
-2
-1
0
-1
-1
-2
0
0
-1
-1
0
1
0
-1
-1
0
0
0
2
1
3
3
1
0
-1
0
0
-1
-1
-2
-1
0
1
1
0
1
0
0
1
3
3
5
7
6
5
5
3
2
1
-1
0
2
2
2
3
4
3
2
1
-1
-1
0
1
2
2
2
1
2
2
4
5
4
2
3
3
1
-2
-1
-2
-2
-2
-3
0
-1
-1
-1
1
1
3
4
3
1
1
-1
0
0
-1
-3
-4
-4
-6
-4
-2
-1
-2
-2
-1
-2
0
1
2
0
-1
-2
-4
-3
-4
-2
-3
-5
-4
-5
-4
-2
-1
-2
-3
-3
-3
-1
0
0
-1
-1
-2
-2
-2
-1
-1
1
1
1
1
0
-1
1
4
3
2
2
1
1
2
0
-1
-1
-2
-1
-1
-2
-1
-2
-3
-2
-2
-1
1
1
2
0
2
2
1
1
1
0
1
2
2
1
1
1
2
2
1
1
1
2
4
2
3
3
2
2
1
2
0
-3
-5
-4
-3
-2
-1
-1
-2
0
-1
-1
-1
-2
-2
-2
-1
-3
-2
-1
-2
-1
1
1
1
1
1
3
2
1
1
1
1
0
0
0
-1
0
0
1
3
2
3
3
1
2
2
4
2
3
2
3
4
3
3
3
2
3
3
3
3
2
2
4
3
2
2
1
1
1
-1
0
0
-1
1
1
3
3
2
4
3
3
5
5
5
6
5
5
4
6
7
4
4
4
1
0
-1
-3
-6
-7
-11
-14
-16
-17
-20
-23
-25
-26
-29
-29
-28
-27
-26
-25
-25
-24
-23
-21
-17
-15
-13
-11
-7
-4
1
7
12
15
19
24
30
37
42
46
50
53
55
57
61
63
64
63
61
58
54
49
47
40
34
28
19
11
0
-10
-20
-29
-37
-46
-56
-62
-70
-74
-80
-83
-86
-86
-83
-81
-76
-74
-69
-67
-60
-55
-49
-48
-46
-38
-24
-17
-11
2
12
21
31
44
49
54
61
70
74
75
77
77
74
71
70
65
59
56
52
50
48
45
42
35
31
26
20
15
8
1
-5
-11
-17
-22
-23
-25
-29
-31
-32
-32
-34
-33
-36
-40
-44
-47
-51
-58
-63
-68
-73
-77
-78
-78
-79
-76
-71
-62
-56
-45
-32
-22
-8
5
18
24
36
46
54
60
69
74
78
83
89
93
94
94
96
94
89
85
79
70
61
53
43
29
18
9
0
-10
-16
-21
-25
-27
-29
-32
-32
-33
-33
-35
-39
-43
-51
-58
-65
-68
-71
-76
-77
-79
-82
-80
-78
-76
-73
-68
-62
-55
-46
-35
-25
-16
-5
7
18
26
35
45
54
61
69
77
83
88
92
94
94
93
92
90
83
76
68
58
46
39
28
18
9
0
-7
-14
-19
-21
-22
-23
-24
-27
-29
-32
-34
-37
-40
-43
-47
-53
-57
-60
-64
-67
-70
-73
-73
-74
-72
-72
-71
-65
-60
-53
-47
-41
-32
-24
-12
-1
10
19
29
39
49
57
67
75
81
84
90
91
89
89
87
83
79
75
69
61
52
44
35
26
18
10
1
-6
-12
-16
-19
-21
-24
-29
-30
-30
-33
-33
-37
-41
-43
-48
-50
-55
-60
-64
-68
-70
-72
-72
-74
-74
-74
-72
-66
-62
-55
-47
-38
-28
-19
-7
4
15
27
38
49
59
66
74
82
87
92
95
95
95
93
92
86
82
77
69
62
53
44
33
24
17
8
0
-5
-7
-12
-13
-15
-20
-23
-25
-26
-31
-34
-38
-41
-45
-48
-53
-58
-62
-66
-68
-72
-76
-79
-82
-82
-82
-79
-77
-68
-62
-51
-41
-33
-23
-8
5
16
29
41
51
58
66
76
82
84
91
92
93
92
96
93
87
82
79
70
62
54
43
30
21
13
4
-6
-13
-16
-24
-27
-28
-27
-30
-29
-31
-31
-32
-33
-34
-39
-41
-46
-53
-59
-61
-63
-65
-66
-67
-67
-69
-65
-58
-52
-47
-41
-33
-28
-21
-11
-1
5
13
21
32
37
43
50
55
57
63
65
66
65
65
64
58
55
52
47
41
35
28
21
15
9
4
-1
-4
-6
-8
-11
-12
-14
-14
-16
-17
-17
-19
-19
-22
-24
-26
-28
-32
-32
-32
-36
-35
-37
-38
-35
-38
-35
-35
-28
-25
-21
-17
-13
-9
-4
2
5
8
12
18
21
25
26
30
29
31
31
32
31
31
30
28
28
25
22
20
19
14
11
5
4
2
0
-2
-2
-5
-5
-5
-5
-6
-7
-7
-9
-9
-8
-10
-10
-12
-12
-15
-13
-13
-14
-11
-13
-12
-12
-12
-10
-10
-8
-9
-6
-4
-4
-2
0
4
1
5
6
7
5
6
7
8
7
9
8
7
7
8
7
6
7
7
6
5
5
5
3
2
1
1
-1
0
1
-2
-7
-10
-15
-21
-28
-35
-40
-47
-53
-60
-65
-68
-71
-74
-76
-73
-72
-69
-65
-59
-52
-47
-38
-19
-2
9
27
48
70
84
106
128
145
156
173
194
204
214
226
244
245
247
253
250
238
232
229
213
189
169
150
118
77
55
20
-20
-63
-95
-136
-185
-211
-234
-265
-298
-323
-345
-374
-400
-411
-436
-447
-467
-471
-488
-486
-475
-460
-434
-412
-380
-369
-326
-294
-269
-220
-147
-66
-36
50
121
198
240
331
414
455
493
574
643
660
697
770
815
806
840
863
851
805
827
812
757
692
669
607
494
412
350
250
127
38
-52
-182
-300
-356
-429
-521
-588
-635
-699
-779
-815
-866
-927
-972
-1013
-1052
-1111
-1103
-1099
-1079
-1037
-992
-948
-943
-844
-825
-751
-670
-500
-389
-316
-131
-11
137
198
441
543
634
720
902
992
1016
1125
1273
1319
1334
1428
1484
1424
1402
1446
1423
1305
1253
1219
1104
918
818
699
518
328
217
56
-170
-324
-422
-547
-703
-785
-870
-965
-1085
-1127
-1233
-1315
-1407
-1462
-1543
-1623
-1612
-1647
-1596
-1575
-1503
-1495
-1443
-1335
-1318
-1178
-1072
-808
-732
-544
-327
-148
15
170
498
593
751
904
1150
1217
1281
1466
1642
1670
1773
1895
1972
1862
1932
1967
1922
1792
1754
1753
1533
1383
1216
1116
821
680
530
345
62
-75
-199
-368
-568
-664
-754
-906
-1022
-1105
-1199
-1361
-1451
-1545
-1639
-1744
-1773
-1804
-1776
-1800
-1748
-1771
-1686
-1658
-1578
-1448
-1296
-1060
-996
-703
-573
-304
-202
118
327
498
657
891
1090
1163
1293
1511
1651
1735
1897
2030
2068
2042
2165
2163
2119
1992
2019
1903
1711
1501
1366
1120
873
693
515
243
-1
-153
-331
-529
-737
-820
-964
-1091
-1201
-1290
-1411
-1541
-1629
-1758
-1855
-1954
-2039
-2072
-2121
-2141
-2205
-2227
-2161
-2183
-2066
-1997
-1721
-1626
-1415
-1160
-916
-664
-462
-62
120
354
565
888
1072
1223
1433
1722
1867
2066
2267
2441
2474
2579
2715
2714
2656
2565
2557
2377
2136
1926
1688
1386
1114
891
616
311
98
-105
-278
-490
-634
-717
-837
-908
-1012
-1082
-1213
-1298
-1442
-1580
-1696
-1867
-1992
-2103
-2184
-2312
-2459
-2476
-2501
-2521
-2458
-2319
-2077
-2014
-1678
-1406
-1064
-837
-437
-70
138
397
695
1049
1231
1433
1745
2038
2221
2466
2707
2861
2915
3117
3198
3195
3043
2980
2872
2617
2303
2016
1665
1280
937
624
261
-52
-286
-476
-629
-804
-861
-910
-926
-973
-989
-1058
-1150
-1255
-1403
-1554
-1741
-1965
-2138
-2272
-2440
-2633
-2790
-2821
-2916
-2879
-2824
-2581
-2437
-2243
-1830
-1513
-1130
-813
-291
-29
269
533
956
1229
1438
1699
2062
2307
2497
2771
2975
3104
3196
3398
3401
3309
3136
3061
2860
2510
2133
1763
1333
880
502
117
-242
-538
-714
-881
-978
-1087
-1043
-1026
-991
-972
-948
-994
-1098
-1187
-1364
-1532
-1780
-2010
-2168
-2357
-2542
-2763
-2857
-2954
-2991
-2912
-2789
-2498
-2415
-1989
-1633
-1200
-853
-363
48
329
639
990
1387
1565
1827
2119
2448
2572
2841
3014
3215
3248
3413
3490
3407
3248
3112
2963
2641
2226
1823
1377
907
453
72
-333
-670
-878
-1074
-1193
-1311
-1302
-1270
-1225
-1193
-1141
-1138
-1208
-1298
-1411
-1597
-1785
-2029
-2207
-2370
-2559
-2727
-2909
-2906
-3027
-2889
-2823
-2483
-2301
-2011
-1534
-1125
-659
-274
293
589
962
1246
1706
1924
2124
2357
2702
2820
3005
3174
3355
3420
3433
3559
3487
3341
3138
3011
2718
2296
1862
1411
951
446
67
-336
-728
-1004
-1191
-1363
-1478
-1520
-1470
-1435
-1367
-1308
-1264
-1284
-1355
-1405
-1552
-1710
-1918
-2112
-2271
-2469
-2623
-2858
-2881
-2970
-2942
-2809
-2611
-2259
-2111
-1616
-1241
-712
-364
198
582
923
1229
1622
1942
2062
2239
2528
2725
2791
2981
3099
3276
3185
3326
3284
3191
2980
2868
2660
2263
1834
1402
966
440
28
-327
-737
-1097
-1274
-1434
-1533
-1590
-1505
-1440
-1328
-1228
-1138
-1084
-1126
-1121
-1224
-1341
-1559
-1772
-1940
-2172
-2367
-2622
-2741
-2826
-2910
-2765
-2666
-2316
-2188
-1763
-1374
-891
-471
11
499
766
1130
1448
1827
1927
2085
2288
2548
2574
2756
2823
3046
2988
3098
3121
3035
2912
2776
2685
2319
1958
1532
1134
594
152
-206
-579
-976
-1170
-1296
-1402
-1432
-1353
-1219
-1109
-975
-882
-752
-773
-752
-849
-960
-1199
-1477
-1672
-1933
-2205
-2473
-2681
-2809
-2984
-2880
-2828
-2552
-2425
-2097
-1672
-1250
-767
-359
224
459
872
1161
1592
1702
1910
2070
2370
2436
2624
2690
2896
2927
3015
3107
3023
2975
2819
2787
2473
2170
1768
1391
878
402
21
-362
-740
-984
-1109
-1245
-1296
-1260
-1110
-1012
-899
-830
-695
-667
-657
-752
-879
-1126
-1450
-1689
-1966
-2273
-2567
-2819
-3010
-3236
-3208
-3161
-2970
-2793
-2556
-2117
-1706
-1157
-761
-125
174
629
953
1428
1624
1877
2070
2380
2551
2742
2870
3016
3156
3220
3373
3285
3302
3134
3091
2830
2555
2183
1778
1328
832
421
-34
-408
-699
-897
-1049
-1160
-1186
-1117
-1056
-975
-928
-860
-801
-795
-889
-1035
-1257
-1562
-1830
-2132
-2418
-2696
-2983
-3196
-3454
-3492
-3455
-3336
-3092
-2909
-2478
-2097
-1489
-1052
-417
-39
447
834
1305
1618
1888
2144
2428
2688
2868
3085
3163
3385
3434
3652
3556
3627
3493
3431
3189
2902
2577
2091
1651
1140
703
165
-267
-582
-847
-1034
-1164
-1227
-1222
-1218
-1135
-1060
-1035
-993
-984
-1040
-1218
-1418
-1673
-1906
-2237
-2531
-2753
-3064
-3277
-3563
-3643
-3601
-3553
-3267
-3118
-2669
-2350
-1727
-1217
-586
-135
332
827
1264
1673
1928
2245
2498
2789
2944
3229
3271
3494
3542
3796
3743
3777
3720
3650
3447
3104
2825
2292
1801
1263
791
242
-284
-635
-907
-1119
-1250
-1323
-1309
-1309
-1213
-1092
-1040
-1008
-1022
-1004
-1193
-1389
-1622
-1819
-2121
-2488
-2685
-2996
-3223
-3529
-3667
-3591
-3601
-3316
-3201
-2739
-2453
-1890
-1326
-720
-205
195
787
1201
1657
1877
2238
2467
2764
2872
3192
3232
3416
3465
3707
3748
3695
3702
3629
3493
3122
2866
2373
1863
1321
817
332
-246
-644
-913
-1126
-1277
-1374
-1340
-1313
-1227
-1110
-1015
-974
-1019
-948
-1094
-1301
-1519
-1723
-1958
-2384
-2615
-2912
-3157
-3456
-3669
-3591
-3621
-3391
-3288
-2866
-2563
-2112
-1539
-965
-407
-55
569
1019
1491
1719
2114
2382
2712
2809
3163
3256
3436
3495
3726
3857
3772
3802
3732
3653
3284
3033
2610
2147
1595
1073
651
85
-387
-666
-925
-1108
-1280
-1251
-1236
-1201
-1146
-1065
-1012
-1106
-1041
-1142
-1348
-1581
-1811
-2003
-2414
-2691
-2983
-3201
-3452
-3714
-3652
-3672
-3477
-3375
-2995
-2635
-2257
-1707
-1180
-564
-233
402
886
1379
1626
2012
2326
2692
2811
3149
3302
3500
3567
3770
3939
3852
3898
3776
3755
3367
3098
2671
2271
1700
1157
740
196
-307
-639
-941
-1138
-1354
-1342
-1312
-1287
-1246
-1210
-1107
-1186
-1140
-1198
-1361
-1598
-1851
-2011
-2354
-2637
-2934
-3117
-3318
-3616
-3552
-3578
-3379
-3307
-2956
-2553
-2221
-1684
-1235
-559
-270
364
837
1362
1607
1965
2298
2669
2815
3113
3314
3511
3597
3744
3958
3830
3944
3743
3794
3378
3091
2634
2248
1695
1123
699
142
-352
-751
-1051
-1251
-1441
-1468
-1384
-1333
-1244
-1231
-1081
-1093
-1080
-1104
-1262
-1477
-1769
-1909
-2218
-2483
-2801
-3018
-3214
-3551
-3464
-3508
-3304
-3247
-2920
-2508
-2193
-1651
-1228
-554
-281
309
775
1311
1548
1908
2219
2585
2720
3006
3206
3396
3504
3598
3846
3687
3851
3621
3696
3268
2998
2539
2134
1619
1051
619
68
-422
-833
-1106
-1306
-1440
-1489
-1380
-1323
-1184
-1170
-1005
-981
-990
-1009
-1185
-1374
-1679
-1814
-2119
-2368
-2668
-2955
-3148
-3502
-3381
-3433
-3237
-3163
-2865
-2458
-2157
-1597
-1172
-530
-257
294
764
1297
1541
1930
2238
2592
2740
3035
3231
3415
3560
3638
3892
3744
3891
3646
3691
3258
3012
2548
2103
1581
1019
561
6
-478
-873
-1102
-1325
-1429
-1470
-1375
-1345
-1192
-1157
-1029
-1015
-1032
-1057
-1268
-1432
-1710
-1839
-2158
-2396
-2625
-2955
-3127
-3459
-3313
-3371
-3177
-3091
-2825
-2439
-2169
-1593
-1195
-556
-292
251
726
1234
1493
1886
2219
2560
2730
3025
3241
3391
3577
3658
3916
3779
3896
3648
3654
3234
2986
2543
2055
1525
929
455
-120
-601
-974
-1174
-1398
-1521
-1523
-1427
-1393
-1237
-1156
-1041
-1028
-1026
-1029
-1243
-1407
-1636
-1750
-2043
-2299
-2445
-2755
-2894
-3203
-3064
-3111
-2940
-2864
-2637
-2275
-2087
-1545
-1202
-574
-352
166
633
1087
1334
1705
2069
2419
2597
2883
3145
3249
3456
3523
3801
3640
3752
3537
3524
3132
2862
2482
1980
1476
866
400
-145
-640
-994
-1181
-1396
-1529
-1531
-1393
-1349
-1168
-1065
-911
-887
-864
-840
-1014
-1209
-1418
-1550
-1815
-2104
-2254
-2542
-2683
-3002
-2920
-2937
-2830
-2742
-2579
-2187
-2078
-1583
-1274
-677
-482
-23
446
838
1094
1418
1805
2158
2368
2620
2934
3014
3240
3283
3580
3400
3516
3373
3353
3015
2719
2429
1938
1489
910
476
-9
-491
-831
-1005
-1227
-1329
-1368
-1195
-1161
-967
-867
-699
-661
-645
-614
-765
-973
-1200
-1384
-1663
-1978
-2185
-2496
-2673
-3003
-3003
-2995
-2961
-2815
-2725
-2291
-2194
-1722
-1407
-855
-626
-219
255
628
938
1228
1640
1972
2259
2485
2845
2945
3222
3280
3575
3449
3550
3483
3451
3184
2857
2601
2099
1678
1110
666
201
-270
-621
-811
-1051
-1151
-1227
-1087
-1065
-900
-822
-687
-647
-645
-624
-792
-1001
-1230
-1455
-1749
-2084
-2302
-2654
-2848
-3170
-3238
-3224
-3247
-3037
-2991
-2551
-2437
-1942
-1588
-1074
-753
-367
124
534
910
1211
1638
1944
2285
2511
2892
3012
3333
3424
3704
3645
3703
3694
3647
3443
3097
2836
2314
1877
1314
842
355
-117
-514
-740
-1011
-1137
-1247
-1143
-1124
-986
-928
-832
-779
-772
-725
-899
-1080
-1291
-1500
-1780
-2107
-2295
-2638
-2848
-3144
-3259
-3239
-3305
-3089
-3074
-2651
-2539
-2054
-1655
-1194
-806
-457
62
494
897
1210
1646
1936
2298
2536
2946
3064
3379
3505
3775
3757
3768
3801
3728
3561
3213
2962
2446
1980
1429
956
427
-60
-501
-745
-1050
-1201
-1343
-1257
-1237
-1108
-1039
-971
-880
-868
-767
-925
-1074
-1279
-1455
-1711
-2029
-2223
-2514
-2783
-3046
-3211
-3156
-3253
-3079
-3075
-2683
-2533
-2136
-1680
-1283
-851
-545
14
431
835
1143
1580
1865
2220
2473
2892
3022
3276
3427
3683
3712
3682
3756
3652
3530
3183
2973
2488
2035
1502
1043
511
8
-434
-695
-999
-1168
-1310
-1259
-1234
-1120
-1009
-967
-846
-839
-717
-854
-1001
-1206
-1378
-1616
-1940
-2179
-2426
-2758
-2994
-3215
-3122
-3228
-3086
-3067
-2730
-2498
-2208
-1704
-1355
-872
-597
10
415
841
1138
1579
1895
2240
2499
2916
3101
3293
3468
3678
3794
3712
3806
3664
3606
3227
3025
2566
2116
1575
1091
583
38
-402
-714
-1006
-1226
-1358
-1367
-1362
-1292
-1155
-1130
-1023
-1031
-925
-1027
-1172
-1372
-1521
-1718
-2019
-2272
-2462
-2791
-3000
-3251
-3137
-3218
-3088
-3019
-2754
-2445
-2230
-1700
-1362
-810
-541
74
506
964
1260
1685
2041
2363
2607
3005
3233
3374
3563
3701
3873
3751
3837
3661
3648
3244
2994
2576
2106
1560
1054
584
25
-429
-767
-1030
-1290
-1423
-1472
-1462
-1450
-1299
-1265
-1171
-1181
-1084
-1117
-1236
-1416
-1535
-1684
-1955
-2199
-2335
-2612
-2820
-3077
-2974
-3004
-2897
-2774
-2578
-2245
-2097
-1607
-1282
-744
-479
40
490
917
1208
1572
1942
2244
2491
2862
3134
3252
3461
3595
3788
3676
3748
3589
3550
3194
2854
2482
1988
1446
946
491
-38
-519
-834
-1070
-1311
-1448
-1513
-1455
-1457
-1289
-1230
-1114
-1098
-990
-956
-1054
-1208
-1335
-1482
-1733
-1984
-2129
-2377
-2604
-2878
-2815
-2790
-2734
-2590
-2449
-2126
-2023
-1594
-1283
-806
-564
-147
305
677
959
1270
1649
1933
2213
2555
2876
2999
3214
3396
3630
3539
3610
3504
3427
3137
2761
2417
1934
1415
915
491
-5
-485
-777
-986
-1189
-1303
-1377
-1265
-1243
-1065
-971
-821
-760
-666
-617
-726
-875
-1037
-1225
-1484
-1755
-1969
-2242
-2488
-2775
-2794
-2744
-2752
-2628
-2545
-2237
-2144
-1769
-1475
-1039
-801
-442
20
370
670
958
1364
1639
1957
2278
2648
2799
3050
3241
3546
3500
3563
3527
3449
3208
2839
2530
2050
1588
1049
654
176
-290
-596
-783
-994
-1084
-1162
-1053
-1006
-861
-741
-615
-528
-500
-481
-632
-797
-993
-1210
-1494
-1774
-2042
-2352
-2604
-2888
-2997
-2961
-3017
-2911
-2881
-2599
-2466
-2140
-1823
-1401
-1105
-777
-278
100
450
750
1199
1502
1853
2170
2591
2787
3100
3292
3635
3704
3737
3791
3719
3548
3181
2899
2427
2001
1442
1016
566
94
-283
-487
-724
-840
-929
-885
-840
-761
-655
-598
-522
-566
-606
-778
-979
-1200
-1433
-1717
-2005
-2274
-2591
-2824
-3086
-3271
-3237
-3292
-3153
-3141
-2864
-2656
-2349
-1997
-1573
-1209
-924
-417
-7
399
703
1161
1524
1927
2241
2691
2937
3290
3495
3819
4019
4001
4093
3987
3876
3493
3180
2723
2265
1718
1204
765
261
-191
-455
-692
-859
-990
-988
-952
-898
-824
-799
-731
-781
-840
-977
-1189
-1407
-1650
-1891
-2170
-2428
-2726
-2955
-3176
-3425
-3360
-3398
-3205
-3176
-2907
-2641
-2337
-1951
-1527
-1105
-860
-373
46
480
767
1204
1610
2059
2374
2822
3102
3453
3664
3933
4191
4155
4210
4077
3981
3582
3238
2782
2282
1736
1172
722
210
-270
-579
-811
-991
-1163
-1150
-1092
-1032
-959
-931
-852
-884
-929
-1025
-1221
-1439
-1695
-1901
-2171
-2439
-2717
-2954
-3132
-3409
-3311
-3328
-3120
-3055
-2799
-2513
-2224
-1812
-1400
-943
-708
-242
177
605
865
1276
1683
2133
2443
2885
3196
3511
3720
3937
4185
4158
4167
4040
3938
3514
3156
2688
2164
1588
1019
550
62
-430
-748
-971
-1131
-1299
-1280
-1166
-1114
-1026
-1001
-911
-956
-1002
-1101
-1275
-1496
-1767
-1959
-2219
-2491
-2741
-2960
-3114
-3371
-3260
-3244
-3068
-2979
-2728
-2445
-2182
-1777
-1388
-909
-675
-219
228
663
903
1319
1751
2207
2524
2964
3331
3615
3828
4011
4244
4214
4202
4087
3989
3546
3162
2689
2162
1561
991
512
42
-459
-788
-989
-1130
-1274
-1269
-1130
-1091
-1010
-1004
-923
-975
-1033
-1168
-1328
-1569
-1834
-2039
-2275
-2543
-2768
-2955
-3117
-3325
-3218
-3156
-3009
-2922
-2658
-2377
-2147
-1733
-1392
-917
-691
-253
196
646
879
1298
1737
2190
2528
2957
3362
3633
3884
4048
4280
4227
4233
4101
3993
3538
3094
2607
2064
1451
865
386
-88
-597
-926
-1094
-1231
-1341
-1326
-1177
-1118
-1016
-1009
-924
-945
-981
-1121
-1260
-1515
-1754
-1955
-2162
-2413
-2608
-2770
-2940
-3126
-3030
-2943
-2818
-2750
-2502
-2206
-2029
-1619
-1329
-893
-704
-313
90
516
734
1134
1556
1985
2350
2774
3199
3462
3767
3949
4208
4148
4183
4037
3901
3444
2965
2485
1920
1306
713
259
-205
-690
-1001
-1117
-1253
-1324
-1285
-1110
-1010
-873
-825
-740
-727
-767
-882
-1029
-1289
-1537
-1746
-1961
-2225
-2410
-2594
-2759
-2984
-2906
-2819
-2724
-2665
-2458
-2155
-2008
-1633
-1358
-948
-783
-437
-69
323
512
886
1297
1705
2081
2498
2951
3211
3547
3756
4046
4017
4055
3927
3785
3350
2887
2449
1899
1292
709
261
-179
-616
-914
-1011
-1145
-1196
-1172
-992
-879
-726
-660
-588
-581
-659
-765
-941
-1193
-1456
-1687
-1921
-2190
-2367
-2574
-2715
-2950
-2907
-2797
-2725
-2634
-2480
-2182
-2044
-1705
-1432
-1034
-849
-543
-164
215
433
775
1216
1626
2022
2415
2908
3188
3553
3779
4070
4096
4096
3984
3829
3442
2981
2577
2043
1469
873
408
-39
-437
-753
-885
-1016
-1078
-1085
-941
-838
-688
-630
-580
-578
-693
-791
-998
-1232
-1491
-1746
-1993
-2253
-2437
-2659
-2782
-2999
-3024
-2890
-2818
-2681
-2583
-2310
-2164
-1862
-1596
-1228
-976
-733
-331
56
358
671
1132
1558
1979
2363
2865
3210
3602
3847
4107
4203
4166
4068
3902
3613
3146
2722
2200
1663
1043
528
64
-330
-665
-864
-978
-1053
-1079
-981
-870
-725
-662
-636
-596
-704
-813
-1008
-1221
-1441
-1710
-1942
-2179
-2363
-2588
-2707
-2863
-2994
-2862
-2769
-2615
-2569
-2349
-2186
-1945
-1691
-1408
-1071
-892
-520
-119
268
570
984
1424
1873
2273
2739
3137
3542
3806
4017
4184
4143
4068
3865
3674
3232
2763
2238
1716
1111
529
75
-334
-660
-906
-999
-1055
-1071
-996
-844
-690
-583
-568
-485
-529
-653
-830
-1029
-1208
-1511
-1738
-1968
-2154
-2385
-2556
-2646
-2867
-2800
-2695
-2554
-2536
-2407
-2208
-2051
-1790
-1604
-1234
-1055
-766
-369
47
387
717
1152
1624
2055
2479
2909
3297
3593
3776
4010
4013
3968
3758
3609
3252
2782
2281
1742
1201
592
139
-252
-563
-813
-907
-942
-936
-876
-695
-541
-397
-386
-315
-307
-419
-602
-827
-995
-1333
-1593
-1823
-2024
-2249
-2486
-2561
-2783
-2822
-2729
-2610
-2570
-2551
-2319
-2217
-1959
-1813
-1471
-1240
-1028
-625
-224
186
492
931
1424
1920
2323
2808
3206
3544
3753
4022
4111
4070
3903
3740
3487
3011
2555
1987
1474
875
387
-4
-329
-591
-721
-749
-771
-742
-577
-435
-320
-312
-288
-271
-378
-563
-821
-1018
-1368
-1670
-1898
-2114
-2330
-2599
-2705
-2895
-3013
-2963
-2871
-2780
-2827
-2603
-2483
-2243
-2061
-1772
-1450
-1269
-856
-448
13
343
793
1316
1874
2292
2808
3260
3632
3896
4157
4337
4304
4189
3981
3784
3318
2866
2306
1775
1191
642
219
-146
-439
-638
-665
-718
-746
-648
-501
-427
-434
-452
-432
-517
-690
-930
-1140
-1460
-1775
-1992
-2196
-2377
-2631
-2758
-2897
-3055
-3037
-2956
-2827
-2864
-2713
-2545
-2342
-2108
-1877
-1512
-1317
-964
-538
-84
266
674
1211
1788
2273
2782
3289
3712
4015
4254
4482
4501
4418
4195
3978
3549
3068
2538
1990
1415
817
356
-45
-365
-626
-701
-738
-797
-773
-640
-535
-534
-576
-576
-623
-762
-980
-1186
-1451
-1768
-1981
-2179
-2334
-2556
-2715
-2803
-2972
-3014
-2937
-2808
-2807
-2755
-2595
-2416
-2180
-1968
-1616
-1366
-1098
-684
-217
144
488
1004
1562
2111
2609
3108
3577
3928
4151
4376
4473
4406
4225
3992
3622
3126
2619
2095
1547
945
466
75
-251
-513
-647
-666
-693
-696
-598
-447
-405
-430
-458
-510
-606
-812
-1035
-1257
-1572
-1807
-2001
-2171
-2372
-2581
-2660
-2801
-2946
-2929
-2829
-2806
-2833
-2760
-2599
-2407
-2213
-1919
-1599
-1372
-1013
-522
-105
225
687
1230
1794
2316
2777
3270
3680
3956
4163
4349
4351
4221
4041
3762
3345
2851
2378
1886
1323
814
443
123
-151
-327
-370
-385
-387
-344
-197
-115
-122
-156
-247
-339
-536
-805
-1032
-1347
-1650
-1886
-2090
-2310
-2578
-2743
-2862
-3094
-3208
-3177
-3151
-3189
-3231
-3086
-2912
-2706
-2471
-2106
-1821
-1519
-1023
-509
-91
335
888
1463
2049
2507
3006
3463
3849
4094
4324
4463
4401
4293
4086
3810
3384
2926
2462
1955
1403
955
607
283
14
-115
-185
-230
-243
-184
-109
-112
-146
-263
-368
-530
-786
-1013
-1286
-1609
-1887
-2109
-2320
-2571
-2821
-2941
-3151
-3383
-3415
-3398
-3377
-3456
-3361
-3162
-2944
-2709
-2399
-2038
-1760
-1328
-774
-264
168
692
1283
1927
2443
2938
3406
3857
4196
4421
4637
4651
4583
4397
4183
3853
3395
2887
2391
1832
1295
867
513
175
-80
-210
-318
-366
-387
-349
-343
-367
-475
-600
-719
-913
-1130
-1367
-1654
-1944
-2160
-2365
-2556
-2803
-2980
-3112
-3373
-3483
-3467
-3409
-3423
-3399
-3190
-2981
-2728
-2474
-2129
-1787
-1443
-913
-371
107
592
1147
1805
2393
2901
3354
3811
4220
4453
4658
4742
4689
4523
4301
4039
3619
3068
2552
2028
1489
990
612
281
-46
-243
-367
-426
-485
-477
-439
-439
-517
-646
-749
-875
-1074
-1324
-1572
-1855
-2092
-2289
-2481
-2686
-2915
-3042
-3232
-3436
-3450
-3393
-3345
-3343
-3204
-2994
-2762
-2514
-2229
-1814
-1469
-1019
-468
58
545
1027
1636
2260
2801
3249
3698
4129
4402
4571
4708
4695
4557
4336
4103
3758
3221
2697
2194
1698
1158
716
377
26
-252
-418
-491
-575
-616
-573
-551
-594
-700
-798
-883
-1041
-1293
-1531
-1772
-2046
-2266
-2466
-2660
-2881
-3060
-3185
-3396
-3510
-3457
-3391
-3357
-3317
-3131
-2895
-2642
-2374
-1963
-1537
-1149
-628
-64
470
916
1458
2077
2658
3122
3576
4009
4333
4518
4654
4728
4636
4446
4212
3934
3461
2944
2444
1970
1433
910
520
159
-170
-407
-512
-611
-697
-685
-652
-661
-734
-833
-908
-1018
-1222
-1447
-1659
-1934
-2201
-2400
-2560
-2745
-2930
-3061
-3200
-3374
-3382
-3305
-3240
-3230
-3133
-2890
-2651
-2391
-2057
-1615
-1243
-802
-262
297
744
1206
1795
2390
2887
3336
3802
4147
4402
4544
4680
4685
4528
4308
4051
3671
3160
2646
2143
1627
1059
593
210
-141
-434
-587
-664
-770
-783
-732
-681
-715
-799
-875
-937
-1072
-1260
-1448
-1708
-1989
-2253
-2399
-2560
-2739
-2918
-3051
-3227
-3348
-3298
-3214
-3156
-3142
-2934
-2707
-2467
-2215
-1837
-1454
-1092
-598
-53
452
851
1385
1972
2527
2972
3460
3853
4151
4351
4492
4605
4504
4314
4061
3791
3334
2840
2317
1819
1276
765
371
26
-267
-477
-520
-607
-620
-579
-456
-429
-480
-563
-609
-689
-870
-1056
-1309
-1565
-1900
-2132
-2333
-2522
-2755
-2959
-3156
-3387
-3455
-3400
-3308
-3312
-3206
-2972
-2736
-2520
-2219
-1815
-1462
-1037
-487
85
540
995
1569
2168
2670
3138
3598
3931
4193
4358
4514
4524
4363
4133
3899
3559
3091
2599
2090
1581
1042
602
247
-50
-315
-422
-493
-551
-553
-454
-367
-386
-450
-527
-575
-723
-924
-1178
-1407
-1697
-1988
-2233
-2456
-2676
-2916
-3113
-3352
-3537
-3540
-3431
-3376
-3346
-3157
-2882
-2645
-2367
-1977
-1587
-1220
-727
-118
412
849
1337
1933
2484
2931
3384
3752
4044
4240
4391
4463
4385
4171
3933
3672
3260
2780
2301
1818
1296
796
406
107
-183
-349
-434
-499
-563
-527
-426
-400
-420
-485
-539
-635
-804
-1040
-1262
-1511
-1776
-2031
-2284
-2522
-2757
-2986
-3154
-3388
-3485
-3416
-3330
-3278
-3203
-2923
-2678
-2389
-2045
-1615
-1249
-879
-331
239
714
1105
1621
2176
2650
3038
3435
3766
4031
4186
4291
4302
4178
3955
3710
3415
2926
2457
1995
1526
990
521
186
-133
-372
-480
-525
-589
-629
-564
-492
-480
-494
-553
-596
-710
-893
-1089
-1310
-1573
-1826
-2059
-2299
-2526
-2816
-2979
-3163
-3361
-3353
-3309
-3227
-3203
-3023
-2749
-2485
-2166
-1782
-1319
-1012
-587
-34
494
883
1292
1821
2330
2726
3078
3454
3784
4024
4144
4244
4178
4045
3785
3571
3192
2685
2241
1779
1300
749
390
55
-234
-431
-466
-487
-519
-506
-404
-349
-348
-386
-447
-488
-665
-824
-1054
-1299
-1617
-1873
-2110
-2329
-2617
-2883
-3018
-3283
-3366
-3346
-3288
-3249
-3205
-2977
-2719
-2445
-2136
-1682
-1296
-1004
-498
56
521
890
1354
1895
2358
2726
3090
3453
3760
3950
4108
4160
4047
3879
3637
3412
2970
2534
2096
1648
1137
674
387
69
-167
-299
-308
-343
-360
-298
-185
-164
-178
-246
-300
-410
-579
-766
-1042
-1325
-1670
-1923
-2174
-2445
-2756
-2971
-3208
-3471
-3479
-3465
-3390
-3381
-3290
-3029
-2798
-2523
-2165
-1710
-1426
-1052
-493
38
458
844
1384
1922
2361
2755
3163
3521
3782
3954
4152
4138
4020
3849
3646
3362
2933
2538
2111
1703
1188
815
520
246
56
-29
-55
-114
-136
-64
10
-3
-44
-135
-225
-392
-557
-824
-1129
-1465
-1813
-2075
-2376
-2681
-2985
-3226
-3541
-3753
-3762
-3752
-3652
-3633
-3455
-3180
-2942
-2591
-2174
-1737
-1436
-957
-369
164
566
1020
1621
2140
2603
3031
3478
3838
4054
4244
4416
4367
4258
4088
3901
3558
3117
2688
2252
1807
1271
894
546
252
42
-47
-124
-199
-241
-165
-144
-187
-257
-371
-484
-657
-845
-1164
-1474
-1862
-2176
-2466
-2775
-3072
-3371
-3617
-3924
-4077
-4075
-4018
-3877
-3820
-3562
-3275
-2968
-2535
-2090
-1626
-1284
-724
-107
444
864
1388
1990
2524
3022
3477
3941
4262
4465
4647
4801
4717
4601
4398
4207
3780
3308
2843
2327
1817
1244
877
478
145
-68
-164
-262
-335
-354
-250
-276
-333
-439
-572
-675
-874
-1091
-1443
-1793
-2202
-2480
-2819
-3110
-3385
-3673
-3885
-4177
-4239
-4201
-4062
-3917
-3817
-3495
-3191
-2804
-2366
-1886
-1437
-1070
-463
171
722
1154
1697
2284
2822
3307
3788
4182
4450
4621
4811
4914
4787
4648
4402
4174
3659
3216
2699
2139
1580
1012
678
238
-72
-263
-336
-439
-512
-483
-398
-443
-488
-616
-722
-848
-1069
-1288
-1669
-2023
-2384
-2648
-3021
-3260
-3526
-3770
-3958
-4219
-4203
-4128
-3935
-3825
-3627
-3259
-2919
-2508
-2077
-1558
-1160
-749
-119
512
1012
1440
1990
2570
3061
3546
4011
4341
4585
4749
4936
4943
4806
4629
4372
4055
3539
3104
2545
1992
1391
878
535
100
-187
-348
-413
-536
-614
-569
-543
-565
-616
-742
-844
-1044
-1243
-1494
-1870
-2201
-2504
-2788
-3130
-3345
-3602
-3775
-3972
-4166
-4109
-4004
-3831
-3717
-3425
-3028
-2669
-2258
-1787
-1276
-919
-458
168
732
1174
1608
2190
2727
3173
3654
4089
4382
4592
4750
4876
4810
4639
4434
4161
3785
3293
2825
2292
1736
1124
675
309
-99
-381
-508
-564
-709
-751
-687
-662
-661
-717
-809
-937
-1129
-1304
-1576
-1904
-2211
-2474
-2761
-3062
-3289
-3519
-3674
-3882
-3988
-3902
-3792
-3639
-3506
-3168
-2765
-2407
-1967
-1498
-1042
-724
-230
355
839
1249
1689
2273
2761
3198
3672
4093
4352
4538
4699
4802
4701
4494
4283
3996
3598
3088
2611
2105
1519
935
535
146
-231
-481
-552
-599
-731
-700
-605
-573
-591
-634
-719
-855
-1026
-1238
-1538
-1864
-2196
-2473
-2782
-3101
-3340
-3574
-3747
-3940
-3994
-3903
-3778
-3614
-3478
-3118
-2734
-2368
-1929
-1495
-1082
-784
-263
304
762
1159
1611
2190
2668
3129
3612
4027
4267
4465
4658
4775
4654
4455
4249
3955
3542
3025
2568
2064
1499
980
608
212
-113
-302
-333
-383
-484
-422
-346
-356
-402
-446
-553
-702
-899
-1168
-1510
-1872
-2259
-2562
-2915
-3247
-3480
-3731
-3887
-4081
-4119
-4024
-3864
-3703
-3555
-3182
-2829
-2445
-2036
-1597
-1187
-867
-307
262
716
1111
1599
2186
2692
3187
3669
4067
4315
4527
4733
4822
4682
4516
4286
3973
3535
3014
2551
2047
1527
1044
680
305
22
-138
-161
-224
-299
-273
-252
-280
-343
-413
-541
-697
-919
-1216
-1581
-1963
-2345
-2653
-3022
-3293
-3526
-3779
-3907
-4111
-4129
-4026
-3853
-3707
-3538
-3179
-2841
-2462
-2094
-1627
-1213
-849
-278
269
722
1106
1628
2227
2755
3259
3703
4099
4373
4566
4753
4798
4669
4529
4260
3949
3494
2972
2483
1987
1473
984
635
259
-18
-190
-227
-303
-378
-393
-393
-406
-484
-578
-706
-863
-1087
-1388
-1749
-2103
-2446
-2759
-3088
-3288
-3543
-3788
-3903
-4099
-4065
-3953
-3760
-3597
-3391
-3018
-2669
-2296
-1924
-1435
-1031
-639
-87
444
890
1264
1811
2398
2917
3410
3824
4255
4545
4710
4880
4908
4798
4627
4338
4028
3521
2991
2472
1966
1392
874
524
125
-149
-341
-380
-468
-535
-539
-525
-524
-613
-719
-851
-1032
-1280
-1585
-1947
-2291
-2650
-2956
-3247
-3425
-3698
-3913
-4020
-4202
-4107
-3989
-3741
-3589
-3343
-2947
-2587
-2216
-1824
-1327
-964
-576
-29
511
947
1333
1892
2490
3005
3490
3932
4404
4676
4835
5014
5048
4926
4707
4452
4105
3533
3016
2483
1978
1346
820
479
82
-175
-356
-374
-479
-523
-499
-466
-474
-577
-700
-842
-1065
-1356
-1665
-2050
-2420
-2814
-3094
-3383
-3564
-3837
-3995
-4094
-4255
-4120
-3992
-3694
-3594
-3310
-2908
-2533
-2161
-1749
-1252
-911
-514
42
586
1010
1421
1988
2617
3120
3593
4078
4527
4750
4916
5080
5089
4930
4699
4475
4079
3493
3004
2467
1963
1300
797
471
72
-185
-352
-376
-506
-556
-541
-523
-570
-702
-844
-984
-1252
-1560
-1870
-2254
-2603
-2983
-3211
-3478
-3648
-3895
-3964
-4031
-4136
-3972
-3808
-3481
-3406
-3098
-2690
-2286
-1924
-1527
-1058
-700
-305
244
769
1168
1571
2113
2742
3189
3625
4082
4456
4613
4749
4865
4834
4652
4429
4216
3814
3273
2817
2308
1820
1188
739
430
40
-229
-404
-441
-597
-695
-702
-731
-829
-984
-1131
-1256
-1516
-1787
-2072
-2390
-2673
-2982
-3161
-3384
-3531
-3733
-3739
-3776
-3825
-3656
-3460
-3143
-3049
-2728
-2312
-1906
-1570
-1220
-791
-439
-65
468
963
1332
1686
2202
2792
3186
3582
3988
4321
4437
4549
4656
4605
4421
4204
3991
3633
3140
2704
2225
1760
1195
784
489
120
-182
-379
-422
-609
-742
-770
-857
-1013
-1201
-1359
-1492
-1716
-1965
-2230
-2509
-2748
-2998
-3170
-3353
-3479
-3641
-3624
-3644
-3680
-3520
-3317
-3023
-2900
-2562
-2166
-1804
-1511
-1191
-777
-477
-129
382
876
1219
1534
2054
2618
3018
3406
3813
4162
4299
4426
4564
4515
4340
4137
3927
3632
3176
2754
2297
1879
1364
988
721
363
52
-156
-201
-413
-528
-579
-704
-899
-1107
-1275
-1421
-1627
-1900
-2165
-2458
-2686
-2955
-3151
-3332
-3459
-3599
-3598
-3631
-3687
-3543
-3350
-3081
-2952
-2603
-2260
-1939
-1663
-1314
-900
-637
-289
229
746
1067
1402
1943
2514
2935
3329
3757
4125
4289
4442
4591
4527
4370
4171
3968
3699
3246
2824
2372
1969
1454
1104
828
449
145
-62
-137
-364
-481
-572
-704
-919
-1134
-1300
-1461
-1691
-2000
-2262
-2558
-2780
-3075
-3269
-3441
-3542
-3652
-3660
-3681
-3712
-3541
-3326
-3058
-2924
-2580
-2265
-1937
-1646
-1260
-851
-587
-220
307
809
1127
1499
2036
2606
3006
3389
3806
4160
4318
4470
4587
4513
4356
4153
3968
3674
3210
2779
2332
1914
1394
1043
743
340
58
-137
-241
-485
-628
-730
-844
-1039
-1232
-1402
-1588
-1838
-2137
-2393
-2695
-2927
-3199
-3372
-3535
-3587
-3653
-3640
-3637
-3603
-3394
-3142
-2860
-2730
-2402
-2077
-1728
-1441
-1051
-654
-393
-24
496
968
1297
1667
2199
2737
3108
3502
3897
4221
4360
4515
4619
4548
4377
4173
3987
3643
3161
2747
2290
1837
1297
942
634
215
-38
-216
-329
-584
-721
-808
-917
-1082
-1274
-1462
-1678
-1950
-2232
-2512
-2837
-3089
-3334
-3485
-3645
-3673
-3711
-3666
-3647
-3567
-3332
-3060
-2764
-2641
-2328
-1993
-1646
-1381
-1013
-623
-401
-39
479
943
1280
1626
2169
2684
3071
3481
3864
4176
4315
4491
4610
4529
4358
4145
3954
3594
3108
2734
2273
1826
1277
945
650
253
45
-128
-232
-471
-572
-650
-762
-918
-1129
-1329
-1557
-1842
-2122
-2427
-2756
-3006
-3242
-3371
-3539
-3572
-3607
-3565
-3573
-3506
-3278
-3040
-2771
-2661
-2372
-2068
-1742
-1494
-1135
-766
-571
-205
323
792
1122
1488
2044
2568
2976
3392
3775
4085
4237
4426
4555
4481
4315
4109
3918
3573
3110
2759
2320
1889
1358
1032
738
364
180
-1
-111
-326
-416
-504
-630
-802
-1036
-1257
-1496
-1793
-2103
-2434
-2759
-3006
-3244
-3377
-3562
-3618
-3676
-3663
-3705
-3655
-3437
-3241
-3011
-2905
-2622
-2339
-2014
-1740
-1352
-979
-735
-331
221
714
1077
1525
2110
2667
3097
3519
3905
4217
4381
4546
4668
4604
4426
4226
4017
3680
3223
2856
2433
1997
1494
1135
826
447
242
46
-89
-290
-391
-483
-632
-818
-1056
-1284
-1512
-1810
-2149
-2480
-2784
-3025
-3263
-3409
-3584
-3652
-3745
-3754
-3799
-3766
-3579
-3404
-3181
-3074
-2797
-2502
-2149
-1832
-1429
-1017
-690
-269
295
824
1234
1729
2325
2909
3345
3764
4137
4458
4623
4748
4844
4771
4566
4337
4101
3766
3285
2867
2432
1983
1487
1076
755
356
106
-115
-262
-467
-595
-683
-822
-999
-1230
-1434
-1639
-1896
-2226
-2535
-2821
-3055
-3294
-3472
-3619
-3685
-3807
-3848
-3852
-3841
-3693
-3526
-3264
-3145
-2891
-2558
-2185
-1838
-1467
-1012
-637
-211
353
917
1365
1850
2444
3051
3513
3918
4291
4642
4831
4934
5016
4931
4701
4427
4173
3851
3342
2871
2419
1964
1460
1016
693
294
15
-235
-380
-591
-758
-845
-966
-1110
-1345
-1517
-1709
-1911
-2191
-2462
-2723
-2938
-3163
-3367
-3480
-3533
-3643
-3721
-3701
-3712
-3586
-3435
-3160
-3038
-2814
-2471
-2122
-1793
-1487
-1040
-679
-271
258
831
1286
1737
2300
2922
3407
3797
4164
4547
4780
4885
4972
4902
4694
4406
4158
3864
3369
2880
2435
1972
1470
1023
698
301
19
-239
-398
-607
-810
-911
-1028
-1146
-1386
-1545
-1725
-1907
-2144
-2391
-2626
-2833
-3057
-3280
-3378
-3446
-3552
-3653
-3661
-3720
-3630
-3478
-3246
-3137
-2955
-2612
-2299
-1984
-1702
-1281
-916
-531
-27
565
1067
1518
2078
2751
3304
3721
4103
4537
4827
4974
5080
5066
4908
4641
4395
4107
3641
3127
2690
2203
1690
1212
861
462
160
-96
-293
-500
-737
-861
-999
-1102
-1325
-1510
-1685
-1881
-2103
-2364
-2597
-2808
-3053
-3311
-3421
-3511
-3628
-3746
-3758
-3840
-3801
-3624
-3410
-3258
-3110
-2774
-2477
-2143
-1837
-1440
-1031
-654
-166
438
1015
1486
2038
2739
3363
3822
4213
4668
4982
5142
5249
5281
5164
4888
4619
4315
3857
3303
2848
2342
1794
1255
849
454
114
-153
-374
-574
-839
-973
-1112
-1210
-1375
-1590
-1759
-1974
-2198
-2481
-2723
-2942
-3198
-3458
-3608
-3701
-3803
-3925
-3904
-3940
-3932
-3739
-3515
-3275
-3145
-2830
-2517
-2157
-1811
-1423
-972
-585
-105
497
1134
1638
2171
2869
3536
4032
4426
4870
5203
5334
5431
5485
5395
5096
4785
4485
4028
3454
2967
2472
1899
1302
845
457
79
-218
-468
-662
-952
-1114
-1235
-1333
-1457
-1693
-1856
-2069
-2297
-2597
-2842
-3063
-3321
-3562
-3734
-3837
-3909
-4025
-3987
-3945
-3958
-3778
-3562
-3263
-3133
-2882
-2555
-2195
-1843
-1470
-991
-594
-131
463
1121
1651
2148
2824
3509
4030
4413
4825
5187
5303
5388
5450
5388
5102
4762
4492
4088
3521
3021
2558
2009
1404
921
543
143
-181
-450
-639
-925
-1131
-1238
-1316
-1413
-1639
-1787
-1959
-2148
-2436
-2684
-2884
-3119
-3355
-3537
-3664
-3734
-3844
-3850
-3762
-3803
-3697
-3530
-3243
-3095
-2943
-2660
-2333
-2011
-1685
-1203
-791
-374
188
852
1409
1874
2504
3204
3753
4141
4521
4914
5068
5151
5231
5200
4973
4641
4406
4088
3577
3065
2648
2157
1582
1081
697
277
-91
-364
-571
-837
-1095
-1222
-1297
-1388
-1583
-1721
-1850
-1997
-2227
-2469
-2656
-2850
-3072
-3273
-3422
-3504
-3597
-3669
-3601
-3626
-3616
-3502
-3261
-3077
-2979
-2736
-2409
-2082
-1785
-1328
-842
-429
82
748
1364
1820
2368
3058
3655
4055
4391
4781
4995
5058
5120
5119
4945
4623
4381
4137
3698
3167
2754
2333
1788
1238
822
390
-50
-364
-603
-861
-1164
-1349
-1445
-1537
-1718
-1875
-1979
-2110
-2288
-2496
-2673
-2851
-3045
-3242
-3407
-3501
-3572
-3661
-3650
-3647
-3682
-3613
-3399
-3183
-3080
-2872
-2529
-2168
-1853
-1446
-923
-465
-2
639
1327
1835
2319
2959
3618
4084
4412
4768
5049
5129
5154
5184
5085
4798
4530
4329
3994
3490
3033
2666
2175
1586
1108
680
209
-199
-491
-752
-1077
-1342
-1488
-1592
-1758
-1964
-2084
-2205
-2376
-2559
-2728
-2896
-3090
-3269
-3424
-3535
-3602
-3677
-3707
-3702
-3744
-3731
-3551
-3316
-3178
-3021
-2712
-2344
-1989
-1618
-1128
-641
-213
364
1080
1676
2149
2715
3387
3942
4323
4667
4974
5122
5148
5190
5159
4940
4658
4449
4189
3752
3253
2860
2417
1829
1296
836
380
-83
-445
-712
-1026
-1331
-1527
-1634
-1764
-1966
-2117
-2220
-2380
-2536
-2704
-2863
-3058
-3236
-3370
-3471
-3540
-3602
-3646
-3649
-3660
-3682
-3547
-3316
-3112
-2985
-2737
-2397
-2020
-1664
-1228
-744
-336
151
812
1477
1974
2463
3084
3702
4142
4505
4817
5041
5113
5165
5182
5052
4788
4545
4321
3946
3446
2989
2560
1986
1420
919
472
9
-400
-686
-958
-1268
-1491
-1610
-1714
-1871
-2038
-2131
-2282
-2426
-2589
-2759
-2963
-3161
-3303
-3401
-3485
-3549
-3596
-3625
-3603
-3620
-3527
-3333
-3090
-2944
-2766
-2462
-2097
-1739
-1364
-888
-474
-66
512
1189
1752
2206
2748
3403
3913
4304
4640
4932
5089
5157
5205
5147
4929
4648
4431
4115
3626
3105
2667
2130
1520
982
535
85
-355
-662
-889
-1158
-1408
-1525
-1618
-1737
-1896
-1998
-2123
-2289
-2442
-2622
-2830
-3047
-3210
-3328
-3433
-3512
-3542
-3584
-3559
-3535
-3487
-3324
-3099
-2894
-2796
-2561
-2220
-1864
-1531
-1139
-673
-322
148
783
1396
1871
2324
2955
3562
3993
4354
4701
4958
5076
5134
5160
5020
4734
4500
4256
3843
3298
2820
2357
1761
1167
714
296
-170
-533
-748
-962
-1227
-1391
-1483
-1582
-1729
-1874
-1977
-2148
-2315
-2487
-2691
-2914
-3088
-3214
-3318
-3397
-3419
-3426
-3425
-3354
-3337
-3227
-3068
-2834
-2732
-2640
-2350
-2023
-1680
-1388
-944
-536
-174
358
990
1521
1931
2453
3123
3648
4033
4408
4749
4956
5026
5104
5086
4844
4569
4362
4043
3550
3012
2571
2057
1442
911
505
44
-408
-697
-900
-1155
-1411
-1541
-1644
-1756
-1932
-2056
-2174
-2344
-2503
-2677
-2873
-3063
-3178
-3261
-3305
-3336
-3317
-3310
-3229
-3178
-3134
-3004
-2819
-2626
-2577
-2386
-2088
-1743
-1445
-1091
-640
-262
156
727
1330
1763
2197
2806
3424
3859
4224
4589
4893
5009
5085
5169
5033
4759
4522
4304
3899
3374
2891
2438
1885
1278
808
373
-121
-538
-801
-1042
-1334
-1579
-1706
-1820
-1965
-2148
-2249
-2370
-2544
-2697
-2868
-3040
-3200
-3275
-3336
-3363
-3393
-3399
-3358
-3282
-3275
-3207
-3041
-2836
-2701
-2599
-2336
-2013
-1680
-1363
-933
-508
-99
385
1027
1569
1990
2528
3162
3703
4084
4448
4796
5017
5087
5219
5198
4999
4736
4550
4265
3776
3266
2795
2305
1675
1114
656
184
-318
-673
-937
-1205
-1500
-1693
-1805
-1922
-2084
-2223
-2293
-2448
-2599
-2745
-2894
-3067
-3167
-3232
-3290
-3331
-3378
-3372
-3316
-3288
-3288
-3170
-2962
-2769
-2672
-2511
-2204
-1864
-1560
-1192
-750
-341
75
657
1297
1762
2210
2782
3394
3846
4185
4533
4835
4963
5067
5155
5060
4823
4615
4437
4069
3553
3048
2587
2012
1378
858
396
-119
-566
-878
-1149
-1450
-1704
-1839
-1932
-2063
-2215
-2285
-2391
-2540
-2655
-2771
-2931
-3048
-3089
-3137
-3179
-3204
-3200
-3164
-3110
-3102
-3066
-2910
-2694
-2551
-2479
-2286
-1965
-1660
-1357
-967
-539
-171
295
929
1492
1917
2370
2967
3534
3916
4233
4583
4817
4918
5039
5088
4919
4679
4515
4291
3856
3314
2834
2339
1716
1107
601
92
-421
-821
-1114
-1425
-1736
-1937
-2029
-2125
-2282
-2384
-2454
-2577
-2684
-2760
-2881
-3014
-3068
-3084
-3116
-3131
-3103
-3057
-2995
-2942
-2930
-2845
-2653
-2453
-2358
-2271
-2026
-1722
-1433
-1109
-693
-311
64
611
1223
1726
2140
2643
3249
3738
4064
4405
4726
4881
4982
5110
5054
4819
4614
4440
4114
3593
3072
2616
2059
1416
850
336
-195
-661
-994
-1306
-1651
-1921
-2040
-2110
-2247
-2388
-2471
-2564
-2659
-2715
-2799
-2927
-3025
-3047
-3062
-3082
-3068
-3014
-2950
-2881
-2860
-2833
-2706
-2505
-2356
-2302
-2157
-1900
-1623
-1348
-980
-579
-237
205
802
1379
1842
2302
2885
3453
3848
4194
4565
4816
4914
5053
5115
4951
4706
4535
4298
3839
3283
2823
2344
1717
1103
582
67
-454
-834
-1137
-1478
-1816
-1980
-2029
-2139
-2293
-2393
-2462
-2569
-2636
-2694
-2786
-2917
-2982
-2986
-2995
-3016
-2993
-2919
-2848
-2811
-2807
-2726
-2554
-2367
-2280
-2187
-1991
-1718
-1454
-1148
-756
-407
-55
441
1037
1541
1980
2501
3095
3561
3910
4276
4607
4769
4872
5004
4978
4764
4547
4393
4066
3530
3001
2563
2019
1376
816
329
-193
-674
-1000
-1294
-1638
-1905
-1977
-2032
-2166
-2293
-2351
-2434
-2551
-2620
-2682
-2781
-2900
-2928
-2923
-2938
-2966
-2930
-2854
-2800
-2787
-2765
-2633
-2443
-2297
-2232
-2092
-1841
-1555
-1283
-940
-560
-241
146
685
1252
1686
2140
2711
3270
3661
4001
4376
4649
4777
4901
5010
4903
4675
4488
4290
3861
3292
2787
2304
1694
1053
527
26
-498
-936
-1224
-1529
-1847
-2038
-2087
-2165
-2295
-2377
-2426
-2522
-2628
-2679
-2734
-2828
-2897
-2892
-2883
-2899
-2905
-2847
-2765
-2712
-2710
-2640
-2447
-2249
-2159
-2074
-1849
-1552
-1282
-982
-601
-255
72
536
1110
1587
1986
2492
3090
3554
3885
4240
4576
4763
4872
4999
4986
4784
4548
4352
4011
3478
2919
2413
1836
1169
571
58
-471
-960
-1296
-1573
-1882
-2139
-2236
-2283
-2373
-2447
-2480
-2542
-2638
-2675
-2700
-2773
-2844
-2840
-2825
-2837
-2826
-2764
-2682
-2612
-2566
-2522
-2376
-2161
-2000
-1938
-1794
-1526
-1253
-1004
-687
-325
2
396
917
1434
1823
2256
2830
3383
3750
4077
4428
4678
4792
4890
4932
4777
4533
4308
4026
3542
2987
2474
1934
1282
642
115
-393
-898
-1279
-1527
-1788
-2055
-2210
-2234
-2272
-2325
-2346
-2384
-2467
-2522
-2529
-2598
-2698
-2733
-2722
-2748
-2752
-2688
-2616
-2564
-2504
-2451
-2360
-2180
-1987
-1894
-1817
-1612
-1359
-1140
-885
-540
-211
132
597
1128
1553
1938
2460
3056
3503
3827
4177
4471
4609
4685
4757
4672
4435
4200
3970
3584
3053
2547
2066
1486
852
313
-156
-643
-1069
-1333
-1539
-1776
-1983
-2041
-2035
-2056
-2090
-2120
-2183
-2263
-2304
-2358
-2458
-2543
-2571
-2595
-2603
-2569
-2510
-2472
-2421
-2382
-2339
-2218
-2037
-1924
-1883
-1747
-1519
-1313
-1101
-788
-463
-180
196
725
1213
1592
2036
2629
3162
3527
3866
4213
4420
4504
4586
4601
4419
4159
3949
3680
3210
2670
2199
1702
1102
522
57
-390
-837
-1181
-1389
-1600
-1815
-1947
-1950
-1960
-1994
-2030
-2054
-2115
-2197
-2264
-2334
-2405
-2476
-2509
-2520
-2484
-2452
-2406
-2347
-2298
-2304
-2231
-2064
-1922
-1899
-1838
-1636
-1416
-1229
-963
-630
-366
-77
389
956
1369
1751
2284
2896
3320
3649
4025
4340
4466
4547
4643
4577
4322
4083
3898
3523
2966
2431
1984
1425
805
288
-129
-578
-994
-1261
-1458
-1682
-1848
-1898
-1912
-1965
-2002
-2002
-2031
-2110
-2218
-2294
-2354
-2424
-2499
-2539
-2541
-2513
-2491
-2437
-2361
-2369
-2369
-2238
-2065
-2014
-2031
-1913
-1684
-1488
-1300
-981
-683
-430
-60
513
1041
1399
1864
2498
3055
3383
3763
4193
4448
4544
4703
4781
4629
4372
4223
3999
3499
2921
2456
2006
1365
780
341
-99
-580
-940
-1157
-1411
-1643
-1748
-1790
-1869
-1944
-1958
-1960
-2038
-2138
-2262
-2348
-2417
-2502
-2581
-2648
-2668
-2665
-2637
-2585
-2518
-2581
-2526
-2354
-2198
-2215
-2211
-2029
-1808
-1630
-1426
-1042
-771
-466
8
650
1100
1482
2059
2741
3210
3524
3977
4397
4583
4680
4892
4870
4662
4419
4297
3963
3410
2859
2444
1962
1282
765
346
-129
-618
-910
-1131
-1421
-1648
-1731
-1816
-1904
-1976
-1995
-2009
-2114
-2214
-2337
-2395
-2468
-2552
-2638
-2698
-2708
-2707
-2667
-2603
-2553
-2655
-2531
-2339
-2196
-2262
-2210
-1986
-1778
-1626
-1374
-945
-693
-340
206
866
1242
1665
2292
2971
3377
3720
4186
4555
4681
4801
5008
4884
4637
4395
4255
3830
3258
2716
2311
1779
1092
594
151
-342
-819
-1084
-1323
-1625
-1841
-1922
-2017
-2081
-2145
-2150
-2141
-2235
-2308
-2386
-2403
-2459
-2521
-2600
-2633
-2605
-2594
-2552
-2478
-2440
-2546
-2402
-2214
-2084
-2164
-2089
-1845
-1646
-1504
-1219
-787
-531
-156
409
1037
1365
1793
2409
3063
3437
3796
4236
4555
4661
4793
4957
4783
4524
4305
4150
3667
3081
2556
2148
1580
907
423
-20
-507
-949
-1179
-1417
-1716
-1896
-1944
-2017
-2082
-2132
-2098
-2075
-2164
-2222
-2269
-2292
-2334
-2394
-2473
-2509
-2471
-2468
-2426
-2359
-2344
-2468
-2359
-2191
-2083
-2164
-2116
-1869
-1698
-1555
-1272
-847
-595
-234
324
912
1230
1627
2232
2891
3280
3631
4074
4396
4536
4666
4838
4701
4462
4301
4170
3706
3123
2625
2210
1667
1009
533
96
-376
-782
-1001
-1246
-1555
-1711
-1751
-1808
-1909
-1953
-1926
-1907
-2003
-2059
-2119
-2184
-2221
-2304
-2391
-2460
-2443
-2461
-2416
-2374
-2383
-2551
-2497
-2338
-2244
-2335
-2335
-2087
-1921
-1751
-1501
-1072
-817
-466
91
685
1038
1411
2038
2734
3156
3478
3941
4302
4496
4612
4816
4749
4534
4390
4281
3873
3292
2820
2398
1905
1244
731
291
-168
-565
-820
-1092
-1407
-1576
-1649
-1705
-1822
-1875
-1881
-1863
-1939
-2007
-2081
-2172
-2210
-2309
-2395
-2496
-2498
-2519
-2473
-2440
-2463
-2638
-2627
-2457
-2362
-2442
-2482
-2232
-2048
-1848
-1628
-1211
-927
-598
-44
576
982
1340
1969
2677
3128
3427
3900
4299
4534
4652
4874
4871
4683
4513
4403
4055
3477
3032
2607
2113
1432
851
398
-82
-519
-836
-1141
-1449
-1656
-1749
-1802
-1916
-1979
-1982
-1953
-2006
-2084
-2149
-2229
-2270
-2358
-2432
-2529
-2535
-2530
-2492
-2445
-2463
-2586
-2608
-2440
-2320
-2372
-2435
-2204
-1988
-1789
-1582
-1191
-860
-575
-65
578
1041
1360
1936
2625
3106
3389
3847
4276
4518
4631
4847
4903
4711
4511
4377
4092
3520
3061
2657
2150
1471
843
390
-110
-589
-932
-1212
-1488
-1714
-1800
-1821
-1911
-1978
-1956
-1918
-1954
-2054
-2116
-2175
-2211
-2277
-2330
-2394
-2407
-2378
-2358
-2313
-2328
-2405
-2465
-2347
-2219
-2245
-2334
-2184
-1972
-1788
-1614
-1296
-943
-695
-278
317
825
1119
1604
2245
2780
3093
3515
3964
4249
4397
4586
4711
4546
4371
4222
4020
3513
3043
2660
2190
1584
945
493
-8
-487
-847
-1091
-1341
-1559
-1641
-1639
-1688
-1760
-1733
-1699
-1701
-1808
-1893
-1962
-1995
-2036
-2083
-2145
-2181
-2164
-2171
-2152
-2173
-2241
-2358
-2308
-2188
-2189
-2309
-2247
-2047
-1866
-1722
-1466
-1098
-851
-517
21
568
866
1287
1904
2518
2881
3268
3736
4091
4280
4431
4610
4496
4334
4169
4022
3587
3097
2709
2286
1731
1067
597
120
-354
-762
-1006
-1258
-1484
-1581
-1592
-1615
-1701
-1698
-1673
-1644
-1726
-1834
-1913
-1950
-1979
-2043
-2110
-2178
-2181
-2190
-2189
-2210
-2271
-2424
-2420
-2303
-2283
-2394
-2387
-2186
-2015
-1859
-1631
-1243
-986
-701
-178
413
753
1132
1771
2451
2885
3256
3770
4197
4438
4574
4808
4777
4606
4446
4314
3960
3446
3043
2619
2066
1350
831
379
-134
-604
-905
-1166
-1446
-1585
-1640
-1666
-1762
-1800
-1792
-1768
-1808
-1914
-1983
-2030
-2059
-2148
-2217
-2294
-2313
-2313
-2327
-2346
-2387
-2533
-2572
-2460
-2423
-2505
-2540
-2346
-2186
-2027
-1818
-1425
-1144
-892
-384
244
654
981
1608
2315
2813
3171
3693
4170
4448
4563
4807
4867
4680
4515
4380
4111
3594
3175
2748
2215
1480
906
495
-17
-494
-838
-1066
-1348
-1514
-1601
-1611
-1675
-1731
-1716
-1681
-1676
-1764
-1805
-1834
-1849
-1958
-2031
-2087
-2105
-2115
-2147
-2155
-2189
-2327
-2405
-2310
-2273
-2352
-2426
-2279
-2137
-2018
-1863
-1523
-1233
-1026
-583
15
460
740
1273
1946
2467
2815
3283
3777
4076
4190
4416
4552
4390
4224
4115
3920
3445
3002
2593
2107
1405
793
405
-59
-521
-876
-1063
-1300
-1473
-1559
-1528
-1548
-1597
-1560
-1486
-1451
-1532
-1550
-1562
-1559
-1673
-1753
-1806
-1837
-1864
-1884
-1881
-1942
-2089
-2188
-2109
-2095
-2181
-2292
-2190
-2057
-1962
-1857
-1572
-1271
-1059
-660
-110
369
670
1156
1790
2349
2710
3150
3649
3981
4126
4331
4488
4363
4199
4091
3917
3453
2971
2550
2094
1420
785
364
-64
-526
-905
-1097
-1311
-1496
-1588
-1541
-1548
-1598
-1563
-1468
-1438
-1529
-1545
-1555
-1553
-1658
-1745
-1828
-1887
-1937
-1946
-1935
-2038
-2192
-2326
-2258
-2264
-2343
-2487
-2412
-2280
-2190
-2091
-1844
-1509
-1291
-874
-359
188
537
1072
1719
2349
2783
3232
3793
4164
4402
4579
4795
4692
4569
4447
4290
3843
3313
2893
2419
1800
1106
658
196
-271
-708
-935
-1159
-1390
-1494
-1496
-1488
-1571
-1542
-1477
-1438
-1529
-1549
-1545
-1572
-1647
-1752
-1835
-1945
-2002
-2037
-2045
-2159
-2324
-2478
-2485
-2468
-2565
-2693
-2687
-2553
-2477
-2375
-2149
-1824
-1582
-1218
-683
-138
285
787
1473
2129
2627
3069
3640
4075
4333
4539
4747
4738
4602
4516
4366
3989
3452
3035
2603
2027
1347
836
408
-71
-495
-755
-945
-1187
-1303
-1317
-1295
-1355
-1358
-1293
-1244
-1299
-1342
-1325
-1366
-1430
-1533
-1614
-1747
-1828
-1890
-1923
-2026
-2190
-2380
-2457
-2440
-2528
-2664
-2723
-2618
-2560
-2469
-2297
-1999
-1786
-1477
-985
-441
-5
435
1095
1761
2291
2692
3245
3701
3998
4209
4447
4517
4423
4348
4244
3952
3455
3039
2652
2147
1472
931
499
60
-372
-643
-816
-1018
-1165
-1183
-1137
-1180
-1196
-1162
-1082
-1143
-1212
-1230
-1257
-1325
-1432
-1508
-1650
-1756
-1851
-1898
-1988
-2148
-2369
-2491
-2467
-2539
-2687
-2797
-2709
-2641
-2560
-2415
-2116
-1862
-1589
-1099
-536
-44
378
1023
1739
2326
2721
3248
3759
4099
4329
4577
4728
4652
4560
4463
4211
3735
3253
2861
2369
1683
1080
612
173
-302
-623
-826
-1006
-1201
-1241
-1195
-1231
-1260
-1246
-1162
-1238
-1345
-1404
-1420
-1477
-1583
-1673
-1813
-1931
-2046
-2108
-2173
-2345
-2567
-2728
-2699
-2752
-2884
-3035
-2976
-2886
-2810
-2656
-2353
-2008
-1764
-1256
-673
-111
348
984
1754
2424
2877
3397
3983
4375
4649
4905
5129
5055
4939
4839
4614
4155
3584
3155
2644
1960
1296
785
305
-221
-605
-860
-1047
-1297
-1377
-1344
-1370
-1401
-1385
-1290
-1331
-1437
-1502
-1507
-1546
-1633
-1737
-1864
-1976
-2087
-2171
-2205
-2352
-2550
-2736
-2739
-2760
-2845
-2997
-2997
-2894
-2820
-2662
-2393
-2003
-1779
-1314
-741
-164
323
903
1673
2364
2868
3355
3951
4374
4653
4883
5127
5069
4915
4798
4597
4190
3576
3113
2606
1959
1277
748
269
-262
-676
-945
-1119
-1382
-1489
-1468
-1463
-1498
-1475
-1365
-1335
-1403
-1446
-1444
-1474
-1545
-1659
-1767
-1875
-1973
-2077
-2093
-2197
-2354
-2534
-2583
-2583
-2624
-2745
-2790
-2689
-2620
-2486
-2283
-1914
-1690
-1324
-808
-243
238
745
1479
2167
2693
3133
3709
4164
4441
4640
4901
4909
4746
4615
4463
4125
3531
3066
2591
2005
1315
779
330
-169
-615
-897
-1063
-1316
-1456
-1446
-1408
-1456
-1456
-1367
-1277
-1309
-1341
-1342
-1377
-1449
-1588
-1690
-1820
-1932
-2057
-2099
-2174
-2312
-2493
-2594
-2599
-2621
-2705
-2778
-2693
-2609
-2504
-2354
-2036
-1770
-1469
-1006
-441
72
547
1236
1953
2531
2965
3505
4012
4334
4544
4806
4909
4779
4634
4514
4240
3692
3214
2778
2246
1567
995
553
85
-372
-685
-870
-1116
-1296
-1300
-1235
-1285
-1330
-1284
-1192
-1202
-1254
-1279
-1330
-1401
-1546
-1670
-1820
-1963
-2092
-2167
-2228
-2368
-2565
-2726
-2743
-2757
-2834
-2931
-2880
-2775
-2693
-2554
-2285
-1976
-1703
-1264
-689
-134
334
954
1705
2339
2809
3299
3848
4232
4505
4769
4953
4896
4756
4672
4472
4009
3488
3079
2596
1956
1323
852
393
-93
-465
-705
-955
-1204
-1259
-1190
-1215
-1310
-1298
-1218
-1214
-1295
-1332
-1362
-1439
-1562
-1684
-1816
-1985
-2105
-2190
-2246
-2388
-2582
-2768
-2836
-2849
-2921
-3015
-3015
-2894
-2802
-2662
-2415
-2071
-1771
-1361
-786
-196
296
836
1568
2239
2737
3183
3728
4168
4457
4697
4894
4912
4791
4702
4544
4151
3613
3176
2736
2135
1481
956
506
15
-411
-702
-944
-1189
-1305
-1264
-1263
-1336
-1346
-1272
-1246
-1317
-1356
-1374
-1428
-1526
-1624
-1732
-1873
-1984
-2079
-2151
-2294
-2446
-2616
-2734
-2796
-2867
-2933
-2972
-2889
-2806
-2672
-2471
-2132
-1804
-1433
-927
-361
172
672
1314
1955
2506
2959
3479
3945
4270
4514
4691
4770
4716
4646
4487
4149
3678
3236
2803
2231
1621
1088
629
155
-269
-585
-837
-1022
-1152
-1163
-1173
-1193
-1187
-1154
-1116
-1152
-1199
-1249
-1281
-1357
-1470
-1587
-1706
-1817
-1969
-2073
-2222
-2369
-2517
-2654
-2760
-2890
-2957
-3007
-2979
-2946
-2834
-2660
-2370
-2018
-1702
-1259
-739
-162
336
924
1563
2163
2673
3184
3726
4080
4365
4576
4751
4739
4659
4565
4315
3915
3464
3085
2551
1941
1378
939
459
-23
-333
-586
-796
-998
-1050
-1068
-1102
-1122
-1087
-1070
-1106
-1123
-1178
-1235
-1335
-1411
-1506
-1633
-1802
-1952
-2064
-2209
-2373
-2519
-2643
-2789
-2906
-3003
-3063
-3128
-3109
-3001
-2836
-2621
-2307
-1961
-1599
-1090
-529
20
525
1177
1837
2425
2941
3489
3969
4259
4550
4790
4927
4802
4717
4588
4308
3894
3467
3059
2467
1877
1344
909
355
-53
-313
-556
-815
-1038
-1067
-1122
-1170
-1218
-1180
-1222
-1241
-1281
-1358
-1424
-1554
-1620
-1733
-1885
-2083
-2195
-2320
-2472
-2608
-2751
-2880
-2999
-3044
-3097
-3178
-3218
-3104
-2904
-2706
-2453
-2103
-1725
-1281
-729
-145
382
935
1594
2239
2831
3340
3832
4208
4513
4797
4980
4979
4811
4705
4489
4175
3735
3299
2821
2235
1670
1137
660
138
-168
-434
-676
-942
-1099
-1131
-1190
-1214
-1246
-1221
-1259
-1252
-1341
-1397
-1484
-1614
-1696
-1846
-2012
-2181
-2285
-2443
-2565
-2697
-2845
-2966
-3019
-3022
-3063
-3139
-3104
-2918
-2704
-2506
-2236
-1863
-1484
-1011
-459
131
626
1173
1800
2424
2978
3411
3849
4189
4502
4714
4830
4768
4607
4467
4211
3901
3429
3014
2535
1988
1428
924
483
34
-251
-539
-750
-987
-1086
-1132
-1161
-1169
-1193
-1141
-1149
-1161
-1241
-1263
-1364
-1474
-1580
-1744
-1908
-2069
-2189
-2361
-2507
-2678
-2836
-2954
-3023
-3046
-3092
-3145
-3079
-2898
-2692
-2484
-2188
-1830
-1431
-932
-355
223
704
1287
1913
2519
3018
3464
3889
4214
4503
4672
4764
4666
4549
4378
4113
3740
3277
2892
2385
1848
1309
870
423
24
-266
-548
-771
-975
-1030
-1089
-1105
-1136
-1136
-1094
-1115
-1136
-1203
-1257
-1368
-1455
-1593
-1774
-1937
-2079
-2213
-2400
-2548
-2722
-2890
-3009
-3076
-3103
-3169
-3189
-3100
-2917
-2718
-2466
-2133
-1788
-1354
-820
-212
309
827
1462
2099
2660
3141
3636
4029
4347
4587
4759
4791
4695
4586
4392
4085
3632
3210
2773
2245
1684
1199
759
297
-59
-343
-602
-858
-999
-1047
-1077
-1109
-1128
-1104
-1102
-1104
-1136
-1199
-1308
-1398
-1499
-1665
-1867
-2044
-2183
-2354
-2517
-2671
-2837
-3008
-3094
-3120
-3162
-3217
-3205
-3050
-2869
-2649
-2343
-1984
-1618
-1157
-566
5
504
1048
1729
2345
2844
3330
3814
4201
4453
4663
4789
4779
4652
4508
4298
3913
3444
3004
2560
1987
1426
972
539
98
-252
-491
-741
-951
-1084
-1104
-1125
-1158
-1138
-1104
-1062
-1076
-1091
-1156
-1234
-1325
-1459
-1644
-1864
-2034
-2217
-2375
-2544
-2700
-2873
-3011
-3050
-3073
-3111
-3160
-3066
-2907
-2720
-2490
-2151
-1794
-1422
-921
-360
177
639
1231
1882
2449
2900
3378
3859
4188
4410
4565
4662
4590
4460
4287
4042
3635
3187
2797
2349
1807
1273
884
473
72
-252
-461
-671
-852
-951
-985
-1004
-1041
-998
-953
-903
-952
-996
-1050
-1126
-1255
-1451
-1652
-1885
-2071
-2285
-2434
-2609
-2786
-2958
-3071
-3108
-3178
-3229
-3243
-3119
-3002
-2835
-2594
-2262
-1921
-1525
-1001
-463
68
571
1217
1853
2412
2883
3407
3889
4215
4458
4617
4687
4586
4465
4278
4008
3593
3181
2808
2369
1853
1371
1001
590
208
-95
-290
-505
-668
-749
-770
-807
-831
-783
-741
-740
-845
-909
-1001
-1125
-1327
-1548
-1770
-2014
-2217
-2420
-2549
-2721
-2873
-3017
-3113
-3177
-3256
-3291
-3282
-3187
-3103
-2942
-2708
-2406
-2066
-1648
-1146
-607
-49
517
1175
1818
2402
2923
3468
3945
4305
4567
4734
4780
4691
4560
4366
4081
3662
3245
2844
2396
1890
1430
1023
617
247
-46
-267
-496
-646
-713
-727
-767
-767
-733
-709
-749
-870
-974
-1110
-1278
-1515
-1748
-1998
-2249
-2455
-2643
-2781
-2936
-3056
-3170
-3250
-3293
-3340
-3328
-3287
-3182
-3060
-2858
-2601
-2272
-1876
-1442
-924
-355
245
827
1492
2139
2731
3259
3759
4205
4530
4752
4857
4871
4748
4570
4342
4031
3593
3137
2704
2228
1728
1254
853
481
140
-149
-382
-589
-726
-784
-810
-841
-851
-838
-823
-868
-993
-1123
-1257
-1422
-1649
-1884
-2131
-2362
-2559
-2740
-2883
-3028
-3150
-3260
-3310
-3327
-3340
-3301
-3235
-3110
-2952
-2721
-2436
-2076
-1673
-1226
-682
-98
485
1063
1713
2334
2914
3416
3873
4254
4529
4697
4768
4743
4591
4399
4165
3854
3435
3004
2565
2099
1615
1175
815
494
186
-88
-304
-484
-600
-670
-715
-767
-793
-802
-805
-858
-987
-1101
-1223
-1364
-1579
-1810
-2036
-2247
-2424
-2614
-2762
-2930
-3078
-3218
-3289
-3323
-3368
-3350
-3322
-3209
-3087
-2871
-2597
-2252
-1878
-1437
-880
-305
272
846
1498
2114
2711
3222
3700
4071
4334
4510
4601
4609
4470
4310
4091
3815
3454
3073
2674
2224
1756
1339
1011
707
400
129
-69
-239
-367
-452
-505
-566
-609
-629
-644
-710
-845
-951
-1076
-1225
-1462
-1708
-1941
-2160
-2339
-2545
-2690
-2886
-3038
-3203
-3281
-3337
-3405
-3404
-3409
-3279
-3184
-2952
-2706
-2351
-1984
-1546
-985
-421
193
751
1422
2024
2642
3148
3642
4019
4260
4444
4523
4569
4423
4274
4039
3770
3423
3050
2703
2257
1802
1358
1032
715
386
128
-70
-230
-395
-479
-520
-571
-624
-648
-650
-731
-869
-992
-1124
-1302
-1566
-1830
-2076
-2314
-2514
-2710
-2854
-3041
-3185
-3332
-3387
-3432
-3482
-3459
-3424
-3248
-3100
-2822
-2546
-2155
-1750
-1285
-707
-133
511
1074
1734
2319
2916
3396
3849
4191
4387
4540
4570
4595
4425
4248
3978
3684
3335
2954
2630
2187
1758
1302
968
630
304
58
-151
-308
-488
-564
-613
-656
-702
-718
-728
-820
-949
-1087
-1227
-1423
-1675
-1929
-2178
-2411
-2608
-2777
-2917
-3078
-3210
-3331
-3390
-3430
-3462
-3428
-3368
-3184
-2992
-2709
-2410
-2025
-1608
-1144
-588
-25
596
1157
1772
2334
2886
3351
3765
4082
4271
4414
4437
4438
4290
4125
3874
3593
3265
2916
2594
2183
1793
1372
1045
700
409
172
-24
-192
-356
-426
-492
-520
-557
-547
-595
-692
-831
-976
-1144
-1360
-1582
-1836
-2081
-2335
-2506
-2675
-2823
-2990
-3119
-3249
-3363
-3421
-3474
-3466
-3455
-3313
-3148
-2907
-2637
-2285
-1879
-1453
-932
-385
228
776
1371
1942
2490
2966
3398
3774
4022
4203
4277
4318
4235
4110
3931
3714
3432
3099
2775
2412
2038
1652
1331
1017
725
479
292
124
-33
-140
-199
-236
-273
-297
-358
-459
-627
-801
-1009
-1213
-1455
-1711
-1988
-2245
-2441
-2638
-2791
-2972
-3105
-3289
-3411
-3500
-3554
-3596
-3609
-3505
-3395
-3185
-2944
-2562
-2194
-1760
-1258
-674
-63
493
1126
1713
2293
2752
3240
3648
3965
4170
4298
4376
4311
4233
4085
3933
3645
3336
2995
2643
2255
1866
1554
1228
933
646
457
264
102
-33
-115
-175
-245
-291
-379
-482
-657
-851
-1073
-1298
-1523
-1803
-2089
-2373
-2592
-2806
-2988
-3137
-3288
-3437
-3590
-3638
-3682
-3693
-3685
-3590
-3443
-3270
-2967
-2601
-2156
-1755
-1218
-631
-7
571
1173
1813
2339
2833
3231
3674
3955
4192
4317
4393
4355
4235
4155
3976
3763
3411
3138
2776
2412
2012
1684
1385
1040
779
521
358
128
5
-123
-210
-317
-404
-465
-605
-741
-960
-1133
-1382
-1595
-1862
-2143
-2423
-2683
-2877
-3089
-3222
-3374
-3479
-3612
-3666
-3667
-3648
-3599
-3516
-3348
-3158
-2863
-2501
-2070
-1652
-1172
-604
-5
567
1132
1727
2269
2723
3109
3490
3798
4021
4156
4239
4215
4120
4015
3896
3691
3404
3137
2853
2532
2146
1828
1529
1223
923
694
512
298
134
4
-88
-234
-332
-400
-495
-646
-827
-978
-1206
-1437
-1702
-1956
-2251
-2532
-2753
-2968
-3157
-3337
-3449
-3581
-3679
-3715
-3698
-3667
-3629
-3497
-3318
-3080
-2784
-2403
-1996
-1574
-1073
-507
65
605
1171
1748
2241
2662
3053
3428
3709
3893
4038
4102
4091
4012
3958
3838
3641
3413
3194
2962
2625
2312
2008
1736
1421
1166
964
750
555
372
262
98
-36
-145
-232
-371
-560
-724
-935
-1175
-1467
-1742
-2036
-2342
-2606
-2852
-3071
-3303
-3471
-3616
-3758
-3853
-3905
-3893
-3893
-3821
-3679
-3482
-3229
-2929
-2522
-2121
-1653
-1151
-578
-4
542
1142
1689
2225
2644
3073
3430
3702
3910
4032
4145
4128
4126
4065
3982
3818
3611
3427
3157
2881
2537
2255
1948
1656
1394
1141
933
697
530
335
168
-1
-130
-272
-467
-671
-913
-1154
-1462
-1767
-2088
-2398
-2700
-2968
-3207
-3437
-3623
-3779
-3891
-4011
-4067
-4078
-4041
-3992
-3875
-3674
-3429
-3125
-2780
-2341
-1901
-1410
-891
-315
253
807
1393
1940
2456
2870
3277
3603
3859
4035
4166
4262
4275
4275
4223
4153
3995
3808
3590
3335
3036
2697
2383
2062
1763
1455
1185
931
694
460
239
46
-138
-315
-522
-737
-999
-1279
-1589
-1896
-2217
-2557
-2863
-3140
-3369
-3613
-3786
-3916
-4009
-4104
-4160
-4134
-4103
-4027
-3924
-3712
-3478
-3205
-2870
-2471
-2024
-1597
-1086
-556
3
531
1099
1677
2191
2664
3075
3486
3766
3997
4174
4323
4399
4395
4415
4371
4289
4107
3938
3713
3422
3093
2744
2422
2036
1702
1369
1085
772
491
256
20
-187
-411
-578
-803
-1043
-1324
-1595
-1880
-2195
-2480
-2771
-3021
-3278
-3473
-3648
-3779
-3877
-3953
-3981
-4001
-3972
-3928
-3830
-3703
-3526
-3307
-3048
-2736
-2392
-1997
-1582
-1117
-633
-120
407
944
1479
1987
2463
2896
3276
3592
3859
4074
4236
4342
4410
4442
4434
4366
4262
4100
3900
3632
3326
2996
2631
2272
1906
1581
1238
925
622
361
106
-134
-342
-557
-779
-1047
-1300
-1581
-1862
-2160
-2435
-2700
-2970
-3199
-3399
-3548
-3691
-3793
-3861
-3906
-3940
-3948
-3912
-3847
-3755
-3629
-3439
-3219
-2952
-2639
-2270
-1866
-1440
-968
-456
73
599
1144
1676
2187
2631
3049
3415
3724
3982
4186
4365
4481
4564
4594
4600
4524
4408
4223
3998
3703
3354
3000
2613
2251
1861
1525
1174
846
522
228
-43
-304
-542
-800
-1043
-1329
-1602
-1891
-2175
-2462
-2744
-3003
-3256
-3457
-3630
-3751
-3846
-3913
-3954
-3994
-4002
-3994
-3944
-3876
-3785
-3646
-3466
-3235
-2953
-2609
-2219
-1785
-1323
-814
-277
266
830
1386
1929
2429
2877
3297
3651
3962
4228
4454
4641
4776
4877
4922
4911
4815
4675
4449
4165
3821
3438
3051
2632
2244
1852
1494
1120
767
430
101
-200
-497
-758
-1043
-1325
-1624
-1924
-2224
-2533
-2821
-3112
-3378
-3623
-3811
-3961
-4069
-4139
-4191
-4202
-4223
-4191
-4150
-4078
-3988
-3885
-3724
-3535
-3274
-2954
-2562
-2132
-1642
-1112
-549
40
618
1232
1809
2374
2882
3347
3773
4126
4449
4706
4931
5098
5221
5294
5294
5220
5058
4846
4545
4195
3790
3366
2939
2491
2076
1663
1282
888
516
167
-184
-507
-818
-1096
-1389
-1692
-2000
-2300
-2605
-2912
-3184
-3442
-3674
-3884
-4030
-4134
-4216
-4259
-4287
-4281
-4285
-4253
-4192
-4106
-4007
-3899
-3728
-3513
-3240
-2906
-2488
-2024
-1503
-940
-341
272
867
1486
2090
2675
3186
3657
4098
4467
4788
5042
5259
5408
5494
5526
5484
5355
5138
4867
4524
4128
3684
3234
2781
2314
1861
1428
1031
631
254
-98
-448
-772
-1082
-1366
-1650
-1955
-2255
-2551
-2844
-3125
-3367
-3588
-3782
-3937
-4041
-4104
-4147
-4169
-4182
-4185
-4194
-4174
-4118
-4040
-3943
-3825
-3645
-3400
-3104
-2739
-2303
-1814
-1273
-688
-64
544
1146
1762
2378
2952
3452
3925
4355
4718
5016
5258
5446
5555
5606
5602
5518
5340
5089
4778
4401
3959
3486
3012
2517
2015
1527
1077
651
250
-115
-465
-811
-1127
-1407
-1666
-1931
-2202
-2460
-2713
-2963
-3183
-3372
-3555
-3719
-3838
-3917
-3968
-4001
-4024
-4044
-4073
-4105
-4105
-4075
-4024
-3949
-3836
-3659
-3404
-3087
-2697
-2239
-1732
-1169
-560
80
701
1322
1951
2576
3150
3655
4134
4559
4917
5208
5439
5607
5703
5745
5720
5616
5423
5160
4836
4437
3979
3500
3007
2489
1970
1461
985
538
124
-257
-632
-991
-1312
-1590
-1855
-2121
-2379
-2629
-2875
-3111
-3324
-3526
-3715
-3886
-4017
-4118
-4192
-4240
-4279
-4310
-4348
-4371
-4354
-4314
-4240
-4141
-3993
-3772
-3466
-3085
-2630
-2111
-1542
-923
-276
399
1066
1721
2381
3017
3598
4112
4585
4998
5335
5600
5801
5946
6012
6014
5951
5805
5574
5262
4897
4454
3961
3439
2901
2359
1805
1277
776
311
-124
-523
-901
-1259
-1572
-1850
-2104
-2355
-2591
-2821
-3044
-3254
-3460
-3655
-3846
-4010
-4150
-4262
-4346
-4402
-4441
-4475
-4498
-4500
-4467
-4411
-4310
-4182
-4007
-3758
-3436
-3022
-2541
-1989
-1385
-740
-79
606
1291
1960
2634
3267
3850
4373
4834
5227
5547
5801
5986
6115
6159
6138
6043
5863
5603
5259
4855
4374
3850
3282
2699
2122
1547
1006
494
28
-400
-781
-1136
-1455
-1743
-2003
-2235
-2458
-2671
-2888
-3091
-3285
-3478
-3664
-3842
-3999
-4140
-4245
-4325
-4373
-4402
-4422
-4422
-4410
-4362
-4291
-4162
-4011
-3810
-3547
-3229
-2820
-2360
-1807
-1210
-566
95
771
1452
2113
2787
3411
4012
4534
4994
5382
5686
5930
6086
6195
6202
6153
6019
5800
5512
5125
4701
4182
3635
3032
2417
1813
1210
671
142
-304
-725
-1072
-1389
-1676
-1914
-2155
-2336
-2538
-2713
-2910
-3091
-3262
-3441
-3590
-3758
-3887
-4021
-4116
-4190
-4245
-4267
-4298
-4290
-4294
-4250
-4189
-4072
-3911
-3722
-3451
-3148
-2752
-2326
-1806
-1233
-621
33
690
1376
2031
2706
3350
3975
4534
5019
5450
5782
6044
6216
6326
6348
6290
6157
5942
5647
5261
4821
4306
3742
3131
2502
1880
1268
688
153
-331
-773
-1161
-1505
-1815
-2089
-2343
-2562
-2769
-2969
-3163
-3357
-3534
-3709
-3862
-4006
-4126
-4229
-4303
-4343
-4369
-4363
-4359
-4324
-4290
-4227
-4129
-3990
-3799
-3580
-3281
-2939
-2527
-2082
-1571
-1005
-416
219
859
1525
2167
2811
3443
4044
4594
5073
5501
5839
6093
6264
6366
6385
6319
6183
5977
5685
5315
4877
4376
3809
3197
2572
1942
1328
731
189
-313
-770
-1179
-1544
-1867
-2170
-2433
-2681
-2899
-3115
-3320
-3516
-3702
-3869
-4036
-4169
-4286
-4370
-4431
-4454
-4445
-4414
-4365
-4304
-4219
-4134
-4006
-3847
-3640
-3406
-3115
-2752
-2346
-1893
-1407
-855
-288
315
938
1573
2203
2803
3405
3961
4475
4914
5309
5631
5860
6021
6106
6137
6057
5932
5737
5474
5133
4719
4263
3719
3147
2533
1938
1330
742
205
-296
-739
-1157
-1493
-1816
-2096
-2364
-2605
-2820
-3050
-3252
-3471
-3644
-3829
-3986
-4124
-4234
-4309
-4372
-4358
-4346
-4279
-4218
-4109
-4000
-3892
-3743
-3586
-3358
-3152
-2861
-2534
-2132
-1708
-1246
-706
-177
414
996
1641
2228
2811
3374
3897
4376
4754
5130
5395
5625
5746
5837
5861
5780
5659
5454
5220
4863
4487
4033
3526
2967
2383
1823
1225
673
138
-327
-775
-1156
-1475
-1768
-2018
-2261
-2466
-2679
-2877
-3083
-3285
-3477
-3656
-3816
-3961
-4073
-4156
-4207
-4219
-4186
-4129
-4045
-3956
-3838
-3735
-3616
-3478
-3303
-3098
-2886
-2587
-2251
-1845
-1424
-919
-384
177
777
1393
2037
2615
3206
3743
4250
4665
5024
5341
5572
5753
5838
5903
5862
5756
5582
5343
5028
4617
4171
3642
3078
2471
1874
1282
695
152
-360
-811
-1226
-1574
-1878
-2142
-2367
-2582
-2772
-2958
-3138
-3320
-3494
-3650
-3800
-3922
-4023
-4087
-4120
-4127
-4089
-4018
-3916
-3814
-3698
-3583
-3478
-3364
-3226
-3049
-2868
-2640
-2349
-1996
-1597
-1146
-624
-71
521
1141
1790
2417
3012
3594
4128
4605
4987
5318
5586
5775
5887
5930
5919
5812
5648
5420
5124
4742
4285
3783
3213
2605
1980
1374
779
211
-307
-776
-1198
-1574
-1887
-2146
-2367
-2560
-2730
-2881
-3033
-3179
-3314
-3439
-3555
-3657
-3732
-3790
-3826
-3837
-3820
-3781
-3717
-3631
-3543
-3461
-3392
-3315
-3225
-3111
-2968
-2799
-2572
-2285
-1925
-1504
-1016
-474
114
741
1387
2035
2656
3255
3816
4329
4771
5139
5437
5658
5803
5863
5849
5757
5588
5363
5074
4720
4298
3820
3283
2693
2074
1450
839
255
-284
-771
-1206
-1589
-1911
-2169
-2373
-2534
-2659
-2762
-2863
-2957
-3048
-3132
-3205
-3267
-3318
-3360
-3390
-3402
-3396
-3374
-3336
-3279
-3217
-3159
-3114
-3080
-3042
-2986
-2898
-2787
-2634
-2422
-2137
-1774
-1341
-841
-282
318
947
1584
2206
2796
3349
3864
4329
4730
5060
5324
5511
5618
5646
5598
5473
5273
5009
4695
4322
3895
3418
2887
2310
1706
1100
512
-49
-562
-1022
-1431
-1780
-2067
-2293
-2461
-2585
-2671
-2736
-2796
-2853
-2909
-2956
-2998
-3033
-3066
-3095
-3114
-3125
-3117
-3095
-3057
-3013
-2967
-2930
-2902
-2887
-2861
-2813
-2739
-2636
-2491
-2284
-2001
-1645
-1222
-732
-189
393
995
1605
2192
2748
3272
3755
4192
4573
4889
5142
5323
5424
5451
5406
5286
5090
4828
4509
4137
3706
3232
2701
2125
1525
926
346
-204
-704
-1155
-1545
-1879
-2154
-2369
-2530
-2648
-2725
-2772
-2809
-2831
-2848
-2855
-2860
-2865
-2873
-2887
-2896
-2901
-2894
-2868
-2829
-2788
-2750
-2718
-2696
-2672
-2639
-2585
-2502
-2398
-2254
-2053
-1786
-1450
-1058
-609
-110
421
975
1542
2093
2621
3120
3582
4000
4356
4648
4883
5048
5144
5170
5126
5016
4834
4588
4280
3913
3489
3017
2496
1933
1344
757
197
-329
-806
-1230
-1589
-1890
-2133
-2320
-2456
-2545
-2596
-2619
-2626
-2621
-2607
-2583
-2561
-2544
-2537
-2551
-2570
-2597
-2621
-2628
-2622
-2603
-2582
-2574
-2568
-2558
-2537
-2486
-2419
-2326
-2199
-2024
-1780
-1471
-1106
-683
-216
285
817
1357
1902
2428
2926
3395
3814
4168
4464
4693
4860
4959
4989
4957
4851
4675
4436
4135
3773
3350
2877
2361
1808
1229
652
104
-411
-875
-1276
-1610
-1882
-2101
-2261
-2367
-2426
-2445
-2438
-2419
-2394
-2372
-2340
-2304
-2280
-2268
-2277
-2301
-2342
-2398
-2439
-2461
-2469
-2463
-2468
-2475
-2482
-2484
-2451
-2394
-2318
-2214
-2065
-1853
-1574
-1241
-849
-405
73
578
1103
1635
2154
2644
3113
3538
3902
4208
4455
4636
4749
4793
4774
4689
4530
4310
4037
3704
3311
2869
2386
1873
1334
790
274
-213
-659
-1047
-1366
-1623
-1834
-1994
-2104
-2172
-2198
-2190
-2165
-2140
-2126
-2116
-2106
-2102
-2110
-2134
-2165
-2215
-2284
-2345
-2388
-2409
-2413
-2416
-2422
-2429
-2435
-2415
-2361
-2285
-2185
-2051
-1865
-1619
-1324
-975
-574
-141
325
814
1310
1800
2269
2714
3125
3483
3794
4052
4251
4382
4445
4447
4387
4266
4089
3864
3577
3236
2844
2409
1945
1455
965
490
42
-364
-727
-1034
-1280
-1480
-1640
-1765
-1857
-1908
-1929
-1924
-1906
-1899
-1904
-1920
-1941
-1969
-2010
-2054
-2095
-2147
-2204
-2249
-2268
-2268
-2269
-2276
-2283
-2292
-2292
-2261
-2195
-2105
-1994
-1841
-1637
-1392
-1111
-783
-408
-7
415
864
1326
1757
2171
2571
2940
3257
3519
3759
3936
4036
4072
4063
4001
3876
3716
3520
3264
2939
2583
2195
1766
1311
861
435
24
-354
-674
-940
-1162
-1345
-1486
-1592
-1671
-1718
-1727
-1715
-1701
-1689
-1696
-1719
-1754
-1795
-1842
-1894
-1941
-1987
-2036
-2074
-2084
-2078
-2084
-2108
-2132
-2157
-2192
-2200
-2169
-2105
-2025
-1906
-1718
-1496
-1245
-952
-595
-217
172
600
1056
1492
1885
2294
2685
3022
3293
3545
3758
3871
3920
3930
3903
3794
3648
3483
3265
2974
2637
2294
1901
1465
1026
618
216
-173
-505
-780
-1003
-1193
-1334
-1433
-1506
-1548
-1555
-1534
-1510
-1483
-1475
-1497
-1541
-1592
-1647
-1717
-1783
-1852
-1928
-2000
-2042
-2062
-2085
-2119
-2154
-2193
-2256
-2303
-2313
-2289
-2247
-2167
-2010
-1812
-1578
-1294
-952
-576
-194
223
674
1127
1546
1969
2389
2766
3084
3363
3611
3775
3869
3918
3921
3855
3734
3595
3409
3157
2857
2532
2171
1763
1341
939
553
176
-164
-452
-695
-891
-1044
-1156
-1247
-1315
-1344
-1363
-1370
-1364
-1360
-1387
-1450
-1525
-1604
-1689
-1777
-1857
-1940
-2031
-2105
-2151
-2179
-2211
-2237
-2258
-2298
-2345
-2372
-2363
-2339
-2287
-2174
-2005
-1794
-1543
-1231
-881
-511
-123
298
740
1160
1580
2002
2402
2753
3058
3333
3544
3691
3785
3840
3832
3766
3668
3539
3350
3099
2818
2491
2123
1721
1324
949
584
244
-59
-312
-532
-709
-839
-947
-1042
-1119
-1174
-1223
-1265
-1299
-1341
-1407
-1506
-1611
-1705
-1797
-1886
-1968
-2042
-2115
-2176
-2213
-2237
-2263
-2295
-2329
-2366
-2403
-2427
-2425
-2399
-2342
-2238
-2075
-1857
-1598
-1289
-941
-561
-159
273
720
1165
1608
2037
2449
2813
3129
3401
3615
3775
3877
3939
3946
3905
3818
3681
3489
3232
2929
2578
2192
1785
1376
986
617
282
-20
-273
-493
-670
-815
-937
-1041
-1129
-1194
-1253
-1303
-1361
-1430
-1520
-1624
-1726
-1821
-1904
-1976
-2044
-2110
-2168
-2213
-2241
-2272
-2315
-2373
-2440
-2510
-2572
-2614
-2632
-2625
-2584
-2484
-2326
-2109
-1833
-1506
-1129
-717
-270
208
704
1195
1685
2162
2609
3010
3356
3650
3878
4055
4176
4253
4274
4241
4153
3999
3785
3497
3165
2786
2378
1952
1523
1118
729
382
63
-211
-456
-663
-833
-986
-1105
-1207
-1277
-1344
-1410
-1485
-1573
-1670
-1781
-1883
-1979
-2060
-2136
-2208
-2274
-2331
-2372
-2406
-2438
-2487
-2547
-2619
-2692
-2751
-2794
-2803
-2788
-2729
-2618
-2447
-2218
-1930
-1581
-1183
-743
-274
221
725
1230
1734
2221
2683
3094
3447
3744
3980
4167
4303
4395
4434
4415
4332
4187
3974
3694
3366
2995
2596
2175
1757
1349
960
601
268
-32
-300
-534
-737
-912
-1056
-1177
-1281
-1375
-1470
-1568
-1677
-1786
-1897
-2004
-2102
-2192
-2275
-2353
-2422
-2477
-2518
-2554
-2587
-2623
-2671
-2728
-2784
-2826
-2847
-2842
-2806
-2729
-2611
-2444
-2218
-1934
-1592
-1198
-767
-308
168
652
1140
1624
2101
2553
2963
3317
3612
3853
4041
4188
4290
4349
4358
4305
4194
4012
3771
3476
3148
2785
2397
1999
1601
1214
839
488
162
-132
-393
-625
-833
-1018
-1180
-1323
-1449
-1568
-1681
-1796
-1911
-2025
-2132
-2226
-2313
-2388
-2458
-2521
-2568
-2605
-2623
-2636
-2645
-2657
-2683
-2711
-2732
-2735
-2715
-2661
-2575
-2460
-2310
-2115
-1866
-1562
-1200
-796
-359
93
552
1014
1474
1934
2380
2800
3179
3503
3769
3978
4138
4253
4327
4354
4336
4264
4127
3933
3679
3379
3043
2676
2285
1884
1480
1085
704
340
5
-300
-571
-816
-1037
-1239
-1420
-1578
-1717
-1840
-1955
-2066
-2177
-2286
-2384
-2468
-2534
-2582
-2621
-2653
-2676
-2686
-2681
-2669
-2652
-2641
-2637
-2640
-2639
-2628
-2589
-2518
-2416
-2287
-2125
-1922
-1671
-1365
-1008
-605
-170
286
747
1206
1658
2102
2531
2936
3308
3626
3891
4097
4245
4341
4388
4393
4355
4268
4132
3936
3683
3378
3033
2655
2253
1840
1423
1009
605
220
-142
-473
-770
-1034
-1275
-1490
-1682
-1853
-1997
-2121
-2228
-2327
-2417
-2504
-2581
-2640
-2679
-2696
-2694
-2683
-2660
-2628
-2579
-2524
-2463
-2410
-2368
-2336
-2306
-2277
-2238
-2173
-2085
-1965
-1820
-1638
-1405
-1126
-797
-425
-18
416
863
1314
1757
2183
2591
2969
3309
3605
3846
4031
4161
4234
4257
4237
4179
4083
3944
3749
3500
3194
2839
2448
2031
1601
1167
734
309
-96
-482
-835
-1147
-1418
-1652
-1855
-2028
-2173
-2288
-2372
-2432
-2474
-2505
-2520
-2526
-2515
-2483
-2434
-2366
-2286
-2200
-2111
-2020
-1928
-1840
-1761
-1694
-1647
-1614
-1592
-1577
-1553
-1516
-1460
-1381
-1269
-1113
-913
-671
-390
-67
281
652
1038
1431
1819
2191
2538
2858
3137
3370
3559
3702
3796
3841
3845
3812
3738
3620
3456
3240
2964
2634
2266
1870
1450
1021
588
164
-250
-639
-993
-1305
-1570
-1793
-1974
-2127
-2245
-2334
-2389
-2418
-2427
-2417
-2392
-2345
-2283
-2199
-2097
-1985
-1866
-1749
-1636
-1534
-1436
-1345
-1263
-1198
-1157
-1138
-1144
-1168
-1201
-1231
-1253
-1260
-1237
-1183
-1088
-951
-771
-543
-278
22
353
710
1077
1447
1816
2172
2503
2803
3069
3296
3477
3608
3698
3744
3740
3686
3575
3408
3180
2897
2568
2201
1802
1383
953
522
102
-296
-660
-982
-1258
-1493
-1692
-1852
-1979
-2074
-2135
-2170
-2180
-2171
-2139
-2083
-2006
-1906
-1788
-1662
-1538
-1419
-1311
-1216
-1133
-1059
-997
-954
-939
-959
-1006
-1080
-1179
-1287
-1390
-1486
-1564
-1614
-1625
-1588
-1503
-1364
-1161
-904
-602
-260
115
515
926
1345
1763
2163
2536
2867
3156
3394
3579
3711
3792
3813
3771
3667
3501
3275
2992
2664
2296
1901
1481
1056
634
231
-148
-492
-798
-1070
-1306
-1503
-1660
-1779
-1857
-1901
-1915
-1907
-1877
-1826
-1749
-1651
-1541
-1418
-1295
-1175
-1067
-970
-886
-823
-770
-743
-744
-781
-856
-965
-1103
-1258
-1424
-1584
-1729
-1852
-1948
-1998
-1989
-1915
-1775
-1568
-1298
-979
-622
-229
189
620
1056
1488
1902
2281
2615
2900
3142
3319
3443
3521
3550
3525
3444
3304
3106
2851
2547
2210
1845
1463
1073
689
318
-34
-367
-665
-926
-1151
-1333
-1469
-1559
-1608
-1620
-1607
-1575
-1525
-1459
-1375
-1276
-1172
-1067
-960
-855
-759
-677
-616
-577
-562
-575
-620
-697
-803
-946
-1117
-1311
-1514
-1710
-1884
-2034
-2154
-2223
-2224
-2145
-1991
-1772
-1492
-1160
-784
-378
50
488
928
1358
1769
2149
2481
2770
3015
3210
3349
3435
3482
3488
3447
3354
3204
2994
2729
2421
2078
1711
1326
939
552
177
-172
-492
-769
-1000
-1180
-1314
-1404
-1453
-1471
-1459
-1428
-1380
-1316
-1239
-1156
-1072
-991
-916
-846
-778
-723
-686
-667
-675
-708
-769
-861
-977
-1118
-1290
-1491
-1717
-1947
-2154
-2337
-2488
-2601
-2648
-2613
-2494
-2297
-2032
-1706
-1332
-910
-460
7
478
950
1409
1848
2247
2601
2916
3188
3411
3572
3675
3733
3749
3722
3640
3494
3283
3013
2693
2334
1944
1532
1121
717
335
-16
-326
-587
-803
-963
-1077
-1151
-1194
-1205
-1188
-1150
-1093
-1023
-946
-877
-817
-767
-729
-698
-674
-663
-669
-690
-736
-813
-919
-1053
-1213
-1391
-1595
-1825
-2076
-2331
-2564
-2767
-2937
-3067
-3125
-3097
-2975
-2768
-2487
-2137
-1731
-1277
-787
-276
239
754
1260
1743
2188
2584
2941
3253
3512
3704
3836
3916
3948
3930
3852
3711
3503
3238
2929
2578
2193
1786
1379
983
608
266
-35
-284
-488
-645
-757
-835
-887
-915
-915
-894
-859
-817
-777
-747
-729
-721
-722
-730
-748
-774
-817
-877
-963
-1075
-1215
-1377
-1551
-1738
-1936
-2145
-2367
-2586
-2783
-2949
-3079
-3163
-3188
-3131
-2995
-2771
-2477
-2118
-1703
-1250
-759
-252
259
764
1262
1737
2183
2586
2943
3258
3514
3717
3859
3951
3993
3981
3911
3780
3589
3351
3071
2754
2404
2030
1650
1273
909
561
246
-31
-265
-455
-603
-716
-802
-862
-897
-913
-917
-920
-924
-933
-951
-970
-997
-1026
-1058
-1095
-1143
-1203
-1285
-1393
-1527
-1683
-1850
-2027
-2204
-2383
-2563
-2736
-2897
-3028
-3123
-3170
-3172
-3109
-2979
-2780
-2509
-2170
-1771
-1327
-841
-329
194
716
1218
1707
2169
2601
2993
3340
3633
3867
4048
4172
4248
4263
4222
4123
3964
3755
3497
3199
2861
2497
2111
1718
1329
948
585
249
-54
-318
-540
-719
-863
-968
-1044
-1094
-1126
-1146
-1161
-1177
-1198
-1221
-1246
-1273
-1303
-1338
-1374
-1418
-1469
-1535
-1620
-1726
-1854
-1998
-2153
-2313
-2473
-2628
-2774
-2907
-3016
-3089
-3118
-3101
-3024
-2890
-2691
-2423
-2089
-1699
-1256
-768
-249
292
827
1349
1845
2314
2745
3143
3495
3795
4041
4226
4353
4418
4431
4382
4276
4114
3903
3639
3331
2988
2609
2209
1793
1381
978
595
241
-84
-371
-618
-827
-994
-1118
-1213
-1274
-1313
-1336
-1350
-1365
-1376
-1399
-1424
-1458
-1492
-1530
-1580
-1632
-1693
-1759
-1841
-1932
-2037
-2154
-2279
-2413
-2544
-2674
-2794
-2903
-2987
-3041
-3056
-3022
-2939
-2794
-2589
-2317
-1984
-1592
-1146
-661
-136
403
951
1484
1990
2461
2894
3287
3632
3929
4171
4358
4479
4543
4546
4490
4378
4213
3997
3736
3432
3088
2714
2310
1895
1476
1066
676
316
-11
-301
-558
-776
-958
-1105
-1213
-1295
-1353
-1400
-1439
-1471
-1501
-1533
-1568
-1607
-1654
-1705
-1765
-1833
-1907
-1987
-2071
-2161
-2254
-2353
-2458
-2564
-2669
-2768
-2861
-2938
-2997
-3029
-3028
-2986
-2893
-2747
-2538
-2272
-1946
-1569
-1145
-675
-176
349
881
1410
1917
2392
2831
3224
3573
3869
4113
4300
4428
4497
4509
4465
4365
4215
4017
3775
3489
3166
2808
2427
2030
1631
1240
868
518
196
-89
-344
-563
-753
-906
-1033
-1137
-1225
-1306
-1378
-1443
-1499
-1550
-1595
-1641
-1687
-1736
-1791
-1847
-1908
-1972
-2038
-2104
-2172
-2245
-2321
-2402
-2485
-2568
-2642
-2710
-2767
-2804
-2819
-2802
-2746
-2639
-2478
-2262
-1992
-1674
-1311
-912
-476
-18
459
945
1423
1888
2324
2729
3091
3408
3677
3896
4064
4181
4246
4262
4226
4139
4004
3816
3583
3309
2996
2656
2297
1928
1558
1195
841
502
189
-101
-360
-590
-787
-961
-1117
-1258
-1389
-1504
-1603
-1688
-1757
-1812
-1859
-1893
-1918
-1939
-1952
-1965
-1973
-1980
-1984
-1984
-1986
-1991
-2008
-2034
-2070
-2108
-2150
-2194
-2231
-2261
-2276
-2271
-2236
-2160
-2040
-1878
-1675
-1436
-1161
-852
-513
-148
243
651
1066
1479
1878
2258
2613
2939
3232
3492
3714
3898
4036
4131
4176
4168
4104
3985
3812
3590
3323
3021
2688
2329
1953
1566
1174
787
410
55
-277
-584
-867
-1128
-1368
-1579
-1767
-1925
-2057
-2160
-2239
-2292
-2322
-2328
-2309
-2272
-2224
-2170
-2110
-2043
-1969
-1893
-1820
-1760
-1717
-1691
-1683
-1692
-1714
-1747
-1790
-1837
-1880
-1911
-1919
-1902
-1853
-1775
-1662
-1515
-1335
-1110
-843
-536
-193
176
565
962
1360
1755
2143
2520
2880
3217
3523
3788
4006
4173
4290
4353
4356
4300
4181
4003
3770
3483
3152
2782
2383
1958
1519
1075
634
212
-188
-564
-909
-1228
-1515
-1769
-1985
-2165
-2305
-2407
-2474
-2507
-2509
-2478
-2420
-2336
-2238
-2129
-2016
-1899
-1779
-1669
-1565
-1478
-1410
-1365
-1343
-1343
-1366
-1405
-1461
-1533
-1610
-1685
-1746
-1790
-1817
-1814
-1783
-1716
-1605
-1447
-1231
-965
-656
-308
64
455
857
1269
1685
2097
2499
2882
3234
3547
3808
4015
4171
4272
4317
4304
4224
4081
3874
3608
3292
2933
2540
2118
1679
1225
772
329
-95
-488
-847
-1172
-1468
-1727
-1948
-2134
-2278
-2378
-2439
-2459
-2446
-2401
-2324
-2222
-2101
-1967
-1828
-1690
-1560
-1441
-1338
-1248
-1179
-1132
-1104
-1100
-1116
-1148
-1199
-1259
-1328
-1401
-1469
-1531
-1585
-1624
-1640
-1628
-1579
-1487
-1348
-1157
-918
-638
-322
26
396
785
1185
1588
1985
2371
2739
3074
3366
3610
3796
3927
4006
4031
3996
3902
3743
3525
3251
2933
2580
2199
1795
1374
945
520
108
-278
-632
-955
-1242
-1495
-1718
-1902
-2047
-2150
-2214
-2239
-2228
-2184
-2108
-2008
-1885
-1752
-1615
-1484
-1363
-1254
-1165
-1096
-1045
-1018
-1011
-1023
-1052
-1097
-1150
-1209
-1273
-1336
-1394
-1446
-1484
-1507
-1515
-1504
-1468
-1403
-1304
-1163
-982
-763
-509
-226
85
422
771
1130
1492
1842
2179
2496
2784
3033
3236
3385
3485
3533
3532
3484
3385
3236
3036
2796
2520
2219
1895
1550
1193
829
470
126
-196
-493
-762
-1002
-1212
-1392
-1540
-1653
-1735
-1785
-1807
-1802
-1771
-1717
-1644
-1559
-1470
-1377
-1287
-1199
-1115
-1041
-978
-935
-909
-904
-914
-939
-977
-1019
-1067
-1116
-1164
-1206
-1245
-1277
-1301
-1313
-1307
-1287
-1237
-1164
-1062
-931
-778
-598
-392
-157
101
378
667
963
1254
1535
1805
2056
2279
2472
2635
2757
2845
2897
2907
2871
2792
2672
2514
2326
2113
1878
1626
1365
1091
815
541
269
5
-247
-480
-693
-880
-1039
-1168
-1268
-1334
-1379
-1398
-1396
-1380
-1348
-1307
-1260
-1206
-1151
-1097
-1047
-1003
-965
-930
-899
-866
-836
-815
-801
-798
-809
-833
-866
-905
-950
-994
-1037
-1074
-1103
-1123
-1128
-1125
-1104
-1060
-992
-898
-779
-630
-464
-280
-84
131
362
604
857
1109
1356
1587
1799
1988
2152
2288
2395
2473
2519
2537
2519
2471
2387
2261
2098
1904
1687
1449
1206
960
714
477
241
13
-206
-412
-607
-779
-928
-1054
-1151
-1224
-1265
-1281
-1275
-1249
-1209
-1161
-1103
-1040
-973
-902
-832
-765
-709
-663
-630
-608
-592
-584
-582
-590
-607
-639
-683
-740
-803
-870
-938
-1003
-1061
-1109
-1146
-1168
-1173
-1158
-1120
-1054
-963
-842
-692
-516
-324
-114
108
340
583
830
1081
1322
1550
1753
1932
2082
2199
2289
2343
2369
2363
2327
2263
2168
2039
1878
1689
1468
1234
987
745
511
287
79
-118
-301
-472
-624
-759
-874
-964
-1033
-1078
-1101
-1102
-1079
-1037
-984
-922
-860
-792
-727
-664
-602
-548
-503
-472
-458
-458
-474
-502
-542
-590
-650
-719
-793
-873
-955
-1033
-1107
-1172
-1223
-1259
-1276
-1277
-1253
-1206
-1133
-1033
-910
-763
-592
-403
-198
21
246
478
713
945
1171
1383
1578
1751
1896
2012
2098
2155
2180
2176
2144
2085
2002
1897
1771
1624
1456
1270
1071
864
661
465
277
105
-52
-195
-322
-434
-528
-607
-666
-710
-741
-756
-759
-752
-731
-703
-672
-641
-611
-587
-567
-557
-557
-566
-587
-616
-659
-709
-772
-842
-917
-997
-1078
-1159
-1235
-1299
-1355
-1398
-1426
-1439
-1434
-1403
-1352
-1274
-1173
-1050
-905
-742
-559
-368
-161
51
271
494
715
930
1137
1331
1509
1668
1804
1917
2000
2057
2087
2089
2067
2021
1953
1865
1762
1641
1507
1364
1209
1049
889
731
578
430
292
163
46
-59
-152
-231
-299
-358
-410
-459
-501
-537
-570
-596
-624
-647
-672
-699
-729
-760
-798
-843
-894
-949
-1003
-1062
-1120
-1176
-1235
-1298
-1356
-1414
-1466
-1505
-1534
-1546
-1546
-1532
-1503
-1457
-1391
-1304
-1198
-1073
-929
-766
-592
-404
-205
2
219
442
666
884
1099
1303
1494
1670
1827
1961
2073
2159
2215
2245
2250
2229
2183
2114
2022
1911
1783
1641
1485
1320
1151
976
807
639
479
325
179
44
-80
-192
-297
-389
-472
-550
-619
-682
-737
-783
-827
-862
-895
-926
-955
-982
-1012
-1044
-1082
-1124
-1166
-1209
-1251
-1289
-1332
-1370
-1410
-1453
-1495
-1532
-1560
-1574
-1573
-1558
-1526
-1479
-1415
-1332
-1231
-1109
-965
-803
-629
-439
-234
-19
209
443
683
928
1168
1399
1618
1825
2009
2172
2311
2421
2500
2548
2563
2548
2503
2426
2321
2189
2031
1854
1659
1455
1239
1020
798
580
368
167
-18
-189
-345
-484
-607
-715
-811
-893
-965
-1026
-1072
-1107
-1128
-1138
-1140
-1134
-1121
-1105
-1088
-1070
-1054
-1042
-1041
-1046
-1059
-1080
-1107
-1138
-1172
-1209
-1247
-1291
-1340
-1385
-1421
-1443
-1449
-1435
-1404
-1353
-1280
-1184
-1067
-924
-759
-574
-374
-156
79
326
580
841
1103
1360
1609
1844
2061
2257
2429
2569
2676
2746
2779
2776
2740
2668
2564
2425
2254
2055
1830
1587
1333
1070
802
536
273
17
-226
-448
-643
-815
-964
-1089
-1190
-1274
-1339
-1385
-1418
-1430
-1424
-1403
-1365
-1316
-1258
-1194
-1124
-1051
-978
-908
-842
-788
-747
-726
-721
-731
-753
-783
-821
-861
-910
-963
-1021
-1077
-1127
-1162
-1180
-1179
-1158
-1115
-1048
-957
-839
-698
-534
-350
-150
69
298
544
795
1046
1293
1528
1750
1956
2140
2303
2440
2545
2614
2643
2638
2601
2532
2430
2297
2131
1935
1715
1471
1212
945
672
400
132
-131
-383
-619
-830
-1015
-1172
-1299
-1398
-1476
-1531
-1567
-1584
-1581
-1553
-1508
-1446
-1367
-1284
-1193
-1101
-1003
-904
-804
-707
-620
-546
-490
-456
-440
-441
-451
-469
-495
-529
-573
-622
-678
-729
-770
-800
-815
-817
-805
-774
-724
-653
-558
-443
-308
-158
3
183
377
582
794
1004
1203
1385
1551
1700
1831
1947
2042
2110
2147
2150
2123
2069
1992
1889
1760
1605
1427
1227
1014
792
570
347
127
-85
-291
-486
-663
-818
-948
-1048
-1125
-1177
-1212
-1230
-1235
-1221
-1189
-1140
-1075
-998
-918
-839
-763
-687
-615
-541
-470
-405
-350
-310
-288
-284
-296
-318
-350
-386
-427
-474
-526
-583
-634
-683
-720
-746
-760
-766
-764
-752
-726
-682
-620
-537
-440
-327
-198
-57
105
277
459
639
804
957
1096
1224
1341
1446
1541
1614
1662
1682
1677
1650
1603
1540
1454
1348
1222
1079
925
766
607
452
298
147
3
-133
-254
-360
-447
-512
-562
-595
-617
-632
-636
-631
-616
-591
-553
-510
-467
-429
-394
-367
-343
-325
-312
-300
-297
-305
-326
-361
-409
-467
-525
-584
-647
-707
-767
-825
-875
-923
-956
-977
-990
-994
-987
-976
-952
-916
-863
-792
-700
-592
-468
-327
-172
-3
172
343
509
665
812
951
1083
1204
1315
1411
1483
1534
1560
1566
1554
1523
1474
1406
1318
1217
1106
986
862
737
611
486
362
244
135
37
-51
-126
-185
-235
-275
-309
-336
-360
-376
-382
-378
-369
-357
-347
-339
-336
-339
-344
-353
-365
-382
-408
-445
-491
-545
-608
-673
-738
-800
-860
-919
-972
-1024
-1069
-1101
-1127
-1137
-1136
-1125
-1109
-1082
-1042
-986
-911
-818
-705
-578
-435
-284
-120
45
210
374
530
682
826
962
1087
1204
1308
1396
1466
1517
1546
1556
1544
1517
1474
1418
1349
1271
1187
1093
998
896
793
689
586
484
388
299
215
141
75
15
-40
-92
-140
-185
-227
-263
-294
-324
-352
-383
-414
-448
-485
-523
-562
-605
-653
-707
-765
-827
-894
-961
-1022
-1083
-1139
-1190
-1238
-1280
-1316
-1340
-1353
-1354
-1344
-1322
-1289
-1243
-1184
-1110
-1018
-911
-784
-645
-494
-332
-165
11
189
367
544
716
883
1039
1187
1324
1447
1556
1651
1725
1777
1809
1819
1809
1782
1739
1680
1609
1527
1433
1334
1227
1114
998
878
755
636
520
411
306
210
120
35
-46
-121
-192
-256
-318
-379
-434
-489
-540
-589
-636
-683
-732
-780
-829
-882
-938
-994
-1053
-1111
-1170
-1225
-1279
-1328
-1372
-1412
-1444
-1472
-1491
-1498
-1499
-1487
-1464
-1428
-1376
-1311
-1230
-1136
-1026
-902
-765
-616
-456
-287
-111
71
258
444
635
821
1002
1174
1337
1486
1621
1741
1844
1929
1992
2035
2055
2053
2034
1991
1931
1855
1763
1658
1540
1414
1282
1142
998
850
708
566
427
297
171
52
-62
-165
-263
-355
-438
-516
-588
-658
-724
-784
-838
-889
-937
-983
-1027
-1072
-1111
-1152
-1190
-1226
-1263
-1296
-1328
-1355
-1381
-1398
-1406
-1410
-1404
-1397
-1379
-1356
-1323
-1278
-1225
-1158
-1084
-997
-899
-791
-669
-542
-402
-256
-108
50
205
369
525
684
844
994
1142
1277
1403
1519
1615
1707
1776
1832
1874
1888
1896
1879
1852
1807
1747
1675
1588
1497
1393
1280
1166
1039
915
783
655
523
392
270
142
20
-95
-211
-320
-424
-523
-622
-713
-794
-881
-961
-1033
-1103
-1167
-1221
-1276
-1323
-1363
-1395
-1423
-1445
-1453
-1464
-1461
-1451
-1437
-1408
-1375
-1328
-1282
-1228
-1158
-1097
-1016
-935
-847
-748
-648
-531
-421
-301
-175
-57
76
197
327
448
567
690
793
914
1013
1108
1203
1276
1359
1416
1476
1522
1549
1581
1583
1587
1571
1544
1520
1465
1420
1360
1291
1223
1137
1060
956
864
761
645
542
424
311
196
80
-26
-151
-248
-363
-470
-562
-670
-762
-859
-944
-1028
-1109
-1172
-1248
-1301
-1351
-1396
-1426
-1448
-1466
-1478
-1467
-1455
-1435
-1399
-1362
-1320
-1267
-1195
-1138
-1063
-977
-901
-806
-708
-599
-505
-387
-266
-168
-38
77
181
294
401
515
599
714
800
876
974
1044
1114
1174
1239
1285
1313
1370
1373
1386
1399
1388
1379
1355
1339
1292
1253
1229
1155
1105
1040
957
878
791
710
597
505
412
294
200
101
-7
-114
-210
-304
-420
-504
-601
-701
-786
-865
-945
-1026
-1082
-1141
-1203
-1233
-1275
-1304
-1327
-1334
-1335
-1342
-1311
-1298
-1276
-1230
-1191
-1137
-1088
-1019
-949
-885
-793
-716
-624
-529
-433
-326
-235
-122
-26
67
176
264
368
446
542
627
691
787
845
912
975
1020
1085
1095
1156
1165
1172
1205
1186
1199
1175
1159
1155
1081
1096
1017
973
935
846
812
715
657
591
478
447
329
264
190
85
32
-77
-135
-219
-309
-358
-453
-511
-567
-646
-680
-753
-783
-827
-874
-892
-929
-949
-953
-973
-963
-974
-960
-944
-934
-895
-876
-841
-798
-764
-710
-668
-611
-553
-502
-430
-377
-311
-247
-185
-119
-55
10
73
131
192
248
305
359
409
458
503
544
583
622
650
679
701
721
737
749
757
758
756
757
744
734
714
694
672
645
616
583
546
511
468
428
383
337
291
244
197
145
96
43
-4
-52
-100
-146
-196
-244
-285
-328
-366
-411
-446
-480
-512
-538
-565
-587
-609
-625
-635
-644
-648
-650
-646
-640
-630
-621
-607
-587
-565
-541
-514
-488
-456
-425
-388
-350
-310
-271
-231
-185
-142
-96
-52
-8
37
80
126
171
212
256
295
335
372
410
442
471
497
525
549
569
585
595
605
614
618
616
611
601
593
580
563
541
517
489
460
433
400
364
327
288
248
208
164
116
72
24
-19
-67
-115
-162
-205
-248
-292
-333
-374
-412
-449
-478
-509
-537
-561
-581
-597
-613
-625
-633
-639
-641
-637
-632
-624
-613
-597
-574
-552
-529
-500
-470
-435
-396
-356
-315
-273
-229
-183
-132
-83
-33
18
65
116
169
220
269
313
358
404
448
489
525
557
587
617
643
664
680
692
701
707
709
707
699
685
668
649
627
601
571
533
497
458
417
372
323
273
221
172
120
65
11
-46
-98
-147
-200
-253
-303
-351
-397
-438
-478
-516
-551
-584
-612
-638
-659
-676
-692
-703
-709
-711
-708
-701
-691
-680
-664
-643
-620
-592
-562
-529
-491
-452
-407
-359
-314
-264
-215
-163
-108
-53
2
57
112
168
225
279
331
379
425
469
512
549
585
615
641
666
687
703
712
717
718
716
707
693
675
653
628
602
569
533
493
453
410
363
314
263
215
165
116
65
12
-39
-89
-137
-186
-234
-279
-322
-361
-397
-434
-467
-497
-523
-545
-565
-584
-598
-606
-610
-612
-612
-611
-606
-598
-586
-570
-550
-528
-500
-471
-437
-402
-368
-330
-290
-246
-200
-153
-107
-63
-12
37
86
133
180
225
266
310
346
381
413
442
466
487
508
525
536
544
548
547
540
531
518
501
483
462
438
413
386
351
318
285
249
212
179
143
105
68
35
5
-27
-59
-90
-124
-155
-182
-208
-235
-261
-285
-306
-324
-342
-360
-376
-390
-399
-405
-412
-417
-422
-424
-422
-418
-412
-404
-392
-378
-362
-343
-322
-303
-280
-253
-226
-194
-166
-133
-101
-66
-31
3
39
73
108
140
172
203
229
258
283
306
329
349
368
387
399
409
417
418
421
421
420
416
409
402
390
377
361
342
322
302
282
262
239
212
186
161
133
105
73
44
16
-14
-39
-65
-92
-118
-145
-169
-191
-215
-238
-260
-278
-293
-308
-324
-337
-350
-360
-368
-374
-378
-378
-379
-375
-370
-365
-358
-347
-335
-321
-303
-288
-267
-246
-224
-200
-177
-150
-126
-99
-71
-45
-19
7
34
61
86
109
133
157
179
201
222
239
254
270
286
299
309
317
323
331
334
336
336
334
331
326
323
313
301
289
276
264
251
235
214
194
174
156
136
116
95
73
53
33
9
-13
-40
-63
-82
-102
-121
-141
-162
-181
-198
-214
-231
-246
-256
-265
-273
-280
-287
-298
-303
-304
-302
-300
-298
-295
-289
-278
-267
-257
-247
-235
-217
-198
-179
-163
-145
-126
-105
-83
-60
-39
-19
3
24
49
69
88
107
125
145
163
179
193
205
217
226
237
247
254
259
263
264
264
264
258
252
246
241
233
226
214
199
186
171
156
142
128
115
96
76
58
38
20
1
-17
-32
-47
-61
-76
-94
-110
-125
-142
-152
-160
-171
-182
-192
-204
-212
-219
-223
-225
-229
-230
-230
-228
-224
-219
-216
-211
-202
-190
-179
-169
-157
-146
-132
-117
-101
-86
-71
-55
-37
-18
-2
15
30
43
58
77
92
106
120
130
142
154
166
174
182
188
196
204
208
210
209
208
209
209
210
205
198
190
183
174
168
160
150
139
126
113
100
88
71
56
42
29
16
2
-15
-30
-48
-62
-74
-83
-97
-110
-123
-136
-146
-153
-161
-169
-175
-181
-183
-187
-189
-190
-189
-188
-184
-179
-174
-170
-166
-159
-151
-140
-129
-119
-107
-96
-85
-73
-60
-49
-37
-24
-12
0
14
27
37
48
58
69
79
89
97
104
110
118
125
131
136
139
143
144
148
147
146
143
140
138
134
132
126
122
116
108
103
97
88
78
70
61
52
42
35
24
13
3
-6
-13
-21
-32
-40
-48
-54
-62
-67
-75
-80
-84
-88
-90
-96
-97
-100
-101
-99
-98
-100
-97
-95
-95
-92
-89
-85
-80
-74
-68
-63
-60
-54
-48
-42
-37
-33
-24
-17
-11
-4
0
5
11
18
22
27
31
35
38
42
45
45
48
46
47
48
48
48
48
48
47
46
46
42
39
38
35
33
31
28
23
20
20
16
12
9
4
1
0
-1
-3
-4
-9
-11
-11
-12
-12
-13
-12
-13
-13
-13
-13
-14
-14
-12
-11
-12
-11
-12
-13
-12
-11
-9
-10
-9
-8
-6
-5
-5
-4
-3
-4
-4
-3
-1
0
1
0
1
2
2
3
4
4
6
5
6
6
6
5
6
7
8
8
6
8
9
10
10
8
6
5
3
4
5
3
3
4
2
3
2
1
0
-1
1
0
0
0
0
-3
-3
-3
-2
-3
-2
-3
-5
-6
-7
-7
-5
-2
-3
-2
-2
-2
-4
-4
-5
-5
-6
-6
-5
-5
-4
-6
-5
-3
-1
-1
-2
-1
-3
-5
-6
-4
-2
2
2
2
1
0
-1
0
-1
2
5
6
7
6
3
2
1
1
1
4
5
7
6
6
4
3
2
3
4
7
7
5
4
2
1
0
1
3
3
4
1
-2
-1
-3
-2
1
2
3
1
0
-1
-3
-2
-2
-1
-2
-2
-3
-4
-3
-3
-3
-2
-3
-3
-4
-3
-2
0
1
2
3
-4
-6
-7
-9
-6
-4
-3
1
4
3
4
0
-2
-6
-8
-6
-4
0
4
8
8
6
1
-5
-8
-8
-2
4
9
10
8
3
-3
-6
-6
-4
0
4
8
9
5
1
-2
-1
0
3
4
3
1
1
0
0
-3
-2
-2
-3
-1
-1
-2
-1
-1
-1
-2
-4
-5
-3
0
3
4
1
-1
-3
-5
-5
-4
2
4
3
-1
-3
-7
-5
-5
-2
4
7
6
2
-3
-8
-11
-10
-4
0
4
5
2
1
-2
-4
-4
-3
-2
-2
2
3
5
7
6
5
1
-2
-3
-4
-1
3
7
9
8
7
2
-1
-4
-3
3
6
11
12
9
6
1
0
2
3
7
7
5
5
2
1
-2
-3
-1
1
0
2
4
3
1
-2
-3
-4
-5
-1
2
4
5
0
-3
-4
-4
-4
1
3
5
3
-3
-5
-4
-5
-3
0
2
2
0
-3
-7
-8
-8
-6
-2
2
2
1
-2
-5
-5
-5
-4
-2
-2
-1
-1
-1
-2
0
1
-1
-1
0
-1
-2
-2
-1
1
3
4
3
1
-2
-4
-3
-1
2
3
4
1
-2
-3
-2
-1
0
0
2
2
0
0
-3
-3
-3
-1
-2
-1
-1
-1
-2
-3
-2
-5
-5
-6
-3
-1
-2
0
-3
-2
-3
-2
-3
-2
1
0
-1
-3
-2
-1
0
1
1
2
0
1
-1
-1
-1
-2
0
1
1
0
0
1
1
0
2
2
4
3
3
4
3
1
3
3
4
5
4
4
4
2
3
3
4
3
3
2
4
5
5
5
2
2
1
3
4
6
2
0
1
1
3
3
2
0
0
2
1
1
2
1
1
0
0
1
0
-1
-2
-1
0
0
-2
-2
-1
0
0
0
1
0
-2
-3
-3
-3
-1
1
0
-1
-2
-2
-2
-1
-1
-2
-1
0
0
-1
-2
-2
-2
-1
1
0
1
-1
0
0
1
0
-1
-1
-2
-1
-1
-1
0
0
0
1
1
1
-2
-2
-1
0
-1
-3
-2
-4
-5
-3
-3
-5
-6
-4
-1
0
-1
-2
-4
-3
-1
-1
1
0
-1
3
2
0
-1
-3
-2
-2
2
0
-1
-3
-2
-1
-2
1
-2
-3
-2
0
2
3
-1
-2
-1
0
-1
-1
-3
-4
-1
1
6
6
5
3
2
1
1
-1
1
4
6
9
8
5
0
-2
-4
-1
3
4
5
5
3
3
3
2
0
1
1
2
3
2
1
1
2
2
5
5
1
-1
-3
-3
-1
-3
-3
-2
0
4
5
3
-2
-3
-5
-4
-1
0
0
0
0
1
0
-3
-3
-5
-4
-1
1
2
1
1
0
-1
1
0
0
0
2
5
4
2
-3
-4
-2
2
4
4
5
4
5
6
2
-2
-5
-6
-3
-2
-4
-6
-4
0
3
6
1
-3
0
3
5
2
-1
-3
-2
-1
-2
-7
-10
-7
-2
3
4
1
-1
-1
1
1
2
0
0
3
3
1
-3
-6
-7
-3
-1
0
-1
-1
1
2
1
2
-2
-4
-4
-2
-1
-1
-2
-3
-1
-1
-2
-5
-5
-5
-5
0
4
6
6
6
4
1
-2
-5
-5
0
3
6
8
8
5
1
-4
-5
-2
-2
0
1
1
2
3
2
2
0
-1
0
-2
-2
-3
-2
-2
2
6
8
10
10
3
0
-3
-6
-6
-5
-5
-3
1
1
-1
-5
-11
-11
-7
-3
6
9
9
8
9
8
5
3
-2
-7
-10
-13
-14
-12
-11
-6
1
7
10
11
10
6
5
2
1
-1
0
5
10
11
8
1
-6
-11
-11
-8
-4
2
8
9
8
2
-4
-9
-9
-2
3
5
6
6
5
0
-5
-7
-6
0
7
9
9
2
-5
-8
-10
-11
-9
-7
-1
4
9
9
6
1
-3
-6
-7
-2
2
8
11
9
2
-5
-9
-6
1
8
11
8
2
-8
-13
-17
-15
-9
-3
1
3
3
2
1
1
3
5
5
5
1
-1
-7
-12
-12
-10
-5
2
8
13
16
17
12
5
-4
-10
-12
-10
-8
-5
-1
5
9
12
12
8
4
-1
-5
-8
-10
-12
-9
-5
-1
1
-2
-3
-5
-5
-2
4
8
16
21
25
26
18
7
-11
-29
-39
-42
-36
-19
-1
15
24
28
22
10
-1
-11
-13
-8
-1
9
19
19
14
4
-11
-24
-31
-26
-14
4
19
26
24
15
4
-9
-13
-13
-9
2
8
12
9
1
-12
-20
-21
-14
0
14
26
30
26
12
-2
-17
-21
-22
-17
-8
-2
2
6
5
0
-7
-10
-8
1
14
23
26
23
11
0
-7
-9
-2
4
8
8
-1
-14
-26
-27
-23
-13
0
10
16
19
18
11
5
1
-1
0
0
-1
-5
-10
-13
-14
-15
-9
-4
4
10
15
19
19
15
7
-3
-11
-17
-15
-11
-6
2
6
11
13
11
5
2
-4
-8
-11
-10
-9
-7
-2
0
-1
-2
-4
-4
-3
1
7
9
13
17
18
15
8
-3
-16
-26
-33
-28
-17
-1
9
19
21
18
10
-1
-8
-11
-8
-1
7
12
10
3
-6
-14
-17
-14
-8
1
7
12
13
10
7
4
1
-2
-8
-7
-4
4
10
11
4
-9
-21
-24
-19
-5
10
19
22
19
10
4
1
0
-1
-6
-13
-18
-18
-14
-5
4
4
0
-5
-3
5
14
20
21
14
4
-7
-10
-8
-3
2
2
-1
-7
-11
-10
-5
0
4
6
4
3
3
3
3
4
6
3
-1
-5
-3
-1
3
4
2
-1
-5
-3
0
4
6
3
-1
-3
-2
-2
-3
-3
-2
2
3
5
1
-2
-4
-3
1
7
9
3
-5
-12
-12
-4
7
14
13
5
-5
-11
-7
3
12
14
5
-11
-22
-18
-6
12
23
18
4
-11
-15
-8
7
15
14
2
-16
-25
-20
-4
14
23
20
7
-8
-15
-9
3
9
9
-2
-14
-18
-14
0
12
16
10
0
-7
-8
-3
4
7
4
-2
-7
-9
-6
0
4
7
4
0
-1
1
3
6
6
2
-3
-6
-5
-1
-1
-1
-2
-4
-4
-1
3
5
4
0
-4
-6
-5
-1
3
4
2
0
-1
-2
-2
0
-1
1
1
3
2
1
1
3
6
6
4
0
-2
1
2
4
2
-5
-9
-12
-10
-6
-3
2
5
6
5
6
7
9
13
10
1
-10
-18
-20
-13
-5
2
1
-1
-2
1
7
13
14
9
0
-8
-11
-9
-3
1
4
2
-1
-3
-3
0
2
3
1
-2
-4
-2
2
7
5
3
-4
-9
-8
-4
4
7
8
3
-2
-3
0
2
4
3
-2
-11
-12
-6
2
9
11
9
3
-2
-2
-1
2
0
-6
-10
-10
-4
