SAMPLES:	21025
BITSPERSAMPLE:	16
CHANNELS:	1
SAMPLERATE:	16000
NORMALIZED:	FALSE
-2
-2
-4
-3
-4
-4
-3
-2
-2
-4
-2
-3
-2
-1
-3
-2
-1
-1
-2
-2
-2
0
0
1
2
1
1
1
1
2
3
2
2
4
5
4
2
0
3
2
5
3
2
2
-1
1
-2
0
-2
-3
0
-3
-1
-3
1
-1
-1
-1
-1
2
1
3
0
-1
-1
0
0
-1
0
1
-1
1
2
-1
-1
-1
2
3
2
3
1
2
2
2
1
-2
-1
0
2
0
-2
-4
-5
-2
-2
-2
-5
-4
-3
-2
-1
-4
-2
-2
0
0
2
1
-2
-1
-2
-1
-3
-2
-1
-1
-1
0
3
2
4
3
2
2
3
5
6
6
5
5
3
3
4
3
3
1
1
0
2
1
-1
0
0
0
1
3
0
2
2
2
2
2
1
1
0
-1
-1
-2
-1
-1
0
-2
-3
-3
-3
-2
-2
-1
-2
1
-1
1
2
-1
-1
-2
1
0
2
1
-1
1
0
1
0
-1
-2
-2
-1
-3
-2
-4
-1
-1
1
0
-1
-1
0
1
-2
-1
-2
-1
0
0
-2
-2
0
-1
-2
-1
-2
-1
-2
-1
-1
-1
1
2
4
1
3
1
1
0
1
1
1
0
-1
2
0
0
-1
-1
0
-2
-2
-4
0
-2
0
-1
-2
0
0
3
-3
-2
-2
1
1
1
0
0
2
2
2
1
1
1
3
0
2
2
3
2
3
0
2
1
3
4
0
-1
-2
0
-2
-1
-5
-6
-4
-4
-2
-5
-3
-4
-3
-1
2
2
0
2
-1
2
1
3
2
0
0
0
1
0
0
1
2
2
2
3
1
3
1
1
0
1
-1
3
0
0
-1
-1
1
1
2
-2
1
-1
3
2
3
1
-1
0
-1
1
-1
-1
-2
-1
0
-4
1
-1
2
-1
-3
-4
-3
0
-2
1
-4
-2
-2
1
2
0
-2
-4
2
0
0
-1
-1
-2
0
-1
-4
0
-1
2
1
0
1
3
3
2
2
0
0
2
2
1
-1
-1
1
0
-1
-3
-3
-3
-3
0
0
-2
-4
-5
-2
-1
-3
-1
0
0
2
0
2
-1
1
0
2
0
0
0
1
2
1
1
0
1
3
4
2
1
0
3
1
2
-1
1
2
2
5
-1
2
2
4
2
2
-2
-2
1
-1
0
-4
1
-5
1
-2
-1
0
-3
0
-2
2
-3
0
-1
-1
1
-2
1
-4
1
1
1
2
-3
2
-2
3
0
0
1
-1
2
2
2
0
1
0
1
3
1
0
0
2
1
0
-2
-1
0
0
1
-2
0
-3
1
1
1
-2
-5
0
2
6
-1
-4
-4
0
5
1
3
2
4
5
4
4
3
4
2
2
3
3
0
5
2
6
5
2
3
-2
2
-1
-3
-8
-10
-7
-8
-8
-10
-13
-12
-9
-8
-7
-5
-2
-2
0
1
5
5
3
1
0
5
7
7
5
0
3
2
8
7
1
-3
-7
2
-1
-4
-7
-7
-4
-10
-5
-4
1
-3
-2
0
-1
4
2
4
2
4
7
7
7
3
8
7
6
6
11
12
7
6
5
10
9
6
2
-4
-4
0
-1
-4
-15
-11
-8
-1
-7
-15
-15
-14
-1
-6
-3
-17
-3
1
3
2
-7
2
0
13
3
6
1
6
15
7
9
1
11
7
9
2
-1
2
2
7
-6
-4
-8
1
-6
-10
-16
-13
-7
-11
-9
-16
-6
-8
0
-5
-4
-4
2
4
1
4
1
7
4
9
4
7
4
4
5
6
12
5
3
-1
6
2
-2
-5
-9
-4
-9
-3
-11
-7
-8
-4
-2
-6
1
-6
3
2
7
2
-1
4
3
8
2
5
2
4
6
7
5
-4
0
-2
3
-2
-4
2
-2
2
-8
0
-3
-2
1
-5
-2
-11
-3
-1
-4
-2
-8
-1
-3
4
5
-1
2
-4
9
4
4
-4
0
6
0
5
0
7
-1
5
4
6
5
3
7
-1
8
1
8
-1
4
3
5
8
1
6
0
8
2
3
0
3
6
2
0
-4
2
5
-1
0
-7
-3
-1
-3
1
-12
-4
-4
-1
-1
-7
0
-3
-3
-2
-5
2
-3
-3
-1
-3
2
-4
3
-3
-1
4
4
3
1
0
4
-2
5
2
6
1
-2
8
0
11
-8
5
-4
0
2
-5
10
-6
5
-5
1
2
-3
-1
-16
2
-6
-2
-9
-14
-10
-15
-2
-11
-11
-16
-9
0
-8
-11
-11
-4
-5
-8
-5
-10
1
-5
1
-6
-9
-1
-1
3
-11
-4
-4
0
3
-1
-1
-10
-3
-4
3
-2
-6
-3
0
6
3
6
-1
8
15
19
22
27
28
32
33
40
43
45
46
45
54
50
61
54
53
47
49
50
41
37
25
25
14
10
0
-10
-17
-29
-35
-52
-59
-69
-69
-75
-85
-91
-97
-85
-91
-89
-97
-95
-85
-83
-74
-83
-74
-72
-62
-51
-46
-34
-33
-27
-27
-11
7
29
35
33
36
60
90
102
93
84
100
121
145
141
138
123
130
140
144
133
108
100
85
77
60
44
17
-11
-24
-32
-39
-58
-68
-75
-80
-80
-77
-71
-75
-76
-74
-69
-68
-69
-55
-52
-50
-52
-53
-44
-41
-32
-45
-57
-67
-62
-52
-64
-86
-98
-87
-73
-82
-101
-108
-75
-25
-18
-34
-44
3
57
86
71
50
85
128
177
172
159
147
175
206
203
190
155
157
144
141
106
75
48
21
17
-19
-38
-62
-62
-73
-95
-107
-114
-98
-98
-98
-108
-108
-97
-78
-61
-60
-66
-67
-57
-34
-23
-26
-47
-55
-51
-45
-43
-69
-75
-91
-81
-97
-88
-43
-36
-47
-74
-36
14
61
35
9
44
79
129
144
145
123
141
171
187
182
148
145
137
116
97
87
63
25
5
-15
-35
-45
-51
-59
-83
-98
-94
-67
-67
-76
-77
-86
-67
-45
-22
-31
-30
-22
-14
2
-11
2
3
7
-11
-26
-33
-44
-34
-64
-87
-105
-102
-99
-112
-130
-104
-74
-76
-89
-79
-32
-3
25
6
31
54
95
144
157
155
143
188
204
226
208
193
184
162
154
140
119
65
41
22
-3
-31
-46
-60
-82
-104
-116
-105
-107
-107
-112
-114
-122
-107
-74
-68
-65
-67
-56
-38
-23
-20
-22
-25
-30
-31
-30
-40
-41
-49
-62
-77
-91
-57
-31
-35
-72
-75
-27
12
23
-11
-1
34
76
105
122
114
111
148
173
179
158
153
159
153
131
113
97
67
49
44
12
-18
-22
-26
-40
-66
-79
-72
-72
-76
-83
-87
-97
-89
-66
-62
-61
-55
-52
-51
-37
-26
-24
-26
-41
-43
-36
-42
-49
-60
-65
-82
-75
-86
-94
-54
-39
-49
-79
-62
-12
29
19
-17
17
42
78
106
112
93
92
137
157
154
128
132
138
122
103
95
74
46
38
26
-2
-25
-23
-22
-39
-56
-62
-54
-59
-58
-53
-53
-65
-57
-41
-36
-32
-33
-31
-28
-23
-20
-15
-16
-26
-31
-29
-36
-37
-40
-46
-56
-57
-68
-47
-29
-34
-43
-53
-26
-4
21
-11
2
28
37
53
69
83
64
80
94
118
97
84
96
92
73
61
66
39
25
27
12
-9
-22
-19
-20
-35
-43
-42
-41
-49
-37
-35
-44
-46
-35
-27
-29
-22
-27
-26
-22
-17
-6
-9
-16
-22
-20
-16
-17
-19
-26
-39
-38
-34
-40
-26
-25
-26
-29
-34
-14
4
7
-21
2
27
27
30
52
58
44
54
71
86
64
56
77
70
51
52
62
33
18
33
26
5
-7
1
-6
-27
-40
-27
-36
-54
-45
-49
-70
-70
-34
-34
-49
-44
-42
-27
-26
-3
8
-12
-33
-27
-18
-58
-70
-78
-121
-169
-198
-222
-179
-131
-157
-218
-233
-154
-44
9
-112
-85
62
185
269
322
365
328
476
594
677
608
556
639
652
585
544
541
325
191
189
176
11
-140
-195
-244
-245
-347
-355
-424
-509
-512
-448
-474
-559
-475
-395
-349
-363
-354
-331
-255
-182
-141
-138
-271
-285
-240
-300
-516
-690
-667
-795
-924
-1194
-1355
-919
-638
-755
-1175
-1143
-593
-68
86
-501
-253
343
907
1347
1543
1504
1401
2098
2582
2806
2482
2359
2590
2542
2343
2202
2141
1376
996
917
630
230
-117
-286
-725
-847
-1028
-928
-1111
-1410
-1456
-1411
-1406
-1422
-1072
-1065
-1042
-970
-843
-713
-562
-318
-292
-340
-600
-588
-523
-799
-1200
-1688
-1752
-2005
-2236
-2798
-3403
-2480
-1648
-1795
-2793
-2936
-1612
-407
117
-1143
-893
353
1579
2623
3047
2912
2550
3872
4962
5469
4837
4505
4854
4721
4369
4047
3910
2573
1790
1646
931
213
-237
-382
-1220
-1841
-2062
-1695
-1766
-2286
-2453
-2491
-2496
-2247
-1422
-1398
-1667
-1594
-1139
-725
-482
-194
-186
-337
-546
-459
-441
-931
-1557
-2155
-2475
-2763
-3201
-3755
-4800
-4016
-2559
-2628
-3754
-4467
-2612
-1016
30
-1355
-1658
113
1668
3310
3781
3824
3122
4592
6181
6920
6338
5620
6035
5872
5526
4960
4751
3348
2129
1975
1053
115
-466
-526
-1294
-2398
-2815
-2355
-2044
-2573
-2913
-3061
-3087
-2717
-1590
-1268
-1787
-1957
-1339
-580
-181
2
-59
-254
-352
-175
-161
-577
-1379
-1949
-2428
-2666
-3238
-3602
-4569
-4489
-2949
-2885
-3598
-4689
-3072
-1483
-331
-1095
-2047
-225
1286
3137
3587
3863
3226
4279
6115
6921
6796
5821
6168
6184
6060
5456
5116
4153
2729
2500
1694
809
101
-89
-572
-1746
-2409
-2282
-1649
-1958
-2490
-2867
-2906
-2588
-1606
-981
-1501
-1898
-1552
-646
-66
19
-151
-388
-427
-379
-301
-471
-1209
-1880
-2498
-2715
-3344
-3554
-4222
-4648
-3498
-3392
-3715
-4774
-3713
-2333
-1387
-1595
-2813
-1304
79
1779
2393
2788
2408
2978
4918
5781
6104
5188
5382
5654
5697
5330
4887
4350
2963
2727
2101
1343
666
283
-39
-1018
-1674
-1997
-1425
-1463
-1945
-2402
-2584
-2315
-1627
-840
-1154
-1469
-1407
-778
-23
182
116
-170
-264
-319
-159
-95
-628
-1376
-2125
-2431
-2918
-3251
-3715
-4504
-3642
-3190
-3460
-4515
-4175
-2522
-1653
-1463
-2894
-1981
-427
1069
2112
2549
2405
2338
4364
5662
6172
5383
5215
5775
5865
5697
5197
4790
3282
2845
2641
1781
1106
467
269
-648
-1217
-1696
-1375
-1322
-1835
-2074
-2333
-2176
-1729
-845
-951
-1227
-1179
-847
-236
88
281
46
-286
-516
-243
-45
-446
-1274
-2181
-2654
-2947
-3262
-3723
-4750
-4603
-3423
-3304
-4293
-4989
-3396
-1970
-1287
-2327
-2652
-981
483
2039
2784
2898
2235
3553
5545
6368
5883
5114
5526
5744
5721
5281
4906
3532
2255
2379
1778
1092
267
-17
-691
-1448
-1707
-1620
-1268
-1901
-2152
-2234
-2072
-1762
-990
-662
-1042
-999
-747
-226
25
289
300
-80
-479
-420
15
-221
-959
-2030
-2640
-2875
-3017
-3297
-4232
-4959
-3952
-2969
-3407
-4637
-4140
-2431
-1245
-1307
-2353
-1425
9
1655
2870
3444
2776
2918
4847
6210
6247
5309
5162
5368
5429
5232
4867
3951
2182
1780
1706
1107
315
-246
-669
-1597
-1915
-1849
-1371
-1658
-2261
-2352
-2175
-1784
-1221
-586
-777
-965
-707
-240
161
264
460
218
-108
-372
-64
40
-532
-1494
-2358
-2654
-2873
-3035
-3566
-4564
-4511
-3375
-2910
-3810
-4453
-3304
-1890
-1006
-1749
-1907
-746
755
2285
3126
3220
2615
3773
5389
6162
5651
5028
5138
5159
5217
4902
4505
3076
1859
1781
1569
992
82
-244
-984
-1613
-1753
-1498
-1315
-1885
-2216
-2351
-2056
-1613
-929
-696
-969
-940
-600
-46
210
346
346
110
-45
-178
74
-158
-735
-1716
-2336
-2645
-2890
-3191
-3852
-4734
-4663
-3272
-3109
-3861
-4625
-3455
-2025
-1074
-1697
-2087
-796
570
2270
3084
3180
2499
3661
5369
6128
5821
5054
5232
5289
5385
5105
4737
3372
2035
2153
1972
1395
377
-39
-664
-1212
-1292
-1241
-1186
-1887
-2141
-2137
-2021
-1739
-1095
-787
-1159
-1009
-708
-235
48
136
209
-31
-123
-309
-144
-337
-900
-1688
-2485
-2857
-3036
-3221
-3971
-4942
-5419
-3846
-3047
-3594
-4823
-4406
-2612
-1295
-1014
-2181
-1273
-36
1825
3072
3620
2914
3041
4960
6132
6436
5542
5502
5569
5640
5471
5242
4369
2610
2373
2397
1818
835
227
-200
-939
-1055
-1160
-1135
-1774
-2246
-2086
-1996
-1979
-1635
-1020
-1265
-1270
-898
-598
-294
-205
32
-56
-233
-437
-366
-272
-803
-1341
-2109
-2584
-2844
-2820
-3470
-4352
-5293
-4631
-3072
-3055
-4055
-4976
-3504
-2140
-848
-1596
-1869
-905
549
2350
3237
3371
2553
3761
5221
6246
6044
5661
5652
5568
5608
5480
5294
3800
2690
2629
2190
1428
635
241
-609
-1040
-1234
-1353
-1682
-2376
-2342
-2201
-2213
-2302
-1660
-1384
-1524
-1192
-894
-582
-398
-73
136
33
-203
-274
-8
-229
-686
-1142
-1733
-2230
-2320
-2501
-3346
-4253
-4984
-3826
-2795
-3119
-4525
-4826
-3316
-2042
-1031
-2058
-2002
-1120
669
2265
2978
2862
2369
3883
5206
6205
5974
5693
5584
5562
5748
5739
5404
3820
2933
2719
2270
1578
879
278
-566
-1056
-1377
-1491
-1842
-2327
-2347
-2312
-2480
-2367
-1739
-1569
-1581
-1312
-995
-639
-323
-6
146
28
-131
-193
-12
-279
-577
-1026
-1677
-2285
-2438
-2593
-3438
-4404
-5193
-3810
-3024
-3453
-5032
-5096
-3478
-2145
-1250
-2555
-2207
-1240
815
2300
2997
2769
2445
4212
5696
6681
6301
5987
5925
5993
6314
6373
5825
4067
3154
3103
2667
1970
1118
428
-529
-1071
-1378
-1468
-1845
-2367
-2509
-2542
-2712
-2464
-1885
-1813
-1867
-1607
-1195
-799
-431
-199
-22
-128
-241
-335
-221
-477
-722
-1165
-1944
-2702
-2928
-3028
-3771
-4731
-5694
-4374
-3422
-3731
-5239
-5407
-3706
-2309
-1283
-2517
-2132
-1012
1037
2637
3368
3260
3005
4813
6398
7325
6994
6638
6579
6639
6916
6948
6220
4366
3301
3301
2848
1972
936
137
-823
-1328
-1636
-1838
-2284
-2814
-2891
-2921
-3031
-2773
-2125
-2031
-2052
-1687
-1153
-737
-408
-107
61
55
-33
-108
-242
-510
-682
-1069
-2004
-2966
-3260
-3376
-4005
-5005
-6018
-5106
-3889
-3926
-5142
-5629
-4093
-2474
-1160
-2018
-1947
-669
1312
3077
3910
4088
3794
5296
6924
7873
7604
7116
7000
6977
7069
6932
6204
4417
3099
2933
2512
1486
323
-444
-1301
-1822
-2167
-2401
-2737
-3208
-3211
-3221
-3241
-3056
-2316
-1995
-1974
-1551
-967
-519
-241
119
283
320
268
138
-119
-420
-577
-908
-1831
-2882
-3334
-3411
-4034
-4938
-5982
-5557
-4211
-3887
-4697
-5635
-4415
-2709
-1033
-1424
-1888
-748
1105
3112
4002
4515
4071
5019
6681
7839
7826
7159
6985
6910
6900
6633
6165
4700
3115
2620
2327
1428
195
-495
-1213
-1790
-2259
-2562
-2683
-3020
-3050
-3091
-3147
-3193
-2492
-1797
-1622
-1443
-1008
-517
-180
265
427
443
347
152
-73
-292
-480
-820
-1608
-2651
-3373
-3431
-3771
-4698
-5744
-6244
-4808
-3804
-4042
-5427
-5288
-3344
-1516
-592
-1782
-1329
97
2437
3863
4600
4484
4256
5939
7431
8227
7559
7137
6925
6895
6778
6422
5630
3761
2685
2389
1866
656
-379
-861
-1634
-2109
-2677
-2799
-2979
-3207
-3159
-3282
-3440
-3353
-2337
-1722
-1525
-1397
-1009
-563
-109
462
525
491
149
-70
-97
-195
-426
-1079
-1974
-2976
-3419
-3308
-3874
-4885
-6039
-5959
-4157
-3493
-4200
-5592
-4679
-2603
-843
-508
-1707
-740
798
3227
4345
4990
4500
4745
6730
8001
8534
7691
7361
7049
7097
6934
6489
5285
3265
2516
2227
1389
48
-849
-1419
-2326
-2752
-3278
-3311
-3645
-3860
-3785
-3935
-4054
-3702
-2483
-1974
-1737
-1541
-1135
-616
16
697
754
604
151
110
241
94
-208
-1005
-1961
-2951
-3147
-3070
-3802
-4819
-5976
-5386
-3783
-3475
-4390
-5441
-4043
-2180
-474
-699
-1346
-166
1552
3821
4694
5191
4574
5499
7345
8525
8753
7800
7437
7214
7414
7116
6366
4718
2852
2443
1974
845
-623
-1501
-2220
-3041
-3360
-3884
-3986
-4439
-4470
-4338
-4472
-4489
-3826
-2540
-2130
-1834
-1596
-1111
-449
333
998
885
592
304
513
527
211
-235
-1115
-2081
-2930
-3009
-3169
-4052
-5022
-5933
-4997
-3805
-3703
-4639
-5191
-3431
-1689
-138
-819
-759
559
2580
4518
5286
5648
5066
6445
8043
9182
8915
7873
7495
7366
7478
6950
5929
3911
2217
1934
1304
61
-1469
-2354
-3216
-3791
-3973
-4374
-4518
-5001
-4789
-4489
-4453
-4291
-3406
-2148
-1794
-1406
-1129
-542
160
905
1345
1043
684
483
738
531
77
-636
-1590
-2599
-3291
-3334
-3686
-4691
-5678
-6385
-5236
-3925
-3799
-4761
-5119
-3028
-1056
526
-330
-100
1426
3580
5474
6286
6627
5878
7234
8841
9811
9141
7987
7573
7292
7090
6420
5341
3066
1252
923
299
-975
-2483
-3292
-4167
-4636
-4638
-4806
-4901
-5372
-4948
-4333
-4163
-3925
-2982
-1642
-1200
-801
-517
15
709
1391
1746
1302
727
436
720
514
-64
-974
-2010
-3018
-3588
-3539
-3875
-4961
-6017
-6660
-5418
-3713
-3431
-4379
-4933
-2819
-548
1319
616
429
1902
3890
5967
6810
7190
6203
7121
8776
9619
8934
7679
7199
6737
6350
5695
4700
2494
554
149
-383
-1592
-2979
-3680
-4386
-4880
-4782
-4833
-4829
-5163
-4688
-3907
-3751
-3489
-2625
-1270
-789
-477
-130
324
968
1494
1851
1407
825
487
659
507
-84
-869
-1869
-2807
-3426
-3357
-3534
-4524
-5593
-6295
-5328
-3469
-2987
-3789
-4603
-2903
-550
1464
1253
516
1704
3361
5539
6445
6839
5867
6209
7869
8740
8368
7116
6557
6097
5739
5175
4312
2455
484
-85
-464
-1547
-2824
-3554
-4085
-4627
-4541
-4575
-4557
-4726
-4397
-3606
-3423
-3213
-2562
-1303
-710
-395
57
407
900
1293
1787
1514
1049
624
608
496
-31
-532
-1489
-2400
-3243
-3238
-3249
-4001
-5041
-5920
-5466
-3660
-2724
-3293
-4340
-3339
-939
1197
1648
573
1268
2723
4906
6143
6607
5824
5522
7065
8216
8315
7155
6358
5898
5572
5115
4354
2832
808
-87
-356
-1328
-2577
-3453
-3905
-4470
-4560
-4609
-4616
-4651
-4471
-3711
-3433
-3377
-2903
-1597
-718
-374
44
372
840
1296
1955
1859
1399
916
857
834
285
-144
-1049
-1960
-2961
-3189
-3162
-3691
-4708
-5799
-5895
-4435
-2917
-3033
-4247
-4188
-1987
511
1703
764
656
1926
4101
5924
6756
6295
5395
6410
8005
8759
7955
6808
6151
5759
5431
4825
3579
1490
6
-363
-1075
-2232
-3366
-3956
-4505
-4856
-4941
-4932
-4867
-4801
-4157
-3708
-3690
-3319
-2065
-856
-389
-46
317
829
1389
2076
2257
1803
1299
1181
1245
752
240
-589
-1514
-2502
-3045
-3134
-3472
-4331
-5514
-6015
-5247
-3490
-2920
-3881
-4607
-3169
-466
1307
1112
299
1150
3085
5202
6495
6517
5488
5601
7318
8572
8341
7074
6189
5741
5457
5029
4087
2238
287
-388
-751
-1630
-2901
-3727
-4187
-4667
-4771
-4741
-4641
-4635
-4201
-3630
-3516
-3288
-2355
-1007
-326
-59
200
625
1195
1834
2229
1899
1396
1183
1254
1002
520
-239
-1106
-1974
-2614
-2839
-3096
-3725
-4867
-5513
-5427
-3828
-2842
-3369
-4335
-3795
-1296
567
1199
90
504
2075
4051
5609
5971
5333
4736
6274
7700
7988
6958
5930
5574
5244
5038
4327
2892
813
-204
-243
-948
-2206
-3347
-3665
-4084
-4247
-4288
-4346
-4288
-4049
-3383
-3205
-3198
-2634
-1256
-254
-58
86
362
925
1552
2117
2005
1433
1121
1126
1111
684
22
-789
-1679
-2364
-2694
-2931
-3459
-4566
-5328
-5624
-4277
-3096
-3325
-4246
-4208
-1886
28
1038
-29
100
1590
3427
5126
5598
5350
4502
5813
7381
7935
7160
5936
5659
5293
5216
4553
3319
1326
19
95
-631
-1867
-3240
-3473
-3753
-4053
-4189
-4415
-4205
-4023
-3310
-3135
-3297
-2869
-1476
-164
27
120
339
930
1611
2242
2325
1683
1306
1266
1289
823
225
-499
-1455
-2303
-2828
-3084
-3529
-4574
-5503
-6062
-5060
-3668
-3595
-4427
-4771
-2679
-498
736
-35
-244
1224
3034
4935
5598
5590
4722
5613
7408
8221
7731
6311
5944
5638
5543
4940
3734
1938
386
311
-379
-1605
-3057
-3368
-3504
-3941
-4174
-4468
-4179
-3983
-3345
-3138
-3350
-2980
-1690
-262
72
109
319
891
1598
2170
2331
1767
1308
1235
1195
765
158
-531
-1407
-2328
-2961
-3313
-3621
-4507
-5447
-6128
-5512
-3984
-3598
-4190
-4832
-3208
-950
507
245
-280
920
2552
4522
5428
5602
4850
5166
6912
7910
7759
6374
5846
5628
5451
4977
3872
2397
785
475
-59
-1181
-2559
-3011
-3040
-3496
-3790
-4130
-3876
-3692
-3210
-2944
-3148
-2953
-1920
-543
-42
-26
111
603
1280
1803
2017
1628
1148
995
962
706
171
-514
-1285
-2161
-2725
-3086
-3347
-4082
-4991
-5657
-5340
-3802
-3243
-3734
-4509
-3391
-1191
283
409
-303
563
2011
3879
4992
5218
4651
4567
6177
7282
7363
6167
5530
5403
5202
4899
3912
2630
1058
593
239
-792
-2097
-2716
-2703
-3135
-3451
-3849
-3708
-3486
-3079
-2713
-2887
-2886
-2075
-679
-2
23
57
443
1112
1697
1990
1695
1191
924
911
807
333
-359
-1141
-2072
-2676
-2983
-3265
-3914
-4908
-5673
-5529
-3963
-3224
-3794
-4646
-3866
-1573
3
336
-483
163
1659
3529
4842
5096
4667
4429
6000
7289
7539
6440
5678
5578
5434
5250
4306
2989
1340
734
464
-517
-1858
-2706
-2743
-3145
-3471
-3960
-3920
-3651
-3235
-2804
-2913
-2969
-2259
-757
88
130
84
465
1175
1859
2202
1955
1458
1126
1137
1053
553
-138
-925
-1930
-2776
-3144
-3457
-4008
-5115
-6062
-6099
-4612
-3722
-4252
-5090
-4615
-2281
-507
70
-725
-235
1311
3267
4771
5144
4894
4632
6086
7549
8021
7030
6153
6033
5934
5772
4824
3460
1795
1041
739
-212
-1570
-2611
-2696
-3024
-3365
-3924
-3992
-3725
-3305
-2831
-2873
-2912
-2350
-906
93
210
95
406
1084
1779
2178
1981
1485
1114
1061
968
498
-147
-935
-1923
-2899
-3366
-3631
-4062
-5134
-6126
-6295
-4996
-4006
-4312
-5046
-4824
-2681
-837
-55
-692
-341
1062
2956
4541
5033
4948
4701
5933
7385
7969
7148
6280
6172
6071
5857
4946
3648
2131
1309
961
54
-1259
-2387
-2506
-2727
-3125
-3720
-3929
-3700
-3291
-2828
-2864
-2924
-2481
-1241
-178
48
-76
163
774
1481
1939
1838
1396
1069
979
876
491
-78
-832
-1730
-2686
-3224
-3456
-3853
-4803
-5762
-5995
-4989
-3977
-4078
-4719
-4656
-2826
-1006
-161
-577
-331
913
2651
4279
4911
4890
4676
5728
7163
7771
7095
6270
6116
6023
5779
4966
3700
2264
1393
1065
240
-1095
-2271
-2483
-2587
-3018
-3597
-3910
-3703
-3263
-2840
-2854
-2941
-2520
-1397
-303
16
-73
132
686
1406
1877
1855
1440
1080
954
782
461
-97
-858
-1763
-2738
-3287
-3548
-3978
-4915
-5910
-6139
-5142
-4092
-4219
-4891
-4773
-2953
-1061
-209
-552
-334
934
2721
4458
5163
5039
4830
5950
7485
8075
7377
6502
6285
6277
6072
5226
3827
2326
1527
1277
349
-1164
-2347
-2568
-2614
-3092
-3721
-4103
-3840
-3346
-2963
-2994
-3103
-2609
-1425
-301
-4
-78
114
677
1418
1884
1900
1469
1018
801
607
400
-160
-1025
-2065
-3043
-3502
-3747
-4249
-5324
-6380
-6395
-5105
-4187
-4557
-5247
-4777
-2764
-905
-179
-543
-168
1248
3154
4802
5419
5213
5167
6464
7907
8297
7501
6688
6488
6502
6192
5190
3716
2266
1659
1361
189
-1382
-2362
-2482
-2601
-3116
-3756
-4061
-3697
-3188
-2850
-2902
-2916
-2325
-1166
-167
54
-23
106
611
1286
1727
1706
1201
609
245
131
44
-558
-1616
-2779
-3597
-3836
-4006
-4656
-5840
-6700
-6182
-4672
-4074
-4632
-5096
-4064
-1956
-323
124
-164
506
2072
3934
5239
5617
5382
5613
6914
7983
8007
7149
6492
6309
6211
5706
4591
3153
1884
1469
1036
-230
-1616
-2300
-2389
-2629
-3060
-3565
-3691
-3316
-2857
-2594
-2655
-2518
-1880
-852
-87
31
-79
23
468
1031
1396
1240
661
1
-320
-256
-365
-1132
-2332
-3371
-3869
-3913
-4132
-4968
-6086
-6454
-5370
-4002
-3882
-4556
-4528
-2925
-966
169
235
201
1207
2880
4559
5409
5434
5245
5889
7150
7759
7368
6573
6177
6069
5858
5155
3928
2530
1596
1361
761
-521
-1644
-2069
-2202
-2501
-2832
-3163
-3171
-2866
-2491
-2310
-2385
-2195
-1552
-626
-54
-50
-165
-62
331
836
1098
774
93
-521
-650
-490
-758
-1698
-2899
-3719
-3961
-3963
-4360
-5326
-6201
-5979
-4616
-3710
-4056
-4599
-3868
-1922
-369
148
28
478
1845
3570
4926
5305
5101
5268
6393
7501
7600
6922
6372
6264
6209
5800
4850
3490
2222
1678
1433
564
-733
-1595
-1887
-2168
-2553
-2845
-3022
-3008
-2847
-2585
-2474
-2518
-2261
-1584
-774
-353
-349
-363
-248
127
666
866
443
-312
-788
-705
-535
-942
-1990
-3104
-3733
-3780
-3821
-4460
-5490
-6011
-5247
-3949
-3630
-4233
-4336
-3003
-1139
-98
-1
49
963
2561
4172
5082
5120
5033
5717
6967
7674
7372
6687
6362
6333
6158
5495
4378
3022
1994
1613
1129
72
-1055
-1652
-1984
-2457
-2833
-2971
-2956
-2951
-2896
-2703
-2571
-2417
-1973
-1308
-737
-484
-389
-284
-164
180
612
629
100
-623
-917
-778
-793
-1446
-2541
-3473
-3873
-3780
-4009
-4864
-5762
-5741
-4526
-3547
-3698
-4212
-3664
-1943
-367
268
217
592
1851
3548
4858
5278
5152
5341
6321
7300
7536
7008
6412
6154
6018
5618
4743
3632
2422
1622
1157
411
-604
-1403
-1755
-2241
-2811
-3054
-2934
-2754
-2796
-2804
-2668
-2409
-2015
-1419
-876
-601
-470
-266
-74
56
369
535
312
-306
-803
-871
-901
-1205
-2105
-3038
-3747
-3947
-3848
-4396
-5221
-5844
-5232
-3943
-3511
-3873
-4081
-2852
-1131
74
384
334
1168
2660
4325
5123
5199
5137
5670
6791
7351
7239
6580
6155
5984
5738
5088
4055
3042
2024
1423
785
-132
-1040
-1493
-1713
-2371
-2927
-3050
-2722
-2510
-2604
-2655
-2522
-2128
-1573
-940
-605
-521
-371
-58
116
298
492
388
-33
-664
-807
-876
-1088
-1699
-2678
-3330
-3936
-3918
-4152
-4848
-5481
-5723
-4598
-3750
-3723
-4134
-3690
-1976
-589
298
208
543
1843
3506
4841
5089
5120
5226
6248
7232
7399
6982
6307
6170
6019
5661
4679
3594
2611
1792
1324
475
-535
-1336
-1518
-1868
-2582
-3061
-3109
-2728
-2674
-2769
-2793
-2581
-2076
-1465
-943
-794
-721
-444
-113
113
363
359
61
-530
-867
-737
-859
-1246
-2200
-2921
-3383
-3673
-3712
-4435
-5010
-5449
-4969
-3831
-3575
-3851
-4009
-2703
-1096
-22
308
172
1153
2725
4306
4953
5020
5055
5613
6837
7347
7190
6536
6197
6127
5938
5278
4136
3166
2191
1627
993
0
-1005
-1494
-1661
-2262
-2852
-3236
-3088
-2852
-2906
-2931
-2897
-2490
-1891
-1265
-957
-939
-803
-454
-78
279
440
183
-323
-821
-776
-606
-806
-1622
-2605
-3052
-3287
-3345
-3841
-4697
-5177
-5175
-4194
-3436
-3577
-3973
-3471
-1799
-451
320
244
559
1918
3586
4723
4986
5034
5223
6228
7127
7294
6823
6285
6126
5962
5630
4652
3677
2691
1826
1266
402
-582
-1372
-1609
-2061
-2704
-3132
-3227
-2946
-2919
-2936
-2928
-2705
-2143
-1466
-909
-841
-827
-620
-168
237
564
494
8
-544
-810
-673
-690
-1168
-2168
-2898
-3312
-3478
-3653
-4362
-5032
-5393
-5016
-4011
-3563
-3745
-3917
-2908
-1362
-128
463
423
1194
2619
4211
4930
5216
5273
5717
6729
7311
7352
6667
6239
6009
5870
5237
4142
3218
2110
1410
762
-136
-1149
-1748
-1910
-2440
-2975
-3310
-3112
-2888
-2888
-2843
-2702
-2354
-1776
-996
-573
-602
-568
-222
267
600
793
491
-70
-599
-725
-701
-991
-1678
-2583
-3164
-3719
-3910
-4201
-4846
-5271
-5579
-4944
-4008
-3636
-3711
-3610
-2239
-951
322
670
873
1969
3426
4848
5227
5667
5656
6353
7189
7635
7427
6561
6217
5963
5791
4767
3713
2628
1483
959
266
-641
-1819
-2204
-2313
-2781
-3261
-3528
-3141
-3059
-2992
-2887
-2593
-2252
-1623
-785
-503
-570
-524
-43
374
672
683
289
-276
-781
-740
-807
-1213
-2040
-2837
-3375
-3906
-3988
-4424
-4928
-5299
-5510
-4518
-3699
-3376
-3571
-3050
-1486
-362
824
738
1345
2565
4087
5140
5400
5802
5723
6741
7378
7697
7113
6332
6106
5858
5534
4364
3474
2164
1216
791
28
-993
-2148
-2277
-2563
-2993
-3470
-3561
-3197
-3283
-3157
-3010
-2618
-2290
-1552
-799
-655
-691
-520
39
402
682
571
275
-284
-651
-512
-651
-1105
-2027
-2718
-3303
-3709
-3825
-4401
-4836
-5365
-5348
-4171
-3545
-3390
-3720
-2722
-1221
-58
868
592
1575
2739
4360
5093
5486
5645
5731
6935
7403
7609
6794
6259
5953
5700
5174
4114
3250
1777
1066
541
-254
-1373
-2202
-2332
-2860
-3182
-3572
-3415
-3178
-3213
-3061
-2791
-2341
-1946
-1099
-492
-412
-364
-72
413
733
894
691
377
-255
-483
-452
-723
-1365
-2292
-2911
-3582
-3926
-4197
-4809
-5251
-5744
-5475
-4305
-3779
-3734
-3918
-2613
-1131
219
892
674
1858
3131
4780
5346
5827
5773
6040
7199
7620
7681
6734
6251
5841
5583
4841
3839
2836
1283
674
98
-675
-1890
-2452
-2647
-3147
-3358
-3671
-3315
-3148
-2991
-2795
-2376
-1979
-1523
-575
-88
33
55
381
739
1079
1140
798
330
-388
-501
-632
-1037
-1887
-2704
-3291
-4013
-4370
-4752
-5257
-5549
-5907
-5504
-4307
-3805
-3718
-3669
-2195
-680
767
1156
1091
2514
3879
5355
5819
6284
6079
6492
7544
7891
7703
6593
6135
5746
5356
4366
3385
2218
665
136
-432
-1239
-2496
-2815
-2979
-3373
-3592
-3761
-3239
-3122
-2843
-2605
-2111
-1785
-1208
-279
79
182
159
549
811
1127
1039
611
33
-638
-674
-945
-1458
-2365
-2983
-3536
-4241
-4621
-4965
-5215
-5356
-5699
-5086
-3893
-3438
-3320
-3067
-1520
-88
1280
1347
1594
3057
4334
5556
5959
6335
6065
6663
7485
7755
7303
6210
5860
5488
4908
3855
3006
1712
318
-166
-739
-1581
-2647
-2751
-3019
-3418
-3686
-3609
-3090
-3073
-2797
-2563
-2063
-1744
-1042
-280
-63
7
91
541
729
1002
847
440
-168
-642
-688
-1006
-1592
-2449
-2952
-3533
-4111
-4484
-4681
-4892
-5047
-5349
-4441
-3389
-3096
-3006
-2648
-1015
243
1498
1305
1841
3161
4406
5420
5743
6089
5838
6568
7121
7373
6710
5814
5541
5124
4434
3408
2693
1363
235
-246
-865
-1700
-2479
-2449
-2864
-3292
-3544
-3235
-2783
-2834
-2584
-2351
-1855
-1507
-774
-150
-35
7
190
614
752
972
805
355
-311
-651
-733
-1045
-1756
-2606
-3146
-3705
-4118
-4477
-4624
-5062
-5224
-5334
-4071
-3251
-3136
-3117
-2593
-709
421
1623
1124
1953
3210
4607
5480
5727
6053
5755
6637
7029
7277
6410
5704
5445
4955
4204
3166
2485
1113
200
-269
-985
-1874
-2510
-2400
-2916
-3362
-3591
-3143
-2758
-2830
-2529
-2269
-1786
-1448
-691
-50
46
77
289
678
849
1071
920
362
-371
-634
-625
-970
-1775
-2652
-3222
-3700
-4081
-4377
-4703
-5217
-5402
-5239
-3788
-3242
-3182
-3278
-2342
-413
718
1642
1002
2191
3452
4987
5636
5935
6088
5881
6888
7196
7324
6271
5722
5466
4920
4037
2997
2228
832
77
-409
-1225
-2228
-2725
-2618
-3160
-3572
-3754
-3225
-2921
-2901
-2562
-2226
-1794
-1432
-617
-11
78
97
352
664
857
1041
854
236
-499
-675
-649
-1033
-1845
-2685
-3218
-3688
-4047
-4270
-4735
-5075
-5335
-4875
-3513
-3132
-3049
-3109
-1742
-103
1095
1511
1094
2447
3708
5155
5544
5909
5790
5903
6875
7128
7015
5887
5498
5282
4749
3783
2800
1915
619
73
-430
-1294
-2359
-2687
-2665
-3115
-3440
-3596
-3122
-2942
-2782
-2435
-2054
-1781
-1409
-603
-87
10
6
281
465
698
857
632
27
-656
-712
-707
-1013
-1841
-2590
-3096
-3559
-3805
-4052
-4467
-4727
-5021
-4416
-3225
-2910
-2890
-2838
-1327
60
1257
1265
1168
2465
3710
4944
5254
5630
5351
5800
6660
6917
6556
5533
5280
5125
4583
3565
2685
1688
529
109
-394
-1295
-2373
-2580
-2648
-3006
-3269
-3380
-2971
-2871
-2609
-2246
-1841
-1667
-1263
-445
3
142
143
442
505
737
912
612
22
-662
-685
-739
-1016
-1908
-2637
-3176
-3687
-3878
-4161
-4485
-4836
-5113
-4575
-3338
-2929
-3007
-2971
-1540
-38
1198
1285
1193
2413
3656
4873
5333
5749
5515
5895
6727
7021
6661
5732
5440
5271
4654
3597
2735
1729
546
52
-467
-1422
-2515
-2697
-2770
-3178
-3465
-3584
-3136
-2981
-2711
-2361
-1966
-1737
-1287
-320
172
297
348
680
809
1001
1228
867
278
-378
-476
-546
-952
-1816
-2594
-3152
-3773
-4073
-4320
-4657
-5051
-5375
-4991
-3687
-3162
-3245
-3258
-1982
-350
931
1381
1121
2257
3514
4835
5454
5913
5861
5949
6769
7067
6942
6058
5593
5371
4748
3746
2788
1894
660
36
-481
-1438
-2483
-2755
-2740
-3177
-3488
-3706
-3222
-2910
-2666
-2347
-2026
-1700
-1253
-171
357
412
482
785
1061
1165
1382
1005
468
-163
-410
-448
-972
-1722
-2550
-3081
-3747
-4158
-4361
-4702
-5036
-5405
-5133
-3878
-3294
-3327
-3280
-2201
-629
575
1291
934
1926
3169
4523
5203
5598
5707
5625
6424
6719
6822
5996
5409
5218
4697
3834
2828
2050
841
192
-213
-1104
-2101
-2598
-2527
-2849
-3115
-3475
-3132
-2777
-2572
-2247
-1987
-1659
-1336
-324
273
350
389
585
951
1083
1288
1002
540
-74
-414
-328
-804
-1458
-2383
-2892
-3474
-3849
-4090
-4516
-4809
-5211
-4999
-3879
-3195
-3269
-3221
-2313
-823
340
1103
760
1576
2826
4169
4933
5291
5432
5314
6121
6517
6682
5881
5239
5117
4721
3888
2907
2150
957
294
20
-765
-1797
-2513
-2501
-2666
-2843
-3232
-3078
-2760
-2534
-2165
-1886
-1630
-1388
-488
210
388
382
487
820
1041
1232
1014
567
-4
-380
-294
-684
-1293
-2305
-2889
-3451
-3797
-4060
-4611
-4932
-5370
-5211
-4229
-3349
-3391
-3411
-2623
-1079
245
1047
771
1386
2741
4079
5016
5434
5596
5417
6198
6820
7026
6273
5530
5390
5053
4200
3185
2373
1161
352
56
-648
-1766
-2612
-2692
-2767
-2941
-3342
-3299
-2971
-2701
-2313
-2015
-1839
-1607
-746
99
365
311
401
724
1017
1198
1053
605
85
-276
-243
-598
-1184
-2179
-2834
-3405
-3839
-4088
-4679
-5031
-5470
-5367
-4528
-3538
-3471
-3493
-2845
-1278
217
1108
909
1234
2691
4015
5089
5496
5703
5435
6095
6914
7196
6570
5674
5459
5177
4412
3387
2532
1376
405
50
-527
-1645
-2533
-2679
-2657
-2845
-3263
-3299
-2922
-2619
-2280
-1993
-1870
-1689
-934
11
321
196
217
515
833
1018
968
494
-63
-416
-339
-617
-1208
-2169
-2819
-3273
-3679
-3936
-4505
-4835
-5182
-5051
-4360
-3352
-3246
-3256
-2748
-1278
252
1134
1034
1037
2443
3711
4874
5257
5420
5121
5601
6565
6874
6454
5473
5184
4982
4363
3475
2644
1617
498
133
-281
-1295
-2209
-2470
-2407
-2576
-2951
-3122
-2769
-2461
-2218
-1957
-1813
-1682
-1121
-169
211
91
49
286
622
843
893
455
-164
-571
-442
-548
-1144
-2157
-2834
-3146
-3420
-3725
-4318
-4696
-4962
-4840
-4388
-3354
-3103
-3145
-2824
-1581
7
978
1148
834
2002
3303
4585
5132
5298
5093
5236
6310
6733
6600
5602
5098
4945
4460
3685
2813
1946
670
172
-154
-1038
-2027
-2424
-2357
-2521
-2851
-3141
-2799
-2413
-2214
-1998
-1761
-1549
-1121
-181
326
286
242
462
783
992
1080
763
183
-376
-424
-447
-925
-1954
-2793
-3192
-3473
-3830
-4400
-4847
-5205
-5186
-5093
-4084
-3415
-3363
-3229
-2397
-722
513
1227
773
1492
2928
4364
5228
5457
5537
5311
6292
6972
7155
6313
5479
5295
4930
4242
3210
2425
1111
303
-88
-854
-1957
-2588
-2525
-2691
-3032
-3473
-3190
-2697
-2453
-2302
-2065
-1711
-1309
-374
271
351
320
586
942
1104
1196
995
598
45
-250
-392
-757
-1572
-2461
-3014
-3500
-3965
-4460
-4794
-5210
-5344
-5520
-4804
-3706
-3396
-3264
-2897
-1384
35
1197
1023
1185
2602
4028
5159
5453
5786
5464
6019
6865
7233
6757
5705
5390
5135
4573
3509
2720
1577
527
49
-550
-1590
-2488
-2535
-2597
-2875
-3403
-3350
-2835
-2541
-2382
-2202
-1878
-1573
-773
16
237
172
327
702
899
997
907
574
152
-219
-387
-699
-1338
-2118
-2688
-3180
-3764
-4222
-4484
-4766
-4996
-5240
-4885
-3671
-3188
-3022
-2870
-1737
-266
929
1230
954
2214
3467
4704
5145
5532
5420
5498
6414
6813
6802
5759
5278
5116
4650
3767
2949
2079
841
275
-207
-1008
-2003
-2375
-2377
-2639
-3035
-3257
-2824
-2560
-2442
-2235
-1957
-1700
-1209
-367
39
21
44
337
646
746
845
557
152
-306
-448
-569
-1135
-1874
-2603
-3011
-3618
-4026
-4343
-4580
-4880
-5162
-5034
-3826
-3142
-3042
-2958
-2173
-548
596
1320
796
1872
3112
4364
5069
5404
5570
5307
6307
6763
7035
6091
5373
5312
4845
4088
3144
2464
1140
368
-55
-819
-1734
-2405
-2342
-2668
-3016
-3358
-2996
-2572
-2584
-2341
-2038
-1637
-1332
-509
138
176
206
401
813
862
1026
931
534
-64
-447
-421
-903
-1591
-2507
-3042
-3743
-4209
-4542
-4782
-5143
-5509
-5697
-4736
-3599
-3352
-3238
-2929
-1261
36
1256
856
1451
2870
4138
5209
5549
6030
5599
6405
7105
7533
6867
5796
5720
5337
4653
3563
2829
1613
466
50
-697
-1611
-2562
-2587
-2765
-3148
-3561
-3450
-2809
-2749
-2547
-2244
-1744
-1451
-759
160
366
412
499
898
1024
1116
1158
843
289
-349
-433
-781
-1376
-2274
-2954
-3689
-4290
-4690
-4911
-5216
-5539
-5849
-5481
-4129
-3581
-3226
-3184
-1892
-495
879
1170
1123
2543
3736
5027
5440
6073
5894
6126
7009
7392
7237
6056
5766
5523
4942
3935
3027
2155
794
186
-386
-1220
-2282
-2647
-2621
-2926
-3313
-3519
-2986
-2691
-2530
-2266
-1857
-1584
-1132
-172
312
393
371
583
800
942
1072
807
369
-243
-473
-661
-1122
-1883
-2679
-3304
-3897
-4309
-4609
-4941
-5203
-5353
-5393
-4295
-3592
-3158
-3055
-2241
-804
286
1212
886
1974
3159
4393
5015
5523
5801
5578
6507
6877
7042
6137
5585
5490
4975
4199
3180
2571
1307
425
-33
-805
-1777
-2439
-2340
-2602
-2991
-3327
-3067
-2584
-2427
-2136
-1903
-1669
-1343
-462
245
322
285
341
612
794
1036
833
367
-189
-495
-518
-932
-1616
-2545
-3144
-3719
-4134
-4453
-4863
-5179
-5296
-5415
-4594
-3728
-3317
-3076
-2617
-1163
-110
1108
958
1551
2871
3988
4936
5360
5912
5564
6293
6872
7110
6585
5713
5663
5195
4501
3449
2792
1667
513
131
-639
-1585
-2488
-2438
-2553
-3012
-3378
-3388
-2758
-2600
-2224
-1995
-1796
-1513
-757
227
383
388
376
721
902
1133
1139
662
83
-433
-405
-745
-1413
-2368
-3120
-3730
-4327
-4620
-4992
-5336
-5551
-5820
-5254
-4162
-3579
-3251
-2981
-1716
-421
972
1251
1374
2754
3921
5123
5657
6276
6088
6420
7210
7442
7276
6192
5954
5608
4909
3864
2993
2005
578
131
-504
-1429
-2548
-2815
-2757
-3144
-3444
-3695
-3096
-2862
-2508
-2161
-1909
-1652
-1141
-53
346
404
358
706
959
1041
1159
792
290
-366
-537
-779
-1397
-2201
-3064
-3640
-4390
-4758
-5030
-5287
-5483
-5806
-5611
-4533
-3613
-3227
-2939
-2064
-609
766
1574
1430
2474
3770
5004
5754
6234
6364
6275
7083
7351
7406
6488
5905
5692
5072
4151
3093
2308
905
151
-302
-1130
-2218
-2865
-2793
-3052
-3289
-3634
-3294
-2888
-2658
-2308
-2027
-1722
-1423
-498
146
218
176
439
865
882
922
685
339
-134
-515
-719
-1283
-1910
-2735
-3216
-3887
-4433
-4753
-4953
-5117
-5323
-5424
-4746
-3606
-3177
-2791
-2357
-928
314
1487
1519
1912
3270
4413
5436
5715
6197
5933
6494
6993
7109
6659
5779
5651
5158
4447
3276
2528
1522
387
-75
-891
-1775
-2680
-2716
-2825
-3169
-3480
-3464
-2819
-2618
-2330
-2086
-1729
-1414
-744
154
285
265
360
856
994
936
831
453
160
-353
-560
-1031
-1633
-2460
-3116
-3579
-4221
-4632
-4942
-5184
-5356
-5530
-5150
-3997
-3434
-3056
-2849
-1541
-214
1076
1528
1487
2819
3993
5254
5520
6201
6082
6251
7011
7201
7146
6096
5869
5468
4864
3717
2802
2101
744
61
-752
-1537
-2573
-2847
-2815
-3289
-3623
-3799
-3094
-2780
-2567
-2313
-1963
-1522
-1036
-36
339
395
437
823
1068
998
1117
777
438
-212
-502
-781
-1340
-2122
-3096
-3576
-4231
-4617
-4965
-5306
-5577
-5830
-5551
-4392
-3614
-3299
-3193
-2072
-512
798
1565
1343
2579
3853
5249
5684
6325
6425
6263
7118
7408
7549
6492
6017
5660
5070
4018
2991
2381
1009
106
-617
-1343
-2385
-2885
-2822
-3250
-3605
-3812
-3251
-2810
-2638
-2380
-2041
-1597
-1217
-345
240
353
386
629
868
826
1008
824
421
-286
-715
-852
-1294
-1980
-2991
-3580
-4193
-4557
-4824
-5122
-5380
-5633
-5501
-4402
-3451
-3075
-2949
-2085
-485
784
1700
1437
2404
3693
5027
5638
6118
6326
5973
6715
7115
7322
6440
5751
5425
4890
3990
2966
2401
1177
198
-445
-1131
-2080
-2647
-2609
-2970
-3327
-3563
-3142
-2685
-2477
-2305
-2023
-1651
-1347
-594
20
163
114
288
522
546
701
597
224
-410
-818
-919
-1287
-1894
-2747
-3224
-3833
-4245
-4582
-4786
-4923
-5059
-5089
-4382
-3314
-2880
-2550
-2017
-581
649
1701
1612
2115
3420
4595
5386
5754
6133
5739
6202
6740
7029
6480
5617
5227
4770
4043
3049
2461
1392
248
-347
-939
-1837
-2591
-2624
-2799
-3120
-3396
-3258
-2777
-2517
-2272
-2018
-1655
-1403
-785
18
263
243
253
530
629
769
772
354
-184
-741
-795
-1121
-1658
-2598
-3137
-3576
-4123
-4490
-4962
-5008
-5167
-5101
-4886
-3766
-3115
-2800
-2388
-1323
217
1341
1864
1785
3017
4283
5312
5794
6217
6148
6134
6917
7263
7099
6130
5596
5186
4539
3547
2725
1892
522
-297
-831
-1607
-2606
-3002
-2987
-3255
-3516
-3630
-3272
-2968
-2737
-2323
-1926
-1554
-1143
-262
299
410
462
648
863
877
1054
824
321
-357
-737
-899
-1330
-2070
-3012
-3520
-4133
-4494
-4874
-5146
-5333
-5508
-5362
-4486
-3244
-2922
-2725
-2132
-570
965
1878
1879
2371
3867
4979
5843
6245
6410
6117
6698
7416
7401
6625
5715
5448
4863
4018
2981
2237
994
-117
-599
-1265
-2211
-2985
-2977
-3104
-3382
-3577
-3375
-3005
-2850
-2483
-2035
-1631
-1283
-582
178
404
456
607
845
848
885
868
503
-85
-635
-909
-1295
-1819
-2600
-3213
-3875
-4439
-4740
-4868
-5020
-5246
-5419
-4981
-3552
-2691
-2400
-2336
-1271
307
1702
2045
1966
3098
4271
5298
5837
6272
5926
5945
6759
7163
6827
5679
5218
4897
4268
3293
2525
1658
293
-276
-741
-1518
-2483
-2757
-2691
-3032
-3326
-3360
-2852
-2663
-2493
-2130
-1771
-1473
-947
-82
295
265
353
662
807
684
699
558
148
-405
-760
-1089
-1664
-2209
-2812
-3228
-4031
-4528
-4814
-4760
-4943
-5111
-5298
-4542
-3055
-2454
-2138
-2123
-609
774
2121
1928
2222
3533
4538
5532
5863
6337
5664
6169
6794
7119
6471
5323
5096
4599
3924
2884
2304
1146
-157
-503
-1024
-1888
-2788
-2807
-2832
-3265
-3490
-3344
-2689
-2570
-2289
-1904
-1590
-1227
-546
355
490
496
643
923
947
840
930
663
162
-524
-873
-1211
-1728
-2419
-3126
-3634
-4434
-4835
-5090
-5049
-5366
-5545
-5567
-4286
-3026
-2607
-2442
-1928
-78
1244
2319
1837
2784
4097
5236
6019
6385
6589
6023
6929
7304
7427
6402
5542
5299
4585
3744
2664
1976
506
-550
-876
-1579
-2590
-3268
-3131
-3370
-3747
-3857
-3436
-2846
-2693
-2301
-1866
-1516
-1052
-224
543
625
733
854
998
1004
1046
1083
599
-66
-800
-1031
-1271
-1840
-2794
-3544
-4150
-4734
-4971
-5104
-5215
-5654
-5731
-4996
-3448
-2785
-2590
-2264
-961
754
1902
2214
2166
3582
4745
5795
6277
6567
6302
6415
7258
7348
6898
5833
5420
4994
4133
3134
2197
1187
-110
-697
-1180
-2130
-2987
-3171
-3155
-3540
-3726
-3559
-3028
-2726
-2486
-2079
-1675
-1318
-731
57
418
501
651
756
761
797
906
676
70
-625
-1016
-1195
-1465
-2242
-3095
-3726
-4287
-4518
-4665
-4711
-5046
-5365
-5021
-3576
-2594
-2412
-2314
-1422
145
1434
2023
1880
2774
4031
5064
5707
6119
5956
5811
6543
6972
6721
5725
5198
4970
4373
3400
2526
1642
402
-269
-608
-1369
-2434
-2799
-2749
-3013
-3343
-3329
-2900
-2574
-2418
-2127
-1772
-1455
-1021
-281
218
260
357
591
678
633
753
657
191
-470
-899
-1027
-1339
-1914
-2808
-3371
-3996
-4343
-4451
-4617
-4758
-5165
-5152
-4168
-2841
-2485
-2426
-1970
-527
913
1812
1724
2087
3487
4560
5389
5857
6067
5634
6134
6844
6900
6140
5199
5074
4631
3805
2832
2115
914
-218
-488
-955
-1958
-2713
-2693
-2851
-3213
-3399
-3087
-2614
-2435
-2196
-1853
-1538
-1230
-513
247
473
431
601
848
862
968
984
592
-35
-653
-848
-1063
-1605
-2542
-3312
-3884
-4488
-4682
-4867
-5040
-5320
-5622
-5013
-3697
-2913
-2763
-2510
-1293
311
1636
1865
1816
3029
4379
5363
5963
6402
6102
6133
6952
7290
6897
5805
5334
5076
4292
3261
2443
1487
39
-671
-1039
-1832
-2720
-2928
-2959
-3361
-3634
-3509
-2922
-2610
-2394
-2044
-1677
-1376
-836
67
507
552
633
883
969
987
1137
851
321
-337
-755
-984
-1435
-2198
-3101
-3695
-4370
-4790
-4948
-5124
-5234
-5539
-5442
-4275
-3163
-2700
-2624
-1787
-197
1343
2136
1873
2653
4018
5144
5824
6358
6346
5981
6635
7198
7132
6155
5347
5169
4593
3589
2614
1855
505
-533
-922
-1579
-2496
-2986
-2898
-3144
-3508
-3559
-3072
-2585
-2393
-2078
-1749
-1440
-1037
-197
422
429
430
641
865
815
851
724
278
-262
-736
-971
-1410
-2029
-2829
-3381
-3903
-4489
-4717
-4868
-4911
-5052
-5188
-4569
-3315
-2533
-2273
-1993
-784
729
1991
2133
2199
3374
4446
5346
5830
6253
5846
5972
6671
6926
6424
5327
5046
4717
3954
2955
2184
1130
-199
-607
-988
-1825
-2760
-2966
-2884
-3162
-3338
-3280
-2796
-2524
-2143
-1747
-1509
-1226
-616
319
595
580
622
832
999
925
918
572
68
-511
-831
-1064
-1678
-2404
-3171
-3602
-4125
-4608
-4815
-4997
-5052
-5272
-5228
-4461
-3128
-2441
-2224
-1900
-654
978
2102
2259
2327
3569
4600
5520
6041
6413
6031
6126
6851
7040
6472
5386
5122
4694
3841
2888
2032
837
-573
-816
-1027
-1981
-3048
-3402
-3218
-3404
-3415
-3391
-3062
-2814
-2381
-1701
-1356
-1037
-485
464
890
1015
1156
1317
1499
1336
1254
1074
529
-194
-753
-1032
-1573
-2382
-3172
-3824
-4389
-4939
-5174
-5288
-5507
-5780
-5877
-5202
-3549
-2660
-2368
-2382
-1222
692
2147
2662
2220
3456
4574
5825
6433
6882
6559
6170
7062
7315
7104
5824
5272
4898
4063
3096
1993
1052
-586
-1069
-1128
-1960
-3074
-3750
-3392
-3532
-3441
-3460
-3124
-2835
-2645
-1820
-1282
-826
-541
310
927
1082
1299
1454
1697
1371
1125
1172
752
-1
-843
-1259
-1706
-2380
-3037
-3824
-4511
-5141
-5294
-5214
-5459
-5753
-5898
-5471
-3767
-2582
-2080
-2325
-1575
377
2064
3070
2342
3207
4301
5659
6408
6873
6739
5884
6664
7060
7219
6022
5123
4813
4107
3242
2012
1370
-163
-1022
-1048
-1594
-2599
-3539
-3196
-3225
-3082
-3188
-2950
-2641
-2672
-1987
-1376
-833
-818
-218
492
701
883
978
1244
942
614
734
544
-71
-963
-1446
-1803
-2257
-2742
-3388
-4036
-4737
-4922
-4742
-4828
-5085
-5162
-5038
-3771
-2377
-1670
-1789
-1642
-30
1641
3029
2548
2786
3837
4958
5890
6346
6600
5655
5979
6564
6927
6178
5038
4757
4199
3395
2228
1713
534
-728
-944
-1264
-2166
-3272
-3171
-2964
-2864
-3071
-3047
-2697
-2641
-2142
-1516
-1016
-1039
-633
163
557
684
699
831
761
510
608
528
-26
-863
-1411
-1666
-2045
-2493
-3117
-3645
-4385
-4798
-4723
-4651
-4822
-4999
-4975
-4072
-2467
-1784
-1634
-1701
-349
1275
2758
2812
2604
3760
4690
5807
6184
6685
6006
5976
6631
6926
6568
5293
4897
4401
3584
2433
1780
850
-590
-1073
-1430
-2303
-3387
-3514
-3188
-3173
-3366
-3436
-2987
-2731
-2327
-1664
-1135
-980
-650
184
740
849
868
900
981
792
836
742
155
-648
-1290
-1466
-1898
-2401
-3100
-3603
-4327
-4928
-4988
-4855
-4943
-5243
-5265
-4436
-2623
-2028
-1743
-1778
-456
1166
2637
3001
2601
3878
4719
5919
6216
6773
6247
6076
6743
6893
6739
5369
4828
4332
3611
2484
1703
915
-487
-1020
-1461
-2259
-3219
-3395
-3136
-3219
-3334
-3421
-2930
-2660
-2316
-1743
-1209
-931
-638
151
647
722
715
772
861
699
701
521
-36
-757
-1322
-1463
-1887
-2441
-3108
-3466
-4066
-4621
-4844
-4681
-4665
-4842
-4901
-4322
-2486
-1889
-1469
-1572
-392
1138
2494
3053
2528
3771
4437
5562
5864
6413
5975
5607
6323
6392
6410
5076
4482
4001
3368
2437
1680
1063
-336
-769
-1142
-1758
-2627
-2836
-2640
-2877
-2884
-3000
-2558
-2464
-2201
-1744
-1316
-987
-755
-27
311
399
349
404
502
349
382
104
-347
-982
-1447
-1562
-1915
-2403
-3078
-3223
-3695
-4083
-4455
-4367
-4224
-4263
-4249
-4171
-2513
-1753
-1156
-1332
-589
968
2214
3094
2477
3548
4161
5095
5625
6118
5982
5270
5985
6114
6252
5080
4354
4033
3303
2510
1710
1220
-265
-883
-1051
-1530
-2416
-2897
-2671
-2803
-2733
-2856
-2619
-2551
-2324
-1755
-1269
-993
-825
-171
307
519
526
509
585
475
528
324
-95
-732
-1332
-1507
-1804
-2235
-2972
-3216
-3669
-4068
-4459
-4528
-4355
-4484
-4372
-4575
-3078
-2005
-1368
-1445
-1181
594
1893
3213
2566
3353
4193
5039
5903
6275
6505
5531
6149
6406
6585
5637
4582
4394
3599
2815
1819
1285
-129
-1155
-1252
-1772
-2647
-3399
-3207
-3140
-3113
-3148
-3072
-2803
-2606
-1967
-1289
-975
-799
-303
427
741
788
787
866
826
722
666
279
-343
-1114
-1398
-1589
-2068
-2770
-3239
-3651
-4175
-4482
-4590
-4451
-4760
-4663
-4753
-3310
-1990
-1549
-1488
-1487
421
1778
3269
2636
3083
4134
4958
6012
6256
6579
5554
6068
6455
6579
5828
4610
4428
3735
2989
1917
1273
95
-1045
-1154
-1802
-2639
-3402
-3203
-3104
-3215
-3236
-3216
-2758
-2551
-1977
-1398
-1051
-820
-336
454
690
668
715
879
853
597
553
234
-335
-1103
-1487
-1617
-2092
-2671
-3205
-3614
-4160
-4349
-4339
-4261
-4621
-4589
-4498
-3095
-1639
-1296
-1269
-1333
458
1920
3318
2727
2854
3889
4728
5760
5988
6173
5171
5536
6045
6183
5487
4278
4049
3523
2852
1838
1214
232
-810
-866
-1477
-2260
-3012
-2751
-2621
-2813
-2886
-2848
-2330
-2230
-1726
-1370
-1052
-858
-380
332
444
413
406
618
554
217
157
-84
-485
-1148
-1608
-1891
-2195
-2543
-3051
-3403
-4041
-4127
-4195
-3926
-4297
-4276
-4259
-3354
-1561
-1073
-777
-1294
162
1633
3246
3143
2599
3519
4202
5461
5684
6065
5150
4922
5568
5886
5721
4316
3857
3449
2912
1981
1245
654
-670
-883
-1232
-1832
-2739
-2882
-2475
-2667
-2673
-2813
-2260
-2099
-1782
-1336
-1067
-821
-600
183
454
476
406
534
585
232
203
134
-206
-840
-1354
-1637
-1970
-2257
-2738
-3170
-3682
-4135
-4156
-4161
-4176
-4418
-4274
-4000
-2687
-1286
-987
-1002
-907
839
2415
3419
2881
2876
3953
4736
5756
5944
5948
5014
5211
5854
6019
5377
4069
3822
3197
2508
1570
1016
14
-1128
-1184
-1700
-2377
-3160
-2943
-2761
-2894
-2880
-2795
-2250
-2144
-1657
-1210
-879
-732
-338
363
563
567
498
605
479
276
411
275
-294
-1074
-1401
-1400
-1778
-2254
-2904
-3222
-3750
-4010
-4093
-4128
-4232
-4318
-4050
-3558
-1987
-1273
-974
-1195
-357
1349
2795
3126
2467
3244
4084
5081
5616
6015
5500
4982
5502
5952
5908
4770
4055
3679
2973
2131
1451
824
-546
-1145
-1301
-1922
-2685
-3101
-2753
-2841
-2844
-2921
-2572
-2290
-2112
-1519
-1143
-868
-754
-126
321
487
470
429
522
327
335
425
98
-645
-1326
-1337
-1356
-1863
-2483
-3061
-3224
-3688
-3863
-4052
-4048
-4004
-3916
-3660
-3114
-1546
-1102
-789
-974
133
1804
2907
2916
2398
3554
4175
5059
5525
5872
5244
4861
5542
5808
5573
4354
3918
3431
2589
1885
1367
607
-839
-1201
-1425
-2034
-2778
-2963
-2654
-2839
-2900
-2899
-2448
-2341
-2056
-1416
-1069
-956
-735
-31
356
493
464
480
523
354
507
558
15
-754
-1257
-1095
-1352
-1947
-2617
-3099
-3209
-3807
-3896
-4205
-4027
-4026
-3863
-3753
-3086
-1356
-1026
-666
-1018
533
2123
3146
2918
2643
3973
4316
5377
5783
6157
5235
5015
5743
5899
5563
4240
3899
3145
2345
1724
1165
159
-1348
-1471
-1750
-2429
-3250
-3244
-2880
-3194
-3246
-3145
-2587
-2501
-2027
-1275
-985
-916
-622
301
710
814
776
778
785
582
900
790
158
-667
-1037
-869
-1426
-1986
-2829
-3066
-3465
-3976
-4116
-4430
-4119
-4320
-3929
-4196
-2927
-1463
-908
-852
-1088
880
2194
3408
2683
3109
3981
4523
5564
6016
6301
5042
5268
5729
6035
5352
4208
3801
2855
2233
1611
1077
-311
-1572
-1449
-1802
-2556
-3430
-3152
-2981
-3275
-3244
-3006
-2517
-2560
-1827
-1151
-885
-909
-480
513
779
926
834
906
769
620
928
704
84
-773
-867
-973
-1520
-2157
-2800
-2979
-3506
-3778
-4080
-4271
-4097
-4064
-3756
-4111
-2875
-1468
-779
-855
-982
821
2000
3189
2649
3061
3738
4268
5373
5806
6121
4883
5079
5496
5782
5209
4100
3706
2678
2247
1666
1154
-235
-1362
-1205
-1582
-2238
-3141
-2839
-2865
-3017
-2925
-2649
-2340
-2414
-1638
-1112
-810
-915
-465
381
673
802
646
707
546
491
656
489
-131
-868
-985
-1255
-1603
-2189
-2607
-2976
-3364
-3568
-3827
-3953
-3900
-3743
-3585
-3811
-2786
-1369
-766
-754
-932
678
1780
2974
2580
2746
3511
3956
5090
5401
5843
4744
4840
5259
5491
5145
4006
3704
2722
2350
1761
1255
104
-1039
-974
-1452
-2021
-2922
-2713
-2781
-2914
-2860
-2691
-2319
-2380
-1702
-1310
-921
-930
-545
216
516
732
544
647
517
496
661
536
11
-752
-951
-1250
-1478
-1912
-2416
-2873
-3327
-3565
-3765
-3813
-3801
-3908
-3727
-3901
-2605
-1296
-875
-959
-1106
772
1924
3149
2381
2684
3563
4156
5246
5509
5848
4607
4998
5452
5692
5105
3919
3675
2740
2333
1636
1103
-172
-1299
-1165
-1741
-2407
-3303
-2982
-2981
-3105
-3040
-2917
-2408
-2451
-1666
-1198
-837
-731
-285
580
775
1025
892
1042
898
813
1008
780
268
-607
-794
-1088
-1423
-1854
-2481
-2895
-3442
-3743
-3998
-4082
-3970
-4158
-3889
-4062
-2804
-1311
-915
-982
-1272
642
1997
3267
2516
2541
3543
4149
5252
5557
5865
4507
4760
5450
5729
5114
3780
3466
2649
2238
1579
1005
-300
-1574
-1364
-1724
-2508
-3433
-3159
-2912
-2999
-2905
-2888
-2434
-2340
-1597
-921
-655
-572
-242
717
1024
1159
1079
1085
1004
865
1081
842
319
-539
-832
-956
-1327
-1774
-2452
-2822
-3299
-3637
-3931
-4163
-3959
-3985
-3720
-3836
-3157
-1482
-785
-620
-1128
156
1766
3067
2947
2391
3268
3749
4766
5256
5624
4578
4115
4887
5242
5016
3724
3096
2461
2021
1573
973
-38
-1432
-1491
-1485
-2148
-2996
-3047
-2580
-2577
-2511
-2561
-2238
-1925
-1447
-692
-424
-373
-233
560
1084
1074
1018
883
839
681
770
727
259
-485
-978
-1007
-1249
-1716
-2261
-2707
-3032
-3410
-3636
-3918
-3859
-3625
-3503
-3381
-3450
-1849
-732
-318
-802
-483
1387
2570
3240
2322
2913
3388
4090
4960
5274
4896
3718
4375
4780
4900
3959
3014
2613
1940
1661
1051
425
-935
-1454
-1355
-1818
-2527
-2909
-2390
-2390
-2393
-2507
-2221
-1790
-1515
-849
-523
-426
-443
217
907
977
890
708
739
627
649
706
379
-292
-941
-999
-1085
-1533
-2064
-2601
-2838
-3176
-3393
-3677
-3882
-3581
-3561
-3198
-3632
-2468
-989
-446
-590
-1036
874
2071
3158
2390
2489
3365
3639
4839
5093
5289
3880
4122
4812
4921
4442
3179
3016
2200
1883
1271
736
-416
-1377
-1203
-1600
-2228
-2956
-2493
-2310
-2410
-2512
-2410
-1853
-1689
-1077
-668
-506
-566
-169
680
909
948
717
725
673
632
819
569
26
-744
-916
-918
-1259
-1749
-2394
-2627
-2950
-3143
-3413
-3775
-3578
-3613
-3199
-3608
-3103
-1469
-751
-559
-1326
30
1424
2599
2444
1942
2972
3177
4325
4735
5189
4240
3812
4705
4872
4867
3613
3344
2750
2294
1815
1191
386
-891
-919
-1132
-1679
-2579
-2590
-2222
-2358
-2437
-2526
-2087
-1909
-1496
-982
-817
-805
-638
146
568
695
599
523
583
512
724
689
296
-350
-705
-710
-918
-1284
-1857
-2258
-2529
-2757
-2961
-3359
-3395
-3337
-3116
-3249
-3515
-2169
-1019
-542
-1088
-866
577
1717
2451
1767
2194
2602
3342
4134
4561
4437
3468
3966
4404
4727
4074
3390
3027
2475
2122
1604
1137
-35
-736
-797
-1001
-1753
-2297
-2125
-2095
-2185
-2300
-2075
-1882
-1670
-1247
-909
-837
-857
-312
228
465
442
405
425
397
423
526
418
-63
-506
-769
-804
-1016
-1378
-1876
-2202
-2373
-2596
-2855
-3163
-3030
-2813
-2720
-3143
-3108
-1598
-492
-312
-935
-587
795
1964
2422
1746
2072
2419
3172
3937
4327
3890
3026
3618
4148
4383
3661
3016
2666
2211
1911
1556
1040
-166
-738
-629
-835
-1591
-2009
-1799
-1822
-1962
-1994
-1710
-1534
-1381
-1021
-686
-708
-686
-128
307
363
256
267
332
276
205
252
32
-379
-791
-1021
-1069
-1277
-1597
-2050
-2259
-2430
-2624
-2885
-3137
-2869
-2582
-2563
-3007
-2940
-1418
-309
-111
-801
-517
778
1931
2444
1751
1996
2177
2983
3742
4126
3673
2835
3459
3893
4193
3464
2908
2614
2184
2009
1568
1133
-86
-502
-413
-635
-1275
-1763
-1482
-1675
-1701
-1718
-1401
-1299
-1264
-851
-593
-526
-555
-91
174
201
177
252
299
147
78
132
-79
-420
-823
-1045
-1090
-1288
-1540
-2004
-2162
-2460
-2527
-2847
-3029
-2925
-2600
-2585
-2971
-2905
-1864
-414
-352
-591
-883
421
1490
2197
1839
1574
2142
2509
3654
3791
3828
2982
3268
3863
4007
3807
2982
2899
2343
2121
1705
1194
354
-426
-284
-590
-1078
-1643
-1562
-1570
-1731
-1569
-1515
-1307
-1317
-907
-564
-513
-419
-233
147
211
334
460
441
370
201
313
141
-21
-437
-796
-883
-1102
-1247
-1731
-1960
-2370
-2533
-2813
-2991
-3012
-2803
-2838
-3077
-3202
-2346
-819
-575
-735
-1422
-135
971
1967
1650
1282
1923
2198
3491
3744
4086
3123
3217
3917
4174
4183
3275
3180
2553
2178
1785
1336
714
-376
-348
-636
-1068
-1706
-1816
-1629
-1948
-1829
-1969
-1628
-1583
-1224
-798
-775
-641
-555
62
292
461
543
546
615
466
623
597
444
15
-449
-508
-681
-843
-1378
-1790
-2141
-2458
-2658
-2980
-3056
-3013
-3083
-3312
-3540
-2641
-1202
-805
-1169
-1822
-658
682
1734
1475
1076
1628
2084
3454
4043
4276
3358
3356
4225
4675
4736
3847
3516
2926
2522
2185
1745
1025
-137
-276
-484
-979
-1745
-1948
-1816
-2089
-2147
-2316
-2063
-1962
-1564
-1130
-1063
-1052
-921
-184
262
494
505
456
575
573
908
941
691
155
-281
-167
-300
-529
-1238
-1730
-2011
-2320
-2562
-3060
-3195
-3152
-3313
-3567
-3941
-2925
-1595
-1183
-1604
-2242
-946
280
1548
1164
910
1364
1899
3429
4060
4442
3371
3527
4426
5048
5138
4175
3873
3203
2932
2593
2137
1292
60
-32
-285
-798
-1644
-1902
-1878
-2134
-2162
-2354
-2213
-2149
-1710
-1256
-1195
-1233
-1087
-335
183
468
472
423
518
623
1012
1080
807
206
-82
-12
-93
-466
-1141
-1642
-1963
-2189
-2563
-3047
-3345
-3238
-3307
-3597
-3998
-3338
-2040
-1504
-1698
-2183
-1303
-110
1100
1170
891
1239
1745
3046
3874
4279
3579
3512
4314
4901
5038
4276
3924
3361
2965
2685
2265
1510
353
96
-62
-593
-1318
-1693
-1729
-1949
-1976
-2050
-2057
-1968
-1704
-1221
-1144
-1173
-1028
-445
95
305
382
409
460
561
790
932
731
204
26
-105
-119
-525
-990
-1446
-1868
-2025
-2437
-2823
-3274
-3193
-3005
-3280
-3660
-3696
-2485
-1490
-1407
-1755
-1816
-576
506
1366
1037
1001
1503
2295
3555
4003
3997
3414
3862
4511
4827
4564
3961
3580
2945
2684
2424
1935
990
205
184
-279
-856
-1389
-1450
-1618
-1921
-1880
-1952
-1720
-1766
-1369
-1204
-1185
-1078
-725
-130
-7
120
178
265
292
340
567
500
117
-184
-399
-363
-577
-851
-1397
-1840
-2125
-2314
-2590
-3096
-3226
-3056
-3073
-3412
-3775
-2980
-1559
-1189
-1504
-2076
-1051
167
1347
1281
861
1283
1926
3294
3971
4303
3598
3584
4284
4843
4970
4295
3849
3227
2881
2730
2365
1663
460
251
14
-438
-1071
-1380
-1422
-1884
-1805
-1880
-1606
-1734
-1574
-1211
-1117
-978
-895
-315
-82
48
146
235
297
188
376
450
228
-143
-458
-526
-596
-762
-1225
-1850
-2262
-2376
-2458
-2882
-3375
-3345
-3229
-3330
-3681
-3582
-2152
-1414
-1457
-2075
-1707
-228
865
1456
785
1078
1706
2858
3881
4204
3978
3375
4069
4719
5114
4688
4006
3627
3089
2993
2656
2108
944
160
208
-157
-743
-1432
-1499
-1761
-1818
-1772
-1777
-1737
-1798
-1317
-1079
-955
-999
-644
-122
81
268
292
382
274
354
588
566
248
-216
-445
-456
-524
-856
-1553
-2160
-2311
-2282
-2558
-3235
-3473
-3327
-3298
-3524
-3844
-2981
-1808
-1620
-1929
-2218
-982
277
1138
914
671
1460
2222
3444
3935
4029
3409
3607
4494
4890
4865
4148
3787
3356
3066
2866
2351
1450
367
214
115
-498
-1240
-1560
-1605
-1756
-1727
-1849
-1842
-1824
-1521
-1167
-1044
-1093
-937
-346
63
267
285
317
328
403
639
789
543
55
-326
-294
-285
-544
-1239
-1920
-2118
-2075
-2225
-2968
-3390
-3307
-3132
-3274
-3696
-3425
-2194
-1605
-1695
-2131
-1578
-253
765
1097
676
1182
1845
2891
3773
4112
3706
3401
4200
4756
4987
4477
3933
3531
3131
2962
2614
1885
698
159
142
-258
-999
-1467
-1603
-1788
-1844
-1905
-1902
-1894
-1751
-1437
-1172
-1172
-1111
-639
-114
148
183
227
267
357
510
742
610
144
-326
-374
-292
-473
-1070
-1808
-2056
-2124
-2199
-2839
-3401
-3387
-3130
-3125
-3594
-3722
-2625
-1558
-1416
-1873
-1924
-750
493
1312
988
1015
1603
2463
3647
4252
4130
3445
3895
4659
5102
4858
4123
3686
3199
3003
2790
2253
1069
151
97
-49
-704
-1358
-1629
-1810
-1890
-1920
-1914
-1921
-1877
-1599
-1220
-1133
-1133
-797
-219
152
220
247
265
359
444
702
691
277
-261
-461
-349
-454
-893
-1665
-2052
-2232
-2328
-2736
-3330
-3491
-3307
-3201
-3531
-3916
-3138
-1765
-1324
-1665
-2127
-1216
161
1337
1332
952
1483
2210
3527
4325
4490
3789
3756
4629
5205
5263
4424
3865
3360
3063
2918
2434
1421
174
-56
-53
-637
-1430
-1924
-2047
-2149
-2127
-2185
-2213
-2148
-1892
-1395
-1222
-1152
-880
-243
310
473
541
545
721
847
1093
1130
743
260
-68
-31
-190
-611
-1340
-1885
-2177
-2417
-2756
-3333
-3736
-3727
-3671
-3837
-4283
-3952
-2505
-1816
-1919
-2534
-1898
-403
922
1412
844
1337
2117
3479
4476
4774
4399
4034
4946
5604
5862
5102
4353
3941
3473
3318
2748
1883
496
-124
-118
-729
-1612
-2350
-2458
-2621
-2708
-2798
-2871
-2725
-2507
-1966
-1668
-1524
-1242
-567
221
551
724
797
1052
1271
1529
1724
1417
970
542
479
339
-68
-755
-1490
-1948
-2304
-2651
-3226
-3902
-4145
-4175
-4289
-4656
-4834
-3537
-2549
-2433
-3019
-2829
-1200
239
1232
755
989
1907
3191
4568
5011
5027
4477
5199
6090
6475
6071
5116
4771
4184
3881
3337
2580
1266
79
-113
-665
-1540
-2459
-2704
-2901
-3244
-3369
-3384
-3115
-2945
-2531
-2104
-1847
-1549
-913
18
517
781
967
1264
1558
1760
2089
2022
1630
1107
863
811
469
-139
-1047
-1717
-2145
-2531
-3053
-3939
-4452
-4527
-4613
-4896
-5415
-4718
-3376
-2892
-3177
-3498
-2256
-644
738
936
706
1571
2587
4161
5036
5392
4979
4994
6019
6559
6675
5750
5162
4600
4069
3660
2980
1951
379
-223
-598
-1299
-2225
-2785
-2981
-3417
-3543
-3504
-3179
-2987
-2747
-2266
-1855
-1487
-998
-100
541
894
1150
1416
1730
1904
2180
2290
1991
1434
974
901
649
46
-853
-1677
-2123
-2567
-3058
-3893
-4569
-4705
-4697
-4908
-5359
-5337
-4051
-3009
-2851
-3212
-2815
-1191
302
1374
1099
1488
2327
3563
4922
5473
5500
4815
5415
6122
6527
6043
5088
4500
3728
3406
2855
2138
631
-513
-809
-1239
-1932
-2779
-3094
-3445
-3532
-3431
-3198
-2942
-2819
-2337
-1824
-1348
-990
-301
480
952
1305
1504
1785
1988
2188
2395
2258
1797
1188
913
802
329
-416
-1331
-1877
-2352
-2762
-3428
-4134
-4465
-4475
-4553
-4942
-5158
-4624
-3118
-2583
-2612
-2934
-1890
-234
1089
1576
1181
1960
2749
4235
5123
5476
4995
4632
5536
5999
6130
5194
4443
3773
3170
2900
2185
1270
-275
-834
-1008
-1590
-2341
-3066
-3137
-3402
-3278
-3225
-2994
-2741
-2527
-1862
-1466
-1019
-645
136
821
1163
1454
1597
1883
1994
2181
2249
1982
1499
899
757
479
-8
-781
-1676
-2154
-2653
-2911
-3660
-4255
-4562
-4483
-4594
-4916
-5040
-4205
-2734
-2487
-2551
-2768
-1271
213
1362
1376
1231
2176
3029
4500
5067
5361
4682
4785
5691
6007
5908
4882
4334
3623
3156
2769
1908
918
-524
-693
-1010
-1749
-2534
-3025
-2901
-3255
-3102
-3139
-2760
-2498
-2175
-1502
-1236
-751
-318
584
1094
1331
1599
1785
2062
2085
2250
2209
1922
1426
845
703
309
-128
-976
-1893
-2419
-2892
-3092
-3922
-4531
-4918
-4770
-4920
-5120
-5232
-4231
-2974
-2830
-2795
-2851
-1123
119
1229
1043
1302
2267
3217
4615
5041
5361
4668
5176
5892
6193
5903
4972
4500
3760
3391
2808
1922
795
-397
-498
-1006
-1891
-2681
-2966
-2891
-3239
-3174
-3207
-2796
-2486
-2008
-1416
-1194
-694
-93
867
1277
1503
1779
2037
2302
2367
2512
2386
2034
1536
1035
864
393
-136
-1069
-1939
-2489
-2944
-3269
-4165
-4773
-5200
-5035
-5275
-5351
-5483
-4429
-3365
-3152
-3019
-3019
-1202
-90
1122
909
1438
2386
3371
4736
5130
5509
4803
5407
5949
6257
5954
5051
4549
3731
3360
2739
1869
725
-383
-621
-1263
-2147
-2837
-3053
-3088
-3441
-3389
-3303
-2834
-2462
-1954
-1420
-1135
-527
181
1110
1489
1725
2061
2359
2613
2638
2708
2544
2125
1622
1084
802
300
-318
-1305
-2183
-2752
-3206
-3613
-4553
-5145
-5542
-5284
-5549
-5577
-5701
-4717
-3413
-3069
-2763
-2944
-1095
147
1560
1512
1792
2851
3637
5171
5528
6038
5183
5429
6075
6309
6222
5028
4482
3513
3107
2616
1714
666
-705
-1007
-1608
-2315
-2950
-3187
-3197
-3566
-3387
-3158
-2559
-2189
-1755
-1192
-808
-76
581
1436
1791
1978
2317
2596
2828
2708
2649
2424
1982
1434
822
356
-207
-835
-1795
-2708
-3346
-3781
-4175
-5058
-5687
-6002
-5592
-5696
-5786
-5897
-5075
-3344
-2777
-2312
-2649
-1055
458
1957
2341
2145
3209
3729
5320
5826
6335
5530
5191
5952
6104
6256
4957
4228
3235
2679
2406
1545
597
-983
-1426
-1732
-2259
-2780
-3134
-3109
-3373
-3077
-2689
-2149
-1760
-1436
-768
-300
424
990
1680
2082
2235
2568
2747
2915
2726
2602
2335
1865
1278
653
110
-493
-1137
-2045
-2957
-3617
-3973
-4382
-5172
-5911
-6152
-5693
-5566
-5739
-5925
-5390
-3577
-2669
-2173
-2490
-1499
208
1660
2500
2108
2942
3385
4749
5641
6080
5578
4807
5556
5834
6154
5089
4105
3258
2590
2532
1775
852
-763
-1478
-1405
-1763
-2215
-2867
-2944
-3013
-2638
-2153
-1923
-1568
-1368
-562
29
637
1049
1502
2060
2289
2653
2706
2770
2582
2485
2293
1828
1241
549
48
-510
-1143
-1983
-2905
-3581
-3923
-4288
-4973
-5770
-6105
-5735
-5368
-5541
-5736
-5596
-3994
-2720
-2147
-2261
-2010
-265
1168
2423
2145
2585
3146
4067
5381
5838
5749
4706
5176
5685
6042
5478
4251
3563
2725
2689
2132
1244
-177
-1315
-1113
-1359
-1757
-2547
-2813
-2791
-2518
-1934
-1879
-1563
-1474
-718
50
552
897
1139
1787
2126
2498
2545
2517
2329
2186
2121
1689
1144
365
-170
-689
-1303
-2028
-2909
-3628
-4135
-4437
-4975
-5661
-6190
-6053
-5502
-5613
-5706
-5863
-4612
-2952
-2213
-2025
-2320
-785
801
2357
2493
2450
3182
3731
5240
5946
6282
5218
5085
5857
6220
6223
4937
4245
3288
2994
2685
1860
772
-768
-852
-1044
-1444
-2183
-2624
-2610
-2638
-2074
-1962
-1604
-1514
-1043
-197
296
692
831
1483
1898
2249
2392
2370
2279
1998
2003
1663
1230
463
-202
-709
-1345
-1932
-2790
-3538
-4246
-4611
-4946
-5542
-6176
-6455
-5844
-5751
-5812
-6020
-5378
-3503
-2522
-1969
-2377
-1408
307
1934
2713
2370
3086
3526
4827
5831
6403
5768
5006
5765
6190
6458
5469
4618
3790
3131
2935
2189
1354
-195
-746
-861
-1287
-1917
-2506
-2493
-2638
-2266
-2045
-1703
-1412
-1128
-377
120
550
732
1343
1861
2101
2278
2268
2339
2062
1951
1677
1317
714
-33
-550
-1218
-1719
-2465
-3221
-3965
-4508
-4691
-5205
-5820
-6374
-6000
-5611
-5707
-5812
-5726
-4073
-2867
-2102
-2221
-1883
-293
1228
2549
2266
2676
3206
4158
5302
5946
5900
4919
5288
5851
6193
5642
4674
4027
3250
2968
2403
1639
381
-618
-742
-1056
-1591
-2197
-2429
-2484
-2340
-1963
-1720
-1389
-1102
-572
-4
404
730
1142
1720
1991
2159
2186
2263
2169
1931
1657
1296
864
187
-432
-1079
-1660
-2256
-2976
-3713
-4299
-4665
-4887
-5534
-6122
-6200
-5672
-5431
-5628
-5655
-5046
-3225
-2274
-1747
-1938
-1075
614
2098
2982
2598
3203
3695
4897
5862
6270
5745
4982
5592
6061
6209
5269
4312
3681
3052
2777
2107
1146
-171
-921
-885
-1208
-1744
-2281
-2494
-2444
-2126
-1610
-1403
-1201
-952
-348
289
652
962
1295
1757
2006
2168
2169
2122
1905
1592
1274
857
340
-353
-985
-1694
-2325
-2959
-3610
-4308
-4828
-5155
-5466
-6051
-6480
-6348
-5798
-5614
-5772
-5662
-4964
-2906
-1936
-1395
-1749
-841
1027
2590
3557
2947
3593
3995
5431
6377
6681
6039
5135
5854
6263
6429
5261
4306
3696
3023
2740
1984
1062
-320
-964
-863
-1149
-1710
-2290
-2364
-2227
-1802
-1342
-1187
-1073
-831
-42
622
874
1015
1334
1843
2096
2213
2059
1885
1596
1316
1006
509
-93
-813
-1365
-2068
-2707
-3350
-3954
-4583
-5095
-5333
-5682
-6169
-6467
-6235
-5671
-5552
-5606
-5398
-4617
-2508
-1541
-1043
-1472
-569
1331
2880
3802
3092
3692
4049
5484
6291
6500
5876
4959
5653
5920
6072
4973
4109
3443
2741
2476
1747
998
-278
-828
-773
-1012
-1549
-2100
-2031
-1861
-1459
-1158
-1023
-920
-620
186
743
848
879
1230
1726
1904
1881
1618
1396
1153
937
628
57
-512
-1137
-1530
-2142
-2747
-3348
-3891
-4356
-4809
-4958
-5280
-5634
-5843
-5610
-5111
-4990
-4982
-4661
-3959
-2072
-1152
-716
-1037
-329
1525
2820
3721
3012
3548
3913
5081
5861
5951
5530
4580
5242
5482
5651
4760
3838
3221
2526
2373
1666
1044
-92
-701
-629
-871
-1312
-1892
-1749
-1622
-1336
-1104
-1008
-836
-592
125
548
612
638
944
1417
1494
1398
1120
923
731
502
206
-405
-895
-1488
-1825
-2395
-2962
-3499
-4031
-4391
-4829
-4938
-5177
-5420
-5638
-5421
-4954
-4728
-4719
-4363
-3746
-2054
-999
-596
-727
-283
1614
2809
3815
3203
3576
4110
5036
6016
6068
5894
4896
5440
5851
6030
5308
4178
3665
2977
2834
2115
1456
403
-404
-322
-610
-981
-1678
-1571
-1483
-1327
-1114
-1103
-898
-794
-129
216
267
280
507
1036
1117
1013
716
573
486
283
17
-616
-1084
-1674
-1994
-2546
-3131
-3621
-4140
-4459
-4934
-5065
-5260
-5411
-5702
-5562
-5101
-4766
-4670
-4402
-3881
-2461
-1121
-641
-595
-426
1284
2582
3682
3375
3400
4042
4783
5924
6095
6081
5160
5394
5962
6146
5651
4460
3920
3282
3091
2478
1776
797
-140
-154
-358
-683
-1411
-1433
-1335
-1207
-1026
-1039
-906
-858
-268
45
82
18
175
659
793
680
353
226
222
136
-114
-705
-1176
-1681
-1945
-2417
-2967
-3431
-3854
-4120
-4536
-4659
-4838
-4896
-5196
-5173
-4746
-4347
-4139
-4002
-3604
-2600
-1153
-554
-401
-414
792
2125
3158
3222
2959
3509
4125
5152
5506
5581
4944
4832
5391
5677
5439
4428
3825
3385
3140
2686
2027
1162
240
42
-16
-352
-1056
-1279
-1177
-1054
-971
-1000
-968
-948
-526
-194
-134
-236
-166
226
429
356
80
-85
-48
-42
-211
-700
-1138
-1519
-1732
-2046
-2580
-3067
-3473
-3658
-4021
-4174
-4408
-4530
-4764
-4875
-4549
-4154
-3869
-3861
-3591
-3005
-1499
-622
-303
-432
164
1553
2704
3349
2955
3254
3744
4702
5384
5654
5365
4803
5161
5587
5738
5007
4205
3737
3375
3055
2466
1674
692
120
122
-164
-829
-1341
-1383
-1244
-1230
-1238
-1330
-1286
-1078
-643
-404
-459
-433
-167
279
329
187
-8
-30
55
-75
-388
-883
-1213
-1487
-1700
-2157
-2766
-3191
-3489
-3761
-4127
-4364
-4608
-4832
-5053
-4988
-4633
-4290
-4171
-3994
-3700
-2580
-1131
-543
-437
-430
748
2139
3301
3434
3214
3737
4388
5484
6000
6135
5470
5225
5750
6064
5898
4904
4229
3679
3310
2864
2106
1188
206
-46
-150
-698
-1348
-1702
-1609
-1568
-1560
-1657
-1705
-1533
-1219
-755
-678
-674
-534
-64
323
260
138
16
126
74
-161
-542
-951
-1249
-1544
-1845
-2395
-2848
-3161
-3465
-3849
-4180
-4333
-4494
-4723
-4880
-4728
-4355
-4067
-3848
-3573
-3084
-1713
-661
-295
-266
199
1587
2762
3577
3354
3533
4118
4897
5825
6070
5878
5162
5396
5815
5909
5336
4351
3832
3261
2951
2357
1583
594
-98
-118
-458
-1016
-1578
-1699
-1625
-1626
-1629
-1792
-1711
-1540
-1136
-869
-910
-851
-605
-87
60
-4
-146
-150
-73
-241
-446
-800
-1108
-1460
-1708
-2057
-2451
-2744
-3062
-3430
-3752
-3817
-3891
-4028
-4367
-4397
-4127
-3696
-3476
-3305
-3093
-2379
-1019
-356
-120
-163
672
1940
2997
3394
3145
3548
4076
5032
5703
5802
5282
4904
5415
5699
5600
4771
4017
3515
3040
2747
2093
1257
280
-80
-153
-617
-1203
-1664
-1645
-1665
-1628
-1698
-1806
-1663
-1447
-1015
-938
-962
-829
-441
-2
1
-77
-214
-113
-119
-266
-495
-875
-1170
-1494
-1713
-2137
-2475
-2839
-3187
-3574
-3735
-3728
-3932
-4178
-4520
-4333
-3982
-3565
-3523
-3423
-3151
-2080
-779
-312
-217
-208
987
2227
3297
3333
3246
3742
4416
5504
5946
5966
5264
5312
5866
6025
5674
4702
4125
3537
3102
2641
1836
906
12
-222
-459
-1075
-1744
-2019
-1921
-1992
-1964
-2090
-2057
-1818
-1474
-1039
-1039
-960
-699
-167
195
124
45
-15
127
63
-87
-414
-777
-1039
-1354
-1698
-2234
-2584
-2951
-3273
-3688
-3842
-3968
-4246
-4461
-4624
-4365
-4027
-3708
-3698
-3468
-2983
-1608
-548
-175
-175
165
1602
2771
3731
3460
3654
4155
5031
6004
6224
6080
5326
5706
6059
6108
5481
4520
4005
3319
2907
2248
1395
429
-330
-508
-886
-1590
-2178
-2253
-2171
-2243
-2240
-2356
-2221
-1936
-1504
-1132
-1175
-1046
-729
-153
113
28
-39
-87
20
-76
-209
-542
-857
-1136
-1479
-1897
-2388
-2658
-2973
-3284
-3706
-3830
-3997
-4164
-4298
-4352
-4116
-3757
-3472
-3392
-3052
-2399
-959
-223
139
96
770
2174
3209
3921
3517
3981
4401
5406
6110
6171
5841
5222
5732
5850
5870
5086
4281
3738
3069
2697
1942
1145
138
-440
-621
-1101
-1765
-2239
-2229
-2205
-2215
-2257
-2337
-2198
-1910
-1425
-1166
-1213
-1121
-780
-241
-11
-55
-171
-204
-145
-205
-321
-597
-953
-1313
-1600
-2019
-2375
-2685
-3034
-3398
-3786
-3844
-4033
-4152
-4367
-4358
-4057
-3655
-3444
-3354
-2967
-2082
-614
-116
193
167
1209
2594
3572
3951
3555
4214
4670
5819
6310
6278
5705
5313
5880
5886
5822
4861
4171
3507
2873
2497
1671
863
-287
-712
-914
-1431
-2012
-2448
-2392
-2415
-2264
-2278
-2272
-2144
-1787
-1169
-973
-923
-829
-406
82
313
316
118
136
112
74
-114
-449
-879
-1364
-1605
-2081
-2416
-2860
-3330
-3762
-4135
-4126
-4366
-4546
-4893
-4785
-4353
-3870
-3698
-3631
-3215
-2158
-441
96
352
276
1504
3045
4131
4379
3897
4545
5050
6269
6705
6614
5844
5441
6006
5991
5801
4676
3922
3170
2471
2055
1195
361
-845
-1264
-1439
-1906
-2407
-2795
-2687
-2712
-2436
-2342
-2238
-2071
-1655
-936
-724
-609
-473
-4
444
616
602
360
363
288
222
-39
-501
-925
-1427
-1686
-2161
-2543
-3000
-3484
-3894
-4218
-4186
-4352
-4526
-4857
-4689
-4215
-3660
-3433
-3329
-2892
-1941
-164
552
817
678
1703
3264
4396
4716
4174
4603
5051
6116
6541
6458
5726
5159
5569
5614
5410
4332
3489
2761
2058
1640
907
144
-933
-1402
-1528
-1871
-2295
-2608
-2528
-2546
-2318
-2164
-2011
-1861
-1485
-888
-683
-604
-468
-48
291
369
275
53
-13
-77
-162
-445
-945
-1326
-1660
-1934
-2301
-2679
-3065
-3391
-3677
-3910
-3900
-3911
-3959
-4189
-4037
-3638
-3104
-2757
-2559
-2149
-1585
-121
850
1302
1168
1616
2856
3926
4563
4234
4332
4527
5218
5783
5891
5518
4755
4799
4908
4863
4208
3286
2595
1887
1514
985
407
-481
-1111
-1267
-1494
-1790
-2155
-2089
-2161
-2076
-1965
-1799
-1609
-1421
-951
-770
-644
-588
-254
105
146
60
-171
-228
-302
-324
-543
-981
-1375
-1644
-1858
-2188
-2519
-2885
-3105
-3279
-3544
-3679
-3620
-3574
-3622
-3722
-3479
-3088
-2607
-2305
-1938
-1647
-859
455
1163
1373
1212
2049
3118
4023
4183
4004
4208
4441
5161
5526
5605
4896
4431
4651
4717
4518
3629
2844
2126
1638
1299
789
72
-870
-1186
-1285
-1518
-1966
-2147
-2077
-2137
-2001
-1918
-1698
-1572
-1269
-880
-737
-636
-559
-134
120
132
-32
-198
-191
-249
-277
-593
-977
-1336
-1578
-1806
-2177
-2507
-2778
-2894
-3133
-3460
-3480
-3412
-3363
-3455
-3538
-3218
-2825
-2353
-2110
-1764
-1453
-358
770
1183
1169
1214
2411
3354
4032
3808
3812
4084
4506
5225
5376
5189
4328
4331
4567
4579
4092
3109
2477
1817
1567
1198
648
-270
-1055
-1101
-1221
-1475
-1937
-2011
-2062
-2030
-1824
-1737
-1586
-1554
-1190
-909
-747
-708
-606
-258
-143
-133
-294
-349
-366
-419
-487
-798
-1096
-1403
-1571
-1826
-2189
-2421
-2555
-2668
-2955
-3131
-3054
-3008
-3008
-3121
-3079
-2718
-2320
-1972
-1844
-1607
-1112
157
985
1125
952
1292
2549
3404
3835
3429
3478
3777
4414
5018
5011
4565
3884
4130
4341
4323
3641
2768
2241
1802
1657
1247
637
-329
-897
-886
-993
-1254
-1698
-1861
-1970
-1834
-1640
-1596
-1605
-1634
-1335
-1068
-892
-900
-807
-590
-487
-447
-538
-541
-557
-534
-588
-827
-1079
-1298
-1388
-1622
-1916
-2097
-2211
-2347
-2546
-2649
-2625
-2644
-2724
-2808
-2737
-2434
-2111
-1871
-1817
-1702
-1158
52
844
929
763
1105
2184
3151
3612
3260
3164
3487
4177
4797
4912
4483
3890
4005
4317
4358
3720
2902
2339
1980
1732
1322
698
-284
-933
-1010
-1049
-1348
-1868
-2166
-2221
-2045
-1860
-1844
-1935
-1972
-1678
-1268
-1050
-1081
-999
-728
-460
-312
-335
-359
-331
-193
-130
-304
-595
-825
-914
-1062
-1324
-1626
-1837
-1979
-2169
-2372
-2487
-2578
-2702
-2799
-2800
-2656
-2418
-2140
-1975
-1920
-1594
-571
433
761
697
882
1715
2786
3514
3473
3281
3464
4009
4706
5110
4894
4273
4067
4347
4497
4067
3265
2561
2071
1686
1291
709
-242
-1089
-1328
-1364
-1671
-2208
-2582
-2600
-2443
-2261
-2218
-2294
-2284
-1982
-1475
-1186
-1211
-1140
-768
-336
-65
-24
-67
-18
161
344
256
-60
-344
-488
-577
-822
-1207
-1500
-1678
-1897
-2175
-2398
-2520
-2632
-2755
-2855
-2878
-2719
-2423
-2154
-2063
-1940
-1242
-209
382
492
616
1200
2193
3106
3429
3309
3353
3740
4405
5008
5068
4561
4132
4245
4495
4327
3679
2907
2276
1809
1448
977
138
-806
-1269
-1393
-1648
-2125
-2538
-2636
-2564
-2429
-2346
-2370
-2355
-2117
-1638
-1267
-1213
-1149
-794
-323
31
144
117
151
315
541
537
248
-80
-294
-383
-587
-985
-1342
-1572
-1780
-2052
-2317
-2459
-2532
-2661
-2843
-2966
-2865
-2559
-2247
-2093
-2055
-1668
-747
67
387
485
846
1672
2654
3250
3277
3224
3482
4087
4743
5002
4687
4203
4133
4386
4410
3911
3102
2369
1856
1497
1066
338
-594
-1265
-1517
-1712
-2096
-2538
-2750
-2765
-2685
-2571
-2509
-2455
-2290
-1886
-1433
-1205
-1067
-742
-266
139
341
391
458
607
824
900
689
359
99
-36
-242
-645
-1059
-1354
-1594
-1875
-2209
-2465
-2584
-2701
-2885
-3098
-3136
-2906
-2562
-2329
-2275
-2101
-1390
-409
206
432
624
1216
2182
3073
3434
3373
3498
3997
4670
5126
5112
4685
4364
4482
4632
4334
3548
2697
2064
1611
1164
502
-378
-1245
-1726
-1910
-2196
-2644
-2994
-3079
-3030
-2905
-2764
-2646
-2496
-2172
-1666
-1263
-1026
-726
-242
246
534
657
741
884
1067
1189
1081
773
457
232
-3
-398
-843
-1198
-1503
-1855
-2261
-2610
-2811
-2920
-3066
-3331
-3516
-3374
-2991
-2676
-2604
-2556
-2059
-1042
-137
289
412
731
1585
2697
3441
3504
3457
3788
4417
5063
5346
5053
4521
4397
4615
4587
3994
3102
2347
1822
1402
866
101
-819
-1518
-1778
-1945
-2326
-2753
-2937
-2898
-2775
-2626
-2475
-2323
-2069
-1613
-1148
-876
-664
-251
298
669
802
846
921
1053
1189
1190
942
561
231
-32
-338
-695
-1053
-1449
-1880
-2275
-2584
-2784
-2904
-3082
-3375
-3593
-3478
-3082
-2778
-2692
-2691
-2358
-1420
-402
149
251
404
1113
2235
3132
3333
3214
3391
3931
4621
5065
4887
4310
4020
4189
4315
3928
3137
2359
1804
1410
987
368
-485
-1255
-1586
-1730
-2066
-2470
-2682
-2661
-2562
-2463
-2341
-2199
-1958
-1565
-1145
-877
-711
-376
185
626
793
827
844
936
1079
1166
1032
657
257
-43
-269
-473
-776
-1236
-1717
-2090
-2337
-2503
-2657
-2893
-3207
-3420
-3280
-2941
-2743
-2687
-2661
-2295
-1375
-438
47
138
353
1157
2254
3032
3174
3122
3391
3985
4667
5031
4791
4259
4066
4281
4397
3965
3153
2387
1852
1463
1007
362
-524
-1306
-1641
-1870
-2242
-2595
-2794
-2820
-2781
-2705
-2561
-2372
-2084
-1702
-1347
-1038
-766
-368
210
647
828
886
937
1066
1193
1248
1112
738
324
-3
-254
-475
-831
-1340
-1828
-2228
-2512
-2728
-2942
-3186
-3477
-3636
-3453
-3206
-3085
-2995
-2818
-2225
-1252
-482
-113
72
524
1527
2609
3169
3168
3273
3764
4420
5007
5189
4855
4406
4385
4671
4655
4023
3152
2451
1963
1536
1007
287
-642
-1363
-1648
-1911
-2284
-2583
-2764
-2837
-2803
-2656
-2433
-2201
-1919
-1583
-1246
-891
-530
-105
401
758
902
976
1078
1218
1292
1255
1059
683
296
-15
-302
-599
-1018
-1537
-2009
-2414
-2708
-2943
-3191
-3442
-3707
-3771
-3559
-3397
-3307
-3176
-2886
-2154
-1224
-633
-341
-58
546
1583
2553
2899
2835
3100
3704
4327
4813
4918
4591
4249
4362
4656
4501
3807
3055
2487
2020
1580
1089
397
-472
-1077
-1328
-1612
-1968
-2209
-2376
-2487
-2448
-2270
-2044
-1833
-1613
-1354
-1073
-753
-401
-17
353
587
676
756
905
1039
1041
928
721
399
77
-177
-450
-791
-1213
-1697
-2107
-2415
-2623
-2812
-3081
-3356
-3530
-3440
-3202
-3089
-3031
-2919
-2571
-1764
-902
-467
-286
6
700
1718
2515
2643
2576
2960
3587
4185
4636
4658
4267
4046
4274
4490
4204
3532
2897
2363
1896
1508
1052
325
-491
-988
-1272
-1618
-1943
-2131
-2286
-2410
-2384
-2230
-2018
-1785
-1542
-1304
-1070
-796
-423
17
350
501
568
692
897
1047
1016
858
642
342
34
-221
-507
-882
-1351
-1859
-2249
-2510
-2690
-2875
-3179
-3494
-3618
-3455
-3208
-3070
-3040
-2988
-2577
-1630
-742
-398
-288
66
945
2045
2751
2781
2773
3253
3946
4611
5029
4906
4443
4346
4638
4748
4338
3589
2920
2365
1912
1519
934
56
-738
-1163
-1481
-1864
-2188
-2371
-2501
-2574
-2514
-2372
-2155
-1861
-1552
-1272
-1026
-755
-341
158
486
601
673
812
1003
1117
1063
885
625
288
-60
-358
-637
-1006
-1529
-2049
-2427
-2703
-2902
-3094
-3395
-3714
-3819
-3631
-3373
-3227
-3226
-3174
-2640
-1594
-773
-517
-391
85
1090
2200
2820
2797
2855
3400
4124
4794
5134
4923
4483
4491
4804
4860
4397
3625
2995
2497
2091
1685
1011
114
-584
-923
-1223
-1608
-1946
-2140
-2246
-2270
-2189
-2090
-1928
-1674
-1387
-1109
-889
-666
-308
116
379
470
510
589
699
746
694
518
215
-150
-498
-767
-983
-1312
-1812
-2281
-2616
-2857
-3015
-3187
-3457
-3720
-3757
-3515
-3267
-3179
-3172
-3014
-2358
-1349
-690
-503
-320
271
1289
2275
2717
2661
2836
3417
4087
4650
4873
4623
4297
4422
4716
4685
4153
3454
2939
2517
2151
1738
1059
223
-346
-597
-880
-1283
-1629
-1804
-1881
-1873
-1807
-1756
-1674
-1501
-1237
-966
-783
-617
-334
-5
217
314
336
371
428
453
439
305
1
-368
-692
-911
-1070
-1377
-1865
-2326
-2642
-2815
-2936
-3159
-3467
-3693
-3643
-3360
-3188
-3202
-3171
-2887
-2136
-1200
-693
-608
-426
315
1438
2346
2596
2528
2848
3541
4291
4807
4868
4517
4325
4612
4914
4763
4090
3383
2910
2535
2173
1688
938
81
-434
-648
-972
-1451
-1802
-1936
-1994
-1966
-1896
-1851
-1777
-1592
-1283
-1002
-827
-640
-323
16
242
344
380
453
528
561
546
409
112
-267
-623
-867
-1045
-1383
-1912
-2434
-2784
-2926
-3030
-3307
-3685
-3908
-3791
-3477
-3320
-3326
-3278
-2949
-2107
-1113
-615
-612
-462
362
1614
2565
2758
2663
2993
3781
4662
5206
5155
4687
4504
4836
5155
4927
4146
3370
2872
2516
2139
1599
788
-92
-590
-782
-1121
-1637
-1964
-2059
-2098
-2052
-1962
-1908
-1835
-1624
-1280
-1010
-858
-644
-286
60
267
344
395
507
602
619
557
399
117
-242
-611
-892
-1114
-1453
-1941
-2460
-2835
-2983
-3070
-3340
-3728
-3943
-3828
-3542
-3359
-3287
-3236
-2942
-2125
-1103
-552
-504
-370
353
1554
2538
2799
2695
2946
3677
4549
5144
5168
4735
4482
4747
5091
4926
4215
3460
2927
2535
2189
1715
945
53
-492
-690
-987
-1451
-1779
-1909
-1981
-1966
-1880
-1832
-1798
-1646
-1356
-1109
-969
-768
-443
-130
50
113
177
299
404
418
339
178
-63
-372
-686
-958
-1204
-1505
-1906
-2358
-2727
-2890
-2957
-3166
-3504
-3720
-3669
-3436
-3195
-3038
-2976
-2786
-2129
-1155
-474
-280
-184
317
1354
2404
2873
2827
2919
3460
4257
4939
5163
4887
4554
4663
5003
5011
4485
3759
3133
2655
2304
1900
1199
276
-415
-725
-982
-1380
-1752
-1980
-2113
-2166
-2117
-2053
-2018
-1916
-1678
-1405
-1213
-1006
-687
-350
-121
-8
84
210
344
415
393
275
59
-224
-509
-763
-1007
-1304
-1709
-2188
-2603
-2836
-2947
-3136
-3454
-3739
-3803
-3623
-3358
-3167
-3095
-2965
-2460
-1551
-706
-317
-191
174
1093
2254
3014
3160
3188
3609
4353
5097
5499
5393
5033
4947
5211
5319
4930
4188
3447
2853
2400
1948
1257
324
-513
-967
-1235
-1595
-2019
-2325
-2473
-2539
-2516
-2414
-2320
-2201
-1948
-1597
-1313
-1084
-764
-375
-63
124
244
354
474
579
616
543
346
61
-247
-520
-772
-1071
-1490
-2002
-2475
-2792
-2966
-3147
-3433
-3766
-3941
-3860
-3621
-3407
-3305
-3193
-2821
-2036
-1109
-508
-270
17
774
1907
2857
3243
3334
3667
4314
5040
5541
5595
5286
5061
5196
5331
5071
4415
3670
3040
2525
2044
1399
537
-324
-880
-1180
-1515
-1946
-2310
-2490
-2566
-2565
-2477
-2371
-2252
-2013
-1645
-1313
-1084
-816
-440
-87
144
280
376
459
537
590
553
376
86
-232
-534
-817
-1118
-1484
-1942
-2421
-2787
-3000
-3142
-3359
-3673
-3927
-3943
-3722
-3447
-3274
-3178
-2922
-2276
-1327
-517
-108
133
657
1631
2673
3307
3505
3708
4176
4818
5389
5588
5363
5029
4983
5110
5001
4506
3802
3147
2598
2106
1537
781
-52
-709
-1085
-1389
-1792
-2196
-2445
-2544
-2558
-2503
-2408
-2300
-2109
-1775
-1400
-1120
-881
-551
-158
156
347
461
539
602
663
668
525
242
-85
-385
-687
-1009
-1365
-1775
-2228
-2641
-2940
-3131
-3305
-3570
-3860
-4025
-3944
-3677
-3423
-3274
-3119
-2698
-1915
-972
-246
153
475
1104
2086
3026
3579
3781
3994
4420
5021
5517
5612
5343
5047
4997
5037
4850
4325
3618
2927
2333
1786
1151
368
-434
-1053
-1447
-1793
-2188
-2531
-2726
-2778
-2745
-2651
-2527
-2362
-2095
-1719
-1331
-1014
-690
-288
139
469
667
791
889
974
1011
931
694
366
43
-260
-598
-999
-1436
-1894
-2343
-2742
-3061
-3309
-3534
-3804
-4059
-4175
-4067
-3796
-3539
-3354
-3134
-2658
-1873
-937
-147
343
715
1308
2252
3222
3849
4072
4209
4551
5096
5602
5751
5518
5162
4981
4943
4755
4242
3490
2725
2060
1457
800
32
-749
-1392
-1818
-2158
-2506
-2800
-2945
-2943
-2866
-2736
-2559
-2320
-1998
-1599
-1192
-831
-456
-20
423
753
937
1059
1165
1235
1216
1067
790
457
130
-204
-593
-1049
-1522
-1992
-2433
-2823
-3154
-3434
-3694
-3945
-4146
-4186
-4032
-3757
-3513
-3326
-3062
-2553
-1749
-812
-11
494
875
1481
2428
3391
3984
4192
4325
4667
5204
5684
5811
5537
5133
4891
4801
4584
4039
3252
2454
1791
1209
576
-174
-946
-1580
-2008
-2324
-2638
-2907
-3024
-2986
-2873
-2719
-2509
-2234
-1898
-1497
-1075
-684
-299
131
557
855
999
1102
1212
1274
1219
1028
722
379
75
-234
-651
-1159
-1645
-2072
-2489
-2890
-3230
-3503
-3756
-3977
-4103
-4091
-3935
-3688
-3426
-3179
-2873
-2402
-1697
-803
67
663
1026
1473
2271
3264
3999
4262
4293
4506
4984
5514
5752
5537
5038
4634
4500
4389
3992
3248
2395
1668
1114
606
-10
-755
-1469
-1980
-2278
-2508
-2733
-2881
-2877
-2759
-2597
-2375
-2084
-1740
-1377
-979
-572
-187
199
582
902
1064
1129
1191
1246
1224
1065
775
396
25
-278
-589
-1032
-1582
-2071
-2462
-2827
-3190
-3485
-3702
-3901
-4037
-4041
-3908
-3692
-3432
-3128
-2782
-2359
-1822
-1129
-295
530
1125
1478
1867
2567
3504
4226
4436
4355
4447
4840
5295
5485
5216
4617
4088
3906
3836
3463
2692
1787
1048
539
119
-409
-1102
-1799
-2261
-2445
-2535
-2658
-2748
-2695
-2529
-2313
-2030
-1669
-1278
-890
-499
-116
239
587
941
1223
1338
1330
1321
1335
1279
1076
727
302
-87
-402
-730
-1205
-1797
-2304
-2637
-2917
-3243
-3565
-3803
-3946
-3986
-3902
-3747
-3558
-3321
-2970
-2529
-2053
-1544
-946
-191
631
1300
1704
2030
2590
3427
4171
4452
4375
4360
4607
4962
5148
4932
4355
3775
3511
3414
3071
2341
1452
704
187
-211
-679
-1301
-1940
-2345
-2461
-2476
-2551
-2624
-2555
-2351
-2085
-1762
-1379
-975
-576
-181
189
511
805
1102
1350
1469
1458
1412
1374
1282
1063
707
286
-125
-498
-892
-1388
-1964
-2462
-2766
-2976
-3236
-3549
-3805
-3917
-3882
-3745
-3576
-3416
-3193
-2824
-2322
-1807
-1328
-819
-190
585
1350
1904
2232
2588
3200
3916
4366
4417
4310
4308
4475
4678
4647
4232
3625
3183
2984
2753
2236
1460
660
43
-371
-730
-1187
-1731
-2155
-2321
-2311
-2319
-2381
-2352
-2163
-1853
-1511
-1168
-818
-436
-29
350
643
833
1026
1258
1456
1514
1413
1258
1120
965
722
357
-107
-598
-1043
-1452
-1882
-2352
-2772
-3055
-3248
-3435
-3625
-3752
-3767
-3674
-3514
-3316
-3061
-2716
-2283
-1814
-1354
-880
-359
263
1009
1740
2243
2513
2817
3355
3970
4330
4308
4090
3969
4081
4286
4246
3805
3181
2711
2501
2309
1856
1109
307
-269
-590
-844
-1213
-1679
-2059
-2185
-2128
-2071
-2061
-2001
-1775
-1439
-1092
-770
-447
-86
290
613
822
943
1072
1275
1447
1431
1238
1001
843
717
494
113
-398
-921
-1339
-1660
-2009
-2444
-2875
-3169
-3310
-3413
-3527
-3605
-3602
-3495
-3317
-3084
-2787
-2437
-2040
-1607
-1165
-714
-227
339
1025
1732
2229
2485
2711
3147
3716
4079
4057
3790
3605
3675
3875
3869
3486
2878
2383
2170
2029
1656
979
238
-275
-522
-697
-990
-1408
-1776
-1888
-1787
-1665
-1603
-1535
-1351
-1057
-736
-426
-138
157
445
675
819
910
1020
1171
1273
1191
954
719
587
485
267
-124
-621
-1087
-1421
-1667
-1961
-2356
-2748
-2995
-3081
-3113
-3183
-3244
-3224
-3102
-2895
-2653
-2384
-2092
-1756
-1367
-960
-564
-159
302
864
1472
1921
2136
2283
2578
3043
3400
3434
3199
2974
2986
3168
3245
3001
2521
2075
1865
1783
1558
1082
503
85
-113
-234
-442
-774
-1091
-1231
-1174
-1072
-1019
-1001
-926
-766
-566
-360
-182
-8
154
280
357
418
510
631
708
652
475
293
210
174
53
-227
-624
-991
-1222
-1361
-1540
-1836
-2176
-2410
-2476
-2455
-2471
-2551
-2624
-2586
-2420
-2191
-1978
-1810
-1621
-1354
-1007
-662
-347
-34
369
871
1338
1624
1748
1907
2231
2633
2861
2811
2604
2503
2626
2828
2859
2606
2220
1936
1848
1792
1564
1137
682
377
211
57
-203
-543
-823
-938
-925
-908
-942
-985
-951
-830
-674
-540
-443
-342
-218
-83
36
135
238
346
427
427
361
287
255
227
115
-124
-438
-708
-891
-1030
-1236
-1538
-1849
-2056
-2121
-2131
-2197
-2340
-2469
-2474
-2342
-2154
-1998
-1883
-1743
-1504
-1187
-857
-557
-250
142
611
1059
1373
1570
1774
2086
2444
2675
2684
2563
2526
2653
2838
2871
2671
2350
2109
2026
1956
1723
1303
853
528
330
139
-153
-518
-831
-989
-1026
-1041
-1093
-1127
-1084
-962
-807
-670
-540
-396
-223
-55
86
207
337
477
573
595
550
501
479
438
307
57
-246
-516
-721
-908
-1160
-1489
-1817
-2047
-2160
-2218
-2311
-2458
-2587
-2608
-2500
-2321
-2150
-2014
-1866
-1639
-1323
-972
-639
-327
29
455
906
1292
1562
1779
2028
2324
2562
2660
2631
2611
2682
2803
2846
2718
2472
2234
2085
1959
1743
1406
1022
685
420
167
-129
-456
-751
-956
-1072
-1139
-1178
-1174
-1126
-1052
-964
-851
-679
-481
-294
-159
-45
87
258
430
529
543
508
496
507
481
356
135
-116
-344
-538
-743
-1002
-1309
-1608
-1836
-1982
-2078
-2172
-2281
-2378
-2422
-2368
-2235
-2071
-1922
-1785
-1611
-1372
-1066
-743
-443
-130
224
636
1040
1365
1607
1834
2105
2378
2569
2626
2620
2645
2728
2806
2769
2605
2372
2164
1997
1808
1536
1188
826
498
202
-94
-402
-694
-925
-1079
-1175
-1235
-1259
-1242
-1191
-1109
-998
-852
-677
-497
-328
-173
-19
143
302
434
518
552
560
554
526
450
308
108
-130
-372
-606
-838
-1093
-1365
-1621
-1828
-1967
-2064
-2154
-2259
-2349
-2361
-2273
-2117
-1961
-1832
-1705
-1519
-1239
-914
-589
-280
58
452
860
1212
1474
1721
2008
2324
2570
2666
2661
2661
2739
2844
2861
2722
2480
2243
2060
1888
1631
1274
879
522
225
-52
-341
-639
-883
-1048
-1137
-1193
-1234
-1242
-1200
-1100
-979
-850
-709
-547
-368
-186
-20
128
265
396
510
579
592
573
529
460
346
164
-73
-333
-581
-807
-1038
-1292
-1548
-1773
-1939
-2058
-2165
-2283
-2392
-2428
-2365
-2219
-2058
-1927
-1799
-1621
-1353
-1029
-693
-364
-11
390
798
1148
1413
1664
1969
2309
2580
2696
2691
2684
2755
2870
2895
2756
2499
2250
2068
1903
1657
1293
881
512
220
-44
-325
-633
-905
-1085
-1175
-1220
-1248
-1251
-1208
-1107
-976
-839
-697
-530
-336
-139
38
185
317
446
566
641
653
616
553
479
370
198
-29
-279
-512
-728
-955
-1208
-1473
-1701
-1867
-1987
-2104
-2244
-2370
-2429
-2383
-2254
-2101
-1968
-1838
-1662
-1409
-1094
-754
-408
-43
352
748
1097
1379
1636
1930
2246
2506
2639
2660
2661
2713
2786
2788
2650
2410
2169
1987
1828
1603
1273
882
519
221
-38
-311
-603
-878
-1083
-1197
-1244
-1257
-1242
-1194
-1103
-982
-838
-672
-478
-259
-48
131
278
412
548
674
747
752
693
607
512
388
211
-18
-264
-497
-716
-946
-1206
-1475
-1706
-1868
-1978
-2087
-2216
-2340
-2402
-2371
-2259
-2117
-1979
-1836
-1656
-1407
-1100
-764
-416
-54
328
714
1069
1362
1619
1884
2163
2402
2538
2577
2582
2606
2644
2632
2518
2314
2095
1912
1751
1545
1256
905
560
261
-4
-264
-536
-793
-1005
-1140
-1208
-1223
-1193
-1130
-1034
-925
-787
-611
-395
-160
46
210
335
457
588
708
774
761
688
590
483
347
158
-82
-341
-581
-803
-1016
-1251
-1495
-1709
-1864
-1966
-2055
-2145
-2231
-2271
-2239
-2142
-2006
-1866
-1720
-1543
-1312
-1027
-719
-403
-80
261
615
950
1232
1465
1691
1933
2156
2304
2361
2370
2387
2429
2448
2388
2247
2065
1893
1736
1552
1301
995
680
392
131
-121
-378
-623
-831
-986
-1075
-1100
-1069
-995
-904
-810
-698
-536
-332
-121
55
182
289
406
541
657
705
684
624
560
489
368
175
-75
-338
-574
-783
-988
-1217
-1459
-1673
-1832
-1944
-2031
-2109
-2172
-2199
-2164
-2070
-1948
-1815
-1674
-1504
-1283
-1014
-719
-428
-146
150
463
776
1056
1288
1496
1703
1909
2071
2166
2202
2231
2281
2327
2329
2252
2123
1973
1820
1647
1426
1155
858
571
298
36
-225
-473
-686
-857
-971
-1027
-1021
-961
-876
-784
-690
-567
-406
-234
-80
34
146
269
405
517
576
578
551
532
506
445
313
116
-114
-346
-564
-777
-993
-1221
-1450
-1655
-1820
-1950
-2048
-2122
-2173
-2183
-2146
-2061
-1946
-1816
-1669
-1484
-1257
-995
-713
-434
-151
145
456
760
1040
1292
1529
1759
1970
2137
2252
2332
2404
2469
2506
2489
2410
2286
2135
1961
1749
1492
1201
894
588
281
-20
-316
-587
-809
-981
-1103
-1179
-1208
-1183
-1108
-1002
-884
-760
-621
-464
-292
-121
44
198
341
466
556
608
618
603
566
512
427
287
97
-127
-359
-579
-790
-1010
-1242
-1470
-1662
-1811
-1935
-2046
-2141
-2193
-2178
-2104
-2010
-1916
-1803
-1639
-1409
-1147
-887
-639
-375
-58
302
652
943
1183
1430
1707
1986
2206
2339
2424
2517
2631
2715
2713
2609
2454
2297
2135
1930
1648
1312
972
660
361
47
-287
-603
-854
-1032
-1155
-1257
-1332
-1354
-1303
-1200
-1079
-963
-842
-690
-508
-307
-117
59
224
382
520
611
646
633
594
544
472
359
194
-11
-235
-448
-653
-861
-1084
-1309
-1512
-1677
-1807
-1930
-2049
-2145
-2173
-2131
-2041
-1948
-1855
-1720
-1517
-1247
-964
-701
-447
-151
211
596
939
1202
1433
1681
1962
2216
2385
2470
2529
2614
2700
2730
2651
2484
2287
2097
1896
1633
1300
939
600
301
16
-284
-588
-851
-1040
-1152
-1219
-1269
-1285
-1249
-1152
-1027
-900
-777
-639
-472
-283
-91
89
249
397
532
629
676
674
636
573
485
355
186
-16
-237
-458
-673
-887
-1102
-1310
-1501
-1665
-1801
-1913
-2014
-2095
-2139
-2125
-2058
-1957
-1835
-1693
-1502
-1257
-969
-676
-389
-95
222
565
902
1199
1443
1660
1883
2094
2266
2373
2429
2466
2497
2503
2453
2329
2149
1946
1729
1484
1196
869
537
224
-60
-326
-585
-818
-1007
-1127
-1191
-1206
-1186
-1129
-1029
-901
-753
-601
-448
-287
-112
70
246
406
544
657
738
784
793
763
700
599
462
285
74
-159
-398
-638
-875
-1105
-1323
-1522
-1693
-1839
-1965
-2068
-2144
-2184
-2183
-2139
-2060
-1945
-1795
-1606
-1372
-1107
-814
-506
-187
138
464
782
1075
1336
1569
1781
1966
2121
2241
2322
2380
2408
2404
2355
2262
2127
1959
1765
1537
1275
982
675
367
71
-207
-469
-700
-897
-1049
-1145
-1188
-1185
-1144
-1064
-948
-801
-644
-482
-315
-137
51
241
417
573
702
801
872
904
896
849
764
642
482
280
51
-203
-467
-729
-988
-1242
-1478
-1693
-1877
-2037
-2171
-2276
-2346
-2370
-2353
-2290
-2188
-2050
-1871
-1644
-1376
-1075
-746
-395
-34
334
700
1042
1352
1629
1883
2109
2301
2452
2559
2629
2664
2659
2606
2502
2349
2155
1933
1680
1392
1076
744
410
88
-215
-494
-745
-958
-1125
-1243
-1308
-1324
-1290
-1210
-1093
-941
-769
-582
-388
-190
12
212
399
570
716
830
908
947
943
903
823
705
549
356
132
-119
-380
-646
-914
-1176
-1425
-1649
-1848
-2015
-2152
-2260
-2329
-2357
-2341
-2278
-2179
-2043
-1876
-1676
-1443
-1178
-885
-577
-257
68
393
709
1000
1264
1501
1710
1893
2046
2164
2250
2303
2319
2304
2247
2155
2027
1867
1684
1477
1250
1011
769
532
308
101
-86
-248
-384
-493
-573
-621
-635
-612
-560
-484
-391
-289
-176
-61
52
160
255
338
405
445
463
446
401
328
224
97
-51
-220
-405
-606
-818
-1031
-1238
-1435
-1618
-1786
-1934
-2053
-2138
-2184
-2197
-2179
-2126
-2033
-1899
-1726
-1522
-1298
-1050
-776
-474
-159
156
463
759
1053
1336
1599
1821
2001
2149
2270
2357
2405
2401
2346
2252
2130
1979
1798
1580
1338
1085
831
582
337
101
-119
-309
-467
-590
-680
-733
-754
-735
-681
-598
-491
-370
-237
-89
61
207
345
469
576
660
715
742
737
700
627
522
384
219
28
-181
-402
-632
-869
-1101
-1321
-1528
-1715
-1879
-2017
-2124
-2203
-2245
-2252
-2220
-2154
-2055
-1927
-1771
-1587
-1374
-1138
-888
-631
-367
-99
174
442
697
934
1149
1348
1524
1682
1813
1915
1983
2018
2028
2011
1963
1880
1771
1637
1490
1334
1171
1000
826
659
501
354
220
101
2
-83
-138
-171
-180
-166
-140
-100
-56
-6
46
99
145
185
216
233
236
220
184
120
35
-72
-196
-336
-491
-658
-834
-1014
-1193
-1366
-1532
-1692
-1837
-1964
-2064
-2135
-2179
-2198
-2188
-2143
-2060
-1937
-1783
-1597
-1378
-1124
-833
-516
-190
131
451
770
1092
1394
1666
1900
2101
2284
2435
2545
2601
2600
2546
2455
2328
2157
1947
1698
1428
1150
870
587
304
34
-215
-428
-603
-737
-832
-884
-886
-843
-760
-646
-504
-343
-167
21
212
396
569
726
865
975
1057
1103
1112
1080
1007
895
743
559
347
113
-141
-409
-682
-954
-1219
-1472
-1709
-1928
-2122
-2289
-2421
-2521
-2586
-2616
-2606
-2558
-2472
-2347
-2183
-1986
-1758
-1513
-1246
-962
-673
-378
-89
190
453
704
941
1162
1360
1529
1673
1786
1874
1936
1972
1973
1945
1890
1816
1725
1621
1503
1374
1242
1109
981
853
734
619
517
426
352
296
254
226
206
198
199
204
214
222
226
223
211
190
156
113
58
-4
-74
-149
-234
-328
-436
-558
-691
-829
-972
-1121
-1267
-1410
-1545
-1664
-1767
-1850
-1917
-1960
-1982
-1980
-1951
-1897
-1821
-1723
-1604
-1465
-1301
-1117
-913
-690
-448
-186
88
366
643
909
1161
1398
1615
1815
1984
2125
2237
2323
2388
2420
2417
2370
2289
2175
2036
1873
1688
1482
1265
1044
823
603
386
176
-23
-197
-346
-465
-557
-620
-649
-647
-623
-579
-520
-452
-378
-300
-223
-152
-88
-34
6
35
45
36
7
-45
-119
-215
-327
-459
-601
-751
-905
-1060
-1211
-1353
-1482
-1597
-1694
-1771
-1829
-1865
-1879
-1871
-1837
-1778
-1698
-1595
-1470
-1320
-1149
-962
-760
-545
-323
-94
138
362
577
780
968
1141
1297
1433
1546
1639
1711
1764
1800
1813
1809
1787
1748
1695
1628
1549
1456
1356
1250
1139
1027
913
800
693
589
492
405
327
260
199
142
90
38
-12
-64
-119
-178
-245
-313
-383
-458
-538
-618
-700
-781
-860
-937
-1012
-1090
-1165
-1238
-1305
-1364
-1417
-1460
-1490
-1508
-1509
-1494
-1465
-1420
-1362
-1288
-1200
-1097
-980
-850
-707
-556
-396
-232
-61
110
279
445
607
762
907
1042
1167
1279
1376
1459
1528
1587
1631
1657
1668
1662
1639
1603
1549
1483
1400
1307
1207
1101
998
888
780
676
572
473
377
284
197
113
34
-42
-112
-178
-240
-298
-358
-415
-469
-526
-582
-637
-694
-749
-803
-859
-912
-966
-1021
-1078
-1132
-1185
-1233
-1277
-1315
-1344
-1362
-1367
-1360
-1340
-1310
-1267
-1214
-1153
-1081
-1001
-914
-819
-720
-614
-499
-379
-255
-126
4
140
275
409
539
661
774
885
985
1074
1153
1218
1275
1319
1358
1386
1403
1410
1409
1399
1381
1351
1310
1259
1201
1139
1063
984
900
813
728
642
555
469
384
299
218
135
49
-38
-126
-215
-306
-395
-485
-571
-656
-734
-810
-883
-948
-1011
-1070
-1125
-1174
-1218
-1255
-1281
-1301
-1311
-1311
-1301
-1281
-1250
-1211
-1164
-1107
-1043
-973
-895
-806
-714
-611
-501
-384
-261
-133
0
129
258
386
508
624
735
839
928
1012
1086
1153
1211
1262
1303
1331
1351
1356
1352
1333
1300
1256
1202
1138
1066
988
906
819
730
638
545
455
366
278
193
114
36
-37
-109
-176
-239
-299
-358
-415
-472
-527
-582
-633
-684
-733
-777
-820
-861
-897
-935
-970
-1004
-1032
-1057
-1075
-1087
-1096
-1095
-1088
-1070
-1042
-1006
-962
-907
-842
-771
-689
-599
-507
-406
-297
-184
-66
54
174
290
404
519
626
727
819
905
981
1049
1109
1159
1196
1222
1238
1243
1236
1217
1187
1147
1098
1040
976
902
827
749
665
579
493
406
321
238
161
83
9
-60
-128
-191
-249
-303
-354
-405
-454
-504
-554
-604
-651
-698
-743
-786
-826
-863
-899
-929
-958
-981
-994
-1001
-1000
-992
-975
-956
-930
-898
-862
-819
-769
-713
-650
-579
-501
-417
-328
-235
-136
-32
76
181
280
380
474
560
640
716
781
845
906
957
1003
1043
1072
1093
1111
1115
1111
1097
1071
1037
994
942
883
817
746
673
596
516
438
359
282
208
129
56
-19
-88
-154
-217
-275
-330
-381
-428
-478
-526
-575
-622
-667
-714
-756
-796
-834
-866
-893
-916
-933
-941
-941
-932
-917
-894
-866
-833
-796
-754
-710
-664
-611
-554
-488
-416
-340
-259
-174
-86
9
104
197
288
375
457
535
606
666
721
771
819
861
897
930
953
971
982
983
979
966
939
904
863
813
757
694
627
556
482
411
338
265
194
127
57
-10
-76
-139
-198
-253
-304
-353
-395
-436
-473
-508
-542
-572
-604
-632
-659
-684
-703
-721
-733
-741
-746
-743
-734
-720
-700
-673
-645
-612
-574
-535
-495
-451
-407
-363
-312
-257
-201
-142
-84
-20
46
110
174
237
299
355
407
456
499
535
569
598
623
647
664
678
686
689
691
685
675
658
636
608
573
537
498
454
406
357
310
262
214
168
122
77
31
-14
-56
-97
-137
-174
-208
-241
-272
-301
-327
-350
-374
-395
-413
-431
-444
-458
-471
-480
-486
-492
-492
-493
-489
-481
-471
-458
-442
-426
-407
-383
-358
-335
-306
-279
-250
-220
-183
-148
-112
-76
-40
-1
36
75
111
144
179
211
241
269
294
318
340
361
380
397
409
420
428
435
440
441
438
434
426
416
402
389
371
354
338
317
296
275
252
229
204
180
154
127
101
76
49
21
-8
-38
-66
-95
-124
-151
-178
-203
-228
-253
-276
-298
-319
-339
-357
-371
-387
-399
-408
-416
-421
-424
-425
-421
-415
-407
-397
-382
-369
-353
-335
-314
-292
-268
-241
-212
-184
-155
-124
-92
-60
-29
2
32
62
94
121
149
177
205
231
257
282
302
324
342
357
376
386
393
399
403
403
402
399
391
381
369
357
345
333
317
302
284
264
245
224
205
179
156
133
104
76
52
27
2
-19
-50
-71
-97
-121
-142
-169
-190
-211
-231
-253
-270
-288
-302
-321
-331
-337
-352
-348
-358
-358
-357
-357
-343
-344
-332
-322
-312
-301
-279
-264
-235
-217
-195
-165
-158
-118
-103
-72
-50
-37
-2
11
41
67
98
116
141
155
177
193
202
229
222
236
235
242
247
242
256
251
252
246
248
244
243
234
229
219
197
193
175
166
148
137
127
102
94
81
67
53
39
26
8
-10
-24
-38
-57
-69
-85
-98
-113
-127
-132
-144
-152
-160
-164
-169
-177
-171
-177
-179
-180
-179
-179
-182
-175
-170
-165
-161
-148
-142
-131
-122
-114
-96
-93
-80
-68
-59
-50
-37
-20
-12
3
15
32
33
53
69
72
87
87
100
99
105
106
110
110
104
107
101
107
98
113
103
98
105
95
98
86
95
75
73
59
57
49
40
48
23
41
13
25
17
9
12
-2
6
-14
5
-18
-6
-31
-16
-29
-40
-8
-53
-9
-54
-33
-40
-44
-19
-43
-27
-52
-32
-58
-11
-48
-6
-9
-41
14
-49
21
-21
11
-3
-28
5
-10
18
6
47
-4
41
3
24
37
-7
46
-21
15
-27
-5
1
-20
-1
-15
-4
-28
17
-11
11
-4
-6
2
-30
5
-22
1
-16
-11
-1
-15
0
-2
10
-9
4
-4
-6
-9
-10
-3
-22
-10
-24
-21
-23
-24
-16
-27
-21
-24
-22
-23
-22
-20
-24
-25
-28
-26
-32
-27
-26
-29
-21
-29
-19
-22
-20
-11
-16
-10
-11
-10
-8
-6
-5
1
-3
1
8
2
12
11
17
24
21
27
29
31
33
35
33
33
30
31
32
30
36
33
35
35
33
38
37
40
37
38
34
30
28
26
25
24
26
22
25
23
25
22
20
19
16
16
8
9
-2
-4
-10
-11
-10
-17
-9
-16
-13
-18
-13
-15
-15
-14
-22
-20
-28
-24
-28
-22
-25
-22
-17
-22
-13
-20
-12
-20
-17
-17
-19
-14
-15
-8
-11
-7
-9
-6
-7
-5
-4
-8
-5
-11
-4
-7
-4
-3
-4
-2
0
4
4
9
7
10
10
10
11
11
13
12
13
13
14
15
14
15
15
15
14
12
10
8
4
4
3
2
4
3
2
3
2
1
1
-2
-2
-4
-6
-9
-11
-10
-10
-11
-10
-6
-5
-7
-6
-6
-7
-7
-5
-6
-7
-7
-11
-13
-14
-10
-8
-4
-4
-5
-5
-7
-6
-5
-5
-4
-3
-4
-3
-3
-5
-5
-3
-4
-3
-2
0
1
3
3
3
4
5
4
5
6
6
6
6
5
6
6
6
8
11
11
10
11
10
8
7
8
8
7
5
6
4
3
0
1
0
-1
0
-2
-3
-4
-4
-4
-4
-4
-5
-6
-6
-7
-7
-7
-8
-5
-6
-5
-4
-4
-4
-4
-3
-2
-2
0
-1
-2
-2
-3
-2
-1
0
2
2
2
2
2
2
3
3
3
3
2
3
2
3
3
3
4
3
4
3
3
5
5
3
4
3
3
3
3
2
3
3
1
2
0
1
2
2
3
2
1
2
1
0
-1
-2
0
-1
-1
-3
-2
-4
-5
-4
-4
-6
-7
-6
-6
-5
-5
-4
-4
-4
-5
-5
-3
-5
-5
-5
-4
-3
-4
-4
-2
-2
0
-2
-2
-2
-2
-2
-1
-2
-1
0
1
0
1
2
1
0
0
1
1
2
4
3
3
5
3
3
4
3
4
3
2
1
2
2
4
3
3
3
3
3
2
3
2
2
2
2
0
1
2
1
1
2
1
1
-1
-1
-1
-1
-2
-2
-2
-2
-2
-1
-1
-1
0
0
-1
1
1
-1
-1
0
0
0
-2
-1
-1
0
0
0
1
1
1
-1
-1
0
1
0
0
0
2
1
2
2
1
1
1
2
1
-1
1
1
2
3
2
2
2
2
2
3
2
2
2
2
1
1
0
-1
1
-1
1
2
1
1
-1
-2
-3
-2
-1
-3
-2
-2
0
1
0
-2
-1
-2
-3
-3
-3
-4
-5
-4
-4
-4
-4
-4
-3
-3
-1
-2
-1
-2
-2
-2
-2
-1
-1
-1
-3
-3
-3
-1
-2
-2
-1
-2
-2
-1
0
0
-1
0
0
-1
0
0
-1
-1
-1
0
0
2
1
1
1
2
1
1
2
2
2
0
1
2
2
3
1
2
2
1
2
3
2
2
2
1
2
3
2
1
3
1
3
2
1
0
0
0
2
4
1
3
0
2
1
1
2
2
3
2
2
1
1
0
0
0
0
2
1
0
1
0
0
0
-1
-1
0
-1
-1
0
-2
-2
-4
-2
-1
-2
0
0
0
0
-1
0
0
-1
0
-1
-1
0
0
0
-1
-1
1
-1
-1
-1
0
0
0
-2
-2
1
0
0
-2
0
0
-2
-1
0
0
-1
-1
0
0
0
0
-1
-3
-2
-2
-2
-1
-1
0
0
0
0
1
0
1
0
-1
-1
-2
-1
0
1
2
2
2
1
1
1
1
0
-1
-1
-1
-1
-1
-2
1
0
2
3
0
0
2
1
1
1
2
0
1
0
0
1
0
0
1
0
0
0
0
0
-1
-1
-1
0
0
0
0
0
0
0
1
-1
0
0
-2
-1
-3
-1
0
0
1
2
2
3
2
0
0
1
1
1
0
0
1
1
1
0
-1
-1
0
1
-1
-1
-1
-1
0
0
-1
-2
-3
-1
-2
1
0
1
1
0
2
1
1
1
-1
-1
0
-1
-1
0
-1
0
0
1
1
1
1
1
1
1
0
0
0
-1
0
-1
-1
0
0
-1
0
-1
1
1
0
-1
0
1
0
-1
0
0
0
-1
-1
0
0
-1
-1
0
1
0
1
1
0
0
0
-2
-1
0
1
0
2
0
-1
0
0
2
1
2
1
1
0
0
-2
0
0
-1
-1
-1
0
-1
-1
-1
-1
0
0
-1
-1
-1
-1
-2
-1
-1
-1
0
0
1
0
1
0
0
0
1
-1
-1
0
0
-1
0
0
1
0
0
0
0
0
1
2
1
0
0
0
-1
0
0
-1
0
0
0
1
-1
1
2
1
2
2
0
0
0
0
-1
0
1
1
0
0
1
1
0
-1
-1
0
0
0
0
0
0
-1
0
0
-1
-1
0
-1
-1
-2
0
1
0
0
1
0
0
-2
1
0
0
2
-2
-1
0
1
2
1
1
0
-1
0
0
-1
1
-1
-2
-1
-1
-2
0
0
0
0
-1
-1
2
0
1
0
-1
0
2
2
2
2
1
0
0
-1
-1
-3
-2
0
-1
1
0
0
1
1
0
1
0
0
-1
1
0
-1
0
0
1
0
1
0
0
1
0
0
1
2
-1
1
-1
-1
1
0
1
0
-1
-2
1
0
-1
-1
-1
0
1
1
-1
0
0
0
0
0
1
0
-1
-2
-1
-2
0
0
0
0
0
0
0
1
1
1
-1
0
1
0
-1
-1
-1
1
0
-1
0
0
1
1
1
0
1
1
-1
0
0
0
0
0
-1
-1
0
-1
-2
-1
0
-1
-1
-1
-1
0
-1
0
0
0
-1
-2
0
0
0
2
2
2
1
1
0
-1
-1
-2
-1
-1
-1
0
1
1
-1
-1
-1
0
1
3
2
1
3
1
1
0
0
0
-1
-1
-2
-2
0
0
-1
2
-1
-2
-2
-1
0
-1
0
2
1
0
0
1
-1
1
-1
0
2
1
0
1
-1
0
-1
0
-1
-1
1
0
1
1
1
-1
0
0
1
1
0
1
1
2
3
1
1
0
-1
-1
0
-1
-1
-1
-1
0
-1
0
-2
-2
-2
-3
-1
-1
1
1
1
4
3
2
-2
-2
-3
-4
-2
0
0
2
3
3
2
1
2
-1
-2
-1
0
1
2
2
1
1
-1
-2
-2
-1
-1
0
2
1
1
-1
-2
-3
-3
-2
0
0
2
1
0
1
-1
-2
-3
-2
-1
1
1
4
3
2
1
-1
-2
-3
-3
-1
1
2
3
1
1
0
-1
-2
-1
-1
0
1
2
0
-1
-1
0
0
-2
-1
-1
1
1
-1
0
-2
-1
0
0
1
1
1
0
1
0
-1
-1
-1
-1
-2
-1
0
1
3
3
1
3
1
1
-2
-1
-2
0
0
0
1
0
-1
-2
-3
-3
-1
1
2
2
1
1
0
0
1
0
-1
2
0
0
0
0
1
-1
0
0
0
1
2
-1
-1
-1
-3
0
-1
0
0
0
-1
-1
-1
-1
1
0
1
0
1
1
1
-1
-1
0
-1
-1
0
1
0
-1
1
1
1
2
0
1
0
1
0
-1
0
-1
-2
0
0
0
1
2
2
1
2
2
0
0
-1
-1
-4
-5
-5
-4
-4
0
1
2
3
2
4
4
4
0
0
0
-3
-4
-3
-3
-1
-1
0
3
3
3
3
2
4
3
4
2
0
-1
-3
-3
-3
-2
-1
0
1
0
0
-1
0
0
1
1
0
0
0
1
-1
0
1
1
2
1
1
1
2
1
1
0
0
-1
-1
-1
-2
-2
-2
0
0
2
2
0
0
-1
-2
-1
-1
-1
0
0
-1
0
1
0
0
1
1
-1
-1
-2
-1
-2
-1
0
-1
0
-1
0
2
2
2
0
-1
-1
-3
-4
-4
-2
0
1
0
-1
2
1
2
1
0
-2
-3
-3
-2
-3
-1
-1
0
0
1
2
2
3
2
1
0
-2
-1
-2
-2
0
-1
0
1
3
1
2
1
1
0
0
-1
-1
-1
0
0
-1
0
2
1
2
3
0
0
0
0
1
0
-1
0
0
0
0
0
1
1
0
0
0
0
0
0
0
0
1
0
-1
-2
-1
0
-1
-1
0
0
1
1
1
0
0
0
-1
-2
-1
0
1
-1
0
1
0
0
0
0
0
0
-2
-1
2
1
1
1
3
2
1
0
1
0
-1
-3
-2
-1
-2
-1
0
0
1
0
0
0
0
0
-1
0
2
1
-1
-1
-3
-2
0
0
0
-1
0
1
0
1
0
0
0
-1
0
-1
0
-1
-2
0
0
1
0
0
0
1
1
-1
-1
-1
-1
0
-1
0
0
-1
0
0
-1
0
1
0
0
0
0
1
1
0
1
1
1
1
0
-1
0
1
-1
-2
-1
1
0
0
0
0
1
0
1
1
-1
0
0
-1
-1
-1
0
-1
-1
0
0
-2
1
0
0
0
1
2
1
2
2
1
0
1
1
1
0
1
0
-1
-1
-2
-2
-1
0
0
-1
1
0
-1
1
0
0
1
1
1
1
-1
0
0
0
1
1
1
1
1
0
0
-2
0
0
0
1
1
0
0
0
1
1
0
-1
0
1
1
-1
0
1
0
0
1
1
1
0
-1
-1
0
1
0
-1
-2
-1
-2
-2
-1
-1
-1
0
0
-1
1
1
1
2
0
0
0
1
0
0
1
-1
0
-2
-2
0
2
2
3
0
0
1
-1
-2
-1
-1
-1
0
-1
1
0
1
1
0
-1
0
-1
0
-1
-1
-1
1
1
1
0
0
-2
1
0
1
1
0
0
0
0
0
0
0
2
-1
-1
-1
-1
-1
0
-1
-1
0
1
2
1
1
2
0
-1
0
-2
0
-1
-1
0
0
0
1
3
2
3
2
1
0
-1
-1
-2
-1
-1
-1
-3
-2
-1
1
0
-2
0
0
1
2
0
0
-1
-1
1
-1
0
-1
-1
-1
0
1
0
0
0
0
2
1
0
1
0
0
1
1
0
0
-1
0
0
-2
-1
-1
1
-1
1
0
0
1
1
2
2
0
1
0
1
0
0
0
-1
0
0
0
1
0
0
0
-1
-1
-1
0
0
0
-1
-1
-1
-1
-1
1
0
0
1
2
2
1
0
1
1
-2
0
-1
-1
-1
-1
-1
-1
0
1
1
1
2
2
2
0
0
1
-1
-1
0
0
-2
-1
0
-1
-1
-1
0
0
0
0
0
0
0
0
0
1
-1
1
0
0
1
0
0
-1
0
0
1
1
0
2
1
1
2
0
0
0
-1
0
-2
-1
1
0
0
0
0
0
-1
1
-1
1
1
2
1
0
0
-1
-1
-3
-3
0
0
0
0
1
0
0
-1
1
1
0
0
1
3
2
2
0
1
1
1
-1
0
1
0
-1
1
1
0
0
-1
-2
-1
1
1
1
0
-1
-1
2
1
0
2
3
3
0
0
-1
0
0
0
0
-1
-2
-1
0
-1
0
1
0
0
0
-2
-3
-1
-1
-1
0
1
0
1
1
0
1
0
-1
2
0
1
1
1
1
2
1
1
-1
-1
2
0
0
0
-1
0
0
0
0
0
0
0
0
0
0
1
2
1
0
-1
0
1
0
0
0
-2
-1
-2
-2
-1
-1
1
0
1
1
1
0
1
1
0
0
0
1
0
1
1
0
0
-1
1
2
-1
0
0
0
-1
-1
0
-1
1
-1
0
1
-1
1
0
-2
-1
0
-1
-1
-2
0
0
-1
-1
0
-1
-1
1
0
0
1
2
0
0
0
-1
-1
-1
-1
-1
0
0
1
1
0
0
0
-1
0
0
1
0
1
0
0
0
-1
0
0
0
0
1
0
-1
1
0
0
0
-1
-1
0
-1
-1
-1
0
0
0
1
0
1
2
2
1
0
0
0
0
0
1
1
1
-1
-1
-1
-1
0
1
-1
0
0
0
0
-1
-1
-1
0
0
0
0
1
0
1
1
2
1
0
0
0
-1
-1
-1
-1
0
0
1
1
0
1
1
0
1
2
0
-1
0
-1
-1
-1
-2
-1
-1
0
-1
-1
0
1
1
0
0
0
-1
0
0
0
0
-2
-1
-1
-1
0
0
1
1
0
0
-1
0
0
2
-1
1
1
-1
-2
0
0
-1
-1
0
0
2
0
-1
0
0
1
-1
1
0
0
0
1
0
0
0
-2
-1
-2
0
1
0
0
1
1
2
2
2
2
2
1
1
0
0
-1
0
-1
0
0
-2
0
2
2
0
0
-1
0
-1
-1
-1
-1
-1
0
0
0
0
0
1
0
0
0
-1
-1
0
0
1
0
0
0
0
-1
0
0
0
1
0
-1
0
0
0
1
-1
0
1
2
1
2
1
1
2
1
0
1
-1
-1
-1
-1
0
0
-2
-2
-1
-1
0
-2
-1
-2
-1
1
0
0
1
1
0
1
1
0
2
0
0
-1
-1
-1
1
0
0
0
0
1
0
0
-1
0
0
0
0
1
1
-1
0
0
1
0
0
1
0
-1
0
0
1
1
0
0
-1
-1
0
0
1
0
1
0
1
1
0
1
0
-1
0
-1
-1
1
0
0
0
-1
0
0
0
-1
0
0
0
-1
0
0
0
1
1
0
0
1
1
1
1
-1
0
0
0
-1
-1
1
1
0
-1
-2
-1
-1
-1
-2
-1
0
0
0
0
0
0
-1
1
0
0
-1
0
0
0
-1
-1
0
0
1
1
1
1
2
0
0
1
1
1
0
1
0
0
-1
-1
1
0
1
0
0
1
1
-1
0
1
1
1
0
-1
0
0
-1
-1
0
0
-1
1
-3
-2
-2
-1
0
0
-1
-2
0
0
1
1
2
2
2
2
1
2
2
0
-1
0
-1
0
0
1
-1
1
0
1
0
0
0
0
0
-1
0
-1
1
0
0
-1
0
0
0
0
1
1
2
1
0
1
1
-1
0
-1
-1
-2
-1
0
0
2
0
2
0
1
0
0
1
1
-1
-2
-2
-3
-2
-1
-1
0
-1
-1
-1
-2
0
-1
-1
2
2
2
2
2
1
0
1
1
0
0
0
0
0
-1
-1
-1
-2
-1
-1
1
-1
-1
1
1
1
0
-1
0
-1
-1
0
0
1
0
0
0
0
1
0
0
1
1
0
0
0
1
1
1
0
-1
0
0
-1
0
1
1
0
1
0
-1
1
1
1
0
0
-1
0
0
0
0
-1
-2
0
1
0
0
-1
-1
0
0
-1
-1
-2
-1
0
0
0
0
1
-1
1
1
1
0
-1
0
0
0
1
1
0
1
1
-1
0
1
0
2
1
-1
0
0
0
0
-1
-1
-1
0
0
0
1
1
0
-1
1
1
1
0
0
0
0
0
