SAMPLES:	21146
BITSPERSAMPLE:	16
CHANNELS:	1
SAMPLERATE:	16000
NORMALIZED:	FALSE
1
0
2
2
0
2
3
3
3
4
5
3
4
5
6
6
6
4
4
4
4
3
3
2
2
2
2
0
1
1
1
1
1
-1
0
-1
-1
0
-1
-1
0
1
0
-1
-1
-1
-4
-6
-4
-5
-4
-4
-4
-4
-5
-5
-4
-4
-5
-4
-3
-2
-2
-2
-2
0
-2
-2
-1
-2
-2
-2
-2
1
3
3
4
4
4
6
5
4
4
3
2
1
0
2
3
4
3
2
2
1
1
0
0
-1
-3
-3
-3
-3
-2
-2
-1
1
-1
0
1
1
0
0
-2
-4
-3
-4
-5
-5
-5
-5
-4
-2
-2
-1
-1
-1
-1
2
2
3
3
2
3
3
1
1
1
1
-1
-2
-1
-1
0
0
1
2
1
1
1
1
-1
0
0
-2
-1
-3
-3
-4
-3
-4
-2
0
0
0
1
1
1
1
1
1
2
3
3
3
2
2
1
1
0
1
1
2
2
1
1
1
1
0
0
0
0
1
0
1
1
-1
-2
-3
-4
-3
-2
-2
-1
0
2
3
3
1
2
1
-1
0
0
-1
0
0
-1
0
0
0
2
2
1
1
0
0
-1
-3
-1
0
-1
-1
-1
-2
0
0
0
1
1
2
1
2
0
-1
-1
-1
0
0
-2
-1
-4
-3
-2
-2
-1
-1
0
0
-1
0
0
1
-1
0
1
2
2
2
3
4
4
6
4
4
4
4
2
2
3
4
5
3
2
1
-1
-1
-1
0
0
1
-1
-1
-1
-3
-3
-2
-2
-2
-1
0
1
3
5
4
4
4
5
4
5
4
3
1
0
-1
-2
-2
-3
-1
-1
0
-1
-2
-1
-1
0
0
-2
-2
-3
-3
-5
-5
-6
-5
-5
-5
-4
-4
-2
-2
0
1
3
3
3
2
2
0
0
-2
-2
-3
-3
-3
-1
-3
-3
-3
-2
-3
-3
-3
-4
-4
-4
-3
-3
-1
0
0
0
1
-1
0
2
1
1
2
1
0
1
3
2
4
4
6
6
6
7
5
3
2
1
2
1
0
0
0
1
3
4
4
4
4
4
3
0
2
2
2
3
1
1
0
-2
0
-2
-2
-3
-2
-2
-1
-2
-5
-5
-4
-5
-6
-7
-7
-4
-4
-5
-4
-5
-2
-3
-3
-3
0
-1
-3
-3
-3
-3
-2
0
0
0
1
2
2
2
1
0
1
2
1
1
1
1
1
0
1
0
0
0
1
1
3
2
2
1
1
1
1
0
-1
1
0
-1
-1
0
1
1
1
2
1
1
1
0
1
2
2
3
1
2
1
0
1
2
2
2
0
-1
-1
0
-1
0
0
1
1
1
2
2
2
4
4
3
3
4
4
3
3
2
3
1
1
-1
-1
-2
-2
-3
-3
-3
-4
-5
-5
-5
-4
-3
-5
-4
-3
-4
-2
-1
0
0
0
1
2
1
2
2
4
3
2
0
0
1
1
1
-1
0
0
2
2
5
3
4
5
3
3
3
2
2
2
2
3
2
2
3
3
2
2
-1
-1
-3
-2
-3
-5
-6
-6
-5
-7
-7
-6
-6
-5
-3
-1
-1
1
1
1
1
1
1
1
1
1
2
1
0
1
1
1
2
2
1
1
2
2
2
2
2
2
0
-1
-2
-1
-3
-3
-2
-1
-1
0
1
1
1
0
0
1
0
0
0
2
3
3
2
0
1
1
0
-1
-2
-2
-3
-5
-6
-6
-6
-5
-3
-4
-4
-5
-7
-7
-7
-6
-5
-4
-4
-3
0
2
5
4
6
6
5
5
4
5
3
4
4
3
3
2
2
1
2
2
2
2
2
1
1
-1
-1
-2
-2
-2
-2
-1
0
1
-1
-2
-2
0
1
-1
0
2
1
2
3
3
1
2
-1
-1
0
1
2
2
1
0
0
1
1
1
-1
-1
-2
-2
-1
-3
-2
-2
-1
-1
-2
-1
0
1
0
-1
-1
0
-2
-3
-4
-4
-3
-4
-4
-3
-4
-3
-3
-1
1
1
2
2
1
-2
-1
0
1
2
2
1
-2
-1
-1
1
1
2
3
3
3
3
1
2
1
2
1
1
3
2
-1
-1
0
-1
0
2
2
2
1
0
0
-1
-2
-1
-1
1
0
2
3
3
4
3
3
3
5
3
2
1
1
2
-1
1
0
-1
-1
-1
-1
-1
-2
-1
-1
-1
-1
-1
-1
1
1
1
0
1
0
1
1
-1
-2
0
0
0
1
0
0
0
0
0
0
0
0
0
2
2
0
2
3
3
2
1
2
2
2
3
1
0
2
3
4
4
5
5
4
3
2
1
1
-2
-3
-5
-4
-6
-4
-5
-6
-4
-4
-3
-2
-3
-1
-1
-2
-4
-3
-3
-3
-1
-1
0
-1
1
1
3
4
5
4
3
2
2
0
-1
-2
-3
-3
-4
-5
-5
-2
-3
-3
-1
-2
-2
-4
-3
0
0
2
2
3
4
4
3
3
4
6
5
8
8
8
8
7
7
3
3
3
2
2
1
0
-2
-2
-2
-3
-4
-5
-4
-2
-3
-2
-3
-4
-3
-4
-6
-6
-8
-9
-9
-8
-7
-7
-4
-5
-3
-2
-2
-2
-3
-1
-1
-2
-1
-3
-2
0
0
0
-1
-3
-5
-2
-2
-5
-3
-2
0
1
2
3
1
1
1
1
2
1
1
3
4
4
5
4
6
7
7
6
4
3
2
1
2
1
2
1
0
-2
-3
-2
-2
-2
-2
-1
-1
-3
-1
-1
1
3
2
3
2
4
3
4
5
5
6
4
3
4
1
-1
-1
-2
-2
-2
-2
-2
-1
-2
-2
-2
-3
-2
-2
-3
-4
-2
-3
-2
-1
-2
-1
-1
-2
-3
0
1
2
2
3
5
5
5
4
5
2
1
1
0
0
0
-1
-2
-3
-2
-1
0
1
2
2
2
2
1
1
1
0
3
3
3
1
1
4
4
3
4
6
6
5
2
1
1
0
0
1
2
2
1
1
0
-2
-3
-3
-1
-1
-1
-1
-2
-2
-2
-1
-2
-3
-3
-5
-4
-4
-3
-2
-3
-3
-3
-2
-2
-1
0
-1
-1
-1
0
1
0
1
5
6
6
5
5
4
5
5
4
3
1
1
2
3
4
5
3
3
2
1
0
1
-1
-3
-4
-4
-3
-1
0
0
-1
-3
-3
-4
-3
-3
-2
-3
-4
-4
-4
-5
-3
-2
-2
-2
-1
0
-2
1
0
0
-1
-3
-1
-2
-3
-3
-4
-4
-3
-2
-2
-2
-3
-1
-1
0
1
1
0
1
1
2
2
1
2
0
1
2
2
2
2
4
3
5
6
3
3
1
0
-1
-1
-1
-3
-4
-3
-2
-4
-4
-4
-4
-1
-1
-1
-2
0
0
1
1
2
3
3
1
0
-1
-1
1
1
3
2
2
2
-1
0
2
1
-2
-4
-5
-5
-5
-4
-2
-1
-2
-2
0
-1
-1
-1
-3
-3
-2
-1
0
0
0
1
0
0
0
1
3
4
3
5
6
4
4
3
1
-2
-2
-3
-2
-2
-3
-3
-2
-1
-2
0
1
4
4
2
3
2
3
4
3
1
0
1
0
0
-1
-2
-2
-1
0
0
3
2
0
1
0
-1
-1
-2
-1
-1
-2
0
0
-1
-1
0
1
3
3
3
2
2
2
3
3
3
3
2
2
2
1
0
-2
-2
-2
-2
-2
-1
1
0
1
2
4
4
5
4
3
3
3
2
2
1
1
2
1
2
2
-1
0
0
-3
-3
-4
-3
-4
-4
-3
-4
-4
-3
-3
-3
-3
-1
0
0
3
3
3
3
3
3
3
1
2
3
3
3
2
0
-2
-3
-2
-3
-4
-2
-1
-2
-2
-4
-2
-3
-4
-5
-5
-4
-4
-2
-1
-1
1
2
3
3
4
3
2
3
3
2
3
3
1
2
3
4
3
2
1
2
1
-3
-2
-2
-1
-1
-1
-1
0
0
-1
-2
-2
-3
-3
-5
-6
-3
-4
-2
-2
-1
-1
-2
-2
0
0
-1
0
-1
-2
-1
-2
0
-1
0
-1
0
1
-1
0
1
1
2
1
1
2
1
0
-1
-2
0
0
1
2
2
0
0
0
0
1
2
1
1
0
1
2
1
0
1
-1
-1
-1
0
0
-1
0
0
-1
0
0
-1
1
1
0
-1
0
0
0
-1
-1
-1
1
0
0
0
1
1
1
1
1
-1
0
1
1
-1
0
1
-1
1
0
-1
0
-1
0
1
0
0
1
0
0
-1
1
1
2
0
0
1
1
1
-2
0
0
0
2
1
1
-2
-1
0
-1
0
1
1
1
0
0
-1
0
1
-2
0
-1
-2
-1
-1
1
-1
0
0
1
2
0
1
0
-1
0
-1
1
0
0
0
-1
1
0
0
1
0
1
0
-2
0
0
-1
1
1
1
0
0
1
2
1
1
1
2
1
1
0
0
-1
-1
-1
-1
-1
-3
-1
0
1
0
0
-1
-1
-1
-1
-1
0
-1
-1
-1
-2
-1
0
-1
-1
0
-2
-1
-1
0
0
0
0
-1
-1
0
0
1
1
2
1
2
1
2
3
2
2
2
2
2
2
2
2
2
2
2
2
2
0
1
0
0
0
0
-1
-2
0
0
0
-2
-3
-4
-4
-3
-3
-3
-3
-3
-3
-4
-4
-2
-3
-2
-2
-2
-1
-1
0
1
2
1
1
1
1
0
0
0
0
0
0
0
0
1
1
1
2
2
3
1
2
1
0
1
1
3
2
2
3
4
4
6
3
5
3
3
3
2
2
1
1
2
0
0
-1
-1
-2
-2
-4
-6
-5
-5
-5
-5
-6
-7
-6
-5
-6
-5
-2
-2
-1
-1
-2
-4
-2
-3
-3
-1
0
1
2
3
3
3
1
2
3
3
3
3
3
3
3
3
3
2
3
1
-1
-1
-2
-4
-5
-7
-7
-9
-12
-13
-13
-13
-14
-13
-13
-13
-11
-10
-9
-7
-5
-5
-2
-1
0
1
1
2
3
6
6
9
13
16
18
21
22
20
19
20
19
14
13
11
11
10
12
13
17
19
24
29
31
31
27
24
18
10
0
-8
-15
-21
-22
-21
-19
-14
-4
6
12
21
27
27
25
19
7
-1
-10
-23
-36
-36
-42
-43
-38
-34
-34
-29
-25
-34
-42
-55
-68
-88
-102
-121
-131
-138
-134
-131
-117
-100
-76
-48
-21
9
38
64
89
114
134
152
169
182
191
205
214
211
213
208
197
186
177
153
134
123
105
85
76
63
41
32
16
-7
-30
-47
-83
-114
-146
-182
-218
-242
-277
-306
-314
-325
-330
-322
-307
-295
-273
-249
-235
-221
-202
-193
-188
-169
-158
-136
-105
-63
-21
37
99
165
228
290
356
402
433
460
481
478
474
466
447
422
412
393
368
353
328
296
271
240
178
127
76
7
-59
-113
-179
-250
-291
-335
-378
-407
-416
-438
-436
-427
-420
-415
-411
-419
-425
-438
-458
-490
-516
-535
-539
-527
-501
-454
-378
-283
-159
-16
126
268
425
559
669
770
829
841
838
811
741
669
576
455
345
267
167
83
30
-24
-76
-74
-82
-111
-109
-104
-122
-121
-99
-115
-95
-42
9
58
159
229
277
341
384
352
306
239
105
-41
-172
-334
-509
-637
-745
-845
-905
-927
-970
-972
-938
-911
-875
-794
-718
-627
-489
-306
-145
48
269
469
649
849
997
1078
1127
1162
1121
1050
978
837
681
561
442
302
206
118
35
-27
-23
-75
-114
-125
-151
-207
-201
-208
-235
-232
-172
-127
-68
41
107
155
214
255
205
161
70
-70
-225
-346
-517
-678
-785
-879
-963
-977
-973
-1000
-942
-870
-817
-735
-592
-518
-394
-209
-38
70
278
461
570
724
878
932
970
1031
996
948
918
842
683
629
542
406
330
280
164
122
129
77
29
81
70
14
54
74
19
22
77
63
84
154
186
187
268
268
204
164
101
-60
-222
-362
-585
-782
-911
-1050
-1202
-1242
-1259
-1290
-1242
-1131
-1080
-1005
-838
-733
-620
-409
-255
-164
28
270
388
521
722
820
869
1002
1044
1019
1016
958
841
776
736
574
450
429
345
271
291
257
206
214
231
203
197
207
134
108
148
118
85
108
109
111
157
194
170
155
163
58
-54
-148
-310
-514
-687
-866
-1051
-1169
-1230
-1294
-1323
-1250
-1184
-1107
-974
-844
-747
-685
-556
-388
-253
-153
-25
172
324
472
657
825
872
952
1027
1081
1075
1031
918
812
762
614
484
409
333
223
271
309
298
316
419
397
392
468
426
318
275
251
187
167
140
70
78
164
114
72
126
60
-76
-197
-332
-533
-741
-933
-1200
-1351
-1437
-1559
-1603
-1500
-1438
-1337
-1163
-983
-833
-685
-571
-563
-387
-219
-201
-111
131
252
345
613
825
850
948
1129
1114
1119
1157
1049
891
865
749
521
450
420
283
255
394
422
440
577
706
732
807
806
729
682
619
480
387
344
219
130
166
146
50
36
-11
-136
-254
-423
-693
-915
-1099
-1356
-1619
-1716
-1838
-1922
-1856
-1714
-1615
-1436
-1198
-1015
-826
-656
-555
-545
-446
-343
-291
-228
-116
37
200
393
597
773
906
1035
1122
1197
1215
1174
1073
1001
949
820
671
680
685
658
709
852
951
989
1122
1190
1198
1153
1087
946
829
655
478
328
193
72
-34
-65
-140
-201
-278
-388
-525
-692
-918
-1160
-1365
-1643
-1812
-1934
-2023
-2101
-2015
-1862
-1743
-1511
-1249
-1054
-859
-628
-538
-404
-393
-390
-395
-277
-222
-246
-63
114
241
449
734
895
1040
1137
1272
1246
1280
1196
1091
1042
971
882
865
905
999
1076
1191
1358
1451
1568
1553
1604
1531
1369
1182
1030
820
580
363
215
45
-87
-150
-269
-347
-468
-579
-761
-946
-1185
-1467
-1732
-1955
-2194
-2388
-2483
-2537
-2524
-2434
-2229
-2015
-1745
-1464
-1185
-924
-684
-512
-390
-240
-249
-248
-135
26
92
203
456
655
831
1111
1372
1501
1610
1642
1651
1603
1535
1357
1204
1125
994
885
908
957
1006
1084
1212
1332
1403
1463
1441
1414
1311
1119
929
757
546
323
159
32
-101
-192
-251
-359
-452
-581
-753
-981
-1197
-1472
-1783
-2047
-2291
-2520
-2709
-2802
-2849
-2817
-2707
-2494
-2237
-1911
-1623
-1304
-1000
-760
-574
-397
-226
-212
-101
104
302
443
713
996
1196
1436
1740
1932
2015
2122
2089
2006
1918
1799
1544
1382
1241
1052
933
957
930
902
1010
1100
1124
1189
1262
1211
1172
1122
987
824
718
546
391
332
250
130
88
69
-59
-161
-259
-456
-734
-978
-1287
-1625
-1924
-2239
-2540
-2768
-2940
-3124
-3156
-3081
-2967
-2790
-2440
-2136
-1841
-1526
-1217
-1024
-824
-609
-517
-365
-138
91
264
586
911
1160
1430
1783
2006
2142
2264
2293
2213
2105
1974
1739
1537
1335
1109
941
884
821
791
864
966
1025
1114
1218
1242
1244
1232
1162
1062
981
849
720
641
595
501
451
423
361
267
159
-9
-237
-529
-896
-1275
-1631
-2034
-2457
-2764
-3035
-3311
-3482
-3476
-3437
-3322
-3053
-2703
-2370
-1988
-1610
-1304
-1039
-766
-556
-366
-128
93
283
526
827
1100
1382
1688
1944
2123
2268
2328
2284
2173
2006
1750
1468
1219
950
666
476
358
274
269
395
536
667
835
1022
1141
1229
1299
1327
1323
1297
1244
1176
1116
1038
955
891
810
672
527
365
112
-199
-538
-950
-1405
-1821
-2243
-2676
-3034
-3312
-3563
-3713
-3714
-3646
-3495
-3215
-2845
-2455
-2017
-1607
-1228
-872
-524
-233
79
394
650
886
1163
1428
1643
1907
2131
2289
2391
2483
2443
2356
2199
1968
1663
1391
1103
770
507
269
67
-74
-63
-38
65
206
379
517
699
835
920
1021
1117
1147
1153
1195
1160
1100
1052
1005
860
724
557
342
60
-240
-616
-1030
-1440
-1851
-2266
-2638
-2957
-3248
-3449
-3559
-3594
-3537
-3366
-3160
-2857
-2462
-2076
-1759
-1365
-969
-677
-368
46
367
599
915
1249
1451
1672
1955
2131
2236
2382
2459
2432
2392
2310
2115
1944
1788
1555
1313
1155
977
768
668
632
571
539
588
610
617
603
592
549
531
489
470
464
434
380
375
374
331
257
201
84
-83
-260
-478
-766
-1085
-1380
-1701
-1980
-2266
-2497
-2707
-2815
-2891
-2892
-2852
-2748
-2596
-2371
-2113
-1937
-1666
-1508
-1248
-1110
-779
-612
-300
-28
341
608
1033
1359
1672
1986
2271
2508
2551
2739
2655
2669
2523
2442
2137
2039
1800
1633
1389
1339
1122
957
918
799
675
477
370
66
-87
-293
-436
-639
-631
-769
-757
-677
-556
-481
-346
-153
-146
-95
-72
-124
-287
-420
-687
-920
-1166
-1391
-1690
-1865
-1972
-2147
-2234
-2244
-2265
-2249
-2161
-2089
-2016
-1960
-1853
-1856
-1665
-1490
-1268
-964
-519
-112
417
989
1587
2056
2599
3074
3374
3635
3752
3781
3686
3571
3301
3024
2716
2384
1962
1703
1384
1052
765
615
404
134
-62
-308
-571
-778
-886
-1012
-1059
-1038
-952
-817
-526
-271
5
309
561
686
720
746
623
364
18
-401
-845
-1294
-1804
-2214
-2611
-2903
-3226
-3408
-3487
-3578
-3614
-3560
-3443
-3379
-3278
-3095
-2899
-2739
-2265
-1781
-1292
-746
52
787
1424
2205
2879
3372
3868
4312
4466
4509
4479
4286
3934
3713
3309
2740
2316
1906
1395
969
684
350
47
-67
-262
-548
-683
-805
-950
-969
-902
-887
-792
-543
-268
0
401
743
1012
1263
1379
1354
1262
1083
662
167
-328
-930
-1587
-2094
-2611
-3077
-3440
-3666
-3838
-3915
-3872
-3866
-3728
-3555
-3427
-3243
-2956
-2752
-2342
-1768
-1151
-666
116
988
1630
2374
3136
3651
4047
4482
4725
4697
4582
4401
3950
3667
3291
2654
2139
1721
1211
688
402
121
-271
-417
-457
-734
-868
-931
-1033
-1091
-990
-880
-831
-585
-266
-17
370
814
1062
1321
1525
1560
1385
1250
935
396
-144
-718
-1406
-2013
-2542
-3108
-3534
-3778
-3960
-4084
-3982
-3889
-3802
-3597
-3354
-3246
-2996
-2723
-2384
-1956
-1380
-878
-277
517
1191
1833
2602
3231
3565
4023
4354
4449
4326
4269
3969
3612
3317
2802
2242
1829
1420
939
647
420
161
-35
27
-114
-262
-289
-384
-506
-505
-484
-514
-450
-236
-49
158
583
822
1035
1264
1386
1245
1058
823
398
-140
-682
-1287
-1920
-2456
-3023
-3476
-3793
-3989
-4133
-4140
-3988
-3866
-3705
-3471
-3281
-3068
-2804
-2340
-1883
-1473
-957
-265
440
1069
1718
2442
2993
3415
3882
4136
4283
4242
4160
3953
3696
3378
2862
2351
1932
1443
1009
676
363
121
-57
-57
-147
-273
-322
-412
-465
-492
-551
-527
-450
-289
-99
105
464
724
967
1188
1295
1235
1024
708
296
-211
-763
-1344
-1925
-2402
-2927
-3302
-3555
-3757
-3867
-3875
-3769
-3700
-3531
-3338
-3135
-3017
-2772
-2265
-1662
-1234
-714
91
897
1573
2243
2993
3430
3791
4153
4357
4341
4213
3980
3683
3431
3095
2538
2027
1638
1110
641
286
-50
-449
-685
-718
-846
-1028
-1099
-1115
-1053
-976
-865
-646
-364
3
354
740
1125
1399
1653
1869
1904
1757
1461
1086
563
-111
-735
-1377
-1969
-2507
-2996
-3359
-3651
-3900
-4050
-4048
-4015
-3991
-3913
-3662
-3464
-3281
-3073
-2685
-2137
-1603
-1007
-297
587
1341
2102
2876
3566
3965
4341
4602
4703
4603
4358
4062
3712
3408
2918
2440
2006
1577
1085
721
403
46
-267
-412
-523
-736
-897
-1051
-1119
-1156
-1158
-1069
-897
-625
-307
78
489
847
1153
1511
1766
1858
1775
1587
1295
785
188
-449
-1032
-1597
-2169
-2673
-3081
-3446
-3743
-3908
-3972
-3983
-4002
-3884
-3706
-3569
-3430
-3240
-2993
-2760
-2258
-1685
-1090
-508
303
1079
1824
2548
3243
3732
4125
4501
4570
4533
4391
4199
3818
3545
3163
2684
2213
1882
1476
1060
806
549
308
167
49
-213
-459
-660
-854
-1032
-1129
-1202
-1137
-926
-685
-434
-48
341
709
1045
1338
1473
1444
1289
919
425
-127
-712
-1364
-1938
-2494
-2990
-3407
-3649
-3840
-3919
-3862
-3752
-3598
-3430
-3256
-3120
-2966
-2892
-2628
-2197
-1722
-1325
-708
53
744
1494
2355
3098
3622
4212
4633
4818
4858
4793
4500
4194
3872
3332
2741
2302
1856
1303
902
610
243
0
-64
-189
-396
-577
-748
-930
-1054
-1183
-1238
-1141
-956
-789
-481
-70
260
577
952
1264
1367
1360
1226
901
409
-157
-796
-1447
-2022
-2602
-3117
-3478
-3753
-3963
-3997
-3885
-3775
-3602
-3396
-3185
-3038
-2873
-2788
-2416
-1903
-1488
-1076
-362
414
1016
1795
2678
3322
3780
4390
4717
4852
4864
4738
4396
4127
3759
3105
2559
2201
1682
1078
745
395
-61
-275
-336
-498
-690
-794
-958
-1067
-1122
-1188
-1161
-970
-770
-598
-197
202
469
784
1179
1363
1380
1337
1212
854
363
-176
-784
-1356
-1882
-2431
-2851
-3172
-3503
-3721
-3770
-3734
-3758
-3629
-3470
-3351
-3241
-3087
-2996
-2523
-1994
-1551
-1071
-267
509
1078
1901
2753
3277
3707
4279
4522
4579
4572
4480
4164
3988
3640
3040
2648
2384
1846
1274
971
553
47
-193
-344
-603
-832
-991
-1206
-1324
-1369
-1450
-1395
-1161
-949
-754
-303
113
394
767
1169
1339
1372
1350
1190
837
396
-98
-669
-1160
-1666
-2188
-2522
-2806
-3146
-3382
-3449
-3499
-3566
-3470
-3400
-3382
-3284
-3189
-3113
-2670
-2174
-1711
-1210
-357
397
1023
1927
2789
3325
3824
4408
4662
4694
4719
4670
4350
4188
3800
3238
2875
2573
1988
1420
1081
593
62
-219
-441
-768
-1042
-1260
-1513
-1663
-1729
-1848
-1791
-1542
-1299
-1055
-560
-96
220
660
1113
1313
1411
1423
1227
862
429
-60
-670
-1165
-1673
-2219
-2548
-2805
-3126
-3344
-3394
-3431
-3434
-3328
-3263
-3258
-3126
-3062
-2983
-2561
-2062
-1631
-1131
-232
527
1210
2153
3055
3612
4185
4770
5039
5042
5051
4925
4551
4322
3836
3224
2810
2393
1717
1138
754
230
-297
-569
-820
-1173
-1458
-1661
-1905
-2024
-2082
-2166
-2052
-1757
-1470
-1159
-608
-137
219
730
1215
1416
1561
1599
1397
1031
629
137
-496
-989
-1517
-2101
-2467
-2740
-3079
-3296
-3337
-3396
-3383
-3269
-3205
-3197
-3035
-2957
-2840
-2372
-1829
-1428
-928
-6
724
1385
2294
3161
3668
4231
4784
5010
5000
4990
4778
4409
4206
3721
3112
2694
2235
1521
943
562
47
-464
-720
-985
-1374
-1648
-1829
-2042
-2125
-2131
-2145
-1969
-1638
-1352
-1012
-470
-35
318
815
1250
1407
1482
1498
1292
961
573
100
-473
-946
-1473
-2051
-2431
-2726
-3065
-3305
-3348
-3445
-3446
-3370
-3273
-3232
-3096
-3014
-2782
-2244
-1702
-1291
-708
196
873
1580
2478
3295
3770
4345
4834
4992
4948
4891
4600
4277
4055
3552
2960
2555
2099
1406
901
546
74
-385
-594
-882
-1263
-1524
-1720
-1959
-2049
-2060
-2073
-1882
-1558
-1288
-928
-374
56
439
918
1319
1406
1442
1420
1173
812
404
-116
-707
-1173
-1716
-2271
-2664
-2925
-3265
-3452
-3485
-3547
-3542
-3418
-3273
-3199
-3105
-3012
-2642
-2084
-1586
-1158
-373
467
1119
1917
2898
3578
4067
4685
5075
5090
4998
4831
4425
4118
3730
3092
2501
2155
1600
976
596
281
-195
-494
-635
-923
-1194
-1371
-1562
-1773
-1800
-1853
-1814
-1565
-1250
-1006
-542
11
399
797
1263
1531
1538
1581
1429
1049
610
119
-559
-1169
-1681
-2273
-2789
-3092
-3355
-3625
-3660
-3647
-3647
-3519
-3303
-3158
-3037
-2900
-2742
-2274
-1725
-1289
-764
177
914
1519
2402
3320
3803
4302
4915
5132
5049
4931
4676
4231
3914
3367
2657
2155
1783
1121
552
259
-124
-582
-760
-874
-1155
-1329
-1417
-1564
-1672
-1674
-1671
-1543
-1235
-976
-682
-178
298
630
1031
1429
1542
1530
1507
1269
811
334
-256
-934
-1503
-2068
-2640
-3066
-3302
-3580
-3719
-3666
-3614
-3549
-3347
-3118
-2964
-2771
-2625
-2292
-1795
-1276
-874
-136
773
1385
2016
2906
3590
3958
4481
4897
4982
4859
4730
4385
4063
3695
3059
2437
2064
1560
847
386
50
-454
-846
-963
-1198
-1473
-1584
-1681
-1789
-1768
-1730
-1660
-1403
-1071
-840
-464
58
424
745
1189
1468
1483
1495
1419
1097
638
157
-475
-1094
-1632
-2226
-2777
-3136
-3389
-3662
-3721
-3665
-3651
-3539
-3325
-3161
-2995
-2793
-2580
-2133
-1607
-1123
-655
235
1049
1626
2412
3283
3795
4219
4748
5011
4980
4871
4707
4328
4065
3584
2914
2397
2028
1369
711
324
-97
-634
-881
-1021
-1345
-1555
-1653
-1770
-1794
-1685
-1646
-1506
-1199
-893
-672
-204
268
558
939
1361
1510
1513
1528
1346
946
460
-61
-768
-1363
-1927
-2534
-3056
-3360
-3622
-3853
-3831
-3800
-3761
-3593
-3390
-3280
-3059
-2864
-2540
-2020
-1445
-997
-378
604
1304
1966
2899
3672
4097
4610
5065
5160
5045
4965
4672
4282
3990
3376
2692
2255
1778
1030
471
113
-387
-851
-1003
-1226
-1532
-1678
-1784
-1860
-1804
-1733
-1690
-1496
-1167
-925
-630
-100
293
610
1060
1395
1484
1522
1472
1211
745
238
-381
-1063
-1632
-2229
-2800
-3223
-3502
-3785
-3901
-3831
-3817
-3721
-3508
-3339
-3155
-2893
-2653
-2167
-1568
-1011
-529
330
1239
1845
2639
3550
4118
4509
5033
5294
5254
5152
5005
4565
4249
3853
3132
2527
2120
1494
759
344
-68
-596
-924
-1088
-1394
-1611
-1729
-1853
-1892
-1846
-1827
-1777
-1485
-1189
-957
-546
-36
301
703
1139
1339
1386
1382
1210
814
327
-252
-920
-1525
-2091
-2706
-3186
-3522
-3822
-4064
-4049
-4019
-3992
-3820
-3593
-3416
-3122
-2859
-2479
-1854
-1226
-732
-59
938
1654
2306
3205
3986
4371
4879
5334
5439
5375
5325
4988
4575
4304
3727
2983
2506
2003
1191
596
212
-340
-839
-1038
-1317
-1623
-1762
-1875
-2010
-2008
-1933
-1935
-1728
-1342
-1084
-763
-208
239
619
1111
1488
1594
1634
1576
1251
806
303
-338
-1022
-1553
-2193
-2809
-3217
-3521
-3895
-4049
-4028
-4083
-4041
-3835
-3655
-3479
-3182
-2933
-2423
-1781
-1224
-742
160
1065
1682
2487
3444
3994
4407
5039
5366
5364
5359
5240
4817
4519
4142
3410
2780
2379
1638
825
374
-108
-773
-1097
-1263
-1602
-1838
-1899
-2011
-2096
-1982
-1932
-1823
-1456
-1084
-865
-366
174
552
977
1470
1730
1779
1791
1618
1211
724
197
-535
-1151
-1746
-2439
-3004
-3357
-3747
-4085
-4145
-4172
-4234
-4147
-3918
-3766
-3528
-3304
-2911
-2268
-1633
-1132
-419
599
1352
2085
3076
3880
4279
4872
5414
5548
5506
5491
5221
4828
4518
3910
3164
2680
2149
1259
604
164
-477
-1053
-1236
-1480
-1817
-1940
-1986
-2086
-2034
-1924
-1888
-1622
-1214
-959
-638
-57
368
714
1173
1572
1685
1695
1654
1371
891
398
-224
-948
-1540
-2217
-2864
-3327
-3706
-4112
-4301
-4284
-4332
-4325
-4144
-3914
-3704
-3446
-3180
-2560
-1861
-1251
-655
309
1243
1937
2823
3768
4312
4759
5389
5696
5692
5631
5504
5100
4756
4275
3517
2861
2432
1698
858
346
-172
-854
-1254
-1423
-1767
-2022
-2073
-2155
-2176
-2059
-2030
-1895
-1483
-1113
-864
-371
179
531
909
1396
1629
1649
1687
1559
1149
653
106
-618
-1257
-1898
-2598
-3165
-3569
-4001
-4346
-4373
-4381
-4435
-4336
-4089
-3891
-3621
-3424
-2962
-2258
-1560
-996
-161
909
1700
2477
3489
4264
4701
5324
5857
6010
5973
5921
5577
5187
4809
4094
3273
2752
2152
1242
554
77
-602
-1233
-1473
-1765
-2153
-2286
-2370
-2464
-2407
-2316
-2284
-1970
-1481
-1169
-784
-151
325
675
1194
1611
1700
1772
1784
1493
1019
520
-178
-884
-1488
-2206
-2884
-3360
-3769
-4214
-4386
-4384
-4431
-4423
-4201
-3995
-3766
-3589
-3316
-2699
-1992
-1437
-777
330
1264
2025
3039
4055
4576
5165
5853
6207
6220
6228
5985
5529
5179
4565
3678
2987
2447
1558
727
227
-351
-1081
-1444
-1665
-2067
-2315
-2413
-2528
-2554
-2452
-2393
-2222
-1749
-1352
-1037
-439
202
593
1085
1651
1904
1962
2014
1844
1375
874
225
-558
-1233
-1922
-2709
-3291
-3732
-4179
-4494
-4539
-4547
-4561
-4416
-4171
-3958
-3743
-3545
-3058
-2331
-1717
-1184
-200
912
1701
2625
3774
4494
4967
5688
6206
6303
6288
6198
5752
5334
4829
4000
3178
2625
1851
930
326
-169
-862
-1359
-1565
-1908
-2215
-2358
-2471
-2535
-2451
-2387
-2277
-1909
-1456
-1174
-713
-20
486
931
1510
1941
2067
2124
2031
1669
1140
566
-210
-948
-1642
-2443
-3133
-3600
-4051
-4450
-4580
-4580
-4550
-4495
-4261
-4039
-3794
-3611
-3238
-2578
-1901
-1415
-666
468
1359
2161
3242
4192
4674
5302
5914
6181
6196
6194
5895
5449
5032
4335
3485
2886
2245
1314
570
63
-580
-1197
-1483
-1777
-2132
-2327
-2458
-2563
-2494
-2414
-2364
-2114
-1622
-1299
-951
-326
275
709
1267
1796
2043
2147
2185
1962
1515
1049
383
-377
-1057
-1818
-2616
-3158
-3622
-4137
-4452
-4518
-4560
-4594
-4469
-4286
-4097
-3883
-3662
-3126
-2428
-1880
-1347
-334
736
1493
2437
3571
4262
4809
5520
5984
6122
6187
6091
5693
5340
4857
4048
3367
2859
2029
1104
515
-49
-777
-1244
-1501
-1896
-2213
-2356
-2513
-2551
-2492
-2440
-2351
-1931
-1505
-1231
-724
-67
403
885
1494
1892
2048
2207
2189
1840
1438
936
197
-508
-1180
-2012
-2729
-3211
-3737
-4252
-4444
-4509
-4636
-4624
-4468
-4341
-4131
-3966
-3656
-3009
-2351
-1872
-1135
53
967
1738
2887
3897
4438
5115
5792
6087
6135
6174
5899
5519
5207
4566
3738
3222
2606
1607
808
311
-350
-1054
-1347
-1670
-2090
-2286
-2415
-2555
-2538
-2441
-2397
-2140
-1627
-1311
-979
-340
263
647
1187
1746
1975
2128
2242
2034
1615
1181
523
-245
-895
-1626
-2477
-3085
-3516
-4059
-4429
-4491
-4578
-4653
-4540
-4378
-4178
-3974
-3789
-3270
-2569
-1987
-1470
-428
692
1424
2381
3571
4275
4828
5566
6065
6143
6174
6067
5672
5380
4942
4101
3385
2913
2020
1038
434
-78
-870
-1350
-1581
-2008
-2304
-2411
-2580
-2644
-2519
-2444
-2319
-1862
-1416
-1170
-679
30
467
864
1481
1851
1986
2131
2089
1749
1315
763
28
-647
-1289
-2098
-2837
-3287
-3744
-4233
-4392
-4439
-4533
-4531
-4362
-4162
-3937
-3800
-3417
-2748
-2092
-1628
-862
308
1121
1881
3037
3973
4521
5213
5889
6160
6199
6222
5940
5596
5303
4608
3719
3194
2506
1466
676
202
-530
-1237
-1506
-1864
-2268
-2441
-2597
-2772
-2720
-2604
-2576
-2299
-1789
-1483
-1140
-437
180
550
1144
1700
1928
2088
2176
1984
1593
1113
453
-262
-902
-1661
-2457
-3010
-3463
-3987
-4292
-4367
-4472
-4555
-4472
-4298
-4101
-3948
-3758
-3168
-2496
-1969
-1415
-298
688
1396
2430
3566
4258
4921
5710
6214
6353
6440
6330
5935
5677
5194
4281
3575
3068
2140
1180
623
21
-825
-1254
-1548
-1977
-2280
-2421
-2656
-2731
-2635
-2640
-2583
-2137
-1747
-1525
-961
-232
189
660
1315
1680
1856
1993
1945
1612
1208
650
-92
-759
-1449
-2265
-2896
-3345
-3828
-4234
-4338
-4387
-4510
-4483
-4329
-4182
-3984
-3905
-3463
-2816
-2217
-1735
-762
400
1186
2092
3286
4139
4765
5551
6165
6372
6424
6414
6009
5662
5304
4490
3622
3148
2415
1408
709
210
-606
-1198
-1455
-1826
-2189
-2315
-2484
-2590
-2494
-2439
-2437
-2076
-1600
-1383
-968
-253
256
611
1217
1669
1852
1965
2003
1726
1310
842
112
-610
-1275
-2072
-2789
-3274
-3703
-4149
-4327
-4321
-4435
-4464
-4293
-4160
-3960
-3891
-3534
-2920
-2313
-1828
-992
185
1080
1897
3027
3952
4553
5272
5901
6166
6178
6180
5838
5441
5085
4402
3515
3002
2379
1437
664
186
-518
-1182
-1454
-1766
-2161
-2327
-2439
-2564
-2485
-2388
-2350
-2060
-1553
-1260
-893
-274
296
644
1171
1653
1842
1930
2000
1814
1371
965
330
-382
-1040
-1759
-2510
-3045
-3459
-3922
-4215
-4246
-4338
-4458
-4334
-4181
-4013
-3951
-3608
-2976
-2350
-1863
-1071
53
989
1794
2863
3798
4398
5081
5713
6034
6086
6132
5880
5558
5235
4611
3759
3237
2629
1673
851
321
-371
-1100
-1426
-1736
-2175
-2425
-2533
-2691
-2649
-2550
-2493
-2237
-1756
-1447
-1081
-492
74
451
967
1482
1679
1756
1828
1705
1287
881
320
-333
-965
-1625
-2360
-2884
-3277
-3751
-4113
-4182
-4240
-4408
-4357
-4194
-4044
-3998
-3680
-3033
-2363
-1886
-1123
-17
909
1711
2770
3720
4342
5021
5665
6029
6119
6200
6013
5764
5506
4897
4066
3561
2980
2004
1153
587
-131
-900
-1281
-1603
-2053
-2355
-2494
-2653
-2635
-2549
-2482
-2233
-1800
-1511
-1175
-601
-54
321
818
1339
1565
1623
1659
1543
1159
701
141
-499
-1142
-1819
-2561
-3082
-3471
-3961
-4353
-4441
-4455
-4604
-4557
-4364
-4174
-4099
-3751
-3063
-2339
-1835
-1055
71
1008
1818
2907
3891
4542
5228
5873
6254
6348
6407
6180
5942
5660
5009
4140
3642
3029
2028
1172
608
-139
-921
-1346
-1692
-2128
-2414
-2566
-2693
-2637
-2539
-2438
-2151
-1686
-1380
-1039
-474
74
432
898
1377
1616
1664
1671
1533
1170
683
103
-540
-1180
-1880
-2648
-3166
-3568
-4081
-4496
-4599
-4630
-4753
-4670
-4464
-4255
-4120
-3729
-3033
-2291
-1731
-966
128
1083
1868
2912
3899
4533
5174
5811
6207
6290
6335
6111
5864
5570
4939
4096
3601
3012
2014
1169
630
-79
-867
-1318
-1684
-2093
-2384
-2517
-2646
-2580
-2493
-2385
-2124
-1643
-1300
-983
-448
109
465
852
1296
1530
1587
1587
1470
1123
648
81
-536
-1165
-1840
-2597
-3109
-3522
-4022
-4451
-4614
-4664
-4777
-4702
-4516
-4288
-4159
-3786
-3082
-2339
-1781
-1001
82
1056
1865
2905
3875
4510
5160
5815
6211
6330
6391
6188
5944
5659
5048
4218
3728
3142
2161
1300
730
4
-779
-1253
-1661
-2087
-2369
-2512
-2664
-2601
-2518
-2419
-2158
-1665
-1310
-982
-452
93
464
842
1267
1479
1556
1561
1453
1155
709
135
-481
-1087
-1768
-2530
-3047
-3493
-4006
-4437
-4649
-4717
-4827
-4781
-4638
-4376
-4278
-3998
-3309
-2552
-2023
-1282
-151
846
1689
2745
3766
4423
5127
5841
6266
6411
6521
6343
6088
5831
5244
4373
3834
3280
2296
1402
792
48
-783
-1268
-1703
-2189
-2488
-2641
-2818
-2765
-2657
-2565
-2281
-1741
-1371
-1026
-433
142
492
911
1397
1606
1672
1702
1593
1317
930
363
-301
-883
-1563
-2383
-2942
-3378
-3952
-4440
-4628
-4681
-4842
-4796
-4604
-4348
-4252
-3982
-3311
-2585
-2029
-1333
-209
781
1621
2604
3650
4339
5030
5728
6189
6339
6446
6273
6010
5779
5233
4355
3760
3264
2298
1388
787
129
-717
-1211
-1605
-2083
-2439
-2601
-2758
-2701
-2599
-2519
-2274
-1750
-1382
-1077
-504
91
412
775
1258
1470
1487
1490
1396
1109
745
203
-440
-1011
-1636
-2445
-3019
-3375
-3903
-4400
-4554
-4549
-4722
-4683
-4425
-4153
-4071
-3780
-3102
-2404
-1853
-1173
-86
880
1691
2612
3610
4303
4975
5626
6093
6267
6361
6162
5918
5707
5172
4331
3749
3248
2287
1390
790
163
-646
-1132
-1514
-1955
-2335
-2533
-2665
-2595
-2527
-2464
-2240
-1768
-1413
-1101
-562
34
421
762
1187
1437
1502
1459
1369
1099
708
127
-465
-1051
-1680
-2423
-2997
-3367
-3821
-4272
-4483
-4495
-4638
-4649
-4463
-4202
-4114
-3877
-3230
-2497
-1920
-1264
-204
802
1638
2553
3563
4285
4966
5614
6089
6283
6361
6151
5885
5675
5166
4339
3730
3250
2351
1446
835
243
-523
-1037
-1424
-1843
-2230
-2437
-2580
-2544
-2493
-2458
-2279
-1841
-1488
-1210
-716
-111
312
631
1034
1334
1464
1435
1345
1074
684
89
-511
-1093
-1717
-2413
-2981
-3369
-3792
-4176
-4385
-4389
-4488
-4498
-4367
-4144
-4047
-3850
-3252
-2521
-1926
-1302
-287
733
1613
2560
3602
4356
5076
5740
6192
6394
6485
6279
5969
5753
5260
4412
3729
3255
2401
1486
857
262
-483
-1020
-1438
-1885
-2261
-2459
-2647
-2670
-2613
-2605
-2461
-2030
-1657
-1399
-907
-277
162
509
961
1295
1475
1498
1411
1132
759
185
-469
-1038
-1646
-2371
-2954
-3345
-3771
-4158
-4323
-4319
-4382
-4402
-4271
-4068
-3923
-3807
-3289
-2556
-1947
-1441
-480
613
1460
2350
3463
4295
4958
5654
6152
6353
6438
6326
5977
5754
5319
4487
3705
3287
2508
1544
904
391
-357
-940
-1317
-1745
-2165
-2363
-2541
-2635
-2574
-2574
-2484
-2102
-1688
-1450
-1009
-358
123
448
939
1319
1495
1534
1492
1246
854
321
-332
-918
-1495
-2219
-2860
-3265
-3667
-4081
-4279
-4281
-4348
-4417
-4291
-4090
-3943
-3862
-3418
-2737
-2120
-1634
-749
342
1225
2075
3161
4048
4720
5399
5938
6188
6272
6226
5913
5667
5274
4538
3737
3313
2639
1711
1025
566
-109
-711
-1085
-1448
-1874
-2126
-2295
-2421
-2403
-2416
-2360
-2059
-1657
-1405
-1009
-386
145
475
937
1359
1560
1605
1571
1362
986
472
-178
-791
-1373
-2087
-2796
-3244
-3622
-4067
-4347
-4390
-4434
-4522
-4443
-4251
-4070
-3988
-3667
-3010
-2352
-1890
-1176
-54
874
1649
2642
3656
4307
4980
5590
5976
6063
6104
5894
5648
5359
4760
3968
3469
2957
2054
1287
807
249
-416
-805
-1137
-1524
-1843
-2050
-2241
-2258
-2279
-2334
-2144
-1737
-1474
-1192
-583
26
374
785
1294
1576
1656
1648
1482
1129
674
44
-607
-1187
-1856
-2604
-3097
-3414
-3845
-4179
-4252
-4246
-4338
-4280
-4128
-3922
-3843
-3651
-3115
-2394
-1941
-1419
-395
626
1346
2231
3324
4018
4645
5310
5778
5881
5979
5823
5554
5312
4833
4021
3440
2994
2144
1305
772
249
-445
-849
-1190
-1568
-1880
-2052
-2297
-2342
-2306
-2356
-2267
-1878
-1552
-1323
-787
-164
252
634
1170
1499
1661
1701
1605
1272
869
296
-360
-964
-1601
-2355
-2915
-3265
-3664
-4024
-4133
-4153
-4203
-4153
-3999
-3839
-3663
-3544
-3222
-2515
-1895
-1512
-753
385
1172
1905
2982
3912
4428
5118
5693
5894
5935
5944
5630
5355
5028
4324
3554
3142
2517
1572
922
502
-123
-724
-1003
-1355
-1711
-1924
-2070
-2229
-2184
-2199
-2210
-1956
-1558
-1376
-1068
-483
-35
261
720
1166
1321
1429
1432
1228
857
426
-197
-820
-1405
-2096
-2784
-3197
-3553
-3990
-4213
-4241
-4264
-4276
-4113
-3950
-3757
-3623
-3425
-2895
-2178
-1714
-1183
-173
785
1483
2411
3505
4157
4765
5448
5867
5948
6020
5859
5559
5293
4794
3994
3410
2969
2131
1300
817
318
-399
-822
-1132
-1508
-1818
-1947
-2092
-2135
-2080
-2095
-1957
-1552
-1256
-1117
-643
-93
227
555
1054
1315
1418
1491
1384
1076
723
211
-451
-1030
-1640
-2379
-2935
-3266
-3713
-4102
-4202
-4218
-4264
-4193
-4030
-3888
-3724
-3642
-3350
-2739
-2144
-1729
-985
39
827
1587
2661
3569
4105
4814
5449
5715
5758
5803
5553
5302
5001
4390
3653
3253
2706
1844
1249
838
210
-402
-706
-1081
-1472
-1734
-1877
-2081
-2078
-2084
-2085
-1845
-1460
-1318
-1046
-447
27
339
794
1232
1375
1503
1499
1264
910
553
-75
-710
-1256
-1911
-2618
-3005
-3351
-3809
-4050
-4067
-4125
-4177
-4053
-3928
-3786
-3730
-3628
-3186
-2522
-2013
-1508
-553
439
1184
2103
3211
3873
4459
5199
5659
5721
5774
5659
5351
5142
4728
3968
3419
3073
2312
1553
1106
595
-91
-511
-829
-1238
-1600
-1762
-1991
-2084
-2078
-2111
-2038
-1684
-1443
-1267
-796
-204
178
542
1039
1313
1440
1498
1383
1045
694
179
-469
-1033
-1598
-2321
-2861
-3149
-3534
-3904
-4009
-4032
-4131
-4110
-3966
-3854
-3745
-3719
-3423
-2814
-2174
-1747
-1016
48
919
1664
2716
3606
4087
4751
5330
5526
5497
5520
5267
5053
4813
4212
3515
3173
2648
1811
1221
774
177
-417
-714
-1047
-1399
-1614
-1764
-1922
-1921
-1927
-1927
-1705
-1385
-1184
-890
-349
127
447
867
1293
1468
1526
1513
1318
952
498
-93
-707
-1273
-1938
-2606
-3001
-3315
-3729
-4008
-4041
-4085
-4134
-4032
-3912
-3785
-3697
-3549
-3066
-2426
-1915
-1384
-445
534
1282
2153
3196
3805
4359
5003
5403
5434
5474
5381
5125
4952
4548
3833
3292
2932
2194
1428
892
424
-261
-708
-986
-1284
-1578
-1737
-1914
-2009
-2002
-2047
-1972
-1684
-1386
-1179
-756
-229
181
542
1037
1345
1457
1522
1470
1185
812
326
-304
-896
-1472
-2159
-2706
-3009
-3395
-3789
-3908
-3885
-3951
-3913
-3815
-3728
-3619
-3513
-3309
-2772
-2176
-1703
-1090
-87
768
1484
2465
3389
3912
4525
5144
5390
5442
5484
5308
5061
4866
4335
3636
3201
2795
1988
1259
835
313
-351
-678
-920
-1261
-1550
-1739
-1978
-2052
-2084
-2170
-2040
-1669
-1405
-1185
-674
-121
289
695
1173
1396
1524
1525
1336
997
609
34
-623
-1158
-1787
-2439
-2882
-3167
-3605
-3864
-3912
-3891
-3939
-3899
-3806
-3698
-3573
-3497
-3078
-2460
-1880
-1465
-572
381
1133
1927
2993
3649
4168
4825
5239
5343
5389
5313
4991
4817
4473
3817
3195
2918
2290
1457
932
577
-43
-498
-717
-1018
-1335
-1523
-1776
-1952
-1924
-2015
-2032
-1701
-1353
-1219
-850
-258
210
560
1031
1373
1552
1616
1476
1177
828
346
-306
-887
-1447
-2123
-2698
-3013
-3368
-3749
-3916
-3899
-3905
-3934
-3846
-3729
-3583
-3513
-3234
-2638
-2017
-1594
-922
66
859
1583
2551
3365
3832
4473
4983
5157
5203
5210
4927
4669
4462
3912
3207
2845
2394
1566
946
593
88
-454
-727
-1001
-1299
-1490
-1676
-1889
-1857
-1843
-1906
-1684
-1287
-1119
-866
-341
151
484
889
1281
1483
1633
1586
1365
1054
651
57
-541
-1078
-1720
-2389
-2793
-3116
-3548
-3827
-3889
-3906
-3957
-3886
-3792
-3653
-3535
-3392
-2909
-2258
-1762
-1297
-386
529
1210
2036
3020
3559
4113
4767
5111
5185
5261
5150
4826
4654
4283
3570
3035
2724
1979
1217
768
351
-277
-696
-969
-1278
-1546
-1698
-1898
-1953
-1879
-1928
-1856
-1476
-1177
-1006
-596
-75
308
627
1052
1312
1497
1553
1411
1144
813
293
-321
-840
-1394
-2100
-2641
-2960
-3367
-3759
-3900
-3908
-3969
-3943
-3839
-3706
-3524
-3444
-3174
-2563
-1935
-1554
-916
107
929
1578
2559
3392
3853
4476
5038
5267
5295
5339
5082
4794
4567
4015
3284
2946
2482
1635
986
619
81
-553
-862
-1128
-1448
-1642
-1769
-1905
-1840
-1800
-1838
-1570
-1134
-942
-698
-186
293
572
940
1294
1460
1561
1473
1202
877
457
-185
-762
-1239
-1882
-2580
-2990
-3332
-3773
-4063
-4073
-4090
-4109
-4029
-3871
-3646
-3487
-3376
-2919
-2200
-1696
-1276
-390
623
1288
2074
3080
3692
4175
4798
5217
5284
5301
5209
4859
4631
4298
3574
3022
2753
2071
1251
796
409
-261
-732
-936
-1238
-1494
-1571
-1708
-1757
-1636
-1664
-1595
-1167
-859
-741
-367
197
528
776
1173
1406
1478
1499
1305
965
625
96
-572
-1056
-1567
-2279
-2867
-3193
-3580
-4002
-4113
-4095
-4152
-4140
-3985
-3815
-3591
-3469
-3216
-2586
-1910
-1506
-878
156
985
1616
2533
3379
3843
4385
4917
5140
5113
5129
4889
4612
4421
3915
3208
2885
2481
1652
1020
681
135
-497
-754
-989
-1310
-1477
-1549
-1728
-1685
-1653
-1696
-1463
-1074
-913
-710
-161
349
597
934
1349
1496
1571
1577
1343
990
612
10
-591
-1072
-1660
-2354
-2816
-3119
-3560
-3879
-3899
-3941
-4043
-3977
-3834
-3693
-3510
-3385
-2971
-2299
-1761
-1349
-497
504
1190
1895
2853
3505
3951
4512
4931
5000
5013
4970
4668
4453
4170
3534
2950
2687
2068
1237
746
367
-284
-751
-966
-1242
-1539
-1647
-1796
-1904
-1868
-1925
-1885
-1567
-1256
-1088
-687
-57
371
661
1120
1490
1640
1727
1658
1357
997
513
-143
-697
-1208
-1872
-2466
-2812
-3164
-3605
-3778
-3794
-3865
-3914
-3810
-3690
-3465
-3328
-3144
-2559
-1880
-1487
-934
107
971
1596
2461
3367
3832
4349
4896
5146
5140
5185
4955
4602
4372
3908
3163
2719
2385
1568
830
441
-48
-689
-996
-1235
-1509
-1708
-1802
-1957
-1943
-1926
-2000
-1828
-1415
-1136
-893
-321
249
595
955
1412
1670
1797
1760
1531
1163
741
105
-578
-1100
-1703
-2385
-2867
-3181
-3635
-3974
-4054
-4073
-4134
-4100
-3992
-3805
-3523
-3417
-3038
-2326
-1706
-1334
-519
521
1260
1948
2953
3694
4119
4708
5176
5308
5316
5288
4928
4644
4338
3727
3017
2715
2197
1330
762
399
-189
-708
-920
-1183
-1425
-1569
-1700
-1826
-1760
-1803
-1844
-1543
-1103
-874
-525
87
552
870
1266
1639
1787
1824
1656
1341
949
474
-234
-874
-1399
-2047
-2692
-3094
-3442
-3893
-4126
-4150
-4180
-4214
-4139
-4028
-3804
-3577
-3437
-2955
-2261
-1690
-1228
-328
631
1350
2105
3117
3760
4208
4798
5219
5313
5300
5191
4876
4649
4262
3629
3001
2727
2054
1227
736
329
-317
-767
-981
-1285
-1562
-1732
-1902
-2019
-1967
-2047
-2001
-1620
-1222
-1016
-554
52
496
848
1290
1623
1723
1744
1584
1282
917
450
-232
-790
-1306
-1965
-2543
-2875
-3245
-3655
-3803
-3806
-3863
-3861
-3762
-3677
-3484
-3333
-3255
-2820
-2139
-1604
-1161
-258
668
1346
2088
3098
3685
4143
4748
5132
5165
5136
5010
4727
4527
4117
3474
2890
2640
1907
1121
680
260
-412
-822
-1047
-1393
-1690
-1868
-2037
-2133
-2075
-2140
-1998
-1588
-1225
-1005
-484
130
587
955
1415
1731
1808
1838
1686
1384
973
470
-180
-728
-1316
-1996
-2534
-2859
-3268
-3663
-3798
-3827
-3891
-3868
-3748
-3668
-3480
-3378
-3322
-2866
-2133
-1604
-1147
-208
742
1391
2132
3148
3717
4174
4762
5075
5033
4993
4856
4538
4309
3908
3268
2715
2482
1783
1036
638
242
-417
-805
-1024
-1380
-1673
-1806
-1935
-2019
-1930
-1921
-1747
-1343
-971
-742
-255
372
802
1126
1575
1855
1903
1918
1755
1404
945
440
-187
-780
-1386
-2055
-2593
-2932
-3327
-3728
-3902
-3959
-4035
-4032
-3912
-3830
-3664
-3540
-3436
-2940
-2192
-1636
-1182
-236
720
1358
2101
3114
3691
4124
4682
4971
4919
4889
4799
4460
4231
3885
3295
2760
2540
1895
1148
759
370
-302
-733
-960
-1338
-1655
-1762
-1870
-1988
-1866
-1822
-1665
-1282
-896
-671
-227
394
768
1068
1524
1793
1844
1879
1718
1357
928
472
-132
-701
-1262
-1920
-2465
-2781
-3159
-3593
-3804
-3908
-4029
-4072
-3991
-3935
-3781
-3603
-3479
-3012
-2271
-1703
-1287
-376
559
1184
1917
2927
3524
3930
4502
4849
4845
4843
4827
4513
4338
4054
3512
2993
2795
2183
1397
976
543
-173
-685
-939
-1364
-1703
-1829
-1974
-2115
-1973
-1935
-1789
-1403
-1015
-772
-339
271
603
922
1374
1676
1774
1850
1716
1411
1054
627
52
-451
-971
-1647
-2204
-2532
-2933
-3422
-3654
-3813
-3976
-4070
-4043
-4003
-3838
-3630
-3526
-3101
-2355
-1755
-1348
-469
465
1112
1810
2809
3430
3804
4376
4782
4827
4809
4802
4509
4342
4061
3529
2980
2757
2188
1387
899
443
-252
-789
-1063
-1478
-1767
-1902
-2056
-2159
-1987
-1918
-1757
-1370
-947
-674
-225
380
721
1026
1439
1744
1842
1906
1793
1505
1142
718
108
-401
-919
-1603
-2228
-2581
-3001
-3518
-3785
-3935
-4097
-4190
-4163
-4095
-3913
-3660
-3542
-3170
-2417
-1784
-1351
-538
444
1115
1783
2760
3453
3823
4389
4850
4971
4967
4967
4711
4519
4255
3727
3130
2837
2328
1503
957
498
-141
-703
-1001
-1382
-1672
-1842
-1999
-2110
-1994
-1890
-1791
-1465
-1042
-765
-355
243
617
903
1288
1598
1672
1713
1663
1377
1013
630
40
-503
-999
-1658
-2299
-2652
-3026
-3525
-3815
-3925
-4033
-4111
-4042
-3941
-3785
-3513
-3385
-3107
-2427
-1819
-1423
-744
230
895
1510
2442
3222
3617
4177
4698
4896
4929
4966
4762
4542
4326
3837
3235
2924
2501
1670
1125
727
185
-396
-671
-1012
-1355
-1566
-1739
-1938
-1948
-1844
-1860
-1626
-1247
-980
-663
-60
375
676
1074
1462
1576
1609
1639
1399
1079
744
248
-326
-800
-1414
-2037
-2427
-2754
-3229
-3588
-3706
-3790
-3904
-3881
-3770
-3689
-3478
-3382
-3191
-2637
-2059
-1684
-1133
-205
499
1109
2000
2894
3348
3917
4504
4788
4829
4912
4765
4523
4332
3926
3325
2977
2624
1811
1236
865
399
-218
-496
-826
-1205
-1477
-1638
-1908
-2012
-1946
-2006
-1836
-1476
-1192
-944
-337
178
539
951
1456
1664
1725
1780
1606
1305
964
500
-122
-620
-1201
-1814
-2285
-2599
-3050
-3445
-3611
-3703
-3860
-3906
-3809
-3767
-3604
-3523
-3374
-2908
-2282
-1850
-1337
-441
367
1027
1899
2848
3359
3898
4495
4829
4853
4919
4796
4521
4328
3981
3385
2966
2647
1903
1267
867
416
-197
-541
-824
-1202
-1477
-1635
-1839
-1948
-1881
-1905
-1732
-1362
-1065
-820
-280
276
623
1019
1491
1752
1819
1849
1681
1377
1025
517
-133
-671
-1204
-1841
-2332
-2669
-3070
-3440
-3626
-3729
-3878
-3921
-3876
-3813
-3669
-3537
-3463
-3054
-2405
-1894
-1443
-615
272
967
1775
2698
3286
3732
4311
4684
4770
4793
4729
4448
4266
3979
3453
2980
2664
2051
1380
940
484
-93
-516
-762
-1129
-1403
-1576
-1724
-1839
-1799
-1772
-1632
-1285
-981
-743
-326
234
593
931
1317
1606
1709
1733
1607
1325
1006
523
-75
-615
-1105
-1719
-2211
-2561
-2931
-3270
-3484
-3591
-3732
-3781
-3776
-3700
-3582
-3417
-3369
-3055
-2442
-1887
-1481
-787
123
850
1573
2430
3095
3482
4030
4472
4655
4699
4731
4491
4303
4093
3660
3136
2787
2306
1615
1107
629
82
-405
-658
-1036
-1333
-1534
-1691
-1867
-1867
-1837
-1769
-1489
-1155
-910
-587
-30
388
727
1077
1420
1573
1685
1631
1407
1103
727
186
-365
-849
-1427
-1968
-2381
-2732
-3122
-3399
-3583
-3702
-3826
-3819
-3782
-3691
-3553
-3445
-3300
-2792
-2186
-1766
-1240
-362
468
1120
1916
2712
3217
3689
4256
4566
4708
4809
4726
4511
4402
4097
3550
3110
2761
2126
1470
981
462
-82
-438
-776
-1161
-1397
-1570
-1768
-1866
-1825
-1812
-1656
-1311
-1001
-747
-280
222
586
945
1311
1561
1717
1771
1608
1337
998
527
-48
-565
-1110
-1707
-2211
-2597
-3010
-3412
-3678
-3819
-3953
-3988
-3938
-3870
-3737
-3556
-3483
-3095
-2441
-1928
-1514
-685
220
868
1565
2467
3117
3536
4104
4513
4681
4758
4770
4548
4439
4228
3713
3173
2873
2344
1605
1085
620
37
-433
-734
-1146
-1439
-1585
-1757
-1923
-1885
-1834
-1782
-1466
-1091
-849
-510
32
423
752
1122
1432
1604
1695
1626
1381
1093
682
156
-369
-831
-1421
-1962
-2360
-2756
-3217
-3530
-3676
-3814
-3873
-3834
-3780
-3675
-3458
-3383
-3130
-2498
-1931
-1551
-845
73
713
1346
2220
2961
3367
3892
4333
4527
4579
4603
4400
4259
4126
3704
3178
2875
2475
1763
1245
825
292
-259
-558
-941
-1248
-1416
-1566
-1769
-1739
-1654
-1627
-1369
-969
-709
-446
72
467
739
1065
1376
1497
1566
1507
1267
982
647
125
-405
-813
-1358
-1951
-2346
-2708
-3184
-3527
-3662
-3786
-3880
-3844
-3786
-3711
-3502
-3390
-3211
-2655
-2054
-1662
-1076
-189
494
1092
1913
2700
3129
3628
4099
4363
4443
4495
4340
4193
4102
3776
3302
2992
2654
1993
1460
1040
535
-57
-407
-757
-1072
-1307
-1495
-1712
-1722
-1658
-1646
-1422
-1063
-801
-543
-47
347
634
963
1297
1435
1526
1495
1278
1019
741
260
-286
-685
-1199
-1779
-2209
-2548
-2991
-3332
-3490
-3597
-3728
-3716
-3649
-3580
-3408
-3282
-3104
-2623
-2026
-1601
-1093
-270
485
1071
1815
2602
3070
3509
3979
4260
4331
4367
4243
4030
3894
3604
3147
2796
2508
1906
1350
957
507
-84
-444
-703
-994
-1252
-1420
-1601
-1657
-1594
-1573
-1401
-1093
-828
-592
-153
252
562
879
1222
1388
1475
1452
1249
967
677
217
-349
-802
-1318
-1871
-2335
-2679
-3075
-3378
-3534
-3629
-3745
-3713
-3617
-3501
-3288
-3132
-2892
-2379
-1769
-1320
-793
17
772
1361
2073
2799
3252
3684
4102
4320
4349
4364
4194
3937
3752
3421
2946
2598
2294
1697
1146
764
328
-230
-567
-821
-1084
-1299
-1445
-1604
-1628
-1553
-1512
-1328
-1012
-755
-513
-84
323
644
955
1266
1428
1504
1445
1218
930
629
147
-416
-884
-1415
-1996
-2470
-2824
-3203
-3488
-3620
-3693
-3780
-3732
-3620
-3465
-3236
-3064
-2777
-2205
-1586
-1135
-574
252
958
1535
2229
2903
3318
3743
4130
4298
4325
4344
4180
3947
3780
3430
2985
2662
2314
1684
1142
734
248
-285
-600
-894
-1200
-1387
-1524
-1670
-1677
-1596
-1558
-1366
-1053
-819
-575
-156
224
496
803
1081
1220
1263
1204
976
721
441
1
-517
-938
-1447
-2026
-2465
-2788
-3149
-3416
-3501
-3566
-3622
-3579
-3442
-3294
-3065
-2903
-2579
-2009
-1398
-979
-383
402
1055
1591
2282
2904
3297
3714
4073
4229
4266
4295
4111
3921
3748
3420
2972
2689
2290
1679
1158
761
247
-235
-514
-808
-1115
-1291
-1398
-1510
-1484
-1427
-1370
-1163
-865
-666
-416
-9
318
542
815
1058
1139
1139
1042
810
537
233
-223
-710
-1153
-1667
-2220
-2595
-2905
-3244
-3481
-3539
-3617
-3671
-3602
-3470
-3302
-3082
-2871
-2591
-2003
-1423
-992
-471
335
948
1469
2120
2770
3146
3541
3924
4073
4112
4111
3961
3728
3611
3279
2849
2534
2250
1667
1173
819
386
-80
-352
-598
-892
-1037
-1148
-1236
-1235
-1144
-1109
-905
-612
-399
-181
221
565
749
961
1160
1221
1155
1037
777
486
127
-333
-849
-1308
-1825
-2336
-2702
-2993
-3312
-3550
-3619
-3679
-3693
-3631
-3467
-3269
-2989
-2788
-2467
-1900
-1282
-891
-358
427
1086
1585
2227
2872
3247
3611
3956
4108
4066
4025
3829
3629
3439
3097
2606
2307
2001
1440
924
585
187
-286
-557
-806
-1020
-1158
-1228
-1334
-1276
-1179
-1091
-875
-544
-310
-62
372
716
901
1064
1257
1279
1230
1071
827
486
119
-390
-902
-1376
-1875
-2397
-2772
-3064
-3391
-3639
-3718
-3718
-3713
-3616
-3446
-3171
-2885
-2629
-2328
-1740
-1156
-718
-194
602
1256
1787
2416
3036
3408
3750
4080
4176
4125
4030
3851
3615
3427
3026
2551
2221
1906
1334
839
495
88
-356
-656
-919
-1158
-1257
-1365
-1471
-1431
-1299
-1226
-998
-674
-430
-161
281
637
819
1028
1217
1273
1226
1110
847
542
173
-298
-789
-1201
-1695
-2216
-2590
-2888
-3235
-3500
-3564
-3591
-3583
-3514
-3346
-3122
-2822
-2598
-2291
-1771
-1180
-738
-198
527
1152
1683
2302
2893
3259
3634
3945
4082
4058
4031
3845
3643
3436
3076
2609
2299
1977
1445
983
621
219
-228
-530
-870
-1134
-1280
-1403
-1562
-1540
-1456
-1411
-1211
-912
-673
-416
31
365
592
821
1051
1100
1108
1012
777
486
178
-246
-690
-1066
-1515
-2015
-2386
-2665
-3016
-3267
-3363
-3404
-3453
-3364
-3231
-3051
-2812
-2530
-2282
-1838
-1240
-713
-237
411
1068
1589
2164
2764
3195
3505
3864
4073
4124
4089
3985
3745
3525
3226
2800
2419
2122
1688
1162
760
363
-57
-442
-731
-1026
-1210
-1357
-1481
-1537
-1492
-1444
-1314
-1027
-763
-511
-185
194
427
653
849
973
970
913
720
440
141
-231
-653
-1058
-1437
-1903
-2307
-2614
-2899
-3192
-3340
-3417
-3466
-3410
-3274
-3125
-2916
-2622
-2395
-2036
-1462
-866
-433
156
850
1413
1932
2553
3026
3319
3675
3966
4062
4051
4000
3779
3568
3331
2953
2524
2224
1825
1293
834
438
9
-361
-618
-888
-1092
-1225
-1331
-1415
-1385
-1338
-1225
-964
-653
-421
-138
216
517
752
976
1124
1170
1144
994
739
434
80
-373
-808
-1230
-1695
-2187
-2541
-2844
-3137
-3361
-3475
-3537
-3520
-3406
-3282
-3088
-2846
-2590
-2340
-1819
-1228
-744
-269
439
1078
1601
2194
2753
3109
3414
3794
3957
4012
3987
3895
3678
3537
3241
2830
2461
2134
1638
1097
681
243
-166
-487
-726
-1024
-1196
-1337
-1464
-1545
-1490
-1426
-1272
-991
-734
-514
-210
165
449
718
927
1059
1086
1053
876
621
323
-47
-476
-901
-1351
-1842
-2237
-2532
-2797
-3048
-3202
-3291
-3315
-3260
-3176
-3045
-2863
-2644
-2480
-2111
-1568
-1040
-654
-48
629
1222
1775
2407
2876
3202
3586
3875
3998
4015
4002
3826
3703
3511
3163
2730
2439
2029
1476
1004
586
122
-286
-561
-887
-1136
-1293
-1455
-1607
-1583
-1524
-1486
-1268
-997
-791
-545
-149
163
418
674
861
952
990
915
685
450
154
-227
-639
-1030
-1490
-1916
-2198
-2453
-2704
-2922
-3021
-3105
-3104
-3068
-2986
-2855
-2686
-2532
-2362
-1910
-1399
-967
-581
92
711
1285
1863
2505
2925
3293
3697
3936
4045
4047
4000
3793
3703
3425
3017
2609
2344
1847
1302
879
465
-7
-394
-666
-982
-1169
-1354
-1519
-1618
-1547
-1562
-1480
-1237
-980
-796
-466
-97
135
359
602
761
825
871
727
505
281
-7
-422
-769
-1144
-1596
-1947
-2144
-2403
-2697
-2840
-2931
-3023
-3024
-2954
-2896
-2749
-2566
-2465
-2218
-1718
-1259
-918
-396
260
808
1358
2012
2577
2998
3436
3797
4018
4133
4127
3976
3866
3710
3326
2883
2588
2205
1647
1164
780
309
-148
-472
-756
-1019
-1214
-1412
-1563
-1563
-1558
-1561
-1396
-1110
-925
-679
-324
-16
190
461
697
843
941
935
782
609
394
26
-348
-692
-1124
-1569
-1848
-2103
-2444
-2701
-2845
-2969
-3052
-3049
-3032
-2963
-2823
-2717
-2614
-2343
-1905
-1518
-1119
-603
23
550
1127
1791
2424
2862
3309
3753
4040
4128
4134
4098
3991
3795
3443
3080
2750
2353
1791
1324
911
433
-50
-352
-661
-1003
-1285
-1482
-1641
-1713
-1739
-1716
-1559
-1351
-1180
-938
-569
-255
4
311
627
827
942
974
933
800
583
280
-32
-394
-815
-1197
-1494
-1813
-2132
-2361
-2518
-2647
-2752
-2790
-2810
-2767
-2714
-2659
-2596
-2339
-1982
-1626
-1270
-733
-172
339
938
1646
2190
2612
3130
3573
3801
3894
3967
3918
3851
3670
3355
3003
2722
2261
1715
1280
873
378
-21
-306
-678
-1025
-1269
-1448
-1610
-1655
-1694
-1660
-1531
-1373
-1228
-946
-584
-302
-21
316
623
795
936
978
930
761
548
267
-44
-421
-813
-1168
-1491
-1792
-2067
-2265
-2435
-2553
-2678
-2713
-2722
-2694
-2699
-2627
-2517
-2303
-1970
-1588
-1214
-734
-145
413
1025
1660
2205
2622
3131
3533
3738
3839
3947
3927
3836
3684
3387
3029
2677
2236
1665
1206
788
339
-91
-397
-757
-1092
-1310
-1460
-1607
-1675
-1666
-1648
-1533
-1356
-1160
-909
-549
-246
31
363
679
870
1015
1086
1006
826
626
337
-15
-357
-719
-1121
-1436
-1712
-2019
-2285
-2437
-2609
-2758
-2793
-2808
-2856
-2837
-2768
-2725
-2479
-2080
-1727
-1379
-783
-179
376
1027
1734
2223
2694
3228
3598
3789
3971
4058
4006
3963
3785
3438
3082
2764
2224
1662
1229
795
270
-125
-463
-855
-1166
-1372
-1593
-1765
-1813
-1866
-1849
-1676
-1489
-1335
-1016
-623
-345
-46
362
671
883
1056
1123
1036
906
697
395
103
-202
-600
-970
-1214
-1529
-1881
-2109
-2259
-2483
-2627
-2667
-2742
-2812
-2811
-2826
-2809
-2507
-2151
-1864
-1466
-839
-286
295
1033
1742
2230
2778
3347
3684
3894
4086
4143
4086
4046
3830
3483
3164
2851
2308
1793
1381
922
375
-14
-392
-801
-1124
-1391
-1675
-1877
-1954
-2049
-2018
-1862
-1705
-1548
-1194
-830
-554
-211
218
526
754
939
1002
956
839
629
359
110
-235
-657
-973
-1221
-1590
-1909
-2090
-2272
-2510
-2607
-2666
-2757
-2825
-2835
-2903
-2821
-2504
-2202
-1930
-1463
-846
-288
368
1148
1842
2374
3008
3560
3888
4100
4276
4292
4254
4163
3886
3519
3221
2882
2327
1841
1421
911
369
-13
-424
-838
-1149
-1440
-1730
-1901
-1980
-2080
-2021
-1861
-1722
-1538
-1176
-848
-560
-158
248
547
801
1001
1050
1030
915
695
441
175
-242
-681
-983
-1293
-1678
-1962
-2159
-2392
-2600
-2689
-2784
-2891
-2967
-3033
-3099
-2961
-2673
-2407
-2091
-1580
-944
-338
363
1140
1849
2417
3075
3629
3986
4196
4380
4429
4387
4252
3954
3610
3310
2953
2392
1939
1489
953
417
35
-395
-809
-1128
-1442
-1733
-1910
-2009
-2110
-2033
-1888
-1748
-1550
-1191
-863
-514
-93
303
620
882
1070
1111
1080
949
740
466
152
-278
-711
-1044
-1363
-1707
-1996
-2205
-2417
-2596
-2715
-2825
-2945
-3032
-3101
-3165
-3009
-2713
-2434
-2128
-1559
-924
-331
343
1150
1795
2354
3012
3577
3917
4166
4383
4431
4426
4290
4005
3684
3449
3022
2486
2039
1578
988
501
101
-383
-820
-1169
-1537
-1854
-2031
-2189
-2274
-2181
-2043
-1924
-1661
-1278
-915
-500
-43
351
671
952
1120
1167
1126
997
782
522
210
-201
-585
-893
-1182
-1509
-1773
-1998
-2192
-2386
-2530
-2685
-2800
-2896
-2990
-3087
-2940
-2647
-2407
-2117
-1580
-978
-440
233
991
1601
2127
2787
3332
3680
3939
4160
4239
4257
4142
3873
3607
3364
2933
2380
1934
1449
890
404
5
-478
-911
-1275
-1614
-1911
-2098
-2246
-2304
-2210
-2094
-1953
-1650
-1234
-849
-396
82
504
829
1113
1276
1332
1286
1152
911
661
342
-65
-438
-707
-1024
-1386
-1667
-1881
-2117
-2340
-2488
-2643
-2759
-2852
-2965
-3071
-2907
-2624
-2405
-2114
-1554
-988
-442
257
1019
1588
2146
2828
3363
3684
3943
4147
4206
4222
4078
3790
3520
3275
2791
2227
1764
1272
697
235
-159
-638
-1043
-1364
-1665
-1943
-2097
-2238
-2269
-2167
-2032
-1899
-1561
-1127
-736
-300
220
662
978
1242
1403
1449
1399
1260
997
730
393
-28
-411
-692
-1061
-1498
-1805
-2022
-2316
-2596
-2739
-2893
-3044
-3162
-3265
-3347
-3177
-2899
-2647
-2314
-1722
-1137
-541
230
1025
1617
2241
2991
3533
3860
4147
4369
4416
4442
4306
4014
3737
3486
2980
2409
1935
1403
804
340
-80
-603
-1005
-1321
-1632
-1924
-2078
-2225
-2256
-2132
-1998
-1858
-1507
-1061
-677
-210
298
729
1040
1323
1468
1509
1461
1328
1069
806
462
35
-341
-670
-1075
-1533
-1851
-2119
-2443
-2738
-2909
-3087
-3276
-3411
-3538
-3622
-3464
-3213
-2937
-2590
-1999
-1381
-743
38
848
1499
2156
2928
3507
3886
4224
4480
4563
4641
4554
4299
4018
3770
3291
2703
2207
1659
1019
502
37
-532
-979
-1328
-1670
-2009
-2208
-2385
-2449
-2336
-2207
-2085
-1726
-1261
-868
-358
151
593
943
1289
1477
1531
1513
1408
1167
941
642
209
-146
-476
-860
-1305
-1630
-1940
-2269
-2568
-2777
-2994
-3210
-3357
-3524
-3657
-3518
-3293
-3021
-2687
-2124
-1481
-848
-95
719
1417
2057
2820
3445
3859
4206
4481
4589
4686
4630
4390
4093
3829
3376
2763
2247
1693
1017
443
-44
-608
-1091
-1452
-1801
-2143
-2357
-2539
-2603
-2487
-2330
-2198
-1819
-1310
-899
-376
173
649
1027
1396
1650
1725
1716
1627
1391
1159
872
417
24
-322
-724
-1197
-1585
-1926
-2277
-2613
-2871
-3110
-3339
-3493
-3651
-3802
-3700
-3470
-3185
-2864
-2358
-1698
-1053
-306
527
1289
1942
2720
3407
3862
4215
4526
4679
4777
4763
4557
4268
3994
3586
2968
2427
1871
1204
583
71
-483
-1001
-1400
-1764
-2121
-2367
-2539
-2620
-2533
-2365
-2197
-1853
-1355
-924
-424
131
637
1022
1384
1686
1794
1799
1755
1568
1315
1033
601
155
-237
-655
-1170
-1622
-1987
-2365
-2762
-3071
-3343
-3590
-3755
-3863
-3991
-3953
-3706
-3404
-3099
-2662
-1999
-1335
-585
271
1104
1790
2595
3353
3863
4253
4626
4839
4931
4976
4816
4517
4219
3859
3244
2662
2108
1479
815
272
-277
-828
-1269
-1660
-2059
-2360
-2523
-2637
-2602
-2442
-2236
-1955
-1490
-1023
-542
-7
530
941
1297
1632
1809
1864
1866
1748
1497
1229
835
376
-60
-481
-1010
-1491
-1889
-2303
-2745
-3109
-3428
-3714
-3912
-4049
-4163
-4203
-4023
-3748
-3423
-3030
-2412
-1717
-952
-99
792
1561
2354
3159
3771
4226
4632
4937
5069
5160
5080
4814
4483
4155
3611
2989
2406
1806
1112
497
-65
-649
-1168
-1601
-2039
-2412
-2605
-2730
-2745
-2618
-2395
-2138
-1711
-1188
-687
-170
408
901
1297
1685
1975
2097
2124
2060
1840
1555
1185
742
259
-193
-712
-1231
-1694
-2153
-2614
-3045
-3405
-3732
-3990
-4228
-4364
-4470
-4416
-4168
-3790
-3408
-2882
-2136
-1343
-512
388
1267
2022
2834
3563
4113
4508
4902
5138
5245
5246
5051
4705
4345
3910
3255
2605
1990
1313
606
13
-587
-1173
-1649
-2083
-2491
-2728
-2825
-2876
-2796
-2580
-2297
-1924
-1389
-856
-341
256
837
1313
1754
2129
2300
2354
2329
2136
1821
1472
1070
550
62
-430
-980
-1510
-1985
-2448
-2922
-3307
-3654
-3973
-4253
-4411
-4569
-4587
-4321
-3928
-3586
-3096
-2326
-1530
-731
175
1085
1842
2651
3445
4062
4497
4924
5213
5346
5377
5206
4861
4499
4074
3413
2719
2086
1392
661
30
-589
-1201
-1702
-2145
-2557
-2785
-2891
-2970
-2920
-2692
-2401
-2055
-1542
-987
-462
151
782
1317
1786
2175
2384
2464
2455
2268
1957
1626
1242
708
199
-279
-844
-1422
-1927
-2409
-2910
-3331
-3711
-4056
-4333
-4507
-4677
-4713
-4455
-4098
-3782
-3323
-2567
-1802
-1024
-124
838
1638
2458
3316
4031
4551
5001
5332
5482
5538
5405
5109
4739
4335
3693
2989
2339
1650
892
208
-429
-1076
-1641
-2111
-2526
-2804
-2957
-3069
-3042
-2833
-2546
-2228
-1734
-1158
-620
-14
648
1218
1681
2101
2381
2493
2490
2360
2099
1789
1391
880
381
-87
-661
-1278
-1820
-2330
-2870
-3355
-3753
-4103
-4377
-4583
-4717
-4756
-4539
-4232
-3894
-3472
-2776
-2048
-1272
-382
602
1442
2267
3190
3972
4554
5004
5376
5532
5624
5533
5267
4867
4475
3855
3134
2454
1748
974
259
-368
-1053
-1631
-2087
-2476
-2790
-2949
-3037
-3010
-2811
-2519
-2185
-1696
-1109
-569
40
699
1271
1730
2190
2505
2606
2596
2492
2245
1891
1451
935
422
-95
-698
-1350
-1923
-2462
-3036
-3566
-3952
-4285
-4569
-4771
-4840
-4857
-4690
-4362
-3983
-3578
-2952
-2193
-1428
-550
425
1306
2124
3082
3906
4493
4956
5382
5582
5682
5651
5400
5001
4600
4024
3278
2598
1885
1110
368
-233
-933
-1527
-1969
-2336
-2683
-2854
-2908
-2895
-2712
-2408
-2059
-1619
-1032
-494
95
716
1305
1769
2222
2536
2641
2630
2537
2281
1886
1455
945
384
-183
-749
-1393
-2006
-2560
-3106
-3628
-4026
-4363
-4638
-4814
-4871
-4893
-4764
-4441
-4084
-3703
-3106
-2345
-1596
-733
252
1161
1986
2904
3736
4349
4842
5262
5499
5631
5612
5381
5013
4622
4054
3354
2690
2002
1224
517
-94
-783
-1390
-1847
-2235
-2603
-2794
-2891
-2891
-2720
-2421
-2105
-1653
-1086
-546
28
673
1285
1772
2225
2548
2713
2739
2667
2409
2058
1650
1150
554
0
-552
-1205
-1846
-2422
-2956
-3488
-3926
-4307
-4577
-4780
-4883
-4933
-4876
-4642
-4306
-3909
-3405
-2695
-1932
-1071
-104
892
1741
2611
3514
4255
4790
5233
5576
5726
5752
5603
5277
4838
4354
3709
3005
2311
1563
821
166
-491
-1156
-1678
-2102
-2495
-2809
-2976
-3038
-2955
-2737
-2440
-2046
-1537
-952
-356
284
934
1512
1975
2364
2630
2719
2682
2521
2213
1842
1405
848
280
-289
-947
-1636
-2241
-2809
-3366
-3854
-4225
-4532
-4771
-4906
-4960
-4998
-4832
-4467
-4049
-3618
-2959
-2174
-1350
-375
688
1584
2451
3445
4263
4867
5379
5777
5905
5969
5873
5525
5046
4604
3956
3168
2436
1657
847
163
-466
-1155
-1684
-2082
-2473
-2803
-2954
-3041
-3009
-2799
-2502
-2163
-1678
-1054
-446
162
820
1441
1916
2346
2660
2778
2759
2647
2345
1995
1599
1061
444
-155
-823
-1546
-2200
-2817
-3374
-3873
-4239
-4577
-4818
-4975
-5029
-5103
-4997
-4647
-4199
-3776
-3185
-2401
-1596
-640
419
1394
2260
3250
4108
4788
5332
5757
5932
5997
5941
5644
5205
4748
4153
3347
2574
1769
940
198
-436
-1104
-1666
-2075
-2452
-2750
-2919
-2988
-2978
-2766
-2468
-2123
-1678
-1067
-453
138
787
1420
1930
2374
2749
2897
2910
2808
2570
2221
1828
1286
664
26
-633
-1356
-2075
-2734
-3292
-3780
-4201
-4545
-4813
-4975
-5066
-5139
-5129
-4833
-4397
-3984
-3492
-2730
-1910
-1023
1
1028
1917
2839
3764
4496
5039
5487
5774
5857
5841
5651
5285
4845
4331
3593
2803
2052
1274
495
-159
-790
-1386
-1863
-2230
-2561
-2789
-2896
-2896
-2748
-2453
-2117
-1729
-1183
-578
9
616
1258
1774
2240
2626
2845
2862
2805
2614
2291
1874
1367
780
149
-450
-1126
-1835
-2523
-3072
-3611
-4068
-4441
-4733
-4940
-5042
-5130
-5193
-4942
-4527
-4124
-3700
-2935
-2132
-1284
-293
809
1719
2631
3608
4372
4910
5359
5690
5750
5776
5616
5262
4797
4346
3623
2836
2120
1382
587
-71
-650
-1266
-1740
-2108
-2430
-2718
-2815
-2850
-2729
-2443
-2083
-1725
-1191
-556
29
633
1287
1847
2291
2693
2934
2976
2900
2736
2397
1967
1465
884
255
-325
-959
-1660
-2353
-2946
-3539
-4057
-4465
-4787
-5034
-5163
-5243
-5312
-5133
-4734
-4307
-3877
-3171
-2360
-1516
-531
603
1591
2513
3496
4327
4920
5381
5718
5811
5839
5728
5373
4874
4391
3739
2946
2200
1456
663
-42
-618
-1207
-1714
-2093
-2398
-2672
-2817
-2850
-2785
-2544
-2203
-1820
-1325
-692
-73
550
1202
1806
2274
2660
2943
3042
2986
2806
2516
2100
1595
1006
407
-216
-861
-1560
-2253
-2908
-3495
-4035
-4504
-4846
-5080
-5248
-5357
-5360
-5268
-4957
-4519
-4027
-3465
-2663
-1769
-818
237
1335
2289
3203
4139
4878
5383
5755
6006
6041
5991
5729
5258
4701
4152
3425
2603
1841
1080
315
-344
-900
-1475
-1911
-2229
-2500
-2720
-2770
-2766
-2654
-2360
-1972
-1550
-1004
-336
283
919
1531
2057
2431
2777
2968
2982
2858
2631
2253
1761
1225
602
-51
-731
-1423
-2172
-2839
-3433
-3979
-4504
-4866
-5113
-5307
-5435
-5451
-5397
-5201
-4799
-4324
-3800
-3090
-2194
-1282
-277
809
1818
2718
3684
4548
5169
5638
5990
6125
6113
5982
5611
5100
4588
3968
3162
2381
1630
842
116
-487
-1077
-1588
-1954
-2275
-2532
-2642
-2687
-2701
-2517
-2189
-1845
-1405
-781
-152
450
1069
1635
2089
2493
2804
2939
2945
2803
2501
2085
1617
1014
345
-329
-1009
-1750
-2452
-3073
-3645
-4173
-4621
-4925
-5154
-5315
-5433
-5422
-5315
-5063
-4666
-4145
-3547
-2793
-1890
-917
114
1162
2156
3083
4019
4805
5371
5768
6029
6080
5988
5780
5386
4861
4289
3619
2812
2019
1266
517
-175
-752
-1274
-1734
-2087
-2353
-2544
-2640
-2660
-2605
-2405
-2080
-1694
-1189
-567
79
664
1253
1803
2285
2658
2917
3024
2962
2754
2415
1984
1437
818
128
-544
-1248
-1956
-2652
-3248
-3794
-4301
-4701
-4981
-5183
-5365
-5425
-5399
-5257
-4960
-4471
-3937
-3303
-2473
-1519
-522
528
1605
2561
3512
4400
5087
5534
5878
6030
6006
5893
5632
5157
4604
4036
3286
2462
1698
968
213
-415
-950
-1466
-1892
-2200
-2451
-2627
-2675
-2673
-2567
-2292
-1909
-1477
-915
-249
359
942
1540
2102
2518
2832
3012
3034
2883
2612
2231
1743
1164
502
-193
-906
-1622
-2347
-3008
-3605
-4138
-4617
-4970
-5230
-5414
-5545
-5555
-5481
-5238
-4797
-4240
-3659
-2923
-2003
-1025
-11
1065
2099
3031
3959
4746
5296
5649
5904
5977
5936
5766
5398
4884
4345
3703
2897
2116
1377
631
-75
-649
-1194
-1676
-2040
-2325
-2554
-2674
-2671
-2584
-2331
-1956
-1515
-1013
-381
263
871
1493
2091
2560
2878
3111
3185
3090
2844
2507
2040
1475
827
119
-626
-1383
-2136
-2872
-3525
-4100
-4622
-5060
-5370
-5578
-5712
-5751
-5701
-5538
-5137
-4567
-3962
-3315
-2448
-1484
-482
566
1660
2615
3546
4440
5132
5555
5851
6031
6027
5931
5657
5210
4641
4071
3337
2535
1758
1010
244
-411
-964
-1487
-1907
-2231
-2500
-2716
-2748
-2687
-2492
-2183
-1745
-1282
-711
-71
575
1218
1849
2402
2784
3084
3233
3244
3052
2768
2330
1809
1173
496
-236
-994
-1756
-2521
-3212
-3851
-4375
-4891
-5266
-5554
-5674
-5782
-5783
-5716
-5451
-4979
-4380
-3756
-3038
-2101
-1117
-62
1014
2097
3029
3989
4844
5450
5807
6067
6178
6105
5945
5595
5069
4467
3859
3089
2266
1495
728
-18
-633
-1147
-1649
-2032
-2330
-2591
-2745
-2714
-2609
-2408
-2048
-1593
-1113
-531
135
772
1398
2010
2508
2868
3134
3245
3170
2951
2613
2126
1567
932
214
-549
-1299
-2061
-2821
-3487
-4074
-4598
-5073
-5387
-5603
-5705
-5790
-5763
-5649
-5321
-4823
-4214
-3558
-2761
-1806
-790
298
1389
2435
3368
4310
5072
5597
5924
6166
6209
6109
5894
5480
4914
4321
3674
2868
2068
1298
537
-182
-756
-1301
-1786
-2139
-2428
-2664
-2750
-2687
-2583
-2333
-1934
-1482
-996
-374
281
900
1509
2089
2560
2920
3160
3211
3116
2879
2507
2018
1477
796
21
-751
-1491
-2272
-3019
-3658
-4222
-4729
-5152
-5422
-5610
-5726
-5794
-5734
-5596
-5266
-4753
-4102
-3418
-2589
-1607
-548
547
1644
2664
3576
4468
5174
5673
6000
6231
6231
6116
5871
5428
4844
4256
3593
2792
2011
1261
529
-170
-751
-1303
-1756
-2106
-2382
-2576
-2624
-2569
-2443
-2155
-1761
-1318
-807
-181
434
1029
1608
2146
2592
2919
3105
3118
2994
2704
2288
1770
1169
418
-386
-1167
-1921
-2691
-3419
-4022
-4554
-5013
-5381
-5598
-5762
-5850
-5862
-5752
-5600
-5224
-4638
-3952
-3238
-2339
-1302
-212
895
1986
2959
3853
4724
5403
5860
6169
6343
6277
6126
5841
5331
4696
4116
3415
2590
1807
1095
361
-308
-859
-1374
-1815
-2132
-2369
-2523
-2531
-2452
-2293
-1976
-1555
-1116
-581
56
660
1240
1836
2352
2765
3081
3250
3223
3061
2734
2254
1675
1027
245
-591
-1384
-2150
-2923
-3651
-4253
-4764
-5197
-5555
-5765
-5895
-5950
-5944
-5785
-5587
-5203
-4590
-3844
-3101
-2185
-1086
11
1083
2164
3169
4019
4873
5571
6015
6265
6434
6354
6138
5834
5325
4657
4039
3358
2495
1685
980
265
-441
-961
-1472
-1947
-2279
-2460
-2609
-2630
-2515
-2330
-2038
-1617
-1161
-656
-30
584
1173
1744
2275
2672
3001
3175
3159
2987
2688
2216
1632
984
235
-604
-1403
-2156
-2932
-3664
-4256
-4749
-5207
-5580
-5779
-5888
-5931
-5918
-5748
-5516
-5129
-4522
-3763
-3003
-2106
-1023
71
1117
2170
3197
4043
4868
5571
6046
6280
6442
6387
6175
5865
5403
4774
4144
3477
2645
1828
1097
408
-299
-853
-1383
-1856
-2206
-2392
-2526
-2541
-2422
-2236
-1954
-1557
-1094
-610
-16
595
1202
1748
2255
2657
2987
3148
3121
2960
2666
2208
1637
982
210
-644
-1465
-2250
-3030
-3766
-4377
-4909
-5383
-5786
-6006
-6106
-6128
-6095
-5917
-5641
-5271
-4662
-3893
-3098
-2258
-1178
-89
970
2028
3118
3985
4780
5519
6044
6311
6453
6452
6244
5983
5531
4906
4234
3595
2767
1905
1139
422
-293
-883
-1367
-1827
-2139
-2339
-2458
-2468
-2314
-2122
-1851
-1416
-947
-472
93
751
1352
1918
2420
2827
3135
3326
3305
3103
2802
2337
1749
1054
275
-627
-1490
-2308
-3087
-3854
-4485
-5032
-5510
-5891
-6122
-6219
-6212
-6098
-5918
-5631
-5277
-4710
-3980
-3161
-2381
-1395
-308
755
1782
2892
3836
4586
5318
5904
6225
6339
6399
6232
5993
5572
4977
4265
3657
2903
2027
1237
537
-177
-802
-1217
-1629
-1940
-2152
-2263
-2351
-2223
-2039
-1800
-1429
-943
-501
2
660
1264
1813
2314
2751
3011
3218
3255
3080
2735
2292
1692
984
235
-600
-1486
-2318
-3077
-3829
-4488
-5006
-5450
-5816
-6042
-6123
-6107
-5975
-5768
-5481
-5131
-4637
-3951
-3166
-2391
-1532
-473
558
1556
2604
3615
4353
5049
5662
6037
6174
6255
6169
5907
5557
5008
4337
3692
3069
2232
1458
776
117
-535
-953
-1301
-1636
-1858
-1998
-2091
-2071
-1883
-1688
-1368
-946
-486
-40
536
1127
1631
2119
2547
2824
2969
3063
2956
2650
2215
1651
970
262
-495
-1331
-2164
-2931
-3664
-4339
-4885
-5310
-5684
-5953
-6063
-6063
-5970
-5784
-5481
-5133
-4678
-4067
-3295
-2537
-1746
-778
250
1214
2197
3208
3994
4695
5333
5795
6002
6128
6114
5894
5568
5119
4499
3832
3242
2505
1706
1006
375
-276
-776
-1130
-1469
-1736
-1883
-1951
-1956
-1811
-1589
-1286
-877
-409
57
553
1103
1603
2063
2471
2766
2904
2946
2871
2604
2196
1648
1012
329
-400
-1219
-2052
-2859
-3611
-4297
-4880
-5352
-5732
-6021
-6184
-6183
-6084
-5891
-5598
-5188
-4724
-4127
-3373
-2552
-1785
-904
111
1076
1995
2952
3814
4500
5161
5676
5980
6109
6160
6009
5724
5367
4848
4172
3539
2898
2087
1319
667
47
-551
-962
-1306
-1616
-1806
-1857
-1880
-1812
-1595
-1335
-991
-560
-103
304
796
1301
1745
2129
2457
2645
2670
2615
2402
2044
1566
1004
363
-325
-1091
-1920
-2720
-3451
-4113
-4716
-5210
-5609
-5897
-6089
-6125
-6033
-5847
-5589
-5228
-4777
-4239
-3533
-2746
-1967
-1182
-230
733
1644
2557
3472
4212
4854
5423
5822
6028
6103
6075
5876
5610
5197
4606
3945
3347
2600
1801
1114
515
-107
-613
-975
-1313
-1571
-1681
-1716
-1722
-1564
-1344
-1077
-733
-315
39
453
948
1394
1766
2106
2354
2427
2404
2255
1955
1530
1035
432
-223
-930
-1714
-2498
-3199
-3848
-4455
-4977
-5390
-5693
-5894
-5974
-5916
-5737
-5503
-5210
-4825
-4361
-3749
-3017
-2279
-1554
-702
256
1176
2083
3013
3815
4459
5055
5540
5830
5943
5977
5861
5630
5282
4768
4134
3539
2892
2117
1415
825
240
-304
-672
-991
-1270
-1418
-1456
-1468
-1374
-1175
-964
-680
-324
17
366
822
1264
1632
1969
2243
2370
2390
2306
2024
1616
1130
552
-108
-771
-1526
-2307
-3000
-3641
-4257
-4799
-5230
-5566
-5788
-5908
-5894
-5768
-5533
-5287
-4964
-4556
-4022
-3347
-2621
-1926
-1141
-194
766
1683
2612
3492
4168
4802
5362
5735
5897
5982
5910
5678
5354
4896
4287
3672
3094
2358
1607
985
425
-146
-533
-825
-1117
-1307
-1347
-1352
-1311
-1135
-944
-700
-358
3
330
758
1215
1599
1923
2209
2366
2396
2371
2140
1724
1231
676
15
-655
-1380
-2195
-2938
-3562
-4166
-4722
-5142
-5488
-5740
-5877
-5870
-5780
-5567
-5297
-5005
-4625
-4141
-3545
-2838
-2130
-1414
-537
424
1351
2222
3133
3898
4525
5133
5615
5842
5943
5951
5756
5456
5066
4538
3904
3344
2707
1949
1258
723
161
-306
-616
-924
-1183
-1309
-1314
-1335
-1254
-1105
-903
-617
-248
87
466
915
1335
1692
1966
2175
2246
2257
2145
1840
1400
890
306
-336
-1028
-1820
-2596
-3257
-3824
-4381
-4846
-5211
-5487
-5659
-5707
-5631
-5477
-5220
-4942
-4595
-4196
-3693
-3071
-2350
-1681
-914
-6
908
1759
2624
3492
4147
4760
5322
5678
5786
5862
5765
5523
5194
4765
4183
3599
3057
2366
1657
1074
571
20
-343
-674
-967
-1170
-1234
-1270
-1289
-1204
-1059
-826
-518
-174
139
537
943
1321
1604
1810
1913
1940
1885
1679
1346
906
388
-182
-812
-1520
-2268
-2928
-3486
-4009
-4506
-4908
-5204
-5401
-5486
-5471
-5345
-5151
-4883
-4581
-4223
-3824
-3285
-2620
-1937
-1261
-432
466
1321
2162
3043
3802
4393
4993
5450
5654
5743
5778
5611
5360
5012
4532
3938
3412
2821
2115
1500
978
435
-52
-372
-712
-954
-1079
-1132
-1198
-1163
-1044
-873
-604
-287
19
334
738
1126
1430
1648
1801
1830
1808
1655
1365
1004
534
-12
-618
-1256
-1954
-2651
-3254
-3791
-4328
-4809
-5182
-5440
-5592
-5645
-5586
-5427
-5195
-4913
-4552
-4174
-3696
-3064
-2370
-1694
-932
-29
871
1725
2616
3467
4115
4716
5276
5618
5745
5855
5808
5594
5334
4952
4401
3817
3281
2616
1939
1374
841
285
-127
-453
-771
-959
-1039
-1111
-1128
-1032
-907
-705
-411
-114
149
486
880
1233
1465
1644
1756
1755
1681
1452
1125
744
252
-301
-869
-1476
-2142
-2761
-3282
-3804
-4315
-4741
-5088
-5300
-5427
-5488
-5439
-5267
-5054
-4798
-4415
-4043
-3550
-2907
-2215
-1569
-795
116
997
1821
2722
3500
4092
4714
5245
5532
5665
5797
5700
5506
5277
4893
4320
3777
3232
2555
1911
1363
826
284
-118
-470
-769
-956
-1056
-1167
-1170
-1085
-990
-795
-520
-265
-29
318
691
1001
1182
1344
1458
1456
1354
1120
808
438
-24
-529
-1029
-1602
-2217
-2739
-3190
-3695
-4168
-4543
-4840
-5014
-5147
-5226
-5177
-5011
-4839
-4587
-4199
-3824
-3318
-2652
-1944
-1306
-531
388
1260
2085
2976
3707
4301
4924
5412
5664
5812
5913
5775
5589
5353
4921
4335
3814
3250
2564
1942
1393
850
315
-89
-450
-748
-948
-1100
-1256
-1279
-1225
-1181
-1000
-739
-504
-275
85
437
706
889
1075
1195
1192
1110
897
599
240
-187
-678
-1146
-1688
-2268
-2729
-3162
-3666
-4129
-4464
-4726
-4925
-5097
-5189
-5178
-5059
-4913
-4672
-4314
-3955
-3443
-2756
-2029
-1390
-590
353
1253
2121
3039
3795
4422
5058
5547
5808
5956
6031
5893
5719
5456
4999
4423
3932
3357
2663
2041
1502
956
429
43
-321
-617
-800
-935
-1096
-1121
-1095
-1066
-889
-627
-406
-166
197
525
783
984
1170
1269
1258
1187
967
630
241
-232
-770
-1280
-1861
-2452
-2934
-3398
-3896
-4341
-4645
-4874
-5080
-5231
-5285
-5249
-5126
-4956
-4695
-4357
-4037
-3521
-2815
-2096
-1437
-589
354
1244
2131
3064
3814
4435
5079
5544
5789
5921
5962
5799
5621
5332
4859
4303
3852
3291
2597
1993
1472
926
415
55
-321
-614
-777
-905
-1067
-1105
-1110
-1095
-936
-708
-502
-234
145
493
788
1014
1214
1330
1352
1306
1100
781
416
-76
-617
-1150
-1736
-2328
-2846
-3341
-3838
-4292
-4585
-4817
-5049
-5181
-5216
-5154
-5026
-4854
-4599
-4285
-3988
-3473
-2796
-2081
-1382
-506
446
1338
2217
3169
3934
4570
5211
5666
5916
6032
6041
5854
5646
5307
4820
4252
3792
3221
2532
1919
1384
806
293
-86
-480
-775
-958
-1120
-1287
-1329
-1346
-1320
-1178
-975
-773
-490
-118
244
550
787
996
1118
1156
1125
934
673
347
-134
-646
-1150
-1697
-2270
-2781
-3252
-3727
-4153
-4412
-4643
-4860
-4968
-4985
-4902
-4750
-4559
-4302
-3985
-3659
-3159
-2527
-1840
-1185
-363
564
1420
2241
3163
3915
4535
5144
5598
5826
5923
5937
5760
5530
5193
4730
4163
3705
3158
2503
1880
1348
780
285
-102
-476
-757
-944
-1105
-1261
-1289
-1272
-1219
-1073
-848
-631
-364
-24
314
575
794
987
1088
1118
1073
899
671
355
-108
-609
-1111
-1659
-2255
-2775
-3247
-3719
-4145
-4432
-4684
-4894
-5020
-5075
-5002
-4861
-4672
-4423
-4067
-3703
-3198
-2545
-1828
-1201
-432
497
1356
2173
3065
3833
4428
5036
5498
5729
5833
5891
5721
5491
5214
4793
4228
3757
3256
2601
1959
1403
849
327
-75
-473
-789
-1014
-1183
-1359
-1406
-1375
-1332
-1188
-946
-711
-465
-130
193
444
663
858
964
1019
995
840
631
354
-49
-519
-985
-1508
-2109
-2630
-3084
-3553
-4001
-4323
-4584
-4789
-4928
-5011
-4972
-4843
-4662
-4441
-4084
-3691
-3208
-2549
-1766
-1105
-398
505
1406
2218
3074
3870
4452
5032
5524
5804
5924
6018
5886
5656
5427
5083
4536
4042
3584
2956
2283
1702
1156
596
136
-300
-680
-980
-1201
-1418
-1527
-1537
-1521
-1430
-1222
-1004
-786
-488
-152
127
356
554
688
773
762
625
399
146
-225
-663
-1091
-1552
-2121
-2634
-3055
-3501
-3951
-4295
-4551
-4767
-4886
-4965
-4952
-4826
-4625
-4415
-4091
-3671
-3218
-2600
-1790
-1038
-378
487
1414
2239
3048
3874
4490
5024
5549
5877
6013
6078
5998
5724
5469
5152
4635
4060
3604
3010
2304
1692
1170
618
108
-291
-672
-981
-1215
-1397
-1549
-1562
-1542
-1476
-1317
-1101
-915
-688
-348
-31
223
436
644
769
802
718
540
286
-68
-500
-927
-1367
-1898
-2422
-2861
-3294
-3735
-4099
-4377
-4610
-4752
-4855
-4875
-4786
-4600
-4418
-4154
-3772
-3373
-2863
-2127
-1328
-675
131
1057
1933
2709
3554
4240
4793
5355
5804
6015
6094
6096
5865
5595
5296
4866
4260
3776
3227
2533
1858
1322
770
225
-176
-564
-898
-1158
-1320
-1511
-1576
-1572
-1527
-1423
-1211
-1016
-830
-511
-160
142
393
677
867
978
982
884
675
380
-21
-478
-933
-1458
-2022
-2546
-3009
-3503
-3913
-4227
-4484
-4706
-4832
-4903
-4895
-4753
-4567
-4378
-4089
-3700
-3302
-2709
-1931
-1191
-497
394
1326
2134
2924
3707
4312
4854
5401
5764
5908
5971
5910
5665
5392
5044
4537
3978
3504
2902
2221
1607
1076
518
56
-334
-713
-1023
-1233
-1423
-1600
-1659
-1671
-1611
-1467
-1250
-1068
-795
-443
-85
219
528
799
981
1087
1067
934
707
415
-5
-461
-952
-1499
-2080
-2589
-3088
-3586
-3981
-4283
-4552
-4766
-4848
-4903
-4842
-4655
-4426
-4219
-3883
-3463
-2995
-2323
-1503
-755
-26
899
1796
2583
3362
4118
4677
5195
5675
5940
6006
6020
5915
5633
5321
4906
4343
3777
3274
2627
1934
1349
809
254
-199
-581
-967
-1245
-1434
-1644
-1808
-1845
-1839
-1767
-1574
-1367
-1163
-848
-462
-134
168
467
688
833
901
829
646
418
103
-328
-773
-1242
-1787
-2320
-2777
-3245
-3708
-4046
-4321
-4564
-4713
-4740
-4735
-4610
-4354
-4098
-3844
-3448
-2990
-2485
-1760
-939
-245
464
1358
2179
2879
3626
4325
4811
5271
5678
5838
5843
5833
5705
5424
5136
4725
4146
3613
3119
2470
1792
1258
742
198
-239
-597
-973
-1235
-1422
-1630
-1756
-1757
-1729
-1646
-1442
-1249
-1046
-731
-370
-90
170
413
591
695
719
625
429
205
-138
-576
-1016
-1448
-1968
-2485
-2902
-3333
-3753
-4047
-4273
-4492
-4615
-4634
-4603
-4453
-4195
-3939
-3672
-3247
-2792
-2296
-1583
-758
-106
605
1501
2292
2945
3687
4370
4820
5268
5648
5799
5787
5781
5632
5373
5099
4679
4090
3580
3084
2413
1721
1176
647
52
-410
-782
-1170
-1456
-1682
-1880
-1984
-1972
-1932
-1820
-1598
-1391
-1177
-852
-489
-201
67
306
530
636
673
605
449
244
-99
-536
-985
-1413
-1945
-2457
-2852
-3271
-3697
-3948
-4134
-4339
-4451
-4478
-4436
-4262
-4011
-3750
-3450
-3024
-2613
-2151
-1434
-632
-35
680
1586
2338
2973
3725
4414
4859
5315
5706
5880
5892
5888
5725
5484
5211
4746
4160
3682
3183
2477
1780
1231
666
18
-468
-880
-1276
-1583
-1852
-2056
-2156
-2171
-2158
-2030
-1805
-1608
-1399
-1055
-701
-415
-146
121
375
489
549
502
369
181
-149
-575
-1011
-1455
-1995
-2470
-2819
-3237
-3654
-3860
-4011
-4178
-4239
-4238
-4151
-3943
-3692
-3400
-3059
-2641
-2264
-1805
-1093
-344
204
889
1740
2441
3033
3735
4400
4809
5199
5548
5714
5695
5657
5465
5206
4904
4426
3854
3387
2913
2232
1578
1074
550
-54
-501
-890
-1227
-1501
-1730
-1893
-1975
-1992
-1985
-1861
-1640
-1450
-1253
-933
-615
-373
-154
91
295
365
394
322
154
-54
-377
-784
-1216
-1657
-2174
-2599
-2909
-3279
-3632
-3793
-3906
-4028
-4042
-3990
-3848
-3624
-3354
-3037
-2675
-2279
-1920
-1473
-801
-105
417
1034
1804
2466
2994
3622
4263
4642
4956
5268
5404
5352
5292
5093
4804
4497
4062
3506
3023
2587
1960
1338
866
409
-133
-562
-915
-1229
-1494
-1689
-1826
-1920
-1936
-1933
-1814
-1588
-1370
-1172
-861
-525
-272
-45
199
393
452
463
379
205
-32
-341
-736
-1150
-1577
-2068
-2493
-2794
-3130
-3460
-3633
-3738
-3862
-3889
-3809
-3697
-3487
-3215
-2897
-2559
-2156
-1827
-1445
-862
-178
349
877
1597
2259
2799
3371
4050
4449
4768
5073
5250
5200
5151
5003
4733
4460
4079
3579
3068
2680
2084
1468
955
542
-7
-464
-822
-1158
-1479
-1711
-1859
-2013
-2054
-2091
-1994
-1811
-1565
-1389
-1082
-719
-417
-170
115
364
462
498
449
319
80
-188
-550
-923
-1307
-1752
-2169
-2454
-2737
-3080
-3281
-3383
-3510
-3571
-3503
-3427
-3295
-3049
-2787
-2487
-2131
-1794
-1518
-1048
-406
154
615
1250
1957
2521
3089
3753
4255
4550
4882
5108
5134
5065
4977
4745
4467
4125
3655
3156
2738
2212
1546
1015
573
35
-485
-824
-1168
-1520
-1765
-1931
-2090
-2170
-2185
-2155
-2001
-1777
-1593
-1350
-982
-684
-456
-166
118
254
302
305
205
-4
-236
-521
-849
-1179
-1550
-1921
-2176
-2398
-2704
-2925
-3021
-3103
-3163
-3104
-3034
-2932
-2740
-2513
-2277
-1968
-1657
-1424
-1080
-530
15
420
961
1641
2237
2763
3385
3926
4250
4553
4839
4936
4881
4813
4639
4376
4063
3655
3190
2771
2292
1666
1109
666
157
-370
-704
-1025
-1381
-1628
-1799
-1974
-2079
-2089
-2092
-2007
-1813
-1624
-1429
-1092
-772
-548
-277
30
235
321
362
309
150
-67
-297
-594
-907
-1249
-1607
-1887
-2111
-2384
-2660
-2808
-2913
-2992
-3009
-2962
-2899
-2762
-2605
-2424
-2184
-1923
-1690
-1414
-955
-450
-31
436
1088
1711
2266
2837
3411
3821
4135
4467
4672
4697
4656
4573
4358
4104
3757
3362
2967
2542
2001
1449
1004
548
52
-338
-641
-1011
-1289
-1506
-1720
-1913
-2002
-2039
-2030
-1912
-1749
-1574
-1302
-949
-681
-390
-76
210
377
457
463
366
179
-56
-335
-654
-973
-1364
-1685
-1925
-2163
-2458
-2664
-2767
-2856
-2915
-2891
-2819
-2718
-2566
-2425
-2229
-2004
-1775
-1549
-1180
-698
-261
138
712
1350
1897
2450
3012
3480
3822
4156
4435
4546
4531
4499
4339
4101
3810
3441
3061
2678
2198
1679
1229
817
360
-82
-419
-772
-1101
-1360
-1615
-1887
-2075
-2166
-2200
-2149
-2021
-1866
-1643
-1316
-994
-677
-344
-33
208
352
418
396
270
76
-170
-442
-707
-1047
-1389
-1615
-1808
-2072
-2314
-2426
-2491
-2563
-2588
-2552
-2512
-2400
-2273
-2162
-2000
-1784
-1609
-1378
-952
-468
-85
360
1007
1601
2121
2693
3233
3622
3974
4300
4485
4499
4466
4356
4095
3815
3474
3047
2639
2209
1681
1204
792
373
-80
-466
-773
-1085
-1345
-1575
-1846
-2067
-2158
-2206
-2169
-2040
-1876
-1690
-1421
-1082
-752
-445
-138
138
319
407
425
359
192
-33
-267
-506
-806
-1131
-1376
-1559
-1781
-2017
-2170
-2245
-2290
-2326
-2336
-2343
-2291
-2189
-2109
-2017
-1850
-1656
-1493
-1219
-759
-321
28
550
1192
1736
2247
2812
3298
3654
3987
4257
4353
4325
4267
4093
3842
3566
3185
2764
2382
1928
1408
959
569
134
-316
-651
-930
-1222
-1466
-1717
-1969
-2089
-2142
-2146
-2041
-1858
-1664
-1469
-1184
-819
-525
-260
46
298
430
478
485
392
216
14
-211
-483
-768
-1029
-1247
-1464
-1687
-1889
-2030
-2097
-2157
-2210
-2245
-2252
-2227
-2199
-2156
-2057
-1902
-1737
-1575
-1269
-833
-491
-138
433
1072
1575
2055
2628
3121
3448
3744
3992
4109
4122
4062
3926
3732
3468
3117
2747
2400
1963
1458
1043
656
197
-243
-581
-887
-1189
-1469
-1761
-1972
-2069
-2145
-2133
-1982
-1780
-1586
-1361
-1015
-668
-402
-101
208
425
569
629
576
480
365
149
-141
-406
-655
-897
-1117
-1344
-1612
-1850
-1969
-2072
-2224
-2320
-2357
-2388
-2419
-2424
-2353
-2234
-2078
-1906
-1691
-1314
-887
-548
-122
513
1144
1602
2090
2683
3132
3423
3702
3948
4079
4076
3991
3828
3603
3342
2983
2609
2276
1828
1334
936
543
87
-336
-667
-963
-1251
-1523
-1778
-1936
-2037
-2103
-2041
-1880
-1686
-1469
-1166
-804
-518
-247
85
351
549
712
738
662
606
505
255
-32
-284
-518
-721
-913
-1159
-1473
-1700
-1825
-2012
-2219
-2345
-2424
-2495
-2543
-2508
-2420
-2303
-2140
-1951
-1676
-1267
-837
-467
-1
631
1194
1647
2162
2656
3004
3303
3603
3804
3876
3884
3789
3576
3354
3107
2763
2429
2098
1634
1152
784
402
-36
-415
-720
-1022
-1296
-1514
-1709
-1852
-1934
-1946
-1876
-1737
-1553
-1321
-1000
-666
-415
-144
152
367
533
660
698
665
609
490
277
21
-229
-435
-608
-799
-1060
-1357
-1567
-1751
-1985
-2208
-2391
-2540
-2651
-2679
-2640
-2571
-2440
-2275
-2095
-1799
-1354
-909
-538
-52
561
1095
1586
2109
2541
2863
3206
3532
3714
3797
3848
3791
3627
3432
3189
2888
2595
2240
1754
1286
906
504
74
-282
-600
-931
-1208
-1420
-1597
-1713
-1781
-1801
-1730
-1583
-1420
-1221
-922
-600
-340
-68
208
391
507
608
669
660
602
490
313
85
-158
-383
-586
-808
-1095
-1397
-1638
-1869
-2124
-2344
-2541
-2739
-2867
-2879
-2849
-2793
-2653
-2478
-2304
-2018
-1549
-1069
-661
-155
455
998
1511
2059
2516
2847
3194
3547
3770
3868
3916
3899
3785
3613
3357
3042
2741
2379
1883
1389
974
549
101
-270
-587
-909
-1191
-1419
-1598
-1695
-1737
-1754
-1672
-1494
-1311
-1123
-838
-512
-233
50
343
542
645
728
776
756
695
584
413
203
-36
-298
-554
-807
-1111
-1453
-1743
-1991
-2261
-2487
-2667
-2841
-2962
-2975
-2932
-2860
-2735
-2567
-2383
-2132
-1735
-1246
-798
-333
231
778
1275
1791
2285
2660
2988
3342
3621
3742
3779
3782
3716
3591
3403
3122
2807
2476
2043
1551
1121
722
278
-127
-454
-768
-1062
-1311
-1514
-1651
-1722
-1733
-1659
-1491
-1287
-1090
-834
-511
-216
57
362
622
772
876
956
961
899
809
675
482
256
5
-278
-573
-869
-1206
-1565
-1864
-2139
-2419
-2654
-2816
-2935
-3022
-3029
-2953
-2867
-2763
-2585
-2370
-2103
-1678
-1191
-766
-300
259
774
1229
1731
2210
2572
2917
3274
3485
3556
3608
3619
3558
3476
3313
3026
2720
2391
1964
1518
1139
728
279
-101
-425
-762
-1070
-1312
-1506
-1639
-1687
-1657
-1549
-1366
-1167
-957
-678
-372
-110
169
461
682
845
989
1076
1082
1047
981
850
664
434
160
-134
-441
-786
-1169
-1522
-1848
-2179
-2492
-2735
-2903
-3036
-3136
-3162
-3119
-3052
-2947
-2777
-2569
-2282
-1852
-1377
-938
-439
149
694
1179
1706
2218
2621
2986
3331
3550
3637
3680
3693
3669
3587
3378
3073
2766
2415
1973
1534
1133
685
207
-188
-529
-881
-1201
-1455
-1645
-1742
-1738
-1671
-1534
-1331
-1107
-856
-541
-225
57
342
616
834
1019
1172
1244
1239
1204
1116
958
743
458
119
-228
-605
-1037
-1453
-1819
-2188
-2567
-2879
-3102
-3263
-3369
-3426
-3428
-3343
-3193
-3030
-2826
-2561
-2225
-1791
-1291
-794
-262
345
931
1453
1987
2514
2932
3272
3599
3823
3899
3918
3920
3870
3748
3520
3200
2859
2487
2041
1580
1143
663
167
-238
-590
-965
-1302
-1557
-1742
-1826
-1790
-1700
-1574
-1361
-1106
-836
-520
-190
86
343
622
872
1067
1212
1288
1281
1225
1128
960
714
398
29
-377
-816
-1276
-1710
-2106
-2498
-2889
-3197
-3403
-3541
-3624
-3636
-3575
-3432
-3240
-3028
-2779
-2485
-2140
-1706
-1205
-699
-168
417
1002
1546
2087
2597
3009
3360
3685
3914
4024
4065
4040
3968
3865
3659
3341
3008
2654
2210
1740
1277
770
279
-120
-505
-911
-1237
-1476
-1675
-1767
-1741
-1700
-1610
-1400
-1155
-916
-617
-298
-40
220
528
815
1037
1223
1338
1357
1318
1234
1068
818
500
117
-318
-780
-1253
-1710
-2145
-2566
-2952
-3271
-3511
-3686
-3779
-3791
-3729
-3588
-3402
-3191
-2941
-2652
-2331
-1929
-1441
-942
-436
136
743
1316
1875
2420
2884
3278
3642
3925
4086
4163
4171
4106
4005
3845
3571
3235
2888
2468
1967
1471
983
488
46
-338
-731
-1080
-1325
-1509
-1651
-1703
-1683
-1633
-1499
-1280
-1054
-809
-487
-153
144
463
799
1069
1265
1424
1495
1444
1334
1175
908
558
168
-275
-761
-1234
-1692
-2158
-2596
-2954
-3261
-3535
-3735
-3844
-3888
-3856
-3725
-3541
-3328
-3062
-2748
-2422
-2041
-1561
-1043
-521
61
688
1290
1869
2443
2958
3392
3784
4097
4281
4373
4402
4336
4202
4028
3760
3393
3004
2574
2049
1506
1000
500
25
-378
-748
-1101
-1366
-1553
-1709
-1799
-1799
-1756
-1663
-1480
-1250
-1004
-680
-294
71
409
743
1024
1232
1394
1476
1434
1302
1111
829
469
70
-377
-853
-1309
-1743
-2178
-2579
-2907
-3179
-3414
-3594
-3709
-3765
-3736
-3630
-3464
-3239
-2960
-2648
-2312
-1941
-1514
-1027
-507
37
608
1192
1753
2279
2777
3226
3603
3912
4133
4246
4270
4238
4141
3971
3732
3412
3028
2609
2150
1642
1142
683
253
-146
-494
-796
-1056
-1254
-1398
-1500
-1544
-1535
-1480
-1364
-1177
-950
-687
-369
-32
271
534
755
921
1031
1080
1040
914
726
472
155
-194
-568
-973
-1375
-1745
-2094
-2413
-2674
-2885
-3056
-3182
-3266
-3308
-3283
-3191
-3060
-2876
-2629
-2351
-2063
-1752
-1417
-1049
-634
-189
260
728
1217
1676
2100
2514
2884
3177
3418
3593
3675
3697
3685
3612
3473
3283
3029
2714
2379
2017
1622
1226
868
520
191
-82
-320
-531
-695
-815
-905
-959
-972
-948
-870
-731
-566
-382
-175
33
203
340
439
487
487
438
328
174
-19
-264
-546
-834
-1133
-1447
-1761
-2048
-2291
-2492
-2649
-2771
-2846
-2878
-2878
-2842
-2753
-2619
-2458
-2262
-2033
-1778
-1516
-1256
-987
-679
-331
23
387
777
1179
1563
1924
2270
2573
2820
3021
3165
3252
3292
3283
3222
3121
2977
2770
2523
2259
1964
1640
1315
1005
702
424
187
-30
-223
-381
-503
-601
-670
-710
-722
-688
-606
-504
-396
-274
-146
-43
34
80
87
46
-36
-149
-286
-461
-672
-907
-1143
-1380
-1628
-1877
-2104
-2282
-2415
-2516
-2576
-2596
-2578
-2530
-2452
-2333
-2181
-2005
-1811
-1597
-1361
-1117
-881
-643
-373
-63
261
589
933
1289
1635
1958
2255
2517
2733
2907
3037
3111
3135
3102
3020
2895
2731
2513
2254
1973
1669
1347
1032
726
439
175
-56
-261
-447
-595
-708
-787
-840
-864
-849
-788
-685
-559
-422
-267
-107
29
142
227
264
248
188
98
-33
-205
-413
-639
-876
-1133
-1404
-1672
-1911
-2115
-2282
-2410
-2498
-2553
-2574
-2557
-2502
-2410
-2287
-2125
-1930
-1709
-1462
-1199
-923
-640
-345
-16
342
700
1064
1434
1793
2119
2415
2672
2884
3047
3157
3213
3204
3139
3010
2840
2625
2362
2055
1726
1385
1032
684
362
67
-204
-447
-658
-837
-982
-1080
-1134
-1147
-1119
-1045
-922
-756
-563
-353
-124
111
335
529
688
794
838
819
749
623
438
212
-52
-347
-681
-1037
-1383
-1710
-2004
-2262
-2474
-2648
-2788
-2884
-2932
-2938
-2894
-2801
-2657
-2459
-2211
-1922
-1601
-1254
-897
-540
-166
229
632
1034
1444
1843
2207
2528
2806
3036
3207
3323
3381
3376
3306
3174
2986
2742
2460
2132
1770
1393
1014
636
277
-52
-348
-619
-858
-1054
-1208
-1314
-1362
-1362
-1310
-1206
-1065
-882
-662
-420
-169
97
365
611
819
978
1079
1110
1076
979
823
612
353
46
-298
-668
-1044
-1407
-1738
-2040
-2309
-2534
-2719
-2860
-2956
-2993
-2983
-2914
-2787
-2600
-2357
-2066
-1738
-1388
-1032
-674
-320
31
391
757
1123
1481
1826
2137
2406
2635
2826
2971
3062
3102
3087
3010
2880
2693
2460
2190
1884
1551
1208
864
530
213
-82
-347
-588
-794
-955
-1069
-1137
-1154
-1128
-1066
-968
-842
-693
-520
-325
-119
95
307
503
667
790
870
895
870
793
670
496
279
27
-252
-547
-850
-1149
-1432
-1699
-1944
-2156
-2324
-2451
-2534
-2564
-2542
-2475
-2352
-2175
-1957
-1709
-1438
-1163
-893
-624
-362
-104
159
431
703
973
1238
1491
1717
1920
2103
2251
2355
2417
2436
2404
2330
2218
2068
1892
1690
1462
1217
972
728
484
249
36
-158
-331
-473
-578
-651
-695
-711
-700
-668
-619
-549
-454
-336
-200
-51
106
260
397
512
602
660
678
654
589
479
333
158
-44
-261
-494
-741
-991
-1227
-1451
-1649
-1805
-1923
-2005
-2050
-2056
-2022
-1951
-1844
-1705
-1550
-1381
-1205
-1029
-856
-680
-500
-315
-119
95
319
550
788
1014
1230
1432
1612
1761
1874
1952
1992
1996
1971
1919
1843
1743
1618
1463
1286
1093
889
676
468
265
74
-107
-269
-407
-521
-610
-673
-708
-721
-701
-647
-562
-450
-309
-152
10
175
331
473
591
678
726
731
692
613
498
349
168
-36
-262
-503
-741
-976
-1193
-1381
-1541
-1669
-1761
-1824
-1854
-1849
-1819
-1763
-1688
-1596
-1488
-1372
-1253
-1118
-975
-822
-647
-452
-228
13
264
521
772
1017
1240
1446
1624
1767
1879
1953
1999
2017
2009
1976
1913
1818
1688
1527
1336
1125
903
672
437
213
1
-193
-367
-514
-628
-713
-765
-787
-771
-721
-634
-511
-362
-195
-17
162
337
498
635
741
803
822
800
733
630
490
317
112
-119
-366
-621
-873
-1110
-1331
-1523
-1684
-1813
-1901
-1954
-1976
-1968
-1933
-1881
-1806
-1721
-1621
-1505
-1380
-1236
-1072
-885
-669
-428
-168
103
376
642
892
1120
1323
1498
1641
1756
1847
1910
1955
1979
1978
1952
1891
1790
1659
1496
1309
1104
887
671
464
271
96
-64
-200
-311
-397
-458
-489
-494
-469
-410
-322
-209
-83
53
192
329
454
560
641
683
690
658
595
496
370
213
28
-176
-402
-630
-857
-1077
-1279
-1458
-1614
-1738
-1831
-1894
-1924
-1929
-1914
-1878
-1828
-1764
-1679
-1579
-1457
-1317
-1157
-977
-775
-555
-327
-91
145
372
585
780
959
1120
1262
1389
1505
1607
1696
1766
1816
1839
1827
1779
1690
1571
1423
1254
1074
893
723
566
419
290
177
80
-1
-64
-105
-127
-126
-107
-66
-8
59
136
214
290
362
423
462
481
472
439
382
297
186
49
-106
-284
-472
-670
-868
-1062
-1242
-1402
-1539
-1649
-1731
-1784
-1810
-1816
-1803
-1773
-1725
-1662
-1580
-1479
-1359
-1223
-1072
-911
-737
-557
-373
-190
-9
170
342
508
668
824
973
1117
1254
1381
1498
1600
1680
1734
1753
1737
1681
1591
1470
1329
1179
1023
873
735
607
497
397
308
229
164
114
79
59
53
64
80
108
142
182
225
263
296
318
325
320
294
252
183
90
-29
-169
-324
-498
-682
-873
-1059
-1234
-1390
-1521
-1623
-1698
-1742
-1762
-1764
-1743
-1704
-1650
-1575
-1481
-1374
-1253
-1121
-982
-840
-691
-543
-395
-247
-99
48
199
350
500
655
805
954
1097
1231
1356
1467
1558
1625
1664
1668
1640
1578
1489
1377
1256
1127
998
877
766
667
575
490
415
345
286
238
200
175
156
145
144
149
160
175
192
205
213
212
199
174
131
71
-14
-117
-243
-383
-538
-702
-870
-1036
-1186
-1322
-1434
-1523
-1587
-1628
-1648
-1646
-1629
-1593
-1541
-1470
-1385
-1287
-1175
-1063
-945
-823
-706
-583
-460
-338
-212
-79
55
196
339
482
631
775
912
1043
1163
1269
1362
1433
1485
1512
1514
1492
1448
1388
1313
1228
1140
1049
959
871
788
708
628
555
488
424
366
315
270
233
198
170
151
131
116
103
86
67
40
4
-41
-100
-171
-255
-351
-455
-567
-682
-798
-915
-1020
-1116
-1198
-1265
-1318
-1354
-1378
-1391
-1391
-1377
-1353
-1315
-1264
-1204
-1134
-1059
-977
-890
-800
-708
-608
-504
-394
-277
-157
-30
102
237
372
507
640
770
893
1004
1106
1195
1269
1328
1373
1398
1408
1402
1381
1346
1302
1247
1183
1110
1031
948
863
776
692
607
524
443
364
294
228
170
116
70
28
-11
-46
-80
-111
-145
-183
-224
-270
-320
-373
-436
-501
-565
-633
-703
-772
-841
-906
-967
-1023
-1071
-1109
-1142
-1168
-1184
-1193
-1193
-1182
-1161
-1128
-1088
-1035
-975
-908
-831
-748
-660
-565
-465
-359
-248
-132
-13
109
234
359
484
605
726
842
947
1045
1128
1203
1266
1315
1349
1367
1367
1352
1327
1285
1235
1172
1097
1012
924
833
742
649
556
468
380
300
226
156
97
48
2
-35
-68
-98
-122
-151
-179
-207
-242
-278
-321
-370
-425
-486
-552
-618
-686
-757
-827
-889
-948
-1003
-1050
-1090
-1123
-1148
-1165
-1173
-1170
-1159
-1138
-1106
-1065
-1014
-951
-880
-800
-711
-615
-511
-402
-287
-169
-44
83
214
348
479
608
730
845
951
1043
1123
1190
1241
1280
1306
1315
1304
1280
1242
1190
1134
1068
996
919
838
751
663
577
494
422
352
291
239
190
147
110
76
47
25
7
-7
-20
-39
-59
-85
-117
-157
-204
-260
-327
-396
-471
-554
-637
-721
-806
-885
-955
-1022
-1081
-1127
-1166
-1191
-1207
-1212
-1207
-1195
-1170
-1135
-1094
-1041
-980
-911
-831
-745
-652
-551
-446
-332
-214
-90
39
169
303
437
568
691
810
918
1017
1106
1176
1233
1273
1294
1299
1290
1265
1227
1179
1119
1053
980
905
829
754
678
601
530
460
393
335
287
247
215
189
164
142
121
97
77
53
27
1
-29
-69
-111
-161
-220
-287
-360
-440
-525
-609
-697
-783
-863
-939
-1008
-1069
-1125
-1172
-1209
-1234
-1245
-1242
-1229
-1204
-1172
-1131
-1081
-1025
-960
-886
-802
-711
-613
-507
-392
-275
-156
-31
97
230
360
493
621
744
860
964
1055
1134
1201
1257
1296
1320
1325
1312
1283
1237
1180
1112
1036
958
880
800
724
650
575
505
437
372
311
259
212
171
137
108
83
59
37
14
-10
-40
-76
-116
-159
-206
-257
-314
-377
-446
-521
-596
-673
-749
-820
-889
-953
-1009
-1058
-1098
-1130
-1155
-1173
-1183
-1182
-1169
-1146
-1113
-1073
-1021
-961
-890
-811
-723
-624
-520
-402
-277
-141
-2
138
276
410
541
668
787
898
995
1084
1154
1205
1239
1257
1258
1250
1235
1208
1167
1112
1045
963
872
780
694
612
549
497
456
422
388
357
325
296
265
237
210
181
149
113
74
33
-9
-53
-101
-156
-222
-297
-374
-452
-527
-602
-680
-761
-846
-931
-1013
-1081
-1137
-1181
-1215
-1241
-1255
-1259
-1247
-1224
-1188
-1143
-1089
-1028
-959
-881
-801
-713
-622
-526
-420
-307
-186
-61
68
201
337
472
605
732
847
954
1053
1136
1209
1268
1306
1327
1334
1321
1293
1249
1192
1126
1059
992
921
844
757
662
566
476
396
334
292
267
258
256
252
246
235
215
189
157
119
74
19
-45
-118
-192
-267
-345
-422
-508
-601
-704
-802
-894
-972
-1041
-1105
-1167
-1232
-1292
-1343
-1377
-1394
-1390
-1373
-1348
-1308
-1255
-1180
-1090
-988
-869
-751
-628
-502
-373
-247
-119
6
128
249
370
490
608
721
825
921
1006
1079
1137
1186
1221
1248
1268
1277
1275
1258
1229
1191
1142
1083
1018
945
869
796
731
667
605
535
460
382
306
244
189
146
114
93
74
54
33
1
-40
-91
-150
-211
-278
-349
-425
-504
-585
-664
-740
-815
-888
-964
-1040
-1112
-1176
-1221
-1253
-1273
-1287
-1297
-1303
-1302
-1285
-1253
-1201
-1138
-1063
-977
-876
-756
-621
-473
-322
-167
-14
133
281
422
555
677
787
887
972
1050
1119
1176
1220
1247
1256
1250
1228
1193
1150
1100
1048
997
942
881
818
755
693
626
561
502
451
404
371
343
319
295
269
239
206
174
138
98
52
2
-51
-110
-175
-247
-327
-413
-505
-602
-700
-798
-891
-977
-1055
-1120
-1172
-1218
-1257
-1291
-1321
-1343
-1352
-1345
-1316
-1268
-1205
-1131
-1054
-972
-882
-783
-677
-559
-431
-292
-139
23
188
356
513
657
788
906
1014
1108
1192
1258
1304
1334
1338
1324
1294
1253
1198
1134
1063
986
905
821
738
660
587
520
461
408
364
326
298
276
259
250
245
246
242
234
214
183
141
87
27
-37
-105
-179
-262
-355
-456
-565
-678
-790
-897
-991
-1073
-1138
-1197
-1245
-1284
-1318
-1337
-1348
-1345
-1324
-1287
-1234
-1171
-1090
-1008
-917
-818
-716
-603
-483
-354
-211
-61
87
236
376
509
634
749
858
958
1046
1122
1179
1219
1238
1238
1220
1187
1144
1089
1027
963
893
823
751
684
623
564
510
460
415
378
348
325
306
290
277
266
257
244
224
198
160
108
48
-20
-92
-164
-240
-319
-402
-492
-590
-688
-787
-876
-958
-1025
-1080
-1124
-1155
-1179
-1193
-1196
-1192
-1178
-1153
-1115
-1065
-1009
-940
-862
-781
-696
-609
-517
-422
-316
-205
-87
35
155
274
387
496
601
698
790
868
937
996
1039
1071
1090
1096
1087
1069
1044
1011
973
932
890
842
795
746
699
650
601
552
506
462
420
377
333
292
250
207
165
119
67
11
-52
-119
-191
-263
-335
-403
-471
-537
-608
-681
-751
-817
-876
-929
-973
-1005
-1027
-1039
-1043
-1039
-1025
-1007
-980
-948
-911
-867
-814
-758
-696
-629
-558
-484
-409
-332
-253
-168
-81
8
102
193
287
381
470
553
632
705
774
831
885
931
966
995
1012
1019
1021
1016
1006
991
969
940
906
868
823
777
726
672
615
555
497
433
370
309
243
179
115
52
-15
-82
-148
-216
-288
-356
-423
-487
-547
-606
-661
-716
-768
-821
-868
-907
-940
-964
-982
-993
-997
-995
-989
-973
-953
-930
-900
-865
-826
-779
-726
-667
-604
-538
-467
-397
-320
-244
-162
-79
8
95
183
271
355
436
513
585
652
713
771
823
873
915
947
971
987
997
1003
1004
995
982
967
942
913
878
836
788
738
680
623
564
504
442
377
309
241
174
105
36
-33
-101
-170
-237
-303
-367
-429
-488
-546
-603
-653
-701
-745
-783
-817
-845
-870
-889
-904
-915
-920
-919
-909
-896
-880
-856
-827
-792
-755
-711
-662
-607
-548
-487
-423
-357
-287
-215
-142
-67
8
83
158
232
304
374
441
505
563
617
669
717
754
788
821
847
867
878
882
882
880
871
855
834
808
777
740
700
655
607
552
495
436
372
309
245
178
112
44
-20
-82
-144
-207
-266
-324
-380
-434
-484
-528
-570
-608
-641
-674
-701
-724
-739
-751
-758
-759
-757
-749
-737
-719
-700
-677
-650
-618
-585
-548
-506
-462
-415
-365
-312
-261
-207
-153
-98
-43
13
67
122
176
226
280
332
382
427
472
512
546
577
603
626
644
658
668
673
676
676
669
658
643
625
604
578
548
518
483
446
407
366
327
283
236
187
139
88
39
-11
-61
-111
-158
-201
-243
-283
-324
-361
-397
-431
-461
-486
-509
-525
-542
-555
-564
-571
-573
-570
-563
-555
-541
-526
-509
-488
-467
-442
-415
-386
-355
-324
-289
-255
-223
-188
-157
-129
-96
-62
-27
7
42
76
110
141
171
200
226
249
272
294
315
333
351
369
383
400
411
423
434
439
444
446
445
442
438
433
426
418
412
406
393
380
363
343
320
298
273
245
218
188
159
125
95
61
27
-8
-44
-81
-117
-155
-192
-227
-260
-290
-317
-343
-368
-390
-411
-428
-443
-455
-465
-472
-477
-481
-481
-477
-470
-458
-445
-430
-413
-395
-375
-356
-335
-311
-285
-256
-226
-195
-165
-135
-107
-81
-52
-24
6
37
70
103
134
166
195
224
251
276
296
315
333
352
368
382
395
409
420
429
435
436
436
435
429
424
416
406
396
383
369
353
337
316
293
270
244
217
191
163
132
101
69
36
2
-33
-66
-100
-133
-165
-197
-229
-260
-290
-315
-341
-364
-384
-402
-418
-431
-441
-447
-450
-451
-448
-443
-437
-429
-418
-403
-385
-365
-342
-318
-290
-266
-239
-210
-181
-150
-120
-88
-56
-25
6
36
62
90
115
141
165
188
210
231
253
270
289
307
322
336
348
359
365
373
375
376
374
372
366
358
346
332
317
300
279
259
238
217
194
171
144
117
91
64
37
9
-18
-44
-70
-98
-123
-148
-173
-197
-219
-240
-259
-273
-289
-299
-311
-319
-324
-329
-334
-336
-335
-334
-332
-328
-321
-308
-295
-282
-264
-244
-223
-201
-179
-156
-132
-109
-85
-59
-32
-3
20
48
74
101
126
152
176
198
221
241
257
272
284
294
301
306
309
307
307
303
298
293
288
282
275
268
259
249
240
227
211
194
176
155
136
114
90
67
41
17
-7
-31
-55
-79
-99
-120
-138
-158
-178
-194
-210
-224
-235
-247
-258
-266
-277
-285
-292
-296
-301
-302
-299
-297
-289
-281
-272
-262
-248
-235
-222
-206
-191
-177
-164
-149
-131
-109
-88
-67
-44
-19
6
30
53
75
97
115
135
154
173
193
210
228
246
261
275
288
298
310
315
320
322
324
321
316
310
300
289
274
260
243
226
208
190
172
153
134
114
96
74
52
31
8
-16
-38
-60
-81
-101
-123
-145
-164
-185
-205
-222
-237
-251
-264
-275
-283
-292
-298
-301
-305
-306
-304
-303
-299
-296
-290
-286
-278
-269
-259
-246
-231
-215
-196
-175
-157
-134
-114
-92
-69
-46
-26
-6
17
38
62
83
105
127
150
172
193
211
227
243
255
265
275
282
288
293
296
300
302
300
297
292
284
277
266
255
243
229
213
196
177
159
139
117
96
74
52
30
9
-14
-33
-55
-76
-94
-113
-132
-149
-165
-179
-192
-204
-213
-221
-231
-239
-244
-250
-252
-254
-253
-252
-247
-243
-237
-230
-222
-212
-201
-189
-175
-159
-142
-126
-111
-96
-78
-61
-44
-28
-11
7
26
44
62
76
93
110
124
139
151
163
174
183
192
199
205
210
212
216
216
215
214
212
208
202
194
188
179
170
159
149
137
123
109
94
80
63
50
33
18
0
-18
-33
-48
-61
-74
-88
-100
-114
-124
-133
-143
-151
-158
-165
-171
-176
-179
-182
-184
-183
-185
-180
-177
-172
-169
-165
-158
-151
-141
-132
-122
-112
-101
-91
-82
-68
-57
-44
-31
-19
-9
0
12
21
30
41
51
60
70
79
87
95
101
107
113
117
120
123
128
131
134
135
135
138
137
135
132
129
125
120
115
107
102
94
88
81
72
65
58
51
43
38
29
21
14
4
-2
-9
-14
-22
-30
-35
-42
-46
-52
-57
-58
-67
-70
-72
-75
-76
-76
-77
-77
-78
-76
-75
-73
-70
-69
-63
-60
-57
-52
-49
-44
-39
-36
-32
-26
-23
-17
-14
-8
-4
0
8
11
15
17
20
23
23
28
26
28
29
29
32
30
28
29
28
26
24
23
23
18
19
15
10
7
1
-3
-6
-10
-14
-17
-20
-23
-26
-30
-32
-34
-37
-41
-43
-45
-48
-53
-56
-58
-61
-59
-60
-60
-57
-57
-54
-52
-50
-47
-47
-43
-40
-38
-32
-30
-27
-21
-17
-10
-2
3
7
16
19
24
31
34
40
47
52
56
62
67
69
77
81
81
88
88
92
96
97
100
99
101
97
96
96
89
92
90
81
82
76
69
67
62
56
49
43
34
25
24
16
9
9
-3
-10
-14
-24
-28
-36
-39
-46
-54
-56
-64
-66
-67
-74
-72
-75
-79
-79
-84
-83
-84
-82
-82
-84
-81
-83
-81
-79
-78
-76
-74
-69
-67
-64
-56
-53
-48
-43
-41
-33
-30
-24
-19
-21
-12
-12
-9
-3
-2
6
9
12
17
19
22
23
23
25
25
27
31
29
31
34
32
36
39
35
39
40
38
42
40
38
39
38
40
40
40
40
42
43
39
38
35
32
34
32
33
31
31
31
27
29
25
23
28
20
20
19
10
7
6
2
2
1
-3
-5
-6
-8
-12
-8
-8
-12
-11
-16
-24
-23
-25
-27
-26
-28
-29
-29
-29
-28
-28
-24
-26
-25
-25
-29
-30
-30
-30
-29
-27
-27
-26
-25
-24
-22
-22
-20
-20
-22
-19
-18
-18
-15
-15
-13
-10
-8
-7
-7
-4
-3
-6
-5
-3
-2
2
1
4
5
3
4
4
7
8
7
8
10
10
12
12
11
15
15
15
17
15
15
16
15
16
15
14
16
15
17
16
18
19
18
19
18
18
16
15
15
15
16
14
13
15
15
15
17
15
15
12
11
9
7
7
7
5
5
5
3
3
2
2
1
1
2
-3
-4
-4
-6
-6
-7
-9
-7
-8
-8
-8
-9
-8
-10
-11
-13
-14
-15
-17
-15
-16
-18
-16
-17
-19
-18
-20
-20
-19
-21
-20
-20
-20
-21
-21
-20
-21
-19
-19
-18
-19
-18
-17
-18
-18
-16
-16
-16
-13
-13
-13
-11
-10
-9
-7
-5
-2
-1
1
1
3
3
5
7
7
9
10
11
14
15
18
19
20
21
23
24
25
26
26
29
29
30
31
31
32
30
29
30
29
30
30
30
30
30
29
29
27
27
26
25
23
21
18
15
14
10
9
7
7
4
1
-1
-5
-5
-9
-11
-12
-15
-15
-18
-19
-22
-24
-26
-27
-28
-31
-32
-31
-31
-32
-32
-34
-35
-34
-34
-34
-34
-34
-34
-35
-33
-33
-32
-29
-28
-26
-26
-23
-21
-20
-18
-19
-15
-14
-13
-11
-10
-7
-6
-4
-1
1
5
8
9
10
12
14
15
20
21
22
22
24
24
24
26
26
27
27
27
29
32
31
33
35
34
35
34
34
32
32
30
27
25
25
21
19
18
19
17
17
14
13
12
10
8
5
2
-2
-3
-5
-5
-8
-9
-8
-9
-10
-11
-13
-14
-14
-17
-18
-23
-22
-24
-26
-25
-25
-24
-23
-23
-23
-23
-23
-23
-22
-22
-22
-22
-22
-22
-21
-20
-20
-18
-18
-15
-14
-14
-12
-11
-10
-8
-6
-6
-4
-1
1
2
2
2
3
3
5
5
4
5
7
8
11
11
12
14
17
19
18
18
17
17
15
13
11
10
10
10
11
12
12
12
14
13
14
13
10
7
5
4
2
4
1
3
5
4
5
5
4
4
2
1
0
-3
-5
-6
-6
-4
-4
-2
-2
-1
-2
-2
-2
-2
-2
-4
-4
-3
-5
-6
-6
-5
-5
-5
-2
-1
-2
0
1
-1
-2
-2
-1
-2
-3
-3
-3
-3
-3
-2
-3
-1
-1
1
0
-2
-2
-2
-2
-2
-1
-1
0
1
1
3
2
2
0
0
-3
-4
-3
-3
-2
-2
0
1
0
2
2
2
-1
-2
-3
-4
-4
-4
-4
0
1
3
3
3
3
1
0
0
-2
-2
-2
-1
0
3
3
5
6
4
2
3
1
0
1
1
-1
1
1
2
1
0
2
1
2
1
1
2
2
2
0
0
0
-1
-1
-2
-2
-2
-1
-3
-3
-2
-1
-1
-2
-2
-1
-1
0
1
0
0
-1
-2
-1
0
0
1
0
-1
-2
-2
0
-3
-2
0
-1
-1
0
-1
-1
-3
-2
-1
-1
-2
-3
-2
-1
-1
-1
1
1
1
1
-1
0
-2
0
0
1
0
-1
1
2
1
2
2
1
0
1
1
1
2
0
2
2
2
4
2
3
1
1
-1
1
0
0
-1
-1
0
0
0
-1
-1
1
1
1
0
-2
-2
-2
-1
-1
-2
-1
-1
-1
0
2
1
0
-1
-2
-2
-3
-3
-3
-2
-2
-1
-1
-1
1
2
1
2
2
1
1
-1
0
1
0
0
-1
1
0
1
0
0
1
1
0
0
-1
0
0
-1
1
1
1
1
1
0
0
1
0
2
1
0
1
1
1
0
0
1
1
1
2
2
3
0
2
1
-1
0
-1
-1
0
1
0
-1
0
-1
-1
-1
0
0
0
-1
0
-1
-2
0
0
-1
-1
-1
-1
0
-1
1
0
0
1
1
0
0
2
0
-1
0
-1
-2
-2
-1
-1
0
-1
0
2
1
1
0
0
1
1
-1
0
-2
-2
1
-1
2
2
1
1
0
0
0
-1
0
0
0
0
2
2
3
1
0
2
0
-2
-1
-1
0
0
0
0
1
2
1
0
-1
0
0
0
-1
-2
-1
0
1
1
2
1
1
0
-1
-2
-3
-2
-1
-1
-1
0
-1
-1
-1
-1
0
1
0
0
-1
-1
0
-1
-1
0
-1
-1
-1
0
0
2
2
1
1
0
1
1
0
0
-3
-2
-2
-1
0
1
1
2
2
3
1
1
0
-1
0
-1
0
1
2
2
2
2
1
3
0
0
0
-2
-1
1
1
0
1
1
-1
-1
-2
-1
-3
-1
-1
0
-1
-1
0
0
0
-1
1
2
2
3
3
3
2
2
0
-2
-3
-4
-3
-5
-3
-3
0
2
3
3
1
2
0
0
0
-1
-2
-2
-1
0
2
2
3
2
3
1
-2
-1
-1
-2
-2
-1
-1
0
2
2
3
1
0
-1
-2
-5
-1
-2
-3
-1
1
1
3
1
0
-1
-1
0
0
1
0
2
1
0
2
1
0
-1
-2
-3
-2
-2
-1
0
1
2
1
2
2
1
-1
-2
-2
-2
-3
-2
-1
1
2
2
2
2
2
0
-1
-1
-1
-1
-1
-2
1
2
3
3
1
1
1
-1
-3
-2
-1
-2
0
-1
0
1
1
1
0
-1
0
0
3
2
3
3
2
-1
-2
-2
-2
-3
-1
0
1
2
3
3
3
3
1
0
-2
-2
-3
-4
-1
-1
1
2
3
2
0
-1
0
0
1
2
3
0
-1
-2
-2
-2
-2
-1
-1
1
1
1
2
1
0
1
-1
-3
-3
-1
-1
-1
0
0
1
2
1
0
-2
-1
1
1
1
1
1
1
1
0
0
-1
-3
-1
-1
0
3
4
4
3
3
0
1
0
-2
-3
-3
-1
0
2
4
6
4
3
1
-1
-3
-5
-3
-6
-2
1
0
3
2
2
1
1
-2
-4
-4
-4
-4
-3
1
2
3
5
3
2
0
-2
-2
-2
-1
1
2
3
0
0
0
0
-1
-3
-2
1
0
1
4
4
2
1
0
-4
-5
-5
-3
0
2
4
5
5
2
-3
-4
-5
-6
-3
-3
0
2
5
4
3
2
-1
-3
-4
-3
-1
0
1
3
3
2
1
0
-2
-2
-1
-1
-1
0
1
2
2
1
0
-1
-1
0
-1
-1
-1
-1
1
2
4
3
2
1
-2
-4
-6
-5
-3
0
2
3
2
1
0
-1
-2
-3
-3
-3
-3
0
2
4
5
3
1
-2
-3
-3
-2
0
1
2
2
2
1
2
2
2
0
1
1
1
0
-1
-1
-1
-2
-1
-1
1
2
2
0
-2
-2
-3
-1
1
3
3
4
1
-1
-1
-2
-2
-1
0
-1
-1
-1
0
1
2
0
-1
-2
-2
-2
1
1
2
2
1
0
-1
-1
0
1
-1
0
-1
-1
0
1
3
4
5
5
3
2
-1
-2
-5
-5
-4
-2
-2
0
2
1
2
-1
0
0
-2
-3
-1
1
2
4
4
3
1
-1
-1
-2
-3
-2
-1
0
2
2
1
0
-1
-1
0
0
1
1
0
0
-1
-1
-2
-1
0
1
1
-1
1
-1
-1
-1
0
1
0
1
1
-1
-1
-1
0
-1
0
0
-1
-4
-3
-3
-2
-1
0
2
2
3
2
0
0
-2
-1
1
2
2
1
1
0
0
1
0
1
1
1
0
0
-2
-3
-5
-4
-2
-1
1
4
3
3
1
1
-1
-1
-1
1
3
2
3
1
-1
0
-2
-1
-2
2
2
2
0
-2
-1
-3
-3
-1
0
1
2
1
-1
0
-1
-1
-1
1
0
0
0
-1
-1
-1
1
0
1
2
2
1
-1
-2
0
-1
1
1
1
2
1
0
-1
-1
-1
0
0
0
-1
-1
0
-2
-1
0
0
0
0
0
-2
-1
-3
-2
-1
2
1
4
3
0
-1
-1
-2
-2
-1
0
3
2
3
1
-1
-1
-4
-4
-2
0
1
3
3
5
3
3
2
-2
-2
-4
-3
0
1
2
1
0
-1
0
-1
0
1
1
2
1
0
0
-2
-2
0
-1
-1
1
0
0
-1
-1
-2
0
0
2
2
2
1
-2
-1
-3
-2
-1
2
2
1
0
-2
0
0
-1
0
0
3
2
0
1
-1
0
0
1
0
1
1
1
1
-1
-2
-2
-4
-2
-1
0
0
1
1
2
0
0
0
-2
-1
1
2
2
3
1
0
-1
1
1
-1
0
0
-1
0
-1
-2
-2
-2
-2
0
1
3
2
2
1
1
1
0
0
-1
0
1
2
1
-1
-1
-1
-3
0
-1
1
2
3
1
0
1
1
1
-1
-1
0
1
-1
0
0
0
0
-1
1
1
2
2
2
0
0
0
-1
-1
-1
-1
-1
-1
-1
0
-1
0
1
0
0
-1
-2
-1
0
0
0
1
1
2
1
1
0
-1
-1
-2
-2
-1
1
-2
0
-2
-1
-1
-2
-1
0
1
1
0
2
-1
0
0
0
1
0
1
2
2
2
3
3
3
4
3
3
2
2
2
3
3
2
3
2
3
3
2
2
1
1
0
0
1
1
1
2
2
1
1
1
1
1
1
1
-1
1
2
0
1
0
1
0
-1
-2
-2
-2
-2
-2
-3
-3
-3
-3
-4
-6
-5
-5
-6
-5
