SAMPLES:	21157
BITSPERSAMPLE:	16
CHANNELS:	1
SAMPLERATE:	16000
NORMALIZED:	FALSE
-1
1
0
0
0
1
0
0
0
-1
0
1
0
-1
0
-1
1
0
1
1
1
1
0
0
0
-1
-1
-1
-1
1
0
1
1
1
1
1
0
0
1
-1
0
0
-1
0
1
2
1
-1
-1
-1
0
1
0
1
1
0
-1
0
1
1
1
0
0
-1
0
0
0
-1
0
0
0
0
0
1
-1
0
1
0
-1
0
1
0
-1
-1
-1
-1
-1
-1
0
-1
0
1
0
0
0
0
1
0
1
-1
1
2
1
0
1
0
-1
0
-1
-2
1
0
0
0
1
1
-1
-1
-1
0
2
0
0
1
0
0
0
0
0
-1
0
0
0
2
1
-1
1
1
0
1
0
0
0
1
1
1
0
1
0
0
0
0
0
-1
-1
0
-2
0
0
-1
-1
0
1
2
1
1
1
1
1
-1
0
0
-1
0
0
0
0
-1
-1
-2
-1
1
1
1
1
1
1
0
-1
1
0
0
0
0
-1
-1
0
0
2
2
1
1
-1
0
0
2
1
0
0
0
-1
-1
-1
0
1
0
-1
0
-1
-1
1
-1
-1
0
-1
1
0
0
1
0
1
1
0
0
-1
-1
0
1
0
0
0
-1
0
1
0
1
-2
-1
-1
-1
0
0
0
-1
-1
-1
0
1
0
1
0
0
0
0
1
0
0
-1
1
1
1
0
-1
-1
-3
-2
-1
0
1
1
1
0
-1
0
-2
0
1
0
1
0
1
1
-1
0
0
-1
2
1
0
0
1
0
-1
0
-1
-1
2
1
0
0
-1
0
0
1
0
1
1
0
0
1
-1
-1
0
-1
1
0
1
0
1
0
-1
-1
-1
0
-1
-1
0
-1
0
0
1
0
0
-2
-1
0
0
1
0
0
0
-1
-1
1
0
0
-1
0
0
1
1
0
1
-1
0
0
-1
0
0
1
1
1
1
1
1
0
0
0
-1
0
-1
0
0
0
-1
-1
0
1
0
2
0
1
1
2
1
0
0
0
0
0
1
0
-1
-2
0
-1
-1
-1
-1
1
-1
0
0
-1
-1
-1
1
0
0
0
0
-1
-1
0
-1
0
0
1
1
0
1
1
2
2
1
1
-1
0
0
0
0
-2
0
-1
0
1
0
-1
0
0
-1
-1
0
-1
0
0
0
0
0
2
0
0
0
0
0
0
1
0
-2
-1
1
0
2
2
1
1
1
0
0
-1
0
0
-1
1
1
1
0
-1
-1
0
0
0
-1
1
0
0
1
1
-1
-1
0
1
0
-1
-2
-1
0
0
0
1
1
-1
-2
1
0
0
2
0
1
0
0
0
-1
0
1
1
1
0
1
0
1
1
0
0
-2
0
-1
-1
0
0
-1
0
0
-1
0
0
1
1
0
0
1
-1
-1
-1
-1
0
-1
0
0
-1
0
0
0
-1
0
-1
-1
-1
-1
0
-1
-1
1
0
0
1
0
0
1
0
1
0
0
0
1
0
1
0
0
0
0
0
0
0
0
0
0
0
1
1
-1
-1
0
-2
1
1
1
2
0
0
1
-1
-1
-2
0
0
0
-1
-1
1
-1
-1
-1
0
1
0
1
1
1
0
0
0
-1
0
0
2
2
1
0
0
-1
0
-1
-1
1
0
-1
-1
1
-1
-1
0
-1
0
0
0
1
1
0
2
0
0
-2
-1
0
-2
0
0
-1
0
-1
0
1
2
0
1
1
0
1
-1
-1
0
0
-1
0
0
-1
0
1
0
0
1
2
-1
1
1
0
0
0
1
1
0
2
0
0
0
2
0
-2
-1
-1
0
0
-1
-1
0
0
-1
0
0
0
0
0
-2
0
0
1
0
1
2
1
1
1
0
0
0
1
0
2
1
0
2
0
1
-1
-1
-1
-1
-1
-1
0
0
-2
0
0
-1
-1
-1
0
1
2
0
0
1
1
1
1
0
-1
-1
0
1
0
0
0
0
0
1
0
-1
0
0
-1
0
-1
-1
0
-1
2
-1
-2
-1
0
0
0
2
2
1
0
0
1
0
0
0
0
0
-1
0
1
1
0
1
0
0
0
0
1
1
1
0
1
0
0
1
0
0
-1
-2
-1
-1
0
0
-2
-1
-1
-1
1
0
1
1
1
-1
0
-2
-2
1
0
0
0
-1
1
0
0
1
1
0
0
-1
0
-1
-1
0
0
-1
1
1
0
0
0
-1
-1
0
1
0
0
0
0
0
-1
-1
0
1
0
0
0
0
0
-1
0
-1
1
1
1
0
-1
-1
-2
0
0
0
0
-1
-1
1
1
0
0
0
0
1
1
1
1
0
-1
-1
-1
-1
-1
-2
-2
-1
0
0
2
1
1
0
1
0
1
-1
0
0
-1
1
1
0
0
1
1
0
1
1
1
-1
-2
-2
-1
1
1
2
2
1
0
1
0
0
0
0
0
0
-1
0
1
1
1
2
2
0
0
0
-1
-1
0
0
-1
0
0
1
0
0
0
-1
0
0
-2
0
0
0
1
0
0
0
0
0
0
0
0
0
-1
0
1
1
0
0
1
1
0
-1
0
1
0
-2
0
-1
0
-1
-2
-1
0
1
0
0
-1
-1
-1
0
1
1
-1
1
2
0
0
-1
1
1
1
0
2
1
0
0
-1
0
-2
-1
-1
-1
-1
1
1
0
0
1
1
2
1
2
1
0
2
0
1
1
1
1
-1
1
0
-1
0
0
-1
-1
-2
-1
-1
0
-1
-1
-1
-1
0
1
1
1
0
-1
-2
-1
-2
-2
-1
-2
-2
-1
-1
-1
-1
0
1
1
2
1
1
3
0
2
1
1
2
2
2
0
1
1
1
0
1
0
0
1
0
-1
1
0
0
-1
0
0
0
0
-1
-2
-2
0
-1
-1
-2
-2
-2
-1
-2
-1
-2
0
0
-2
-2
-1
0
-1
-1
0
0
0
1
3
2
2
0
1
1
1
0
0
0
1
1
1
2
1
0
1
1
1
0
1
0
-1
0
-1
0
0
-1
0
-1
-1
0
1
0
-1
0
0
1
2
1
0
1
1
1
0
1
1
2
2
1
2
2
1
-1
-1
-1
0
1
1
2
3
2
0
0
-1
-1
0
-1
0
-1
-1
-1
-2
-1
-2
-1
-2
-2
-1
-2
-2
-2
-1
0
-1
-2
-1
-1
0
-2
-1
-1
-2
-1
-1
-2
-2
-3
-3
-1
1
1
2
2
1
1
2
1
1
1
1
0
0
0
1
0
0
-1
-3
-2
-2
-2
-2
-1
0
-1
1
1
2
3
5
6
6
4
6
6
6
7
6
6
4
3
2
0
-1
-2
-4
-6
-7
-6
-8
-8
-8
-7
-8
-9
-7
-6
-6
-5
-4
-1
2
2
3
6
7
8
8
7
8
8
6
7
5
4
3
3
2
1
-1
-2
-2
-3
-3
-2
-2
-4
-3
-3
-3
-4
-4
-4
-5
-4
-2
-1
-4
-2
0
0
1
2
2
3
2
3
3
2
1
2
1
1
2
-1
0
-1
-1
-1
0
0
0
0
-1
-1
-1
0
-1
0
0
1
1
2
2
1
1
1
0
-1
0
-2
-1
-1
-2
-2
-3
1
-1
-2
-1
-1
-2
-1
0
-2
-1
0
0
3
1
1
1
1
-1
-1
-1
-1
0
0
-1
-1
0
0
0
-1
1
1
0
2
1
2
1
0
1
0
1
2
0
1
0
-1
-2
-1
-2
-2
-1
-2
-1
-1
1
-1
-1
-1
0
1
1
0
1
0
0
-1
0
1
-1
0
2
1
-1
-2
-1
-3
-1
-2
-2
-2
-1
1
1
1
1
1
2
1
1
2
0
-1
1
0
0
0
-1
0
1
2
2
1
0
1
-1
-1
0
1
-1
-1
-2
0
-1
0
-1
-1
0
-2
-1
0
-1
1
2
1
2
0
1
1
1
0
0
1
-1
-1
0
-1
-2
-1
-2
-1
0
2
0
0
-1
-1
0
0
1
2
1
2
1
2
2
2
3
3
1
1
-1
-1
-1
0
0
-1
-1
-2
-2
-1
0
0
1
-1
0
0
1
0
0
1
0
-1
-2
-1
-2
-2
-1
0
1
1
2
3
2
1
1
1
1
-1
-2
-2
0
0
0
0
-1
0
-1
0
0
0
1
1
1
2
1
2
2
1
2
1
2
1
1
1
1
2
-1
0
-1
-1
-1
-2
-1
1
0
-1
0
-1
0
-1
-2
-2
0
0
0
1
1
-1
-2
-1
-1
-1
-1
-1
0
0
0
0
0
-1
-1
-2
-1
-2
0
-2
0
0
-1
0
-1
-1
-2
-1
0
0
1
1
1
1
1
1
1
0
1
0
0
1
0
0
1
1
0
1
2
1
2
1
0
-1
0
-1
-1
0
0
1
0
-1
-1
-2
0
-1
0
-1
-2
-1
0
0
1
1
1
2
0
0
0
0
0
0
0
-2
0
-2
-2
0
-1
1
0
0
1
1
2
2
1
1
1
2
-1
0
-2
-2
-1
-1
0
1
0
0
0
-1
-2
-2
-2
-2
-1
-1
-1
1
1
1
-1
-1
0
0
1
-1
1
0
1
1
1
1
2
2
3
3
0
1
2
-1
-1
0
0
0
0
1
2
1
0
-1
-1
-2
-1
-2
-2
-2
-1
-1
-1
0
1
0
0
0
0
-1
0
-1
0
2
2
1
0
-1
0
0
1
1
2
1
2
2
1
0
-1
0
0
-1
-1
-2
-1
0
-1
0
0
0
1
1
2
0
1
1
-1
0
-1
-1
0
0
-1
-1
-1
0
-1
0
-1
1
1
0
0
0
1
0
0
-1
0
0
1
2
1
0
-1
-1
-1
-2
-2
-3
-3
-3
2
4
1
2
3
4
1
3
6
2
1
-1
-1
-2
-3
-3
-3
-1
-1
-4
-1
1
-1
-1
0
3
1
-1
1
-1
-2
-1
-2
-1
-1
0
1
2
3
2
2
2
1
1
1
-2
-3
-4
-3
-3
-3
-2
0
0
2
2
3
2
3
2
2
0
0
0
0
0
0
-1
0
1
0
2
2
2
1
1
2
1
-2
-2
-2
-2
-2
-3
-3
-3
-3
-2
-1
-1
-2
-1
-1
0
2
3
3
2
2
-1
-2
-1
-2
-2
-1
-2
-2
-1
0
2
3
1
1
1
-1
-3
-3
-4
-3
-4
-7
-7
-8
-9
-10
-11
-12
-12
-10
-11
-8
-4
1
6
14
22
30
37
46
51
52
53
54
50
46
40
32
23
16
9
3
-2
-8
-14
-18
-19
-26
-35
-41
-51
-60
-66
-71
-75
-75
-71
-65
-54
-39
-25
-8
11
29
44
56
66
72
73
73
71
67
63
57
52
45
39
34
29
21
13
2
-10
-18
-30
-45
-57
-63
-73
-82
-83
-77
-74
-72
-61
-53
-42
-31
-23
-20
-15
-9
-9
0
10
12
15
33
49
56
67
79
80
78
78
70
53
39
19
-5
-15
-23
-39
-46
-38
-32
-34
-19
-6
-10
-12
-4
-8
-17
-19
-26
-36
-38
-36
-44
-40
-32
-34
-31
-16
-8
-11
0
11
9
13
21
19
12
9
0
-17
-29
-45
-68
-84
-91
-98
-102
-92
-80
-64
-32
1
27
64
98
119
137
159
167
162
165
171
158
147
140
130
124
116
104
90
83
71
53
46
45
23
9
17
16
4
0
7
0
-7
-5
-10
-24
-31
-42
-50
-54
-58
-73
-87
-86
-93
-112
-119
-138
-169
-193
-212
-237
-275
-301
-320
-345
-348
-334
-323
-304
-266
-216
-165
-108
-52
-14
21
55
67
74
75
59
31
18
16
13
20
42
67
103
146
191
230
261
281
291
306
307
302
301
295
291
295
302
305
304
300
282
252
221
174
117
59
-4
-54
-95
-134
-164
-171
-173
-188
-180
-167
-182
-191
-195
-208
-217
-216
-214
-200
-142
-73
-23
92
230
311
398
513
600
607
632
656
604
536
475
372
284
204
80
-36
-103
-179
-321
-392
-414
-537
-657
-678
-718
-817
-861
-843
-850
-838
-751
-682
-597
-451
-339
-233
-66
78
121
185
304
328
268
271
263
164
98
83
40
-40
-80
-91
-109
-82
-68
-80
-52
-15
-3
23
71
88
54
82
149
159
184
227
271
307
350
429
496
556
631
685
761
816
829
849
846
822
766
710
661
591
500
419
320
235
130
15
-90
-234
-412
-586
-731
-917
-1137
-1345
-1506
-1684
-1819
-1914
-1998
-2070
-2101
-2085
-2044
-1983
-1926
-1833
-1698
-1523
-1342
-1091
-886
-672
-339
70
424
730
1148
1531
1787
2117
2507
2717
2824
2918
3063
3074
3037
2956
2773
2616
2388
2081
1822
1584
1212
802
527
317
-69
-377
-567
-789
-1007
-1136
-1148
-1196
-1194
-1128
-1008
-811
-601
-411
-156
96
299
449
659
801
783
747
687
565
327
78
-196
-517
-891
-1256
-1591
-1874
-2209
-2524
-2734
-2900
-3049
-3198
-3185
-3212
-3237
-3149
-2965
-2800
-2605
-2354
-2044
-1760
-1342
-739
-284
263
794
1462
2017
2551
3111
3522
3791
3973
4101
4168
4100
3823
3554
3245
2966
2528
2153
1797
1383
992
702
457
121
-199
-456
-662
-840
-967
-1091
-1153
-1164
-1016
-836
-589
-373
-103
255
576
833
1011
1135
1096
955
740
485
47
-452
-992
-1491
-1965
-2494
-2936
-3339
-3662
-3942
-4111
-4191
-4218
-4227
-4058
-3976
-3754
-3269
-2786
-2200
-1634
-753
21
798
1752
2654
3361
3980
4531
5011
5292
5357
5332
5063
4808
4331
3827
3331
2684
1973
1398
940
446
-111
-532
-842
-1203
-1439
-1598
-1710
-1793
-1807
-1652
-1342
-1036
-730
-397
164
719
1110
1471
1774
1935
1849
1706
1473
1016
382
-240
-869
-1509
-2176
-2824
-3347
-3779
-4113
-4391
-4511
-4580
-4623
-4550
-4298
-4199
-4026
-3478
-2895
-2314
-1729
-791
67
831
1839
2835
3596
4165
4708
5201
5472
5508
5380
5032
4712
4193
3563
3009
2340
1564
902
488
65
-489
-907
-1157
-1438
-1633
-1781
-1869
-1862
-1842
-1651
-1294
-918
-551
-143
471
1050
1461
1827
2092
2196
2074
1847
1534
1016
372
-304
-922
-1509
-2179
-2765
-3200
-3543
-3839
-4067
-4162
-4226
-4249
-4199
-4088
-4099
-3835
-3336
-2796
-2249
-1547
-591
194
1127
2237
3177
3813
4458
5008
5401
5562
5524
5285
4870
4517
3900
3325
2759
1995
1317
830
455
-30
-520
-794
-1135
-1416
-1655
-1892
-2002
-2138
-2139
-1946
-1637
-1264
-922
-414
239
777
1227
1598
1865
1888
1722
1534
1152
561
-131
-743
-1342
-1998
-2633
-3148
-3517
-3832
-4076
-4195
-4189
-4237
-4268
-4134
-4146
-3909
-3429
-2866
-2325
-1647
-631
168
1105
2309
3309
3983
4714
5333
5774
5949
5984
5789
5342
5021
4382
3721
3143
2367
1643
1076
648
183
-377
-659
-1010
-1314
-1539
-1824
-1972
-2132
-2158
-2012
-1736
-1348
-1001
-572
104
673
1103
1504
1778
1841
1664
1480
1094
476
-228
-875
-1547
-2226
-2933
-3539
-3925
-4301
-4544
-4710
-4689
-4777
-4817
-4651
-4621
-4287
-3772
-3164
-2586
-1760
-692
142
1137
2418
3431
4123
4926
5565
6043
6198
6299
6144
5747
5418
4757
4055
3453
2657
1873
1282
748
196
-419
-709
-1099
-1449
-1629
-1864
-2002
-2120
-2065
-1846
-1532
-1125
-738
-288
415
933
1337
1751
1970
2001
1806
1611
1172
519
-158
-851
-1572
-2286
-3019
-3602
-4052
-4459
-4705
-4905
-4942
-5116
-5109
-5043
-4945
-4499
-3997
-3408
-2772
-1756
-766
112
1254
2512
3405
4143
4971
5582
5999
6150
6262
6076
5764
5376
4719
4064
3437
2626
1911
1384
769
149
-373
-696
-1170
-1537
-1709
-1901
-2045
-2120
-1995
-1703
-1359
-977
-564
-10
674
1095
1504
1919
2066
1965
1778
1537
1001
319
-360
-1057
-1800
-2517
-3155
-3639
-4123
-4482
-4740
-4899
-5028
-5206
-5157
-5195
-4896
-4431
-3881
-3274
-2477
-1367
-451
621
1928
3060
3863
4692
5446
5987
6235
6404
6312
6004
5653
5084
4386
3685
2941
2074
1433
871
192
-454
-849
-1278
-1769
-2061
-2250
-2412
-2526
-2466
-2249
-1862
-1444
-1002
-446
291
957
1419
1936
2385
2443
2274
2141
1723
1078
340
-390
-1124
-1929
-2631
-3218
-3687
-4156
-4526
-4806
-4932
-5173
-5285
-5309
-5303
-4867
-4416
-3768
-3104
-2066
-941
58
1390
2804
3852
4729
5656
6378
6828
6990
7121
6771
6412
5909
5172
4383
3578
2674
1759
1084
406
-350
-1016
-1419
-1988
-2432
-2740
-2988
-3179
-3258
-3143
-2884
-2454
-1987
-1428
-689
162
798
1411
2030
2458
2468
2365
2217
1668
993
224
-512
-1282
-2098
-2816
-3391
-3869
-4348
-4749
-4973
-5094
-5370
-5407
-5495
-5360
-4880
-4366
-3694
-2910
-1678
-611
563
2089
3497
4481
5480
6480
7183
7548
7750
7769
7322
6980
6328
5543
4705
3821
2805
1924
1197
421
-420
-1084
-1594
-2250
-2685
-3072
-3376
-3611
-3669
-3560
-3278
-2854
-2314
-1637
-776
56
677
1365
1940
2249
2233
2172
1957
1374
679
-17
-706
-1475
-2268
-2979
-3527
-4064
-4572
-4957
-5160
-5372
-5625
-5656
-5781
-5511
-5053
-4478
-3833
-2898
-1686
-684
692
2224
3512
4479
5607
6585
7241
7587
7885
7772
7438
7112
6413
5719
4901
4037
3047
2309
1589
785
-49
-621
-1254
-1904
-2351
-2770
-3121
-3390
-3417
-3329
-3046
-2646
-2048
-1334
-469
242
884
1512
1959
2117
2074
1998
1668
1048
340
-260
-975
-1740
-2496
-3122
-3664
-4238
-4679
-5054
-5286
-5626
-5776
-5954
-6010
-5640
-5232
-4630
-3947
-2817
-1768
-641
853
2338
3478
4536
5703
6573
7149
7488
7744
7521
7314
6828
6170
5497
4697
3794
2934
2280
1534
724
17
-500
-1228
-1738
-2225
-2623
-2982
-3202
-3204
-3072
-2746
-2373
-1759
-974
-192
434
1163
1729
2057
2116
2095
1924
1447
811
115
-512
-1297
-2070
-2814
-3347
-3919
-4452
-4840
-5165
-5449
-5810
-5852
-6144
-5991
-5616
-5143
-4535
-3660
-2416
-1422
-64
1459
2907
3937
5141
6220
6980
7439
7762
7814
7570
7283
6650
6010
5243
4413
3437
2740
1964
1173
357
-244
-914
-1591
-2009
-2536
-2914
-3233
-3345
-3319
-3038
-2672
-2253
-1603
-715
-40
631
1396
1913
2134
2159
2115
1786
1232
581
-106
-823
-1631
-2433
-3114
-3636
-4202
-4668
-5021
-5277
-5603
-5821
-5862
-6097
-5789
-5397
-4851
-4223
-3159
-1942
-879
593
2136
3456
4462
5724
6671
7327
7710
7969
7850
7596
7199
6513
5834
5031
4119
3167
2533
1650
838
50
-546
-1297
-1886
-2290
-2782
-3120
-3380
-3415
-3293
-2914
-2537
-2081
-1372
-494
128
812
1557
2003
2135
2146
2034
1610
984
301
-415
-1208
-2053
-2850
-3481
-4022
-4583
-4981
-5287
-5492
-5776
-5839
-5906
-6028
-5600
-5189
-4586
-3933
-2749
-1659
-523
1013
2553
3713
4754
6010
6841
7475
7802
8034
7810
7629
7153
6466
5808
5009
4037
3151
2543
1636
832
87
-509
-1289
-1841
-2275
-2742
-3091
-3315
-3348
-3169
-2784
-2436
-1950
-1199
-362
248
946
1673
2062
2147
2181
2036
1564
880
162
-584
-1419
-2276
-3063
-3700
-4237
-4836
-5204
-5487
-5727
-6004
-6041
-6140
-6276
-5794
-5354
-4709
-4053
-2800
-1707
-554
1046
2598
3750
4824
6061
6881
7555
7888
8115
7883
7793
7317
6634
6021
5240
4252
3360
2760
1877
1052
296
-316
-1127
-1697
-2214
-2742
-3134
-3367
-3467
-3320
-2945
-2627
-2134
-1344
-489
139
881
1615
2035
2157
2230
2108
1636
964
222
-532
-1344
-2179
-3007
-3649
-4150
-4786
-5167
-5464
-5742
-6084
-6152
-6322
-6483
-5984
-5539
-4888
-4235
-2911
-1813
-686
937
2514
3676
4751
5991
6838
7540
7892
8140
7942
7899
7467
6806
6235
5475
4484
3555
2939
2047
1152
338
-298
-1126
-1760
-2311
-2882
-3273
-3528
-3633
-3482
-3101
-2768
-2241
-1399
-545
112
871
1648
2096
2262
2340
2244
1796
1130
407
-347
-1122
-1986
-2840
-3487
-3999
-4660
-5109
-5413
-5727
-6095
-6219
-6413
-6470
-6003
-5546
-4911
-4184
-2865
-1810
-655
977
2519
3654
4752
5998
6846
7494
7854
8094
7905
7810
7377
6722
6125
5314
4304
3367
2692
1737
793
-15
-678
-1514
-2142
-2638
-3185
-3527
-3713
-3699
-3485
-3069
-2627
-1992
-1097
-270
412
1220
1986
2373
2524
2577
2450
1959
1288
617
-129
-929
-1815
-2666
-3278
-3901
-4589
-5093
-5460
-5848
-6261
-6415
-6653
-6524
-6139
-5640
-5032
-4111
-2832
-1847
-451
1200
2668
3735
4996
6195
6979
7535
7948
8123
7965
7842
7312
6748
6066
5202
4168
3362
2556
1490
533
-245
-1032
-1920
-2481
-3089
-3582
-3914
-3975
-3895
-3591
-3119
-2602
-1823
-880
-96
626
1496
2126
2460
2562
2622
2354
1800
1166
509
-231
-1033
-1913
-2636
-3220
-3929
-4524
-5046
-5426
-5930
-6220
-6510
-6648
-6354
-6014
-5468
-4797
-3527
-2496
-1306
351
1962
3206
4357
5746
6680
7356
7788
8181
8121
8054
7686
7108
6550
5719
4774
3825
3084
2047
995
108
-661
-1605
-2301
-2974
-3571
-3979
-4195
-4191
-4012
-3573
-3132
-2493
-1586
-665
17
863
1624
2138
2374
2491
2415
1958
1375
689
-22
-770
-1615
-2415
-3031
-3645
-4253
-4753
-5147
-5555
-5891
-6130
-6430
-6226
-5920
-5477
-4920
-3864
-2621
-1694
-157
1494
2896
3964
5347
6474
7207
7667
8076
8211
8047
7880
7232
6760
5986
5083
4092
3310
2416
1343
409
-335
-1184
-2020
-2626
-3311
-3725
-4055
-4128
-4021
-3663
-3251
-2723
-1943
-1013
-280
452
1302
1868
2231
2396
2440
2132
1553
896
142
-600
-1438
-2296
-3002
-3615
-4247
-4765
-5146
-5473
-5815
-5998
-6283
-6253
-5889
-5515
-4995
-4228
-2915
-1943
-728
925
2459
3585
4797
6156
7046
7561
7924
8241
8084
7923
7394
6813
6149
5230
4240
3374
2574
1602
618
-147
-853
-1753
-2367
-3007
-3465
-3816
-3997
-3925
-3635
-3257
-2763
-2073
-1200
-358
323
1217
1863
2262
2492
2564
2444
1920
1277
573
-210
-1039
-1955
-2750
-3382
-4104
-4708
-5134
-5462
-5868
-6159
-6376
-6564
-6257
-5897
-5365
-4799
-3672
-2518
-1475
92
1690
3060
4160
5624
6784
7517
7942
8326
8367
8216
7889
7224
6606
5706
4714
3738
2942
2013
984
65
-634
-1528
-2244
-2890
-3464
-3813
-4114
-4138
-3949
-3578
-3144
-2508
-1667
-696
29
908
1692
2153
2474
2548
2557
2193
1578
957
169
-629
-1515
-2415
-3037
-3752
-4434
-4924
-5264
-5664
-6058
-6265
-6533
-6312
-5937
-5422
-4910
-3976
-2778
-1834
-350
1275
2757
3867
5316
6647
7532
8074
8471
8655
8510
8289
7582
6948
6080
5035
3959
3133
2194
1086
91
-634
-1454
-2273
-2876
-3527
-3914
-4267
-4384
-4292
-3955
-3557
-2983
-2150
-1134
-347
463
1376
1939
2337
2447
2500
2248
1643
1060
304
-500
-1344
-2265
-2932
-3551
-4257
-4774
-5118
-5455
-5869
-6073
-6318
-6207
-5820
-5391
-4874
-4108
-2893
-2006
-698
980
2510
3663
5013
6461
7393
8023
8452
8763
8609
8411
7814
7127
6368
5340
4237
3344
2470
1374
349
-417
-1137
-2017
-2639
-3285
-3760
-4153
-4372
-4389
-4142
-3772
-3281
-2527
-1567
-673
60
1030
1745
2236
2423
2497
2354
1781
1171
462
-337
-1177
-2091
-2844
-3382
-4040
-4606
-4998
-5286
-5691
-5954
-6192
-6164
-5832
-5537
-5053
-4377
-3187
-2295
-1149
530
2090
3315
4551
6042
6999
7635
8119
8511
8416
8195
7764
7148
6485
5558
4544
3639
2860
1843
869
68
-614
-1520
-2202
-2834
-3376
-3822
-4143
-4225
-4098
-3776
-3422
-2759
-1909
-982
-256
699
1506
2038
2345
2449
2389
1906
1322
665
-69
-868
-1733
-2508
-3036
-3622
-4225
-4698
-5022
-5477
-5829
-6183
-6269
-6015
-5843
-5470
-4908
-3708
-2806
-1738
-76
1500
2767
3997
5541
6588
7275
7823
8289
8293
8170
7804
7275
6701
5864
4885
4014
3323
2302
1341
511
-166
-1144
-1894
-2564
-3195
-3704
-4093
-4244
-4196
-3894
-3639
-3054
-2231
-1293
-586
386
1251
1802
2181
2391
2393
1967
1468
857
160
-621
-1438
-2243
-2818
-3414
-4026
-4528
-4849
-5322
-5729
-6079
-6301
-6048
-5877
-5527
-5137
-4010
-2979
-2005
-378
1248
2561
3743
5355
6575
7337
7906
8436
8485
8384
8060
7454
6841
6014
5022
4067
3412
2421
1423
554
-85
-1006
-1821
-2484
-3144
-3662
-4083
-4259
-4278
-3969
-3727
-3198
-2385
-1429
-726
185
1111
1687
2070
2301
2378
1965
1464
864
177
-629
-1459
-2294
-2915
-3541
-4175
-4637
-4937
-5305
-5734
-5985
-6255
-6017
-5770
-5407
-5051
-4133
-2956
-2084
-579
1071
2434
3539
5044
6447
7265
7842
8395
8567
8427
8179
7566
6937
6125
5169
4164
3453
2593
1554
676
-2
-788
-1655
-2294
-2955
-3450
-3915
-4115
-4182
-3938
-3672
-3240
-2449
-1523
-764
31
1022
1640
2047
2235
2367
2029
1507
901
230
-545
-1416
-2262
-2916
-3484
-4193
-4642
-4987
-5249
-5680
-5898
-6147
-5963
-5678
-5340
-4891
-4127
-2898
-2102
-732
864
2237
3272
4601
6024
6879
7423
7958
8276
8133
7968
7407
6916
6157
5279
4302
3563
2795
1733
890
158
-567
-1496
-2099
-2761
-3238
-3730
-3973
-4055
-3904
-3629
-3286
-2550
-1676
-871
-150
871
1521
1971
2169
2320
2098
1631
1083
434
-253
-1106
-1921
-2609
-3122
-3842
-4359
-4777
-5082
-5515
-5815
-6130
-5970
-5729
-5461
-5011
-4257
-3062
-2353
-1025
532
1853
2838
4160
5549
6434
6992
7565
7999
7958
7897
7393
7053
6377
5524
4553
3874
3095
1956
1083
358
-401
-1416
-2040
-2696
-3184
-3723
-3997
-4091
-3949
-3742
-3434
-2716
-1868
-1088
-386
700
1348
1802
2053
2282
2148
1703
1224
625
-28
-905
-1700
-2376
-2905
-3649
-4210
-4595
-4970
-5433
-5761
-6093
-6009
-5739
-5483
-5077
-4375
-3202
-2458
-1197
417
1734
2730
4075
5555
6487
7104
7703
8168
8170
8126
7674
7242
6601
5689
4679
3953
3171
1984
1040
305
-429
-1423
-2098
-2720
-3242
-3745
-4068
-4164
-4021
-3830
-3585
-2898
-2050
-1282
-609
468
1175
1611
1903
2170
2154
1715
1250
677
60
-830
-1644
-2340
-2830
-3571
-4196
-4548
-4906
-5384
-5751
-6002
-6109
-5793
-5555
-5171
-4644
-3493
-2565
-1503
124
1553
2642
3844
5461
6526
7228
7811
8329
8379
8297
7980
7429
6853
5963
4986
4132
3396
2260
1228
394
-294
-1204
-1986
-2598
-3223
-3677
-4112
-4245
-4180
-3963
-3768
-3202
-2388
-1558
-887
36
880
1359
1714
1959
2083
1739
1283
766
183
-640
-1425
-2178
-2646
-3279
-3947
-4365
-4694
-5109
-5549
-5742
-6010
-5740
-5546
-5171
-4792
-3778
-2663
-1795
-305
1231
2447
3460
5052
6261
7034
7587
8155
8303
8195
8013
7457
6986
6207
5317
4397
3725
2714
1637
758
76
-748
-1646
-2232
-2956
-3452
-3966
-4202
-4240
-4040
-3854
-3443
-2690
-1847
-1158
-420
568
1122
1545
1790
1975
1791
1379
953
393
-304
-1054
-1804
-2343
-2851
-3613
-4130
-4491
-4867
-5418
-5700
-6053
-6044
-5813
-5516
-5134
-4456
-3204
-2419
-1178
488
1872
2849
4246
5732
6606
7236
7848
8255
8171
8152
7731
7260
6671
5863
4948
4137
3314
2217
1295
507
-244
-1261
-1942
-2657
-3298
-3813
-4183
-4296
-4190
-3950
-3683
-3005
-2197
-1439
-803
252
991
1444
1787
1975
1958
1606
1264
700
90
-640
-1382
-2055
-2522
-3327
-3999
-4387
-4746
-5300
-5763
-6056
-6264
-5961
-5736
-5252
-4771
-3593
-2658
-1674
66
1583
2679
3807
5442
6514
7194
7753
8347
8375
8302
8068
7499
7025
6196
5297
4314
3518
2464
1447
552
-225
-1230
-2083
-2715
-3431
-3938
-4378
-4495
-4458
-4208
-3988
-3398
-2587
-1765
-1124
-138
818
1300
1736
1952
2063
1758
1414
914
299
-401
-1136
-1858
-2383
-3079
-3827
-4257
-4600
-5095
-5596
-5867
-6141
-5862
-5655
-5227
-4744
-3718
-2631
-1770
-142
1485
2671
3698
5223
6460
7225
7723
8295
8468
8329
8170
7613
7185
6424
5475
4511
3730
2703
1600
665
-156
-1155
-2148
-2766
-3503
-4064
-4582
-4735
-4701
-4476
-4257
-3740
-2875
-2004
-1306
-443
650
1182
1665
1950
2122
1901
1447
1005
389
-280
-1073
-1804
-2394
-2998
-3763
-4275
-4599
-5061
-5548
-5770
-6062
-5952
-5677
-5346
-4870
-4003
-2785
-1942
-558
1167
2476
3518
4922
6308
7171
7703
8220
8522
8400
8272
7822
7340
6736
5819
4871
4136
3252
2085
1118
306
-582
-1662
-2402
-3133
-3785
-4343
-4697
-4694
-4520
-4300
-3953
-3161
-2255
-1468
-743
343
1057
1501
1911
2092
2062
1598
1159
606
14
-757
-1562
-2182
-2715
-3456
-4135
-4511
-4946
-5482
-5793
-6089
-6317
-6071
-5784
-5389
-4822
-3657
-2671
-1650
93
1632
2782
4054
5590
6708
7365
7896
8384
8436
8322
8099
7585
7076
6283
5354
4534
3838
2741
1657
836
42
-962
-1889
-2598
-3412
-3957
-4424
-4616
-4509
-4285
-4058
-3519
-2621
-1754
-1048
-120
902
1371
1815
2111
2234
1966
1514
1048
487
-186
-1058
-1790
-2303
-2925
-3772
-4285
-4686
-5208
-5693
-5915
-6337
-6405
-6045
-5679
-5260
-4545
-3299
-2404
-1008
805
2214
3400
4825
6272
7186
7790
8321
8678
8552
8441
8043
7454
6774
5837
4885
4080
3251
2039
1066
281
-584
-1630
-2411
-3179
-3939
-4337
-4686
-4752
-4602
-4337
-4013
-3299
-2351
-1553
-813
260
1127
1532
1940
2180
2177
1851
1428
887
288
-459
-1337
-1999
-2486
-3214
-3995
-4427
-4824
-5354
-5734
-5970
-6398
-6252
-5846
-5437
-5018
-4078
-2815
-1818
-219
1523
2891
4081
5544
6857
7673
8216
8717
8878
8680
8511
7962
7317
6514
5571
4602
3779
2819
1638
705
-144
-1086
-2130
-2857
-3681
-4298
-4642
-4916
-4922
-4717
-4362
-3918
-3091
-2158
-1386
-593
494
1240
1663
2038
2166
2123
1781
1298
684
73
-712
-1592
-2246
-2804
-3562
-4265
-4660
-5070
-5593
-5920
-6206
-6507
-6197
-5793
-5375
-4829
-3665
-2428
-1325
346
2031
3333
4536
5972
7197
7915
8415
8838
8864
8685
8425
7823
7181
6398
5436
4491
3658
2660
1574
621
-255
-1235
-2236
-2980
-3737
-4274
-4645
-4885
-4812
-4540
-4180
-3643
-2777
-1863
-1126
-272
791
1481
1907
2217
2295
2220
1799
1209
592
-76
-948
-1832
-2503
-3114
-3898
-4540
-4903
-5325
-5861
-6166
-6483
-6704
-6333
-5954
-5519
-4887
-3623
-2432
-1301
487
2155
3397
4649
6113
7283
7920
8424
8772
8726
8560
8264
7602
6972
6200
5178
4248
3455
2472
1396
496
-351
-1328
-2283
-2978
-3676
-4201
-4572
-4764
-4635
-4314
-3971
-3396
-2447
-1514
-757
121
1211
1902
2278
2558
2641
2489
1963
1275
614
-153
-1121
-2009
-2720
-3361
-4171
-4784
-5082
-5472
-5991
-6284
-6497
-6787
-6460
-6006
-5503
-4924
-3719
-2396
-1241
554
2308
3632
4893
6385
7573
8230
8697
8994
8921
8717
8387
7632
6888
6100
5040
4007
3173
2181
1041
117
-715
-1668
-2600
-3300
-3957
-4477
-4807
-4980
-4877
-4492
-4102
-3517
-2524
-1494
-641
250
1365
2153
2544
2801
2909
2764
2229
1503
790
-4
-971
-1891
-2665
-3341
-4123
-4762
-5086
-5456
-5924
-6248
-6390
-6741
-6558
-6041
-5496
-4967
-3945
-2479
-1297
338
2194
3674
4932
6371
7648
8425
8877
9167
9191
8965
8620
7890
7048
6240
5202
4091
3143
2120
930
-92
-1021
-1947
-2865
-3639
-4331
-4880
-5160
-5358
-5303
-4893
-4421
-3845
-2863
-1731
-727
222
1316
2224
2743
3053
3168
3095
2659
1969
1219
452
-476
-1483
-2355
-3080
-3852
-4592
-5036
-5464
-5894
-6257
-6435
-6787
-6748
-6239
-5733
-5173
-4332
-2886
-1645
-192
1731
3384
4668
6029
7415
8373
8891
9220
9378
9159
8817
8239
7374
6529
5531
4410
3372
2389
1210
51
-961
-1861
-2745
-3590
-4301
-4924
-5261
-5471
-5447
-5070
-4568
-4007
-3102
-1884
-728
269
1319
2349
2975
3314
3464
3441
3075
2367
1579
803
-169
-1285
-2277
-3064
-3844
-4683
-5256
-5685
-6101
-6481
-6676
-6906
-7073
-6650
-6124
-5486
-4749
-3488
-2061
-715
1124
3002
4440
5749
7168
8352
9042
9409
9614
9458
9089
8592
7728
6757
5803
4661
3506
2544
1458
202
-890
-1770
-2586
-3463
-4182
-4821
-5259
-5474
-5541
-5239
-4722
-4174
-3394
-2212
-886
192
1194
2301
3120
3473
3642
3646
3388
2735
1827
993
74
-1077
-2185
-3054
-3785
-4643
-5376
-5766
-6135
-6525
-6805
-6852
-7065
-6993
-6385
-5685
-4891
-3940
-2447
-962
605
2533
4249
5635
6953
8262
9206
9656
9881
9815
9451
8935
8148
7072
6016
4949
3714
2573
1550
324
-845
-1802
-2608
-3416
-4168
-4757
-5269
-5474
-5531
-5427
-4971
-4364
-3661
-2681
-1394
-128
893
1928
2946
3516
3720
3771
3586
3133
2350
1396
505
-496
-1607
-2631
-3461
-4202
-5030
-5626
-6001
-6343
-6672
-6885
-6939
-7106
-6745
-6007
-5202
-4340
-3170
-1553
-85
1615
3507
5086
6369
7656
8861
9531
9796
9898
9635
9127
8446
7498
6362
5286
4177
2935
1812
726
-468
-1515
-2413
-3190
-3942
-4581
-5088
-5401
-5429
-5386
-5163
-4587
-3853
-3041
-1957
-665
544
1536
2546
3438
3840
3919
3815
3503
2960
2085
1096
149
-861
-1965
-2993
-3791
-4548
-5349
-5910
-6241
-6467
-6775
-6991
-7032
-7043
-6502
-5756
-4861
-3904
-2581
-943
550
2335
4142
5598
6820
8114
9142
9575
9745
9702
9252
8598
7824
6782
5582
4498
3375
2133
1052
-22
-1162
-2155
-2955
-3613
-4270
-4795
-5117
-5231
-5122
-4945
-4551
-3823
-3032
-2131
-963
331
1441
2339
3267
4019
4268
4188
3959
3547
2844
1846
794
-246
-1364
-2554
-3498
-4312
-5131
-5886
-6335
-6543
-6697
-6933
-7023
-6946
-6899
-6270
-5460
-4432
-3453
-2110
-415
1091
2810
4520
5956
7115
8272
9145
9518
9587
9385
8838
8122
7303
6184
4959
3891
2766
1529
475
-564
-1649
-2561
-3267
-3805
-4379
-4787
-4971
-4988
-4783
-4511
-4031
-3291
-2459
-1512
-367
840
1826
2621
3437
4102
4293
4159
3842
3372
2634
1588
495
-563
-1699
-2843
-3713
-4551
-5311
-6007
-6393
-6544
-6655
-6779
-6753
-6620
-6545
-5852
-4994
-3944
-3022
-1666
-2
1402
3023
4668
6026
7019
8051
8869
9202
9198
8970
8437
7723
6914
5816
4630
3579
2439
1194
165
-817
-1833
-2668
-3315
-3769
-4254
-4562
-4670
-4625
-4378
-4084
-3600
-2866
-2016
-1148
-113
981
1862
2584
3337
3958
4116
3958
3610
3154
2404
1343
280
-750
-1862
-2936
-3786
-4582
-5278
-5966
-6324
-6447
-6538
-6616
-6523
-6361
-6235
-5531
-4666
-3673
-2802
-1443
124
1461
3019
4596
5816
6697
7689
8449
8756
8736
8528
8050
7376
6584
5546
4412
3389
2245
1052
91
-818
-1761
-2499
-3042
-3429
-3825
-4093
-4153
-4057
-3836
-3595
-3107
-2411
-1659
-921
37
1039
1840
2530
3248
3807
3890
3720
3353
2879
2097
1034
0
-1019
-2127
-3165
-4002
-4735
-5422
-6092
-6383
-6488
-6551
-6612
-6440
-6264
-6045
-5298
-4430
-3476
-2572
-1159
331
1665
3200
4700
5801
6659
7601
8261
8474
8395
8139
7622
6917
6080
5024
3889
2905
1779
663
-224
-1055
-1899
-2486
-2859
-3130
-3413
-3602
-3566
-3405
-3174
-2956
-2440
-1790
-1140
-453
472
1411
2120
2761
3441
3902
3846
3611
3218
2704
1848
744
-284
-1310
-2445
-3504
-4301
-5000
-5708
-6301
-6493
-6541
-6567
-6604
-6340
-6183
-5892
-5098
-4240
-3299
-2378
-934
492
1824
3351
4770
5800
6677
7566
8140
8268
8148
7797
7212
6511
5646
4550
3477
2570
1458
407
-411
-1195
-1964
-2462
-2751
-2969
-3228
-3377
-3326
-3171
-2960
-2784
-2272
-1642
-1035
-333
586
1480
2118
2781
3485
3890
3770
3539
3208
2684
1781
697
-273
-1291
-2441
-3472
-4223
-4929
-5637
-6141
-6272
-6288
-6301
-6313
-6030
-5949
-5675
-4898
-4070
-3203
-2348
-934
442
1735
3227
4610
5611
6510
7392
7963
8086
7949
7542
6951
6285
5394
4284
3291
2407
1285
307
-469
-1213
-1924
-2370
-2624
-2836
-3091
-3201
-3175
-3050
-2872
-2714
-2207
-1611
-1030
-326
566
1387
2019
2722
3417
3786
3680
3464
3139
2583
1657
616
-326
-1333
-2468
-3433
-4160
-4859
-5519
-5940
-6013
-5989
-5953
-5937
-5679
-5630
-5356
-4615
-3833
-3060
-2273
-917
389
1610
3029
4379
5335
6227
7108
7697
7828
7682
7292
6751
6103
5205
4125
3188
2316
1246
339
-398
-1076
-1740
-2158
-2400
-2591
-2843
-2958
-2973
-2877
-2722
-2549
-2066
-1515
-969
-308
542
1303
1961
2634
3276
3634
3545
3291
2935
2373
1450
426
-545
-1537
-2643
-3560
-4290
-4964
-5578
-5984
-6044
-5991
-5896
-5886
-5619
-5516
-5198
-4445
-3667
-2875
-2066
-705
556
1740
3123
4426
5318
6168
7024
7543
7623
7457
7071
6513
5847
4944
3896
2993
2142
1169
326
-359
-987
-1598
-1977
-2206
-2371
-2592
-2709
-2728
-2601
-2438
-2234
-1758
-1199
-684
-76
742
1462
2086
2691
3283
3604
3471
3182
2813
2239
1330
313
-680
-1672
-2738
-3635
-4333
-4989
-5586
-5997
-6086
-6078
-5996
-6005
-5765
-5647
-5419
-4683
-3891
-3071
-2265
-924
376
1526
2894
4217
5136
5953
6805
7338
7430
7295
6958
6424
5829
5036
4086
3262
2496
1612
810
152
-498
-1119
-1543
-1826
-2074
-2349
-2537
-2630
-2541
-2434
-2298
-1890
-1343
-855
-274
529
1258
1895
2507
3118
3482
3406
3177
2866
2327
1478
487
-472
-1433
-2462
-3383
-4068
-4722
-5339
-5775
-5949
-6024
-6045
-6068
-5921
-5787
-5709
-5094
-4274
-3454
-2701
-1516
-149
981
2267
3638
4687
5471
6306
6958
7188
7112
6878
6453
5964
5324
4525
3765
3066
2271
1466
793
141
-489
-999
-1352
-1677
-1998
-2262
-2448
-2454
-2419
-2391
-2140
-1682
-1234
-683
63
806
1484
2125
2740
3176
3259
3128
2867
2380
1665
750
-171
-1054
-2002
-2956
-3652
-4281
-4906
-5365
-5634
-5765
-5863
-5888
-5839
-5684
-5665
-5282
-4517
-3726
-3047
-2165
-853
302
1424
2767
3974
4782
5561
6352
6838
6880
6753
6494
6105
5580
4934
4205
3508
2819
1981
1232
606
19
-556
-974
-1312
-1619
-1914
-2142
-2240
-2246
-2262
-2172
-1811
-1381
-867
-223
516
1235
1894
2465
2943
3197
3158
2888
2424
1836
1008
34
-858
-1709
-2708
-3533
-4164
-4778
-5287
-5633
-5799
-5870
-5888
-5892
-5731
-5598
-5438
-4843
-4039
-3286
-2608
-1520
-223
841
2064
3377
4356
5102
5910
6608
6848
6778
6613
6284
5808
5274
4612
3838
3198
2446
1590
942
411
-156
-663
-992
-1262
-1565
-1838
-2011
-2079
-2096
-2102
-1873
-1468
-1046
-522
134
850
1506
2054
2540
2920
3048
2878
2476
2017
1381
471
-475
-1281
-2180
-3141
-3886
-4496
-5040
-5461
-5724
-5854
-5863
-5882
-5864
-5682
-5593
-5312
-4618
-3818
-3114
-2340
-1103
106
1212
2527
3765
4647
5459
6310
6874
7009
6945
6742
6373
5939
5406
4667
3903
3252
2393
1599
1008
413
-221
-685
-1007
-1342
-1717
-2005
-2200
-2265
-2289
-2255
-1942
-1550
-1144
-597
112
824
1382
1913
2437
2774
2824
2581
2240
1794
1082
188
-670
-1504
-2461
-3370
-4062
-4644
-5152
-5518
-5754
-5844
-5831
-5878
-5804
-5641
-5546
-5067
-4326
-3571
-2908
-1955
-670
464
1646
3020
4125
4948
5839
6643
7061
7116
7044
6784
6441
5981
5349
4534
3840
3085
2220
1541
921
214
-395
-800
-1157
-1563
-1945
-2203
-2376
-2389
-2441
-2320
-1966
-1601
-1174
-551
202
838
1376
1979
2488
2713
2628
2382
2060
1523
758
-123
-981
-1883
-2859
-3672
-4281
-4857
-5320
-5618
-5791
-5828
-5816
-5818
-5642
-5534
-5287
-4648
-3908
-3225
-2517
-1381
-119
979
2263
3597
4539
5371
6267
6948
7186
7195
7053
6744
6343
5758
4974
4189
3504
2675
1896
1249
553
-136
-653
-1037
-1390
-1752
-2056
-2259
-2325
-2322
-2340
-2091
-1703
-1288
-766
-64
651
1254
1827
2368
2729
2751
2534
2214
1783
1095
200
-744
-1608
-2590
-3529
-4219
-4783
-5340
-5724
-5963
-6056
-5999
-5961
-5844
-5623
-5458
-4993
-4240
-3492
-2827
-1966
-668
523
1659
2986
4183
4999
5869
6702
7170
7250
7203
6971
6612
6107
5419
4599
3846
3147
2308
1572
878
232
-380
-817
-1177
-1452
-1795
-2044
-2164
-2181
-2209
-2122
-1786
-1397
-943
-357
344
952
1553
2083
2547
2735
2650
2366
2010
1469
638
-323
-1214
-2116
-3138
-3982
-4623
-5204
-5743
-6089
-6296
-6294
-6217
-6180
-5982
-5746
-5484
-4836
-4014
-3285
-2558
-1422
-112
1018
2267
3638
4683
5521
6480
7201
7454
7491
7406
7129
6699
6098
5342
4444
3701
2895
2017
1242
575
-58
-596
-1010
-1318
-1620
-1959
-2113
-2175
-2205
-2200
-1991
-1624
-1218
-755
-94
540
1113
1680
2205
2575
2633
2470
2164
1756
1082
174
-747
-1577
-2547
-3519
-4288
-4893
-5488
-5986
-6263
-6369
-6327
-6293
-6207
-5940
-5713
-5315
-4507
-3674
-2940
-2042
-747
474
1629
2976
4269
5191
6072
6967
7453
7557
7549
7396
7048
6551
5890
5031
4153
3420
2515
1635
921
293
-338
-858
-1213
-1483
-1841
-2110
-2188
-2232
-2257
-2190
-1899
-1485
-1098
-594
97
689
1211
1711
2182
2440
2387
2142
1803
1326
575
-354
-1168
-2011
-2999
-3889
-4586
-5163
-5728
-6123
-6295
-6313
-6264
-6221
-6013
-5728
-5413
-4710
-3827
-2996
-2192
-1073
214
1352
2616
3934
4971
5783
6636
7277
7482
7483
7379
7076
6644
6069
5300
4390
3614
2784
1852
1065
383
-273
-891
-1286
-1540
-1835
-2121
-2241
-2222
-2182
-2112
-1866
-1415
-965
-549
57
709
1214
1632
2052
2388
2397
2140
1765
1325
690
-235
-1102
-1911
-2867
-3798
-4575
-5180
-5714
-6158
-6408
-6427
-6348
-6275
-6060
-5728
-5395
-4676
-3773
-2881
-2052
-1014
268
1395
2594
3882
4906
5671
6478
7147
7418
7412
7327
7037
6645
6103
5397
4521
3706
2892
1962
1118
333
-401
-1087
-1531
-1820
-2120
-2389
-2498
-2450
-2331
-2215
-1935
-1446
-952
-524
42
700
1251
1690
2122
2495
2541
2321
1968
1538
952
79
-819
-1621
-2557
-3509
-4329
-4986
-5576
-6055
-6369
-6451
-6392
-6327
-6128
-5799
-5526
-4864
-3930
-3043
-2185
-1188
113
1261
2394
3681
4758
5531
6319
7042
7396
7405
7326
7079
6712
6201
5516
4681
3860
3080
2148
1276
456
-322
-1062
-1588
-1910
-2242
-2548
-2670
-2621
-2502
-2381
-2126
-1638
-1134
-693
-148
513
1124
1620
2084
2494
2612
2425
2111
1720
1158
339
-577
-1400
-2275
-3207
-4054
-4737
-5341
-5834
-6164
-6283
-6241
-6181
-6046
-5759
-5515
-5052
-4170
-3289
-2452
-1532
-286
938
2028
3273
4466
5319
6088
6879
7373
7451
7355
7177
6823
6329
5674
4889
4066
3328
2455
1585
803
49
-691
-1285
-1647
-1972
-2310
-2535
-2566
-2523
-2455
-2311
-1923
-1465
-1035
-526
123
799
1365
1866
2314
2557
2451
2159
1790
1255
473
-446
-1341
-2209
-3116
-4002
-4715
-5297
-5757
-6099
-6254
-6203
-6105
-5995
-5768
-5477
-5199
-4499
-3574
-2721
-1889
-751
561
1714
2894
4173
5193
5946
6763
7399
7637
7495
7311
6958
6455
5816
5050
4186
3406
2602
1747
985
281
-392
-1002
-1363
-1642
-1908
-2196
-2314
-2324
-2282
-2214
-1935
-1513
-1094
-604
-10
695
1304
1833
2260
2585
2564
2275
1851
1327
575
-364
-1322
-2241
-3156
-4081
-4824
-5401
-5819
-6158
-6356
-6328
-6176
-6037
-5851
-5549
-5320
-4799
-3872
-2959
-2155
-1124
201
1432
2613
3908
5061
5831
6636
7361
7772
7696
7492
7174
6718
6136
5394
4525
3652
2844
1972
1178
440
-223
-866
-1276
-1571
-1834
-2143
-2348
-2402
-2415
-2386
-2191
-1779
-1369
-876
-302
393
1040
1623
2080
2457
2570
2360
1963
1474
847
-63
-1023
-1950
-2843
-3777
-4551
-5164
-5628
-5978
-6230
-6278
-6174
-5995
-5850
-5588
-5380
-4928
-4074
-3161
-2362
-1396
-126
1104
2301
3609
4834
5615
6406
7182
7710
7723
7559
7303
6912
6370
5663
4843
3952
3113
2215
1400
633
-38
-715
-1172
-1494
-1800
-2144
-2379
-2462
-2518
-2526
-2390
-2001
-1600
-1143
-588
66
669
1250
1740
2139
2329
2213
1891
1463
940
130
-795
-1658
-2482
-3383
-4164
-4776
-5282
-5663
-5915
-6011
-5976
-5805
-5644
-5408
-5193
-4798
-4029
-3148
-2377
-1519
-373
818
1955
3204
4456
5280
6015
6807
7433
7559
7429
7223
6889
6390
5707
4928
4102
3299
2410
1572
810
151
-516
-1033
-1347
-1654
-2037
-2327
-2423
-2459
-2469
-2393
-2083
-1664
-1248
-753
-136
437
960
1442
1882
2155
2136
1876
1518
1038
350
-509
-1344
-2115
-2960
-3783
-4444
-4969
-5427
-5740
-5918
-5935
-5835
-5681
-5490
-5253
-4958
-4332
-3465
-2632
-1848
-871
335
1479
2612
3848
4885
5596
6353
7108
7487
7410
7256
6989
6567
5962
5245
4439
3656
2845
1969
1158
441
-200
-840
-1248
-1527
-1850
-2224
-2386
-2407
-2373
-2300
-2103
-1742
-1321
-873
-345
245
762
1235
1662
2045
2202
2077
1772
1370
799
63
-756
-1557
-2354
-3187
-3977
-4598
-5097
-5521
-5841
-5993
-5962
-5855
-5708
-5520
-5303
-4946
-4197
-3326
-2493
-1682
-590
635
1764
2897
4101
5031
5706
6500
7206
7442
7319
7233
6964
6509
5906
5232
4393
3603
2788
1907
1060
342
-322
-962
-1361
-1662
-2012
-2349
-2406
-2406
-2369
-2268
-1993
-1640
-1233
-767
-227
330
816
1276
1677
2002
2078
1931
1602
1186
592
-153
-974
-1776
-2572
-3411
-4171
-4735
-5176
-5581
-5851
-5927
-5850
-5728
-5544
-5331
-5119
-4675
-3867
-3028
-2244
-1386
-239
971
2057
3194
4335
5144
5794
6570
7141
7237
7130
7036
6706
6215
5635
4928
4074
3329
2553
1672
871
241
-371
-950
-1300
-1571
-1925
-2196
-2193
-2200
-2206
-2103
-1806
-1472
-1081
-620
-102
401
850
1261
1590
1817
1814
1611
1249
834
208
-569
-1364
-2112
-2873
-3662
-4317
-4766
-5132
-5468
-5640
-5638
-5522
-5391
-5192
-4957
-4717
-4207
-3411
-2640
-1912
-1055
85
1217
2237
3363
4428
5138
5800
6508
6942
6970
6877
6710
6338
5872
5280
4528
3732
3076
2308
1462
767
222
-349
-836
-1106
-1377
-1760
-2004
-2042
-2128
-2169
-2090
-1822
-1515
-1121
-656
-123
390
873
1296
1622
1837
1812
1586
1213
781
88
-726
-1490
-2217
-2986
-3731
-4311
-4692
-5033
-5311
-5456
-5408
-5268
-5163
-5021
-4791
-4573
-4102
-3347
-2621
-1922
-1117
30
1138
2177
3336
4419
5162
5890
6558
6966
6974
6829
6601
6196
5707
5039
4261
3505
2902
2145
1364
719
218
-318
-744
-973
-1276
-1670
-1943
-2054
-2199
-2256
-2222
-1990
-1688
-1266
-745
-160
414
991
1493
1868
2122
2098
1847
1440
969
214
-656
-1446
-2225
-3062
-3823
-4392
-4789
-5124
-5378
-5514
-5438
-5283
-5182
-5072
-4853
-4683
-4257
-3513
-2796
-2119
-1327
-148
1014
2119
3338
4499
5326
6124
6821
7279
7255
7069
6808
6344
5777
5039
4224
3431
2815
2066
1289
631
157
-359
-783
-1026
-1308
-1666
-1941
-2059
-2189
-2251
-2234
-2001
-1672
-1226
-679
-79
500
1101
1597
1966
2194
2142
1850
1412
914
138
-732
-1546
-2346
-3224
-3985
-4546
-4960
-5282
-5510
-5599
-5520
-5352
-5212
-5058
-4841
-4667
-4236
-3485
-2770
-2098
-1296
-122
1049
2156
3372
4524
5355
6141
6841
7302
7244
7046
6776
6303
5725
4998
4219
3424
2809
2088
1343
707
264
-214
-635
-915
-1159
-1464
-1725
-1815
-1923
-1997
-2007
-1820
-1521
-1107
-622
-123
367
888
1303
1605
1787
1718
1431
1008
531
-186
-959
-1729
-2464
-3262
-3952
-4463
-4842
-5114
-5280
-5320
-5250
-5060
-4892
-4722
-4525
-4340
-3939
-3240
-2561
-1911
-1169
-107
992
2033
3150
4227
5008
5729
6412
6872
6834
6667
6443
6037
5548
4906
4222
3469
2880
2210
1527
917
469
29
-376
-657
-902
-1203
-1474
-1564
-1697
-1790
-1843
-1739
-1499
-1106
-682
-273
173
649
1063
1350
1542
1504
1242
844
406
-276
-1028
-1783
-2490
-3212
-3876
-4379
-4733
-4984
-5114
-5148
-5077
-4857
-4677
-4546
-4360
-4203
-3883
-3235
-2572
-1929
-1250
-247
840
1866
2936
4039
4830
5541
6244
6773
6813
6670
6489
6106
5671
5042
4356
3595
2999
2323
1638
992
531
81
-348
-596
-828
-1163
-1488
-1587
-1738
-1859
-1933
-1844
-1640
-1263
-850
-425
43
536
1006
1350
1592
1605
1374
962
546
-106
-905
-1702
-2432
-3154
-3847
-4396
-4767
-5031
-5187
-5244
-5178
-4940
-4745
-4628
-4447
-4299
-4082
-3464
-2772
-2110
-1466
-452
717
1770
2843
4018
4907
5624
6338
6918
7059
6904
6745
6335
5895
5264
4525
3723
3101
2458
1745
1059
605
194
-283
-541
-713
-1018
-1396
-1540
-1658
-1804
-1902
-1843
-1655
-1358
-1008
-628
-187
290
742
1076
1344
1407
1234
848
458
-74
-834
-1619
-2316
-2992
-3679
-4225
-4615
-4863
-5049
-5104
-5070
-4844
-4629
-4499
-4361
-4188
-4048
-3536
-2858
-2218
-1633
-740
444
1450
2465
3581
4564
5258
5958
6548
6822
6685
6598
6282
5881
5363
4687
3950
3312
2794
2126
1462
987
660
173
-149
-320
-566
-953
-1200
-1317
-1513
-1667
-1728
-1621
-1454
-1217
-967
-651
-245
153
416
666
810
741
496
174
-204
-817
-1502
-2128
-2713
-3347
-3861
-4258
-4509
-4718
-4799
-4787
-4628
-4393
-4241
-4141
-3990
-3863
-3450
-2849
-2269
-1743
-983
89
1046
2012
3069
4067
4774
5491
6137
6537
6447
6407
6220
5897
5470
4886
4212
3559
3072
2443
1785
1272
930
421
36
-204
-445
-840
-1146
-1289
-1493
-1678
-1789
-1723
-1580
-1344
-1090
-797
-403
31
309
595
799
798
629
345
-27
-607
-1271
-1927
-2523
-3173
-3693
-4122
-4403
-4664
-4808
-4804
-4699
-4467
-4317
-4236
-4125
-3984
-3564
-2989
-2444
-1903
-1116
-71
912
1923
3039
4029
4785
5576
6306
6739
6646
6591
6417
6084
5616
4995
4279
3590
3017
2351
1641
1095
689
142
-251
-521
-793
-1212
-1496
-1630
-1837
-1998
-2060
-1954
-1758
-1450
-1086
-694
-227
316
691
1061
1303
1307
1118
817
374
-310
-1047
-1759
-2416
-3145
-3692
-4135
-4431
-4722
-4911
-4893
-4804
-4587
-4454
-4368
-4260
-4106
-3678
-3086
-2524
-1953
-1101
-4
1038
2056
3210
4187
4968
5769
6516
6922
6803
6719
6506
6136
5603
4937
4177
3495
2890
2222
1479
926
505
-52
-429
-693
-981
-1422
-1697
-1826
-2055
-2218
-2237
-2134
-1928
-1615
-1233
-807
-321
282
693
1076
1335
1328
1138
837
405
-297
-1047
-1706
-2330
-3055
-3582
-3978
-4248
-4478
-4662
-4640
-4571
-4384
-4270
-4184
-4072
-3949
-3577
-3016
-2418
-1868
-1044
54
1108
2046
3181
4153
4927
5666
6384
6810
6712
6634
6399
6043
5520
4892
4149
3495
2933
2322
1575
1029
668
142
-263
-526
-790
-1246
-1580
-1753
-1988
-2200
-2243
-2201
-2049
-1792
-1485
-1105
-668
-82
305
652
943
965
820
541
190
-399
-1087
-1681
-2267
-2935
-3442
-3827
-4097
-4270
-4457
-4475
-4436
-4273
-4182
-4122
-4028
-3947
-3598
-3073
-2457
-1952
-1155
-36
1034
1971
3135
4182
4993
5737
6485
6960
6891
6821
6582
6241
5726
5108
4366
3678
3107
2500
1730
1165
811
290
-172
-464
-762
-1269
-1660
-1877
-2105
-2365
-2419
-2389
-2266
-2009
-1686
-1290
-858
-276
150
536
865
958
855
592
264
-269
-943
-1578
-2207
-2877
-3416
-3844
-4157
-4378
-4587
-4641
-4610
-4466
-4388
-4337
-4276
-4177
-3763
-3205
-2598
-2084
-1224
-38
1072
2126
3373
4488
5347
6155
6966
7423
7355
7268
7020
6644
6079
5378
4572
3803
3145
2444
1634
1039
606
40
-451
-753
-1139
-1699
-2074
-2303
-2546
-2803
-2817
-2731
-2572
-2245
-1830
-1371
-850
-239
250
714
1076
1199
1088
837
483
-99
-798
-1466
-2112
-2784
-3335
-3757
-4091
-4366
-4570
-4640
-4595
-4485
-4428
-4383
-4348
-4199
-3742
-3166
-2572
-2012
-1100
80
1180
2311
3566
4642
5478
6290
7074
7444
7365
7280
7037
6640
6048
5326
4508
3723
3030
2295
1522
943
462
-119
-584
-893
-1328
-1893
-2225
-2463
-2737
-2972
-2962
-2839
-2649
-2282
-1843
-1378
-823
-221
270
745
1101
1196
1066
838
482
-116
-788
-1399
-1985
-2613
-3121
-3466
-3801
-4083
-4262
-4343
-4300
-4256
-4235
-4211
-4200
-4066
-3649
-3111
-2542
-1980
-1090
14
1063
2186
3396
4429
5227
6019
6750
7086
7042
7005
6805
6459
5908
5253
4482
3735
3099
2390
1651
1073
584
-13
-478
-835
-1278
-1843
-2186
-2451
-2749
-2983
-3003
-2893
-2687
-2323
-1918
-1468
-911
-299
190
653
999
1121
1021
828
512
-49
-684
-1246
-1791
-2405
-2914
-3275
-3634
-3921
-4117
-4224
-4212
-4232
-4236
-4262
-4295
-4140
-3703
-3189
-2632
-2019
-1049
29
1080
2262
3476
4458
5239
6085
6806
7080
7042
7016
6810
6482
5917
5290
4533
3839
3216
2442
1692
1100
527
-145
-636
-1046
-1560
-2132
-2467
-2763
-3067
-3257
-3255
-3128
-2862
-2451
-2014
-1505
-878
-238
263
730
1091
1234
1151
988
666
101
-533
-1096
-1675
-2332
-2904
-3337
-3694
-3996
-4226
-4344
-4345
-4389
-4427
-4492
-4502
-4200
-3687
-3148
-2562
-1789
-695
394
1516
2807
3973
4855
5695
6626
7275
7400
7375
7289
7040
6633
6008
5337
4569
3887
3137
2275
1538
880
138
-555
-1028
-1508
-2140
-2646
-2923
-3240
-3511
-3609
-3542
-3373
-3022
-2534
-2012
-1444
-772
-166
343
816
1134
1202
1119
962
580
-1
-602
-1146
-1769
-2429
-2975
-3373
-3697
-4006
-4204
-4300
-4319
-4392
-4457
-4502
-4437
-4021
-3490
-2911
-2284
-1401
-294
799
1960
3237
4271
5112
6001
6871
7357
7378
7395
7247
6983
6511
5912
5225
4494
3816
3017
2197
1480
753
-42
-657
-1121
-1671
-2340
-2746
-3007
-3332
-3558
-3605
-3528
-3334
-2952
-2451
-1945
-1402
-760
-219
305
707
907
892
809
633
205
-326
-870
-1391
-2017
-2587
-3026
-3352
-3638
-3912
-4039
-4102
-4115
-4212
-4248
-4260
-4147
-3707
-3182
-2591
-2008
-1095
-26
1039
2141
3339
4303
5132
5963
6744
7129
7125
7161
6995
6747
6252
5715
5020
4372
3736
2952
2177
1486
774
19
-557
-1017
-1603
-2287
-2664
-2964
-3303
-3553
-3587
-3468
-3239
-2863
-2382
-1888
-1309
-656
-117
422
781
946
915
839
648
185
-338
-867
-1401
-2045
-2585
-3009
-3359
-3675
-3970
-4088
-4159
-4173
-4312
-4335
-4372
-4226
-3777
-3256
-2678
-2101
-1113
-46
1032
2153
3380
4342
5182
6018
6832
7181
7186
7226
7082
6808
6254
5696
4982
4378
3709
2878
2092
1413
668
-74
-634
-1100
-1754
-2461
-2836
-3193
-3577
-3863
-3835
-3664
-3397
-2998
-2457
-1891
-1215
-513
75
666
1073
1301
1317
1276
1049
554
-6
-520
-1111
-1807
-2368
-2843
-3255
-3654
-4001
-4161
-4264
-4311
-4493
-4558
-4628
-4458
-3996
-3477
-2905
-2280
-1254
-158
963
2160
3416
4372
5274
6175
7010
7322
7361
7404
7242
6915
6324
5720
4989
4356
3630
2759
1948
1223
419
-303
-846
-1343
-2016
-2678
-3034
-3404
-3755
-3987
-3909
-3723
-3418
-2976
-2397
-1800
-1112
-421
153
728
1135
1373
1410
1363
1090
607
55
-430
-1051
-1721
-2233
-2702
-3108
-3516
-3832
-4008
-4108
-4151
-4296
-4396
-4473
-4289
-3820
-3324
-2795
-2166
-1188
-114
966
2144
3327
4230
5137
6028
6797
7065
7125
7161
6986
6673
6110
5515
4807
4180
3447
2609
1827
1093
326
-360
-873
-1380
-2022
-2626
-2927
-3252
-3529
-3701
-3643
-3482
-3192
-2755
-2234
-1683
-1062
-426
89
578
920
1112
1134
1080
810
367
-114
-554
-1144
-1751
-2211
-2633
-3013
-3378
-3640
-3815
-3900
-3937
-4021
-4113
-4173
-4004
-3562
-3087
-2583
-1994
-1091
-68
955
2054
3167
4056
4944
5815
6538
6856
6946
7009
6853
6606
6094
5521
4827
4200
3492
2669
1911
1184
483
-207
-759
-1270
-1909
-2541
-2861
-3171
-3447
-3636
-3650
-3546
-3294
-2872
-2393
-1860
-1243
-579
-32
434
786
985
999
961
758
340
-108
-530
-1097
-1708
-2206
-2612
-3022
-3391
-3658
-3847
-3985
-4049
-4128
-4218
-4277
-4161
-3738
-3253
-2702
-2137
-1238
-205
840
1922
3088
4067
4978
5883
6644
7087
7219
7338
7190
6967
6479
5898
5174
4501
3838
2980
2187
1462
756
40
-595
-1125
-1755
-2446
-2874
-3236
-3567
-3822
-3886
-3839
-3604
-3197
-2719
-2189
-1545
-818
-195
325
759
1044
1098
1055
899
524
62
-386
-949
-1581
-2150
-2586
-3025
-3430
-3752
-3950
-4141
-4231
-4317
-4408
-4475
-4415
-4010
-3520
-2923
-2376
-1505
-457
607
1666
2859
3925
4836
5731
6527
7048
7189
7353
7241
7055
6620
6067
5377
4685
4095
3269
2433
1737
1039
297
-377
-919
-1491
-2199
-2693
-3049
-3382
-3675
-3760
-3721
-3498
-3139
-2710
-2243
-1659
-952
-327
210
675
1031
1132
1088
944
621
175
-289
-819
-1415
-1987
-2439
-2877
-3282
-3636
-3857
-4045
-4152
-4226
-4309
-4374
-4376
-4050
-3598
-3027
-2529
-1808
-827
200
1177
2274
3374
4279
5117
5901
6519
6685
6853
6834
6754
6459
5965
5370
4721
4197
3486
2654
1955
1344
610
-85
-643
-1124
-1804
-2372
-2692
-2950
-3255
-3400
-3367
-3174
-2887
-2558
-2178
-1719
-1089
-517
-2
435
853
1014
1023
919
686
310
-122
-567
-1110
-1616
-2084
-2499
-2938
-3270
-3575
-3770
-3911
-3976
-4081
-4185
-4246
-4080
-3680
-3231
-2747
-2247
-1368
-422
534
1500
2615
3563
4412
5225
5984
6346
6495
6625
6598
6492
6049
5552
4918
4408
3788
3004
2215
1608
938
200
-411
-896
-1480
-2167
-2562
-2837
-3137
-3399
-3416
-3293
-3083
-2796
-2420
-2013
-1445
-844
-311
171
645
959
1041
1046
915
655
260
-106
-599
-1113
-1612
-2045
-2485
-2869
-3185
-3492
-3633
-3731
-3817
-4001
-4108
-4111
-3809
-3438
-2993
-2570
-1884
-925
-27
940
1990
3073
3933
4818
5651
6272
6466
6637
6679
6596
6262
5739
5186
4562
4011
3246
2423
1703
1096
360
-312
-844
-1344
-2013
-2556
-2879
-3197
-3519
-3664
-3564
-3404
-3134
-2734
-2288
-1769
-1112
-518
52
593
1047
1225
1281
1255
1074
712
317
-112
-660
-1230
-1761
-2193
-2634
-2983
-3334
-3548
-3642
-3726
-3884
-4035
-4116
-3998
-3674
-3266
-2821
-2310
-1438
-513
395
1400
2508
3477
4338
5204
5973
6369
6516
6635
6601
6384
5911
5410
4821
4234
3580
2788
2019
1408
758
52
-536
-1012
-1566
-2193
-2617
-2953
-3290
-3592
-3621
-3504
-3312
-3006
-2602
-2158
-1585
-951
-375
222
733
1081
1180
1227
1147
889
488
95
-351
-922
-1482
-1958
-2356
-2750
-3057
-3331
-3433
-3513
-3603
-3730
-3850
-3881
-3720
-3349
-2937
-2488
-1872
-974
-130
784
1811
2846
3718
4542
5365
5970
6251
6356
6431
6316
6023
5553
5088
4509
3941
3294
2567
1937
1357
707
42
-460
-954
-1532
-2131
-2538
-2919
-3277
-3531
-3544
-3458
-3297
-3017
-2650
-2184
-1610
-992
-417
166
633
927
1008
1055
938
648
253
-109
-592
-1143
-1641
-2042
-2421
-2748
-3002
-3199
-3290
-3376
-3449
-3622
-3739
-3791
-3553
-3214
-2821
-2403
-1709
-871
-21
949
1999
2990
3844
4720
5470
6032
6252
6414
6433
6330
5978
5544
5036
4473
3935
3269
2567
1929
1341
653
55
-474
-992
-1642
-2190
-2627
-3018
-3370
-3581
-3595
-3517
-3314
-3005
-2582
-2071
-1402
-765
-144
424
907
1148
1230
1232
1050
694
271
-187
-771
-1325
-1826
-2248
-2666
-2960
-3231
-3431
-3549
-3608
-3769
-3980
-4144
-4103
-3810
-3468
-3096
-2611
-1792
-907
53
1107
2244
3235
4171
5041
5818
6293
6520
6673
6709
6543
6112
5631
5049
4517
3906
3157
2370
1749
1114
455
-154
-677
-1258
-1872
-2351
-2754
-3106
-3430
-3569
-3559
-3390
-3133
-2772
-2337
-1725
-1047
-412
202
782
1199
1351
1409
1332
1086
667
212
-344
-930
-1485
-1974
-2424
-2814
-3097
-3371
-3533
-3616
-3714
-3938
-4148
-4256
-4086
-3765
-3426
-3049
-2441
-1555
-657
320
1402
2500
3415
4297
5143
5838
6190
6391
6549
6531
6268
5801
5292
4721
4213
3532
2742
2036
1480
866
233
-296
-800
-1363
-1910
-2305
-2660
-3010
-3303
-3373
-3297
-3108
-2853
-2515
-2036
-1414
-806
-216
383
903
1190
1291
1319
1186
871
448
19
-503
-1045
-1582
-2019
-2417
-2745
-3016
-3216
-3334
-3425
-3569
-3747
-3895
-3930
-3675
-3360
-2981
-2597
-1902
-1061
-200
710
1735
2670
3439
4249
5018
5615
5816
6014
6073
6014
5699
5249
4744
4251
3761
3078
2365
1781
1265
611
32
-444
-922
-1524
-2020
-2401
-2758
-3137
-3393
-3392
-3278
-3101
-2852
-2496
-1980
-1334
-747
-152
437
927
1168
1290
1318
1183
842
460
87
-397
-921
-1441
-1841
-2204
-2480
-2764
-2938
-3072
-3173
-3344
-3505
-3622
-3667
-3426
-3148
-2727
-2360
-1665
-871
-25
827
1829
2686
3451
4270
5019
5592
5712
5931
5930
5876
5531
5097
4615
4137
3631
2962
2279
1706
1143
438
-145
-653
-1170
-1823
-2314
-2714
-3117
-3465
-3655
-3599
-3446
-3230
-2889
-2464
-1884
-1164
-512
115
706
1198
1465
1585
1589
1403
1049
676
271
-262
-829
-1331
-1748
-2133
-2422
-2747
-2976
-3135
-3286
-3480
-3697
-3817
-3919
-3751
-3438
-3006
-2605
-1973
-1112
-218
648
1686
2637
3488
4325
5069
5671
5810
6010
6014
5921
5625
5195
4744
4225
3718
3093
2394
1811
1245
565
-52
-598
-1132
-1776
-2312
-2729
-3148
-3468
-3639
-3599
-3439
-3214
-2846
-2400
-1831
-1108
-445
175
752
1228
1529
1617
1600
1397
1082
742
328
-183
-747
-1197
-1584
-1964
-2286
-2628
-2919
-3106
-3321
-3508
-3759
-3911
-4029
-3949
-3588
-3191
-2762
-2243
-1385
-456
418
1411
2414
3305
4112
4825
5443
5674
5802
5844
5718
5551
5161
4763
4248
3770
3268
2601
2058
1528
949
321
-257
-807
-1439
-2033
-2508
-2928
-3281
-3507
-3553
-3445
-3222
-2894
-2494
-1975
-1294
-632
-27
537
1010
1323
1409
1393
1233
989
702
332
-99
-586
-974
-1305
-1644
-1966
-2309
-2625
-2857
-3093
-3270
-3533
-3759
-3906
-3896
-3567
-3230
-2844
-2418
-1660
-776
73
978
1968
2861
3661
4402
5068
5415
5551
5678
5627
5578
5276
4947
4494
4072
3624
3000
2444
1903
1360
708
95
-514
-1187
-1853
-2426
-2892
-3323
-3647
-3794
-3759
-3560
-3272
-2910
-2402
-1754
-1058
-406
195
726
1083
1259
1298
1220
1059
822
506
121
-307
-665
-972
-1283
-1604
-1944
-2271
-2539
-2800
-2995
-3290
-3595
-3820
-3892
-3633
-3363
-3014
-2640
-1942
-1103
-257
624
1616
2531
3354
4150
4845
5288
5480
5668
5689
5661
5405
5073
4666
4272
3796
3170
2534
1962
1386
737
139
-470
-1110
-1796
-2366
-2832
-3255
-3583
-3737
-3697
-3484
-3184
-2798
-2283
-1669
-967
-328
293
814
1186
1363
1406
1344
1179
916
572
166
-302
-695
-1052
-1369
-1737
-2064
-2412
-2677
-2957
-3146
-3434
-3722
-3931
-4045
-3777
-3534
-3122
-2775
-2061
-1217
-349
543
1536
2477
3285
4079
4736
5229
5399
5625
5640
5623
5367
5013
4632
4223
3797
3167
2507
1927
1344
716
125
-426
-989
-1651
-2180
-2621
-3019
-3337
-3482
-3424
-3204
-2894
-2487
-2012
-1435
-773
-196
384
874
1240
1397
1429
1379
1200
891
530
101
-369
-806
-1203
-1557
-1949
-2271
-2642
-2915
-3174
-3338
-3607
-3834
-4003
-4029
-3758
-3483
-3067
-2688
-1956
-1152
-282
601
1598
2482
3259
4003
4631
5073
5227
5441
5464
5465
5198
4873
4502
4117
3706
3109
2514
1968
1389
754
158
-369
-923
-1573
-2079
-2511
-2906
-3218
-3356
-3297
-3114
-2821
-2437
-1987
-1445
-844
-318
226
708
1085
1284
1363
1374
1211
958
645
268
-168
-606
-1011
-1411
-1817
-2165
-2558
-2860
-3129
-3331
-3606
-3844
-3999
-4000
-3727
-3425
-3037
-2633
-1919
-1146
-301
553
1536
2388
3166
3889
4524
4970
5181
5412
5469
5510
5277
5000
4625
4266
3811
3232
2645
2108
1516
849
201
-382
-972
-1654
-2180
-2639
-3013
-3327
-3439
-3392
-3212
-2950
-2591
-2155
-1628
-1044
-527
24
509
937
1185
1343
1396
1286
1088
820
488
52
-394
-842
-1279
-1730
-2129
-2560
-2907
-3214
-3472
-3774
-4041
-4198
-4230
-3947
-3591
-3152
-2710
-1984
-1154
-286
574
1554
2433
3224
3979
4638
5129
5357
5609
5660
5693
5487
5205
4808
4387
3913
3307
2674
2087
1458
753
67
-542
-1127
-1808
-2315
-2744
-3068
-3349
-3410
-3310
-3087
-2799
-2442
-2006
-1507
-921
-404
127
586
1011
1262
1422
1473
1369
1149
865
532
77
-404
-896
-1339
-1816
-2229
-2665
-3025
-3322
-3586
-3855
-4124
-4273
-4339
-4088
-3718
-3266
-2817
-2131
-1290
-430
433
1383
2283
3078
3874
4559
5091
5324
5578
5647
5673
5514
5234
4861
4407
3960
3373
2751
2145
1509
797
111
-482
-1042
-1681
-2168
-2569
-2887
-3159
-3229
-3131
-2926
-2651
-2322
-1903
-1451
-887
-374
130
572
964
1207
1341
1395
1291
1057
772
442
14
-462
-925
-1338
-1781
-2159
-2537
-2863
-3126
-3368
-3588
-3841
-4000
-4110
-3943
-3624
-3252
-2843
-2253
-1461
-665
146
1034
1927
2707
3493
4172
4744
5020
5257
5374
5430
5361
5116
4814
4412
4035
3509
2923
2338
1731
1057
372
-225
-776
-1373
-1886
-2317
-2669
-2961
-3112
-3117
-3004
-2781
-2496
-2128
-1714
-1160
-623
-121
333
744
1031
1181
1263
1209
1037
785
469
82
-354
-768
-1168
-1572
-1900
-2238
-2543
-2818
-3049
-3269
-3541
-3735
-3891
-3791
-3572
-3301
-2972
-2452
-1715
-962
-190
679
1593
2385
3176
3875
4514
4848
5101
5266
5371
5370
5168
4918
4554
4199
3693
3104
2509
1925
1283
596
-29
-588
-1199
-1763
-2226
-2602
-2920
-3125
-3194
-3141
-2956
-2669
-2287
-1859
-1277
-686
-142
348
801
1128
1298
1386
1345
1187
936
609
191
-276
-719
-1148
-1574
-1927
-2283
-2600
-2889
-3124
-3335
-3606
-3794
-3944
-3851
-3644
-3386
-3080
-2594
-1863
-1084
-281
583
1548
2379
3208
3910
4590
4966
5209
5369
5441
5445
5214
4939
4541
4154
3635
3035
2418
1855
1246
590
-45
-587
-1187
-1776
-2245
-2629
-2947
-3181
-3244
-3195
-3008
-2718
-2312
-1876
-1293
-685
-118
387
854
1187
1347
1421
1366
1193
933
627
217
-255
-731
-1161
-1594
-1977
-2340
-2664
-2927
-3159
-3350
-3607
-3784
-3930
-3866
-3658
-3381
-3062
-2633
-1947
-1159
-334
496
1475
2335
3206
3922
4607
5032
5288
5473
5526
5559
5329
5031
4621
4228
3748
3178
2571
2033
1449
832
193
-344
-936
-1552
-2050
-2482
-2814
-3091
-3191
-3161
-2972
-2701
-2328
-1930
-1386
-804
-252
237
687
1012
1149
1207
1139
954
691
412
39
-385
-847
-1250
-1664
-2038
-2385
-2713
-2959
-3191
-3380
-3637
-3831
-3995
-3992
-3808
-3522
-3181
-2786
-2170
-1394
-566
254
1222
2108
2991
3759
4470
4964
5262
5509
5628
5728
5583
5319
4958
4581
4148
3610
3014
2464
1869
1239
583
-3
-615
-1298
-1862
-2349
-2746
-3079
-3267
-3294
-3154
-2917
-2577
-2217
-1721
-1138
-584
-70
384
761
962
1071
1087
952
751
524
231
-131
-549
-919
-1309
-1691
-2016
-2358
-2643
-2919
-3153
-3437
-3711
-3931
-4075
-3964
-3734
-3424
-3090
-2589
-1837
-1008
-189
752
1670
2537
3332
4095
4713
5053
5348
5526
5704
5672
5447
5173
4825
4447
3941
3329
2749
2145
1514
860
232
-370
-1086
-1715
-2214
-2639
-2990
-3259
-3338
-3247
-3042
-2706
-2350
-1905
-1316
-732
-200
253
653
928
1062
1141
1054
868
641
380
59
-369
-755
-1139
-1553
-1890
-2222
-2548
-2849
-3110
-3368
-3685
-3911
-4120
-4108
-3886
-3592
-3253
-2860
-2169
-1312
-480
417
1359
2219
3008
3744
4465
4881
5162
5360
5499
5592
5397
5170
4875
4541
4129
3536
2956
2383
1795
1191
537
-46
-713
-1398
-1919
-2367
-2709
-3042
-3219
-3174
-3021
-2720
-2376
-1977
-1432
-855
-325
112
503
834
988
1077
1059
891
666
412
143
-247
-668
-1043
-1438
-1793
-2111
-2453
-2762
-3037
-3272
-3575
-3845
-4046
-4145
-3975
-3682
-3338
-2988
-2422
-1589
-732
114
1057
1952
2754
3466
4201
4768
5045
5249
5357
5482
5405
5174
4909
4607
4269
3768
3163
2607
2038
1447
789
165
-452
-1158
-1765
-2240
-2604
-2953
-3230
-3289
-3164
-2950
-2630
-2265
-1785
-1218
-691
-235
190
592
861
996
1089
1045
846
650
396
87
-326
-723
-1073
-1431
-1756
-2125
-2472
-2749
-3020
-3302
-3634
-3867
-4040
-4047
-3786
-3483
-3171
-2757
-2061
-1215
-420
455
1401
2251
3043
3775
4511
4936
5183
5369
5514
5613
5463
5238
4957
4669
4282
3722
3120
2559
1940
1270
588
-44
-776
-1503
-2112
-2572
-2971
-3343
-3556
-3551
-3393
-3193
-2846
-2463
-1935
-1378
-875
-400
58
488
751
942
1076
1022
862
701
445
110
-307
-651
-961
-1292
-1643
-2057
-2380
-2684
-2963
-3299
-3622
-3842
-4029
-3942
-3662
-3365
-3089
-2583
-1822
-1015
-241
647
1562
2382
3180
3945
4616
4931
5222
5419
5612
5644
5463
5241
4962
4674
4210
3633
3038
2474
1825
1160
518
-153
-940
-1631
-2188
-2618
-3030
-3364
-3494
-3430
-3283
-3076
-2720
-2344
-1795
-1266
-763
-309
130
536
765
953
1024
928
771
595
297
-88
-499
-808
-1116
-1437
-1796
-2193
-2500
-2809
-3046
-3380
-3659
-3877
-4031
-3861
-3578
-3286
-3012
-2412
-1628
-846
-85
814
1679
2460
3241
4002
4586
4850
5185
5365
5567
5531
5356
5138
4870
4576
4061
3485
2926
2385
1747
1112
491
-204
-995
-1628
-2135
-2542
-2953
-3243
-3326
-3259
-3138
-2936
-2621
-2243
-1687
-1201
-703
-257
195
566
781
952
979
885
748
568
249
-135
-534
-847
-1179
-1496
-1867
-2234
-2510
-2785
-2983
-3314
-3566
-3785
-3917
-3737
-3500
-3247
-2975
-2349
-1578
-825
-57
847
1676
2464
3253
4029
4567
4859
5236
5400
5606
5546
5391
5166
4905
4609
4057
3458
2931
2385
1743
1094
459
-256
-1052
-1670
-2169
-2611
-3038
-3324
-3423
-3396
-3317
-3154
-2912
-2536
-2021
-1556
-1037
-569
-87
284
560
777
834
798
710
546
270
-65
-445
-755
-1090
-1398
-1749
-2070
-2283
-2510
-2694
-2993
-3249
-3465
-3620
-3486
-3332
-3133
-2925
-2357
-1630
-921
-153
745
1594
2406
3216
4018
4589
4909
5316
5497
5722
5677
5529
5286
5020
4746
4185
3565
3058
2523
1890
1248
610
-91
-885
-1515
-2041
-2549
-3031
-3341
-3485
-3515
-3475
-3341
-3140
-2766
-2273
-1782
-1242
-760
-253
133
471
735
811
785
716
563
309
-34
-404
-701
-1019
-1338
-1669
-1967
-2165
-2393
-2617
-2890
-3183
-3409
-3624
-3521
-3398
-3219
-3070
-2579
-1879
-1212
-458
415
1302
2110
2923
3732
4392
4741
5173
5406
5658
5658
5508
5278
5002
4753
4222
3616
3103
2593
2005
1414
788
135
-616
-1262
-1817
-2368
-2886
-3241
-3439
-3520
-3508
-3397
-3204
-2835
-2332
-1815
-1259
-762
-214
219
587
880
969
960
915
808
593
246
-102
-380
-657
-970
-1302
-1601
-1849
-2110
-2405
-2704
-3064
-3358
-3670
-3660
-3567
-3448
-3338
-2962
-2305
-1677
-963
-145
760
1571
2387
3206
3978
4434
4879
5215
5511
5623
5512
5369
5143
4929
4469
3895
3375
2850
2269
1679
1024
369
-361
-1060
-1676
-2269
-2821
-3274
-3571
-3720
-3764
-3711
-3532
-3186
-2682
-2155
-1578
-1028
-424
118
561
925
1089
1157
1175
1153
1018
724
395
108
-162
-472
-826
-1157
-1469
-1770
-2115
-2454
-2875
-3259
-3660
-3815
-3796
-3780
-3724
-3501
-2938
-2315
-1629
-856
56
910
1775
2632
3521
4158
4648
5099
5465
5728
5709
5659
5513
5350
4998
4496
3988
3458
2859
2240
1550
858
104
-681
-1378
-2054
-2648
-3221
-3657
-3909
-4022
-4024
-3899
-3606
-3131
-2609
-2037
-1461
-838
-213
318
755
1033
1172
1238
1256
1207
1014
718
429
159
-107
-440
-788
-1127
-1418
-1750
-2087
-2518
-2962
-3438
-3784
-3898
-3978
-4002
-3956
-3579
-2987
-2322
-1590
-703
210
1139
2028
2969
3776
4356
4880
5312
5700
5829
5821
5734
5599
5353
4938
4447
3972
3413
2804
2112
1398
635
-213
-1013
-1776
-2462
-3120
-3694
-4082
-4258
-4334
-4253
-4052
-3604
-3066
-2483
-1874
-1239
-545
67
613
1013
1276
1372
1451
1441
1386
1145
873
612
350
77
-317
-680
-1036
-1354
-1743
-2156
-2680
-3195
-3735
-4028
-4184
-4276
-4310
-4175
-3667
-3040
-2290
-1476
-505
479
1454
2397
3347
4085
4711
5226
5702
6044
6121
6099
5966
5814
5486
5027
4537
4021
3421
2749
1986
1208
303
-602
-1485
-2301
-3041
-3754
-4285
-4632
-4787
-4807
-4688
-4376
-3855
-3257
-2588
-1923
-1181
-450
206
758
1166
1441
1601
1713
1746
1680
1472
1236
973
712
358
-76
-498
-880
-1308
-1821
-2389
-3002
-3600
-4137
-4421
-4608
-4694
-4710
-4423
-3827
-3101
-2306
-1400
-342
725
1749
2724
3680
4402
5086
5615
6134
6427
6491
6465
6350
6211
5823
5307
4759
4185
3508
2750
1873
985
-52
-1040
-1985
-2856
-3633
-4331
-4810
-5108
-5212
-5168
-4970
-4572
-3945
-3269
-2521
-1798
-982
-185
484
1046
1477
1797
1997
2142
2182
2125
1900
1651
1328
979
517
4
-501
-994
-1545
-2205
-2879
-3547
-4172
-4698
-4936
-5126
-5171
-5128
-4713
-4037
-3247
-2381
-1369
-218
913
2021
3083
4080
4789
5481
6005
6516
6729
6762
6733
6593
6423
5951
5360
4742
4078
3360
2492
1557
597
-493
-1534
-2515
-3383
-4169
-4820
-5229
-5415
-5442
-5289
-4997
-4470
-3751
-2996
-2175
-1379
-514
316
1018
1612
2074
2392
2582
2720
2726
2571
2269
1954
1564
1083
497
-109
-733
-1349
-1984
-2698
-3420
-4135
-4791
-5358
-5577
-5737
-5752
-5661
-5203
-4464
-3607
-2667
-1525
-251
978
2216
3419
4588
5349
6057
6588
7098
7301
7273
7198
6976
6736
6186
5492
4793
4025
3219
2278
1265
285
-838
-1915
-2938
-3811
-4585
-5240
-5606
-5711
-5643
-5397
-5005
-4396
-3581
-2738
-1832
-948
-22
862
1594
2225
2714
3044
3191
3277
3217
2968
2557
2114
1635
1048
340
-412
-1156
-1880
-2587
-3348
-4098
-4829
-5485
-6089
-6351
-6441
-6394
-6225
-5764
-4967
-4002
-2995
-1779
-382
975
2293
3568
4891
5828
6593
7173
7693
7969
7929
7787
7499
7180
6591
5778
4964
4107
3203
2190
1087
69
-1046
-2125
-3157
-4038
-4760
-5398
-5777
-5883
-5776
-5495
-5052
-4416
-3561
-2639
-1671
-713
289
1268
2061
2727
3263
3652
3815
3850
3728
3410
2928
2347
1743
1074
295
-574
-1421
-2220
-2974
-3764
-4545
-5281
-5909
-6488
-6879
-6981
-6909
-6668
-6262
-5528
-4490
-3419
-2226
-817
650
2051
3344
4691
5846
6703
7403
7909
8298
8339
8167
7844
7432
6914
6057
5140
4216
3271
2224
1073
1
-1077
-2166
-3169
-4068
-4739
-5325
-5754
-5911
-5846
-5555
-5120
-4468
-3622
-2624
-1609
-589
436
1503
2412
3116
3711
4127
4337
4315
4160
3800
3269
2591
1860
1093
275
-641
-1580
-2433
-3222
-4007
-4794
-5498
-6159
-6653
-7124
-7315
-7252
-7008
-6547
-5932
-4910
-3727
-2515
-1156
372
1880
3268
4544
5837
6813
7552
8090
8428
8611
8399
8061
7532
6986
6259
5233
4229
3248
2221
1087
-65
-1069
-2113
-3120
-4005
-4732
-5196
-5631
-5867
-5837
-5570
-5104
-4499
-3681
-2659
-1581
-531
522
1571
2607
3371
3989
4453
4665
4643
4387
4052
3510
2789
1939
1085
221
-702
-1689
-2634
-3481
-4257
-5044
-5772
-6380
-6964
-7336
-7702
-7660
-7431
-7001
-6336
-5498
-4231
-2930
-1582
-96
1533
3055
4426
5652
6883
7688
8285
8631
8822
8823
8403
7945
7279
6640
5757
4637
3616
2590
1523
375
-743
-1643
-2637
-3544
-4326
-4913
-5247
-5574
-5668
-5501
-5114
-4558
-3868
-2996
-1935
-876
162
1179
2193
3125
3759
4284
4599
4656
4450
4050
3593
2922
2082
1138
223
-669
-1627
-2624
-3520
-4335
-5063
-5797
-6419
-6897
-7354
-7588
-7794
-7549
-7163
-6565
-5775
-4799
-3418
-2095
-708
806
2424
3862
5115
6238
7362
8006
8459
8656
8756
8656
8153
7651
6936
6255
5290
4184
3195
2181
1128
18
-1001
-1796
-2712
-3514
-4186
-4674
-4931
-5173
-5167
-4933
-4512
-3937
-3233
-2396
-1403
-417
542
1455
2387
3177
3697
4118
4339
4324
4019
3555
3016
2274
1397
432
-518
-1409
-2371
-3365
-4229
-5009
-5706
-6361
-6865
-7208
-7520
-7617
-7646
-7261
-6709
-5987
-5134
-4103
-2695
-1357
24
1510
3061
4410
5568
6594
7613
8164
8503
8636
8670
8523
7980
7418
6650
5902
4904
3803
2802
1787
766
-287
-1248
-1972
-2797
-3520
-4072
-4489
-4656
-4787
-4674
-4350
-3872
-3264
-2549
-1737
-809
102
983
1772
2583
3246
3625
3903
4042
3968
3567
3030
2429
1644
735
-229
-1216
-2098
-3025
-3983
-4810
-5531
-6149
-6683
-7055
-7272
-7430
-7412
-7295
-6849
-6191
-5419
-4541
-3575
-2227
-875
431
1835
3275
4548
5631
6556
7460
7986
8264
8370
8340
8213
7684
7090
6348
5599
4717
3669
2695
1747
802
-138
-1067
-1768
-2479
-3165
-3669
-4055
-4201
-4280
-4166
-3835
-3372
-2773
-2127
-1405
-561
259
1063
1740
2405
2978
3289
3447
3534
3421
3010
2442
1849
1121
217
-682
-1661
-2508
-3358
-4206
-4984
-5624
-6159
-6579
-6874
-7036
-7097
-7046
-6840
-6478
-5828
-5122
-4222
-3370
-2182
-822
432
1760
3109
4376
5438
6342
7163
7773
8033
8182
8094
8006
7558
6955
6301
5558
4826
3877
2947
2031
1176
326
-542
-1286
-1913
-2553
-3061
-3469
-3664
-3751
-3723
-3469
-3111
-2570
-2017
-1412
-695
32
765
1372
1891
2384
2678
2787
2805
2671
2293
1757
1200
574
-232
-1035
-1903
-2700
-3428
-4135
-4779
-5355
-5786
-6142
-6375
-6521
-6541
-6497
-6297
-6018
-5521
-4896
-4085
-3253
-2339
-1057
163
1381
2608
3844
4909
5791
6567
7240
7593
7745
7711
7607
7364
6815
6286
5621
5008
4254
3379
2546
1766
1040
248
-490
-1091
-1661
-2178
-2630
-2932
-3057
-3156
-3063
-2860
-2483
-2019
-1580
-1023
-421
192
778
1186
1590
1927
2040
2048
1905
1634
1156
620
86
-572
-1288
-2042
-2762
-3376
-3977
-4508
-4990
-5391
-5657
-5886
-6012
-6035
-6011
-5851
-5625
-5261
-4710
-4008
-3157
-2371
-1299
-57
1099
2225
3389
4508
5390
6117
6802
7265
7435
7450
7309
7166
6778
6263
5730
5126
4549
3782
3008
2311
1649
988
251
-366
-918
-1457
-1933
-2372
-2618
-2762
-2867
-2789
-2604
-2263
-1889
-1500
-989
-445
70
525
869
1228
1479
1504
1441
1245
939
454
-65
-588
-1221
-1886
-2580
-3166
-3656
-4172
-4630
-5020
-5290
-5470
-5645
-5720
-5714
-5681
-5474
-5266
-4845
-4249
-3529
-2696
-1903
-722
471
1597
2686
3849
4891
5696
6363
7009
7347
7458
7422
7246
7101
6637
6156
5591
5047
4428
3638
2945
2300
1662
984
254
-324
-913
-1471
-1958
-2411
-2625
-2814
-2907
-2833
-2650
-2339
-2014
-1638
-1128
-604
-153
237
581
930
1116
1117
1044
869
554
96
-364
-855
-1452
-2058
-2684
-3168
-3587
-4055
-4460
-4772
-4940
-5081
-5220
-5250
-5226
-5170
-4949
-4755
-4301
-3718
-3020
-2233
-1484
-320
748
1787
2802
3879
4795
5497
6100
6709
6987
7090
7065
6919
6827
6376
5990
5446
4966
4360
3580
2975
2347
1726
1036
332
-207
-833
-1389
-1895
-2358
-2570
-2817
-2921
-2910
-2797
-2547
-2305
-1978
-1525
-1050
-646
-337
0
363
530
567
540
475
232
-133
-441
-812
-1297
-1808
-2324
-2710
-3087
-3521
-3894
-4196
-4352
-4543
-4722
-4749
-4761
-4721
-4565
-4402
-3974
-3467
-2814
-2102
-1429
-357
619
1588
2542
3562
4435
5100
5736
6401
6754
6924
7006
6985
6989
6629
6319
5815
5366
4760
3947
3310
2629
1935
1160
389
-190
-873
-1505
-2080
-2594
-2871
-3206
-3379
-3453
-3404
-3216
-3006
-2693
-2251
-1769
-1349
-1036
-615
-174
56
200
295
374
232
-2
-176
-423
-821
-1264
-1688
-2041
-2430
-2882
-3280
-3639
-3874
-4157
-4395
-4465
-4543
-4534
-4424
-4268
-3881
-3402
-2761
-2068
-1404
-354
622
1578
2532
3566
4449
5148
5822
6522
6945
7152
7313
7361
7408
7069
6745
6256
5809
5152
4273
3546
2795
1984
1091
228
-442
-1183
-1931
-2554
-3120
-3464
-3838
-4056
-4126
-4068
-3882
-3628
-3261
-2791
-2258
-1785
-1375
-848
-330
-8
255
460
590
517
358
206
-22
-418
-860
-1286
-1690
-2152
-2655
-3118
-3544
-3871
-4215
-4473
-4604
-4709
-4719
-4601
-4446
-4076
-3576
-2919
-2182
-1474
-394
626
1634
2612
3702
4615
5382
6064
6748
7205
7408
7584
7593
7616
7226
6858
6347
5883
5173
4275
3498
2689
1838
892
4
-758
-1533
-2326
-2972
-3557
-3918
-4270
-4484
-4507
-4409
-4169
-3853
-3429
-2921
-2318
-1766
-1249
-659
-96
294
601
828
921
845
655
447
172
-259
-725
-1180
-1613
-2073
-2573
-3035
-3425
-3739
-4049
-4278
-4407
-4492
-4533
-4430
-4312
-3976
-3488
-2859
-2133
-1405
-307
723
1771
2779
3931
4872
5672
6358
7018
7451
7596
7715
7643
7583
7119
6709
6159
5649
4912
4043
3258
2441
1626
695
-170
-962
-1741
-2502
-3194
-3794
-4192
-4563
-4802
-4847
-4720
-4455
-4108
-3652
-3066
-2374
-1725
-1122
-465
141
540
830
1018
1067
941
674
385
67
-426
-933
-1409
-1853
-2261
-2737
-3155
-3475
-3706
-3957
-4152
-4262
-4339
-4433
-4377
-4285
-4043
-3571
-2987
-2240
-1529
-441
642
1717
2786
3980
5001
5822
6531
7179
7619
7694
7756
7601
7489
6991
6524
5971
5410
4730
3893
3144
2390
1639
772
-65
-820
-1571
-2333
-3062
-3721
-4191
-4636
-4925
-5002
-4876
-4613
-4226
-3712
-3026
-2221
-1458
-772
-63
604
1013
1276
1410
1408
1226
913
539
174
-360
-906
-1377
-1825
-2201
-2626
-2989
-3295
-3479
-3694
-3902
-4057
-4182
-4340
-4370
-4293
-4186
-3753
-3214
-2430
-1723
-702
468
1585
2718
3921
5033
5889
6626
7245
7725
7769
7781
7538
7373
6868
6299
5726
5078
4435
3587
2831
2091
1347
521
-314
-1063
-1779
-2566
-3287
-3968
-4473
-4929
-5220
-5266
-5150
-4858
-4434
-3870
-3149
-2282
-1464
-730
-22
662
1104
1353
1462
1442
1254
955
587
196
-278
-794
-1212
-1611
-1950
-2314
-2609
-2904
-3093
-3291
-3501
-3678
-3832
-3981
-4045
-3936
-3862
-3483
-2965
-2200
-1474
-569
562
1652
2736
3842
4905
5723
6428
6978
7433
7512
7507
7248
7032
6600
6019
5458
4807
4214
3428
2673
1952
1231
480
-306
-1051
-1717
-2474
-3153
-3797
-4284
-4674
-4945
-4973
-4897
-4628
-4236
-3719
-3089
-2295
-1525
-832
-208
397
847
1100
1197
1196
1046
779
483
100
-281
-736
-1115
-1463
-1777
-2104
-2396
-2690
-2925
-3157
-3395
-3569
-3740
-3873
-3940
-3829
-3746
-3437
-2943
-2272
-1549
-783
254
1268
2268
3300
4302
5128
5809
6373
6875
7083
7138
6996
6800
6550
6040
5542
4939
4387
3707
2928
2211
1494
805
75
-686
-1338
-2054
-2735
-3336
-3839
-4175
-4452
-4520
-4494
-4297
-3954
-3497
-2975
-2307
-1561
-892
-319
214
693
1017
1166
1200
1141
922
676
322
-10
-413
-835
-1186
-1526
-1862
-2218
-2559
-2845
-3116
-3422
-3640
-3793
-3929
-4029
-3937
-3848
-3664
-3190
-2597
-1898
-1233
-324
726
1662
2646
3654
4535
5255
5810
6369
6725
6803
6770
6575
6441
6055
5548
5007
4419
3831
3056
2295
1601
910
241
-501
-1171
-1791
-2492
-3075
-3586
-3923
-4205
-4352
-4339
-4198
-3886
-3471
-2965
-2402
-1701
-989
-409
92
588
964
1207
1275
1280
1155
918
631
301
-20
-446
-847
-1201
-1539
-1907
-2285
-2595
-2864
-3155
-3434
-3581
-3681
-3797
-3795
-3644
-3555
-3247
-2694
-2060
-1396
-717
266
1239
2140
3058
3969
4726
5316
5803
6261
6425
6417
6291
6102
5913
5439
4960
4381
3838
3201
2454
1766
1115
459
-186
-874
-1462
-2095
-2748
-3281
-3726
-4004
-4258
-4322
-4261
-3994
-3636
-3181
-2657
-2032
-1319
-685
-195
303
725
997
1159
1165
1144
948
705
445
180
-148
-536
-872
-1145
-1440
-1757
-2050
-2308
-2557
-2826
-3033
-3143
-3271
-3399
-3373
-3278
-3198
-2868
-2329
-1716
-1098
-400
571
1458
2272
3106
3938
4595
5090
5515
5854
5918
5848
5678
5514
5281
4809
4393
3891
3449
2890
2264
1697
1113
560
-34
-655
-1232
-1907
-2535
-3121
-3571
-3861
-4132
-4203
-4107
-3799
-3440
-3010
-2476
-1807
-1130
-569
-113
374
728
922
1031
1020
961
738
532
327
87
-226
-569
-818
-1035
-1291
-1536
-1800
-2039
-2280
-2544
-2770
-2949
-3143
-3317
-3383
-3367
-3339
-3048
-2546
-1970
-1380
-694
265
1100
1903
2747
3599
4269
4788
5214
5570
5630
5555
5407
5288
5073
4634
4299
3871
3541
3077
2554
2043
1516
1036
445
-182
-823
-1550
-2234
-2941
-3448
-3811
-4163
-4260
-4176
-3863
-3480
-3038
-2485
-1773
-1103
-503
-11
481
850
1014
1129
1118
1028
811
631
424
190
-111
-424
-647
-877
-1141
-1400
-1691
-1949
-2212
-2526
-2815
-3073
-3338
-3577
-3697
-3714
-3705
-3408
-2913
-2324
-1731
-993
-21
856
1741
2649
3567
4296
4869
5328
5726
5776
5731
5596
5502
5268
4847
4511
4071
3741
3258
2730
2183
1635
1113
477
-195
-886
-1639
-2352
-3090
-3603
-4002
-4332
-4418
-4334
-3997
-3581
-3112
-2572
-1874
-1227
-599
-90
414
802
979
1118
1138
1072
892
750
564
358
86
-185
-405
-643
-921
-1192
-1493
-1780
-2046
-2371
-2678
-2965
-3273
-3516
-3649
-3678
-3659
-3378
-2926
-2372
-1822
-1094
-191
673
1550
2433
3322
4013
4600
5049
5456
5507
5528
5425
5373
5182
4829
4520
4103
3768
3270
2735
2190
1654
1083
447
-246
-893
-1619
-2289
-2957
-3426
-3790
-4058
-4133
-4072
-3752
-3377
-2941
-2474
-1870
-1293
-723
-253
232
605
818
987
1058
1084
961
882
733
562
336
69
-170
-428
-752
-1058
-1406
-1751
-2063
-2435
-2759
-3070
-3406
-3626
-3773
-3792
-3788
-3558
-3147
-2646
-2125
-1463
-578
289
1126
1985
2880
3580
4227
4704
5225
5402
5541
5536
5574
5539
5242
4998
4621
4269
3760
3171
2605
2020
1330
640
-133
-790
-1539
-2222
-2834
-3333
-3662
-3953
-4022
-3995
-3728
-3405
-3028
-2591
-2050
-1493
-963
-483
13
427
707
959
1112
1264
1221
1191
1115
969
782
453
171
-142
-565
-963
-1410
-1846
-2273
-2738
-3125
-3444
-3800
-4000
-4151
-4134
-4102
-3906
-3477
-2977
-2398
-1783
-865
33
876
1735
2670
3422
4129
4675
5276
5616
5800
5909
5965
6025
5733
5481
5102
4665
4104
3437
2772
2092
1278
501
-330
-1052
-1810
-2520
-3078
-3608
-3901
-4201
-4249
-4198
-3958
-3622
-3262
-2791
-2243
-1643
-1082
-539
-8
483
817
1147
1365
1560
1600
1565
1533
1394
1215
853
512
161
-301
-765
-1275
-1768
-2247
-2748
-3190
-3507
-3841
-4040
-4190
-4176
-4090
-3927
-3508
-3032
-2418
-1832
-990
-108
723
1554
2453
3221
3912
4501
5053
5477
5660
5831
5871
5934
5711
5437
5085
4610
4067
3412
2722
2010
1212
431
-372
-1123
-1840
-2534
-3075
-3621
-3919
-4178
-4263
-4212
-4001
-3661
-3298
-2825
-2281
-1657
-1075
-508
18
537
912
1251
1501
1679
1767
1738
1707
1581
1379
1033
647
263
-197
-686
-1216
-1746
-2231
-2740
-3178
-3516
-3817
-4030
-4158
-4165
-4049
-3918
-3525
-3062
-2462
-1879
-1154
-257
554
1368
2199
3021
3695
4297
4786
5283
5504
5675
5716
5775
5674
5382
5081
4634
4194
3582
2916
2237
1538
789
30
-718
-1385
-2084
-2678
-3238
-3625
-3875
-4082
-4090
-3959
-3683
-3355
-2933
-2443
-1849
-1284
-728
-216
294
737
1073
1363
1565
1688
1714
1672
1585
1395
1091
719
302
-144
-631
-1156
-1679
-2163
-2652
-3089
-3457
-3748
-4034
-4156
-4254
-4183
-4109
-3835
-3413
-2909
-2319
-1718
-836
-18
818
1630
2541
3284
3955
4468
5044
5415
5596
5719
5758
5807
5533
5297
4903
4521
3995
3335
2690
2059
1333
599
-140
-807
-1486
-2181
-2734
-3253
-3552
-3856
-3967
-3909
-3712
-3421
-3040
-2589
-2040
-1469
-916
-364
153
676
1056
1380
1634
1800
1826
1787
1663
1502
1199
817
368
-106
-619
-1189
-1730
-2228
-2712
-3175
-3562
-3856
-4126
-4329
-4387
-4404
-4244
-4112
-3719
-3250
-2647
-2050
-1311
-394
440
1326
2199
3089
3791
4416
4922
5460
5682
5845
5883
5897
5776
5461
5157
4679
4230
3601
2919
2256
1557
816
106
-624
-1259
-1953
-2530
-3066
-3492
-3761
-3973
-3975
-3885
-3612
-3273
-2841
-2354
-1771
-1201
-627
-86
482
983
1345
1670
1901
2011
1983
1887
1707
1486
1098
659
177
-322
-901
-1479
-2003
-2493
-2952
-3375
-3689
-3944
-4202
-4314
-4346
-4247
-4109
-3905
-3445
-2954
-2342
-1771
-922
-85
762
1638
2547
3359
4022
4578
5136
5561
5736
5896
5899
5939
5690
5428
5017
4571
4042
3381
2699
2005
1260
531
-199
-901
-1556
-2216
-2732
-3276
-3610
-3893
-3993
-4015
-3880
-3617
-3280
-2846
-2349
-1787
-1216
-629
-59
551
1011
1444
1767
2018
2117
2103
1983
1806
1539
1143
693
197
-332
-937
-1489
-2035
-2491
-2952
-3358
-3687
-3961
-4227
-4352
-4410
-4339
-4256
-4054
-3631
-3181
-2585
-2059
-1217
-430
462
1353
2292
3141
3852
4489
5101
5578
5844
6065
6132
6248
6027
5807
5381
4973
4423
3746
3058
2323
1592
823
50
-678
-1375
-2050
-2636
-3217
-3574
-3883
-4019
-4106
-3999
-3761
-3449
-3039
-2560
-1967
-1345
-715
-97
533
1062
1542
1885
2153
2284
2262
2139
1943
1635
1234
729
178
-399
-1035
-1625
-2210
-2680
-3170
-3629
-4001
-4301
-4564
-4740
-4823
-4768
-4661
-4477
-4043
-3529
-2854
-2299
-1423
-493
491
1474
2461
3443
4245
4954
5572
6138
6434
6658
6696
6775
6542
6211
5748
5205
4624
3837
3088
2289
1520
723
-103
-844
-1575
-2267
-2886
-3455
-3813
-4105
-4265
-4313
-4208
-3925
-3590
-3143
-2606
-1957
-1270
-598
54
685
1251
1726
2077
2293
2398
2345
2204
1956
1575
1118
559
-30
-639
-1285
-1899
-2494
-2992
-3484
-3971
-4347
-4637
-4870
-5050
-5101
-5014
-4854
-4639
-4163
-3563
-2815
-2156
-1235
-170
867
1915
2916
3956
4782
5491
6080
6637
6924
7070
7034
7013
6750
6294
5769
5121
4523
3686
2881
2072
1289
500
-359
-1104
-1824
-2503
-3128
-3677
-4014
-4258
-4418
-4424
-4302
-3969
-3597
-3121
-2516
-1821
-1097
-422
239
880
1455
1890
2203
2385
2472
2384
2212
1921
1509
1005
421
-162
-773
-1409
-2034
-2617
-3124
-3595
-4060
-4415
-4688
-4895
-5039
-5044
-4949
-4792
-4566
-4105
-3500
-2787
-2087
-1223
-168
828
1853
2859
3868
4698
5395
6023
6581
6865
6989
6952
6893
6632
6151
5646
5002
4396
3613
2821
2074
1292
523
-292
-1016
-1683
-2356
-2949
-3493
-3846
-4083
-4280
-4292
-4197
-3913
-3520
-3082
-2492
-1793
-1069
-369
280
937
1532
1989
2295
2489
2613
2544
2368
2091
1678
1192
595
7
-596
-1251
-1881
-2491
-3019
-3497
-3938
-4302
-4588
-4796
-4963
-5010
-4916
-4816
-4617
-4335
-3817
-3154
-2471
-1728
-849
210
1223
2230
3228
4183
4995
5666
6254
6734
6934
6967
6852
6681
6327
5799
5217
4546
3910
3141
2374
1607
852
102
-644
-1344
-1980
-2580
-3123
-3597
-3899
-4091
-4224
-4186
-4039
-3689
-3253
-2773
-2149
-1420
-678
9
645
1266
1815
2181
2403
2547
2591
2425
2141
1766
1286
746
89
-534
-1161
-1795
-2399
-2961
-3434
-3827
-4182
-4468
-4654
-4762
-4842
-4813
-4659
-4479
-4202
-3882
-3303
-2597
-1859
-1100
-183
917
1958
2936
3891
4827
5605
6192
6664
7058
7142
7054
6792
6509
6064
5463
4801
4078
3415
2639
1841
1066
329
-382
-1093
-1783
-2375
-2914
-3391
-3823
-4077
-4220
-4281
-4192
-3996
-3601
-3126
-2599
-1953
-1207
-461
219
833
1405
1886
2191
2363
2445
2413
2169
1821
1391
879
309
-353
-971
-1564
-2128
-2676
-3168
-3566
-3865
-4144
-4356
-4467
-4507
-4530
-4472
-4295
-4058
-3742
-3386
-2795
-2082
-1314
-534
412
1486
2516
3454
4364
5236
5935
6423
6778
7027
7006
6820
6484
6125
5623
5010
4322
3607
2909
2137
1357
600
-105
-787
-1453
-2076
-2614
-3095
-3499
-3837
-4021
-4118
-4097
-3945
-3682
-3276
-2792
-2213
-1550
-828
-120
532
1119
1629
2022
2287
2432
2462
2349
2066
1687
1222
670
65
-574
-1177
-1764
-2321
-2847
-3308
-3672
-3975
-4231
-4419
-4526
-4571
-4576
-4500
-4311
-4044
-3699
-3282
-2681
-1965
-1184
-343
610
1668
2667
3593
4470
5273
5911
6338
6618
6786
6753
6552
6207
5829
5351
4743
4063
3356
2680
1927
1157
425
-238
-886
-1543
-2121
-2604
-3025
-3399
-3689
-3821
-3859
-3808
-3646
-3351
-2923
-2442
-1871
-1229
-523
137
726
1269
1737
2091
2298
2404
2399
2239
1925
1501
1016
470
-143
-741
-1320
-1866
-2412
-2913
-3317
-3655
-3940
-4195
-4357
-4437
-4472
-4441
-4309
-4056
-3733
-3366
-2876
-2276
-1560
-806
30
965
1924
2836
3653
4435
5130
5653
6012
6238
6358
6316
6080
5768
5372
4920
4325
3681
3049
2388
1713
983
321
-299
-926
-1521
-2080
-2521
-2915
-3273
-3519
-3663
-3665
-3621
-3464
-3163
-2759
-2263
-1746
-1134
-498
108
647
1112
1536
1849
2032
2095
2057
1903
1606
1206
770
298
-199
-739
-1243
-1721
-2178
-2612
-2999
-3304
-3573
-3800
-3977
-4063
-4055
-3973
-3816
-3559
-3219
-2805
-2348
-1788
-1150
-419
347
1131
1932
2705
3425
4041
4578
5036
5355
5536
5576
5512
5354
5049
4684
4234
3773
3231
2642
2071
1487
927
330
-233
-735
-1225
-1678
-2107
-2442
-2702
-2933
-3065
-3123
-3045
-2907
-2684
-2344
-1932
-1451
-977
-472
30
484
880
1197
1458
1618
1662
1607
1456
1225
914
543
151
-275
-713
-1156
-1579
-1976
-2341
-2668
-2956
-3195
-3385
-3515
-3566
-3541
-3449
-3282
-3060
-2775
-2449
-2061
-1608
-1099
-536
75
714
1356
1984
2598
3168
3671
4093
4426
4661
4773
4780
4687
4503
4227
3879
3480
3047
2568
2071
1567
1078
596
114
-334
-737
-1112
-1468
-1770
-2014
-2214
-2369
-2460
-2479
-2415
-2288
-2086
-1801
-1455
-1072
-681
-262
152
535
868
1148
1375
1505
1543
1503
1390
1196
927
604
237
-168
-599
-1031
-1440
-1834
-2185
-2501
-2768
-2969
-3114
-3194
-3208
-3157
-3053
-2903
-2706
-2476
-2207
-1897
-1541
-1147
-716
-229
284
816
1356
1898
2428
2906
3322
3669
3934
4100
4157
4133
4023
3822
3542
3207
2853
2451
2034
1607
1189
795
388
2
-349
-671
-977
-1258
-1492
-1704
-1879
-2019
-2113
-2136
-2104
-2006
-1847
-1615
-1320
-1001
-643
-264
111
465
775
1044
1243
1369
1421
1390
1287
1111
865
553
192
-193
-596
-999
-1383
-1733
-2041
-2313
-2521
-2668
-2755
-2784
-2765
-2687
-2568
-2420
-2253
-2063
-1836
-1588
-1312
-998
-625
-210
231
701
1197
1707
2185
2624
3016
3336
3551
3668
3701
3651
3498
3268
2989
2680
2342
1980
1630
1297
990
670
359
92
-161
-411
-651
-849
-1034
-1219
-1391
-1539
-1642
-1698
-1709
-1656
-1531
-1335
-1106
-835
-514
-187
130
417
675
879
1014
1071
1053
971
821
607
341
45
-277
-617
-955
-1264
-1542
-1784
-1985
-2135
-2233
-2292
-2319
-2297
-2241
-2162
-2075
-1966
-1837
-1703
-1552
-1385
-1168
-907
-595
-247
131
550
1006
1461
1889
2290
2652
2926
3106
3204
3232
3170
3025
2835
2608
2372
2094
1821
1567
1343
1134
895
671
453
239
16
-199
-399
-604
-808
-1011
-1185
-1326
-1437
-1479
-1449
-1350
-1201
-995
-735
-449
-149
136
403
620
789
893
924
875
757
567
330
81
-200
-493
-779
-1049
-1300
-1526
-1722
-1878
-1992
-2080
-2146
-2187
-2216
-2208
-2202
-2177
-2135
-2073
-1964
-1845
-1658
-1450
-1163
-810
-410
0
420
910
1396
1845
2244
2627
2953
3163
3273
3338
3327
3231
3058
2892
2707
2471
2210
1935
1711
1466
1215
929
648
362
52
-239
-528
-807
-1091
-1358
-1574
-1733
-1848
-1888
-1830
-1673
-1469
-1224
-930
-593
-232
95
400
667
876
1022
1095
1098
1005
843
614
365
116
-172
-457
-727
-975
-1222
-1460
-1678
-1862
-2017
-2159
-2285
-2374
-2444
-2477
-2517
-2509
-2472
-2391
-2247
-2070
-1797
-1509
-1107
-663
-185
271
747
1279
1759
2185
2568
2947
3231
3397
3491
3557
3517
3397
3222
3084
2893
2635
2351
2062
1823
1515
1209
881
564
215
-145
-450
-756
-1063
-1373
-1638
-1821
-1951
-2017
-1988
-1852
-1623
-1381
-1105
-802
-453
-108
183
451
676
854
959
997
969
851
675
449
219
-25
-302
-566
-809
-1044
-1291
-1532
-1759
-1954
-2124
-2288
-2422
-2510
-2551
-2569
-2582
-2537
-2454
-2320
-2146
-1915
-1604
-1267
-840
-398
62
491
944
1425
1850
2224
2568
2896
3139
3303
3417
3480
3442
3336
3190
3056
2850
2591
2301
2010
1738
1416
1104
774
460
121
-206
-487
-758
-1022
-1285
-1507
-1657
-1762
-1794
-1740
-1593
-1375
-1144
-893
-614
-298
-4
248
477
673
826
902
912
860
739
570
362
131
-126
-406
-684
-950
-1217
-1484
-1733
-1957
-2142
-2307
-2461
-2577
-2639
-2649
-2636
-2600
-2510
-2380
-2214
-2013
-1758
-1443
-1081
-657
-216
231
651
1095
1544
1958
2331
2663
2955
3172
3333
3438
3481
3435
3327
3172
2993
2752
2473
2167
1855
1547
1225
904
578
268
-47
-337
-598
-834
-1058
-1278
-1470
-1607
-1698
-1722
-1659
-1523
-1320
-1090
-829
-534
-218
80
353
604
815
967
1039
1033
970
844
668
454
197
-91
-405
-724
-1037
-1346
-1645
-1911
-2134
-2310
-2459
-2584
-2660
-2689
-2684
-2644
-2582
-2472
-2327
-2151
-1933
-1681
-1391
-1043
-638
-201
243
664
1106
1543
1960
2344
2679
2953
3157
3291
3372
3399
3355
3254
3107
2930
2703
2439
2155
1868
1582
1290
991
687
397
110
-159
-408
-642
-874
-1112
-1330
-1504
-1629
-1684
-1661
-1565
-1402
-1196
-956
-679
-387
-107
154
394
589
719
781
774
715
607
457
276
57
-193
-465
-740
-1011
-1283
-1548
-1789
-1988
-2139
-2253
-2338
-2375
-2378
-2363
-2327
-2269
-2167
-2034
-1867
-1666
-1451
-1213
-937
-610
-243
136
511
900
1298
1690
2058
2385
2660
2861
2986
3059
3091
3075
3011
2910
2781
2610
2400
2172
1935
1699
1457
1204
944
689
438
196
-42
-280
-531
-797
-1053
-1276
-1443
-1545
-1577
-1541
-1437
-1282
-1090
-863
-616
-369
-142
64
227
335
396
400
360
286
178
45
-112
-289
-480
-676
-874
-1078
-1286
-1489
-1668
-1809
-1912
-1986
-2026
-2043
-2048
-2043
-2018
-1959
-1866
-1743
-1598
-1433
-1250
-1039
-788
-493
-171
171
531
915
1314
1703
2066
2386
2648
2838
2964
3043
3072
3052
2993
2900
2767
2590
2382
2153
1913
1663
1403
1140
870
601
331
55
-224
-511
-799
-1076
-1327
-1534
-1680
-1760
-1767
-1699
-1564
-1375
-1142
-876
-592
-314
-49
181
367
501
580
611
591
524
421
285
122
-58
-252
-453
-663
-887
-1114
-1335
-1534
-1702
-1837
-1940
-2021
-2091
-2141
-2172
-2174
-2145
-2086
-2002
-1893
-1754
-1583
-1368
-1102
-794
-444
-67
344
781
1225
1663
2077
2448
2754
2994
3165
3270
3310
3296
3233
3123
2965
2759
2517
2252
1974
1686
1395
1098
794
479
160
-161
-475
-779
-1068
-1333
-1562
-1747
-1876
-1931
-1903
-1797
-1621
-1384
-1102
-786
-454
-124
188
463
687
853
956
994
973
894
761
590
386
164
-67
-306
-550
-801
-1047
-1280
-1492
-1672
-1824
-1953
-2067
-2166
-2249
-2309
-2341
-2343
-2313
-2255
-2168
-2039
-1863
-1633
-1347
-1010
-631
-220
215
669
1126
1571
1986
2358
2668
2914
3092
3204
3256
3250
3192
3087
2935
2734
2499
2236
1963
1678
1378
1068
749
425
96
-225
-532
-817
-1084
-1320
-1515
-1663
-1753
-1775
-1720
-1590
-1398
-1153
-871
-563
-243
68
358
617
834
990
1083
1112
1080
989
845
660
446
211
-36
-291
-545
-799
-1049
-1287
-1504
-1702
-1879
-2035
-2171
-2290
-2387
-2456
-2489
-2482
-2440
-2359
-2240
-2074
-1863
-1598
-1282
-920
-528
-117
311
746
1176
1584
1959
2287
2563
2785
2951
3062
3120
3119
3064
2965
2829
2652
2441
2200
1938
1658
1361
1052
738
419
99
-213
-504
-773
-1022
-1244
-1426
-1556
-1629
-1643
-1588
-1469
-1295
-1077
-820
-534
-238
46
312
555
767
933
1043
1095
1088
1027
914
763
579
363
124
-135
-401
-674
-951
-1222
-1488
-1743
-1981
-2193
-2376
-2530
-2652
-2730
-2763
-2752
-2695
-2589
-2434
-2237
-1998
-1721
-1397
-1029
-636
-230
191
620
1041
1445
1824
2171
2469
2709
2899
3047
3145
3180
3153
3081
2968
2814
2620
2398
2155
1882
1585
1279
977
673
357
40
-260
-539
-798
-1029
-1222
-1361
-1451
-1487
-1456
-1361
-1212
-1019
-789
-521
-230
57
331
581
800
978
1103
1176
1193
1153
1055
914
736
522
271
-9
-306
-611
-924
-1244
-1558
-1857
-2139
-2401
-2630
-2822
-2974
-3085
-3152
-3164
-3117
-3019
-2874
-2675
-2428
-2144
-1821
-1455
-1050
-615
-170
279
734
1186
1612
2003
2357
2663
2911
3096
3232
3316
3338
3297
3196
3055
2877
2658
2411
2146
1868
1576
1275
980
688
393
95
-195
-462
-705
-919
-1093
-1210
-1273
-1282
-1233
-1124
-959
-749
-503
-225
71
361
631
867
1056
1193
1268
1284
1241
1141
989
791
555
287
-14
-334
-667
-1004
-1338
-1663
-1971
-2259
-2519
-2749
-2943
-3103
-3222
-3293
-3315
-3281
-3193
-3049
-2850
-2606
-2318
-1997
-1641
-1251
-828
-377
86
549
1002
1444
1859
2237
2566
2844
3062
3215
3310
3353
3339
3268
3145
2974
2766
2524
2263
1986
1705
1423
1141
866
603
343
89
-159
-398
-614
-806
-961
-1073
-1133
-1140
-1100
-1002
-852
-657
-432
-184
78
341
582
788
946
1048
1088
1069
987
857
675
444
174
-122
-437
-763
-1091
-1410
-1713
-1995
-2251
-2475
-2663
-2820
-2946
-3036
-3086
-3097
-3062
-2982
-2856
-2685
-2467
-2208
-1918
-1601
-1269
-915
-534
-125
300
728
1146
1550
1932
2277
2584
2844
3046
3182
3258
3287
3269
3206
3098
2948
2766
2553
2316
2066
1816
1561
1300
1047
803
572
346
123
-89
-291
-480
-655
-794
-894
-953
-963
-919
-816
-674
-509
-321
-118
84
268
423
543
622
648
622
550
427
252
28
-234
-517
-814
-1114
-1401
-1670
-1924
-2153
-2356
-2525
-2660
-2768
-2848
-2895
-2906
-2877
-2809
-2702
-2560
-2388
-2186
-1948
-1679
-1391
-1093
-786
-459
-116
250
629
1010
1379
1729
2053
2353
2624
2850
3017
3123
3176
3182
3146
3072
2963
2821
2651
2449
2233
2010
1782
1549
1312
1077
847
625
411
209
18
-167
-347
-513
-654
-759
-821
-831
-792
-714
-612
-485
-341
-186
-38
92
196
268
308
311
278
200
71
-111
-334
-583
-841
-1099
-1348
-1584
-1808
-2012
-2194
-2344
-2462
-2551
-2616
-2659
-2662
-2626
-2550
-2434
-2290
-2124
-1943
-1741
-1516
-1271
-1012
-748
-475
-195
98
405
721
1034
1341
1638
1918
2186
2428
2626
2775
2865
2911
2911
2875
2801
2695
2560
2396
2209
2013
1817
1624
1431
1229
1026
825
631
444
260
78
-109
-292
-464
-606
-707
-768
-795
-792
-759
-699
-612
-498
-370
-240
-125
-31
44
95
119
101
30
-95
-259
-454
-657
-855
-1054
-1255
-1455
-1646
-1819
-1959
-2072
-2158
-2221
-2269
-2295
-2284
-2233
-2144
-2028
-1902
-1771
-1633
-1486
-1315
-1120
-906
-680
-448
-210
35
295
568
854
1148
1446
1732
2001
2240
2438
2594
2710
2783
2810
2796
2743
2656
2538
2395
2240
2076
1906
1732
1553
1365
1175
978
769
552
321
81
-154
-374
-568
-733
-864
-961
-1027
-1053
-1040
-982
-886
-760
-616
-465
-322
-187
-74
9
52
44
-15
-113
-232
-368
-508
-656
-815
-985
-1158
-1320
-1469
-1594
-1702
-1801
-1891
-1973
-2033
-2052
-2038
-1994
-1935
-1877
-1815
-1741
-1640
-1501
-1326
-1125
-912
-691
-461
-210
63
368
691
1016
1339
1639
1912
2162
2380
2555
2688
2771
2804
2791
2743
2661
2553
2425
2279
2122
1950
1773
1589
1393
1185
960
719
466
212
-37
-274
-486
-676
-841
-969
-1060
-1107
-1106
-1056
-964
-840
-690
-529
-369
-218
-87
16
85
113
101
52
-20
-111
-215
-335
-468
-616
-778
-941
-1101
-1245
-1383
-1517
-1645
-1762
-1859
-1926
-1962
-1972
-1967
-1957
-1939
-1898
-1830
-1722
-1569
-1390
-1193
-981
-756
-513
-244
44
344
650
947
1235
1512
1767
2000
2205
2369
2485
2560
2592
2584
2548
2487
2399
2293
2171
2038
1893
1736
1565
1381
1182
971
749
527
306
93
-116
-313
-494
-660
-794
-897
-960
-980
-960
-900
-813
-705
-591
-477
-374
-286
-213
-161
-131
-122
-133
-163
-211
-279
-364
-466
-583
-712
-845
-984
-1124
-1261
-1395
-1519
-1625
-1709
-1769
-1810
-1841
-1860
-1865
-1855
-1826
-1768
-1679
-1560
-1410
-1230
-1023
-795
-547
-291
-31
235
503
775
1041
1301
1546
1768
1968
2141
2288
2403
2483
2528
2535
2512
2460
2384
2290
2177
2050
1909
1749
1578
1391
1195
996
797
598
402
209
17
-173
-354
-524
-671
-787
-866
-905
-905
-877
-820
-750
-666
-578
-493
-412
-336
-268
-214
-172
-147
-144
-163
-203
-268
-355
-458
-578
-711
-851
-996
-1141
-1285
-1421
-1544
-1652
-1742
-1817
-1880
-1930
-1966
-1986
-1987
-1964
-1910
-1818
-1687
-1517
-1313
-1084
-839
-584
-321
-52
221
498
773
1039
1289
1518
1728
1920
2091
2235
2348
2427
2470
2473
2445
2393
2318
2227
2117
1993
1852
1690
1519
1338
1153
969
791
615
442
269
101
-60
-209
-339
-443
-514
-556
-565
-553
-518
-470
-416
-360
-303
-248
-200
-159
-128
-110
-114
-137
-185
-256
-345
-457
-580
-712
-852
-997
-1144
-1289
-1432
-1565
-1685
-1788
-1872
-1940
-1991
-2027
-2046
-2047
-2025
-1976
-1899
-1784
-1636
-1456
-1249
-1024
-790
-550
-307
-62
187
433
675
907
1125
1326
1511
1680
1831
1959
2061
2139
2183
2200
2195
2167
2125
2073
2009
1930
1835
1727
1606
1475
1340
1203
1065
929
793
658
531
404
286
181
85
4
-65
-125
-174
-217
-253
-284
-311
-336
-360
-386
-416
-449
-497
-554
-626
-714
-815
-928
-1047
-1167
-1287
-1401
-1508
-1607
-1696
-1771
-1830
-1873
-1906
-1921
-1922
-1914
-1893
-1856
-1806
-1741
-1656
-1547
-1419
-1265
-1085
-889
-678
-463
-248
-34
176
378
576
763
939
1107
1267
1416
1557
1692
1817
1928
2020
2090
2137
2162
2164
2150
2123
2082
2029
1964
1891
1804
1712
1612
1505
1394
1274
1150
1021
890
758
626
500
375
254
137
24
-88
-200
-307
-414
-519
-621
-721
-817
-905
-990
-1070
-1144
-1214
-1283
-1351
-1424
-1496
-1572
-1647
-1723
-1794
-1857
-1907
-1939
-1954
-1950
-1929
-1891
-1838
-1769
-1691
-1606
-1516
-1418
-1314
-1202
-1081
-952
-811
-658
-491
-313
-124
72
269
466
657
842
1016
1176
1327
1463
1588
1700
1802
1898
1983
2058
2126
2180
2218
2239
2240
2218
2177
2119
2046
1959
1860
1751
1627
1499
1365
1223
1078
932
782
630
476
323
170
18
-129
-274
-417
-552
-685
-812
-932
-1046
-1155
-1256
-1348
-1436
-1517
-1587
-1646
-1700
-1745
-1779
-1808
-1830
-1852
-1869
-1879
-1884
-1882
-1873
-1850
-1816
-1767
-1698
-1615
-1519
-1408
-1286
-1154
-1013
-868
-718
-565
-407
-249
-87
76
238
403
569
737
905
1071
1229
1377
1513
1637
1748
1844
1924
1986
2030
2060
2073
2072
2063
2047
2018
1979
1929
1867
1792
1705
1605
1496
1381
1258
1128
993
856
716
569
425
283
142
7
-127
-258
-384
-505
-622
-735
-841
-942
-1041
-1137
-1229
-1314
-1393
-1467
-1535
-1596
-1650
-1696
-1738
-1767
-1788
-1802
-1808
-1807
-1800
-1784
-1760
-1727
-1683
-1631
-1564
-1489
-1402
-1306
-1198
-1080
-953
-817
-674
-526
-371
-214
-53
109
276
444
609
774
933
1089
1238
1379
1509
1631
1738
1833
1916
1985
2039
2074
2099
2103
2094
2067
2024
1966
1894
1810
1721
1621
1512
1398
1278
1150
1018
884
743
606
465
326
190
57
-73
-201
-325
-446
-563
-671
-773
-871
-964
-1053
-1137
-1216
-1292
-1365
-1431
-1495
-1551
-1606
-1655
-1696
-1734
-1762
-1784
-1796
-1800
-1791
-1772
-1743
-1704
-1653
-1592
-1520
-1440
-1347
-1243
-1132
-1006
-872
-732
-583
-431
-272
-112
50
211
371
526
679
827
968
1105
1236
1362
1484
1598
1703
1798
1882
1952
2011
2055
2083
2095
2089
2071
2039
1993
1932
1857
1771
1674
1562
1441
1307
1164
1016
865
710
553
397
241
88
-60
-205
-345
-478
-604
-721
-829
-929
-1025
-1111
-1191
-1262
-1324
-1381
-1428
-1467
-1501
-1531
-1554
-1574
-1591
-1600
-1607
-1604
-1597
-1586
-1568
-1546
-1519
-1484
-1439
-1387
-1324
-1252
-1173
-1089
-994
-893
-785
-671
-552
-426
-296
-159
-18
120
262
403
545
683
819
950
1071
1182
1283
1373
1451
1520
1580
1634
1681
1717
1740
1754
1757
1751
1737
1714
1679
1634
1577
1506
1426
1336
1244
1146
1044
935
825
708
584
455
322
194
66
-55
-178
-297
-408
-514
-616
-718
-811
-897
-979
-1053
-1120
-1180
-1234
-1282
-1324
-1359
-1390
-1414
-1431
-1443
-1445
-1443
-1435
-1423
-1407
-1384
-1356
-1318
-1272
-1217
-1158
-1094
-1023
-951
-874
-790
-701
-605
-503
-395
-287
-173
-63
48
161
276
392
508
624
735
844
947
1040
1129
1212
1287
1352
1410
1455
1490
1517
1536
1552
1563
1566
1561
1543
1512
1470
1418
1358
1295
1226
1153
1074
986
892
790
684
574
462
350
237
122
8
-106
-217
-329
-441
-551
-659
-762
-859
-954
-1043
-1125
-1205
-1279
-1348
-1410
-1469
-1520
-1560
-1591
-1613
-1627
-1632
-1629
-1619
-1597
-1569
-1527
-1476
-1413
-1344
-1266
-1181
-1090
-993
-893
-785
-669
-546
-419
-288
-158
-28
100
225
355
481
605
730
851
966
1076
1178
1268
1349
1418
1485
1544
1595
1641
1678
1706
1729
1743
1743
1731
1706
1667
1618
1559
1493
1421
1346
1259
1161
1057
943
826
705
579
454
327
197
64
-66
-197
-327
-456
-580
-700
-815
-928
-1034
-1135
-1231
-1317
-1398
-1468
-1532
-1588
-1636
-1674
-1701
-1717
-1724
-1717
-1702
-1678
-1645
-1604
-1552
-1491
-1417
-1334
-1244
-1146
-1043
-935
-824
-708
-588
-463
-332
-201
-68
64
190
315
435
554
673
788
900
1009
1112
1204
1286
1359
1420
1476
1521
1562
1594
1617
1634
1638
1632
1614
1587
1548
1498
1439
1373
1301
1223
1139
1045
946
840
728
612
496
378
258
139
17
-101
-220
-337
-449
-558
-662
-762
-858
-947
-1031
-1109
-1180
-1244
-1300
-1344
-1384
-1415
-1440
-1456
-1464
-1461
-1447
-1428
-1400
-1363
-1322
-1278
-1224
-1161
-1092
-1016
-932
-844
-754
-657
-561
-461
-361
-259
-156
-52
53
157
261
361
455
546
636
721
805
886
961
1030
1096
1147
1195
1237
1272
1301
1325
1342
1351
1355
1350
1335
1313
1282
1242
1201
1149
1093
1034
966
894
817
734
646
557
466
372
277
180
82
-15
-113
-209
-305
-395
-486
-574
-656
-736
-815
-888
-956
-1019
-1075
-1123
-1167
-1205
-1235
-1257
-1274
-1281
-1286
-1284
-1276
-1261
-1241
-1218
-1184
-1145
-1102
-1052
-992
-930
-860
-786
-710
-630
-547
-462
-376
-287
-198
-104
-13
76
167
257
342
425
505
587
663
737
808
874
934
991
1042
1082
1120
1151
1177
1198
1215
1229
1233
1233
1225
1213
1193
1166
1134
1095
1051
1000
945
885
822
754
679
603
520
436
350
261
172
79
-13
-105
-197
-286
-374
-460
-545
-627
-703
-777
-848
-915
-979
-1036
-1088
-1130
-1170
-1200
-1221
-1238
-1247
-1248
-1245
-1236
-1219
-1197
-1167
-1130
-1087
-1040
-989
-929
-863
-793
-715
-632
-546
-458
-367
-276
-182
-90
4
96
187
277
364
449
531
611
689
765
836
902
963
1016
1064
1105
1137
1161
1183
1194
1199
1202
1194
1182
1165
1141
1111
1075
1033
981
925
863
798
726
653
580
498
416
331
245
156
70
-19
-108
-198
-287
-374
-456
-534
-613
-687
-759
-824
-885
-941
-990
-1035
-1074
-1109
-1136
-1158
-1172
-1179
-1176
-1166
-1149
-1123
-1093
-1057
-1012
-964
-910
-849
-790
-721
-649
-575
-494
-412
-328
-240
-151
-62
26
112
198
284
362
442
515
585
657
723
785
842
894
944
985
1019
1049
1074
1091
1101
1109
1108
1100
1087
1067
1040
1008
972
930
885
834
780
717
654
585
509
437
361
282
204
124
44
-35
-114
-190
-265
-338
-409
-485
-551
-616
-678
-733
-785
-835
-878
-914
-950
-980
-1002
-1021
-1033
-1039
-1043
-1043
-1032
-1019
-1002
-976
-944
-909
-867
-820
-771
-720
-659
-598
-536
-471
-403
-333
-261
-185
-111
-34
44
120
195
269
340
406
471
535
594
646
699
747
786
826
859
883
905
923
931
932
932
923
916
905
889
868
843
817
783
746
708
662
615
565
515
459
408
353
294
236
177
115
51
-9
-69
-129
-186
-241
-297
-353
-408
-458
-506
-550
-588
-628
-664
-694
-720
-742
-756
-766
-774
-780
-784
-783
-779
-766
-748
-728
-706
-681
-658
-628
-593
-554
-514
-471
-426
-384
-336
-285
-236
-185
-132
-83
-35
19
72
118
167
217
260
305
346
383
420
459
492
519
549
575
596
614
631
639
648
654
652
647
641
631
615
600
579
556
530
501
470
433
397
359
317
277
237
193
150
106
59
16
-27
-72
-115
-154
-195
-229
-263
-297
-327
-352
-378
-401
-421
-439
-454
-468
-476
-485
-491
-492
-493
-490
-482
-472
-462
-448
-430
-411
-390
-365
-339
-311
-285
-255
-230
-199
-165
-135
-101
-68
-36
-4
27
57
87
116
146
171
194
218
235
253
268
284
296
308
320
328
336
345
349
349
351
348
341
335
323
306
293
275
259
241
222
203
183
169
153
133
117
98
74
53
31
4
-19
-38
-62
-82
-102
-120
-134
-147
-161
-170
-181
-190
-198
-205
-209
-214
-218
-220
-223
-221
-219
-216
-215
-212
-204
-200
-190
-184
-175
-164
-153
-143
-131
-121
-108
-97
-84
-73
-61
-49
-39
-27
-17
-5
5
16
27
36
46
56
66
74
79
86
91
93
96
96
97
95
94
92
88
86
89
92
94
100
101
102
105
103
104
102
101
97
93
90
85
79
75
70
67
65
61
60
59
56
53
49
42
37
33
25
18
13
10
4
-1
-5
-9
-13
-19
-23
-26
-32
-36
-38
-41
-45
-48
-52
-53
-58
-62
-65
-67
-71
-73
-77
-81
-82
-85
-85
-84
-84
-83
-81
-78
-76
-73
-72
-68
-66
-63
-58
-56
-56
-51
-48
-43
-37
-31
-25
-20
-15
-12
-6
0
5
8
13
16
18
21
25
28
32
37
42
44
48
51
53
56
58
59
59
59
59
58
57
56
57
56
58
58
56
56
58
57
56
56
53
52
49
47
46
42
40
37
31
28
25
22
18
15
12
9
6
3
0
-3
-6
-8
-11
-15
-17
-19
-23
-27
-29
-33
-37
-39
-42
-44
-43
-42
-41
-44
-42
-42
-43
-43
-41
-41
-40
-40
-43
-43
-42
-40
-39
-37
-34
-33
-35
-33
-30
-26
-24
-22
-20
-19
-17
-15
-13
-10
-7
-5
-2
-1
2
5
7
10
13
13
13
13
13
15
16
15
17
17
19
21
21
25
26
27
27
26
26
24
26
26
23
22
21
19
20
21
20
21
19
17
15
14
12
11
10
7
7
4
3
4
2
1
1
-2
-1
0
-2
-2
-1
-1
-4
-3
-5
-6
-6
-6
-5
-3
-5
-3
-4
-5
-3
-4
-4
-4
-4
-5
-2
-3
-5
-3
-3
-4
-3
-6
-5
-6
-7
-6
-4
-6
-5
-5
-6
-4
-4
-3
-4
-2
-3
-4
-2
-1
-2
-2
-1
-1
0
1
1
1
0
1
2
0
1
1
2
2
3
4
2
1
3
3
4
2
2
1
1
1
2
3
6
6
5
6
4
5
3
2
2
2
0
0
-3
-3
-3
-2
-2
-2
0
1
-1
-2
-3
-4
-3
-2
-3
-4
-5
-7
-6
-4
-2
-2
-4
-5
-4
-4
-5
-3
-1
-2
-2
-1
-3
-2
-2
-3
-1
0
-1
-1
-2
-3
-3
-3
-2
-2
-2
-2
-3
-1
-1
0
0
1
2
2
0
1
2
2
3
4
5
3
4
4
4
4
4
3
4
2
3
3
3
5
4
4
3
3
4
4
4
3
3
2
2
2
1
-1
-1
1
-1
1
0
0
1
1
0
0
0
0
0
-1
-2
-1
0
-3
-3
-3
0
-2
-2
-2
-2
-2
-2
0
-3
-3
-3
-2
-2
-2
0
-1
-1
-1
-1
-3
-2
-2
-1
-1
-2
-3
-3
-2
-3
-3
-4
-3
-2
-2
-1
0
0
0
0
0
1
-1
-2
-1
-1
0
0
-1
1
3
2
3
3
3
3
3
2
2
1
2
2
3
3
3
3
1
0
1
1
3
2
3
3
3
2
2
1
1
1
0
-2
0
1
1
3
2
0
1
0
0
0
-1
0
-1
0
0
0
0
0
1
0
-1
-1
-2
0
0
-1
0
-2
0
1
2
0
1
2
0
-1
0
0
0
-1
-1
-1
-2
0
-1
0
-1
-1
1
0
-1
-1
-1
-2
0
-3
-3
-3
-4
-3
-4
-4
-4
-4
-3
-3
-2
-2
0
1
2
2
1
-1
-1
-2
0
0
-3
-1
-2
-3
-2
-3
1
-1
0
2
0
0
0
0
-1
0
1
0
2
2
2
2
1
1
1
1
0
1
1
-1
0
-1
0
-1
0
1
1
0
-1
0
1
1
2
2
2
3
3
3
3
4
2
3
4
4
4
2
1
0
0
1
1
2
4
1
0
0
2
1
1
1
2
3
1
2
-1
1
0
0
2
1
1
0
1
0
2
0
1
1
0
0
0
2
0
-1
0
0
-2
0
2
1
0
0
-1
2
0
-1
-2
-2
-2
-3
-2
-2
-3
-2
-1
-1
0
-1
-1
0
-1
-1
0
2
1
0
0
-1
-1
0
0
-2
-3
-3
-3
-1
0
0
0
-1
-1
-2
-2
-1
-2
-2
-2
-1
-3
-2
-2
-2
-1
-1
-2
-1
1
-1
-1
1
1
0
0
2
1
0
0
-1
-1
0
-1
-3
-2
-1
-1
0
1
-1
0
-1
-2
0
0
0
-1
0
2
2
1
-1
0
0
0
1
1
1
2
2
2
2
2
3
1
1
1
-1
1
1
2
2
1
0
0
-1
0
2
2
3
3
3
2
0
1
1
2
1
1
1
2
3
4
2
1
0
0
0
-1
0
0
0
2
1
1
3
0
1
2
0
-1
0
-1
0
1
0
0
0
-1
-1
-2
-2
-1
-1
0
0
2
1
0
0
-1
-2
-3
-4
-3
-2
-2
-1
0
0
0
0
-3
-3
-5
-5
-5
-3
-2
1
3
5
6
6
3
1
1
-3
-3
-4
-4
-4
-1
-1
1
2
1
3
4
3
1
-1
-3
-4
-6
-7
-6
-5
-3
0
2
3
3
2
1
0
-1
-3
-4
-2
-1
-1
1
3
2
1
1
-1
-3
-5
-4
-3
1
2
5
5
5
4
2
-1
-3
-4
-4
-3
-3
0
2
4
5
4
4
1
-1
-4
-4
-6
-3
0
-1
1
2
2
1
-1
-2
-2
-1
0
3
5
6
4
2
0
-3
-6
-8
-6
-3
0
5
6
8
8
4
2
-1
-3
-5
-4
-2
0
3
4
7
5
6
5
2
1
3
0
0
-2
-2
0
-1
0
3
4
4
4
2
-1
-1
-2
-3
-3
-2
0
0
2
3
1
2
1
-2
-3
-5
-3
-3
-1
-1
0
0
-1
-2
-3
-3
-3
-2
-2
-1
0
0
2
1
-1
-1
-4
-2
-1
1
2
4
5
2
0
-1
-4
-3
-5
-4
-3
-2
0
2
2
1
0
1
-1
-1
-1
0
-1
-1
-2
-1
-3
-2
-2
-1
0
1
3
4
5
4
3
2
1
1
0
1
1
3
2
2
1
0
0
-1
-2
-2
-2
0
1
0
2
2
0
1
0
1
1
2
1
1
0
0
-1
1
2
1
0
-1
1
0
1
0
-1
0
1
2
1
0
0
-1
-2
0
1
2
1
1
-2
-2
-4
-4
-4
-4
-3
-2
-1
2
2
3
1
0
-1
0
0
0
1
0
3
3
1
1
1
1
0
-1
-1
-1
-1
1
2
1
1
1
2
2
2
1
0
0
-1
-3
-2
-2
-2
-1
2
1
2
2
1
1
-1
-2
-4
-4
-6
-4
-4
-1
0
2
2
-1
-1
-1
-2
-2
-2
-2
-1
0
3
2
3
4
0
0
-1
-1
-1
-1
-3
-2
-1
-1
0
1
-1
1
2
2
2
1
1
-2
-1
-1
-1
-1
0
1
-1
-1
-1
-1
1
1
1
1
1
0
1
0
0
1
0
2
0
0
0
0
-1
1
-1
-1
-2
-1
-1
-1
0
1
1
0
0
1
1
1
2
1
0
0
0
-1
0
1
0
-1
0
-1
-1
0
0
0
-1
-1
-1
-1
-1
0
0
1
-1
0
0
1
1
0
0
1
1
0
0
0
1
0
0
-1
0
1
1
0
1
1
0
0
-1
0
0
3
3
0
0
1
1
1
0
0
0
0
0
0
1
1
0
-1
0
1
3
1
2
0
1
0
0
1
-1
0
0
-1
0
-1
-2
0
0
1
-1
-2
-1
0
0
0
1
0
-1
-2
-1
-2
-1
-1
0
-1
-2
0
-1
-2
0
2
2
1
0
0
1
0
-1
-1
-2
-1
-1
-1
-1
-1
-1
0
2
2
1
1
1
-1
0
-2
-1
0
-1
1
0
0
2
2
1
1
1
2
1
0
0
1
0
0
-1
-1
-2
-1
-1
0
0
-1
1
2
1
-1
0
0
1
1
-2
-1
0
1
0
0
1
1
1
1
0
1
1
0
-1
-1
-2
-3
-3
-1
-1
-1
0
1
1
2
0
0
1
1
2
2
2
1
2
1
-1
0
-1
0
0
0
0
0
1
-1
0
1
0
1
0
0
0
-2
-2
-3
-2
-1
-1
-1
0
-1
1
1
0
1
0
0
1
1
0
1
0
-1
-1
-1
-1
-1
-1
-1
-1
0
1
0
0
0
-1
-1
0
0
-1
-1
0
-1
-1
-1
0
0
-2
-1
-1
-1
-1
-1
-1
-1
1
2
2
2
3
2
2
0
-1
-1
0
-1
-1
0
-2
-1
1
-1
0
-1
-1
-3
-1
-1
-2
1
0
0
1
2
1
2
1
2
2
1
2
1
1
1
0
0
0
-1
-1
0
-1
0
1
3
3
2
3
2
1
2
1
2
2
2
4
2
3
2
1
1
2
1
0
1
0
1
1
2
3
3
2
3
1
2
2
1
0
1
2
1
3
0
1
2
2
1
-1
0
0
0
1
1
1
0
1
0
1
1
1
2
1
-1
0
-1
-1
0
1
2
1
1
1
0
-1
-1
-2
-4
-2
-3
-4
-4
-4
-2
-1
0
-1
-2
-2
-2
-5
-3
-3
-3
-1
-1
-2
-2
-3
-4
-3
-3
-3
-4
-4
-4
-5
-5
-5
-2
-1
-1
0
0
-3
-3
-3
-3
-1
-2
-1
-1
-2
-3
-2
-1
-2
-1
1
1
1
0
-2
-1
-1
-2
-1
-2
-3
0
-1
-1
1
0
-1
1
0
0
3
1
0
2
-2
-2
2
0
2
4
-1
1
5
1
4
5
2
2
2
0
3
2
1
3
2
-2
3
1
2
6
3
3
6
2
0
4
2
2
4
0
1
3
1
2
4
1
3
5
3
4
5
3
5
5
2
4
3
1
2
0
-1
3
0
1
4
2
3
2
1
2
2
0
2
1
-1
2
0
-1
0
-1
-2
1
-1
-2
0
-2
3
2
0
0
-1
-1
2
3
1
1
2
-1
-1
-2
-4
-1
-3
-5
-3
-4
-3
-2
-3
-1
-1
-1
-2
-3
-3
-3
-4
-3
-2
-1
-2
-4
-6
-5
-4
-5
-4
-3
-8
-5
-4
-5
-3
-3
0
0
-2
-4
-3
-3
-2
1
1
-1
-2
-3
-3
-1
-1
1
0
0
-1
-1
-2
-2
-1
0
-2
-3
-3
-4
-2
0
0
2
3
1
1
0
-1
2
2
2
2
-1
-1
2
2
1
4
2
2
4
3
3
4
2
2
2
0
1
2
0
1
1
-2
-2
-1
0
2
1
2
2
2
3
2
2
2
1
4
3
4
3
4
4
3
3
2
1
2
0
-1
0
0
-2
-2
0
1
2
4
3
3
1
1
1
-1
-1
-1
-1
-1
-1
0
-1
0
0
1
0
-1
0
1
0
-2
-1
-2
-1
-2
-1
-1
-1
1
0
0
1
-1
-1
0
2
0
1
0
-2
-1
-1
0
1
-1
-1
-2
-3
-2
-2
-1
1
1
-1
-1
-1
-1
1
0
1
0
0
-1
-1
1
-1
0
0
0
2
0
-1
-1
-2
-1
0
0
1
0
0
-1
-1
-1
-1
-1
-2
1
1
1
0
0
1
1
0
-2
-3
-1
-1
1
2
3
3
2
1
0
0
0
2
0
-1
-1
0
-1
-1
-1
0
0
0
0
1
0
0
0
-1
0
-1
1
-1
-1
-1
0
0
-1
-1
-2
0
0
-1
0
1
1
1
-1
1
1
0
0
0
1
1
-1
-1
0
0
0
0
0
-1
0
2
2
2
1
2
0
-1
-2
-3
-1
-2
-1
0
-2
0
1
2
1
3
0
0
-1
1
1
0
1
-1
1
0
0
0
0
-1
-1
0
-1
0
1
0
-1
0
1
0
0
-1
-1
1
-1
0
0
-1
2
0
0
0
0
0
-1
0
0
0
0
-1
1
0
-1
-2
-2
-1
-1
0
0
0
0
0
1
2
2
1
1
1
-1
-1
-1
-1
-1
-1
-1
1
1
-1
0
-1
-1
-1
0
1
0
0
0
0
0
0
1
1
1
-1
2
0
