SAMPLES:	17619
BITSPERSAMPLE:	16
CHANNELS:	1
SAMPLERATE:	16000
NORMALIZED:	FALSE
0
0
-1
0
0
0
0
-1
0
0
0
0
0
0
0
0
0
0
0
0
0
0
-1
0
0
0
0
0
0
0
0
0
1
0
-1
0
0
0
0
0
0
0
0
0
0
0
0
0
0
0
0
0
0
0
-1
0
0
0
0
0
0
0
0
0
0
0
0
0
1
0
0
0
0
0
0
0
1
0
0
0
1
1
0
0
0
-1
1
1
0
0
0
0
0
0
0
1
0
0
0
1
0
0
0
0
0
-1
0
0
0
0
0
0
0
0
0
0
-1
-1
-1
0
0
0
0
-1
0
0
0
0
0
0
0
0
0
1
0
1
0
0
0
0
0
0
1
-1
0
1
-1
0
0
0
0
0
0
0
-1
0
0
0
-1
0
-1
0
0
0
0
0
-1
0
0
0
0
0
0
-1
0
0
0
0
0
0
0
0
-1
-1
0
0
0
0
0
1
0
0
0
0
0
-1
0
0
0
0
0
0
0
0
0
1
0
1
0
0
1
-1
1
0
0
0
-1
-1
0
0
0
-1
0
-1
0
0
0
-1
0
0
0
0
1
0
0
0
0
0
0
1
0
1
0
0
0
0
0
0
1
0
0
0
1
1
0
0
0
0
0
0
0
0
-1
1
0
0
0
0
0
0
0
1
0
0
-1
0
0
0
-1
-1
0
0
1
0
-1
0
0
0
0
0
0
-1
-1
0
0
-1
1
0
1
0
0
0
0
0
0
1
0
0
0
-1
0
0
0
0
0
1
-1
0
0
0
0
0
0
0
0
0
1
0
0
0
0
0
0
-1
0
0
-1
0
0
-1
0
0
0
0
0
0
0
0
1
0
0
-1
1
0
0
-1
-1
0
0
0
1
-1
0
0
0
-1
1
0
0
0
1
-1
0
0
0
0
0
0
0
0
0
0
0
-1
0
0
0
0
0
0
0
0
0
0
1
-1
0
0
-1
1
0
0
0
0
0
0
0
0
0
0
0
0
0
0
-1
0
0
0
0
0
0
0
-1
0
0
0
-1
0
0
-1
-1
0
0
0
0
0
1
1
-1
0
-1
0
16
-9
-71
-77
-53
-40
-58
-32
3
35
19
9
18
33
9
-8
7
20
14
11
23
24
16
-8
-9
-10
-22
-38
-25
-16
-15
-10
2
8
-2
-12
-19
-18
-27
-35
-34
-22
-21
-13
-6
-2
-7
-12
-17
-17
-18
-27
-23
-15
-10
-14
-25
2
30
37
32
33
41
33
16
13
27
29
19
13
26
32
16
6
13
7
-10
-15
-6
-4
-8
-7
1
7
5
0
0
5
2
-3
0
5
2
-1
2
5
1
-5
-7
-5
-3
-8
-5
-5
-6
-7
-5
-3
-4
-11
-10
-10
-11
-11
-10
-8
-9
-9
-8
-4
-3
-7
-6
-5
-7
-4
-3
-6
-5
-7
-3
3
4
5
9
14
12
6
-1
3
7
7
6
8
15
15
11
14
10
-1
-5
-4
1
-1
4
6
8
9
4
1
1
-1
-4
-1
1
3
6
3
1
1
-6
-9
-9
-10
-10
-10
-5
-3
-1
-3
-9
-11
-12
-16
-18
-19
-18
-16
-12
-9
-7
-7
-8
-8
-6
-8
-10
-8
-2
1
-3
-3
-5
-1
14
20
22
20
19
16
20
15
12
14
13
10
16
27
26
21
23
26
13
7
4
4
3
4
7
15
13
14
11
6
3
-5
-5
-6
1
-5
1
10
9
0
-4
-8
-11
-16
-19
-18
-19
-17
-14
-9
-15
-21
-25
-29
-36
-38
-36
-33
-29
-27
-22
-17
-16
-18
-17
-16
-16
-15
-8
-6
-2
-1
-3
15
25
29
25
32
34
28
18
17
28
30
26
25
39
39
33
30
36
27
17
12
14
15
15
15
17
22
18
12
7
6
-6
-11
-7
-3
-2
-2
0
1
0
-9
-17
-19
-21
-28
-24
-24
-27
-27
-27
-25
-28
-35
-41
-44
-47
-49
-47
-44
-42
-39
-30
-24
-17
-17
-20
-15
-9
-5
-6
-2
0
3
22
33
37
37
39
37
39
32
27
29
30
30
32
40
41
38
35
36
27
23
17
17
17
18
21
30
39
48
40
24
27
14
-18
-50
-49
-45
-62
-60
-12
28
5
-31
-2
24
-11
-57
-16
40
57
44
80
107
19
-89
-128
-140
-282
-390
-381
-308
-356
-400
-336
-224
-269
-363
-264
-149
-141
-211
-98
-40
-67
230
642
852
697
677
810
691
210
-44
172
119
-238
-303
211
395
41
-77
153
-4
-374
-501
-213
30
34
261
820
1253
1001
685
731
728
160
-368
-344
-175
-421
-680
-262
211
54
-364
-228
66
-123
-522
-281
252
445
420
644
966
632
-13
-287
-264
-822
-1488
-1588
-1229
-1314
-1744
-1683
-1294
-1397
-1947
-1928
-1432
-1277
-1429
-1169
-698
-910
80
1988
3106
2899
2632
3345
3143
1674
232
805
1018
-59
-993
211
1381
508
-356
181
108
-1278
-1943
-1332
-442
-517
-43
1477
3088
2923
2131
1951
2230
1184
-308
-661
-324
-639
-1578
-924
282
255
-803
-852
-94
-15
-842
-759
374
1017
1012
1227
1957
1643
376
-466
-442
-1248
-2688
-3324
-2793
-2527
-3352
-3637
-3158
-3004
-3967
-4328
-3253
-2526
-2594
-2549
-1448
-1669
-545
2877
5303
5690
4909
6048
6133
4179
1150
1436
2416
1175
-1124
-244
2238
1570
-301
7
553
-1681
-3243
-2719
-999
-1040
-668
1354
4088
4501
3453
2721
3131
2151
-47
-995
-701
-716
-2170
-1715
-39
419
-1031
-1627
-710
-34
-776
-1107
200
1301
1453
1489
2429
2438
968
-426
-517
-1179
-2975
-4193
-3890
-3155
-3925
-4585
-4334
-3917
-4764
-5518
-4274
-3000
-2747
-3102
-1820
-1665
-1006
2626
5575
6729
5666
6690
7168
5645
2026
1530
2953
2343
-476
-752
2045
2126
28
-356
860
-1162
-3213
-3231
-1037
-739
-687
938
3728
4675
3748
2703
2881
2297
119
-1076
-939
-607
-2083
-2095
-631
261
-1026
-2137
-1541
-539
-672
-1140
-74
1111
1508
1452
2374
2717
1473
-137
-353
-596
-2194
-3656
-3857
-3017
-3423
-4239
-4335
-4079
-4663
-5632
-4678
-3230
-2585
-3127
-2069
-1349
-1039
2017
4677
6257
5207
5868
6601
5939
2677
1448
2787
2917
470
-926
1273
1775
50
-980
504
-696
-2562
-3161
-1043
-213
-195
867
2970
4184
3551
2742
2751
2501
690
-363
-335
-16
-1295
-1661
-902
-169
-1096
-2340
-2194
-1403
-1069
-1178
-210
818
1360
1447
2265
2676
1741
238
-137
-197
-1387
-2688
-3212
-2698
-2971
-3709
-4050
-4233
-5015
-6041
-5393
-4043
-3172
-3603
-2661
-1750
-1293
1768
4385
5945
4972
5566
6465
6120
3194
1758
2980
3151
1073
-503
1212
1383
-226
-1243
169
-823
-2558
-3073
-1109
-69
155
1105
2760
4041
3588
3140
3179
2915
1307
482
505
485
-715
-1107
-792
-544
-1458
-2619
-2661
-2182
-1880
-1533
-260
733
1254
1527
2387
2686
1729
229
-271
-472
-1435
-2445
-2858
-2574
-3058
-3587
-3894
-4392
-5622
-6689
-6097
-4808
-4013
-4322
-3388
-2686
-1630
2148
5026
6291
5388
6305
7175
6265
3269
2248
3553
3277
1223
301
2017
1560
-359
-978
177
-1399
-3340
-3240
-1070
-174
127
1290
3125
4326
3808
3351
3388
2954
1422
636
614
366
-751
-1016
-751
-754
-1901
-3048
-3077
-2583
-2465
-2001
-537
589
1138
1472
2394
2648
1594
-7
-481
-722
-1514
-2326
-2545
-2285
-2879
-3250
-3481
-4136
-5627
-6670
-6083
-4803
-4196
-4439
-3560
-2973
-1190
2861
5593
6493
5752
6896
7484
6018
3102
2644
3834
3125
1136
903
2506
1507
-599
-911
-225
-2247
-4113
-3400
-1121
-412
-31
1351
3419
4401
3774
3398
3634
3229
1883
1084
1025
621
-485
-749
-675
-1041
-2501
-3587
-3480
-2969
-3117
-2719
-1177
129
691
1004
1914
2150
1158
-127
-243
-382
-1046
-1662
-1561
-1337
-2021
-2472
-2830
-3862
-5567
-6458
-5941
-4894
-4708
-4669
-3660
-3076
-738
3054
5434
5907
5456
6730
7025
5134
2708
3095
4204
3095
1267
1783
3047
1413
-809
-814
-779
-3174
-4887
-3653
-1484
-932
-348
1320
3507
4128
3426
3369
3940
3511
2292
1621
1793
1377
317
119
99
-688
-2431
-3379
-3072
-2857
-3511
-3215
-1593
-236
71
283
1121
1234
337
-406
-242
-485
-1176
-1509
-939
-740
-1531
-2111
-2514
-3739
-5456
-6147
-5634
-4963
-5301
-4997
-3989
-3199
-225
3257
5255
5446
5537
6832
6534
4093
2273
3526
4516
2988
1542
2856
3677
1486
-516
-331
-1167
-3985
-5315
-3638
-1847
-1408
-475
1598
3723
3875
3113
3355
3882
3170
2025
1728
2117
1571
851
1035
943
-262
-2021
-2640
-2254
-2530
-3391
-2900
-1311
-346
-328
18
675
425
-440
-725
-611
-1151
-1860
-1831
-1066
-1111
-1887
-2212
-2549
-3898
-5327
-5579
-4954
-4807
-5426
-4891
-4083
-2815
707
3860
5392
5425
6072
7157
6005
3279
2282
3928
4273
2338
1682
3435
3517
1088
-231
-85
-1777
-4574
-5056
-3104
-1953
-1626
-306
2083
3740
3425
2811
3253
3450
2473
1497
1489
1685
959
745
1171
820
-606
-2010
-2151
-1751
-2226
-2830
-2124
-804
-240
-191
365
737
167
-546
-574
-652
-1422
-2072
-1925
-1444
-1810
-2407
-2468
-2875
-4182
-5042
-4785
-4186
-4444
-4979
-4461
-3936
-2196
1466
4142
5197
5329
6434
7180
5503
3110
2881
4242
3623
1656
1724
3299
2609
376
-265
-319
-2430
-4740
-4492
-2681
-2005
-1680
-103
2252
3364
2911
2738
3358
3351
2300
1546
1619
1472
709
707
976
301
-1155
-2158
-1977
-1577
-1965
-2261
-1457
-345
60
269
846
947
251
-246
-160
-406
-1215
-1779
-1715
-1646
-2310
-2845
-2960
-3578
-4744
-5039
-4379
-3896
-4463
-4815
-4458
-3887
-1370
2102
4106
4811
5394
6880
6980
4850
3060
3473
4203
2785
1312
2093
3048
1657
47
27
-716
-3311
-4814
-3833
-2310
-1978
-1409
497
2545
3088
2753
2972
3518
3140
2135
1753
1894
1473
896
1037
953
-239
-1808
-2454
-2063
-1859
-2235
-2017
-851
41
303
623
1078
754
-74
-328
-250
-701
-1411
-1599
-1397
-1733
-2562
-3003
-3366
-4487
-5482
-5215
-4359
-4432
-5136
-4992
-4624
-3072
442
3339
4633
5069
6285
7477
6171
3745
3090
4166
3926
2147
1867
3149
2862
1032
397
256
-1938
-4441
-4574
-2971
-2021
-1808
-593
1505
2824
2860
2692
3061
3127
2378
1765
1881
1856
1272
1108
1257
504
-1224
-2587
-2697
-2370
-2583
-2646
-1632
-425
98
366
873
977
237
-386
-378
-519
-1113
-1365
-998
-938
-1691
-2479
-2858
-3746
-5118
-5592
-4906
-4436
-5090
-5307
-4809
-3864
-907
2531
4480
5131
5715
7206
7016
4807
3198
3967
4612
3273
1990
2794
3381
1871
487
446
-816
-3624
-4919
-3880
-2350
-2044
-1415
283
2021
2688
2515
2584
2838
2496
1909
1903
2063
1626
1156
1345
1131
-247
-2050
-2880
-2764
-2834
-3118
-2542
-1292
-502
-156
369
841
408
-376
-550
-402
-680
-954
-752
-395
-767
-1599
-2154
-2867
-4133
-5138
-4979
-4455
-4660
-5304
-4957
-4339
-2350
1236
3493
4648
4881
6304
6883
5542
3485
3659
4669
4123
2588
2577
3603
2686
959
393
-37
-2649
-4689
-4647
-2919
-2337
-1899
-494
1268
2304
2356
2338
2550
2366
1848
2005
2304
2064
1408
1678
1878
907
-994
-2378
-2662
-2803
-3169
-2994
-1964
-1140
-811
-318
426
236
-638
-1000
-687
-692
-939
-939
-478
-440
-1089
-1611
-2216
-3374
-4734
-4795
-4347
-4095
-4941
-5048
-4584
-3122
727
2988
4370
4313
5705
6442
5536
3349
3153
4288
4215
3059
2914
4269
3506
1829
883
866
-1868
-4303
-4902
-3197
-2462
-2136
-708
1091
2048
2155
2235
2425
2085
1278
1611
2140
2104
1267
1609
2249
1540
-316
-1845
-2318
-2545
-3030
-3090
-2166
-1363
-1261
-928
9
10
-1009
-1615
-1234
-1069
-1253
-1272
-731
-417
-937
-1399
-1871
-2962
-4608
-4743
-4093
-3444
-4288
-4806
-4540
-3138
987
3158
4399
4082
5394
6081
5116
2955
2661
3868
3952
3204
3264
4811
3944
2381
1467
1655
-1155
-3743
-4511
-3060
-2344
-2171
-852
874
1586
1682
1870
2127
1745
742
1073
1783
1955
1019
1135
1994
1567
-85
-1513
-2065
-2291
-2857
-3062
-2177
-1304
-1426
-1401
-511
-275
-1277
-2059
-1706
-1344
-1346
-1291
-698
-281
-678
-1208
-1579
-2502
-4143
-4484
-3756
-2752
-3341
-4020
-4052
-2714
1209
3310
4258
3799
4852
5461
4477
2501
2217
3396
3568
3078
3357
4863
4028
2476
1721
1976
-507
-3101
-3861
-2722
-2056
-1969
-862
742
1242
1141
1209
1521
1213
241
439
1359
1870
1135
991
1893
1797
413
-895
-1475
-1684
-2290
-2569
-1708
-822
-1123
-1420
-766
-427
-1420
-2417
-2340
-1993
-1797
-1634
-1061
-689
-851
-1261
-1473
-2251
-3743
-4252
-3609
-2519
-2802
-3275
-3519
-2112
1459
3625
4336
3769
4460
4769
3600
1739
1541
2608
2743
2357
3102
4642
3920
2328
1838
2032
-123
-2544
-3109
-2123
-1582
-1351
-195
1220
1497
1141
1036
1245
828
-74
7
960
1481
996
1015
1853
1714
437
-693
-1085
-1309
-1910
-2002
-1025
-251
-607
-917
-479
-453
-1659
-2753
-2896
-2667
-2385
-2061
-1401
-1069
-1196
-1527
-1716
-2618
-4105
-4662
-4012
-2993
-3032
-3242
-3428
-1304
2384
4511
4912
4506
5182
4841
2923
1067
1328
2279
1958
1591
3117
4635
3634
2123
2067
1950
-446
-2474
-2408
-1389
-1150
-646
892
2032
1952
1468
1382
1333
519
-306
-29
724
821
540
1027
1645
1047
-227
-1093
-1265
-1566
-2029
-1669
-510
74
-243
-366
-122
-631
-2031
-2936
-3100
-3018
-2751
-2170
-1363
-1127
-1382
-1609
-1940
-3186
-4607
-4858
-4070
-3391
-3395
-3463
-3030
82
3589
5199
5345
5446
6107
4804
2224
869
1759
2263
1361
1422
3569
4592
3133
1929
2051
1139
-1517
-2716
-1893
-1024
-991
-116
1640
2416
2013
1489
1395
1090
61
-491
83
633
512
575
1280
1461
401
-879
-1484
-1552
-1926
-2129
-1329
-122
260
21
17
-24
-996
-2404
-3093
-3354
-3371
-3037
-2205
-1340
-1102
-1256
-1427
-2102
-3416
-4357
-4276
-3778
-3619
-3493
-3292
-1824
1820
4482
5312
5350
5925
6066
3677
1015
619
1869
1702
614
1485
3806
4118
2590
1932
1805
-150
-2549
-2536
-1171
-666
-664
719
2521
2825
2059
1480
1337
681
-409
-456
388
694
472
843
1660
1429
-12
-1245
-1508
-1494
-1889
-1796
-668
360
472
319
441
-68
-1569
-2863
-3325
-3553
-3700
-3300
-2269
-1414
-1311
-1483
-1750
-2677
-3748
-4153
-3800
-3657
-3737
-3573
-2882
60
3628
5110
5306
5543
6442
5369
2116
67
663
1586
634
169
2048
3855
3248
2118
2216
1254
-1584
-3038
-1842
-489
-454
116
2033
3525
3259
2293
1852
1413
227
-645
-233
579
486
299
1038
1691
886
-805
-1701
-1563
-1669
-2047
-1422
20
779
662
779
744
-455
-2187
-3200
-3474
-3867
-4028
-3323
-2242
-1694
-1880
-2040
-2619
-3613
-4301
-4075
-3618
-3758
-3803
-3616
-1513
2720
5285
5770
5699
6667
6908
4065
723
-39
1036
797
-324
594
2852
3279
2163
2107
2180
-149
-2678
-2505
-761
-192
60
1498
3345
3957
3088
2310
1872
782
-500
-862
-151
258
61
447
1251
1165
-204
-1666
-1874
-1735
-2087
-1989
-660
723
1023
1038
1267
605
-1172
-2841
-3533
-3924
-4424
-4145
-3173
-2129
-1986
-2124
-2480
-3268
-4051
-4130
-3508
-3389
-3578
-3480
-2454
1462
5119
6222
6033
6360
7442
5813
2236
50
604
985
-34
-233
1707
2929
2075
1538
2104
993
-1811
-2843
-1440
-198
44
1096
2763
3983
3625
2654
2152
1320
-73
-1098
-873
-242
-201
-120
656
987
282
-1241
-1843
-1604
-1713
-1967
-1084
563
1415
1439
1604
1450
-66
-2132
-3518
-4003
-4551
-4645
-4046
-2809
-2228
-2261
-2548
-3160
-3920
-4207
-3749
-3185
-3322
-3143
-2633
253
4522
6239
6359
5927
7001
6395
3415
460
308
912
301
-385
928
2627
2014
993
1319
1308
-1147
-2891
-2226
-491
21
857
2404
3858
4026
3202
2642
2041
708
-670
-859
-317
-100
-382
248
872
549
-907
-1962
-1863
-1715
-2024
-1450
229
1474
1702
1819
2168
1130
-963
-2817
-3669
-4207
-4563
-4456
-3410
-2676
-2668
-3068
-3630
-4460
-4828
-4603
-3857
-3749
-3691
-3213
-818
4130
6440
7037
6482
7545
7217
4415
1029
455
1132
374
-474
528
2639
2106
759
627
1014
-1400
-3411
-3027
-930
-40
724
2537
4269
4617
3818
3262
2721
1322
-315
-569
2
309
-222
171
1005
835
-672
-2181
-2446
-2273
-2467
-2027
-353
1095
1611
1832
2511
2004
56
-1930
-3065
-3717
-4213
-4436
-3654
-2921
-2935
-3468
-4053
-4947
-5458
-5390
-4710
-4395
-4470
-3971
-1887
3523
6494
7482
7087
8206
8178
5411
1789
776
1573
665
-392
336
2666
2339
906
382
855
-1525
-3800
-3560
-1366
-206
448
2367
4366
4862
3979
3348
2792
1498
-317
-680
-106
336
-155
109
996
1055
-235
-1854
-2417
-2424
-2544
-2375
-985
448
1237
1613
2239
2075
564
-1233
-2446
-3224
-3714
-4005
-3485
-2814
-2718
-3201
-3893
-4842
-5428
-5435
-4996
-4629
-4721
-4132
-2665
2306
5818
7190
6913
7676
8137
5908
2492
915
1657
1019
-77
174
2432
2543
1294
415
849
-1030
-3390
-3477
-1597
-289
255
1908
3861
4531
3744
3169
2577
1588
-216
-687
-282
230
-93
160
1042
1170
247
-1118
-1769
-2036
-2142
-2184
-1152
98
982
1343
1749
1574
439
-1043
-2163
-2978
-3407
-3593
-3165
-2557
-2386
-2750
-3567
-4566
-5255
-5209
-5036
-4752
-4984
-4271
-3269
1106
4939
6720
6741
7063
7897
6098
3014
856
1461
1096
166
-50
2068
2641
1744
697
933
-508
-3003
-3454
-1912
-329
190
1726
3621
4765
4184
3442
2595
1686
-150
-976
-862
-288
-292
59
1187
1393
665
-741
-1507
-1888
-2084
-2254
-1354
-6
1036
1460
1894
1715
501
-1040
-2200
-3034
-3555
-3775
-3251
-2452
-2166
-2516
-3416
-4520
-5500
-5526
-5416
-5194
-5660
-4877
-3883
692
4903
6987
7302
7489
8531
6689
3511
922
1495
1087
161
-327
1751
2532
1801
764
893
-505
-3291
-3910
-2331
-298
307
2055
4032
5666
5274
4138
2954
1812
-77
-1314
-1442
-958
-724
-353
957
1341
767
-762
-1614
-1892
-2136
-2367
-1555
-56
1116
1605
2055
1910
551
-1140
-2416
-3255
-3811
-4050
-3472
-2475
-1924
-2141
-2993
-4219
-5403
-5551
-5457
-5284
-5904
-5134
-4137
486
4771
6979
7420
7684
8822
7142
3962
1256
1718
1238
245
-414
1550
2346
1680
663
859
-442
-3240
-4001
-2491
-430
210
1981
3992
5716
5522
4376
3132
1933
89
-1257
-1507
-1223
-1069
-821
370
928
540
-762
-1494
-1591
-1698
-1948
-1265
81
1140
1466
1773
1578
254
-1429
-2709
-3423
-3939
-4158
-3676
-2597
-1903
-1893
-2517
-3617
-4694
-4938
-4812
-4666
-5279
-4790
-3922
253
4135
6160
6565
7060
8224
6921
3999
1602
1837
1356
263
-390
1326
2032
1342
430
801
-299
-2771
-3571
-2145
-437
124
1636
3684
5230
5165
4290
3234
2184
394
-859
-1139
-1017
-1110
-974
-41
508
164
-870
-1432
-1373
-1303
-1493
-762
420
1292
1543
1807
1554
297
-1358
-2676
-3403
-3970
-4197
-3895
-2945
-2363
-2174
-2628
-3587
-4512
-4752
-4659
-4849
-5285
-5075
-3779
562
4272
6180
6509
7337
8236
6741
3706
1752
1935
1422
135
-81
1578
2009
943
69
390
-1041
-3379
-3778
-2011
-461
278
1907
4241
5582
5406
4547
3632
2469
564
-626
-816
-753
-942
-819
-102
197
-442
-1534
-1993
-1841
-1746
-1705
-603
841
1841
2216
2520
2171
782
-1096
-2645
-3517
-4119
-4308
-4074
-3227
-2744
-2539
-3150
-4108
-4980
-5126
-5268
-5864
-5985
-5749
-3374
1583
5234
6958
7100
8082
8379
6294
3147
1791
2138
1475
218
723
2336
2179
636
-122
-183
-2327
-4535
-4209
-2115
-624
460
2495
4967
5951
5527
4657
3899
2475
513
-507
-495
-456
-677
-562
102
86
-993
-2122
-2383
-2212
-2239
-1894
-418
1200
2136
2515
2838
2302
626
-1371
-2802
-3596
-4128
-4252
-3824
-3028
-2687
-2661
-3387
-4192
-4969
-5045
-5457
-6059
-5936
-5568
-2347
2512
5638
6883
6874
7869
7578
5211
2522
1893
2285
1396
525
1639
2991
2228
577
47
-506
-3037
-4787
-3966
-2004
-724
538
2762
4918
5449
4889
4208
3586
2086
305
-402
-221
-133
-342
-138
525
198
-1131
-2120
-2233
-2080
-2133
-1625
-74
1416
2121
2370
2529
1730
-51
-1824
-2934
-3532
-3897
-3834
-3237
-2619
-2460
-2690
-3396
-4014
-4582
-4668
-5322
-5659
-5433
-4825
-1087
3054
5409
6089
6223
7279
6395
3865
1822
1881
2107
881
592
2208
3163
1877
450
279
-857
-3540
-4630
-3369
-1676
-716
804
3234
4953
5032
4287
3823
3167
1509
39
-289
19
-31
-229
241
836
70
-1424
-2251
-2155
-2060
-2143
-1315
443
1830
2358
2636
2643
1456
-562
-2178
-3002
-3531
-3911
-3625
-2796
-2341
-2436
-2970
-3581
-4205
-4639
-4978
-5740
-5633
-5557
-3856
687
4133
5873
6053
6825
7568
5560
2682
1416
2130
1643
228
910
2907
3025
1080
212
116
-2120
-4749
-4730
-2849
-1600
-649
1607
4385
5606
4997
4266
4016
2988
1048
-27
81
232
-181
-285
571
778
-698
-2323
-2682
-2355
-2480
-2364
-861
1074
2193
2721
3249
2959
1140
-1081
-2433
-3132
-3844
-4233
-3523
-2611
-2381
-2728
-3357
-3888
-4489
-4723
-5484
-5943
-5783
-5485
-1927
2553
5283
6202
6375
7689
7226
4311
1719
1708
2360
1059
224
1925
3508
2353
481
414
-500
-3631
-5334
-4008
-2202
-1393
-102
2651
5085
5330
4446
3938
3670
2214
539
166
425
260
-290
48
908
305
-1628
-2846
-2694
-2402
-2636
-1961
-136
1432
2164
2793
3245
2328
174
-1707
-2646
-3316
-4107
-4115
-3099
-2382
-2320
-2831
-3340
-3819
-4068
-4440
-5397
-5451
-5687
-4203
135
3632
5439
5529
6305
7208
5535
2512
1122
2064
2002
477
833
2959
3338
1453
542
695
-1405
-4393
-4598
-2713
-1449
-879
864
3560
4859
4554
3715
3410
2756
1104
259
457
581
162
48
855
1153
-129
-1887
-2535
-2179
-2276
-2305
-1149
530
1513
2019
2670
2619
1129
-954
-2260
-2822
-3593
-4263
-3759
-2704
-2161
-2313
-2806
-3224
-3562
-3684
-4476
-4937
-5126
-5184
-2036
1985
4481
5050
5086
6328
6043
3451
977
1088
2059
1072
257
1854
3416
2359
668
868
273
-2818
-4671
-3477
-1602
-895
-126
2185
4232
4585
3905
3258
2907
1543
119
135
579
421
29
531
1362
927
-761
-2150
-2199
-2010
-2152
-1508
132
1451
1943
2510
2937
2047
-24
-1839
-2590
-3213
-4156
-4295
-3322
-2488
-2291
-2626
-3003
-3497
-3736
-4067
-4632
-4582
-5223
-3655
757
4134
5494
5175
5975
6736
4728
1546
290
1336
1267
-47
619
2784
2951
967
394
882
-1369
-4477
-4564
-2539
-1155
-693
855
3484
4692
4282
3532
3180
2285
416
-333
222
508
23
-83
884
1294
36
-1682
-2287
-2024
-2025
-1791
-379
1265
1981
2382
3055
2880
1156
-1029
-2311
-2899
-3741
-4407
-3837
-2917
-2440
-2526
-2774
-3113
-3619
-3681
-4105
-4013
-4349
-4444
-831
3360
5578
5590
5481
6723
5805
2592
125
433
1107
-36
-346
1670
3112
1751
231
827
92
-3159
-4835
-3446
-1556
-823
59
2391
4352
4438
3648
3109
2574
905
-599
-429
245
81
-376
231
1200
646
-954
-1960
-1968
-1922
-2026
-1094
629
1673
2028
2665
3104
2132
17
-1753
-2575
-3166
-4047
-4140
-3288
-2615
-2354
-2439
-2488
-2944
-3217
-3462
-3567
-3372
-4165
-2421
1884
4843
5689
4933
5751
5996
3500
461
-309
648
27
-892
499
2739
2552
681
553
920
-1390
-4085
-3922
-2048
-924
-254
1574
3807
4481
3878
3145
2722
1495
-397
-932
-184
144
-280
-143
852
1014
-200
-1418
-1709
-1686
-2035
-1691
-129
1253
1717
2156
2816
2539
849
-1152
-2345
-2907
-3632
-4223
-3697
-2961
-2572
-2416
-2425
-2662
-3056
-3238
-3535
-3121
-3510
-3258
489
4040
5820
5211
5162
6053
4535
1475
-408
315
331
-975
-537
1963
2966
1332
283
996
-75
-3063
-4003
-2498
-1054
-470
827
3143
4359
4075
3282
2880
2141
246
-1094
-755
-87
-285
-504
204
831
204
-1095
-1679
-1447
-1577
-1623
-478
1140
1906
2144
2644
2735
1509
-526
-2082
-2859
-3471
-4229
-4201
-3485
-3120
-2877
-2859
-2936
-3247
-3283
-3559
-3340
-3044
-3560
-778
3324
5924
6127
5376
6352
5846
3064
191
50
655
-580
-1374
655
2727
1915
168
516
711
-1963
-3929
-3033
-1316
-617
63
2183
4048
4235
3414
2892
2600
1144
-783
-1186
-472
-385
-851
-507
329
265
-891
-1744
-1459
-1196
-1286
-572
1087
2185
2358
2545
2757
1950
52
-1793
-2781
-3360
-4100
-4505
-3912
-3434
-3233
-3227
-3123
-3217
-3231
-3257
-3284
-2519
-3068
-1816
2301
5466
6614
5624
6007
6382
4287
1041
-222
617
55
-1458
-600
1934
2285
454
-91
821
-727
-3306
-3370
-1632
-556
-244
1306
3547
4375
3655
2820
2603
1898
-60
-1236
-780
-331
-800
-935
-150
299
-562
-1627
-1570
-1122
-1221
-1031
507
2028
2399
2315
2562
2224
679
-1350
-2529
-3084
-3753
-4493
-4224
-3462
-3209
-3279
-3234
-3009
-3001
-2941
-3139
-2390
-2290
-2420
898
4459
6380
5784
5239
6143
4994
1974
-260
333
658
-854
-1254
959
2405
1043
-362
376
56
-2502
-3607
-2177
-632
-252
604
2827
4378
4131
3095
2445
2248
757
-872
-894
-267
-440
-900
-502
220
-249
-1459
-1879
-1420
-1244
-1340
-216
1588
2550
2496
2643
2564
1427
-636
-2207
-2902
-3505
-4308
-4558
-3801
-3343
-3261
-3478
-3369
-3251
-3062
-3176
-2883
-2039
-2612
-469
3558
6164
6585
5328
6107
5996
3383
317
-34
949
-78
-1438
-66
2146
1638
-299
-235
296
-1847
-3916
-3081
-1099
-297
95
1898
3996
4523
3727
2697
2434
1461
-340
-946
-374
-236
-709
-785
-118
-116
-1254
-2134
-1860
-1317
-1270
-625
1034
2524
2814
2867
2943
2210
318
-1691
-2717
-3326
-4039
-4706
-4292
-3749
-3411
-3584
-3744
-3634
-3429
-3212
-3312
-2265
-2505
-1722
2434
5675
7188
6042
6078
6796
4868
1434
-224
755
540
-1246
-937
1492
2081
179
-638
316
-963
-3599
-3732
-1646
-335
-101
1095
3286
4457
3868
2812
2372
1793
75
-1107
-653
-195
-489
-897
-423
15
-910
-2143
-2075
-1352
-1124
-861
498
2256
2856
2772
2882
2609
1066
-1197
-2558
-3099
-3605
-4448
-4409
-3776
-3364
-3393
-3660
-3516
-3432
-3182
-3296
-2516
-2098
-2445
943
4640
6793
6349
5589
6653
5571
2488
-94
335
828
-691
-1335
750
2229
999
-522
210
-18
-2575
-3711
-2135
-384
-71
576
2398
4135
3779
2694
2184
1950
648
-987
-889
-171
-162
-731
-562
240
-292
-1796
-2115
-1493
-1130
-1231
-292
1548
2517
2412
2526
2590
1525
-701
-2401
-2962
-3277
-4034
-4337
-3628
-3107
-3037
-3380
-3323
-3229
-3184
-3283
-2858
-1875
-2544
-527
3486
6041
6494
5155
6110
5942
3452
418
61
1023
55
-1258
59
2126
1685
-144
-138
495
-1533
-3375
-2616
-557
130
420
1690
3658
3876
2731
1989
1960
1260
-626
-1130
-377
-109
-788
-930
-40
24
-1526
-2349
-1813
-1101
-1161
-697
1105
2566
2615
2540
2723
2073
87
-2117
-3020
-3267
-3855
-4522
-4064
-3319
-3117
-3538
-3755
-3530
-3425
-3497
-3255
-1907
-2148
-1560
2697
5893
7274
5694
5981
6760
4819
1339
-99
1128
726
-1088
-868
1652
1913
66
-793
436
-843
-3252
-3300
-1065
175
301
1204
3195
4171
3220
2239
2095
1918
-24
-1158
-608
-78
-841
-1256
-540
-25
-1346
-2700
-2311
-1321
-1093
-941
718
2552
2947
2631
2875
2576
913
-1606
-2992
-3259
-3773
-4652
-4598
-3735
-3342
-3664
-4086
-3834
-3617
-3614
-3412
-2072
-1507
-2066
1780
5557
7615
6348
5639
6949
5746
2288
-188
975
1261
-532
-1484
1084
2094
542
-1103
144
-112
-2687
-3588
-1570
204
345
965
2794
4392
3624
2437
1997
2166
490
-1136
-912
25
-537
-1289
-865
-136
-952
-2808
-2866
-1798
-1237
-1277
40
2098
2970
2534
2640
2672
1441
-993
-2832
-3095
-3431
-4288
-4634
-3839
-3227
-3396
-3976
-3914
-3583
-3655
-3465
-2514
-1136
-2012
807
4766
7169
6665
5141
6384
5817
2997
-162
632
1479
331
-1463
532
2175
1236
-881
-308
208
-1956
-3404
-1968
199
561
1086
2490
4531
4093
2745
1918
2131
988
-732
-1067
5
-103
-1058
-976
-405
-776
-2786
-3393
-2528
-1677
-1733
-720
1347
2701
2409
2376
2555
1575
-569
-2600
-2857
-3129
-3854
-4446
-3830
-3220
-3356
-4014
-4222
-3819
-3930
-3687
-2987
-1230
-1829
546
4609
7119
7179
5442
6649
6143
3665
128
705
1658
797
-1251
340
2225
1504
-710
-557
80
-2009
-3459
-2289
25
417
1097
2414
4548
4276
2943
2010
2187
1197
-434
-954
-64
2
-944
-877
-575
-889
-2812
-3627
-2935
-2174
-2077
-1069
959
2406
2399
2487
2675
1575
-470
-2395
-2686
-3057
-3791
-4460
-3919
-3502
-3671
-4341
-4719
-4424
-4452
-4097
-3331
-1547
-2015
868
5249
7876
7823
6294
7659
6962
4088
371
1116
2017
874
-1171
589
2413
1351
-928
-597
-184
-2664
-4009
-2576
-241
70
875
2480
4527
4203
2932
2134
2270
1099
-427
-654
199
160
-648
-526
-289
-898
-2939
-3797
-3097
-2521
-2415
-1284
788
2182
2269
2461
2637
1427
-732
-2455
-2677
-3039
-3872
-4465
-3748
-3445
-3631
-4381
-4790
-4702
-4672
-4343
-3422
-1849
-2117
1412
5711
8237
7615
6520
7768
6916
3572
272
1349
2223
874
-811
1230
2731
1307
-914
-293
-349
-3022
-4224
-2455
-297
21
850
2709
4573
4180
2982
2253
2106
700
-574
-392
439
293
-358
-110
67
-976
-3086
-3792
-3095
-2738
-2703
-1377
643
1833
1961
2303
2474
1105
-1131
-2476
-2513
-2955
-3932
-4211
-3358
-3127
-3418
-4211
-4519
-4662
-4633
-4475
-3307
-2283
-1910
2132
5933
7961
6833
6510
7497
6222
2522
244
1595
2171
495
-366
1890
2829
1026
-721
157
-653
-3396
-4162
-2059
-283
41
1033
3252
4828
4308
3214
2564
1850
126
-921
-301
405
4
-415
147
329
-1070
-3135
-3539
-2844
-2733
-2725
-1295
688
1652
1946
2473
2519
851
-1496
-2541
-2499
-3183
-4389
-4356
-3508
-3141
-3701
-4419
-4584
-4743
-4773
-4664
-3143
-2770
-1192
3296
6731
8032
6741
7361
7925
5609
1623
493
2040
1797
-228
135
2608
2665
394
-420
429
-1489
-4272
-4201
-1813
-549
-209
1411
3996
5160
4365
3376
2817
1513
-412
-1070
-78
410
-274
-312
548
557
-1283
-3293
-3338
-2719
-2823
-2673
-950
1019
1752
2240
2876
2603
426
-1948
-2660
-2588
-3661
-4892
-4516
-3620
-3353
-4310
-4817
-4961
-5088
-5353
-4795
-3255
-3168
-115
4629
7808
8084
7131
8505
8257
4741
970
1093
2510
1209
-558
1088
3308
2156
-149
88
286
-2584
-4938
-3852
-1518
-833
-268
2044
4531
5095
4043
3392
2780
1005
-787
-877
260
265
-531
-139
751
232
-1962
-3543
-3115
-2717
-2943
-2378
-376
1250
1687
2333
2974
2192
-320
-2287
-2576
-2602
-4022
-4910
-4219
-3395
-3589
-4689
-4909
-5001
-5273
-5610
-4454
-3319
-2826
1209
5720
8263
7687
7442
8906
7649
3562
735
1824
2562
665
-205
2179
3533
1512
-196
516
-264
-3381
-4805
-3053
-1211
-842
226
2776
4745
4736
3773
3457
2676
727
-698
-440
342
-184
-905
-392
144
-836
-2876
-3706
-3053
-2800
-2823
-1825
-12
1123
1455
2165
2583
1372
-881
-2219
-2285
-2646
-4033
-4442
-3816
-3376
-4005
-4859
-4867
-4898
-5298
-5365
-3885
-3234
-1753
2669
6524
8117
7288
7872
8845
6588
2600
1143
2562
2266
226
488
2978
3171
799
-32
553
-1245
-4122
-4374
-2338
-1190
-757
887
3403
4709
4317
3706
3483
2310
369
-471
-32
145
-801
-1226
-473
-357
-1772
-3374
-3404
-2713
-2691
-2466
-1114
449
1206
1533
2290
2314
664
-1297
-2072
-2154
-3136
-4311
-4353
-3827
-3862
-4726
-5150
-4988
-4969
-5536
-4965
-3592
-3125
-194
4301
7489
8019
7392
8741
8722
5417
1964
1936
3129
1619
-37
1469
3546
2358
46
167
61
-2771
-4992
-3965
-1997
-1441
-669
1575
3912
4603
4037
3770
3361
1675
170
73
522
32
-1109
-910
-113
-776
-2607
-3605
-3007
-2566
-2721
-2024
-383
901
1362
1858
2527
1854
-180
-1642
-1841
-2281
-3723
-4481
-4190
-3865
-4478
-5327
-5443
-5151
-5372
-5766
-4456
-3703
-2540
1592
5668
7959
7483
7761
9327
7924
4115
1864
2968
3145
842
299
2511
3416
1152
-253
446
-829
-3910
-4819
-2951
-1550
-1350
-24
2471
4283
4431
3857
3824
2977
1134
243
433
558
-470
-1343
-796
-490
-1703
-3410
-3702
-2874
-2637
-2553
-1482
91
992
1380
1938
2153
940
-873
-1561
-1562
-2431
-3801
-4066
-3754
-3929
-4958
-5557
-5476
-5201
-5618
-5279
-3824
-3529
-1037
3229
6473
7424
6739
8084
8887
6388
3019
2439
3779
2683
624
1289
3144
2469
25
-149
180
-2061
-4363
-3792
-1710
-1001
-712
1160
3388
4448
4141
3766
3784
2537
970
535
747
402
-909
-1408
-1132
-1465
-2904
-4162
-3816
-3009
-2666
-2160
-806
452
939
1361
1698
1330
-173
-1388
-1395
-1462
-2575
-3550
-3419
-3296
-4088
-5323
-5687
-5604
-5482
-5756
-4587
-3459
-2840
854
4837
7253
6925
6772
8401
7937
4714
2268
3070
3923
2101
991
2572
3486
1492
-513
-55
-755
-3606
-4851
-3090
-1159
-786
50
2322
4085
4351
3772
3656
3462
1851
587
716
1044
285
-1093
-1239
-1113
-2013
-3769
-4525
-3682
-2935
-2551
-1524
207
1082
1272
1651
1789
795
-1103
-1859
-1488
-1757
-3053
-3570
-3063
-3130
-4480
-5744
-6002
-5972
-6142
-6084
-4341
-3607
-1982
2632
6488
8079
6978
7557
8784
6977
3304
2034
3619
3667
1664
1819
3899
3579
781
-555
-144
-2119
-5227
-5295
-2838
-1323
-858
684
3096
4303
3932
3385
3506
2865
1094
472
1240
1449
317
-830
-667
-899
-2571
-4397
-4528
-3526
-3010
-2420
-699
1067
1542
1633
1976
1825
140
-1772
-2089
-1689
-2310
-3471
-3418
-2822
-3230
-4821
-5835
-6011
-6094
-6547
-5913
-4158
-3626
-718
4028
7422
7990
6969
8206
8502
5644
2320
2342
3815
2927
1358
2705
4451
2983
309
-135
-301
-3195
-5690
-4615
-2210
-1227
-431
1583
3683
4224
3512
3247
3333
2164
648
594
1474
1225
32
-679
-549
-1328
-3335
-4686
-4325
-3517
-3098
-2048
-30
1384
1574
1705
1909
1286
-730
-2144
-2137
-1949
-2820
-3473
-2949
-2544
-3249
-4831
-5461
-5706
-6018
-6520
-5289
-3935
-3086
802
4903
7625
7191
6936
8156
7394
4036
1742
2657
3511
2179
1503
3573
4372
2269
154
283
-788
-3843
-5348
-3541
-1570
-798
427
2617
4180
4157
3379
3306
2996
1503
426
659
1352
736
-157
-491
-544
-1705
-3723
-4607
-4151
-3598
-3019
-1658
269
1396
1630
1874
1795
728
-1294
-2304
-2304
-2393
-3312
-3528
-2891
-2721
-3476
-4974
-5407
-5810
-6123
-6410
-4804
-3838
-2387
2125
5719
7956
6916
7460
8224
6709
3009
1624
2906
3234
1728
1797
4193
4196
1806
32
455
-1396
-4369
-5210
-3014
-1481
-726
846
3195
4408
4058
3323
3279
2576
1028
265
776
1339
501
-108
-199
-455
-2013
-3915
-4471
-3985
-3570
-2708
-990
779
1553
1850
2265
1888
345
-1734
-2469
-2486
-2813
-3700
-3596
-2965
-3104
-3927
-5334
-5685
-6227
-6456
-6432
-4609
-3875
-2048
2890
6441
8351
7025
7943
8444
6533
2618
1773
3276
3323
1664
2094
4484
3964
1320
-265
361
-1897
-4833
-5227
-2788
-1550
-807
868
3296
4295
3743
3121
3121
2364
894
330
1041
1487
484
-74
-122
-552
-2330
-4126
-4421
-3793
-3299
-2236
-290
1313
1753
1932
2418
1880
100
-1959
-2543
-2539
-3025
-3732
-3450
-2916
-3342
-4187
-5350
-5607
-6236
-6407
-6065
-4270
-3637
-1822
3116
6535
8146
6812
7757
8092
6080
2388
1845
3382
3237
1649
2224
4357
3505
934
-413
303
-2079
-4758
-4786
-2271
-1225
-539
1086
3412
4188
3399
2918
2843
2209
706
325
1098
1442
388
-101
-104
-560
-2402
-4135
-4168
-3554
-3103
-2089
-59
1453
1671
1785
2406
1821
-32
-2045
-2590
-2614
-3202
-3703
-3350
-2875
-3330
-4073
-4963
-5202
-5828
-5973
-5469
-3885
-3273
-1810
2899
6125
7664
6421
7105
7504
5582
2275
1577
3091
2936
1595
2073
4090
3309
961
-348
366
-1781
-4363
-4380
-1934
-781
-202
1242
3403
4179
3378
2926
2586
2106
577
253
888
1171
229
-231
-228
-635
-2362
-4083
-4072
-3436
-2923
-2032
-125
1446
1855
1956
2548
1955
251
-1816
-2625
-2683
-3157
-3618
-3502
-3126
-3367
-4000
-5075
-5529
-5888
-5878
-5420
-3974
-3044
-2116
2433
5901
7830
6836
6854
7693
6046
2907
1432
2937
3101
1776
1709
3796
3550
1161
-599
75
-1430
-4245
-4706
-2369
-749
-234
1061
3102
4252
3597
3103
2638
2265
807
229
697
1006
265
-362
-370
-663
-2230
-4032
-4212
-3499
-2826
-1989
-155
1537
2179
2195
2721
2239
630
-1501
-2643
-2738
-3056
-3434
-3534
-3205
-3401
-3862
-4952
-5827
-6198
-6108
-5639
-4431
-3070
-2789
1101
5274
7736
7475
6641
7841
6949
4067
1707
2727
3493
2263
1393
3201
3795
1613
-802
-422
-944
-3794
-4973
-2990
-818
-301
773
2708
4358
3879
3203
2762
2438
1005
-69
227
673
166
-541
-484
-515
-1819
-3719
-4115
-3425
-2813
-2235
-470
1459
2275
2113
2589
2485
989
-1204
-2641
-2806
-3093
-3363
-3516
-3075
-3159
-3551
-4251
-5215
-5795
-5910
-5461
-4678
-3118
-3055
-611
3890
6826
7594
6308
7116
7232
5044
2165
2114
3317
2714
1387
2332
3607
2341
-210
-616
-335
-2537
-4405
-3306
-940
-184
469
2100
4041
4032
3235
2682
2432
1272
-137
-266
284
168
-477
-398
-189
-1069
-2822
-3535
-3063
-2502
-2251
-984
886
1924
1740
1963
2189
1032
-906
-2494
-2816
-3109
-3289
-3380
-3011
-2869
-3266
-3649
-4535
-5220
-5596
-5192
-4835
-3589
-2995
-2180
1894
5366
7264
6477
6318
7190
6101
3264
1765
2775
3128
1707
1478
2886
2965
835
-618
-159
-1175
-3501
-3808
-1680
-269
273
1387
3484
4198
3449
2878
2535
1787
203
-552
-28
265
-401
-540
-131
-385
-1901
-3045
-2905
-2403
-2279
-1608
262
1617
1699
1588
2168
1595
-152
-1940
-2603
-2799
-3167
-3226
-3069
-2717
-3176
-3517
-4236
-5065
-5728
-5750
-5302
-4748
-3419
-3452
-833
3606
6635
7428
6453
7364
7673
5457
2583
2306
3402
2522
879
1626
2940
1948
-471
-874
-445
-2416
-4446
-3390
-1139
-82
649
2516
4342
4194
3360
2894
2567
1347
-277
-398
366
151
-522
-415
-62
-662
-2203
-2858
-2487
-2226
-2155
-985
908
1665
1462
1709
2090
981
-877
-2300
-2546
-2812
-3115
-3170
-2886
-2838
-3393
-3783
-4668
-5374
-5938
-5707
-5332
-4288
-3484
-3224
883
4970
7429
7114
6733
8165
7376
4462
2163
2846
3219
1474
480
2013
2685
792
-1192
-661
-782
-3379
-4385
-2401
-407
324
1420
3546
4575
3797
2758
2431
2152
489
-739
-223
464
17
-596
-392
-54
-837
-2271
-2619
-2160
-1980
-1775
-365
1153
1418
1211
1530
1477
107
-1613
-2563
-2565
-2873
-3089
-3075
-2667
-2841
-3340
-3786
-4635
-5192
-5516
-4993
-4558
-3406
-3340
-1982
2524
5670
7295
6268
6897
7713
6126
3161
1912
2783
2338
639
693
2344
2153
-18
-1044
13
-1101
-3542
-3480
-1156
206
823
2154
3934
4049
2972
2157
2205
1501
-361
-759
60
430
-364
-823
-370
-118
-1220
-2429
-2374
-1790
-1660
-1230
303
1312
1249
1101
1469
1059
-503
-2111
-2670
-2546
-2944
-3110
-3062
-2653
-3067
-3507
-4061
-4776
-5183
-5245
-4539
-4072
-2922
-3128
-494
3807
6545
7264
6163
7269
7351
5328
2266
1876
2522
1717
147
1045
2420
1584
-683
-731
238
-1838
-3792
-2781
-190
656
1301
2807
4335
3819
2663
2253
2239
802
-911
-670
210
54
-1021
-980
-273
-463
-1978
-2736
-2260
-1824
-1825
-920
911
1592
1330
1459
2005
1159
-756
-2268
-2459
-2540
-3239
-3442
-3299
-3038
-3700
-4060
-4630
-5214
-5624
-5386
-4589
-3954
-2882
-2952
973
5080
7626
7529
6863
8153
7622
4863
1794
2058
2398
1138
-296
1321
2229
887
-1224
-414
-88
-2745
-3990
-2064
384
744
1559
3354
4571
3601
2623
2442
2088
197
-1009
-369
309
-334
-1126
-580
-58
-833
-2380
-2654
-2251
-2135
-1979
-489
1231
1526
1278
1796
2216
795
-1158
-2303
-2363
-2917
-3643
-3627
-3291
-3384
-3989
-4118
-4722
-5277
-5534
-4791
-4132
-3377
-2806
-2234
2298
5674
7780
7108
7173
8249
7046
3822
1504
2245
2155
473
-293
1647
1973
325
-1074
226
-375
-2992
-3354
-1012
615
723
1646
3419
3971
2931
2211
2078
1426
-307
-812
-96
374
-330
-614
-97
60
-1005
-2352
-2573
-2311
-2106
-1642
-71
1172
1286
1122
1744
1584
17
-1604
-2479
-2642
-3287
-3548
-3417
-3160
-3491
-3604
-3779
-4527
-4851
-4666
-3809
-3609
-2670
-2720
-1214
2964
5688
7251
6146
6843
7317
5670
2527
1413
2263
1691
-110
154
1997
1765
-60
-566
649
-820
-2950
-2461
-143
695
890
1944
3548
3352
2412
1823
1767
956
-413
-442
365
603
-122
-240
1
-162
-1520
-2674
-2695
-2172
-1864
-1025
649
1608
1438
1408
1927
1157
-534
-2234
-2801
-3017
-3517
-3646
-3524
-3371
-3666
-3526
-3961
-4551
-4705
-4232
-3620
-3169
-2325
-2709
275
4108
6635
7017
5927
7109
6740
4411
1608
1682
2214
895
-522
901
2187
1015
-906
-291
311
-1939
-3325
-1716
410
711
1226
2761
4018
3070
2238
1890
1918
649
-446
89
865
505
-311
-337
-200
-923
-2573
-3193
-2707
-2145
-1756
-174
1618
2092
1767
2255
2447
934
-1293
-2855
-2991
-3452
-4017
-4137
-3812
-3816
-3964
-3916
-4379
-4830
-4868
-4119
-3436
-2515
-2602
-1828
2573
5895
7579
6639
6656
7647
6047
3022
1326
2180
1803
25
-85
1846
1863
-174
-1073
316
-505
-2988
-3056
-682
622
703
1656
3384
3669
2504
2013
1962
1625
40
-255
593
781
-68
-664
-550
-697
-1974
-3234
-3174
-2477
-1972
-1061
857
2060
2023
2065
2697
2041
-54
-2267
-3137
-3218
-3751
-4155
-4079
-3821
-3877
-3823
-4005
-4429
-4699
-4307
-3459
-2588
-2073
-2532
267
4445
6690
6778
5805
6949
6834
4286
1680
1664
2374
1030
-128
1193
2446
1085
-740
-94
617
-1596
-3233
-1851
170
581
910
2358
3480
2858
2017
1883
1878
849
-329
216
838
411
-464
-644
-521
-1216
-2660
-3239
-2757
-2135
-1610
-231
1404
1869
1725
2104
2252
883
-1338
-2937
-3201
-3388
-3730
-3923
-3721
-3625
-3488
-3536
-3894
-4204
-4181
-3585
-2821
-1876
-2211
-1667
2331
5411
6439
5357
5578
6817
5318
2433
1147
2254
1981
230
399
2254
2162
5
-692
667
-199
-2819
-2763
-578
575
660
1702
3337
3507
2412
1943
2118
1644
89
-279
674
857
-85
-759
-563
-737
-2087
-3410
-3237
-2492
-2046
-1085
894
2154
2013
1943
2389
1845
-218
-2393
-3178
-3265
-3673
-4008
-3864
-3581
-3538
-3471
-3742
-4028
-4346
-4059
-3413
-2306
-1840
-2509
123
4464
6642
6324
5312
6820
6779
3873
1255
1553
2429
778
-435
1130
2410
826
-1180
-386
398
-2077
-3724
-1985
109
550
942
2722
4104
3439
2434
2430
2545
1199
-231
163
1044
481
-734
-990
-643
-1479
-3194
-3844
-3022
-2356
-1793
-41
2081
2565
2119
2384
2577
1137
-1350
-2970
-3222
-3480
-4087
-4220
-3753
-3581
-3511
-3741
-3901
-4212
-4344
-3854
-2931
-1688
-2277
-1639
2777
6300
7262
5872
6301
7557
5555
2201
1059
2194
1612
-488
-63
1966
1712
-604
-1184
426
-631
-3350
-3120
-685
551
644
1627
3555
3871
2739
2257
2559
1962
215
-311
638
844
-324
-1223
-925
-1025
-2510
-3723
-3370
-2497
-2066
-956
1248
2557
2200
1955
2433
1843
-260
-2420
-3194
-3239
-3681
-4167
-3870
-3484
-3366
-3477
-3684
-3739
-4096
-3945
-3312
-2045
-1569
-2311
580
4776
6905
6368
5367
6812
6303
3365
1044
1592
2091
382
-631
1231
2279
653
-1146
-78
551
-1871
-3213
-1544
445
748
1067
2605
3811
2975
2125
2209
2267
859
-369
155
973
379
-884
-1084
-798
-1673
-3186
-3347
-2606
-2094
-1533
258
2028
2194
1595
1881
1912
420
-1775
-3069
-3142
-3255
-3713
-3831
-3447
-3363
-3392
-3669
-3796
-3976
-4092
-3585
-2630
-1308
-1817
-709
3493
6279
6973
5301
5972
6453
4371
1398
989
2026
1210
-579
275
2235
1554
-671
-930
671
-711
-2781
-2285
89
905
988
1976
3625
3404
2381
2059
2265
1407
-204
-324
654
743
-490
-1060
-865
-1142
-2708
-3435
-2841
-2037
-1621
-319
1568
2434
1946
1802
2075
1082
-1004
-2871
-3316
-3265
-3577
-4008
-3837
-3609
-3627
-3876
-4247
-4267
-4346
-4035
-3223
-1611
-1283
-1305
2786
6106
7864
6226
6014
6970
5426
2091
522
1706
1513
-387
-667
1782
1975
-69
-1548
151
-248
-2558
-3004
-637
812
946
1667
3394
3931
2876
2228
2176
1809
164
-603
148
735
-234
-960
-903
-868
-2254
-3461
-3073
-2043
-1667
-835
1016
2434
2356
1885
2179
1569
-317
-2500
-3439
-3378
-3630
-4156
-4150
-3694
-3647
-3842
-4264
-4313
-4235
-4125
-3466
-1979
-845
-1542
1905
5567
7863
6894
5838
7020
6020
2872
396
1368
1684
143
-1073
1196
2209
802
-1332
-285
148
-1961
-3137
-1287
680
938
1524
2964
4154
3176
2247
1855
1827
617
-614
-322
529
-16
-924
-1039
-812
-1709
-3359
-3405
-2231
-1645
-1335
120
1921
2428
1837
1900
1638
163
-1954
-3291
-3241
-3338
-3838
-4069
-3526
-3254
-3503
-4072
-4290
-4026
-3969
-3557
-2442
-735
-1382
948
4708
7084
6943
5344
6369
5995
3436
538
1057
1761
818
-860
634
2058
1317
-772
-520
321
-1309
-2732
-1595
635
1061
1627
2585
4078
3445
2394
1752
1762
1032
-259
-464
262
80
-917
-1237
-1105
-1469
-3207
-3599
-2491
-1479
-1251
-188
1625
2475
1951
1703
1650
500
-1415
-2988
-3039
-3048
-3513
-3962
-3621
-3338
-3596
-4268
-4630
-4280
-4112
-3655
-2734
-821
-1042
437
4385
6837
7305
5414
6139
6168
3940
710
703
1638
978
-929
-62
1632
1212
-659
-812
343
-1070
-2514
-1854
574
1148
1702
2407
3859
3581
2630
1988
1839
1248
-3
-336
133
12
-969
-1249
-1274
-1508
-3027
-3541
-2563
-1458
-965
102
1780
2667
2351
2030
2000
824
-1026
-2751
-3051
-3122
-3526
-4034
-3953
-3801
-3962
-4529
-5109
-4803
-4547
-3882
-2982
-949
-959
283
4622
7268
8020
5848
6433
6616
4312
653
346
1495
885
-1189
-519
1495
1145
-722
-1106
317
-1089
-2671
-2171
504
1253
1689
2320
3752
3704
2755
2010
1654
1109
-69
-399
9
-23
-829
-1086
-1161
-1428
-2847
-3610
-2766
-1659
-1021
28
1709
2838
2741
2457
2350
1089
-833
-2680
-3150
-3210
-3553
-4052
-4066
-3866
-3917
-4425
-5193
-5001
-4636
-3926
-3105
-1096
-917
441
4820
7597
8278
6087
6424
6662
4285
533
70
1366
832
-1153
-536
1577
1238
-701
-1143
245
-1084
-2862
-2266
393
1334
1660
2457
3861
3950
2998
2072
1555
874
-141
-492
-104
-57
-712
-1140
-1292
-1617
-2852
-3784
-3153
-1986
-1244
-266
1295
2637
2744
2539
2274
1161
-679
-2415
-2920
-2882
-3280
-3877
-3969
-3749
-3818
-4350
-5075
-4907
-4525
-3892
-3022
-1207
-846
1150
5221
7655
7973
6012
6543
6297
3828
405
278
1358
515
-1107
-164
1700
955
-889
-955
151
-1499
-2999
-2001
515
1253
1697
2878
4211
4126
3073
2124
1474
648
-430
-559
-191
-199
-844
-1132
-1107
-1547
-2809
-3654
-2918
-1908
-1313
-383
1236
2388
2387
2250
2141
1043
-857
-2434
-2717
-2791
-3524
-4168
-4084
-3891
-4053
-4750
-5140
-4936
-4595
-4138
-2823
-1268
-591
2517
6180
8266
7562
6468
7046
6126
2852
230
760
1393
34
-995
669
1827
416
-1292
-631
-456
-2475
-3441
-1568
551
1191
2021
3545
4710
4219
3070
2144
1498
373
-558
-453
-10
-177
-803
-878
-863
-1572
-3147
-3664
-2722
-1826
-1312
-242
1468
2299
2194
2220
1981
620
-1530
-2784
-2757
-3043
-4004
-4436
-4150
-4016
-4568
-5445
-5606
-5338
-4999
-4316
-2395
-1373
255
4618
7705
8891
7236
7274
7590
5262
1449
134
1437
1285
-481
-340
1842
1688
-394
-1387
-246
-1483
-3624
-3383
-689
902
1542
2700
4513
5098
4262
2992
1987
1023
-321
-715
-435
-74
-610
-864
-842
-936
-2257
-3769
-3664
-2538
-1850
-1259
195
1818
2409
2362
2426
1742
-55
-2220
-2835
-2771
-3410
-4421
-4386
-4028
-4090
-5104
-5833
-5763
-5413
-5084
-3931
-2092
-1500
2836
6502
9241
8399
7626
8274
6970
3270
156
809
1426
221
-982
1127
2060
920
-1200
-419
-847
-3057
-4189
-2166
189
1134
2167
4051
5511
5310
4289
2827
1786
50
-915
-1112
-688
-885
-1178
-1093
-899
-1538
-3198
-3981
-3285
-2423
-1861
-789
822
2189
2504
2774
2384
1146
-1122
-2488
-2765
-3114
-4162
-4527
-4139
-3827
-4407
-5496
-5584
-5542
-5203
-5010
-3105
-2696
1274
5328
8694
9046
8050
8780
7791
4683
742
678
1122
463
-1123
834
2225
1755
-451
-236
-454
-2870
-4449
-3192
-710
328
1531
3428
5440
5607
5003
3564
2509
560
-874
-1180
-743
-714
-1111
-854
-588
-1073
-2815
-3849
-3645
-3021
-2564
-1450
150
1643
2261
2914
2773
1508
-642
-2085
-2524
-3093
-4136
-4652
-4264
-3896
-4242
-5325
-5508
-5746
-5469
-5611
-4051
-3777
205
4624
8169
9064
8345
9548
8641
5723
1664
1430
1522
708
-998
1039
2571
2054
-22
189
39
-2817
-4676
-3606
-1309
-600
581
2615
5058
5259
4839
3837
3055
1222
-556
-882
-283
-247
-940
-756
-439
-831
-2817
-3924
-3748
-3196
-2976
-2054
-301
1179
1771
2469
2722
1594
-414
-1787
-1974
-2628
-3943
-4665
-4347
-3948
-4445
-5433
-5637
-5780
-5586
-5727
-4555
-4276
-174
4224
7630
8542
8420
9979
9138
6196
2624
2370
2079
772
-818
1128
2461
1757
59
613
361
-2574
-4466
-3287
-1365
-984
24
2077
4521
4683
4366
3874
3324
1604
-131
-403
169
-62
-1079
-1075
-751
-1227
-3216
-4208
-3760
-3140
-3003
-2196
-434
955
1402
1976
2389
1356
-471
-1575
-1459
-2051
-3448
-4186
-3957
-3652
-4460
-5416
-5615
-5539
-5568
-5521
-4775
-4033
155
4195
7155
7797
8301
9758
8764
5742
3137
3030
2450
654
-411
1337
2241
1203
45
841
208
-2576
-4023
-2549
-1105
-914
-11
2025
3961
4026
3769
3673
3223
1619
239
241
764
119
-1062
-1153
-1025
-1916
-3888
-4511
-3713
-3083
-2898
-1964
-279
788
1157
1725
1917
588
-990
-1532
-1182
-1924
-3167
-3644
-3360
-3460
-4687
-5561
-5626
-5427
-5826
-5413
-5050
-3325
1227
4852
7293
7419
8535
9536
7945
4690
3115
3368
2466
338
120
1933
2225
713
161
1090
-337
-3105
-3577
-1739
-900
-903
238
2460
3771
3755
3530
3609
2910
1236
420
915
1187
73
-702
-581
-796
-2424
-4309
-4306
-3488
-3360
-3133
-1784
-263
528
1048
1857
1426
-214
-1467
-1405
-1371
-2575
-3521
-3547
-3118
-3852
-5125
-5824
-5641
-5824
-6191
-5848
-5601
-2089
2606
5959
7456
7703
9584
9570
6865
3780
3374
3403
1628
-84
1075
2703
1928
466
1068
1395
-1289
-3390
-2530
-903
-975
-754
1141
3246
3944
3505
3293
3233
1905
454
256
1117
1004
3
-230
10
-694
-2805
-4260
-3863
-3531
-3875
-3336
-1740
-297
315
1066
1677
767
-733
-1537
-1255
-1943
-3082
-3651
-3206
-3134
-4209
-5307
-5754
-5595
-6135
-6242
-6514
-4710
136
3946
6457
6968
8687
9969
8354
5066
3531
3695
2573
551
476
2393
2680
1315
1005
2070
437
-2261
-2700
-1099
-599
-916
320
2443
3759
3501
2851
2865
2111
623
-208
227
924
520
51
293
350
-1056
-3097
-3727
-3475
-3909
-4162
-3083
-1470
-472
-20
916
980
-50
-1265
-1317
-1492
-2572
-3318
-3287
-2731
-3309
-4336
-5132
-5135
-5381
-5778
-6080
-5664
-1504
2341
5106
5942
7317
9239
8547
5784
3615
3747
3044
1243
389
2046
2749
1797
915
2050
1336
-1348
-2470
-1190
-254
-529
154
2087
3622
3524
2756
2531
2175
802
-138
-190
468
480
115
258
629
-90
-2082
-3168
-3275
-3575
-4189
-3788
-2402
-1188
-691
14
507
54
-924
-1165
-1138
-2043
-2830
-3110
-2690
-2950
-3986
-4925
-5119
-5134
-5591
-5694
-6045
-2737
1468
4277
5531
6256
8600
8637
6456
3747
3701
3535
1964
410
1649
2734
1948
680
1528
1817
-817
-2560
-1538
17
-99
213
1974
4183
4178
3292
2747
2612
1313
-112
-417
233
443
-157
-71
494
254
-1731
-3098
-3142
-3187
-3942
-3939
-2654
-1400
-899
-364
229
-168
-1112
-1406
-1154
-1784
-2630
-2921
-2601
-2703
-3886
-5046
-5552
-5426
-5969
-6071
-6653
-4397
482
3567
5643
5895
8325
9008
7386
4301
3671
3903
2780
861
1373
2899
2459
1064
1115
2130
-209
-2531
-2334
-251
17
227
1584
4278
4896
4055
3277
3012
1981
178
-475
-15
467
-140
-235
370
488
-1335
-3049
-3237
-2964
-3730
-4094
-2958
-1619
-1030
-724
-42
-364
-1358
-1978
-1669
-1901
-2711
-2967
-2545
-2270
-3327
-4567
-5413
-5273
-5868
-6184
-6844
-5460
-480
2760
5340
5626
7902
8884
7506
4556
3578
3912
3108
1320
1418
3115
2992
1781
1241
2321
274
-2344
-2794
-745
-195
100
1145
3746
4952
4433
3638
3134
2329
593
-176
-174
195
-135
-161
320
513
-893
-2488
-2864
-2665
-3322
-3920
-3165
-2035
-1277
-974
-325
-660
-1521
-2192
-2052
-2262
-3082
-3212
-2692
-2197
-2949
-3905
-4763
-4641
-5218
-5669
-6424
-5590
-1002
2239
4809
5318
7460
8613
7270
4572
3573
3875
3070
1351
1282
2943
2915
1888
1284
2230
329
-2312
-2871
-1052
-487
-203
946
3347
4736
4516
3925
3396
2671
1036
282
18
107
-116
-2
531
618
-717
-2192
-2480
-2466
-3268
-4063
-3466
-2405
-1603
-1107
-254
-441
-1263
-1868
-1798
-2208
-3322
-3590
-3050
-2473
-3109
-3841
-4455
-4155
-4673
-5369
-6291
-5772
-1384
1749
4174
4912
7242
8672
7361
4811
4018
4419
3371
1413
1175
2842
2658
1555
1030
2028
64
-2615
-3076
-1306
-835
-661
871
3414
4783
4585
4300
3969
3159
1363
541
282
207
-188
-24
730
746
-756
-2349
-2474
-2383
-3312
-4211
-3619
-2473
-1703
-1176
-118
-126
-975
-1590
-1466
-1869
-3206
-3781
-3413
-2854
-3581
-4257
-4651
-4101
-4415
-5253
-6236
-5814
-1453
1379
3576
4397
6915
8538
7236
4855
4417
5048
3781
1654
1352
3079
2705
1455
952
2009
11
-2688
-3130
-1442
-1140
-1091
570
3229
4594
4410
4397
4311
3501
1657
825
645
491
-55
149
1062
1042
-508
-2059
-2196
-2201
-3188
-4120
-3600
-2674
-2045
-1538
-437
-357
-1169
-1651
-1435
-1635
-2924
-3614
-3471
-3028
-3865
-4567
-4740
-4052
-4206
-4957
-5839
-5363
-1220
1162
3013
3771
6193
7830
6572
4401
4195
5100
3875
1884
1590
3291
2874
1596
1047
2002
98
-2507
-2845
-1237
-1050
-1209
312
2831
4214
4006
3995
4038
3446
1824
959
860
734
171
275
1156
1225
-178
-1630
-1701
-1674
-2676
-3733
-3376
-2657
-2310
-1969
-1096
-940
-1599
-1888
-1591
-1506
-2531
-3157
-3143
-2829
-3613
-4505
-4698
-3956
-4007
-4650
-5478
-4854
-894
1205
2774
3399
5703
7261
5979
3879
3675
4758
3733
1925
1715
3401
3091
1855
1192
1924
-26
-2619
-2924
-1356
-1211
-1369
233
2735
4193
3972
3952
3951
3501
1949
1081
983
858
323
384
1119
1181
-107
-1460
-1454
-1480
-2567
-3664
-3285
-2630
-2414
-2182
-1385
-1250
-1835
-2030
-1706
-1660
-2593
-3040
-2932
-2650
-3389
-4256
-4559
-3876
-4119
-4781
-5699
-4887
-801
1344
2944
3489
6039
7561
6111
3803
3534
4619
3673
1822
1828
3602
3346
2097
1463
2132
-96
-2810
-3165
-1657
-1659
-1699
90
2809
4175
3959
3984
3937
3508
1914
1213
1100
894
388
555
1163
988
-405
-1599
-1528
-1670
-2794
-3649
-3047
-2322
-2152
-1995
-1222
-1245
-1849
-2063
-1741
-2002
-2992
-3299
-3010
-2689
-3471
-4139
-4354
-3701
-4235
-4905
-5923
-4781
-605
1425
2983
3430
6302
7661
6124
3677
3489
4421
3497
1651
1915
3582
3257
2119
1776
2478
104
-2485
-2764
-1398
-1790
-1862
-182
2574
3702
3446
3468
3534
3180
1803
1349
1317
1104
631
912
1427
1075
-446
-1523
-1363
-1511
-2690
-3337
-2644
-1834
-1858
-1884
-1256
-1368
-1900
-2218
-1847
-2276
-3157
-3477
-3058
-2702
-3464
-4045
-4117
-3421
-4056
-4714
-5809
-4091
-188
1554
2814
3263
6168
7096
5474
3184
3322
4017
3061
1419
2034
3346
2878
1889
1975
2547
147
-2042
-1959
-789
-1542
-1673
-180
2336
3100
2654
2605
2792
2397
1311
1061
1288
1206
802
1146
1673
1285
-398
-1451
-1179
-1260
-2471
-3025
-2228
-1370
-1586
-1752
-1314
-1444
-1955
-2354
-1946
-2354
-3016
-3430
-2892
-2560
-3237
-3869
-3773
-3157
-3834
-4678
-5716
-3037
400
1951
2760
3640
6433
6696
4678
2768
3355
3734
2370
1019
2224
3245
2567
1585
2169
2263
-436
-2318
-1633
-686
-1524
-1336
514
2942
3257
2621
2515
2531
1719
683
655
1117
1035
772
1328
1979
1404
-593
-1509
-1234
-1608
-2915
-3286
-2219
-1376
-1601
-1553
-1158
-1417
-2026
-2331
-1991
-2454
-3035
-3350
-2677
-2511
-3150
-3837
-3654
-3450
-4329
-5276
-5968
-2321
749
2401
3087
4620
7337
6882
4455
2932
3738
3777
1944
893
2590
3406
2555
1497
2374
1811
-1168
-2766
-1650
-905
-1659
-997
1341
3642
3528
2805
2657
2438
1247
205
383
917
782
717
1500
2103
1239
-877
-1532
-1355
-2145
-3388
-3378
-2116
-1415
-1597
-1230
-908
-1434
-2168
-2366
-2165
-2760
-3226
-3203
-2466
-2477
-3044
-3599
-3432
-3661
-4679
-5624
-5904
-1978
713
2456
3228
5181
7684
6733
4301
3158
3970
3685
1758
986
2728
3248
2333
1416
2385
1402
-1454
-2615
-1423
-931
-1604
-707
1673
3572
3295
2701
2609
2296
1022
135
370
770
634
776
1651
2003
1016
-860
-1292
-1191
-2153
-3148
-2932
-1835
-1351
-1478
-1011
-933
-1641
-2375
-2569
-2543
-3204
-3381
-3056
-2435
-2515
-2864
-3136
-2973
-3371
-4271
-5273
-5295
-1584
736
2429
3065
5278
7404
6204
3908
3161
4068
3521
1671
1082
2631
2819
1886
1243
2226
951
-1599
-2311
-1100
-884
-1413
-439
1722
3147
2814
2515
2499
2126
866
205
424
566
407
704
1567
1644
571
-945
-1057
-967
-1871
-2650
-2362
-1536
-1269
-1320
-914
-1050
-1847
-2534
-2696
-2803
-3482
-3476
-2954
-2378
-2544
-2812
-2904
-2594
-2994
-3771
-4768
-4861
-1334
830
2530
2968
5224
7215
5997
3716
3030
4174
3586
1793
1162
2622
2655
1718
1162
2202
717
-1879
-2495
-1216
-1065
-1569
-464
1770
3178
2833
2727
2826
2497
1053
339
535
561
277
433
1354
1500
301
-1332
-1308
-1173
-2011
-2830
-2434
-1533
-1317
-1283
-778
-822
-1713
-2487
-2626
-2763
-3526
-3617
-3026
-2325
-2562
-2967
-3083
-2667
-3063
-3792
-4650
-5024
-1539
783
2737
3257
5329
7417
6297
3979
2982
4278
3808
2066
1292
2806
2928
1995
1270
2351
906
-1920
-2788
-1564
-1261
-1805
-709
1587
3194
2867
2803
2905
2757
1236
404
566
662
337
261
1133
1467
322
-1528
-1717
-1585
-2216
-3042
-2596
-1627
-1279
-1202
-630
-554
-1461
-2339
-2531
-2606
-3350
-3563
-3126
-2382
-2470
-2889
-3114
-2783
-3072
-3752
-4484
-5084
-1826
671
2677
3383
5150
7279
6310
4115
2901
4098
3722
2087
1240
2783
3025
2163
1347
2394
1242
-1568
-2604
-1566
-1159
-1796
-907
1170
2812
2530
2558
2596
2578
1245
445
635
797
475
257
993
1331
389
-1404
-1764
-1707
-2212
-2953
-2500
-1571
-1185
-1110
-545
-420
-1381
-2354
-2581
-2450
-3130
-3429
-3129
-2351
-2192
-2535
-2749
-2557
-2771
-3522
-4173
-4850
-2010
573
2443
3363
4780
6968
6154
4179
2833
3745
3422
1876
999
2496
2947
2111
1303
2160
1491
-1148
-2282
-1451
-998
-1711
-1087
723
2365
2213
2246
2272
2278
1210
452
711
988
737
446
1016
1330
587
-1055
-1573
-1650
-2190
-2829
-2414
-1562
-1223
-1154
-551
-374
-1414
-2436
-2687
-2379
-3041
-3478
-3222
-2374
-1980
-2226
-2392
-2283
-2489
-3309
-3912
-4895
-2814
142
2132
3429
4340
6817
6688
4875
3154
3582
3528
1858
630
1895
2868
2083
999
1672
1817
-670
-2340
-1810
-958
-1641
-1347
238
2153
2432
2338
2345
2457
1535
549
697
1176
1153
706
1009
1418
906
-837
-1764
-1889
-2345
-3007
-2702
-1806
-1306
-1175
-567
-188
-1218
-2313
-2669
-2248
-2787
-3508
-3417
-2589
-1914
-2057
-2403
-2396
-2429
-3174
-3755
-5026
-4295
-950
1587
3498
4035
6293
7482
6242
4097
3572
3876
2485
647
1177
2631
2355
951
1048
2088
279
-2086
-2351
-1077
-1311
-1409
-295
1773
2655
2474
2258
2508
1913
622
361
929
1396
921
763
1225
1225
-333
-1809
-2109
-2257
-2941
-3051
-2193
-1425
-1145
-704
-39
-729
-1887
-2511
-2110
-2231
-3192
-3468
-2901
-1958
-1870
-2357
-2569
-2398
-2793
-3466
-4554
-5228
-2467
626
3001
3787
5106
7212
7160
5196
3617
3703
3161
1225
614
1955
2560
1496
719
1889
1411
-1069
-2473
-1470
-971
-1184
-802
965
2508
2599
2126
2201
2089
861
21
167
1002
947
420
609
1131
408
-1285
-2217
-2191
-2479
-3038
-2678
-1740
-944
-611
-52
-197
-1106
-1957
-2062
-1870
-2658
-3229
-3165
-2232
-1692
-2058
-2565
-2491
-2234
-2911
-3728
-5020
-3555
-128
2386
3711
4187
6252
7340
5978
3856
3233
3385
1993
521
1155
2383
2050
790
1210
1835
-17
-2317
-2149
-1134
-1112
-1301
-102
1822
2604
2335
2112
2317
1476
404
-13
559
895
357
236
754
712
-686
-2185
-2366
-2322
-2979
-3162
-2432
-1246
-625
-217
28
-508
-1275
-1765
-1521
-1958
-2686
-2980
-2377
-1524
-1747
-2404
-2765
-2150
-2585
-3469
-4684
-4495
-1063
1784
3637
4026
5509
7391
6649
4508
3150
3504
2685
808
610
2042
2382
1070
678
1637
696
-2061
-2912
-1794
-1292
-1695
-1006
1087
2448
2718
2457
2691
2305
1072
374
536
894
425
121
559
679
-458
-2166
-2607
-2422
-3087
-3563
-2905
-1686
-862
-420
137
-68
-822
-1424
-1203
-1149
-2027
-2481
-2187
-1262
-1420
-2236
-2965
-2711
-2785
-3822
-4737
-5487
-2878
677
3095
4156
4895
7165
7382
5568
3633
3536
3424
1556
515
1546
2588
1635
544
1254
1274
-1252
-3180
-2492
-1432
-1595
-1526
332
2152
2781
2684
2671
2737
1656
625
563
910
695
219
510
834
34
-1682
-2634
-2527
-2978
-3690
-3266
-2099
-1188
-709
-74
140
-546
-1211
-1291
-887
-1493
-2075
-1896
-1148
-989
-1855
-2758
-3115
-3087
-3975
-4731
-5640
-4768
-1092
1999
3977
4519
6185
7620
6576
4477
3341
3555
2552
964
1060
2287
2373
1054
885
1460
-28
-2580
-3024
-1773
-1245
-1443
-365
1616
2730
2905
2575
2596
2070
834
346
536
716
421
373
686
456
-799
-2248
-2727
-2908
-3449
-3483
-2672
-1702
-1035
-507
32
-206
-861
-1329
-1185
-1224
-1801
-1680
-1213
-813
-1345
-2317
-3024
-3260
-3762
-4634
-5166
-5540
-3110
698
3418
4699
5376
7253
7539
5637
3498
3000
3092
1747
700
1479
2596
2051
937
1217
1069
-1235
-3148
-2706
-1521
-1383
-1088
615
2360
3145
2947
2726
2726
1749
715
450
761
812
433
431
536
-25
-1570
-2861
-3110
-3330
-3684
-3470
-2637
-1725
-1134
-489
-34
-418
-1053
-1351
-1077
-1333
-1484
-1205
-855
-888
-1830
-2785
-3404
-3646
-4577
-5275
-5821
-4996
-1206
2262
4558
5279
6637
8202
7108
4595
2956
3205
2743
1067
832
2228
2750
1515
866
1387
85
-2685
-3607
-2462
-1601
-1601
-553
1682
3170
3370
3063
3212
2883
1565
671
759
1194
805
260
353
290
-933
-2784
-3437
-3363
-3781
-4027
-3335
-2202
-1482
-927
5
184
-476
-1122
-1022
-790
-1131
-1147
-968
-668
-1219
-2422
-3446
-3812
-4404
-5489
-6077
-6287
-3502
443
3402
5041
5869
7866
8105
6033
3741
3227
3459
2055
897
1646
2804
2172
876
1082
840
-1697
-3760
-3281
-2022
-1693
-1369
589
2764
3381
3167
3134
3312
2376
1018
721
1283
1388
525
169
427
-189
-2120
-3546
-3537
-3645
-4164
-3862
-2629
-1580
-1122
-274
457
101
-706
-1120
-723
-723
-975
-1021
-764
-682
-1688
-3052
-3816
-4082
-5081
-5827
-6387
-5087
-1258
1953
4300
5209
6719
8114
6973
4712
3314
3576
2970
1487
1369
2477
2629
1315
836
1063
-603
-3174
-3655
-2442
-1714
-1637
-500
1787
3050
3044
2841
2968
2600
1271
564
943
1425
922
193
374
389
-1042
-2990
-3619
-3511
-3966
-4175
-3297
-2022
-1279
-623
287
446
-150
-810
-721
-356
-596
-883
-919
-618
-1067
-2366
-3510
-3779
-4357
-5230
-5734
-5736
-2870
727
3315
4692
5513
7443
7600
5681
3757
3546
3650
2217
1217
1984
2794
1817
633
848
243
-2300
-3927
-3164
-2036
-1912
-1503
422
2270
2904
2893
2928
2962
1913
912
976
1403
1206
489
469
667
-188
-2118
-3405
-3462
-3764
-4325
-3978
-2893
-1973
-1189
-213
415
107
-440
-476
83
-10
-500
-788
-649
-790
-1930
-3270
-3920
-4099
-4919
-5411
-5902
-4741
-896
2246
4201
4755
6393
8030
6960
4793
3873
4431
3532
1690
1532
2690
2415
673
214
498
-1226
-3808
-4050
-2653
-2053
-2129
-891
1337
2649
3042
3038
3365
2891
1555
1135
1424
1460
715
378
608
199
-1340
-2982
-3310
-3319
-3993
-4236
-3392
-2492
-1747
-845
129
243
-321
-466
200
525
-112
-610
-645
-518
-1437
-2949
-4029
-4202
-4594
-5334
-5773
-5961
-3069
704
3181
4243
5149
7419
7680
5917
4323
4600
4591
2776
1621
2312
2856
1424
118
343
-238
-2771
-4224
-3292
-2204
-2201
-1748
240
2145
2944
3040
3320
3508
2390
1353
1311
1585
1112
355
359
403
-510
-2165
-3033
-2927
-3300
-4038
-3807
-2882
-2134
-1438
-538
106
-188
-548
-170
557
156
-553
-822
-601
-999
-2443
-3773
-4211
-4174
-4840
-5381
-5984
-4579
-775
1988
3636
4279
6238
7541
6458
4714
4235
4657
3504
2002
2042
2862
2223
705
385
434
-1407
-3509
-3453
-2310
-2099
-2062
-682
1435
2599
2777
3042
3501
2954
1700
1183
1508
1435
634
223
436
164
-1221
-2570
-2784
-2865
-3662
-4051
-3322
-2451
-1872
-1166
-243
-78
-494
-534
257
376
-413
-936
-812
-796
-1911
-3362
-4089
-3958
-4334
-5025
-5625
-5413
-2211
1018
3068
3951
5242
7232
6982
5304
4164
4443
4065
2453
1854
2673
2696
1302
297
539
-485
-2851
-3793
-2776
-2143
-2301
-1524
503
2118
2554
2834
3455
3426
2312
1457
1617
1741
1081
433
490
536
-488
-2069
-2771
-2787
-3497
-4195
-3714
-2779
-2221
-1632
-551
84
-216
-532
100
676
7
-812
-946
-750
-1520
-2982
-4021
-4102
-4175
-4903
-5395
-5901
-4121
-416
2261
3755
4508
6567
7729
6543
4902
4549
4793
3548
1966
2221
2795
1903
239
41
32
-1940
-3908
-3593
-2351
-2227
-2130
-571
1450
2446
2726
3140
3543
2872
1710
1489
1682
1337
692
485
679
175
-1231
-2475
-2695
-3159
-4090
-4078
-3201
-2505
-1980
-982
74
206
-221
-25
711
435
-479
-1027
-922
-1141
-2346
-3571
-4086
-3982
-4421
-5037
-5626
-5564
-2461
843
2907
3828
5181
7423
7389
5801
4679
4909
4542
2710
1900
2571
2497
953
-73
314
-525
-2897
-3831
-2741
-1985
-2193
-1473
482
2057
2580
2686
3067
3032
1943
1125
1215
1249
886
442
549
649
-103
-1613
-2479
-2739
-3542
-4168
-3835
-3005
-2363
-1557
-437
313
170
-18
410
603
-102
-915
-1276
-1181
-1756
-2913
-3796
-3855
-3733
-4396
-4948
-5659
-4022
-455
1826
3319
4079
6367
7445
6311
4836
4461
4704
3380
1928
2150
2716
1814
470
463
584
-1432
-3312
-3062
-2014
-2027
-1933
-404
1527
2473
2616
2753
2973
2325
1112
889
1124
995
471
380
782
720
-599
-2021
-2427
-2933
-3869
-4285
-3683
-2988
-2249
-1224
-72
202
-46
120
667
361
-610
-1325
-1378
-1508
-2507
-3602
-3954
-3594
-4018
-4772
-5354
-4965
-1536
1070
2961
3731
5405
7312
6686
5243
4165
4539
3807
2187
1720
2597
2354
1130
483
1040
-316
-2711
-3396
-2445
-2011
-2250
-1217
878
2419
2920
3069
3284
3057
1742
1057
1166
1136
536
208
553
856
-44
-1642
-2258
-2496
-3349
-4202
-3920
-3258
-2666
-1801
-497
162
-139
-207
458
722
-247
-1202
-1442
-1399
-2201
-3467
-4093
-3913
-3941
-4937
-5305
-5725
-3152
151
2352
3621
4550
6925
7293
6105
4446
4431
4274
2844
1521
2156
2553
1768
561
985
670
-1707
-3338
-2868
-1924
-2187
-1867
-83
2016
2895
3084
3225
3398
2378
1234
990
1180
844
324
379
819
524
-983
-2045
-2205
-2716
-3730
-3970
-3298
-2695
-2115
-1056
-40
-116
-474
-172
491
40
-998
-1475
-1368
-1653
-2841
-3761
-3999
-3717
-4568
-5127
-5818
-4851
-1353
1269
3090
3775
5767
7342
6807
4964
4187
4302
3502
1762
1611
2415
2317
1082
851
1344
-182
-2484
-2966
-1870
-1760
-2006
-1061
1148
2519
2726
2740
3057
2652
1405
612
810
1021
628
394
702
993
55
-1387
-1943
-2200
-3034
-3833
-3531
-2767
-2187
-1503
-397
-31
-374
-588
-113
42
-809
-1491
-1633
-1449
-2149
-3185
-3833
-3630
-3892
-4638
-5264
-5595
-2856
326
2523
3497
4700
6859
7155
5511
3981
3901
3678
2073
1096
1826
2430
1590
805
1390
1015
-1339
-2904
-2197
-1563
-1884
-1737
102
1965
2509
2594
2904
3036
2040
855
688
1174
959
443
575
1144
847
-664
-1713
-1962
-2495
-3538
-3778
-3134
-2452
-1890
-833
65
-141
-561
-480
55
-472
-1341
-1803
-1570
-1718
-2798
-3673
-3841
-3587
-4302
-4886
-5712
-4468
-914
1744
3460
4126
6159
7516
6440
4512
3699
3866
2680
1042
1079
2130
2022
878
926
1392
-233
-2709
-2918
-1938
-1797
-2059
-870
1380
2519
2804
3115
3544
3023
1561
747
1065
1131
366
83
707
1049
-97
-1541
-1934
-2119
-3074
-3810
-3374
-2726
-2190
-1345
-2
320
-235
-484
60
65
-948
-1709
-1816
-1569
-2437
-3567
-4083
-3789
-3995
-4838
-5425
-5703
-2930
430
2777
3976
5042
7304
7504
5821
4125
3968
3669
1949
892
1577
2326
1489
671
1149
780
-1646
-3223
-2537
-1800
-1941
-1638
345
2192
2784
2971
3394
3512
2307
933
688
1065
640
2
210
963
683
-824
-1785
-1944
-2546
-3655
-3799
-3138
-2568
-1945
-805
249
91
-405
-239
248
-360
-1313
-1852
-1679
-1840
-2979
-3866
-3968
-3665
-4368
-5011
-5626
-4747
-1317
1509
3514
4278
5946
7609
6940
4994
3817
3910
3083
1453
1147
2129
2233
1202
965
1357
27
-2325
-2900
-1971
-1685
-1875
-909
1212
2469
2824
2932
3301
2835
1405
566
660
782
313
130
639
1073
163
-1264
-1838
-2220
-3172
-4002
-3630
-2914
-2280
-1518
-414
163
-223
-474
-115
-18
-803
-1608
-1874
-1605
-2128
-3259
-3939
-3733
-3811
-4640
-5228
-5620
-3417
29
2495
3890
4735
6858
7648
6141
4147
3614
3587
2223
950
1479
2366
1877
1038
1326
1236
-841
-2707
-2525
-1801
-1992
-1873
-194
1802
2694
2912
3163
3388
2403
1120
775
1042
953
467
588
1146
982
-482
-1696
-2051
-2678
-3774
-4058
-3326
-2551
-1930
-1058
-28
31
-463
-472
-21
-276
-1096
-1713
-1551
-1527
-2561
-3706
-4079
-3848
-4575
-5400
-6152
-5530
-2006
1206
3347
4271
5977
7993
7406
5087
3653
3695
3016
1213
787
2000
2394
1407
1004
1553
439
-2090
-3072
-2335
-2096
-2388
-1436
863
2476
2948
3154
3622
3390
1987
969
1039
1350
949
594
988
1265
337
-1311
-2070
-2419
-3409
-4185
-3725
-2815
-2049
-1288
-94
555
60
-392
-177
2
-760
-1480
-1728
-1393
-1989
-3216
-3995
-4006
-4201
-5416
-6121
-6749
-4502
-617
2180
3837
4880
7277
8170
6414
4143
3648
3638
2245
735
1321
2498
2200
1135
1332
1342
-824
-2931
-2873
-2098
-2260
-2089
-358
1876
2803
3024
3313
3664
2799
1379
863
1186
1308
866
900
1322
1086
-466
-1877
-2372
-3091
-4173
-4269
-3327
-2431
-1554
-507
694
706
12
-269
-97
-528
-1512
-1950
-1862
-1622
-2540
-3404
-3772
-3681
-4437
-5664
-6182
-6228
-2849
403
2854
4006
5497
7672
7387
5350
3656
3644
3194
1617
865
1950
2574
1870
1123
1551
633
-1767
-3010
-2303
-1781
-1939
-1229
818
2569
3021
3199
3431
3295
1935
836
768
1032
934
657
1080
1422
619
-1226
-2218
-2628
-3642
-4468
-4049
-3017
-2147
-1164
25
898
453
-104
-164
-162
-991
-1900
-2109
-1805
-1841
-2834
-3454
-3655
-3660
-4754
-5653
-6129
-5199
-1392
1275
3376
4176
6140
7722
6745
4645
3479
3601
2717
1258
1232
2354
2378
1451
1156
1398
-306
-2584
-3020
-2028
-1852
-1887
-640
1627
2904
3204
3421
3670
3072
1532
835
1006
1158
744
652
1309
1353
-89
-1939
-2420
-2847
-3994
-4495
-3778
-2723
-1883
-905
323
765
187
-72
122
23
-957
-1778
-1889
-1665
-2249
-3419
-4017
-4001
-4251
-5482
-6048
-6376
-3982
-211
2234
3827
4752
7146
7902
6326
4218
3791
3768
2406
1153
1705
2511
1945
964
1106
838
-1445
-3304
-2926
-2016
-2134
-1811
89
2303
3103
3320
3534
3750
2705
1314
843
1171
1169
639
834
1272
835
-954
-2368
-2650
-3370
-4306
-4297
-3318
-2302
-1430
-324
747
743
271
188
361
-10
-1031
-1726
-1788
-1822
-2805
-3939
-4333
-4154
-4859
-5919
-6366
-6074
-2596
668
2986
4043
5494
7756
7542
5600
3922
4066
3587
1986
1177
2067
2449
1570
821
1139
244
-2195
-3339
-2534
-1966
-2076
-1283
940
2707
3192
3313
3502
3419
2115
1055
767
1207
992
663
957
1070
307
-1504
-2550
-3072
-3847
-4377
-3985
-2946
-1905
-903
256
955
719
404
260
263
-432
-1368
-1935
-1859
-2095
-3197
-4099
-4238
-4124
-5161
-5888
-6298
-4957
-1095
1618
3554
4231
6227
7761
6664
4604
3552
3768
2844
1383
1269
2320
2333
1379
991
1200
-362
-2619
-3003
-2100
-1863
-1840
-510
1801
3125
3397
3363
3468
2917
1589
811
809
1134
754
697
1010
913
-225
-1990
-2759
-3367
-4067
-4392
-3725
-2585
-1540
-549
560
946
627
300
200
36
-954
-1758
-2055
-1841
-2497
-3717
-4354
-4195
-4426
-5628
-6034
-6029
-3363
248
2521
3940
4809
7080
7554
5856
3947
3488
3413
2242
1155
1723
2550
2127
1156
1110
839
-1348
-3118
-2853
-2060
-2089
-1648
335
2542
3475
3542
3641
3628
2662
1402
976
1333
1174
694
749
994
555
-1120
-2543
-2897
-3546
-4280
-4314
-3286
-2137
-1194
-108
873
893
506
246
347
-203
-1255
-1854
-1921
-2043
-3240
-4431
-4740
-4461
-5226
-6204
-6447
-5608
-1983
1168
3295
4333
5898
7970
7488
5476
3994
3966
3440
1935
1214
2088
2378
1479
672
960
-39
-2488
-3535
-2735
-2110
-2152
-1081
1289
3118
3577
3545
3777
3449
2201
1063
1121
1472
895
505
573
767
-121
-1961
-2732
-2979
-3712
-4289
-3860
-2642
-1605
-669
405
1016
829
455
321
366
-496
-1317
-1781
-1763
-2378
-3715
-4691
-4665
-4627
-5721
-6436
-6653
-4574
-697
1931
3701
4696
7017
8183
6892
4949
4223
4277
3037
1481
1390
2246
1841
798
615
807
-1076
-3155
-3197
-2181
-1914
-1768
-104
2183
3341
3400
3400
3585
2841
1440
660
1067
1071
395
204
468
523
-839
-2334
-2636
-3034
-3764
-4080
-3278
-2082
-1181
-340
558
906
733
318
260
2
-892
-1584
-1848
-1877
-2821
-4016
-4568
-4266
-4748
-5786
-6375
-5852
-2496
547
2565
3757
5456
7660
7394
5775
4404
4444
3821
2125
1194
1762
2003
1112
490
810
116
-2109
-2924
-2188
-1595
-1654
-955
1104
2778
3191
3183
3365
3304
2160
1078
938
1321
937
361
443
652
27
-1631
-2444
-2742
-3353
-3980
-3790
-2781
-1821
-1030
-109
578
694
476
241
169
-448
-1281
-1816
-1843
-2387
-3570
-4412
-4407
-4425
-5395
-6052
-6296
-4182
-709
1501
3120
4230
6686
7607
6475
4816
4393
4301
2892
1376
1470
2022
1485
509
484
607
-1178
-2801
-2465
-1633
-1557
-1418
75
2191
3062
3246
3353
3604
2894
1765
1334
1533
1522
760
526
624
343
-1055
-2224
-2586
-3056
-3735
-3893
-3146
-2262
-1411
-473
385
509
491
410
495
30
-787
-1472
-1711
-2085
-3258
-4297
-4681
-4544
-5229
-6112
-6522
-5836
-2263
563
2704
3690
5601
7676
7295
5671
4506
4574
3793
2064
1404
2082
1926
917
273
714
-310
-2511
-3113
-2099
-1600
-1655
-861
1279
2783
3133
3138
3338
3074
1954
1309
1348
1574
982
486
605
624
-460
-1908
-2448
-2643
-3337
-3894
-3378
-2451
-1639
-849
110
361
325
282
492
389
-456
-1126
-1512
-1628
-2576
-3740
-4379
-4348
-4512
-5690
-6159
-6514
-3800
-449
1949
3354
4415
6927
7410
6298
4708
4518
4290
2960
1684
2136
2369
1612
581
758
474
-1628
-3148
-2630
-1662
-1627
-1229
353
2282
2864
2877
2879
2821
1923
957
913
1259
962
362
413
788
202
-1363
-2266
-2326
-2815
-3663
-3625
-2698
-1917
-1322
-432
69
34
-40
88
356
-325
-1069
-1476
-1502
-1897
-3038
-3726
-3908
-3656
-4683
-5329
-6022
-4641
-1213
1112
2951
3490
5793
6950
6361
4829
4374
4426
3520
1988
2019
2611
2118
965
633
839
-873
-2790
-2969
-1761
-1596
-1367
-275
1826
2809
2939
2949
2855
2296
1056
766
1079
1030
471
334
848
754
-716
-2013
-2222
-2552
-3488
-4039
-3313
-2452
-1927
-1105
-298
-199
-216
-154
295
-93
-1020
-1427
-1508
-1470
-2517
-3368
-3718
-3391
-4096
-5028
-5737
-5376
-2043
350
2505
3107
5060
6786
6552
5242
4503
4708
3959
2360
1922
2727
2416
1292
458
894
-393
-2518
-3215
-2037
-1711
-1697
-856
1321
2818
3062
3232
3124
2854
1533
867
950
1060
650
301
711
949
-284
-1789
-2154
-2350
-3239
-4202
-3785
-2771
-2234
-1578
-550
-217
-205
-212
256
219
-796
-1317
-1517
-1338
-2222
-3299
-3729
-3482
-3801
-5010
-5686
-5960
-2986
-376
1907
2954
4541
6639
6693
5752
4760
4948
4327
2799
1967
2746
2625
1713
629
999
158
-1990
-3155
-2346
-1830
-1986
-1368
548
2431
2773
3061
3060
3040
1934
1028
933
1096
852
448
627
1013
168
-1400
-1967
-2076
-2783
-3928
-3977
-3004
-2353
-1942
-1033
-477
-352
-387
-47
246
-572
-1153
-1453
-1351
-1944
-3082
-3499
-3365
-3292
-4493
-5241
-5849
-3553
-844
1287
2623
3852
6007
6287
5674
4591
4688
4297
3076
2039
2612
2659
2094
1006
1193
655
-1315
-2690
-2353
-1633
-1817
-1396
-27
1956
2454
2695
2647
2706
2009
1149
940
1059
891
610
659
942
430
-1007
-1664
-1807
-2278
-3353
-3762
-3102
-2407
-2076
-1456
-892
-671
-614
-369
51
-535
-1161
-1504
-1494
-1913
-2910
-3277
-3144
-2941
-3850
-4586
-5330
-3602
-971
975
2361
3340
5510
5897
5334
4272
4362
4167
3157
2044
2467
2560
2169
1249
1332
972
-1051
-2439
-2367
-1573
-1769
-1451
-293
1745
2499
2737
2666
2666
2174
1399
1076
1060
894
623
751
1010
671
-724
-1511
-1683
-2136
-3127
-3752
-3306
-2624
-2226
-1661
-1156
-895
-726
-512
-93
-572
-1197
-1557
-1548
-1916
-2805
-3249
-3109
-2986
-3855
-4512
-5338
-3809
-1179
666
2243
3237
5578
6070
5297
4278
4490
4436
3362
2071
2485
2712
2244
1460
1462
1222
-998
-2526
-2540
-1829
-2085
-1789
-507
1631
2593
2931
3043
2996
2428
1539
1146
919
695
411
659
1041
771
-564
-1511
-1652
-2170
-3091
-3718
-3406
-2770
-2293
-1650
-1135
-985
-734
-562
-193
-562
-1094
-1376
-1426
-1748
-2494
-2967
-2950
-2906
-3936
-4557
-5446
-4175
-1574
145
1928
3036
5468
6145
5272
4225
4506
4622
3500
1998
2306
2862
2458
1751
1654
1553
-551
-2251
-2458
-1942
-2315
-2097
-850
1239
2305
2722
3042
3067
2505
1525
1133
850
592
363
647
1102
882
-273
-1203
-1362
-1905
-2845
-3457
-3305
-2911
-2456
-1804
-1260
-1233
-1005
-740
-380
-610
-1084
-1221
-1312
-1551
-2162
-2477
-2568
-2556
-3639
-4308
-5107
-4200
-1737
-196
1552
2629
4975
5826
5090
3978
4168
4462
3470
1935
1972
2720
2521
1882
1712
1712
-56
-1739
-2121
-1688
-2141
-2026
-1043
852
1877
2271
2594
2653
2235
1371
1068
843
639
442
728
1123
966
-124
-938
-1026
-1425
-2391
-3132
-3058
-2818
-2543
-2046
-1510
-1483
-1312
-973
-550
-667
-1099
-1186
-1238
-1433
-2097
-2366
-2433
-2369
-3378
-4149
-4823
-3921
-1487
-89
1474
2494
4830
5665
4958
3745
3879
4246
3410
1948
1880
2584
2502
1903
1696
1713
28
-1625
-2070
-1596
-2154
-2111
-1177
739
1751
2095
2400
2568
2281
1446
1180
1034
906
597
841
1228
1140
-80
-986
-1025
-1366
-2340
-3203
-3049
-2732
-2563
-2184
-1593
-1514
-1386
-1122
-689
-806
-1213
-1247
-1204
-1343
-2135
-2488
-2528
-2390
-3424
-4283
-5038
-4065
-1440
-12
1562
2560
5079
5932
5128
3777
3916
4310
3569
2113
2119
2812
2709
2097
1815
1863
36
-1727
-2227
-1699
-2345
-2382
-1355
705
1740
2048
2335
2585
2401
1448
1130
1039
924
563
735
1218
1150
-132
-1181
-1215
-1514
-2410
-3205
-2937
-2476
-2316
-2031
-1500
-1477
-1452
-1340
-956
-1072
-1477
-1402
-1194
-1158
-1921
-2291
-2305
-2111
-3191
-4137
-5031
-4334
-1708
-247
1419
2298
4810
5859
5123
3787
3777
4179
3534
2139
2126
2862
2812
2287
1965
2126
332
-1436
-2016
-1532
-2206
-2335
-1406
587
1590
1873
2114
2281
2246
1359
1012
970
845
565
714
1187
1148
-64
-1111
-1186
-1394
-2200
-2922
-2699
-2169
-2010
-1818
-1455
-1554
-1633
-1636
-1265
-1357
-1786
-1684
-1318
-1066
-1682
-2003
-1972
-1747
-2714
-3691
-4573
-4260
-1812
-396
1327
2014
4218
5449
4908
3745
3506
3841
3220
1984
1863
2634
2620
2211
1896
2197
610
-1040
-1696
-1315
-1872
-2033
-1228
529
1491
1693
1941
2014
2023
1270
908
916
830
636
800
1177
1175
138
-878
-1065
-1252
-1989
-2686
-2584
-2106
-1903
-1728
-1406
-1584
-1780
-1812
-1374
-1385
-1881
-1934
-1554
-1095
-1584
-1916
-1905
-1627
-2416
-3434
-4202
-4221
-1846
-412
1340
1994
3854
5285
4926
3921
3470
3740
3118
1961
1650
2435
2448
2070
1670
2054
701
-978
-1752
-1464
-1887
-2127
-1361
354
1519
1741
2073
2172
2168
1434
904
893
908
777
890
1222
1293
374
-775
-1157
-1339
-2033
-2806
-2805
-2325
-1977
-1726
-1307
-1428
-1672
-1735
-1314
-1165
-1683
-1903
-1661
-1023
-1372
-1858
-2025
-1741
-2318
-3452
-4185
-4607
-2279
-516
1252
2095
3644
5473
5318
4390
3711
3915
3415
2215
1607
2333
2455
2097
1533
1945
945
-907
-1919
-1723
-1987
-2409
-1778
-117
1297
1594
1992
2137
2164
1490
796
731
799
734
767
1115
1314
501
-753
-1244
-1310
-1888
-2731
-2849
-2325
-1915
-1667
-1232
-1261
-1509
-1631
-1351
-997
-1415
-1713
-1600
-913
-1029
-1635
-1946
-1689
-1956
-3158
-3897
-4650
-2807
-754
909
1996
3099
5186
5361
4581
3703
3791
3524
2396
1505
2061
2386
2169
1580
1922
1436
-412
-1651
-1650
-1720
-2285
-1937
-554
949
1311
1670
1836
1955
1456
730
590
647
617
591
880
1210
586
-646
-1203
-1201
-1603
-2421
-2698
-2208
-1829
-1619
-1236
-1191
-1469
-1646
-1486
-1026
-1297
-1676
-1629
-1033
-877
-1425
-1785
-1597
-1550
-2613
-3415
-4231
-3178
-1044
490
1834
2568
4482
5049
4461
3483
3390
3366
2439
1421
1731
2315
2190
1657
1844
1885
258
-1185
-1410
-1310
-1858
-1814
-768
736
1238
1482
1698
1927
1652
923
692
755
720
606
712
1095
741
-423
-1144
-1195
-1449
-2175
-2680
-2370
-2007
-1741
-1404
-1285
-1524
-1741
-1624
-1136
-1182
-1653
-1739
-1297
-877
-1288
-1752
-1645
-1425
-2252
-3248
-4065
-3793
-1652
39
1643
2372
3926
5005
4651
3651
3221
3335
2648
1559
1532
2287
2290
1756
1695
2050
811
-919
-1459
-1256
-1655
-1850
-1168
418
1305
1534
1843
2085
2070
1356
970
1042
1024
873
735
1030
924
-132
-1218
-1456
-1591
-2210
-2843
-2762
-2293
-1879
-1527
-1303
-1447
-1677
-1669
-1281
-1070
-1480
-1722
-1486
-859
-1119
-1830
-1896
-1575
-2144
-3345
-4180
-4495
-2506
-395
1456
2463
3666
5224
5245
4299
3476
3446
3045
1942
1497
2150
2397
1955
1607
1977
1273
-564
-1580
-1441
-1587
-1875
-1606
-147
1142
1478
1818
1984
2152
1582
1055
1040
1099
1058
806
968
1041
316
-985
-1523
-1631
-2138
-2800
-2909
-2474
-1967
-1623
-1275
-1325
-1551
-1636
-1457
-1150
-1455
-1663
-1587
-949
-996
-1724
-1968
-1647
-1882
-3105
-3934
-4614
-3214
-919
1008
2339
3219
4896
5411
4664
3667
3314
3161
2235
1431
1783
2261
2131
1663
1849
1639
76
-1335
-1462
-1388
-1582
-1634
-554
925
1423
1680
1771
2006
1638
1024
835
952
1064
802
841
978
663
-558
-1412
-1605
-1921
-2504
-2735
-2457
-1921
-1582
-1236
-1218
-1454
-1548
-1613
-1357
-1606
-1719
-1612
-1110
-949
-1467
-1836
-1687
-1633
-2567
-3405
-4237
-3572
-1316
497
2061
2777
4311
5171
4642
3739
3137
3077
2407
1387
1412
1991
2137
1753
1711
1789
551
-1038
-1510
-1347
-1398
-1524
-825
672
1422
1691
1789
2012
1817
1168
816
869
1059
878
833
920
825
-156
-1164
-1532
-1763
-2292
-2662
-2569
-2071
-1670
-1332
-1245
-1492
-1479
-1575
-1388
-1645
-1856
-1707
-1255
-998
-1319
-1762
-1799
-1689
-2330
-3186
-4109
-4053
-1832
55
1783
2592
4012
5188
4767
3955
3294
3227
2724
1596
1379
2018
2268
1974
1750
1932
851
-922
-1707
-1538
-1498
-1604
-1149
338
1370
1781
1953
2116
2031
1366
928
876
1034
949
890
932
890
60
-1040
-1534
-1795
-2336
-2800
-2754
-2245
-1805
-1433
-1166
-1379
-1367
-1392
-1230
-1481
-1906
-1866
-1367
-991
-1264
-1756
-1891
-1815
-2407
-3316
-4156
-4547
-2622
-449
1468
2557
3758
5223
5085
4246
3522
3372
3024
1949
1461
2076
2429
2247
1881
2053
1254
-573
-1694
-1630
-1488
-1580
-1352
-62
1131
1669
1906
2013
2009
1402
915
812
951
958
902
938
1005
383
-748
-1433
-1741
-2279
-2810
-2816
-2340
-1926
-1576
-1131
-1197
-1296
-1318
-1148
-1303
-1837
-1901
-1432
-926
-1146
-1600
-1750
-1680
-2216
-3217
-3912
-4516
-3297
-1036
969
2320
3190
4628
5027
4294
3413
3111
2959
2168
1445
1838
2332
2378
2026
2096
1709
91
-1327
-1515
-1276
-1298
-1262
-368
825
1453
1719
1779
1794
1307
836
689
812
883
822
833
958
579
-402
-1244
-1599
-2013
-2512
-2619
-2290
-1933
-1664
-1223
-1126
-1302
-1384
-1224
-1185
-1599
-1705
-1345
-797
-888
-1313
-1517
-1494
-1862
-2836
-3465
-4043
-3460
-1355
629
2059
2755
3937
4689
4132
3168
2715
2648
2105
1332
1490
2082
2317
2072
2016
1887
532
-1088
-1561
-1312
-1261
-1217
-551
633
1393
1683
1766
1782
1356
837
615
721
909
897
880
978
725
-103
-1058
-1570
-1945
-2406
-2614
-2470
-2097
-1789
-1382
-1184
-1304
-1381
-1280
-1138
-1370
-1470
-1215
-736
-698
-1071
-1346
-1443
-1737
-2652
-3335
-3888
-3590
-1634
376
1885
2702
3827
4722
4266
3304
2764
2687
2210
1396
1388
2005
2271
2041
1881
1809
664
-1034
-1732
-1542
-1452
-1333
-701
468
1362
1665
1780
1824
1447
856
597
739
1022
1065
1007
1048
812
-28
-1087
-1700
-2085
-2509
-2738
-2632
-2188
-1796
-1400
-1177
-1263
-1310
-1284
-1141
-1269
-1402
-1213
-787
-629
-907
-1190
-1362
-1669
-2557
-3322
-3850
-3705
-1958
61
1700
2704
3832
4794
4456
3519
2875
2753
2379
1529
1305
1849
2182
2007
1797
1715
823
-719
-1586
-1575
-1507
-1372
-802
229
1172
1540
1646
1715
1478
990
727
860
1124
1180
1081
1021
790
7
-1000
-1580
-1953
-2363
-2629
-2577
-2159
-1788
-1490
-1325
-1427
-1428
-1409
-1258
-1293
-1432
-1287
-890
-649
-819
-1082
-1260
-1504
-2313
-3102
-3603
-3527
-1999
-160
1494
2551
3609
4542
4273
3414
2717
2577
2368
1589
1224
1644
2035
2010
1801
1644
881
-407
-1270
-1444
-1442
-1310
-828
62
937
1368
1453
1473
1405
1163
939
945
1029
1107
1089
956
675
4
-815
-1214
-1502
-1913
-2271
-2328
-2010
-1727
-1547
-1487
-1637
-1570
-1484
-1350
-1362
-1475
-1332
-929
-669
-781
-1028
-1215
-1371
-2112
-2880
-3397
-3378
-1918
-246
1320
2337
3317
4265
3988
3185
2529
2434
2321
1579
1198
1569
1920
1928
1754
1575
771
-500
-1291
-1458
-1462
-1316
-827
123
966
1386
1511
1502
1455
1276
1094
1114
1103
1195
1279
1219
911
160
-703
-1089
-1351
-1806
-2239
-2309
-2020
-1754
-1547
-1512
-1716
-1674
-1561
-1446
-1525
-1621
-1465
-1063
-756
-789
-942
-1178
-1390
-2110
-2876
-3420
-3493
-1993
-266
1237
2215
3227
4302
4030
3227
2614
2602
2481
1680
1322
1694
1971
1859
1721
1643
776
-623
-1416
-1464
-1464
-1384
-899
123
961
1291
1457
1463
1370
1131
997
1212
1248
1318
1405
1441
1148
213
-810
-1284
-1507
-1914
-2335
-2323
-1987
-1717
-1510
-1508
-1753
-1789
-1711
-1580
-1675
-1757
-1588
-1219
-840
-761
-805
-1015
-1304
-1955
-2655
-3144
-3181
-1720
-51
1272
2097
3129
4220
3927
3137
2554
2635
2543
1756
1476
1817
2062
1879
1765
1794
915
-470
-1213
-1222
-1282
-1356
-927
43
781
982
1104
1149
1075
855
761
1055
1151
1193
1284
1354
1076
134
-842
-1275
-1479
-1878
-2302
-2284
-1990
-1806
-1707
-1735
-1925
-1978
-1886
-1716
-1745
-1775
-1608
-1247
-846
-671
-670
-838
-1107
-1639
-2164
-2527
-2430
-1105
309
1380
2027
2981
3918
3586
2858
2368
2554
2563
1878
1678
1981
2186
1964
1777
1761
901
-343
-970
-1011
-1101
-1229
-841
25
608
718
764
793
781
641
588
796
888
967
1068
1123
848
74
-645
-1016
-1256
-1669
-2107
-2148
-2014
-1919
-1953
-2066
-2132
-2122
-1960
-1821
-1773
-1668
-1526
-1193
-870
-631
-578
-781
-1038
-1484
-1866
-2175
-1960
-673
555
1404
1963
2863
3665
3267
2519
2178
2466
2465
1800
1711
2132
2290
1979
1702
1610
757
-410
-906
-862
-840
-967
-600
268
794
833
721
718
799
688
640
755
840
925
951
985
706
12
-593
-951
-1193
-1677
-2129
-2133
-1998
-1944
-2154
-2302
-2208
-2106
-2013
-2020
-1869
-1689
-1625
-1393
-1051
-645
-621
-865
-1101
-1462
-1866
-2254
-1667
-282
748
1360
1975
3077
3599
2989
2311
2249
2588
2257
1665
1865
2335
2324
1897
1745
1556
582
-406
-635
-459
-544
-698
-215
624
972
814
639
676
749
636
626
744
758
764
778
820
499
-220
-713
-968
-1269
-1835
-2208
-2041
-1894
-2022
-2289
-2280
-2043
-2010
-2143
-2192
-1997
-1888
-1909
-1693
-1168
-719
-710
-800
-920
-1207
-1746
-1874
-841
327
920
1265
2095
3152
3164
2481
2104
2312
2423
1860
1593
1952
2211
2032
1768
1787
1387
459
-54
11
62
-213
-253
364
938
947
685
554
624
593
503
538
529
450
396
478
507
133
-385
-662
-853
-1302
-1886
-2106
-1997
-2031
-2273
-2384
-2208
-2004
-2068
-2271
-2283
-2216
-2189
-2113
-1770
-1190
-866
-664
-502
-503
-746
-1173
-754
258
908
1114
1366
2234
2750
2455
2036
1968
2198
1990
1597
1648
1820
1825
1627
1596
1555
1000
479
415
509
379
119
317
795
943
750
511
493
478
347
321
303
228
91
43
162
105
-158
-395
-508
-729
-1236
-1657
-1839
-1974
-2190
-2357
-2276
-2100
-2022
-2111
-2238
-2286
-2342
-2285
-2053
-1664
-1276
-968
-574
-301
-263
-435
-447
176
833
1154
1270
1603
2145
2245
1998
1829
1902
1991
1785
1664
1732
1734
1638
1522
1495
1263
835
665
721
716
553
472
691
870
774
545
393
373
286
184
147
84
-16
-118
-106
-50
-141
-279
-372
-494
-810
-1248
-1564
-1820
-2080
-2258
-2243
-2082
-1975
-2000
-2118
-2247
-2356
-2409
-2274
-2002
-1698
-1385
-968
-519
-297
-285
-305
-28
524
938
1175
1388
1751
2051
2003
1834
1796
1917
1973
1853
1808
1819
1778
1696
1575
1421
1131
875
853
875
809
689
678
785
752
569
368
252
221
152
94
31
-67
-143
-177
-139
-142
-226
-284
-346
-522
-866
-1251
-1577
-1875
-2080
-2125
-2037
-1907
-1869
-1949
-2117
-2301
-2418
-2391
-2225
-2007
-1760
-1387
-904
-516
-334
-286
-152
214
635
920
1105
1354
1676
1825
1743
1663
1749
1896
1911
1826
1802
1803
1771
1684
1563
1387
1166
1064
1082
1065
973
886
884
873
747
572
433
366
304
208
101
-17
-130
-214
-245
-253
-305
-379
-445
-546
-757
-1073
-1404
-1699
-1910
-1979
-1940
-1853
-1791
-1800
-1887
-2037
-2163
-2194
-2114
-1957
-1790
-1532
-1162
-768
-461
-304
-183
-3
269
541
718
902
1121
1336
1430
1425
1478
1598
1701
1706
1668
1681
1692
1671
1618
1535
1441
1342
1301
1278
1220
1133
1045
981
896
766
641
540
445
316
154
-6
-148
-283
-393
-458
-508
-572
-662
-765
-896
-1095
-1332
-1571
-1744
-1814
-1807
-1756
-1702
-1667
-1672
-1720
-1779
-1794
-1747
-1647
-1524
-1361
-1133
-869
-596
-384
-222
-79
79
283
460
621
789
964
1126
1223
1311
1410
1519
1611
1645
1669
1693
1703
1699
1674
1650
1606
1544
1483
1403
1303
1182
1060
945
818
688
560
427
279
103
-86
-268
-446
-608
-740
-840
-923
-1008
-1101
-1200
-1316
-1450
-1582
-1676
-1710
-1711
-1681
-1635
-1579
-1526
-1493
-1464
-1423
-1352
-1258
-1147
-1008
-850
-683
-508
-336
-179
-37
108
253
406
552
687
825
957
1076
1180
1262
1346
1415
1469
1505
1524
1539
1536
1525
1502
1473
1427
1364
1288
1205
1105
990
871
755
642
529
417
295
167
29
-116
-265
-407
-541
-658
-760
-853
-947
-1046
-1137
-1226
-1309
-1386
-1445
-1480
-1496
-1499
-1494
-1476
-1448
-1409
-1366
-1311
-1245
-1167
-1073
-971
-853
-728
-594
-458
-322
-192
-59
68
201
340
474
614
743
879
1004
1110
1196
1269
1340
1391
1427
1463
1500
1532
1548
1543
1527
1487
1430
1355
1268
1177
1077
984
895
791
667
526
378
226
63
-99
-250
-383
-510
-633
-751
-868
-983
-1096
-1203
-1303
-1390
-1461
-1507
-1538
-1552
-1550
-1532
-1502
-1474
-1439
-1400
-1348
-1280
-1195
-1090
-966
-830
-684
-532
-382
-245
-116
10
133
268
406
553
704
852
990
1106
1204
1283
1347
1392
1421
1449
1483
1508
1522
1519
1496
1447
1367
1273
1170
1057
949
846
753
654
540
418
288
142
-15
-169
-316
-449
-568
-677
-777
-866
-957
-1046
-1131
-1212
-1286
-1346
-1384
-1406
-1410
-1395
-1366
-1323
-1272
-1215
-1157
-1092
-1020
-944
-852
-741
-614
-476
-334
-190
-53
72
184
294
397
499
600
713
828
931
1025
1095
1146
1167
1172
1174
1173
1176
1182
1188
1187
1159
1114
1053
976
887
793
704
617
528
435
336
229
106
-22
-139
-251
-359
-463
-555
-637
-722
-807
-885
-955
-1017
-1066
-1099
-1122
-1137
-1143
-1137
-1115
-1088
-1053
-1002
-940
-871
-803
-726
-640
-551
-461
-364
-259
-150
-46
59
155
241
320
395
474
564
656
745
829
903
953
978
994
997
1001
1005
1015
1032
1039
1037
1008
958
887
799
711
625
547
470
390
311
224
127
19
-94
-201
-301
-393
-485
-573
-654
-733
-808
-880
-944
-997
-1036
-1061
-1072
-1075
-1067
-1055
-1037
-1013
-982
-947
-903
-853
-795
-727
-651
-561
-461
-347
-224
-102
16
120
212
294
366
437
515
603
705
810
915
1002
1067
1112
1129
1124
1106
1089
1075
1055
1036
1019
993
956
902
837
762
678
584
480
369
254
144
34
-78
-186
-282
-371
-462
-546
-626
-703
-779
-853
-922
-989
-1044
-1095
-1131
-1155
-1165
-1158
-1132
-1092
-1043
-986
-923
-859
-800
-742
-681
-612
-532
-440
-329
-205
-73
61
185
301
402
487
562
629
695
755
821
890
957
1018
1070
1111
1137
1143
1133
1108
1070
1021
966
906
844
777
708
640
567
486
401
311
214
110
0
-107
-217
-323
-423
-517
-603
-684
-751
-810
-863
-905
-941
-969
-997
-1021
-1041
-1056
-1065
-1056
-1030
-988
-929
-857
-779
-699
-618
-539
-463
-387
-309
-225
-133
-40
64
168
272
369
452
531
602
664
722
772
822
865
903
932
955
972
975
968
952
928
893
847
798
743
683
623
557
486
412
333
252
165
79
-8
-96
-181
-267
-348
-425
-500
-568
-630
-691
-737
-773
-804
-827
-843
-857
-865
-872
-873
-862
-841
-809
-768
-719
-664
-606
-546
-482
-416
-346
-275
-197
-115
-34
46
128
203
276
344
409
471
530
588
642
692
737
775
804
826
837
838
829
810
786
756
720
678
630
579
521
458
392
323
250
172
92
10
-68
-149
-230
-306
-378
-446
-508
-563
-616
-661
-700
-730
-749
-765
-774
-779
-777
-770
-758
-735
-702
-658
-609
-553
-494
-427
-359
-292
-219
-150
-78
-2
76
153
224
294
365
424
479
529
571
608
641
669
694
716
729
733
728
720
697
665
626
586
542
495
446
394
339
277
214
149
81
11
-60
-129
-196
-259
-319
-374
-426
-471
-511
-545
-579
-605
-629
-645
-657
-658
-650
-638
-621
-598
-571
-543
-504
-462
-417
-365
-310
-252
-193
-132
-73
-13
44
102
161
218
271
319
365
409
445
474
497
516
530
543
552
557
552
545
530
513
488
457
424
387
348
307
265
221
178
131
83
35
-13
-60
-104
-149
-189
-229
-264
-295
-324
-350
-371
-387
-402
-411
-419
-421
-420
-417
-407
-390
-367
-344
-318
-292
-265
-240
-213
-181
-148
-114
-79
-45
-10
22
55
85
115
143
168
188
204
219
230
240
248
253
254
251
248
246
240
230
219
209
194
178
163
144
129
110
92
75
59
43
24
10
-9
-24
-38
-51
-60
-66
-70
-74
-79
-86
-89
-92
-94
-95
-93
-89
-86
-82
-79
-76
-69
-63
-54
-46
-38
-31
-29
-27
-27
-27
-28
-30
-29
-27
-25
-23
-19
-15
-10
-7
-4
-2
-1
0
0
0
-1
1
0
-1
-1
2
5
7
9
10
11
9
9
9
10
12
14
16
17
18
17
16
12
8
7
7
10
12
13
13
12
10
7
6
1
0
-1
-1
-1
-2
-1
-5
-4
-5
-4
-4
-2
-1
1
-1
-2
-4
-6
-7
-6
-3
-1
2
7
12
14
16
18
16
16
15
14
11
9
8
6
5
7
7
9
10
8
6
3
0
-3
-3
-4
-3
-1
-1
0
-2
-5
-6
-8
-9
-14
-13
-10
-12
-11
-13
-14
-15
-15
-15
-19
-19
-19
-19
-19
-20
-20
-19
-20
-19
-17
-14
-12
-10
-7
-7
-5
-4
-3
-2
-2
-1
0
3
8
14
20
20
24
26
24
21
21
19
19
19
19
22
26
26
25
24
21
21
19
17
17
16
16
16
14
15
13
7
5
2
0
0
1
3
0
-1
-1
-6
-11
-13
-13
-14
-16
-16
-17
-18
-19
-21
-23
-22
-22
-23
-22
-23
-22
-21
-21
-17
-17
-15
-14
-14
-12
-11
-8
-6
-5
-4
-3
1
3
3
5
6
7
7
6
6
7
10
13
13
16
15
16
17
15
13
12
12
12
11
12
12
9
8
6
6
5
3
4
4
3
2
0
0
-2
-1
-1
-2
-1
-2
-5
-8
-9
-8
-10
-9
-9
-8
-9
-9
-9
-9
-10
-7
-6
-4
-6
-7
-5
-4
-3
-2
-2
-2
-2
0
2
1
2
2
4
1
0
2
6
6
6
7
6
7
6
4
5
5
5
5
8
7
5
5
6
6
1
3
4
3
1
1
0
-1
0
-2
-1
-2
-3
-1
-1
-2
-1
-3
-5
-3
-3
-3
-4
-5
-6
-6
-7
-7
-4
-2
-3
-4
-2
-1
0
-2
0
-1
0
0
-1
1
1
-1
1
1
-1
0
0
2
2
2
3
3
4
3
2
4
3
2
2
2
4
3
4
1
1
-1
-1
1
-1
0
0
0
-1
1
2
4
5
3
1
-1
-1
-3
-3
-3
-4
-3
-1
-1
-1
-1
-3
-2
-3
-4
-3
-5
-6
-7
-7
-5
-5
-3
-4
-2
0
-1
-1
-1
-2
0
1
3
2
3
3
2
2
3
3
2
1
2
0
2
4
5
2
3
5
3
4
3
2
1
-1
-1
1
1
0
1
2
3
2
0
0
1
1
-1
-1
1
1
-1
-2
-3
-3
-2
-2
0
1
2
0
2
1
0
1
-3
-2
-3
0
1
3
1
0
1
-1
0
0
0
0
-1
1
2
3
2
1
0
-2
-2
-2
-2
-1
-1
-2
-2
-2
-2
-2
-2
-4
-4
-1
-1
0
-3
0
1
1
-1
0
1
-1
0
-1
-1
-2
-2
0
0
-3
-3
-3
-1
-1
0
1
1
3
0
-2
-3
-3
0
0
1
0
0
0
1
1
1
2
1
0
2
2
1
0
0
-1
0
2
2
3
3
2
1
0
0
-1
1
2
2
2
1
1
-1
0
0
0
2
2
3
-1
-1
-1
-1
-1
-3
-3
-2
-2
-1
0
0
1
0
-1
-1
-2
-3
-1
-1
-1
0
3
2
3
2
1
2
2
2
-1
0
1
0
-1
-2
0
-1
0
3
2
2
1
0
1
1
2
2
3
3
3
2
2
1
1
0
0
0
0
-1
-1
0
0
1
1
0
-1
-1
0
1
2
3
2
-1
-2
-1
-1
0
1
1
1
-3
-5
-3
-4
-3
0
1
2
-1
-2
-1
-2
-2
-2
-1
0
0
0
1
3
4
2
0
-2
-2
-1
0
0
-2
-1
1
1
1
0
1
-2
-3
-4
-5
-4
-4
-4
-2
0
0
0
0
0
-1
-1
0
0
2
1
1
2
2
1
0
-1
-1
0
-1
0
0
2
0
-1
-1
-2
-2
-2
-2
1
1
2
0
2
2
1
-1
0
1
0
-1
0
-2
-3
0
1
2
2
2
1
0
1
-1
0
0
3
3
2
-1
-1
1
1
0
3
2
1
0
-1
1
0
-1
-2
1
2
1
3
3
3
2
1
0
-1
-1
-1
-3
-1
-2
-2
1
2
0
-2
1
1
1
0
2
3
1
1
0
0
-1
-2
-3
-1
-1
1
-1
1
2
1
2
0
0
1
2
3
0
1
-2
-5
-3
-4
-3
0
3
3
1
1
0
0
-4
-1
1
-1
0
-1
1
1
-1
0
0
0
0
0
0
0
1
-1
-2
-3
-1
0
0
-2
-2
-2
-2
-1
0
-1
-1
1
1
2
2
3
3
5
1
1
1
-1
-1
-1
-1
-2
-1
1
0
0
-1
0
2
2
1
1
0
-1
-2
-1
-1
-2
0
-1
-3
-3
-2
1
-1
-1
-2
-2
-3
-5
-3
-2
-1
2
1
3
2
0
1
2
1
0
-1
-4
-1
0
0
1
1
0
0
-2
0
2
2
2
0
-2
0
0
0
-2
-1
0
1
-1
-1
1
0
2
1
1
0
-2
-1
-2
-2
-2
0
2
2
3
1
0
0
1
0
0
0
1
2
2
0
1
-1
0
-1
1
0
1
1
0
2
2
2
1
0
-1
0
0
1
-1
1
2
0
-1
-2
-1
-2
-1
1
2
1
1
0
0
-1
0
0
-1
0
1
2
2
3
0
0
0
-1
-2
-2
0
1
2
2
2
1
2
2
0
0
-2
-1
-1
0
2
2
0
1
-2
-4
-2
0
0
0
1
1
-1
-1
-2
-2
-2
-1
1
2
3
1
-2
-3
-1
-4
-2
-2
0
0
0
2
-1
0
0
1
1
1
0
0
0
-2
-3
-1
1
-1
1
1
0
0
-1
0
-2
1
2
1
4
3
3
2
1
2
1
0
0
0
0
-1
-1
-2
-2
-2
-3
-3
-4
-5
-3
1
1
2
2
1
0
-1
-2
0
1
0
0
0
0
-1
0
1
1
0
-1
-1
1
0
2
2
2
1
0
0
-3
-3
-4
-4
-4
-2
-1
0
2
3
1
2
3
2
1
0
-2
-2
-2
-2
-1
0
0
-2
-1
-2
-3
-1
1
1
4
3
3
2
-1
-1
-1
-1
0
2
2
1
-1
0
1
1
2
3
2
0
-1
-2
-2
-2
-2
-1
0
1
1
1
2
4
3
1
1
0
-1
1
-1
0
1
1
2
1
4
2
-1
-2
-3
1
-2
-3
-2
0
1
0
0
2
1
-2
-4
-3
-2
-2
-1
0
1
0
1
1
-2
-3
-3
-2
0
0
1
0
1
1
1
2
3
1
0
0
-1
-2
-2
-3
-2
-2
0
1
3
3
3
2
0
1
1
2
3
3
5
4
1
0
0
0
-1
1
2
2
2
1
1
0
1
1
0
0
1
2
2
1
2
1
-1
0
-3
-3
-3
-2
-1
-2
-2
1
-2
0
-1
-2
0
-2
-2
0
1
2
1
1
0
0
-1
-1
-2
-1
0
0
-1
-3
-4
-3
-2
-2
-1
0
-1
1
1
-1
-2
-3
-1
-2
-2
-3
-3
-3
-1
1
1
0
2
2
1
0
0
1
0
-1
0
1
1
1
3
1
1
1
1
1
0
1
1
1
1
-1
-1
-2
-1
3
4
3
3
1
0
2
-1
-1
0
-1
1
-1
-1
-1
0
2
1
0
0
-2
0
0
0
-2
-1
-1
0
-1
-2
-2
-1
-2
-2
0
1
3
0
2
2
1
0
0
1
-1
2
2
1
2
3
2
0
-1
0
-2
-1
-1
-1
-3
-1
