SAMPLES:	19753
BITSPERSAMPLE:	16
CHANNELS:	1
SAMPLERATE:	16000
NORMALIZED:	FALSE
0
0
1
1
2
1
-1
-1
-1
-1
-1
-1
-1
-2
0
1
1
0
0
-1
0
-1
-1
0
1
-1
0
-1
1
1
1
0
0
0
0
0
0
0
1
1
0
1
-1
-1
0
1
0
0
1
1
1
1
1
0
0
0
0
1
0
0
-1
0
0
0
0
0
1
1
1
1
-1
0
-1
1
1
-1
0
0
-1
0
0
-1
1
0
-1
0
0
-1
0
-1
1
0
0
0
-2
-1
0
0
0
0
1
0
0
1
0
2
0
0
0
1
-1
0
0
0
0
0
0
1
0
0
-1
-1
0
-1
-2
1
0
-2
-2
1
1
1
1
-2
-2
0
0
0
1
1
2
0
0
0
-1
-1
-1
0
-1
0
-1
-1
-3
-1
0
0
0
0
1
2
2
1
0
0
-2
-3
-3
-1
-1
-1
1
0
-1
0
0
0
-1
-1
0
1
0
0
0
1
1
1
0
1
0
0
-1
-1
-1
-2
-2
0
0
0
0
0
-2
1
1
0
0
1
1
0
-1
-1
0
0
0
2
0
1
1
2
2
0
2
2
0
0
0
-1
0
0
0
0
1
-1
0
0
0
-1
0
0
1
0
1
1
0
0
0
0
0
1
0
0
1
0
0
0
0
0
0
-1
-1
-1
-1
0
0
0
1
1
1
1
2
1
1
0
0
0
0
1
-1
-1
0
1
1
0
0
-1
0
0
-1
-1
-1
-1
0
-1
-1
0
0
1
1
0
0
-1
-2
0
1
0
0
0
2
0
-1
0
1
1
0
0
1
1
0
0
1
0
2
1
0
0
1
1
-1
0
1
0
1
0
0
-1
-1
-1
0
0
-1
0
-1
0
0
1
1
0
-1
0
2
-1
-1
-2
-2
-2
0
-1
0
1
0
-2
-1
0
-1
0
0
0
-1
-1
-1
0
-1
1
1
-1
1
0
-1
-1
-1
-2
-2
0
1
-1
0
0
-1
-1
-3
-2
-2
1
0
0
2
0
1
0
1
0
-2
-2
-1
-1
0
0
1
0
-1
0
0
0
0
-1
1
1
1
1
0
0
2
1
1
0
1
1
0
0
0
2
1
1
1
1
1
1
1
1
1
2
1
0
1
1
1
2
1
-1
0
-1
-1
0
0
1
1
1
0
0
0
2
0
1
0
0
-1
-1
-2
-1
0
0
1
0
0
1
0
2
2
2
1
0
1
0
-1
-1
-1
-1
0
-2
-2
0
-1
-1
-2
0
-1
-1
-1
-1
0
1
1
0
1
1
0
0
0
0
0
0
-1
0
0
-1
-1
0
0
-1
-1
-1
0
0
-1
-1
1
-1
-1
-1
0
0
1
1
-1
1
0
0
2
-1
-1
-1
0
1
0
1
1
-1
1
0
0
-1
-1
-1
0
0
0
1
1
1
1
0
-1
0
-1
0
-1
-1
-2
-1
1
1
1
1
1
1
0
-1
0
-1
0
-1
-1
-1
0
1
1
0
-2
0
1
1
0
-1
0
1
1
0
0
-1
0
1
0
1
1
1
1
0
1
-1
0
0
-2
0
1
1
1
1
1
1
-1
0
0
0
-1
0
1
0
-1
0
0
0
0
0
0
0
0
-1
0
2
0
2
1
0
-1
0
-1
0
0
0
-1
0
1
1
0
-1
-1
0
-1
-1
0
0
1
-2
-2
0
1
1
2
2
1
0
0
-1
-1
-1
1
1
1
2
1
0
1
0
-2
-2
-1
-1
-1
-1
-1
0
1
-1
-1
1
0
1
0
-1
-1
0
0
0
0
-1
-1
1
1
0
0
0
-1
0
0
0
1
1
1
0
1
2
0
1
1
3
1
2
2
1
1
0
0
-1
0
0
0
-1
0
0
-1
2
0
1
0
1
2
0
1
-1
0
0
-3
0
-1
-1
0
1
1
1
1
0
0
0
-1
0
1
1
1
1
-1
-1
-1
0
-1
0
0
1
2
0
2
-1
1
0
0
1
0
-1
-1
0
0
1
0
-1
0
0
0
1
1
0
1
1
0
1
1
0
0
0
2
-1
1
0
1
0
0
1
1
0
1
1
-1
0
0
-1
-1
0
-1
-1
1
0
-1
0
1
-1
0
1
0
-1
0
-1
0
0
0
0
0
-2
-1
0
1
1
1
1
0
0
0
1
1
1
1
1
0
-1
-2
-1
-1
0
0
0
1
0
0
-1
1
0
1
1
2
2
1
1
1
0
-1
0
0
-1
-1
-1
-1
0
0
0
-1
1
0
-2
-1
-1
-2
0
0
0
0
2
2
1
1
0
1
0
0
-1
1
1
0
-1
-1
0
0
0
1
0
-1
1
0
1
-1
0
-2
-1
-1
-1
0
0
0
0
0
-1
0
0
-1
0
0
0
0
1
-1
0
0
0
0
-1
0
-1
1
3
1
2
0
0
0
0
0
0
-2
0
0
0
0
1
1
0
0
1
1
0
0
0
-1
-2
0
-1
0
1
0
-1
0
1
1
-1
1
0
-2
1
0
0
0
0
1
0
0
1
0
0
0
-1
0
0
0
0
1
0
2
1
0
2
1
1
0
-2
-1
-1
-1
-1
-1
-2
-1
-1
1
1
0
1
0
0
0
-1
0
1
0
1
1
1
2
0
-1
-1
0
0
0
-1
-1
0
0
-1
-2
-1
-1
-1
-1
0
-1
-1
0
1
0
0
0
0
0
-1
-2
0
-1
0
0
1
1
0
0
-1
-1
0
-1
0
0
0
0
1
1
1
1
0
0
-1
0
-1
0
-1
-2
-1
-1
0
0
-1
-1
0
0
0
0
1
0
1
0
1
1
0
0
0
-1
-1
0
-2
-1
1
1
1
1
1
1
0
-1
-1
-1
-1
0
-1
0
0
0
2
1
2
-1
1
1
0
1
0
-1
0
1
0
0
1
0
1
2
1
0
1
0
-1
0
0
2
1
1
0
0
0
-1
0
0
-1
0
0
1
0
0
-1
0
-1
0
2
1
1
1
1
0
1
2
1
-1
0
0
1
0
1
0
-1
-1
-2
0
2
0
1
1
0
-1
-1
0
0
1
-2
-1
0
1
1
1
2
0
1
-1
-1
-1
0
0
0
-1
0
0
0
0
-1
-1
0
0
-1
-1
0
0
0
1
1
0
-1
0
-1
-2
-1
-2
-2
-1
1
-1
0
-1
-1
0
1
0
1
0
1
-1
-2
-3
-2
0
-1
-1
1
0
2
1
2
2
1
2
1
1
0
0
-1
-2
0
-1
-1
0
0
-1
-1
-1
0
-1
0
-1
0
-1
0
-1
0
-1
-1
1
1
1
0
1
0
0
0
0
1
1
1
2
1
2
0
-2
-1
1
1
0
1
0
0
0
0
0
0
1
0
0
1
0
-1
0
0
0
-1
0
1
1
2
0
1
-2
-1
-2
-1
0
-1
0
-1
-1
0
1
0
2
0
0
0
1
1
0
2
0
0
0
0
0
-1
-1
0
-2
-2
-1
0
-2
-1
0
0
1
0
2
1
0
-1
0
-1
1
1
-1
-1
-1
-1
-1
-1
1
1
0
0
-1
-1
-2
0
0
1
0
1
1
1
0
1
0
0
0
1
0
0
0
1
3
1
0
1
0
-1
-1
-1
-2
0
-1
-1
-1
0
0
1
1
2
2
0
-1
0
-2
-1
0
-1
-2
-2
-1
-1
-2
0
0
0
1
0
0
1
1
0
-1
0
0
-1
-2
-1
0
1
1
1
1
2
1
0
0
-1
0
-1
-1
0
0
1
1
0
1
1
-1
0
0
0
0
-2
-2
-2
-1
0
0
0
0
0
0
0
0
0
-1
0
1
1
1
0
0
1
2
1
1
1
0
1
1
-1
0
0
-1
-1
0
0
0
0
1
0
0
1
2
1
0
-1
0
1
0
1
1
1
1
0
0
-1
0
0
-1
-1
-2
-1
0
0
-1
1
2
1
-1
-2
0
-1
-1
1
0
-1
0
0
1
1
-1
0
0
1
0
2
1
1
1
1
-1
-1
-1
-1
-1
-2
-2
-1
1
0
0
0
1
1
0
1
0
0
0
-1
-1
0
0
1
-1
0
-1
1
0
0
0
-1
2
1
1
1
0
0
0
-1
-2
0
-1
-1
0
1
0
1
2
2
1
0
-1
0
0
0
-1
-1
1
-1
0
1
0
0
-1
1
1
1
0
0
0
-1
-1
-1
-1
-1
0
-1
0
1
0
1
0
-1
-1
0
-1
-2
-1
2
2
3
2
4
2
2
4
2
1
0
-1
-1
-3
-3
-3
-4
-3
-3
-1
1
2
4
5
7
7
6
4
2
1
-1
-1
-2
-4
-6
-8
-8
-7
-6
-5
-4
-1
0
3
5
6
7
8
7
8
5
5
4
2
0
-2
-2
-5
-8
-10
-12
-16
-19
-20
-22
-25
-24
-21
-17
-11
-5
1
8
13
17
23
26
26
26
27
27
25
24
25
26
26
26
24
21
16
8
0
-9
-19
-29
-39
-44
-49
-55
-57
-57
-56
-54
-50
-45
-37
-28
-17
-6
7
21
36
48
59
68
70
73
72
69
64
57
50
39
29
20
11
2
-7
-18
-28
-37
-45
-52
-58
-63
-64
-62
-57
-53
-47
-44
-42
-41
-42
-43
-46
-46
-46
-46
-44
-37
-30
-22
-10
0
10
20
28
36
44
51
59
69
80
95
109
125
140
155
167
177
185
191
192
193
193
190
186
179
170
157
137
114
84
48
9
-31
-74
-118
-158
-197
-234
-266
-292
-315
-331
-342
-349
-354
-354
-350
-342
-334
-320
-305
-288
-272
-256
-242
-230
-219
-209
-199
-189
-179
-165
-147
-126
-101
-71
-34
9
54
106
163
225
290
357
426
497
565
632
693
745
791
827
848
856
853
833
801
756
699
631
558
474
384
287
184
76
-38
-154
-271
-384
-492
-588
-674
-746
-802
-837
-857
-862
-853
-830
-802
-764
-724
-682
-639
-596
-550
-507
-464
-418
-377
-340
-303
-273
-249
-228
-213
-202
-196
-187
-181
-174
-157
-132
-96
-44
23
100
192
295
400
509
619
720
815
902
973
1029
1069
1094
1104
1099
1082
1050
1003
945
881
804
722
634
538
433
315
192
61
-68
-195
-305
-401
-483
-545
-579
-595
-594
-580
-557
-533
-519
-518
-535
-564
-614
-682
-748
-808
-871
-922
-948
-951
-951
-930
-894
-856
-822
-787
-760
-739
-717
-688
-659
-612
-537
-443
-312
-138
60
262
492
729
942
1130
1305
1431
1507
1556
1571
1534
1469
1380
1266
1157
1055
944
827
736
639
524
423
341
241
131
34
-62
-169
-262
-339
-392
-410
-398
-369
-297
-192
-97
-5
92
174
196
186
138
40
-110
-290
-488
-689
-885
-1075
-1230
-1338
-1420
-1479
-1484
-1450
-1415
-1386
-1330
-1284
-1248
-1206
-1138
-1070
-990
-881
-733
-515
-246
37
331
675
1005
1295
1570
1828
1987
2069
2109
2099
2010
1863
1678
1491
1325
1146
968
830
724
576
426
330
239
94
-45
-149
-260
-397
-517
-600
-641
-644
-617
-532
-373
-204
-68
97
283
389
414
429
394
250
49
-165
-415
-700
-970
-1221
-1441
-1608
-1747
-1832
-1826
-1759
-1715
-1640
-1522
-1415
-1344
-1231
-1104
-1022
-953
-834
-670
-453
-180
115
437
799
1170
1507
1860
2171
2381
2481
2546
2536
2419
2210
1987
1762
1529
1277
1057
890
727
539
378
283
158
-2
-149
-254
-385
-543
-694
-791
-859
-901
-891
-786
-626
-475
-312
-98
105
213
276
319
288
138
-39
-242
-491
-788
-1059
-1315
-1546
-1754
-1910
-1985
-1981
-1936
-1876
-1762
-1624
-1488
-1363
-1188
-1049
-952
-863
-715
-552
-341
-72
241
552
908
1291
1671
2039
2365
2615
2751
2826
2810
2688
2476
2252
2001
1739
1468
1232
1013
818
627
469
344
219
62
-82
-195
-318
-483
-646
-762
-869
-955
-973
-896
-787
-673
-520
-312
-130
-12
65
117
86
-41
-190
-355
-575
-841
-1087
-1311
-1542
-1754
-1907
-1981
-2006
-1990
-1929
-1818
-1686
-1548
-1397
-1221
-1085
-980
-862
-710
-551
-346
-60
234
527
872
1255
1612
1964
2293
2555
2698
2783
2782
2696
2535
2361
2150
1929
1698
1464
1250
1060
861
669
512
353
176
12
-101
-245
-415
-584
-723
-860
-961
-1008
-975
-909
-824
-705
-537
-389
-294
-230
-188
-221
-324
-439
-572
-752
-968
-1166
-1373
-1567
-1742
-1864
-1923
-1933
-1915
-1845
-1737
-1606
-1474
-1323
-1167
-1049
-932
-796
-637
-471
-239
42
308
594
944
1299
1632
1971
2301
2541
2693
2800
2837
2788
2686
2558
2383
2191
1975
1735
1512
1297
1045
803
608
420
222
57
-59
-214
-402
-570
-722
-863
-976
-1030
-1021
-975
-914
-828
-703
-583
-515
-463
-422
-430
-515
-621
-727
-892
-1104
-1300
-1492
-1664
-1817
-1920
-1950
-1946
-1930
-1865
-1758
-1638
-1538
-1414
-1276
-1163
-1065
-935
-756
-576
-366
-104
175
476
816
1189
1562
1917
2246
2513
2720
2866
2937
2925
2867
2757
2588
2393
2196
1959
1716
1481
1245
1005
799
621
449
276
114
-69
-276
-478
-675
-842
-972
-1045
-1072
-1041
-977
-884
-767
-628
-502
-398
-324
-292
-326
-419
-548
-723
-927
-1140
-1353
-1545
-1694
-1814
-1879
-1898
-1894
-1868
-1822
-1748
-1682
-1609
-1529
-1452
-1392
-1310
-1190
-1044
-870
-628
-352
-30
342
759
1199
1622
2037
2401
2697
2914
3052
3090
3063
2970
2819
2622
2412
2173
1924
1678
1446
1215
994
787
582
369
161
-55
-280
-498
-705
-897
-1040
-1118
-1155
-1138
-1057
-932
-769
-575
-374
-183
-50
31
40
-15
-133
-300
-512
-736
-995
-1253
-1482
-1664
-1826
-1929
-1981
-2011
-2023
-1996
-1942
-1877
-1806
-1739
-1659
-1602
-1517
-1420
-1275
-1084
-818
-504
-106
348
843
1355
1870
2372
2785
3108
3331
3463
3471
3402
3265
3082
2831
2552
2268
1982
1696
1425
1167
892
622
338
78
-165
-403
-651
-869
-1069
-1252
-1377
-1418
-1399
-1335
-1203
-999
-745
-476
-195
46
241
362
400
376
286
106
-140
-412
-730
-1083
-1412
-1685
-1937
-2130
-2256
-2342
-2399
-2421
-2386
-2323
-2256
-2205
-2136
-2083
-2023
-1956
-1785
-1553
-1243
-861
-346
232
845
1494
2157
2787
3290
3707
3999
4188
4210
4141
3968
3757
3428
3073
2719
2364
1988
1639
1309
951
591
233
-77
-393
-684
-990
-1253
-1498
-1683
-1813
-1826
-1771
-1654
-1464
-1168
-812
-435
-62
265
549
733
824
831
763
567
286
-42
-413
-842
-1254
-1608
-1916
-2194
-2413
-2570
-2691
-2783
-2809
-2788
-2777
-2799
-2787
-2741
-2716
-2648
-2443
-2138
-1781
-1295
-655
48
770
1559
2355
3079
3695
4214
4588
4807
4875
4772
4568
4307
3938
3503
3079
2645
2188
1753
1364
965
543
158
-198
-554
-902
-1237
-1543
-1803
-2011
-2131
-2145
-2064
-1919
-1672
-1295
-860
-417
13
413
744
971
1101
1139
1053
858
551
193
-227
-682
-1147
-1558
-1919
-2246
-2541
-2738
-2886
-3012
-3049
-3035
-3032
-3086
-3043
-2982
-2958
-2846
-2548
-2233
-1853
-1298
-578
121
877
1754
2575
3304
3964
4553
4932
5144
5191
5086
4866
4594
4171
3716
3255
2758
2236
1785
1386
946
493
99
-285
-702
-1086
-1471
-1801
-2100
-2324
-2479
-2503
-2427
-2290
-2036
-1625
-1168
-727
-273
175
555
820
1008
1081
1029
883
614
277
-100
-525
-973
-1387
-1712
-2065
-2399
-2591
-2728
-2896
-2956
-2928
-2958
-3068
-3005
-2865
-2833
-2638
-2277
-1900
-1508
-855
-99
554
1275
2114
2797
3362
3962
4415
4641
4718
4782
4619
4414
4170
3794
3355
2963
2531
2032
1627
1249
814
344
16
-397
-811
-1166
-1460
-1738
-1932
-2031
-2097
-2057
-1906
-1708
-1465
-1089
-750
-400
-68
233
449
610
691
619
473
337
55
-322
-646
-990
-1358
-1723
-1953
-2239
-2530
-2668
-2749
-2907
-2953
-2930
-2952
-3082
-2966
-2637
-2470
-2213
-1722
-1091
-547
117
972
1725
2271
2867
3389
3821
4086
4193
4236
4175
4085
3821
3575
3371
2983
2540
2223
1896
1462
970
637
293
-121
-451
-766
-1021
-1226
-1383
-1388
-1314
-1191
-1072
-853
-483
-231
3
274
505
628
657
654
564
348
95
-273
-638
-987
-1432
-1863
-2237
-2507
-2838
-3108
-3208
-3329
-3483
-3505
-3410
-3407
-3441
-3306
-3164
-3192
-2979
-2486
-2018
-1662
-967
-7
760
1554
2547
3476
4016
4500
4995
5298
5295
5206
5010
4764
4425
4010
3605
3206
2791
2232
1828
1447
977
381
-63
-440
-890
-1390
-1741
-1995
-2241
-2411
-2389
-2137
-1919
-1624
-1158
-499
14
441
951
1425
1624
1666
1696
1571
1192
718
265
-271
-876
-1512
-2071
-2532
-2943
-3349
-3632
-3744
-3881
-4056
-4066
-3983
-4029
-4089
-3967
-3877
-3814
-3471
-2909
-2392
-1789
-840
198
1169
2250
3364
4232
4919
5548
6005
6192
6189
6000
5637
5286
4846
4272
3694
3188
2615
1996
1505
1026
435
-112
-557
-1028
-1545
-2022
-2410
-2778
-3033
-3126
-3060
-2860
-2536
-2059
-1416
-726
-58
574
1181
1659
1966
2124
2099
1887
1545
1090
540
-64
-689
-1321
-1899
-2360
-2776
-3126
-3383
-3556
-3749
-3897
-3998
-4056
-4161
-4262
-4280
-4083
-3738
-3358
-2835
-2056
-1109
-156
974
2163
3230
4080
4923
5649
6137
6326
6311
6137
5850
5444
4893
4334
3718
3043
2346
1793
1211
597
34
-393
-842
-1335
-1802
-2198
-2538
-2838
-2996
-2990
-2851
-2670
-2293
-1713
-1070
-488
156
812
1332
1722
2039
2156
2029
1783
1456
982
395
-210
-832
-1440
-1996
-2471
-2916
-3239
-3508
-3734
-3966
-4103
-4192
-4301
-4448
-4457
-4195
-3882
-3544
-3004
-2162
-1341
-445
677
1887
2843
3704
4613
5389
5886
6144
6245
6138
5897
5494
5043
4509
3884
3130
2453
1849
1183
487
-78
-531
-1027
-1515
-1956
-2276
-2583
-2814
-2926
-2814
-2642
-2430
-2050
-1455
-859
-326
298
912
1386
1718
2017
2119
2009
1756
1458
1009
432
-184
-770
-1353
-1933
-2460
-2916
-3284
-3601
-3836
-4045
-4173
-4259
-4347
-4452
-4323
-3990
-3653
-3259
-2591
-1740
-965
-80
1018
2084
2895
3720
4560
5248
5657
5903
6010
5934
5692
5347
4968
4487
3866
3158
2545
1916
1199
470
-128
-665
-1251
-1799
-2233
-2560
-2866
-3084
-3110
-2947
-2734
-2450
-1965
-1378
-821
-284
327
884
1301
1584
1775
1812
1695
1459
1138
717
196
-371
-911
-1396
-1895
-2370
-2794
-3129
-3415
-3650
-3838
-3957
-4083
-4257
-4314
-4106
-3784
-3441
-2952
-2176
-1276
-426
527
1640
2571
3358
4130
4869
5400
5643
5769
5760
5645
5378
5049
4678
4213
3602
3029
2479
1856
1147
437
-132
-736
-1355
-1942
-2383
-2733
-3065
-3246
-3178
-2976
-2744
-2331
-1771
-1195
-695
-138
446
922
1234
1416
1510
1432
1220
935
576
130
-419
-936
-1363
-1767
-2146
-2486
-2764
-2981
-3175
-3333
-3451
-3569
-3772
-3944
-3903
-3686
-3398
-3028
-2421
-1534
-604
229
1331
2355
3224
3916
4634
5215
5442
5479
5411
5305
5016
4659
4235
3844
3257
2752
2236
1765
1180
516
-5
-483
-1010
-1580
-2027
-2373
-2684
-2951
-2933
-2798
-2566
-2231
-1708
-1125
-593
-94
476
1017
1389
1584
1713
1715
1478
1186
817
382
-232
-815
-1293
-1741
-2158
-2491
-2773
-2987
-3158
-3295
-3387
-3472
-3602
-3755
-3810
-3683
-3410
-3091
-2648
-1910
-992
-244
713
1782
2729
3444
4143
4795
5145
5274
5253
5194
4992
4686
4239
3826
3287
2755
2221
1780
1306
676
135
-295
-740
-1259
-1687
-2028
-2317
-2595
-2664
-2626
-2481
-2243
-1872
-1379
-868
-422
78
635
1089
1362
1563
1692
1578
1363
1099
745
208
-346
-828
-1295
-1751
-2125
-2478
-2743
-2934
-3114
-3255
-3332
-3410
-3531
-3625
-3579
-3329
-3031
-2690
-2171
-1381
-674
87
1034
1981
2727
3378
4035
4506
4789
4883
4910
4826
4652
4299
3912
3479
2998
2498
2051
1664
1129
550
51
-364
-854
-1328
-1708
-1991
-2269
-2458
-2493
-2437
-2301
-2086
-1701
-1229
-790
-348
170
661
1016
1262
1414
1419
1278
1055
767
365
-110
-569
-990
-1389
-1747
-2113
-2404
-2573
-2724
-2894
-2989
-3018
-3116
-3241
-3279
-3098
-2826
-2535
-2170
-1561
-858
-181
605
1480
2265
2891
3508
4032
4410
4572
4627
4592
4458
4173
3805
3446
3025
2566
2117
1765
1347
828
294
-119
-545
-1032
-1475
-1798
-2071
-2366
-2525
-2526
-2434
-2306
-2020
-1567
-1085
-642
-144
374
800
1098
1259
1303
1205
980
677
335
-91
-560
-987
-1348
-1676
-1993
-2259
-2428
-2524
-2617
-2707
-2723
-2736
-2824
-2901
-2839
-2607
-2324
-1999
-1520
-843
-141
579
1401
2219
2893
3498
4068
4472
4673
4702
4646
4477
4187
3786
3380
2954
2466
1972
1551
1164
707
219
-205
-552
-957
-1373
-1708
-1954
-2221
-2477
-2552
-2495
-2372
-2170
-1785
-1321
-872
-423
81
543
875
1082
1161
1116
909
616
258
-130
-605
-1079
-1472
-1809
-2116
-2378
-2520
-2630
-2680
-2707
-2678
-2635
-2605
-2603
-2574
-2403
-2114
-1761
-1357
-743
-17
695
1444
2287
3025
3615
4196
4658
4892
4912
4808
4599
4304
3897
3428
2960
2473
1969
1472
1027
585
124
-311
-654
-970
-1326
-1656
-1889
-2071
-2295
-2438
-2412
-2288
-2118
-1831
-1413
-991
-604
-201
239
597
826
949
978
863
601
268
-98
-506
-996
-1448
-1820
-2141
-2430
-2609
-2705
-2792
-2822
-2787
-2709
-2657
-2596
-2540
-2433
-2196
-1840
-1450
-963
-264
488
1192
1978
2825
3490
4057
4600
4983
5114
5066
4905
4636
4283
3830
3333
2829
2342
1855
1360
872
408
-61
-486
-830
-1157
-1506
-1823
-2046
-2239
-2424
-2517
-2460
-2327
-2130
-1812
-1376
-959
-590
-181
252
601
817
947
980
854
564
217
-165
-612
-1109
-1546
-1909
-2239
-2487
-2628
-2720
-2780
-2785
-2737
-2691
-2680
-2657
-2628
-2500
-2209
-1844
-1446
-890
-129
624
1354
2222
3068
3714
4290
4832
5183
5269
5199
5028
4725
4304
3789
3255
2728
2187
1654
1148
664
176
-313
-733
-1069
-1407
-1750
-2045
-2252
-2418
-2563
-2599
-2497
-2326
-2096
-1724
-1231
-784
-390
74
547
899
1100
1211
1217
1023
679
278
-171
-692
-1221
-1656
-2041
-2397
-2647
-2794
-2874
-2905
-2902
-2856
-2824
-2806
-2786
-2733
-2498
-2117
-1729
-1275
-607
194
932
1715
2632
3427
4025
4579
5076
5341
5346
5231
5021
4661
4174
3615
3067
2508
1886
1311
817
333
-188
-680
-1055
-1383
-1733
-2041
-2259
-2417
-2534
-2601
-2548
-2376
-2156
-1868
-1446
-946
-506
-85
386
812
1089
1225
1269
1193
932
551
124
-359
-900
-1397
-1798
-2178
-2522
-2765
-2895
-2950
-2975
-2971
-2924
-2868
-2814
-2756
-2604
-2242
-1806
-1393
-857
-101
671
1365
2188
3068
3742
4261
4757
5147
5292
5219
5054
4784
4395
3891
3321
2781
2210
1573
1012
540
47
-497
-961
-1299
-1653
-2028
-2293
-2442
-2561
-2628
-2606
-2463
-2243
-1975
-1629
-1185
-712
-282
151
585
923
1110
1200
1207
1074
778
408
5
-479
-993
-1428
-1808
-2192
-2515
-2739
-2866
-2947
-2990
-2994
-2967
-2930
-2859
-2752
-2523
-2116
-1674
-1216
-591
214
972
1714
2588
3433
4054
4567
5032
5356
5439
5325
5125
4836
4446
3902
3321
2769
2169
1515
946
425
-137
-719
-1194
-1572
-1990
-2386
-2649
-2795
-2917
-2958
-2880
-2682
-2438
-2121
-1706
-1226
-758
-321
143
575
866
1026
1150
1147
963
651
316
-75
-559
-1042
-1449
-1838
-2220
-2525
-2740
-2879
-2979
-2998
-3002
-3001
-2959
-2859
-2727
-2443
-1996
-1530
-1013
-281
591
1360
2182
3126
3953
4552
5086
5554
5813
5809
5647
5407
5070
4608
3993
3384
2778
2099
1403
792
182
-454
-1054
-1541
-1966
-2406
-2780
-3041
-3189
-3289
-3282
-3141
-2892
-2594
-2194
-1693
-1166
-685
-238
249
666
922
1063
1159
1081
823
481
133
-294
-800
-1275
-1680
-2078
-2468
-2766
-2970
-3103
-3166
-3145
-3139
-3097
-2975
-2830
-2651
-2253
-1731
-1234
-648
200
1084
1835
2713
3687
4437
4992
5538
5961
6111
6020
5831
5514
5103
4569
3912
3271
2613
1868
1157
521
-118
-760
-1337
-1803
-2219
-2611
-2953
-3192
-3297
-3340
-3294
-3102
-2805
-2459
-2013
-1452
-902
-433
18
500
876
1073
1161
1177
1016
699
328
-66
-552
-1105
-1586
-1989
-2416
-2818
-3090
-3273
-3388
-3424
-3383
-3348
-3254
-3080
-2893
-2644
-2169
-1612
-1067
-432
442
1313
2068
2955
3900
4608
5163
5692
6056
6183
6068
5843
5505
5107
4547
3876
3243
2575
1793
1082
468
-166
-817
-1369
-1794
-2206
-2597
-2950
-3169
-3262
-3309
-3274
-3065
-2766
-2428
-1974
-1382
-817
-340
158
680
1080
1277
1358
1355
1217
910
519
83
-439
-1034
-1552
-1983
-2447
-2867
-3152
-3354
-3503
-3569
-3570
-3534
-3454
-3301
-3146
-2903
-2430
-1871
-1312
-678
205
1083
1850
2763
3743
4476
5098
5651
6058
6243
6160
5985
5725
5362
4792
4142
3502
2789
1964
1248
601
-101
-778
-1318
-1785
-2263
-2693
-3064
-3300
-3453
-3535
-3492
-3290
-3024
-2664
-2155
-1529
-925
-354
253
846
1293
1540
1649
1686
1579
1257
843
365
-201
-840
-1393
-1872
-2366
-2787
-3092
-3340
-3519
-3610
-3646
-3635
-3592
-3493
-3410
-3168
-2677
-2110
-1572
-902
37
917
1719
2738
3744
4486
5153
5730
6179
6344
6282
6160
5908
5501
4911
4241
3558
2801
1964
1248
558
-172
-839
-1392
-1898
-2401
-2829
-3189
-3439
-3611
-3676
-3603
-3404
-3118
-2697
-2132
-1497
-849
-235
384
956
1387
1613
1721
1767
1604
1254
829
333
-259
-897
-1442
-1935
-2415
-2804
-3108
-3356
-3516
-3611
-3643
-3662
-3633
-3559
-3477
-3157
-2613
-2056
-1503
-724
252
1118
2006
3104
4036
4730
5370
5927
6308
6380
6317
6162
5840
5371
4737
4039
3372
2596
1780
1091
408
-306
-975
-1513
-1994
-2492
-2921
-3245
-3471
-3616
-3669
-3575
-3343
-3018
-2576
-2023
-1381
-757
-216
342
868
1225
1399
1519
1547
1337
995
594
106
-467
-1046
-1551
-2026
-2464
-2826
-3106
-3309
-3448
-3536
-3577
-3597
-3535
-3443
-3272
-2846
-2285
-1739
-1106
-232
715
1559
2511
3549
4352
4985
5551
6026
6291
6303
6209
6003
5668
5176
4515
3874
3234
2436
1647
973
292
-452
-1154
-1688
-2188
-2730
-3184
-3482
-3668
-3819
-3865
-3710
-3415
-3063
-2620
-2043
-1394
-817
-295
284
813
1152
1357
1532
1563
1370
1058
669
162
-405
-953
-1456
-1958
-2424
-2822
-3112
-3315
-3474
-3589
-3659
-3651
-3577
-3469
-3220
-2718
-2165
-1618
-926
-7
882
1711
2680
3647
4402
5023
5598
6052
6294
6305
6210
6015
5719
5206
4582
3995
3323
2505
1744
1073
342
-447
-1155
-1717
-2278
-2840
-3309
-3593
-3796
-3952
-3954
-3728
-3402
-3027
-2537
-1917
-1293
-747
-172
423
925
1231
1458
1615
1599
1374
1054
619
64
-524
-1071
-1611
-2174
-2686
-3114
-3425
-3653
-3801
-3917
-3958
-3903
-3798
-3687
-3351
-2775
-2199
-1647
-874
101
978
1831
2838
3807
4532
5174
5806
6287
6479
6471
6366
6174
5825
5275
4672
4073
3332
2489
1755
1065
291
-507
-1169
-1732
-2298
-2836
-3256
-3530
-3729
-3859
-3799
-3533
-3216
-2839
-2321
-1690
-1123
-611
-28
547
955
1212
1420
1514
1415
1156
838
384
-176
-746
-1279
-1833
-2401
-2902
-3292
-3592
-3799
-3918
-3991
-3979
-3867
-3740
-3623
-3240
-2639
-2069
-1506
-677
308
1165
2043
3072
3981
4650
5282
5910
6338
6452
6415
6281
6040
5638
5063
4453
3841
3075
2235
1505
824
65
-705
-1321
-1846
-2377
-2872
-3229
-3452
-3607
-3685
-3555
-3241
-2929
-2555
-2034
-1417
-882
-389
178
697
1031
1238
1400
1426
1281
1011
701
272
-258
-803
-1350
-1895
-2441
-2917
-3279
-3559
-3765
-3893
-3959
-3936
-3808
-3695
-3582
-3178
-2596
-2055
-1479
-642
324
1140
2029
3064
3927
4573
5224
5858
6262
6378
6387
6273
6015
5611
5041
4417
3798
3025
2158
1393
686
-73
-843
-1459
-1973
-2485
-2980
-3308
-3487
-3622
-3697
-3542
-3207
-2890
-2517
-1991
-1370
-804
-270
307
816
1150
1360
1501
1525
1382
1114
802
417
-102
-637
-1200
-1743
-2265
-2750
-3131
-3427
-3658
-3849
-3962
-3975
-3872
-3801
-3698
-3274
-2714
-2206
-1633
-798
158
927
1788
2825
3677
4318
4985
5633
6059
6198
6250
6191
5954
5574
5031
4440
3849
3106
2242
1495
780
9
-755
-1348
-1853
-2362
-2860
-3186
-3335
-3474
-3578
-3433
-3097
-2779
-2403
-1876
-1249
-672
-122
449
944
1272
1474
1583
1600
1440
1139
795
402
-139
-687
-1247
-1810
-2314
-2805
-3198
-3500
-3730
-3951
-4072
-4081
-3983
-3904
-3778
-3324
-2761
-2236
-1654
-793
157
910
1742
2758
3592
4212
4857
5464
5893
6027
6077
6042
5832
5463
4941
4382
3822
3097
2257
1556
852
57
-697
-1248
-1742
-2258
-2745
-3050
-3179
-3310
-3420
-3267
-2948
-2642
-2267
-1739
-1133
-598
-68
489
964
1257
1447
1544
1538
1352
1034
670
235
-327
-876
-1411
-1976
-2468
-2928
-3272
-3536
-3731
-3923
-3993
-3968
-3876
-3764
-3615
-3165
-2612
-2038
-1443
-583
339
1082
1885
2849
3646
4228
4838
5376
5775
5891
5930
5876
5670
5294
4789
4242
3684
2960
2147
1494
813
32
-696
-1212
-1710
-2222
-2694
-2989
-3142
-3279
-3384
-3252
-2975
-2691
-2324
-1814
-1219
-719
-215
348
846
1132
1342
1492
1493
1310
1022
684
240
-300
-820
-1319
-1848
-2329
-2752
-3059
-3304
-3501
-3679
-3743
-3733
-3690
-3607
-3503
-3145
-2647
-2101
-1557
-753
154
895
1676
2641
3481
4064
4694
5298
5736
5873
5938
5911
5723
5362
4906
4381
3806
3099
2310
1670
1009
264
-451
-996
-1520
-2040
-2540
-2894
-3128
-3316
-3457
-3399
-3191
-2949
-2612
-2130
-1529
-1003
-500
78
632
972
1211
1405
1462
1323
1052
743
337
-175
-682
-1161
-1661
-2143
-2570
-2890
-3145
-3368
-3552
-3643
-3667
-3651
-3597
-3530
-3256
-2783
-2277
-1791
-1055
-120
657
1420
2405
3335
3952
4565
5237
5735
5886
5916
5883
5699
5341
4893
4385
3799
3121
2354
1711
1092
403
-297
-870
-1355
-1852
-2360
-2731
-2963
-3160
-3292
-3233
-3018
-2788
-2454
-1970
-1368
-812
-307
251
796
1167
1366
1499
1544
1403
1076
705
292
-245
-812
-1314
-1819
-2328
-2791
-3133
-3385
-3595
-3758
-3837
-3842
-3790
-3694
-3588
-3329
-2841
-2315
-1832
-1169
-242
581
1322
2273
3250
3927
4501
5143
5680
5886
5882
5815
5640
5313
4838
4322
3751
3115
2345
1676
1090
452
-241
-832
-1271
-1732
-2239
-2601
-2795
-2972
-3097
-3032
-2784
-2554
-2250
-1800
-1231
-678
-175
348
866
1252
1444
1545
1576
1451
1115
725
316
-214
-810
-1324
-1812
-2328
-2811
-3171
-3424
-3622
-3776
-3846
-3836
-3772
-3664
-3522
-3310
-2879
-2359
-1877
-1333
-512
324
1036
1889
2867
3639
4202
4809
5388
5719
5775
5746
5629
5379
4927
4408
3882
3308
2564
1851
1258
656
-32
-662
-1113
-1563
-2083
-2518
-2759
-2944
-3107
-3147
-2957
-2728
-2486
-2132
-1607
-1047
-541
-32
515
984
1251
1417
1525
1503
1267
960
655
231
-311
-806
-1237
-1712
-2207
-2606
-2891
-3109
-3314
-3442
-3485
-3493
-3466
-3369
-3260
-3009
-2569
-2110
-1684
-1060
-233
488
1227
2131
3001
3609
4217
4843
5311
5513
5577
5545
5369
5033
4548
4055
3539
2894
2185
1569
995
362
-279
-792
-1252
-1744
-2245
-2619
-2842
-3017
-3155
-3115
-2902
-2668
-2389
-1946
-1379
-845
-357
183
731
1091
1281
1425
1493
1357
1092
848
513
12
-486
-897
-1337
-1844
-2277
-2601
-2842
-3068
-3249
-3342
-3415
-3419
-3363
-3288
-3156
-2769
-2305
-1905
-1421
-602
196
862
1655
2578
3256
3815
4446
4974
5276
5346
5358
5218
4977
4536
4063
3591
3043
2388
1775
1263
696
83
-473
-925
-1387
-1879
-2319
-2585
-2752
-2907
-2961
-2790
-2530
-2271
-1892
-1380
-844
-385
98
611
1009
1184
1291
1345
1270
1024
754
429
-35
-511
-946
-1375
-1845
-2250
-2603
-2856
-3043
-3218
-3354
-3453
-3421
-3363
-3294
-3193
-2832
-2379
-1981
-1555
-776
70
719
1437
2372
3132
3657
4258
4793
5159
5220
5240
5139
4973
4585
4115
3687
3209
2607
1968
1499
969
356
-250
-690
-1125
-1617
-2080
-2353
-2525
-2693
-2800
-2681
-2408
-2164
-1849
-1403
-895
-481
-57
382
775
949
1025
1050
1006
799
506
187
-229
-651
-1101
-1492
-1881
-2207
-2558
-2811
-2958
-3100
-3273
-3389
-3319
-3253
-3204
-3145
-2774
-2351
-1969
-1570
-783
47
684
1414
2388
3196
3715
4300
4832
5234
5285
5311
5244
5135
4760
4293
3896
3460
2828
2145
1657
1098
426
-252
-702
-1145
-1670
-2175
-2448
-2643
-2863
-3024
-2933
-2676
-2459
-2181
-1727
-1197
-789
-373
91
527
753
865
944
959
785
517
233
-137
-556
-1000
-1351
-1681
-1971
-2313
-2559
-2714
-2858
-3052
-3177
-3116
-3065
-3061
-3061
-2686
-2267
-1920
-1545
-748
49
645
1399
2404
3192
3702
4268
4803
5180
5210
5234
5173
5070
4694
4223
3819
3394
2727
2042
1529
981
318
-367
-780
-1177
-1678
-2178
-2422
-2596
-2826
-2998
-2879
-2620
-2420
-2130
-1640
-1069
-649
-242
229
668
901
999
1069
1071
871
573
241
-158
-645
-1116
-1501
-1841
-2140
-2475
-2709
-2870
-3009
-3181
-3253
-3174
-3099
-3104
-3068
-2653
-2189
-1836
-1426
-625
144
724
1471
2442
3178
3683
4216
4747
5089
5111
5130
5077
4976
4604
4125
3693
3268
2592
1925
1415
913
280
-385
-748
-1108
-1585
-2054
-2258
-2410
-2623
-2768
-2604
-2341
-2142
-1847
-1360
-799
-392
-46
351
736
915
949
958
931
712
378
-6
-416
-930
-1409
-1828
-2169
-2467
-2784
-2999
-3135
-3248
-3376
-3371
-3234
-3110
-3099
-2964
-2479
-1979
-1612
-1121
-306
429
1003
1738
2654
3329
3810
4287
4792
5088
5100
5105
5074
4962
4576
4091
3665
3219
2541
1913
1412
916
271
-361
-712
-1088
-1582
-2007
-2189
-2343
-2540
-2633
-2451
-2217
-2038
-1755
-1302
-817
-464
-190
141
468
602
619
624
597
388
86
-237
-590
-1052
-1479
-1873
-2196
-2492
-2795
-2997
-3129
-3240
-3344
-3291
-3119
-2979
-2956
-2725
-2193
-1725
-1383
-825
-1
672
1232
1996
2862
3462
3907
4369
4861
5093
5088
5116
5115
4933
4504
4049
3655
3163
2475
1874
1365
823
148
-438
-805
-1216
-1739
-2113
-2273
-2435
-2631
-2667
-2474
-2266
-2099
-1789
-1337
-933
-625
-350
-3
293
409
460
503
457
243
8
-232
-573
-993
-1383
-1743
-2085
-2403
-2692
-2887
-3057
-3176
-3263
-3185
-3019
-2884
-2838
-2523
-1966
-1534
-1194
-568
262
867
1447
2256
3055
3543
3976
4452
4895
5022
5008
5048
4986
4684
4228
3798
3403
2856
2157
1568
1043
474
-195
-722
-1070
-1471
-1960
-2238
-2332
-2469
-2619
-2550
-2280
-2040
-1819
-1434
-957
-590
-305
-3
352
594
644
665
686
555
284
44
-225
-623
-1097
-1521
-1888
-2272
-2634
-2908
-3087
-3271
-3389
-3429
-3315
-3143
-3012
-2926
-2512
-1915
-1476
-1083
-384
442
1021
1647
2477
3206
3643
4109
4599
4985
5059
5044
5044
4896
4534
4079
3652
3240
2659
1974
1403
880
305
-353
-829
-1148
-1547
-1996
-2214
-2292
-2442
-2569
-2436
-2139
-1901
-1661
-1244
-774
-443
-171
139
482
656
643
631
622
422
123
-143
-447
-869
-1364
-1761
-2091
-2469
-2814
-3023
-3157
-3310
-3400
-3377
-3242
-3061
-2957
-2837
-2337
-1753
-1319
-875
-141
645
1193
1831
2657
3314
3730
4219
4709
5052
5094
5049
5000
4823
4463
4018
3601
3199
2613
1996
1462
963
400
-237
-666
-990
-1423
-1877
-2119
-2262
-2468
-2631
-2520
-2281
-2110
-1905
-1501
-1046
-727
-442
-91
263
432
415
410
406
206
-76
-360
-657
-1050
-1502
-1837
-2114
-2436
-2713
-2876
-2977
-3066
-3120
-3086
-2951
-2780
-2735
-2566
-2046
-1541
-1118
-635
108
836
1363
2048
2884
3478
3897
4396
4888
5164
5130
5048
4962
4755
4356
3883
3452
3004
2391
1818
1298
816
251
-344
-710
-1051
-1518
-1961
-2198
-2383
-2609
-2748
-2622
-2429
-2287
-2042
-1606
-1141
-800
-437
-32
340
523
512
509
468
237
-83
-409
-757
-1189
-1629
-1955
-2249
-2547
-2792
-2972
-3051
-3092
-3143
-3101
-2936
-2794
-2768
-2502
-1985
-1525
-1080
-508
296
1007
1577
2379
3238
3801
4239
4748
5224
5391
5293
5179
5045
4758
4261
3750
3293
2767
2106
1528
1035
540
-53
-584
-896
-1257
-1729
-2095
-2269
-2446
-2639
-2675
-2487
-2292
-2108
-1788
-1322
-881
-532
-140
248
577
705
672
641
522
210
-169
-546
-974
-1451
-1891
-2239
-2561
-2846
-3100
-3268
-3302
-3343
-3377
-3259
-3048
-2937
-2867
-2494
-1975
-1537
-1074
-383
476
1149
1795
2693
3523
4048
4513
5051
5475
5546
5434
5312
5136
4745
4194
3711
3263
2691
2006
1479
1023
474
-135
-591
-896
-1310
-1784
-2084
-2226
-2413
-2586
-2555
-2356
-2173
-1965
-1619
-1167
-787
-465
-99
241
489
560
533
504
351
5
-386
-778
-1222
-1683
-2113
-2468
-2771
-3045
-3293
-3398
-3402
-3454
-3420
-3214
-2989
-2903
-2763
-2298
-1799
-1417
-924
-132
680
1299
2044
2977
3716
4215
4740
5287
5619
5623
5523
5410
5174
4680
4131
3683
3214
2566
1907
1422
908
292
-304
-713
-1086
-1589
-2056
-2312
-2456
-2665
-2801
-2697
-2489
-2301
-2053
-1631
-1151
-780
-413
-14
322
537
610
649
641
437
87
-267
-666
-1115
-1569
-2003
-2371
-2683
-2978
-3203
-3281
-3325
-3387
-3303
-3107
-2966
-2928
-2678
-2146
-1719
-1353
-757
86
823
1484
2339
3225
3869
4399
4966
5474
5684
5648
5548
5420
5099
4536
3980
3509
2946
2233
1597
1061
507
-134
-684
-1056
-1499
-2019
-2410
-2586
-2739
-2942
-2962
-2776
-2551
-2322
-1969
-1452
-959
-533
-107
295
633
795
843
874
766
456
94
-303
-751
-1209
-1691
-2140
-2514
-2812
-3097
-3300
-3367
-3436
-3464
-3360
-3202
-3131
-3027
-2568
-2011
-1602
-1103
-321
566
1305
2094
3002
3782
4376
4911
5458
5818
5897
5798
5647
5462
4998
4350
3786
3249
2557
1807
1175
644
35
-616
-1056
-1437
-1915
-2380
-2637
-2781
-2985
-3103
-3010
-2795
-2552
-2253
-1804
-1274
-780
-335
89
512
794
865
866
845
631
266
-133
-579
-1036
-1540
-2032
-2467
-2800
-3073
-3330
-3459
-3513
-3568
-3524
-3367
-3217
-3140
-2825
-2224
-1722
-1248
-555
360
1185
1968
2855
3717
4403
4961
5510
5944
6128
6106
5934
5751
5420
4798
4159
3583
2918
2141
1431
837
233
-470
-1009
-1424
-1869
-2342
-2677
-2862
-3070
-3215
-3197
-3040
-2799
-2499
-2106
-1623
-1113
-645
-195
264
649
829
849
856
770
494
124
-305
-756
-1265
-1784
-2270
-2675
-2996
-3258
-3454
-3562
-3640
-3648
-3523
-3378
-3289
-3114
-2597
-2078
-1621
-1002
-112
736
1525
2422
3374
4167
4806
5444
5996
6282
6350
6278
6117
5860
5330
4684
4094
3432
2619
1865
1201
548
-212
-856
-1342
-1826
-2338
-2751
-2982
-3202
-3394
-3435
-3307
-3068
-2772
-2389
-1899
-1370
-882
-390
116
575
866
977
1020
988
782
449
43
-400
-912
-1451
-1969
-2409
-2804
-3121
-3362
-3524
-3639
-3715
-3649
-3539
-3462
-3399
-3006
-2488
-2056
-1515
-659
233
1024
1900
2915
3815
4509
5206
5858
6268
6409
6424
6336
6140
5714
5073
4475
3869
3069
2258
1563
928
172
-567
-1100
-1578
-2142
-2659
-2962
-3189
-3455
-3599
-3524
-3294
-3014
-2660
-2172
-1603
-1059
-526
3
513
899
1084
1162
1165
1007
691
281
-157
-666
-1227
-1788
-2259
-2704
-3121
-3440
-3644
-3767
-3902
-3918
-3818
-3698
-3668
-3394
-2830
-2321
-1827
-1055
-86
781
1612
2595
3601
4360
5044
5714
6243
6511
6576
6532
6396
6113
5518
4858
4282
3590
2754
1969
1333
651
-161
-821
-1309
-1870
-2494
-2943
-3199
-3500
-3749
-3774
-3592
-3319
-2996
-2569
-2012
-1403
-823
-297
227
702
968
1076
1134
1091
856
468
61
-383
-931
-1521
-2034
-2496
-2973
-3389
-3646
-3779
-3940
-4051
-4003
-3840
-3789
-3638
-3091
-2496
-2015
-1381
-426
518
1324
2221
3262
4112
4802
5467
6089
6513
6665
6675
6584
6434
5964
5289
4690
4103
3316
2462
1746
1081
247
-549
-1129
-1680
-2322
-2906
-3218
-3495
-3776
-3891
-3778
-3531
-3224
-2879
-2388
-1765
-1172
-661
-141
371
708
874
989
1064
964
655
290
-68
-556
-1132
-1680
-2170
-2645
-3123
-3478
-3668
-3848
-4035
-4071
-3924
-3838
-3804
-3373
-2750
-2258
-1745
-890
97
924
1775
2831
3770
4487
5168
5849
6404
6645
6735
6719
6644
6301
5683
5066
4517
3768
2878
2083
1371
524
-362
-1041
-1604
-2214
-2849
-3216
-3442
-3704
-3875
-3813
-3611
-3336
-3028
-2605
-2022
-1442
-954
-433
108
518
773
950
1088
1093
881
542
214
-201
-758
-1331
-1853
-2314
-2804
-3261
-3536
-3733
-3965
-4104
-4007
-3885
-3901
-3674
-3074
-2534
-2074
-1362
-363
543
1366
2387
3430
4209
4882
5577
6214
6575
6712
6769
6737
6519
5991
5356
4796
4126
3219
2341
1584
785
-137
-931
-1529
-2094
-2735
-3222
-3456
-3668
-3874
-3898
-3721
-3456
-3144
-2757
-2209
-1609
-1098
-611
-49
455
811
1032
1196
1274
1149
828
474
89
-437
-1043
-1623
-2111
-2600
-3116
-3490
-3729
-3980
-4192
-4186
-4037
-4006
-3901
-3413
-2805
-2329
-1720
-779
218
1050
1995
3079
3973
4666
5355
6028
6503
6709
6786
6787
6640
6233
5603
4995
4385
3560
2618
1809
1068
222
-630
-1277
-1809
-2411
-2985
-3309
-3505
-3726
-3844
-3766
-3534
-3250
-2904
-2432
-1830
-1276
-812
-312
244
669
911
1067
1193
1155
873
502
140
-329
-917
-1505
-2024
-2497
-3003
-3396
-3672
-3912
-4131
-4182
-4051
-3948
-3895
-3549
-2957
-2454
-1958
-1146
-125
729
1592
2648
3650
4425
5125
5816
6396
6702
6815
6835
6760
6462
5896
5268
4678
3960
3042
2182
1444
657
-206
-908
-1472
-2073
-2717
-3149
-3407
-3671
-3888
-3930
-3781
-3546
-3246
-2846
-2284
-1679
-1149
-668
-88
448
775
960
1129
1184
999
642
301
-107
-661
-1220
-1750
-2241
-2739
-3129
-3437
-3686
-3914
-4036
-3984
-3876
-3871
-3725
-3210
-2685
-2270
-1642
-635
290
1107
2121
3225
4119
4867
5577
6262
6709
6885
6931
6897
6725
6213
5574
4965
4316
3456
2556
1783
1023
158
-600
-1202
-1792
-2454
-3000
-3343
-3640
-3919
-4076
-4014
-3816
-3549
-3209
-2707
-2100
-1506
-976
-389
229
673
915
1105
1208
1118
812
444
70
-428
-977
-1519
-2012
-2487
-2894
-3239
-3473
-3666
-3868
-3925
-3837
-3837
-3885
-3505
-2959
-2533
-2058
-1135
-113
717
1688
2858
3851
4662
5420
6185
6750
6995
7104
7056
6945
6512
5857
5185
4540
3741
2805
1976
1238
385
-430
-1074
-1628
-2229
-2836
-3256
-3565
-3828
-4037
-4041
-3861
-3602
-3302
-2874
-2295
-1688
-1140
-573
50
562
848
1043
1184
1151
909
548
180
-269
-813
-1385
-1889
-2356
-2796
-3190
-3446
-3601
-3820
-3966
-3922
-3879
-3985
-3748
-3215
-2733
-2321
-1533
-483
382
1279
2436
3496
4331
5125
5952
6604
6908
7102
7106
7022
6689
6119
5462
4815
4087
3193
2321
1589
770
-99
-810
-1362
-1943
-2595
-3061
-3367
-3629
-3857
-3898
-3741
-3516
-3254
-2883
-2374
-1807
-1279
-759
-216
295
609
816
992
1026
861
574
258
-150
-677
-1251
-1770
-2253
-2721
-3160
-3466
-3622
-3810
-4003
-4012
-3916
-3981
-3850
-3346
-2783
-2392
-1768
-734
205
1000
2008
3127
4005
4751
5544
6291
6689
6921
6987
6975
6787
6311
5724
5132
4482
3642
2738
1942
1176
269
-567
-1219
-1810
-2522
-3091
-3394
-3625
-3887
-3982
-3824
-3594
-3351
-2998
-2491
-1933
-1396
-901
-399
118
501
726
940
1072
998
783
525
182
-324
-888
-1434
-1941
-2441
-2924
-3316
-3530
-3724
-3959
-4043
-3935
-3941
-3928
-3482
-2874
-2463
-2017
-1057
-48
716
1554
2663
3619
4349
5078
5848
6378
6648
6784
6800
6768
6423
5888
5328
4791
4022
3121
2256
1525
672
-244
-996
-1622
-2319
-2982
-3353
-3582
-3824
-4004
-3897
-3685
-3416
-3105
-2637
-2093
-1520
-1042
-587
-48
417
668
839
1044
1061
893
622
347
-94
-623
-1193
-1709
-2214
-2726
-3207
-3502
-3700
-3998
-4160
-4070
-3992
-4064
-3742
-3086
-2587
-2233
-1398
-317
506
1290
2362
3403
4170
4897
5656
6282
6600
6786
6806
6802
6591
6080
5490
4983
4310
3386
2489
1743
952
-4
-809
-1442
-2102
-2806
-3244
-3499
-3724
-3913
-3886
-3692
-3435
-3122
-2738
-2231
-1668
-1162
-749
-230
291
583
733
923
1017
884
615
324
-44
-536
-1084
-1623
-2123
-2608
-3122
-3498
-3699
-3957
-4200
-4148
-4023
-4064
-3896
-3273
-2652
-2286
-1600
-517
406
1165
2206
3278
4110
4829
5594
6249
6621
6806
6839
6791
6631
6171
5539
5009
4397
3525
2580
1855
1112
182
-682
-1275
-1864
-2572
-3073
-3328
-3559
-3764
-3791
-3637
-3419
-3153
-2822
-2382
-1840
-1324
-886
-394
151
503
676
880
1012
915
655
352
2
-472
-1008
-1538
-2042
-2524
-2988
-3431
-3676
-3885
-4127
-4182
-4058
-4075
-4034
-3574
-2896
-2460
-1967
-967
53
822
1742
2923
3870
4628
5405
6179
6647
6891
6990
6958
6812
6431
5808
5191
4614
3822
2895
2078
1414
535
-374
-1027
-1517
-2193
-2823
-3163
-3383
-3661
-3827
-3766
-3594
-3394
-3126
-2725
-2184
-1614
-1116
-597
-16
453
676
875
1070
1043
779
450
112
-318
-871
-1400
-1869
-2347
-2818
-3235
-3547
-3723
-3957
-4118
-4037
-3977
-4065
-3828
-3208
-2659
-2309
-1561
-483
376
1153
2269
3434
4283
5038
5865
6537
6888
7056
7082
7007
6726
6157
5471
4871
4181
3300
2419
1717
963
33
-720
-1217
-1791
-2488
-2986
-3249
-3527
-3821
-3919
-3804
-3614
-3369
-3011
-2489
-1851
-1266
-735
-140
438
784
929
1111
1191
971
578
190
-196
-712
-1298
-1779
-2219
-2716
-3147
-3464
-3646
-3826
-4068
-4101
-3931
-3970
-3962
-3482
-2831
-2436
-1935
-957
44
810
1747
2947
3942
4685
5458
6221
6712
6944
6999
6967
6808
6360
5670
5024
4415
3630
2727
1961
1270
413
-440
-1010
-1515
-2157
-2736
-3070
-3315
-3607
-3802
-3774
-3584
-3356
-3040
-2606
-2023
-1418
-899
-382
181
624
823
944
1083
984
645
239
-149
-584
-1135
-1647
-2074
-2520
-2964
-3269
-3465
-3579
-3793
-3941
-3828
-3733
-3824
-3570
-2959
-2468
-2109
-1334
-315
497
1278
2359
3441
4212
4923
5676
6270
6574
6705
6693
6629
6357
5793
5149
4613
3989
3147
2316
1656
921
44
-666
-1165
-1739
-2367
-2800
-3056
-3319
-3564
-3638
-3511
-3299
-3048
-2698
-2228
-1679
-1184
-740
-234
253
541
678
853
912
703
382
29
-355
-842
-1343
-1791
-2225
-2663
-3017
-3256
-3395
-3578
-3794
-3807
-3706
-3783
-3714
-3233
-2693
-2349
-1780
-785
104
840
1792
2929
3807
4510
5250
5921
6314
6516
6576
6536
6399
5975
5382
4854
4349
3604
2741
2033
1395
578
-230
-804
-1329
-1981
-2536
-2844
-3119
-3412
-3572
-3534
-3376
-3153
-2860
-2435
-1947
-1436
-984
-529
-22
354
514
663
819
743
474
146
-197
-633
-1127
-1604
-2039
-2468
-2851
-3168
-3352
-3518
-3742
-3862
-3782
-3808
-3837
-3493
-2948
-2529
-2101
-1229
-261
526
1397
2529
3532
4311
5046
5772
6273
6524
6656
6629
6540
6225
5668
5085
4586
3912
3033
2251
1622
872
42
-604
-1127
-1750
-2395
-2777
-3057
-3386
-3618
-3646
-3533
-3316
-3033
-2621
-2126
-1592
-1070
-608
-115
337
554
654
797
808
587
239
-117
-513
-976
-1498
-1956
-2361
-2740
-3106
-3349
-3500
-3682
-3862
-3819
-3735
-3792
-3584
-3065
-2562
-2195
-1527
-567
279
1075
2128
3187
4044
4782
5514
6143
6471
6661
6683
6629
6433
5945
5330
4788
4176
3322
2468
1815
1116
291
-405
-960
-1531
-2185
-2672
-2970
-3293
-3569
-3674
-3618
-3422
-3141
-2777
-2335
-1808
-1257
-799
-345
143
447
554
658
726
581
268
-82
-457
-855
-1339
-1834
-2219
-2560
-2930
-3222
-3388
-3510
-3701
-3756
-3596
-3579
-3546
-3119
-2545
-2159
-1736
-885
44
773
1671
2735
3651
4397
5097
5809
6275
6524
6628
6588
6510
6172
5596
5010
4471
3736
2849
2130
1517
725
-57
-673
-1216
-1843
-2460
-2843
-3154
-3474
-3702
-3741
-3620
-3395
-3100
-2730
-2255
-1701
-1230
-789
-252
171
385
522
660
629
403
113
-214
-574
-986
-1474
-1884
-2214
-2578
-2910
-3137
-3273
-3447
-3602
-3527
-3440
-3527
-3317
-2773
-2300
-2022
-1401
-418
354
1083
2106
3113
3893
4583
5332
5949
6269
6461
6479
6438
6263
5812
5235
4725
4127
3311
2512
1914
1247
413
-293
-822
-1390
-2066
-2555
-2857
-3172
-3479
-3619
-3557
-3393
-3169
-2852
-2411
-1882
-1378
-942
-417
87
390
548
698
741
572
287
-41
-386
-793
-1298
-1777
-2131
-2518
-2895
-3173
-3339
-3519
-3700
-3707
-3583
-3643
-3612
-3163
-2584
-2238
-1809
-883
37
714
1599
2683
3562
4252
4968
5701
6140
6362
6436
6405
6312
5974
5391
4843
4301
3536
2672
1967
1366
587
-211
-766
-1235
-1866
-2425
-2736
-2990
-3263
-3452
-3448
-3279
-3062
-2798
-2394
-1871
-1334
-861
-397
118
514
680
791
889
781
516
180
-167
-551
-1051
-1576
-1979
-2352
-2753
-3090
-3307
-3486
-3704
-3802
-3700
-3658
-3737
-3474
-2882
-2396
-2042
-1311
-284
485
1211
2224
3226
3954
4599
5338
5933
6201
6313
6311
6262
6061
5555
4963
4457
3816
2960
2166
1541
863
49
-600
-1034
-1549
-2157
-2558
-2805
-3043
-3251
-3352
-3254
-3050
-2823
-2530
-2097
-1565
-1050
-639
-189
288
542
628
759
793
610
316
3
-334
-786
-1292
-1732
-2101
-2495
-2889
-3187
-3376
-3596
-3808
-3801
-3668
-3726
-3684
-3194
-2617
-2231
-1726
-764
151
831
1681
2726
3569
4209
4893
5609
6027
6217
6313
6329
6279
5960
5413
4891
4389
3636
2782
2068
1421
612
-184
-765
-1244
-1864
-2418
-2744
-2994
-3262
-3445
-3444
-3288
-3088
-2856
-2521
-2052
-1506
-1081
-679
-187
218
383
528
692
688
472
212
-59
-442
-908
-1369
-1757
-2130
-2543
-2934
-3169
-3361
-3604
-3728
-3600
-3549
-3649
-3374
-2787
-2325
-1987
-1250
-276
463
1153
2112
3064
3755
4372
5100
5689
5966
6138
6214
6265
6139
5718
5185
4741
4173
3346
2530
1883
1164
308
-438
-973
-1519
-2180
-2662
-2917
-3199
-3476
-3555
-3436
-3238
-3030
-2755
-2323
-1781
-1301
-906
-442
47
345
473
642
785
674
417
152
-170
-608
-1093
-1558
-1921
-2318
-2748
-3093
-3299
-3495
-3679
-3669
-3542
-3597
-3573
-3093
-2530
-2155
-1680
-762
115
799
1604
2621
3446
4053
4716
5404
5820
6003
6115
6160
6152
5853
5349
4850
4413
3716
2846
2112
1491
720
-120
-735
-1215
-1823
-2465
-2795
-3012
-3287
-3474
-3411
-3219
-3005
-2782
-2429
-1917
-1407
-992
-579
-101
282
453
548
720
736
521
250
-50
-432
-895
-1398
-1801
-2154
-2561
-2951
-3238
-3399
-3565
-3665
-3581
-3518
-3600
-3358
-2798
-2300
-1934
-1248
-300
470
1171
2093
3058
3727
4344
5007
5587
5846
5991
6030
6033
5875
5462
4937
4488
3967
3154
2357
1712
1096
269
-438
-934
-1434
-2094
-2572
-2791
-3010
-3250
-3320
-3161
-2971
-2760
-2500
-2060
-1562
-1113
-715
-276
136
404
508
635
749
631
380
105
-209
-599
-1086
-1532
-1871
-2252
-2662
-3028
-3244
-3414
-3594
-3646
-3560
-3634
-3640
-3264
-2708
-2317
-1881
-1033
-136
562
1327
2357
3216
3888
4535
5244
5732
5969
6104
6134
6100
5845
5386
4874
4428
3745
2934
2200
1618
892
66
-535
-1019
-1618
-2252
-2619
-2851
-3130
-3389
-3384
-3220
-3032
-2845
-2500
-1991
-1501
-1078
-630
-145
254
464
579
737
747
546
269
7
-325
-745
-1230
-1589
-1944
-2350
-2769
-3073
-3264
-3475
-3640
-3656
-3625
-3766
-3650
-3178
-2641
-2341
-1744
-803
37
685
1589
2662
3454
4143
4845
5581
5956
6183
6272
6327
6211
5857
5331
4849
4336
3543
2747
2064
1481
619
-148
-685
-1187
-1867
-2442
-2727
-2998
-3342
-3556
-3434
-3257
-3073
-2839
-2351
-1807
-1343
-914
-408
127
464
604
715
837
705
420
121
-169
-577
-1043
-1466
-1810
-2210
-2624
-2980
-3234
-3427
-3612
-3718
-3696
-3702
-3780
-3489
-2898
-2429
-2093
-1314
-343
386
1069
2112
3109
3813
4480
5213
5822
6074
6232
6280
6286
6029
5568
5016
4559
3933
3096
2319
1712
1043
152
-499
-982
-1526
-2206
-2609
-2845
-3142
-3435
-3447
-3265
-3083
-2857
-2503
-1966
-1454
-987
-555
-20
459
707
781
892
899
661
322
24
-334
-800
-1264
-1677
-2067
-2488
-2833
-3141
-3351
-3541
-3683
-3764
-3710
-3726
-3688
-3245
-2642
-2237
-1804
-904
-17
643
1416
2485
3365
4001
4639
5339
5803
5992
6098
6120
6058
5726
5220
4692
4228
3547
2720
2000
1439
698
-145
-733
-1194
-1778
-2384
-2699
-2926
-3197
-3375
-3296
-3118
-2918
-2666
-2274
-1757
-1232
-780
-340
206
647
842
921
1035
1015
742
389
104
-247
-727
-1227
-1665
-2052
-2439
-2811
-3107
-3306
-3526
-3723
-3774
-3712
-3765
-3672
-3170
-2617
-2271
-1749
-825
0
662
1520
2553
3366
3970
4628
5295
5682
5873
5975
5999
5926
5605
5099
4617
4151
3455
2635
1973
1413
615
-215
-767
-1228
-1867
-2451
-2744
-2955
-3236
-3388
-3288
-3108
-2909
-2645
-2230
-1701
-1184
-766
-291
265
676
843
939
1060
1022
713
347
96
-250
-764
-1279
-1684
-2044
-2453
-2864
-3143
-3344
-3594
-3786
-3775
-3716
-3794
-3629
-3083
-2577
-2254
-1630
-647
164
873
1827
2844
3584
4188
4881
5506
5824
5981
6049
6050
5927
5548
5016
4536
4022
3243
2406
1788
1175
309
-461
-949
-1460
-2132
-2637
-2867
-3103
-3388
-3442
-3264
-3064
-2808
-2461
-1984
-1448
-963
-549
-44
476
796
915
1005
1075
937
583
222
-54
-494
-1027
-1513
-1909
-2310
-2743
-3135
-3384
-3569
-3785
-3900
-3816
-3746
-3784
-3489
-2898
-2422
-2071
-1283
-270
493
1256
2305
3252
3915
4543
5249
5804
6035
6140
6158
6110
5863
5411
4854
4355
3742
2907
2115
1544
858
2
-653
-1119
-1677
-2318
-2692
-2911
-3202
-3437
-3379
-3178
-2951
-2655
-2272
-1786
-1271
-837
-423
85
532
746
832
943
965
764
425
118
-224
-727
-1252
-1682
-2086
-2511
-2932
-3257
-3451
-3630
-3817
-3877
-3729
-3697
-3681
-3279
-2654
-2233
-1816
-920
29
705
1501
2562
3404
4041
4665
5344
5820
6007
6078
6062
5990
5697
5213
4660
4159
3521
2721
2010
1479
759
-53
-647
-1113
-1699
-2299
-2622
-2897
-3221
-3415
-3355
-3164
-2939
-2677
-2297
-1792
-1264
-836
-400
128
557
741
832
981
1028
817
503
214
-167
-673
-1201
-1620
-2032
-2442
-2852
-3149
-3334
-3553
-3769
-3825
-3687
-3765
-3729
-3269
-2665
-2323
-1842
-901
-51
570
1403
2471
3261
3922
4559
5250
5672
5883
5959
5960
5919
5618
5128
4578
4103
3459
2684
2018
1504
734
-50
-615
-1087
-1697
-2264
-2582
-2874
-3159
-3339
-3270
-3091
-2862
-2606
-2195
-1650
-1084
-654
-194
349
747
893
958
1124
1117
825
464
156
-273
-784
-1333
-1762
-2164
-2544
-2934
-3231
-3410
-3655
-3850
-3867
-3744
-3900
-3761
-3230
-2649
-2348
-1740
-739
45
675
1601
2671
3405
4068
4748
5426
5727
5910
5943
5942
5817
5430
4899
4350
3842
3131
2345
1721
1173
367
-333
-843
-1296
-1899
-2372
-2632
-2844
-3054
-3164
-3030
-2837
-2577
-2286
-1834
-1276
-747
-366
111
615
914
995
1066
1204
1059
682
305
-21
-500
-1026
-1568
-1975
-2366
-2739
-3111
-3386
-3561
-3805
-3935
-3877
-3784
-3940
-3636
-3040
-2506
-2183
-1436
-418
319
989
1986
2997
3678
4325
5022
5615
5794
5933
5899
5870
5648
5187
4620
4102
3564
2805
2031
1449
851
63
-570
-1034
-1485
-2079
-2471
-2682
-2847
-3018
-3060
-2892
-2678
-2403
-2088
-1628
-1090
-647
-302
186
643
857
906
1022
1116
884
509
186
-146
-626
-1145
-1634
-2007
-2398
-2796
-3140
-3373
-3557
-3778
-3861
-3747
-3706
-3815
-3414
-2819
-2357
-2023
-1232
-239
458
1139
2156
3097
3759
4382
5099
5638
5820
5983
5958
5962
5744
5267
4712
4248
3714
2921
2150
1575
900
86
-564
-1034
-1552
-2206
-2597
-2830
-3042
-3233
-3265
-3115
-2905
-2644
-2318
-1844
-1326
-905
-529
-17
427
625
687
859
959
735
443
191
-120
-577
-1088
-1525
-1887
-2293
-2721
-3028
-3221
-3412
-3609
-3693
-3568
-3590
-3681
-3282
-2694
-2287
-1975
-1179
-212
454
1124
2150
3035
3668
4265
5003
5532
5743
5941
5959
5999
5796
5323
4768
4341
3794
2971
2196
1626
915
67
-604
-1066
-1626
-2303
-2682
-2896
-3110
-3301
-3292
-3128
-2885
-2609
-2240
-1727
-1202
-729
-316
183
606
790
830
1003
1071
828
538
269
-60
-571
-1132
-1585
-1984
-2424
-2874
-3168
-3347
-3528
-3697
-3779
-3660
-3676
-3739
-3334
-2703
-2262
-1919
-1097
-127
555
1228
2245
3114
3706
4274
4997
5521
5715
5898
5927
5945
5724
5247
4689
4245
3675
2833
2050
1472
776
-91
-776
-1224
-1772
-2432
-2806
-2960
-3154
-3353
-3310
-3123
-2857
-2576
-2184
-1642
-1098
-586
-162
325
762
950
984
1141
1176
935
605
308
-42
-591
-1173
-1644
-2061
-2510
-2943
-3238
-3405
-3559
-3709
-3788
-3662
-3644
-3705
-3301
-2671
-2199
-1839
-1049
-91
603
1277
2273
3152
3725
4291
4986
5507
5687
5857
5869
5859
5624
5168
4629
4155
3601
2790
2030
1474
815
-45
-717
-1141
-1660
-2306
-2699
-2857
-3066
-3285
-3248
-3070
-2821
-2559
-2171
-1643
-1106
-609
-206
287
755
947
979
1115
1142
916
552
260
-103
-643
-1194
-1653
-2050
-2502
-2924
-3237
-3383
-3539
-3733
-3807
-3667
-3667
-3772
-3384
-2788
-2341
-2018
-1235
-278
414
1097
2149
3070
3675
4309
5028
5567
5757
5952
5968
5964
5722
5265
4747
4272
3733
2941
2204
1673
997
145
-500
-927
-1473
-2160
-2585
-2807
-3063
-3319
-3331
-3181
-2950
-2716
-2339
-1831
-1288
-812
-411
133
646
857
891
1060
1115
890
512
258
-106
-630
-1140
-1568
-1939
-2396
-2829
-3154
-3292
-3492
-3724
-3782
-3642
-3700
-3860
-3481
-2883
-2467
-2167
-1349
-356
351
1047
2174
3137
3780
4444
5176
5718
5886
6075
6075
6050
5782
5279
4739
4261
3703
2893
2143
1619
925
91
-531
-970
-1530
-2224
-2629
-2848
-3083
-3311
-3325
-3142
-2873
-2623
-2234
-1719
-1132
-644
-239
319
829
1034
1026
1171
1197
918
492
197
-185
-728
-1240
-1674
-2064
-2523
-2957
-3280
-3441
-3652
-3867
-3908
-3787
-3835
-3993
-3619
-2986
-2541
-2219
-1403
-364
371
1058
2185
3185
3828
4439
5138
5701
5860
6013
5990
5965
5731
5219
4658
4197
3651
2837
2085
1568
912
91
-525
-961
-1479
-2134
-2508
-2695
-2883
-3067
-3087
-2894
-2626
-2396
-2042
-1536
-942
-483
-113
426
898
1083
1069
1166
1160
844
409
82
-290
-813
-1322
-1737
-2137
-2589
-3013
-3308
-3482
-3680
-3868
-3922
-3835
-3829
-3948
-3601
-2968
-2504
-2166
-1396
-356
390
1059
2129
3154
3774
4319
4966
5560
5729
5834
5813
5801
5625
5146
4608
4180
3663
2865
2128
1611
1007
172
-472
-902
-1376
-2018
-2410
-2592
-2780
-2986
-3050
-2903
-2684
-2503
-2209
-1711
-1141
-704
-356
181
667
892
928
1042
1084
807
419
124
-183
-645
-1141
-1525
-1901
-2336
-2764
-3056
-3252
-3463
-3645
-3748
-3727
-3691
-3803
-3580
-3004
-2521
-2209
-1541
-537
240
895
1880
2931
3567
4120
4778
5417
5666
5774
5815
5815
5690
5304
4810
4386
3896
3148
2402
1841
1255
404
-317
-790
-1264
-1920
-2385
-2598
-2815
-3064
-3160
-3055
-2865
-2665
-2379
-1886
-1328
-855
-488
28
537
836
931
1060
1164
965
612
320
35
-401
-904
-1342
-1734
-2155
-2589
-2932
-3163
-3405
-3596
-3729
-3756
-3719
-3810
-3760
-3289
-2737
-2410
-1899
-966
-98
556
1401
2463
3202
3762
4425
5092
5497
5628
5726
5747
5669
5378
4923
4462
3990
3336
2571
1946
1368
587
-200
-729
-1171
-1765
-2291
-2537
-2717
-2951
-3080
-3001
-2798
-2557
-2265
-1810
-1277
-788
-409
37
516
847
979
1080
1212
1104
804
517
229
-176
-652
-1127
-1560
-1951
-2348
-2719
-2977
-3210
-3394
-3550
-3597
-3559
-3576
-3646
-3348
-2778
-2374
-2011
-1254
-343
344
1029
1990
2843
3402
4009
4637
5183
5376
5497
5535
5504
5313
4922
4450
3985
3451
2738
2071
1481
825
43
-550
-986
-1475
-2037
-2387
-2563
-2758
-2948
-2962
-2796
-2554
-2292
-1931
-1448
-959
-567
-182
256
603
774
839
953
928
716
435
130
-218
-628
-1107
-1568
-1939
-2305
-2707
-3002
-3203
-3374
-3546
-3599
-3543
-3463
-3517
-3349
-2804
-2302
-1977
-1423
-532
246
863
1684
2627
3259
3820
4426
5072
5401
5544
5623
5648
5571
5262
4822
4366
3913
3279
2585
1941
1361
612
-82
-573
-1010
-1608
-2131
-2377
-2580
-2843
-3011
-2937
-2755
-2547
-2297
-1895
-1406
-974
-605
-205
215
463
540
639
709
600
366
79
-203
-524
-966
-1397
-1755
-2097
-2521
-2877
-3093
-3259
-3482
-3579
-3542
-3451
-3473
-3445
-2999
-2451
-2098
-1736
-975
-138
508
1189
2150
2942
3474
4038
4725
5237
5408
5491
5561
5590
5357
4973
4531
4127
3574
2895
2219
1659
999
225
-345
-740
-1272
-1916
-2249
-2419
-2660
-2908
-2902
-2720
-2515
-2308
-1956
-1473
-991
-593
-223
193
542
678
721
825
789
561
256
3
-300
-729
-1182
-1521
-1885
-2300
-2700
-2980
-3174
-3409
-3592
-3594
-3510
-3497
-3533
-3317
-2754
-2295
-1971
-1438
-596
130
759
1589
2542
3188
3680
4312
4954
5294
5355
5419
5488
5411
5063
4646
4231
3780
3142
2460
1876
1314
575
-130
-558
-983
-1604
-2119
-2314
-2508
-2771
-2905
-2767
-2547
-2361
-2103
-1662
-1172
-746
-377
-2
388
628
698
775
850
687
369
91
-145
-547
-1015
-1379
-1684
-2100
-2504
-2806
-3020
-3244
-3470
-3535
-3478
-3438
-3469
-3411
-3076
-2549
-2159
-1745
-1105
-312
347
1045
1931
2760
3310
3849
4514
5039
5243
5299
5402
5424
5251
4872
4468
4044
3536
2894
2281
1732
1110
384
-186
-572
-1070
-1649
-2021
-2229
-2473
-2688
-2731
-2596
-2428
-2248
-1944
-1518
-1092
-716
-352
43
372
545
656
788
789
580
298
51
-268
-686
-1080
-1409
-1775
-2173
-2499
-2738
-2945
-3164
-3311
-3325
-3292
-3307
-3327
-3227
-2883
-2450
-2083
-1651
-1012
-297
356
1091
1942
2659
3192
3795
4445
4887
5073
5212
5330
5337
5144
4787
4378
3962
3459
2836
2222
1650
994
298
-214
-617
-1132
-1663
-2007
-2237
-2462
-2660
-2714
-2622
-2473
-2304
-2043
-1674
-1281
-923
-539
-124
197
394
563
712
712
550
317
61
-259
-619
-995
-1371
-1735
-2064
-2341
-2569
-2765
-2943
-3052
-3066
-3043
-3075
-3121
-3004
-2647
-2266
-1964
-1543
-899
-217
432
1195
2018
2653
3178
3805
4424
4811
4999
5147
5255
5254
5035
4652
4263
3875
3347
2694
2102
1538
842
166
-279
-673
-1215
-1714
-1983
-2152
-2382
-2572
-2577
-2444
-2316
-2183
-1933
-1555
-1178
-852
-478
-66
229
380
514
635
596
388
148
-98
-418
-815
-1231
-1600
-1918
-2210
-2471
-2671
-2831
-2973
-3056
-3041
-3007
-3056
-3084
-2871
-2473
-2151
-1872
-1383
-704
-50
613
1420
2195
2760
3286
3921
4477
4773
4920
5052
5154
5096
4810
4437
4091
3688
3113
2502
1973
1380
668
84
-307
-769
-1332
-1735
-1917
-2092
-2332
-2452
-2374
-2246
-2147
-1983
-1666
-1287
-964
-663
-296
78
299
394
504
576
458
228
23
-202
-545
-962
-1338
-1642
-1934
-2222
-2456
-2628
-2788
-2937
-2999
-2971
-2979
-3057
-3021
-2727
-2362
-2100
-1775
-1195
-519
86
779
1608
2310
2824
3394
4026
4469
4661
4800
4954
5005
4848
4536
4211
3883
3428
2848
2300
1777
1145
495
7
-417
-946
-1455
-1751
-1936
-2170
-2385
-2424
-2331
-2237
-2123
-1891
-1558
-1235
-951
-640
-277
35
213
332
447
455
307
129
-27
-264
-612
-953
-1223
-1493
-1799
-2066
-2255
-2417
-2596
-2732
-2764
-2764
-2840
-2921
-2807
-2498
-2212
-1974
-1563
-951
-360
210
957
1759
2359
2885
3538
4147
4472
4638
4831
4970
4930
4730
4463
4161
3787
3273
2696
2155
1585
943
368
-94
-580
-1126
-1563
-1841
-2099
-2369
-2535
-2539
-2465
-2371
-2221
-1966
-1656
-1357
-1056
-704
-335
-42
161
334
449
425
289
140
-42
-329
-667
-955
-1213
-1522
-1839
-2069
-2230
-2397
-2565
-2647
-2647
-2677
-2762
-2771
-2591
-2315
-2073
-1792
-1334
-769
-226
386
1148
1863
2413
3003
3691
4228
4503
4702
4891
4967
4892
4702
4430
4085
3651
3104
2527
1975
1393
784
265
-187
-690
-1212
-1607
-1889
-2165
-2416
-2546
-2539
-2458
-2353
-2203
-1960
-1655
-1351
-1032
-654
-281
-1
208
393
501
469
339
172
-43
-343
-668
-955
-1232
-1547
-1844
-2049
-2209
-2387
-2537
-2581
-2585
-2639
-2712
-2685
-2509
-2289
-2078
-1791
-1342
-794
-231
406
1137
1801
2376
3011
3679
4172
4446
4658
4834
4921
4843
4623
4326
3975
3519
2978
2440
1903
1324
753
267
-199
-729
-1235
-1585
-1855
-2135
-2392
-2504
-2481
-2420
-2344
-2191
-1938
-1652
-1360
-1013
-610
-270
-19
199
412
530
510
403
248
42
-234
-531
-811
-1105
-1411
-1686
-1902
-2107
-2327
-2463
-2503
-2546
-2634
-2721
-2708
-2563
-2394
-2207
-1914
-1446
-892
-323
326
1041
1698
2308
2969
3626
4099
4407
4675
4874
4980
4902
4670
4379
4046
3605
3090
2579
2054
1482
911
401
-105
-662
-1165
-1520
-1839
-2175
-2459
-2586
-2600
-2589
-2539
-2377
-2130
-1851
-1548
-1181
-776
-455
-199
62
315
439
429
380
275
100
-132
-386
-634
-927
-1198
-1458
-1718
-1962
-2197
-2338
-2403
-2500
-2622
-2732
-2724
-2589
-2446
-2278
-1973
-1489
-953
-420
216
922
1537
2142
2796
3445
3890
4233
4551
4757
4866
4799
4584
4313
4017
3584
3076
2589
2097
1530
971
459
-36
-575
-1069
-1434
-1796
-2163
-2439
-2548
-2581
-2592
-2547
-2364
-2107
-1800
-1465
-1080
-664
-335
-60
214
470
562
529
500
407
219
-23
-279
-513
-805
-1077
-1330
-1598
-1848
-2067
-2214
-2308
-2413
-2534
-2652
-2621
-2467
-2323
-2161
-1873
-1390
-861
-375
231
931
1494
2074
2718
3337
3738
4063
4361
4543
4625
4532
4305
4020
3732
3295
2772
2293
1831
1275
756
281
-194
-705
-1178
-1539
-1911
-2276
-2535
-2628
-2670
-2694
-2651
-2455
-2171
-1830
-1441
-1026
-596
-235
61
343
596
683
654
625
530
330
77
-181
-402
-669
-948
-1183
-1427
-1680
-1897
-2065
-2203
-2326
-2479
-2631
-2625
-2492
-2376
-2235
-1957
-1471
-918
-418
208
952
1554
2175
2855
3460
3872
4200
4483
4670
4750
4644
4406
4116
3836
3417
2875
2370
1896
1334
814
334
-160
-684
-1180
-1584
-1993
-2385
-2676
-2816
-2895
-2941
-2908
-2721
-2408
-2040
-1628
-1173
-705
-304
21
327
595
707
720
712
634
442
205
-29
-242
-495
-776
-1017
-1248
-1522
-1783
-1990
-2160
-2328
-2551
-2755
-2810
-2741
-2671
-2563
-2300
-1821
-1262
-726
-71
708
1389
2058
2767
3401
3852
4199
4523
4773
4900
4843
4659
4418
4170
3797
3274
2739
2237
1678
1122
607
85
-481
-1042
-1518
-1983
-2442
-2814
-3027
-3137
-3201
-3189
-3027
-2710
-2344
-1929
-1436
-924
-487
-120
228
522
680
755
792
758
620
416
202
-14
-264
-548
-815
-1063
-1359
-1668
-1892
-2065
-2278
-2557
-2799
-2901
-2878
-2821
-2735
-2502
-2050
-1499
-955
-305
477
1207
1883
2605
3294
3794
4169
4542
4849
5005
5003
4879
4675
4430
4073
3558
2992
2459
1893
1289
727
181
-428
-1036
-1550
-2035
-2536
-2954
-3179
-3266
-3320
-3310
-3139
-2815
-2427
-1994
-1479
-944
-471
-63
314
624
820
932
990
991
892
693
446
198
-81
-412
-740
-1049
-1394
-1754
-2017
-2226
-2500
-2818
-3072
-3204
-3209
-3143
-3034
-2821
-2402
-1847
-1279
-642
135
901
1602
2357
3112
3698
4139
4567
4913
5106
5165
5104
4925
4678
4330
3830
3253
2698
2110
1476
871
282
-366
-1009
-1543
-2037
-2547
-2970
-3195
-3285
-3337
-3327
-3158
-2829
-2422
-1968
-1452
-908
-401
51
466
818
1065
1221
1318
1350
1283
1095
833
552
242
-135
-534
-910
-1313
-1729
-2076
-2365
-2709
-3077
-3359
-3527
-3590
-3524
-3373
-3170
-2811
-2256
-1650
-1030
-299
508
1262
2021
2814
3504
4030
4496
4895
5155
5286
5277
5132
4894
4581
4108
3522
2932
2330
1665
1013
383
-288
-966
-1543
-2037
-2522
-2942
-3206
-3327
-3387
-3385
-3254
-2965
-2568
-2110
-1616
-1082
-536
-32
419
821
1144
1357
1481
1538
1496
1328
1069
780
450
59
-366
-798
-1223
-1650
-2040
-2388
-2738
-3109
-3419
-3636
-3746
-3711
-3555
-3361
-3075
-2571
-1933
-1313
-637
176
1003
1776
2580
3364
3988
4490
4942
5282
5465
5504
5391
5165
4868
4445
3861
3222
2599
1938
1238
562
-106
-796
-1436
-1963
-2425
-2857
-3187
-3365
-3438
-3443
-3345
-3105
-2730
-2273
-1777
-1244
-653
-68
435
879
1278
1566
1711
1772
1749
1588
1316
1006
656
236
-227
-709
-1188
-1643
-2069
-2458
-2816
-3168
-3515
-3803
-3990
-4031
-3940
-3777
-3552
-3148
-2540
-1873
-1190
-383
511
1367
2204
3070
3834
4417
4925
5353
5622
5710
5657
5454
5135
4730
4195
3541
2868
2195
1481
757
68
-613
-1281
-1870
-2358
-2797
-3162
-3385
-3479
-3486
-3393
-3157
-2789
-2331
-1822
-1273
-666
-32
536
1019
1457
1811
2012
2085
2069
1925
1641
1299
927
492
-8
-540
-1077
-1584
-2053
-2481
-2853
-3185
-3520
-3838
-4077
-4200
-4174
-4040
-3840
-3524
-2995
-2324
-1620
-835
74
985
1859
2753
3608
4288
4829
5311
5650
5803
5792
5620
5287
4867
4366
3734
3030
2318
1590
840
123
-548
-1196
-1788
-2296
-2726
-3076
-3312
-3424
-3424
-3315
-3095
-2756
-2318
-1809
-1264
-681
-65
517
1019
1459
1831
2075
2172
2159
2038
1779
1410
1012
581
87
-462
-1029
-1566
-2056
-2510
-2897
-3211
-3498
-3787
-4038
-4199
-4239
-4143
-3946
-3666
-3244
-2639
-1939
-1195
-363
542
1430
2313
3191
3967
4574
5076
5482
5727
5817
5740
5480
5098
4658
4110
3445
2743
2038
1312
581
-102
-736
-1327
-1850
-2299
-2677
-2961
-3142
-3202
-3140
-2992
-2767
-2430
-1985
-1488
-968
-417
149
661
1104
1496
1800
1963
2008
1959
1805
1503
1092
662
204
-314
-869
-1412
-1911
-2371
-2798
-3148
-3420
-3675
-3928
-4127
-4239
-4217
-4068
-3837
-3505
-3025
-2394
-1681
-924
-94
797
1675
2537
3383
4125
4693
5139
5491
5713
5769
5641
5351
4965
4501
3925
3261
2579
1891
1188
496
-147
-745
-1306
-1788
-2186
-2542
-2832
-2998
-3024
-2949
-2818
-2601
-2259
-1817
-1344
-854
-327
216
707
1127
1501
1783
1921
1954
1921
1777
1461
1026
572
102
-434
-995
-1525
-2019
-2479
-2914
-3280
-3562
-3823
-4080
-4261
-4347
-4314
-4156
-3910
-3569
-3080
-2438
-1705
-927
-73
852
1764
2638
3489
4256
4845
5303
5669
5901
5960
5828
5529
5121
4641
4048
3370
2670
1975
1266
567
-82
-692
-1274
-1779
-2195
-2578
-2901
-3094
-3139
-3068
-2929
-2707
-2358
-1904
-1417
-925
-400
154
667
1105
1486
1789
1954
1999
1974
1842
1547
1124
662
175
-377
-965
-1523
-2038
-2530
-3007
-3421
-3751
-4045
-4321
-4505
-4585
-4574
-4423
-4161
-3824
-3358
-2711
-1937
-1126
-248
725
1698
2607
3481
4287
4934
5436
5829
6075
6148
6047
5766
5351
4865
4287
3600
2871
2155
1435
708
16
-627
-1239
-1783
-2239
-2640
-2977
-3180
-3217
-3119
-2928
-2652
-2269
-1791
-1259
-719
-173
407
965
1426
1805
2118
2317
2358
2278
2103
1793
1345
818
253
-368
-1041
-1702
-2309
-2878
-3432
-3931
-4320
-4634
-4916
-5100
-5158
-5131
-4961
-4630
-4216
-3726
-3051
-2193
-1291
-354
695
1765
2733
3653
4528
5250
5798
6222
6476
6527
6424
6163
5724
5176
4580
3873
3066
2280
1522
742
-30
-729
-1364
-1949
-2434
-2824
-3149
-3348
-3356
-3211
-2971
-2637
-2192
-1662
-1090
-495
104
713
1295
1784
2167
2465
2661
2697
2575
2341
1982
1475
858
197
-491
-1234
-1996
-2708
-3350
-3954
-4506
-4927
-5228
-5492
-5675
-5705
-5635
-5445
-5047
-4513
-3954
-3268
-2347
-1349
-365
729
1886
2911
3837
4763
5559
6128
6566
6842
6867
6729
6483
6034
5413
4779
4079
3221
2364
1596
799
-23
-744
-1362
-1951
-2447
-2801
-3083
-3278
-3288
-3142
-2900
-2554
-2099
-1565
-977
-357
250
837
1417
1916
2276
2538
2704
2729
2598
2346
1971
1449
811
117
-604
-1339
-2092
-2842
-3520
-4121
-4666
-5105
-5391
-5602
-5772
-5801
-5695
-5487
-5093
-4514
-3899
-3232
-2365
-1355
-369
661
1790
2828
3720
4598
5415
6015
6446
6747
6808
6674
6444
6037
5428
4770
4084
3257
2381
1595
820
10
-710
-1302
-1853
-2333
-2679
-2932
-3113
-3157
-3059
-2860
-2544
-2123
-1636
-1075
-439
181
750
1322
1853
2244
2496
2662
2704
2593
2359
2011
1514
904
236
-483
-1221
-1942
-2667
-3380
-4011
-4558
-5029
-5372
-5578
-5722
-5778
-5680
-5462
-5101
-4562
-3921
-3245
-2450
-1487
-479
519
1576
2626
3546
4393
5205
5871
6337
6658
6800
6736
6523
6164
5612
4952
4245
3438
2553
1706
906
98
-644
-1249
-1769
-2228
-2572
-2801
-2950
-3001
-2924
-2734
-2440
-2043
-1574
-1040
-431
206
784
1318
1829
2233
2479
2608
2629
2502
2231
1852
1346
717
31
-687
-1444
-2191
-2908
-3607
-4254
-4807
-5272
-5634
-5843
-5924
-5924
-5803
-5542
-5148
-4611
-3946
-3209
-2413
-1497
-481
547
1568
2592
3541
4389
5167
5842
6341
6654
6813
6804
6623
6279
5779
5150
4447
3676
2835
1980
1167
383
-357
-985
-1499
-1940
-2294
-2526
-2663
-2725
-2683
-2519
-2257
-1909
-1481
-992
-442
146
710
1215
1677
2068
2327
2458
2473
2357
2100
1729
1250
651
-28
-732
-1466
-2216
-2946
-3640
-4284
-4845
-5315
-5695
-5939
-6027
-6009
-5891
-5643
-5267
-4762
-4115
-3367
-2574
-1707
-732
289
1299
2299
3261
4126
4902
5588
6121
6472
6668
6706
6582
6309
5882
5314
4653
3943
3177
2372
1586
836
112
-546
-1097
-1564
-1953
-2238
-2416
-2511
-2520
-2425
-2227
-1944
-1579
-1151
-674
-151
382
866
1296
1680
1968
2132
2188
2126
1937
1623
1210
698
87
-584
-1273
-1980
-2689
-3363
-3987
-4536
-4995
-5366
-5633
-5761
-5758
-5669
-5481
-5167
-4729
-4166
-3476
-2715
-1920
-1051
-98
856
1784
2708
3590
4366
5055
5649
6079
6340
6467
6444
6268
5964
5514
4930
4291
3615
2886
2138
1426
736
59
-538
-1041
-1478
-1834
-2080
-2233
-2302
-2274
-2153
-1941
-1639
-1275
-867
-417
65
527
934
1294
1589
1779
1863
1847
1723
1474
1102
640
102
-521
-1201
-1888
-2578
-3254
-3872
-4416
-4882
-5256
-5530
-5701
-5741
-5666
-5522
-5285
-4914
-4428
-3826
-3100
-2307
-1497
-617
334
1251
2129
3030
3888
4623
5272
5831
6218
6452
6573
6523
6311
5991
5526
4929
4297
3639
2903
2147
1455
779
109
-468
-947
-1376
-1724
-1947
-2084
-2145
-2091
-1954
-1736
-1421
-1058
-684
-277
161
559
891
1191
1422
1535
1550
1488
1335
1057
659
184
-353
-957
-1604
-2262
-2912
-3534
-4084
-4560
-4961
-5264
-5469
-5581
-5570
-5441
-5257
-5003
-4621
-4142
-3567
-2868
-2090
-1314
-482
430
1298
2112
2968
3802
4493
5093
5630
6007
6233
6370
6346
6140
5842
5435
4890
4302
3712
3037
2307
1643
1014
376
-188
-634
-1051
-1422
-1663
-1820
-1924
-1915
-1801
-1629
-1376
-1059
-742
-415
-52
291
556
789
986
1065
1042
973
837
576
212
-210
-698
-1239
-1805
-2390
-2980
-3526
-4003
-4427
-4773
-5014
-5174
-5246
-5182
-5005
-4787
-4506
-4118
-3659
-3118
-2452
-1712
-977
-180
692
1520
2296
3112
3905
4567
5144
5647
5990
6190
6301
6253
6033
5727
5321
4777
4192
3611
2957
2250
1596
982
360
-186
-619
-1023
-1392
-1647
-1820
-1940
-1951
-1850
-1691
-1475
-1202
-906
-610
-289
20
249
435
598
664
650
592
456
212
-125
-514
-963
-1455
-1956
-2477
-3014
-3503
-3931
-4316
-4622
-4815
-4942
-4992
-4894
-4702
-4485
-4189
-3802
-3382
-2884
-2254
-1566
-881
-98
759
1562
2347
3165
3933
4602
5203
5708
6031
6211
6299
6224
5994
5688
5274
4718
4134
3559
2907
2236
1633
1034
442
-68
-493
-872
-1228
-1500
-1683
-1820
-1853
-1785
-1659
-1474
-1243
-967
-681
-393
-95
119
270
414
477
467
412
275
40
-289
-675
-1105
-1578
-2049
-2530
-3001
-3426
-3804
-4145
-4406
-4564
-4674
-4714
-4617
-4442
-4249
-3969
-3597
-3215
-2776
-2192
-1561
-950
-203
657
1434
2206
3049
3804
4440
5048
5561
5879
6046
6104
6014
5794
5493
5094
4555
3992
3476
2865
2221
1705
1173
601
160
-229
-594
-921
-1220
-1429
-1597
-1690
-1694
-1660
-1545
-1383
-1180
-927
-690
-444
-244
-109
30
109
128
97
-21
-198
-466
-818
-1198
-1604
-2036
-2491
-2885
-3206
-3533
-3829
-4039
-4169
-4270
-4317
-4237
-4100
-3946
-3709
-3395
-3062
-2685
-2181
-1597
-1041
-384
462
1288
2034
2854
3673
4329
4927
5475
5851
6067
6151
6096
5919
5650
5312
4820
4255
3769
3221
2566
1998
1489
906
391
-3
-420
-820
-1148
-1439
-1681
-1828
-1892
-1920
-1881
-1754
-1582
-1372
-1126
-881
-697
-536
-347
-210
-150
-113
-138
-278
-497
-760
-1085
-1450
-1841
-2294
-2723
-3050
-3342
-3653
-3915
-4040
-4141
-4233
-4180
-4046
-3897
-3690
-3409
-3097
-2768
-2306
-1728
-1158
-550
199
1061
1872
2608
3433
4180
4773
5321
5726
6013
6171
6149
6023
5793
5498
5101
4549
4071
3568
2923
2334
1775
1210
673
210
-227
-707
-1072
-1346
-1689
-1873
-1928
-2022
-2016
-1907
-1762
-1567
-1333
-1055
-868
-719
-453
-270
-180
-90
-30
-98
-314
-532
-754
-1076
-1435
-1851
-2329
-2709
-3038
-3377
-3705
-3931
-4045
-4218
-4299
-4194
-4073
-3921
-3709
-3447
-3136
-2741
-2192
-1561
-962
-279
528
1401
2177
2957
3792
4467
5026
5503
5868
6097
6178
6094
5933
5672
5346
4848
4311
3844
3220
2555
1975
1389
802
268
-220
-705
-1191
-1468
-1790
-2074
-2136
-2246
-2282
-2172
-2043
-1826
-1616
-1343
-1026
-862
-587
-341
-184
-56
-6
20
-109
-345
-511
-753
-1064
-1395
-1830
-2195
-2543
-2877
-3173
-3491
-3652
-3785
-3953
-3956
-3851
-3707
-3558
-3372
-3047
-2674
-2224
-1584
-964
-346
387
1232
2033
2777
3590
4347
4915
5397
5851
6100
6227
6203
6094
5877
5594
5160
4567
4057
3515
2813
2154
1565
923
300
-268
-751
-1313
-1714
-2026
-2358
-2524
-2653
-2705
-2639
-2533
-2287
-2091
-1857
-1446
-1170
-891
-642
-385
-177
-129
-47
-74
-251
-420
-673
-959
-1253
-1651
-2029
-2427
-2761
-3071
-3455
-3679
-3807
-3955
-4018
-3957
-3806
-3684
-3508
-3190
-2844
-2413
-1807
-1168
-564
146
986
1793
2567
3365
4131
4777
5301
5774
6088
6263
6309
6234
6075
5855
5475
4920
4368
3853
3201
2497
1874
1214
547
-84
-635
-1186
-1658
-2051
-2394
-2618
-2786
-2867
-2828
-2725
-2511
-2277
-2043
-1658
-1259
-909
-641
-346
-51
77
183
256
204
37
-208
-472
-777
-1162
-1568
-1998
-2384
-2746
-3152
-3469
-3661
-3814
-3941
-3945
-3852
-3777
-3640
-3377
-3078
-2705
-2179
-1570
-980
-302
508
1310
2117
2923
3673
4383
5005
5502
5879
6143
6283
6272
6153
5982
5664
5205
4686
4150
3558
2877
2197
1530
852
179
-468
-1040
-1532
-2023
-2431
-2712
-2943
-3083
-3102
-3025
-2874
-2638
-2364
-2049
-1629
-1187
-830
-501
-166
88
236
350
426
334
118
-109
-406
-796
-1229
-1645
-2060
-2493
-2898
-3267
-3545
-3736
-3892
-3972
-3953
-3889
-3782
-3591
-3307
-2959
-2542
-2012
-1411
-767
-68
703
1540
2351
3097
3840
4540
5105
5563
5941
6171
6241
6198
6049
5786
5428
4967
4422
3855
3238
2563
1890
1247
583
-92
-690
-1194
-1676
-2121
-2467
-2743
-2928
-3003
-2986
-2882
-2693
-2449
-2169
-1805
-1386
-987
-615
-266
44
262
402
500
489
368
171
-98
-450
-868
-1306
-1733
-2142
-2553
-2965
-3304
-3546
-3728
-3856
-3902
-3870
-3786
-3643
-3412
-3088
-2717
-2292
-1765
-1140
-508
142
911
1741
2511
3234
3970
4636
5166
5627
6006
6190
6219
6155
5973
5680
5302
4807
4214
3610
2977
2290
1615
970
305
-366
-937
-1417
-1880
-2284
-2590
-2827
-2986
-3024
-2957
-2822
-2627
-2378
-2072
-1697
-1303
-925
-563
-221
68
270
404
467
424
288
87
-182
-541
-964
-1397
-1808
-2203
-2600
-2973
-3287
-3516
-3662
-3748
-3787
-3740
-3607
-3438
-3203
-2838
-2439
-2040
-1527
-885
-272
319
1059
1858
2556
3225
3928
4527
4988
5425
5768
5902
5901
5829
5622
5321
4970
4487
3883
3299
2704
2025
1361
761
132
-517
-1048
-1485
-1925
-2297
-2551
-2755
-2902
-2912
-2824
-2695
-2495
-2223
-1923
-1577
-1190
-829
-503
-178
114
301
415
469
410
263
74
-168
-513
-906
-1304
-1697
-2080
-2450
-2789
-3082
-3297
-3438
-3533
-3578
-3536
-3402
-3226
-2990
-2641
-2249
-1851
-1350
-729
-132
440
1130
1890
2568
3214
3877
4445
4908
5333
5663
5812
5841
5779
5593
5326
5005
4556
3994
3415
2813
2130
1435
792
153
-499
-1087
-1581
-2042
-2443
-2736
-2962
-3126
-3174
-3113
-2986
-2779
-2489
-2163
-1801
-1387
-987
-638
-282
44
269
416
487
434
298
130
-110
-428
-782
-1169
-1568
-1936
-2292
-2638
-2914
-3125
-3312
-3436
-3470
-3462
-3384
-3201
-2980
-2704
-2330
-1917
-1467
-899
-282
283
909
1646
2342
2980
3645
4263
4753
5185
5546
5740
5806
5795
5648
5388
5078
4672
4139
3562
2960
2276
1558
888
253
-390
-1004
-1533
-1996
-2393
-2705
-2945
-3117
-3202
-3181
-3065
-2860
-2584
-2251
-1876
-1465
-1045
-649
-288
43
319
508
584
556
453
265
19
-265
-601
-1003
-1397
-1761
-2126
-2453
-2712
-2940
-3145
-3262
-3295
-3299
-3226
-3067
-2876
-2627
-2277
-1890
-1480
-962
-369
193
774
1447
2125
2748
3394
4021
4522
4929
5276
5491
5564
5555
5427
5164
4838
4448
3939
3362
2777
2133
1433
782
195
-410
-999
-1495
-1922
-2305
-2594
-2803
-2977
-3082
-3070
-2970
-2801
-2536
-2209
-1866
-1469
-1022
-612
-251
103
413
611
720
741
638
443
210
-75
-426
-811
-1215
-1625
-1987
-2285
-2561
-2806
-2980
-3092
-3152
-3125
-3034
-2915
-2740
-2501
-2207
-1863
-1472
-1027
-500
64
604
1183
1839
2482
3079
3685
4232
4631
4951
5212
5329
5299
5178
4951
4629
4264
3817
3267
2697
2131
1507
882
340
-181
-720
-1193
-1586
-1957
-2274
-2503
-2697
-2857
-2918
-2883
-2783
-2595
-2335
-2054
-1714
-1285
-866
-504
-141
205
454
612
691
647
491
277
15
-303
-661
-1061
-1481
-1830
-2098
-2355
-2586
-2743
-2852
-2924
-2908
-2833
-2754
-2633
-2446
-2222
-1958
-1658
-1315
-884
-377
125
631
1236
1896
2511
3114
3722
4228
4606
4928
5174
5254
5177
5012
4777
4467
4078
3599
3075
2557
2022
1448
889
391
-93
-583
-1026
-1402
-1759
-2105
-2391
-2617
-2795
-2889
-2869
-2766
-2610
-2393
-2092
-1719
-1311
-916
-545
-185
145
385
509
540
479
311
74
-181
-477
-850
-1237
-1559
-1821
-2059
-2253
-2405
-2545
-2648
-2672
-2654
-2618
-2536
-2414
-2261
-2073
-1850
-1605
-1284
-845
-363
100
628
1264
1908
2517
3149
3756
4234
4609
4943
5169
5212
5125
4956
4696
4345
3917
3432
2932
2436
1902
1317
773
291
-202
-708
-1139
-1511
-1910
-2296
-2593
-2822
-2992
-3056
-3008
-2893
-2710
-2438
-2093
-1701
-1284
-882
-504
-127
199
406
510
548
486
323
134
-76
-354
-676
-970
-1227
-1467
-1667
-1845
-2026
-2189
-2299
-2362
-2389
-2360
-2295
-2217
-2105
-1948
-1767
-1541
-1200
-770
-334
105
632
1238
1837
2425
3026
3572
4006
4368
4680
4881
4918
4833
4650
4383
4048
3652
3207
2755
2286
1745
1170
660
195
-313
-806
-1211
-1606
-2045
-2429
-2708
-2921
-3069
-3113
-3062
-2934
-2722
-2430
-2083
-1689
-1279
-890
-506
-136
159
351
478
540
509
416
299
140
-71
-313
-557
-794
-1021
-1239
-1454
-1659
-1855
-2027
-2140
-2194
-2229
-2244
-2217
-2150
-2050
-1890
-1653
-1331
-938
-518
-81
426
1009
1592
2160
2739
3272
3703
4073
4407
4616
4667
4626
4509
4301
4028
3714
3330
2899
2439
1926
1380
868
384
-129
-625
-1073
-1528
-1990
-2363
-2642
-2887
-3054
-3095
-3047
-2936
-2723
-2412
-2058
-1683
-1284
-886
-508
-155
140
347
492
590
620
579
499
381
200
-28
-267
-514
-778
-1032
-1271
-1515
-1767
-1990
-2158
-2301
-2422
-2495
-2521
-2509
-2431
-2270
-2044
-1733
-1323
-865
-387
156
763
1371
1964
2566
3124
3592
3995
4331
4545
4632
4641
4562
4394
4164
3871
3486
3047
2586
2077
1524
981
463
-73
-604
-1103
-1574
-2010
-2382
-2688
-2932
-3083
-3115
-3060
-2921
-2675
-2341
-1969
-1579
-1163
-746
-345
26
334
555
723
855
916
892
815
694
510
271
0
-285
-578
-860
-1138
-1428
-1720
-1988
-2224
-2429
-2603
-2726
-2794
-2813
-2764
-2630
-2413
-2102
-1691
-1209
-686
-124
493
1120
1731
2341
2918
3417
3840
4196
4454
4582
4624
4602
4489
4295
4024
3664
3233
2760
2240
1668
1091
537
-23
-597
-1132
-1610
-2055
-2455
-2778
-3021
-3179
-3222
-3162
-3023
-2786
-2450
-2068
-1665
-1229
-772
-327
83
434
709
932
1117
1229
1243
1189
1079
896
643
350
39
-276
-589
-912
-1248
-1585
-1902
-2188
-2445
-2666
-2827
-2923
-2974
-2963
-2866
-2672
-2388
-2007
-1533
-1014
-459
156
791
1405
2015
2613
3140
3588
3993
4315
4506
4605
4646
4598
4445
4212
3891
3482
3018
2505
1936
1350
779
197
-399
-963
-1476
-1961
-2404
-2756
-3020
-3206
-3288
-3256
-3144
-2950
-2658
-2294
-1893
-1451
-981
-519
-76
331
668
950
1203
1387
1468
1466
1397
1243
1008
728
423
94
-255
-621
-991
-1361
-1731
-2080
-2393
-2662
-2869
-3002
-3069
-3088
-3029
-2882
-2666
-2369
-1960
-1475
-969
-403
235
865
1466
2082
2678
3191
3651
4063
4366
4540
4640
4663
4582
4406
4148
3795
3366
2891
2355
1774
1198
618
3
-607
-1163
-1687
-2190
-2620
-2935
-3166
-3319
-3351
-3269
-3107
-2861
-2522
-2120
-1676
-1193
-705
-236
215
627
968
1265
1514
1667
1710
1676
1557
1341
1063
749
396
0
-419
-842
-1246
-1638
-2033
-2404
-2713
-2965
-3148
-3239
-3249
-3207
-3087
-2894
-2647
-2304
-1847
-1347
-828
-221
447
1078
1693
2339
2941
3457
3923
4320
4575
4712
4768
4724
4588
4377
4065
3650
3191
2686
2108
1505
930
331
-310
-909
-1452
-1980
-2466
-2859
-3149
-3352
-3454
-3428
-3285
-3047
-2728
-2336
-1882
-1382
-864
-354
143
608
1009
1348
1638
1848
1936
1932
1841
1650
1380
1060
687
268
-188
-666
-1130
-1549
-1944
-2346
-2708
-2987
-3211
-3372
-3422
-3395
-3320
-3168
-2944
-2664
-2282
-1792
-1286
-756
-124
560
1198
1831
2497
3094
3606
4075
4450
4668
4773
4801
4716
4549
4319
3970
3502
3011
2484
1877
1262
692
95
-531
-1099
-1609
-2110
-2561
-2910
-3177
-3345
-3382
-3291
-3095
-2800
-2437
-2029
-1558
-1035
-511
-5
493
940
1314
1637
1902
2055
2092
2051
1921
1689
1394
1049
635
172
-325
-849
-1351
-1788
-2195
-2601
-2950
-3215
-3438
-3590
-3637
-3608
-3540
-3401
-3190
-2910
-2530
-2045
-1540
-1012
-372
332
1005
1664
2360
2995
3548
4058
4484
4741
4876
4945
4902
4771
4561
4224
3754
3259
2737
2132
1511
934
336
-293
-862
-1381
-1898
-2379
-2758
-3061
-3259
-3318
-3249
-3072
-2799
-2462
-2080
-1624
-1109
-588
-78
429
886
1277
1613
1877
2040
2098
2070
1951
1737
1440
1077
654
174
-356
-912
-1450
-1939
-2388
-2804
-3160
-3444
-3665
-3806
-3847
-3798
-3706
-3558
-3348
-3061
-2683
-2198
-1675
-1123
-464
270
995
1694
2421
3105
3712
4263
4738
5046
5211
5295
5266
5122
4882
4517
4023
3503
2951
2315
1655
1034
402
-250
-847
-1390
-1929
-2431
-2823
-3128
-3326
-3398
-3338
-3167
-2899
-2564
-2168
-1698
-1167
-622
-80
455
938
1353
1685
1940
2107
2160
2104
1952
1701
1343
906
431
-88
-662
-1249
-1817
-2350
-2832
-3242
-3587
-3859
-4038
-4134
-4127
-4015
-3839
-3631
-3369
-3031
-2615
-2115
-1545
-940
-270
482
1242
1968
2690
3396
4020
4565
5037
5361
5519
5570
5511
5320
5018
4617
4109
3558
2975
2320
1631
966
320
-329
-935
-1474
-1987
-2459
-2824
-3083
-3238
-3293
-3227
-3058
-2805
-2471
-2067
-1588
-1052
-484
71
603
1091
1512
1829
2054
2198
2224
2120
1919
1622
1214
730
216
-327
-912
-1494
-2058
-2596
-3072
-3464
-3791
-4055
-4223
-4300
-4293
-4176
-3978
-3750
-3462
-3104
-2681
-2184
-1603
-992
-344
384
1146
1871
2573
3281
3921
4469
4939
5308
5506
5570
5527
5360
5078
4702
4241
3711
3154
2536
1861
1189
557
-77
-692
-1235
-1722
-2174
-2547
-2803
-2966
-3044
-3027
-2916
-2722
-2438
-2073
-1641
-1134
-578
-37
468
957
1390
1725
1964
2121
2165
2079
1888
1596
1209
753
253
-284
-835
-1380
-1906
-2417
-2871
-3253
-3577
-3845
-4041
-4158
-4192
-4139
-4016
-3824
-3572
-3256
-2893
-2454
-1934
-1366
-774
-124
590
1307
2004
2694
3374
3983
4508
4941
5280
5470
5520
5442
5258
4972
4570
4084
3558
3001
2375
1719
1079
472
-145
-742
-1269
-1721
-2133
-2489
-2739
-2871
-2926
-2914
-2801
-2573
-2268
-1912
-1481
-965
-434
58
520
970
1363
1646
1827
1925
1923
1780
1518
1183
784
311
-218
-755
-1279
-1794
-2290
-2740
-3119
-3438
-3704
-3907
-4027
-4073
-4051
-3955
-3780
-3536
-3248
-2904
-2513
-2055
-1531
-958
-361
274
965
1669
2352
3029
3690
4271
4754
5152
5461
5624
5649
5549
5345
5018
4582
4066
3504
2909
2263
1594
943
329
-286
-885
-1407
-1850
-2262
-2620
-2859
-2988
-3047
-3020
-2878
-2639
-2334
-1960
-1524
-1031
-520
-34
425
859
1236
1510
1685
1775
1755
1595
1335
1005
601
127
-375
-872
-1371
-1858
-2306
-2709
-3063
-3361
-3592
-3765
-3876
-3912
-3877
-3765
-3585
-3351
-3068
-2725
-2342
-1910
-1400
-822
-220
408
1096
1808
2492
3149
3790
4348
4789
5137
5391
5518
5519
5407
5190
4860
4433
3920
3345
2751
2123
1461
811
214
-371
-951
-1456
-1879
-2274
-2620
-2852
-2986
-3054
-3024
-2872
-2636
-2335
-1957
-1524
-1054
-555
-64
401
833
1223
1522
1708
1808
1805
1657
1402
1082
685
215
-274
-748
-1232
-1714
-2151
-2548
-2912
-3214
-3448
-3632
-3761
-3805
-3783
-3697
-3529
-3297
-3031
-2714
-2340
-1925
-1453
-897
-287
337
1006
1716
2404
3048
3673
4235
4672
4996
5222
5322
5293
5170
4956
4642
4238
3752
3191
2600
2005
1384
748
151
-413
-970
-1475
-1891
-2247
-2559
-2791
-2930
-2991
-2962
-2817
-2575
-2258
-1872
-1438
-982
-493
9
477
901
1282
1592
1789
1881
1889
1777
1535
1207
814
348
-157
-657
-1156
-1657
-2122
-2541
-2924
-3243
-3474
-3647
-3770
-3798
-3740
-3632
-3449
-3167
-2847
-2506
-2099
-1646
-1190
-678
-92
503
1089
1727
2373
2948
3485
4014
4455
4756
4966
5071
5029
4874
4656
4354
3964
3517
3005
2423
1843
1279
690
102
-433
-946
-1450
-1882
-2211
-2481
-2708
-2847
-2901
-2893
-2791
-2572
-2275
-1918
-1502
-1064
-616
-145
324
732
1086
1403
1632
1741
1772
1734
1574
1298
970
579
113
-369
-842
-1328
-1802
-2221
-2597
-2941
-3188
-3347
-3475
-3535
-3483
-3366
-3210
-2958
-2622
-2278
-1903
-1454
-998
-548
-38
516
1033
1545
2109
2637
3080
3511
3934
4236
4423
4553
4573
4443
4237
3983
3636
3219
2768
2262
1709
1183
666
136
-365
-814
-1246
-1658
-1982
-2216
-2412
-2556
-2612
-2605
-2540
-2393
-2159
-1863
-1520
-1144
-754
-345
68
449
780
1072
1310
1460
1529
1539
1464
1289
1042
742
383
-22
-443
-872
-1299
-1693
-2048
-2362
-2607
-2777
-2893
-2963
-2962
-2892
-2780
-2613
-2373
-2090
-1788
-1447
-1072
-696
-311
115
549
963
1383
1826
2238
2607
2965
3292
3538
3711
3821
3839
3756
3607
3394
3099
2749
2360
1921
1453
996
542
83
-355
-749
-1120
-1463
-1730
-1930
-2092
-2203
-2246
-2231
-2163
-2025
-1817
-1562
-1267
-934
-578
-211
154
498
800
1050
1251
1383
1443
1437
1353
1189
953
667
339
-30
-415
-806
-1187
-1546
-1862
-2123
-2327
-2473
-2559
-2594
-2587
-2530
-2431
-2295
-2115
-1891
-1635
-1354
-1051
-737
-421
-95
246
583
918
1271
1633
1977
2309
2628
2904
3117
3275
3370
3384
3327
3210
3019
2771
2477
2138
1759
1367
970
556
146
-241
-609
-962
-1264
-1511
-1720
-1892
-2008
-2072
-2088
-2040
-1929
-1756
-1529
-1256
-944
-604
-245
106
436
734
983
1172
1297
1353
1324
1220
1043
806
530
213
-127
-472
-815
-1141
-1442
-1700
-1903
-2063
-2176
-2233
-2253
-2243
-2198
-2121
-2018
-1880
-1708
-1505
-1280
-1042
-793
-534
-260
32
324
634
968
1321
1672
2015
2345
2628
2854
3031
3146
3174
3137
3036
2872
2654
2391
2089
1750
1401
1043
671
306
-41
-383
-702
-982
-1223
-1439
-1619
-1752
-1846
-1895
-1878
-1795
-1662
-1474
-1234
-958
-651
-318
15
325
610
857
1045
1166
1219
1190
1085
911
693
435
145
-157
-458
-751
-1024
-1265
-1469
-1632
-1762
-1854
-1913
-1947
-1960
-1947
-1910
-1851
-1769
-1656
-1520
-1365
-1187
-991
-773
-534
-272
7
303
632
976
1317
1653
1974
2253
2489
2684
2825
2886
2888
2836
2725
2567
2368
2131
1859
1574
1270
942
614
292
-36
-356
-642
-903
-1145
-1348
-1500
-1614
-1686
-1688
-1627
-1515
-1352
-1138
-894
-620
-319
-20
265
531
761
936
1057
1122
1113
1027
889
702
476
222
-42
-310
-576
-825
-1051
-1250
-1422
-1572
-1700
-1809
-1897
-1973
-2027
-2053
-2053
-2025
-1963
-1869
-1744
-1583
-1383
-1148
-879
-582
-265
75
439
806
1163
1511
1835
2120
2366
2577
2742
2844
2890
2887
2833
2731
2584
2389
2153
1885
1584
1248
896
535
158
-212
-558
-877
-1165
-1404
-1583
-1709
-1780
-1782
-1708
-1576
-1389
-1152
-879
-582
-263
57
364
641
882
1071
1207
1285
1298
1238
1114
945
729
479
205
-73
-356
-635
-896
-1139
-1362
-1564
-1741
-1899
-2038
-2152
-2248
-2319
-2352
-2349
-2312
-2235
-2114
-1956
-1755
-1510
-1224
-901
-555
-189
195
590
979
1353
1709
2033
2316
2560
2766
2916
3002
3039
3021
2941
2814
2636
2396
2113
1801
1450
1071
687
301
-88
-454
-778
-1068
-1317
-1501
-1622
-1697
-1706
-1636
-1513
-1341
-1116
-849
-563
-254
68
368
644
894
1091
1227
1317
1352
1309
1201
1047
845
596
324
31
-281
-594
-900
-1197
-1474
-1719
-1938
-2133
-2287
-2405
-2494
-2539
-2537
-2494
-2410
-2284
-2118
-1924
-1697
-1439
-1161
-863
-543
-212
121
469
820
1156
1481
1793
2073
2318
2531
2695
2802
2855
2863
2815
2718
2576
2382
2140
1867
1570
1246
911
578
251
-66
-349
-592
-803
-979
-1109
-1201
-1257
-1262
-1216
-1131
-1003
-836
-638
-421
-184
61
296
519
722
886
1000
1073
1090
1040
936
783
583
342
81
-197
-491
-785
-1072
-1349
-1606
-1834
-2031
-2199
-2325
-2405
-2449
-2454
-2414
-2338
-2230
-2085
-1910
-1715
-1498
-1267
-1031
-787
-533
-270
0
281
578
884
1193
1500
1804
2090
2340
2557
2725
2837
2894
2897
2848
2751
2613
2431
2204
1947
1667
1365
1053
740
428
122
-156
-403
-619
-800
-949
-1071
-1166
-1219
-1233
-1203
-1128
-1010
-859
-684
-486
-281
-71
144
343
515
652
745
784
770
700
577
408
199
-35
-286
-545
-799
-1044
-1281
-1499
-1697
-1872
-2018
-2130
-2208
-2251
-2255
-2228
-2171
-2083
-1968
-1825
-1659
-1472
-1272
-1063
-843
-614
-378
-132
133
412
705
1012
1326
1643
1950
2239
2497
2714
2874
2983
3036
3026
2968
2857
2702
2502
2263
1993
1697
1383
1061
734
404
86
-213
-487
-725
-935
-1116
-1267
-1385
-1461
-1487
-1463
-1382
-1260
-1097
-903
-691
-463
-231
-2
213
398
548
647
695
689
628
517
364
177
-33
-258
-490
-717
-932
-1137
-1325
-1492
-1643
-1770
-1871
-1943
-1983
-1992
-1973
-1924
-1851
-1756
-1641
-1507
-1360
-1199
-1024
-835
-631
-410
-174
83
359
648
948
1256
1563
1861
2143
2392
2605
2767
2877
2928
2925
2869
2760
2603
2401
2162
1893
1601
1294
978
655
329
10
-293
-577
-837
-1070
-1274
-1442
-1567
-1643
-1662
-1621
-1521
-1370
-1175
-944
-689
-420
-154
103
339
543
704
813
867
859
799
691
541
365
166
-53
-276
-498
-714
-913
-1093
-1259
-1410
-1541
-1655
-1746
-1812
-1853
-1866
-1858
-1823
-1771
-1698
-1603
-1492
-1361
-1206
-1023
-812
-573
-311
-27
278
592
913
1234
1551
1854
2135
2387
2599
2761
2873
2925
2919
2859
2744
2577
2364
2114
1829
1522
1199
860
518
178
-155
-472
-766
-1034
-1272
-1471
-1624
-1724
-1768
-1745
-1666
-1530
-1339
-1107
-842
-555
-257
30
297
535
731
879
971
1001
977
898
772
611
419
204
-23
-259
-493
-722
-938
-1142
-1326
-1494
-1640
-1770
-1878
-1958
-2015
-2041
-2041
-2014
-1961
-1883
-1778
-1647
-1489
-1300
-1082
-828
-549
-247
74
407
746
1084
1416
1735
2035
2309
2547
2742
2885
2974
3003
2974
2887
2748
2562
2331
2063
1763
1440
1100
754
407
71
-247
-547
-822
-1064
-1270
-1434
-1549
-1610
-1619
-1571
-1465
-1313
-1116
-877
-616
-336
-53
218
464
680
853
977
1051
1070
1035
952
829
662
468
251
15
-231
-483
-735
-984
-1226
-1453
-1666
-1858
-2027
-2170
-2280
-2358
-2403
-2405
-2374
-2309
-2204
-2066
-1897
-1696
-1466
-1206
-920
-610
-282
55
405
752
1097
1427
1739
2030
2285
2508
2689
2822
2903
2929
2902
2821
2694
2524
2313
2068
1794
1496
1186
870
558
255
-34
-301
-543
-756
-939
-1082
-1181
-1235
-1243
-1204
-1122
-993
-824
-625
-399
-165
70
298
506
684
830
934
992
1002
964
880
754
593
393
169
-77
-336
-606
-879
-1150
-1412
-1658
-1883
-2082
-2246
-2375
-2465
-2514
-2521
-2488
-2414
-2302
-2159
-1983
-1784
-1562
-1322
-1067
-799
-519
-230
62
361
656
949
1227
1489
1735
1953
2145
2304
2430
2517
2562
2567
2533
2463
2354
2216
2043
1845
1629
1394
1154
912
674
443
220
8
-188
-360
-504
-618
-700
-743
-751
-720
-652
-554
-427
-283
-127
29
184
328
454
554
620
647
635
583
486
350
180
-27
-261
-508
-772
-1039
-1304
-1555
-1789
-1998
-2173
-2314
-2414
-2471
-2491
-2468
-2406
-2306
-2176
-2018
-1838
-1642
-1432
-1215
-992
-764
-532
-299
-61
176
418
657
895
1126
1347
1553
1747
1916
2063
2188
2280
2344
2375
2375
2344
2279
2188
2069
1924
1759
1582
1395
1199
999
795
595
402
220
55
-87
-199
-284
-337
-359
-352
-319
-262
-188
-102
-9
84
172
247
304
339
346
321
260
164
34
-132
-327
-542
-777
-1018
-1258
-1494
-1716
-1917
-2094
-2238
-2347
-2421
-2459
-2458
-2425
-2354
-2251
-2117
-1960
-1789
-1601
-1409
-1214
-1013
-812
-612
-415
-216
-16
190
398
607
815
1025
1229
1420
1602
1767
1915
2045
2153
2234
2288
2317
2316
2289
2235
2155
2053
1933
1789
1630
1451
1262
1068
870
675
493
328
183
63
-34
-111
-167
-204
-218
-213
-191
-157
-115
-75
-40
-12
8
16
3
-30
-90
-179
-292
-429
-588
-758
-941
-1124
-1305
-1478
-1638
-1782
-1904
-2003
-2076
-2123
-2143
-2131
-2095
-2031
-1939
-1824
-1693
-1549
-1399
-1246
-1090
-932
-777
-622
-470
-317
-161
4
178
365
564
768
973
1173
1360
1539
1707
1861
1997
2112
2204
2267
2305
2316
2306
2271
2212
2122
2002
1860
1691
1507
1309
1104
894
689
497
318
154
7
-125
-241
-338
-411
-458
-482
-491
-490
-479
-462
-445
-425
-406
-394
-394
-410
-443
-495
-561
-643
-742
-850
-969
-1090
-1212
-1336
-1450
-1553
-1644
-1721
-1780
-1817
-1832
-1822
-1792
-1740
-1667
-1579
-1483
-1373
-1256
-1131
-1006
-878
-749
-619
-487
-349
-199
-36
146
344
556
774
991
1204
1405
1597
1781
1954
2111
2244
2350
2426
2479
2505
2507
2478
2412
2310
2176
2015
1834
1639
1426
1202
970
738
512
295
91
-99
-272
-425
-548
-640
-702
-740
-763
-769
-764
-749
-721
-687
-654
-627
-609
-602
-602
-617
-645
-683
-742
-810
-895
-988
-1089
-1196
-1299
-1399
-1491
-1571
-1634
-1678
-1703
-1711
-1697
-1669
-1627
-1565
-1494
-1405
-1307
-1197
-1078
-954
-818
-677
-529
-365
-187
6
218
440
675
909
1136
1352
1559
1751
1931
2096
2236
2347
2429
2483
2506
2499
2459
2384
2271
2130
1967
1783
1583
1372
1145
909
670
434
207
-4
-199
-371
-514
-626
-703
-751
-767
-762
-742
-707
-655
-602
-544
-490
-449
-421
-404
-393
-395
-406
-428
-465
-516
-585
-671
-771
-882
-998
-1118
-1233
-1335
-1425
-1499
-1555
-1596
-1615
-1618
-1601
-1565
-1516
-1454
-1381
-1292
-1191
-1076
-952
-813
-661
-495
-310
-113
94
310
532
753
973
1183
1380
1566
1733
1884
2009
2110
2185
2234
2257
2254
2218
2154
2060
1939
1799
1638
1463
1272
1071
857
641
423
213
16
-161
-315
-443
-540
-608
-655
-675
-673
-654
-616
-564
-504
-437
-377
-330
-298
-283
-278
-281
-286
-299
-315
-343
-385
-446
-527
-626
-743
-867
-994
-1121
-1242
-1353
-1451
-1533
-1597
-1638
-1658
-1655
-1629
-1583
-1524
-1450
-1365
-1267
-1162
-1044
-912
-767
-604
-425
-231
-22
192
409
628
848
1061
1265
1456
1633
1789
1922
2030
2113
2177
2218
2236
2233
2202
2152
2074
1971
1843
1689
1518
1329
1124
915
705
498
304
128
-29
-162
-273
-365
-440
-499
-543
-572
-585
-579
-559
-530
-495
-462
-436
-421
-416
-414
-416
-424
-432
-450
-482
-523
-579
-653
-741
-840
-951
-1070
-1186
-1303
-1412
-1511
-1595
-1659
-1703
-1723
-1715
-1684
-1631
-1560
-1475
-1377
-1269
-1149
-1020
-882
-731
-566
-387
-191
17
229
450
670
886
1096
1293
1478
1642
1789
1910
2008
2085
2139
2174
2185
2176
2146
2093
2016
1911
1780
1625
1450
1259
1057
852
650
460
283
123
-16
-137
-239
-323
-393
-450
-494
-521
-531
-527
-510
-482
-448
-416
-386
-368
-360
-355
-359
-366
-383
-410
-454
-507
-572
-651
-739
-837
-941
-1048
-1153
-1253
-1344
-1425
-1491
-1540
-1565
-1566
-1548
-1505
-1447
-1375
-1290
-1197
-1091
-979
-857
-724
-582
-426
-262
-87
94
281
464
644
822
989
1150
1298
1431
1547
1643
1717
1772
1808
1827
1833
1825
1799
1756
1696
1615
1514
1394
1256
1105
947
789
635
490
359
245
147
61
-17
-88
-154
-217
-274
-322
-358
-383
-398
-402
-402
-398
-397
-399
-408
-424
-450
-487
-531
-588
-655
-724
-798
-875
-954
-1033
-1111
-1188
-1257
-1323
-1378
-1424
-1458
-1481
-1489
-1479
-1451
-1405
-1340
-1258
-1164
-1056
-943
-822
-699
-572
-437
-296
-145
13
179
352
524
695
860
1018
1161
1291
1409
1514
1610
1695
1767
1824
1865
1882
1880
1860
1823
1777
1717
1646
1559
1461
1350
1227
1101
971
843
714
588
469
352
241
137
37
-56
-146
-235
-319
-402
-479
-548
-606
-657
-700
-739
-775
-813
-858
-906
-959
-1014
-1070
-1129
-1191
-1251
-1307
-1362
-1415
-1463
-1507
-1543
-1573
-1590
-1591
-1578
-1549
-1505
-1442
-1366
-1277
-1180
-1076
-961
-840
-711
-573
-431
-283
-128
28
183
339
494
647
801
953
1106
1252
1387
1513
1625
1719
1795
1850
1888
1911
1921
1921
1911
1885
1846
1788
1714
1625
1525
1414
1296
1170
1037
897
753
608
468
333
209
94
-10
-105
-191
-271
-346
-419
-490
-564
-634
-704
-774
-841
-899
-950
-994
-1029
-1063
-1100
-1141
-1187
-1241
-1296
-1351
-1403
-1451
-1490
-1521
-1542
-1553
-1554
-1546
-1529
-1503
-1461
-1407
-1339
-1253
-1149
-1031
-898
-754
-602
-447
-295
-141
8
157
304
446
590
732
874
1018
1155
1284
1406
1521
1625
1713
1787
1843
1878
1893
1891
1868
1829
1774
1710
1638
1555
1466
1367
1260
1149
1031
908
779
654
524
394
264
134
9
-106
-208
-293
-363
-421
-464
-497
-526
-553
-583
-618
-661
-712
-770
-834
-899
-966
-1035
-1102
-1164
-1224
-1281
-1339
-1397
-1454
-1511
-1563
-1606
-1639
-1659
-1659
-1637
-1597
-1537
-1460
-1366
-1256
-1133
-1003
-861
-713
-558
-398
-233
-64
108
283
455
619
778
929
1072
1208
1334
1451
1560
1658
1746
1818
1877
1917
1938
1941
1923
1887
1835
1772
1696
1611
1515
1407
1290
1165
1039
910
783
655
528
404
282
162
42
-78
-197
-308
-405
-492
-564
-623
-672
-713
-749
-783
-821
-861
-907
-960
-1011
-1066
-1121
-1177
-1235
-1294
-1352
-1405
-1459
-1508
-1551
-1590
-1617
-1633
-1635
-1622
-1588
-1538
-1467
-1379
-1274
-1154
-1021
-876
-728
-573
-411
-247
-81
86
250
416
581
745
903
1052
1193
1323
1441
1549
1647
1734
1807
1870
1915
1947
1964
1964
1947
1915
1867
1799
1720
1631
1529
1418
1299
1170
1034
894
752
613
477
343
214
89
-29
-145
-258
-371
-485
-591
-689
-774
-842
-897
-944
-981
-1013
-1048
-1079
-1113
-1149
-1189
-1229
-1266
-1298
-1326
-1353
-1374
-1393
-1411
-1423
-1432
-1440
-1438
-1425
-1405
-1371
-1322
-1257
-1176
-1076
-966
-846
-718
-586
-455
-321
-188
-55
80
214
347
482
614
744
872
996
1111
1215
1309
1391
1462
1526
1577
1616
1640
1655
1658
1651
1632
1604
1568
1519
1462
1395
1316
1230
1131
1026
914
794
670
545
424
304
187
76
-31
-130
-227
-319
-413
-505
-590
-667
-737
-795
-841
-881
-918
-950
-981
-1011
-1039
-1066
-1092
-1116
-1140
-1157
-1167
-1176
-1183
-1184
-1179
-1174
-1162
-1148
-1127
-1099
-1064
-1021
-970
-904
-827
-737
-639
-536
-428
-323
-217
-115
-12
90
194
297
401
505
607
708
804
896
983
1063
1135
1202
1260
1306
1342
1367
1379
1382
1375
1365
1346
1321
1291
1256
1215
1166
1110
1045
970
888
797
704
606
502
398
296
194
95
-1
-94
-185
-275
-365
-451
-534
-610
-679
-742
-803
-858
-914
-967
-1016
-1063
-1104
-1139
-1168
-1192
-1209
-1226
-1232
-1237
-1237
-1229
-1214
-1194
-1170
-1137
-1096
-1052
-1000
-942
-879
-804
-720
-628
-532
-433
-333
-232
-130
-32
69
171
273
373
473
573
668
758
842
924
998
1065
1127
1185
1237
1278
1312
1332
1342
1342
1334
1318
1296
1270
1238
1200
1159
1107
1051
988
917
839
754
669
578
485
387
291
194
101
7
-82
-172
-260
-345
-427
-506
-578
-649
-715
-774
-833
-890
-946
-995
-1038
-1075
-1103
-1124
-1141
-1150
-1155
-1156
-1150
-1140
-1125
-1103
-1075
-1041
-1000
-955
-901
-846
-786
-719
-647
-570
-487
-406
-322
-238
-156
-75
6
85
167
246
328
407
485
560
631
696
759
812
864
909
952
990
1024
1050
1075
1086
1092
1085
1076
1060
1045
1025
1000
964
930
884
837
782
725
665
594
525
449
373
296
215
136
59
-17
-93
-168
-239
-313
-381
-450
-516
-580
-636
-695
-748
-800
-846
-888
-924
-952
-977
-997
-1013
-1023
-1025
-1025
-1019
-1011
-993
-973
-947
-913
-873
-827
-775
-721
-663
-599
-537
-468
-397
-326
-250
-174
-100
-24
52
129
204
277
348
422
494
562
629
691
748
800
847
893
936
976
1010
1041
1063
1079
1087
1089
1088
1083
1072
1059
1034
1003
964
920
877
824
769
708
641
568
491
409
328
245
160
74
-12
-98
-185
-270
-356
-441
-526
-606
-682
-753
-822
-888
-948
-1003
-1048
-1090
-1126
-1157
-1181
-1198
-1209
-1214
-1212
-1205
-1190
-1165
-1134
-1096
-1052
-1000
-944
-880
-812
-739
-664
-585
-499
-417
-326
-237
-147
-53
41
135
224
313
395
476
556
635
710
783
853
914
968
1020
1066
1106
1142
1174
1199
1214
1223
1222
1216
1204
1190
1166
1134
1098
1051
996
938
876
809
739
664
585
501
412
322
229
136
44
-47
-139
-231
-322
-411
-499
-581
-663
-738
-809
-877
-936
-990
-1041
-1082
-1119
-1147
-1167
-1181
-1190
-1192
-1184
-1171
-1151
-1127
-1093
-1056
-1011
-959
-901
-839
-771
-699
-622
-544
-462
-378
-294
-207
-120
-34
51
135
219
303
382
459
531
599
663
722
779
833
881
922
957
984
1007
1024
1035
1041
1042
1038
1024
1006
980
948
912
873
830
779
726
668
605
541
476
407
337
265
191
117
44
-30
-104
-171
-238
-307
-371
-436
-496
-549
-599
-645
-688
-727
-763
-793
-819
-839
-853
-864
-868
-868
-867
-858
-843
-824
-799
-771
-738
-704
-665
-622
-578
-529
-478
-424
-369
-310
-253
-192
-131
-72
-10
49
108
166
222
276
328
380
428
474
516
556
592
623
652
675
696
714
726
734
737
737
731
722
711
694
675
651
622
590
554
518
481
441
398
354
305
258
210
158
111
61
12
-37
-89
-134
-184
-227
-270
-312
-351
-391
-426
-458
-490
-516
-539
-561
-577
-595
-609
-618
-623
-623
-623
-616
-609
-597
-580
-563
-542
-516
-488
-460
-431
-400
-367
-331
-295
-258
-219
-177
-136
-94
-51
-10
30
70
110
149
188
224
257
289
322
354
382
406
428
449
468
487
502
513
522
529
532
533
532
529
520
513
502
486
468
448
425
399
375
348
316
282
249
215
177
141
105
66
28
-10
-47
-82
-119
-157
-188
-222
-255
-282
-310
-337
-359
-381
-403
-420
-436
-449
-457
-463
-467
-467
-469
-464
-459
-450
-438
-426
-409
-392
-376
-355
-332
-305
-278
-248
-221
-192
-162
-132
-101
-72
-37
-4
25
55
83
110
137
162
190
216
238
260
281
298
315
326
340
351
359
364
366
369
370
368
364
357
347
339
327
314
300
283
265
248
228
208
185
160
136
110
85
59
35
8
-15
-40
-64
-90
-113
-135
-158
-175
-193
-210
-226
-238
-247
-257
-263
-269
-273
-277
-278
-279
-277
-273
-269
-262
-252
-242
-230
-217
-205
-191
-179
-163
-144
-127
-111
-95
-76
-57
-38
-17
0
17
32
47
62
77
91
107
120
134
144
154
162
169
177
182
187
190
189
190
188
188
185
180
175
169
164
154
145
136
124
114
104
91
80
67
55
42
34
22
11
3
-10
-21
-33
-44
-54
-63
-72
-81
-86
-92
-98
-105
-111
-116
-121
-123
-127
-128
-126
-121
-114
-107
-100
-92
-86
-82
-76
-72
-68
-63
-57
-50
-42
-32
-20
-10
-1
5
9
14
20
23
25
27
29
31
35
38
41
42
39
36
34
34
31
32
31
28
27
25
25
25
25
23
23
23
18
17
18
16
12
9
7
6
6
8
5
2
-2
-3
-5
-6
-7
-9
-9
-10
-11
-8
-5
-4
-7
-6
-8
-7
-5
-6
-5
-4
-2
0
1
2
0
-2
-7
-9
-11
-13
-8
-6
-3
1
4
7
10
9
7
4
0
-3
-2
-5
-3
0
2
7
9
12
9
9
8
8
6
4
4
2
5
6
7
10
8
9
9
10
12
15
18
18
15
13
13
13
10
8
7
6
5
4
3
3
2
-2
-5
-9
-7
-8
-11
-13
-16
-17
-16
-17
-16
-16
-14
-13
-14
-16
-14
-13
-13
-12
-11
-9
-6
-5
-4
-3
-2
-1
1
1
0
-2
-2
-4
-3
0
1
3
6
7
10
13
14
13
12
8
6
3
1
1
-2
-2
1
4
7
8
10
9
8
8
5
5
1
-1
-3
-3
-1
-1
1
3
2
5
8
10
10
8
4
2
2
1
0
-1
-1
-1
-1
-1
1
2
-3
-2
-5
-7
-10
-10
-11
-13
-14
-14
-13
-12
-11
-7
-5
-4
-5
-4
-5
-6
-6
-6
-5
-6
-5
-4
-3
-2
-1
1
4
4
5
4
3
1
3
1
2
1
4
6
7
10
10
12
13
11
12
9
7
6
3
2
4
4
7
9
11
12
12
13
13
11
8
5
4
1
0
-2
-2
-4
-3
-4
-4
-3
-4
-3
-4
-5
-5
-6
-5
-4
-5
-6
-6
-6
-5
-6
-7
-7
-6
-6
-6
-6
-7
-6
-6
-7
-4
-4
-4
-4
-5
-5
-5
-5
-6
-6
-4
-5
-2
-2
-2
1
0
0
-1
0
1
0
3
4
4
4
4
3
3
4
2
2
2
3
6
5
6
7
6
5
5
5
4
3
3
4
6
5
5
6
7
7
7
7
4
2
1
1
-2
-1
-3
-4
-4
-4
-4
-3
-1
-2
-2
-3
-3
-5
-3
-3
-3
-2
-2
-2
-3
-2
-1
-3
-1
-3
-3
-3
-3
-4
-5
-6
-6
-5
-3
-2
0
3
3
5
4
2
2
-1
-2
-3
-4
-4
-2
-1
0
-1
1
2
4
6
6
5
4
3
1
1
0
0
-4
-3
-2
-1
-1
0
2
3
4
3
6
5
4
2
-1
-1
-3
-4
-4
-3
-2
0
1
3
5
5
4
4
2
1
-1
-1
-4
-4
-3
-4
-1
-1
1
0
-1
0
-1
-2
-3
-4
-1
-1
0
3
4
3
3
1
-1
-4
-5
-5
-5
-4
-2
0
3
5
6
6
5
4
2
1
0
-1
-3
-4
-4
-3
-3
0
2
3
5
6
5
4
2
0
-3
-2
-1
-1
1
1
1
2
4
4
3
2
2
2
-2
-3
-4
-5
-5
-5
-4
-2
2
2
5
7
5
4
1
-1
-4
-5
-5
-4
-3
-1
-2
-1
-1
0
2
2
3
2
3
2
1
0
0
-2
-2
-4
-5
-2
-1
-1
0
1
2
3
1
3
1
-3
-4
-2
-3
-3
-2
-1
0
1
2
3
5
6
6
5
5
3
0
-1
-3
-5
-4
-3
-3
-1
0
1
1
-1
-2
-3
-3
-5
-3
-3
-3
-1
2
4
3
3
-1
-3
-6
-7
-8
-5
-2
-1
2
4
5
6
4
2
1
0
0
-2
-4
-4
-4
-3
-2
-1
1
4
6
6
5
4
1
1
-1
-1
0
-1
0
1
0
0
-1
0
0
2
2
2
2
0
1
2
2
1
1
0
1
2
4
3
4
1
2
1
-1
2
1
2
2
1
0
0
-2
-4
-3
-2
-1
0
-2
-1
1
2
3
2
1
-1
-2
-2
-3
-4
-2
0
-1
-1
-1
0
-2
-2
-2
-2
-3
-2
-2
-1
1
2
3
4
2
2
1
1
1
0
1
0
2
1
0
0
0
1
1
1
-1
-3
-4
-3
-4
-2
-2
-3
-1
-2
1
0
3
3
2
1
-1
-2
-3
-2
-1
-1
-1
2
1
1
1
1
1
-1
-1
-1
-1
-2
0
1
2
3
3
2
1
-1
-1
-1
-1
-2
-3
-1
0
0
1
2
3
2
-1
0
0
-1
0
-1
0
1
0
-1
-1
0
0
1
1
0
0
0
-2
-1
-1
-1
0
1
2
0
-1
0
-1
0
1
2
2
2
1
2
-1
-1
-1
0
0
-2
-1
0
1
0
0
0
-2
0
1
1
0
-3
-1
-1
-1
0
1
0
0
1
1
1
0
-1
0
-1
-1
-2
0
0
-1
2
1
-1
0
-1
0
0
-1
-1
-2
0
-1
0
2
1
-1
0
0
1
1
0
3
1
1
0
0
1
1
1
-1
-2
-2
-2
-1
0
-1
-1
-1
-2
1
2
3
3
1
0
0
-2
-2
-1
0
-1
0
-1
0
2
2
3
1
1
-1
-2
-2
-1
0
0
0
0
0
0
0
-1
1
0
-1
-1
0
0
1
1
1
1
-2
-2
-1
0
0
1
4
1
0
1
1
2
4
3
0
-3
-1
0
2
4
1
0
-1
-4
-3
-2
0
0
0
-1
-2
-2
2
3
2
4
1
-2
-2
-1
0
1
1
-1
0
1
2
3
3
3
2
-2
-2
-3
-2
-2
-2
-1
-1
-1
-2
-1
-1
-2
-2
-1
-1
0
0
1
-2
0
0
-2
-1
0
2
0
-1
-2
-2
-1
1
1
0
-1
-1
-4
-3
1
3
5
3
1
-1
-2
-1
1
3
0
-1
-3
-4
-3
1
2
1
0
1
-1
-1
-1
0
1
2
1
2
1
0
1
-1
0
-1
-1
-1
-1
0
1
2
2
0
0
-2
-1
-2
0
3
4
4
3
0
-1
1
2
2
1
0
-1
0
-1
1
0
-1
-1
-3
-4
-3
-1
0
2
1
-1
0
0
2
1
3
1
0
-1
-2
-2
0
0
2
4
2
4
2
1
1
1
-1
0
2
0
1
-1
-2
-2
-1
0
2
1
0
1
1
1
-1
-1
0
-1
-2
0
1
3
2
1
-1
-3
-3
-4
0
3
1
1
0
-1
-1
-3
0
0
1
1
-1
1
1
2
4
0
0
-2
-3
-2
-2
1
1
0
-1
-2
-1
0
1
2
2
0
-1
-1
-2
-2
-1
0
