SAMPLES:	16576
BITSPERSAMPLE:	16
CHANNELS:	1
SAMPLERATE:	16000
NORMALIZED:	FALSE
-1
1
1
0
0
0
1
1
0
0
1
-1
1
-1
-1
-1
-1
-1
-1
1
0
0
0
0
0
-1
-1
-1
0
1
0
-1
0
0
0
-1
0
1
0
-1
0
0
0
0
1
1
1
0
0
-1
1
2
1
2
0
0
-1
-1
0
0
-1
0
0
2
1
0
1
0
-1
0
0
0
0
0
0
0
0
-1
-1
0
0
1
-1
0
-1
0
1
-1
1
-1
0
-1
0
-1
1
1
0
1
-1
-2
-1
0
0
-1
-1
0
1
1
1
0
0
1
0
0
1
0
0
0
0
0
0
0
0
-1
1
-1
-2
0
0
0
0
-1
0
-1
-1
-1
0
0
1
0
1
-1
-1
0
1
1
-1
1
1
1
0
-1
-1
1
-1
0
0
0
1
0
1
0
1
-1
1
1
0
0
0
1
0
0
0
1
0
-1
0
1
0
0
1
0
0
0
1
0
-1
0
-1
-1
0
-1
0
1
1
0
-1
1
1
1
0
0
0
0
0
-1
0
-1
-1
0
0
0
0
0
0
0
0
0
0
-2
-2
-1
-2
0
0
-1
0
0
0
1
2
1
1
1
0
0
1
0
1
0
0
0
0
0
0
-1
0
0
0
0
1
-1
-1
0
-1
-1
-1
1
-1
0
0
-1
0
0
-1
0
-1
0
0
0
0
0
-1
0
0
-1
1
1
0
0
0
2
1
0
0
0
0
-1
0
1
0
0
1
0
-1
-1
1
0
0
-1
-1
0
0
-1
-1
0
0
0
1
1
0
0
1
0
0
-1
0
0
-1
1
0
0
-1
-1
-1
-1
0
-1
1
1
0
1
1
1
2
1
-1
0
-1
0
-1
0
0
1
0
0
1
1
1
-2
0
-1
-1
0
0
0
-1
0
0
0
1
1
1
1
0
0
-1
-1
0
1
0
-1
1
0
0
0
0
0
1
0
1
0
-1
1
-1
-1
0
0
-1
0
1
0
0
-1
0
0
0
0
0
1
1
0
1
-1
-1
0
0
1
-1
-1
1
-1
0
0
1
0
-1
-1
1
1
1
0
0
1
-1
-1
0
0
0
0
0
0
0
1
0
0
0
2
0
0
0
0
0
0
0
0
-1
-1
0
-1
-1
0
0
1
0
0
0
1
0
1
0
0
1
0
0
-1
0
1
-1
0
0
0
0
1
0
0
-1
0
0
0
0
-1
0
-1
1
0
0
1
0
0
0
-1
0
0
0
2
1
1
1
1
1
1
-2
-1
0
0
0
0
0
-1
1
0
-1
-1
0
-1
0
0
0
0
0
0
-1
0
-1
0
-1
1
1
0
0
0
0
1
1
0
1
0
0
0
0
1
0
2
0
0
-1
0
1
1
1
-1
-1
0
1
1
-1
0
0
0
-2
-1
-1
0
0
0
0
0
0
1
0
0
1
0
0
0
1
0
-1
0
0
0
0
0
-1
-1
-2
1
0
0
0
-1
-1
0
0
0
1
-1
-1
-2
-1
-1
0
0
-1
-1
1
0
1
1
0
0
1
0
-2
-2
0
0
0
-1
1
0
0
2
0
0
-1
0
1
-1
0
2
0
0
1
1
0
2
0
-1
0
-1
0
0
-1
0
0
1
1
1
-1
0
0
1
0
0
0
-1
-1
-1
-1
-1
-1
0
0
0
-1
-1
-2
-1
-1
-1
0
0
-1
-1
-1
-1
-1
0
1
0
0
2
2
1
1
2
3
3
4
3
3
3
2
3
1
0
1
2
0
0
-1
0
-1
-2
-2
-2
-3
-3
-3
-2
-2
-3
-2
-3
-2
-2
-1
-3
-3
-1
-1
-1
-2
-2
-3
-1
-1
-2
-1
-2
-1
1
0
1
2
3
5
4
6
6
5
4
4
5
4
3
2
4
3
2
1
0
0
-2
-2
0
-1
-3
-2
-2
-3
-3
-3
-4
-5
-2
-3
-3
-1
-1
0
0
1
2
2
2
2
1
2
4
3
3
4
3
3
3
2
0
-1
0
-1
-3
-4
-6
-6
-7
-7
-8
-8
-9
-9
-7
-7
-7
-6
-6
-5
-3
-2
-1
0
0
3
3
6
6
6
5
6
7
8
8
8
7
7
8
9
10
8
8
10
12
12
12
10
8
9
11
9
7
5
3
2
1
1
-3
-8
-12
-11
-13
-14
-19
-23
-22
-21
-21
-21
-25
-23
-20
-16
-14
-14
-13
-10
-4
-1
1
2
3
6
10
12
14
13
12
13
13
14
15
13
12
12
11
11
11
9
10
9
10
9
10
11
10
10
12
11
14
12
10
9
10
10
7
6
5
4
1
-3
-6
-8
-12
-16
-21
-25
-28
-33
-35
-39
-43
-45
-48
-47
-45
-44
-42
-43
-41
-39
-36
-33
-27
-18
-13
-8
-4
1
3
8
16
27
31
31
31
36
41
46
48
47
45
39
41
45
46
37
32
28
22
12
13
18
13
-2
-12
-12
-13
-6
3
3
-3
2
10
19
25
28
24
38
54
61
56
51
50
68
88
77
50
28
20
18
24
1
-40
-73
-78
-80
-87
-108
-136
-154
-165
-171
-170
-168
-168
-157
-145
-144
-135
-104
-67
-37
-20
-33
-36
11
75
103
107
103
92
100
139
175
173
158
134
134
141
146
136
135
117
85
66
70
63
47
45
24
-3
-29
-19
-13
-4
-20
-39
-56
-37
-7
10
3
7
30
51
85
89
74
59
105
142
152
123
83
54
94
140
121
54
-19
-68
-78
-64
-113
-201
-272
-304
-330
-340
-377
-450
-487
-475
-482
-525
-540
-522
-475
-419
-386
-397
-384
-298
-170
-60
-37
-73
-46
102
255
347
364
333
310
402
549
615
578
517
488
516
580
584
535
474
410
370
378
347
251
202
186
128
42
0
-50
-82
-81
-90
-158
-211
-207
-170
-129
-111
-112
-114
-84
-34
24
63
101
114
139
185
225
223
267
304
273
220
255
248
208
159
92
-41
-92
-96
-131
-217
-343
-497
-579
-560
-600
-673
-791
-883
-952
-868
-852
-859
-904
-906
-903
-740
-637
-650
-634
-516
-413
-278
-65
-15
-50
3
245
405
528
574
600
584
700
863
984
979
909
848
869
935
922
873
793
707
593
531
452
376
290
211
112
5
-101
-158
-159
-166
-196
-256
-304
-311
-247
-179
-93
-75
-86
-45
80
162
257
340
323
293
399
532
537
507
450
347
256
288
274
162
-17
-200
-352
-430
-486
-599
-744
-947
-1092
-1146
-1152
-1221
-1266
-1305
-1360
-1369
-1304
-1216
-1164
-1061
-979
-867
-727
-515
-371
-289
-161
83
332
463
593
693
740
826
1060
1245
1295
1272
1190
1187
1271
1310
1248
1194
1011
778
713
721
625
459
302
117
-6
-90
-138
-173
-239
-348
-429
-423
-401
-346
-259
-202
-181
-139
15
135
279
361
398
399
481
588
647
670
549
459
406
418
341
234
31
-173
-340
-469
-601
-747
-923
-1136
-1310
-1459
-1532
-1522
-1523
-1633
-1677
-1655
-1604
-1515
-1321
-1166
-1109
-1032
-824
-583
-394
-173
-36
-77
177
733
1063
1029
1076
1039
1050
1486
1894
1806
1473
1331
1233
1470
1749
1623
1235
1012
831
733
899
816
393
99
-36
-202
-232
-226
-408
-521
-509
-590
-562
-452
-348
-224
-62
-95
-67
141
327
488
622
601
543
609
679
707
654
457
201
87
-23
-155
-434
-701
-1039
-1222
-1323
-1435
-1697
-1922
-2017
-2120
-2085
-2070
-2027
-2084
-1987
-1890
-1615
-1427
-1246
-1080
-894
-771
-223
680
947
520
524
1102
1411
1939
2533
2323
1511
1565
2143
2634
2820
2480
1785
1456
1632
1737
1744
1380
685
197
119
9
-208
-310
-574
-902
-1009
-1016
-1032
-841
-615
-625
-610
-500
-396
-98
389
587
516
518
655
861
1103
1076
814
627
504
370
264
60
-405
-798
-947
-1195
-1494
-1734
-1988
-2247
-2333
-2405
-2609
-2637
-2617
-2588
-2451
-2189
-2149
-2120
-1659
-1445
-1174
-120
672
119
-106
952
1307
1659
2712
2923
1683
1638
2659
3081
3439
3287
2394
1794
2293
2325
2280
2122
1136
315
385
388
-40
-144
-538
-1088
-1198
-1123
-1113
-1004
-906
-1002
-783
-553
-577
-303
305
525
402
611
788
914
1095
1218
986
770
588
418
373
121
-327
-655
-874
-1296
-1524
-1698
-2006
-2306
-2417
-2504
-2669
-2795
-2952
-2785
-2648
-2436
-2305
-1987
-2089
-1554
-217
337
-299
-226
848
1012
1796
2800
2681
1439
1873
2879
3440
3607
3134
2328
2039
2556
2516
2541
1956
952
459
704
460
-33
-222
-679
-1093
-1169
-1113
-1314
-1322
-1163
-1069
-960
-925
-901
-483
120
240
193
325
486
678
1026
1142
761
483
440
490
407
192
-251
-714
-814
-1020
-1120
-1478
-1715
-2294
-2235
-1679
-1975
-2808
-2985
-2193
-2358
-1861
-1434
-1522
-1935
-948
205
346
399
384
768
1269
2256
2452
2113
1845
2106
2855
3231
3000
2362
2134
2184
2319
2231
1824
1302
788
671
535
281
-149
-480
-694
-811
-1082
-1264
-1213
-1110
-1027
-995
-1018
-1121
-852
-323
-16
-67
-151
-105
118
398
529
383
109
-30
72
23
-219
-494
-731
-902
-1039
-1130
-1467
-1802
-1943
-1871
-1926
-1938
-2148
-2332
-2301
-1996
-1754
-1446
-1121
-885
-511
-231
95
509
1209
1460
1764
2000
2155
2259
2720
3159
3176
3084
2867
2761
2788
2906
2632
2285
1889
1450
1131
1011
691
225
-135
-414
-769
-1044
-1181
-1241
-1208
-1246
-1356
-1504
-1392
-1262
-888
-621
-613
-804
-665
-427
-212
-13
-119
-286
-439
-322
-388
-427
-698
-872
-1011
-1149
-1296
-1413
-1511
-1853
-1873
-1877
-1875
-2096
-1981
-2059
-2034
-1828
-1232
-782
-601
-506
-381
143
719
1521
1785
1864
1698
2116
2689
3271
3472
3323
3110
2896
3070
3164
3190
2744
2352
1944
1567
1232
1004
874
387
-113
-641
-917
-1132
-1086
-1050
-1259
-1609
-1894
-1783
-1529
-1137
-1104
-1249
-1463
-1286
-899
-557
-502
-643
-683
-750
-567
-529
-593
-838
-857
-941
-1071
-1157
-1324
-1400
-1422
-1389
-1655
-1763
-1841
-1856
-1882
-1740
-1596
-1185
-637
-435
-463
-305
203
743
1535
1961
1903
1639
2044
2838
3604
3850
3505
3120
3084
3486
3673
3628
2999
2396
2037
1922
1722
1411
1062
399
-23
-440
-649
-892
-911
-1090
-1324
-1538
-1740
-1690
-1493
-1198
-1221
-1342
-1497
-1326
-1027
-778
-714
-908
-1085
-1061
-844
-924
-1104
-1314
-1515
-1615
-1679
-1706
-1918
-1964
-2077
-2051
-2116
-2154
-2187
-2090
-2027
-2060
-1856
-1369
-768
-187
241
-25
-128
579
1837
2333
2640
2451
2121
2342
3503
4436
4268
3771
3098
3154
3450
3809
3393
2697
1949
1502
1456
1288
966
387
-49
-518
-854
-1018
-990
-946
-1061
-1215
-1384
-1460
-1227
-830
-494
-592
-767
-868
-491
-76
70
-136
-538
-684
-673
-396
-698
-1064
-1574
-1739
-1876
-1921
-2150
-2639
-2894
-3024
-2819
-2857
-2941
-3264
-3393
-3213
-2308
-1611
-1435
-1581
-1449
-1286
-214
1274
1804
1628
1487
1832
2461
4050
4695
4401
3835
3751
4061
4728
5188
4518
3730
2980
2697
2825
2901
2236
1073
451
-67
-252
-441
-564
-1141
-1694
-1902
-1772
-1411
-1338
-1411
-1568
-1328
-1110
-643
-185
53
-113
-90
238
567
738
642
382
89
-24
-146
-345
-648
-1110
-1598
-1996
-2358
-2721
-2971
-3166
-3672
-4134
-4359
-4242
-4041
-3736
-3720
-3984
-3968
-3621
-2724
-1436
-430
-599
-891
-355
796
2324
3572
3756
3067
3000
3832
5180
6304
6188
5128
4323
4563
5137
5583
5197
3975
2715
2111
2092
1945
1596
669
-403
-1300
-1562
-1578
-1553
-1683
-2182
-2544
-2694
-2393
-2066
-1467
-1244
-1273
-1308
-1017
-367
251
660
458
269
170
532
869
935
468
-114
-586
-814
-867
-1110
-1629
-2428
-3104
-3617
-3751
-3831
-3896
-4170
-4693
-5023
-4939
-4167
-3012
-1933
-2125
-2853
-2529
-1073
769
2024
2522
1770
1593
2705
4825
6299
6257
5313
4607
5212
6159
6965
6466
5244
3942
3444
3503
3427
2770
1526
365
-674
-1254
-1457
-1597
-2010
-2549
-3063
-3453
-3456
-3084
-2528
-2120
-2141
-2267
-1999
-1216
-304
308
376
129
149
716
1358
1638
1279
782
267
117
180
127
-392
-1372
-2305
-3048
-3222
-3235
-3404
-3982
-4771
-5408
-5513
-4495
-3032
-2474
-3214
-3933
-3365
-1795
293
1555
1488
722
944
2634
4817
6177
5857
5011
4855
5761
6767
7086
6575
5443
4618
4172
4058
3689
2945
1867
630
-282
-1064
-1386
-1665
-1942
-2610
-3225
-3588
-3662
-3223
-2690
-2358
-2575
-2621
-2176
-1197
-398
-31
-15
-27
213
743
1276
1334
1085
720
442
249
179
61
-497
-1368
-2332
-2906
-3057
-3221
-3427
-4141
-4851
-5843
-5389
-3931
-2680
-2899
-3800
-3979
-3382
-1019
923
1778
873
439
1255
3545
5925
6257
5608
4814
5293
6272
7473
7446
6291
5250
4555
4519
4296
3945
2759
1550
365
-469
-957
-1273
-1546
-2164
-2830
-3499
-3695
-3580
-3041
-2611
-2672
-2981
-2821
-2099
-1124
-451
-360
-511
-356
137
726
1157
1050
618
423
346
192
87
-156
-851
-1779
-2333
-2763
-3125
-3295
-3588
-4315
-5027
-5498
-5214
-3630
-2468
-3172
-4509
-3865
-2476
-814
959
1565
483
-2
1936
4381
6050
5932
5190
4713
5902
7154
7838
7425
6214
5264
5187
5578
4892
4000
2874
1892
721
186
-388
-880
-1299
-1995
-2573
-3456
-3661
-3626
-2828
-2700
-3178
-3551
-3348
-2353
-1500
-877
-1243
-1385
-1258
-280
595
807
280
-192
-182
38
296
118
-503
-1461
-2010
-2333
-2384
-2717
-3051
-3653
-4175
-5262
-5069
-3359
-2318
-3356
-4355
-3694
-3327
-1661
602
1314
-323
-532
1174
3312
5233
5459
4639
4268
5401
6618
7549
7620
6293
5426
5564
5861
5331
4770
3775
2540
1692
1037
469
-105
-411
-1264
-1830
-2687
-3199
-3260
-2617
-2558
-3107
-3436
-3557
-2774
-1901
-1274
-1673
-1852
-1734
-981
2
302
-56
-601
-592
-463
5
-50
-725
-1441
-1988
-2166
-2452
-2479
-3036
-3443
-3577
-4620
-5103
-3723
-2071
-3153
-3906
-3358
-3251
-2517
81
1601
27
-475
583
2530
4558
5506
4764
4100
4762
5852
7287
7703
6462
5274
5366
5521
5284
5155
4235
2791
1833
1319
882
375
-118
-992
-1556
-2164
-2782
-2927
-2535
-2476
-2859
-3013
-3233
-2797
-1965
-1230
-1416
-1724
-1555
-1059
-253
179
104
-463
-603
-426
-164
-311
-776
-1350
-1898
-2098
-2529
-2827
-3149
-3512
-4035
-4445
-5060
-4583
-3020
-2665
-3841
-4314
-3373
-2783
-934
969
771
-757
-156
2146
4202
5624
5016
4248
4396
6152
7393
7952
7167
5565
5377
5714
6043
5331
4717
3045
1970
1517
1159
630
-218
-923
-1952
-2097
-2746
-3061
-3054
-2709
-2923
-3286
-3198
-2993
-2057
-1373
-1123
-1497
-1364
-855
-93
664
517
140
-124
68
214
194
-144
-931
-1359
-1851
-2238
-2534
-2875
-3615
-4406
-4661
-5432
-4691
-3360
-3267
-4786
-5001
-3950
-3432
-1491
157
-121
-1604
-496
1783
3815
5199
4708
4104
4551
6306
7463
8117
7436
5950
5718
6209
6302
5627
5006
3467
2248
1636
1196
688
-62
-917
-1837
-2340
-3127
-3444
-3075
-2814
-3247
-3674
-3635
-3190
-2191
-1369
-1239
-1545
-1507
-763
255
979
786
389
190
381
758
756
310
-485
-977
-1550
-1782
-2044
-2558
-3419
-4084
-4783
-5473
-4064
-3009
-3774
-5450
-4791
-4223
-3619
-1327
-51
-1156
-2231
-276
1711
3878
4745
4219
3815
4685
6221
7437
8354
7040
5747
5849
6349
6165
5830
5090
3233
2185
1553
1281
792
89
-1036
-1917
-2524
-3335
-3234
-2864
-2952
-3653
-3809
-3774
-3178
-2206
-1489
-1485
-1732
-1556
-835
316
848
787
343
163
298
841
891
365
-271
-1002
-1603
-1728
-1730
-2288
-3174
-3837
-4978
-5063
-3357
-2567
-4009
-5394
-4561
-4211
-2973
-835
-162
-1828
-2099
47
2079
4114
4379
3840
3609
4928
6168
7502
8138
6665
5649
5785
6333
5947
5898
4896
3215
1972
1393
1299
902
290
-1108
-2045
-2974
-3256
-2955
-2652
-3172
-3984
-4070
-3896
-3028
-2233
-1637
-1928
-2058
-1821
-855
182
609
540
80
-40
191
858
844
462
-291
-1140
-1707
-1475
-1453
-2076
-3042
-4059
-5210
-4153
-2214
-2442
-4546
-5181
-4244
-3822
-1709
-141
-739
-2550
-1464
775
2918
4337
3899
3296
3742
5355
6426
7794
7436
6142
5647
6014
5951
5887
5841
4409
2961
1792
1320
1093
1083
201
-1153
-2364
-3337
-3119
-2529
-2509
-3520
-4128
-4284
-3703
-2607
-1952
-1975
-2373
-2368
-1740
-549
113
237
-12
-308
-329
369
737
436
-36
-600
-1383
-1657
-1447
-1710
-2461
-3326
-4683
-4614
-2563
-1852
-3633
-4950
-4119
-3922
-2500
-367
-224
-2224
-2254
-17
2074
3872
3812
3081
3098
4621
5878
7132
7333
6194
5661
5864
5913
5710
5912
4914
3595
2464
1643
1195
1220
927
-195
-1323
-2697
-3051
-2505
-2008
-2621
-3536
-3959
-3846
-2801
-1991
-1761
-2135
-2322
-1984
-1057
-194
0
-9
-330
-471
-131
370
242
-190
-429
-1077
-1668
-1840
-1849
-2361
-2915
-3907
-4845
-3495
-2061
-2720
-4602
-4163
-3809
-3322
-1265
3
-1339
-2652
-923
1119
3089
3642
3121
2691
3724
5165
6327
6931
6087
5457
5677
5720
5394
5479
5061
3886
3000
2112
1319
1103
1116
546
-339
-1612
-2634
-2455
-1760
-1799
-2613
-3279
-3593
-2923
-1928
-1447
-1722
-2052
-1966
-1228
-379
-45
19
-123
-383
-226
220
245
-172
-362
-765
-1432
-1701
-1887
-2237
-2856
-3295
-4510
-4145
-2601
-2179
-3935
-4673
-3875
-3680
-2272
-608
-691
-2611
-2065
73
2115
3253
3099
2542
2845
4448
5740
6633
6278
5523
5446
5739
5646
5451
5290
4416
3534
2651
1869
1337
1190
889
264
-887
-2224
-2538
-1987
-1715
-2325
-3067
-3748
-3502
-2472
-1637
-1747
-2261
-2459
-1878
-814
-224
-43
-186
-454
-476
198
554
203
-195
-480
-1030
-1287
-1397
-1655
-2394
-3018
-4031
-4070
-2508
-1723
-3115
-4729
-4133
-3697
-2537
-866
-463
-2333
-2844
-774
1507
3045
3025
2399
2235
3662
5299
6514
6322
5431
5083
5585
5700
5497
5352
4618
3762
2839
2264
1491
1217
921
643
-406
-1932
-2559
-2143
-1463
-1964
-2748
-3694
-3643
-2682
-1541
-1322
-2136
-2662
-2299
-966
-275
51
-261
-578
-748
-17
539
250
-253
-611
-908
-1193
-1343
-1675
-2125
-2745
-3758
-4018
-2416
-1632
-2798
-4357
-3793
-3669
-2624
-878
-224
-1902
-2712
-972
1005
2946
3000
2576
2039
3260
4623
6116
6241
5360
4830
4835
5040
5096
5382
4392
3488
2409
1756
1271
1387
1074
313
-606
-1943
-2286
-1869
-1245
-1801
-2649
-3391
-3253
-2147
-1352
-1176
-1880
-2241
-1979
-842
-202
-18
-134
-446
-597
-181
327
97
-246
-634
-1046
-1332
-1425
-1618
-2056
-2552
-3659
-3904
-2467
-1457
-2522
-3904
-3545
-3537
-2391
-631
94
-1611
-2178
-887
909
2912
3182
2601
2067
3212
4201
5696
6184
5247
4490
4306
4521
4615
5254
4228
3046
1986
1346
1132
1375
1189
-25
-870
-1984
-2110
-1687
-1254
-1850
-2704
-3195
-3085
-1994
-1293
-1261
-1903
-2158
-1772
-842
-159
-33
-74
-443
-543
-106
395
222
-252
-626
-1148
-1245
-1284
-1387
-2015
-2729
-3824
-3784
-2097
-1402
-2633
-3965
-3628
-3600
-2169
-234
-4
-1921
-2258
-737
1180
3077
3207
2307
1977
3270
4459
5999
6208
5027
4280
4575
4712
4779
5264
4146
2829
1999
1671
1305
1315
924
-102
-877
-1881
-2104
-1743
-1464
-2138
-2782
-3121
-3077
-2248
-1461
-1429
-2111
-2346
-1817
-880
-194
-42
-171
-525
-595
49
632
383
-377
-832
-998
-982
-1000
-1324
-2204
-3206
-4029
-2924
-1379
-1489
-3410
-4124
-3585
-3183
-1272
77
-636
-2708
-1878
27
1994
3154
2746
1896
2036
3716
4906
6122
5556
4702
4288
4593
4533
4726
4844
3540
2651
1711
1432
1024
1261
631
-265
-1209
-2068
-1852
-1496
-1394
-2389
-2820
-3040
-2542
-1823
-1361
-1624
-2337
-2194
-1489
-580
-337
-241
-473
-709
-516
76
397
24
-536
-1072
-1025
-955
-1031
-1523
-2296
-3431
-3575
-1740
-643
-1948
-3606
-3413
-2950
-2032
20
544
-1527
-2427
-677
1407
2626
2973
2182
1646
2561
3932
5204
5216
4495
4112
4324
3929
3704
4268
3732
2800
2004
1325
491
673
1014
534
-531
-1828
-2069
-1485
-872
-1355
-2235
-2960
-2765
-1750
-1041
-1141
-1942
-2396
-1957
-895
-415
-435
-727
-1023
-1017
-374
-66
-355
-605
-935
-1203
-1259
-1069
-1385
-1773
-2494
-3289
-2484
-637
-594
-2446
-2890
-2302
-2027
-500
1216
373
-1889
-1178
902
2405
3044
2667
1855
1741
3229
4250
5097
4222
3719
3797
3873
3259
3310
3850
2679
2055
1297
786
-43
527
675
30
-1138
-2271
-1868
-1191
-754
-1629
-2294
-2893
-2396
-1234
-737
-1213
-2192
-2183
-1522
-529
-336
-418
-882
-1283
-1011
-322
-171
-739
-948
-1272
-1358
-1486
-1299
-1588
-2233
-3015
-3007
-1246
-519
-1137
-2610
-2466
-1803
-784
879
903
37
-1471
246
2021
3385
3035
2370
2161
2349
4262
4493
4777
3822
3878
3231
3202
3380
3105
3128
1891
1302
132
217
-123
273
91
-1230
-2033
-2342
-1341
-1278
-1081
-2152
-2653
-2428
-1555
-724
-904
-1386
-2227
-1462
-801
-112
-108
-393
-980
-1243
-451
-324
-344
-952
-1281
-1685
-1653
-1525
-1814
-2113
-3206
-3339
-1962
-483
-1174
-2445
-2135
-1920
-1109
872
1886
230
-1008
593
2299
3414
3710
3131
2329
2710
4272
4916
4897
3854
3580
3539
3226
2714
2767
2579
1496
981
284
-575
-1062
-365
-276
-1040
-2179
-2747
-2128
-1363
-1120
-1732
-2237
-2567
-1779
-596
-285
-1008
-1672
-1495
-924
-62
231
-99
-940
-1197
-734
-324
-498
-990
-1509
-1889
-2021
-1838
-1973
-2282
-3388
-3648
-2211
-727
-1313
-2068
-1701
-2122
-1235
1428
2582
349
-173
1088
2307
3606
4920
3856
2341
2992
4427
5424
5228
4317
3196
3344
3063
2931
2801
2088
920
498
266
-859
-1128
-1022
-872
-1467
-2123
-2741
-2531
-1782
-1514
-1551
-2160
-2374
-1938
-729
-369
-696
-1297
-1459
-1008
-321
312
-124
-810
-1354
-845
-512
-650
-1085
-1651
-2217
-2251
-1925
-2004
-2717
-3322
-3457
-2747
-1004
-727
-1786
-2746
-1573
-223
1153
2005
1383
82
720
3080
4616
4733
3835
2996
3343
5166
5851
5395
4319
3675
3342
3550
3455
2533
1858
990
426
-200
-698
-1313
-1470
-1332
-1963
-2598
-3048
-2695
-2243
-1828
-2192
-2596
-2467
-1783
-831
-607
-904
-1499
-1144
-611
-25
76
-192
-658
-923
-537
-384
-561
-1250
-1700
-1966
-2025
-2030
-2439
-2907
-3602
-3713
-2548
-879
-1238
-2759
-2619
-1447
-227
1021
2374
741
-189
1029
3906
4969
4856
4065
3117
4341
5453
6667
5763
5030
3624
3883
4101
3611
2922
1918
1115
-110
-229
-1004
-1283
-1745
-1970
-2613
-3165
-3290
-3140
-2410
-2538
-2782
-3108
-2524
-1769
-952
-768
-1210
-1396
-1007
-152
187
303
-194
-436
-614
-231
-182
-538
-1106
-1762
-1906
-2103
-2048
-2680
-3229
-3983
-4196
-2644
-1397
-1425
-2899
-2713
-2081
-826
1456
2184
1472
-160
1268
3098
5357
5809
4823
4199
4046
5617
6356
7219
5786
4590
3832
3525
3687
3241
2914
1025
-3
-1160
-1100
-1266
-1605
-2043
-2922
-3421
-3981
-2977
-2691
-2584
-3144
-3063
-2754
-2053
-1079
-887
-965
-1416
-986
-507
295
466
122
-422
-769
-492
-414
-385
-1123
-1854
-2306
-2384
-2336
-2794
-3148
-4342
-4443
-3257
-1364
-1610
-2981
-2803
-2217
-745
732
2623
1365
384
1291
3512
5042
5473
5692
4538
4849
5477
6740
6753
6363
5413
4466
3988
3235
3397
2969
1965
148
-686
-1244
-1669
-1515
-1771
-2484
-3750
-3881
-3529
-2763
-2764
-3148
-3209
-3060
-2446
-1673
-943
-1277
-1563
-1235
-638
-142
201
268
-266
-778
-771
-431
-419
-1037
-1713
-2216
-2409
-2548
-2619
-3256
-4203
-4640
-3160
-1437
-1907
-3406
-3248
-1611
-998
663
1884
1425
-217
1607
4235
5208
5056
5072
5177
5194
6541
6948
6938
5970
5890
5423
4901
3757
3223
2956
2035
983
-140
-1022
-1999
-1825
-1760
-2396
-3620
-4241
-3859
-3234
-2996
-3436
-3614
-3555
-2868
-1825
-1275
-1730
-2096
-1424
-646
-52
97
-81
-594
-677
-305
-94
-447
-1308
-1816
-1883
-2001
-2384
-2792
-3474
-4561
-4244
-2444
-1505
-2775
-3707
-3015
-1878
-517
1172
1499
209
48
2126
4545
5726
5426
4708
4821
5897
7155
7725
7418
6123
5633
5557
5393
4537
3875
2831
1626
724
-177
-790
-1535
-1854
-2572
-3154
-3976
-4142
-3667
-3420
-3700
-4187
-4000
-3581
-2584
-1838
-1843
-2316
-2248
-1325
-415
265
-50
-656
-899
-415
75
7
-547
-1666
-2021
-1865
-1724
-2336
-3034
-4002
-4660
-3484
-1872
-1952
-3448
-3651
-2772
-1508
298
1401
677
-300
691
3061
5061
5724
5015
4544
5096
6428
7595
7816
7007
5946
5772
5561
5306
4775
3967
2679
1434
458
-289
-600
-1114
-1796
-2801
-3664
-4114
-3691
-3214
-3404
-4143
-4513
-4091
-3097
-2142
-1902
-2343
-2796
-2256
-1091
-90
32
-581
-1178
-1048
-332
84
-139
-994
-2037
-2130
-1755
-1673
-2446
-3292
-4332
-4229
-2430
-1529
-2500
-3811
-3170
-2351
-752
993
1225
-237
-478
1754
3957
5182
4998
4463
4400
5466
6993
7635
7336
6318
5953
5791
5638
5327
4710
3782
2486
1557
384
-72
-384
-659
-1692
-2861
-3669
-3779
-3092
-2982
-3457
-4467
-4515
-3908
-2696
-2064
-2327
-2996
-3088
-2077
-962
-223
-643
-1256
-1587
-987
-305
-84
-673
-1706
-2184
-1969
-1688
-1999
-2737
-3695
-4447
-3372
-1582
-1667
-3265
-3781
-2503
-1803
-11
1182
740
-916
50
2933
4516
4992
4173
4353
4559
6164
7193
7599
6707
5978
6172
5869
5524
5005
4727
3476
2467
1341
391
-48
-72
-362
-1544
-2916
-3726
-3101
-2400
-2680
-3648
-4405
-4281
-3347
-2169
-2050
-2789
-3410
-2923
-1660
-638
-674
-1349
-1862
-1628
-820
-318
-609
-1606
-2281
-2402
-1996
-1966
-2566
-3511
-4395
-4026
-2373
-1585
-2703
-3734
-3095
-2243
-930
840
964
-396
-671
1721
3843
5021
4721
4129
4239
5332
6981
7563
7510
6147
5716
5620
5867
5593
5035
4030
2467
1675
873
778
272
-48
-1240
-2345
-3028
-2787
-2097
-2311
-3057
-4063
-3907
-3269
-2202
-1857
-2316
-3131
-3129
-1991
-924
-615
-1251
-1913
-2039
-1392
-728
-796
-1514
-2432
-2722
-2566
-2279
-2609
-3413
-4278
-4430
-2911
-1868
-2278
-3590
-3231
-2422
-1228
405
1046
103
-643
1082
3198
4695
4807
4340
4059
4830
6353
7154
7285
6491
5680
5216
5334
5497
5040
4326
2894
1731
829
854
718
353
-611
-1931
-2663
-2544
-1779
-1763
-2341
-3446
-3730
-3105
-2110
-1559
-1873
-2616
-3039
-2248
-1203
-660
-987
-1821
-2209
-1845
-1075
-1068
-1540
-2389
-2815
-2753
-2591
-2750
-3425
-4073
-4481
-3175
-1967
-2145
-3416
-3310
-2309
-1313
217
905
371
-545
875
2838
4340
4476
4198
4065
4596
5886
6653
6749
6213
5891
5424
4980
4905
4795
4322
3320
2143
956
421
603
632
52
-1373
-2498
-2567
-1670
-1252
-1796
-2868
-3458
-2993
-1886
-1187
-1516
-2424
-2832
-2182
-1101
-589
-915
-1802
-2241
-1929
-1256
-1221
-1774
-2523
-3070
-2916
-2850
-2907
-3754
-4388
-4776
-3489
-2050
-2296
-3515
-3663
-2394
-1519
141
1027
414
-617
658
3046
4361
4583
4110
4088
4665
5833
6770
6726
6198
5639
5666
5194
4866
4688
4276
3371
2082
1132
349
551
496
88
-1253
-2434
-2655
-1787
-1074
-1601
-2636
-3353
-2821
-1736
-968
-1298
-2187
-2713
-2137
-956
-335
-792
-1672
-2116
-1816
-1303
-1258
-1810
-2502
-2977
-3028
-3096
-3297
-3891
-4523
-4762
-3745
-2366
-2703
-3723
-3731
-2371
-1584
-106
899
371
-506
780
3256
4392
4785
4186
4209
4788
6291
6826
6960
6383
5567
5460
5468
5272
4479
4256
3017
1883
895
592
356
237
-295
-1586
-2402
-2707
-1930
-1395
-1625
-2729
-3186
-2691
-1759
-928
-1185
-2066
-2545
-1878
-894
-221
-539
-1595
-2064
-1674
-1117
-1256
-1807
-2606
-2997
-2957
-3117
-3417
-4165
-4711
-4820
-3351
-2401
-2984
-4042
-3658
-2281
-1224
284
712
163
-512
1228
3478
4778
4640
4065
4196
4922
6441
7049
6967
5760
5621
5602
5366
4782
4559
3944
2571
1771
796
252
-141
173
-419
-1486
-2733
-2985
-2030
-1296
-1567
-2651
-3156
-2940
-1595
-615
-922
-2049
-2395
-1723
-611
113
-317
-1412
-2097
-1599
-851
-839
-1789
-2734
-3145
-2981
-2958
-3276
-4263
-5012
-5049
-3402
-2195
-2916
-4271
-3878
-2341
-1246
510
1007
62
-762
1259
3580
4875
4955
4118
3939
4837
6604
7098
7204
6164
5267
5029
5264
5264
4530
3855
2277
1222
363
337
270
-17
-873
-2190
-2765
-2747
-1731
-1303
-1752
-2907
-3182
-2312
-1116
-422
-877
-1772
-2171
-1273
-96
471
-164
-1238
-1877
-1415
-674
-718
-1601
-2830
-3344
-3268
-3038
-3403
-4314
-5288
-5549
-3967
-2542
-2958
-4321
-4196
-2927
-1559
305
1043
115
-746
870
3421
5072
5202
4323
3972
4906
6533
7560
7660
6479
5187
4980
5478
5486
4884
3867
2205
861
369
457
386
-220
-1330
-2470
-2896
-2711
-1892
-1525
-2133
-3084
-3194
-2309
-1172
-498
-886
-1791
-1988
-1220
-96
490
41
-1050
-1680
-1227
-655
-608
-1472
-2586
-3294
-3242
-3204
-3511
-4336
-5116
-5493
-4145
-2820
-3134
-4326
-4131
-2695
-1643
106
846
292
-491
1237
3628
5069
5304
4582
4481
5269
6891
7603
7584
6759
5763
5414
5209
5257
4724
3875
2370
1131
123
-323
-30
-233
-1121
-2577
-3298
-3258
-2173
-1572
-2097
-3126
-3595
-2719
-1275
-437
-1015
-1963
-2108
-1380
-160
371
-97
-1216
-1653
-1199
-613
-667
-1723
-2701
-3172
-3112
-3306
-3782
-4561
-5269
-5078
-3514
-2844
-3666
-4568
-3538
-2187
-1036
309
665
-71
-53
2296
4267
5229
4885
4670
4899
6027
7210
7723
7389
6209
5991
5914
5571
4653
4437
3459
2205
1260
313
-371
-680
-525
-1319
-2247
-3371
-3280
-2342
-1769
-2283
-3167
-3457
-2843
-1369
-602
-1134
-2177
-2198
-1318
-79
253
-391
-1412
-1757
-1238
-550
-684
-1874
-2887
-3287
-3261
-3243
-3817
-4800
-5686
-4874
-3144
-2813
-4003
-4839
-3399
-2098
-484
590
605
-657
139
2969
4833
5416
4681
4522
4851
6665
7570
7952
7166
6048
5740
5971
5936
4831
4342
3008
1934
972
480
-72
-454
-838
-1864
-2498
-3111
-2771
-2206
-1913
-2574
-3178
-3101
-2302
-1141
-715
-1243
-1993
-1765
-943
97
224
-366
-1243
-1480
-1162
-748
-973
-1884
-2783
-3282
-3579
-3729
-4201
-4991
-5639
-4782
-3278
-3460
-4571
-4885
-3231
-2104
-502
413
84
-761
585
3395
4963
5337
4497
4485
5278
7129
7841
7882
6782
6063
6209
6358
5720
4661
4233
2966
2028
971
290
-500
-596
-873
-1778
-2791
-3521
-3018
-2273
-1975
-2663
-3216
-3224
-2217
-955
-650
-1415
-1934
-1487
-546
383
297
-495
-1208
-1068
-703
-615
-1176
-2193
-2940
-3080
-3242
-3731
-4743
-5439
-5572
-4215
-3075
-3716
-5095
-4951
-3021
-1725
-159
326
-346
-947
1235
4059
5245
5156
4451
4555
5784
7639
8015
7751
6780
6051
6074
6507
5890
4647
3847
2729
1659
735
169
-432
-733
-1363
-2341
-3128
-3428
-2981
-2348
-2358
-3092
-3418
-2961
-1855
-914
-865
-1608
-1869
-1249
-209
542
224
-644
-1176
-936
-645
-612
-1192
-2360
-3087
-3168
-3229
-3856
-4816
-5521
-5616
-4162
-3175
-3636
-5053
-4682
-3064
-1525
-18
381
-221
-699
1477
4078
5531
5231
4609
4685
6021
7719
8266
7916
6792
6017
6005
6472
6112
4928
3616
2320
1377
730
273
-285
-945
-1824
-2714
-3174
-3230
-2920
-2599
-2722
-3294
-3472
-2822
-1721
-1049
-1081
-1620
-1713
-1148
-139
500
270
-548
-1138
-984
-577
-549
-1273
-2266
-2960
-3203
-3434
-3864
-4754
-5551
-5688
-4221
-3245
-3811
-5121
-4621
-3055
-1670
-121
419
-327
-822
1413
4130
5507
5253
4652
4702
5990
7748
8514
8073
6776
6012
6213
6508
6047
5039
3801
2306
1314
735
305
-263
-881
-1734
-2653
-3236
-3256
-2760
-2398
-2693
-3311
-3451
-2782
-1648
-924
-1092
-1742
-1719
-1056
-49
474
118
-790
-1190
-838
-481
-710
-1444
-2474
-2938
-3085
-3311
-4107
-5076
-5633
-5406
-3679
-3288
-4173
-5455
-4360
-2773
-1183
150
-21
-974
-773
2238
4416
5453
4879
4408
4718
6492
8211
8315
7675
6303
6319
6605
6652
5467
4644
3614
2282
1645
717
-73
-912
-865
-1586
-2436
-3432
-3619
-2910
-2374
-2584
-3357
-3558
-3088
-1668
-751
-1092
-1908
-1863
-1032
93
668
105
-932
-1212
-679
-167
-560
-1489
-2589
-2898
-3003
-3081
-3889
-5153
-5744
-5219
-3348
-3183
-4076
-5433
-4403
-2621
-823
247
-144
-950
-663
2321
4582
5546
4798
4335
4832
6579
8191
8370
7618
6300
5972
6350
6526
5636
4576
3317
1974
1179
681
144
-558
-1236
-2065
-2826
-3257
-3215
-2724
-2548
-3048
-3549
-3469
-2614
-1502
-916
-1334
-1882
-1695
-805
217
669
178
-762
-1131
-610
-12
-351
-1330
-2391
-2921
-3055
-3017
-3471
-4722
-5669
-5488
-3776
-2957
-3672
-4997
-4691
-3033
-1368
169
248
-559
-876
1439
4180
5334
4926
4315
4780
5954
7619
8273
7673
6348
5843
6325
6288
5648
4544
3527
2273
1392
786
228
-337
-1072
-1633
-2473
-3061
-3262
-2649
-2342
-2747
-3292
-3428
-2691
-1655
-903
-1133
-1687
-1716
-980
16
495
247
-496
-1041
-788
-269
-343
-1259
-2083
-2819
-3034
-3158
-3463
-4501
-5362
-5556
-4497
-3175
-3427
-4630
-5006
-3414
-2016
-275
418
-140
-909
607
3389
4956
5254
4416
4525
5441
7173
7794
7693
6547
5850
6461
6444
5538
4181
3853
2759
2088
1189
280
-734
-1062
-1008
-1604
-2451
-3613
-3197
-2402
-2046
-2686
-3163
-3036
-2254
-1014
-695
-1163
-1730
-1331
-486
357
375
-326
-911
-941
-453
-445
-1032
-1940
-2511
-2818
-2975
-3317
-4267
-5147
-5351
-4782
-3404
-3080
-3944
-5134
-3951
-2228
-721
355
248
-570
-321
2481
4501
5395
4762
4343
4867
6429
7716
7636
7131
5817
5802
6370
6068
4751
3711
3204
1890
1439
678
-113
-1171
-1367
-1652
-2269
-2896
-3508
-2766
-2492
-2587
-3213
-2927
-2450
-1676
-869
-1032
-1520
-1647
-761
26
435
-94
-848
-999
-675
-380
-720
-1423
-2327
-2770
-2766
-2938
-3592
-4750
-5151
-5195
-4049
-2808
-2937
-4358
-4827
-2844
-1231
273
666
269
-608
883
3769
5371
5455
4485
4499
5366
7132
7760
7661
6542
5449
5359
5907
5576
4481
3443
2179
956
432
325
-244
-1062
-1975
-2640
-3020
-2961
-2691
-2295
-2748
-3388
-3360
-2414
-1631
-1107
-989
-1462
-1769
-1214
-183
365
210
-496
-989
-1004
-696
-659
-913
-1683
-2501
-2913
-2971
-3246
-3856
-4521
-4842
-4884
-3582
-2574
-2986
-4275
-3763
-2019
-768
592
952
342
-268
1941
4363
5456
5072
4497
4604
5625
7245
7659
7261
5877
5143
5117
5663
5235
4139
2827
1450
618
324
274
-515
-1369
-2325
-2824
-2925
-2569
-2278
-2468
-3024
-3350
-2832
-1991
-1340
-1048
-1180
-1602
-1541
-717
4
261
-17
-500
-946
-985
-766
-793
-1115
-1910
-2588
-3056
-3287
-3449
-3926
-4394
-5022
-4486
-3117
-2554
-3420
-4095
-2959
-1873
-345
847
1013
-193
271
2706
4667
5291
4697
4343
4597
6034
7190
7548
6560
5280
5004
5465
5483
4643
3568
2213
1199
881
619
-116
-1063
-1697
-2138
-2318
-2468
-2449
-2447
-2704
-2837
-2696
-2254
-1907
-1446
-1146
-1246
-1430
-1160
-524
-123
5
-184
-567
-973
-976
-768
-926
-1403
-2095
-2708
-3170
-3328
-3533
-4152
-4674
-4981
-3792
-2701
-2749
-3889
-3727
-2482
-1371
379
1055
530
-411
1309
3554
5043
5145
4394
4371
5100
6630
7133
7106
5707
5064
5587
5626
4757
3583
3046
1744
1483
964
48
-1161
-1593
-1495
-1724
-2011
-2962
-2781
-2600
-2269
-2347
-2283
-2262
-2051
-1102
-878
-945
-1342
-908
-467
-45
-49
-391
-743
-1180
-939
-924
-1175
-1903
-2431
-2963
-3273
-3440
-3843
-4532
-4877
-4676
-3359
-2598
-2895
-3887
-3374
-1990
-588
955
1146
512
-6
2160
4220
5520
5091
4537
4500
5451
6828
7165
6645
5210
5135
5262
5252
4161
3440
2356
1498
1135
523
-359
-1356
-1467
-1635
-1688
-2455
-2869
-2698
-2339
-2135
-2255
-2240
-2288
-1640
-958
-735
-1091
-1354
-916
-438
-78
-338
-551
-1147
-1329
-1109
-901
-1442
-2232
-2709
-3060
-3216
-3429
-3798
-4499
-4766
-4383
-2860
-2221
-2752
-3808
-2860
-1420
39
1311
1424
440
259
2720
4705
5656
5001
4454
4336
5594
6871
7173
6399
5057
4611
4801
4994
4294
3463
2075
1033
505
312
-238
-937
-1481
-2026
-2352
-2630
-2525
-2357
-2325
-2563
-2632
-2386
-1979
-1411
-961
-992
-1347
-1315
-760
-309
-134
-263
-708
-1318
-1333
-950
-872
-1529
-2218
-2863
-3130
-3253
-3250
-3792
-4438
-4858
-4175
-2500
-2006
-2860
-3808
-2413
-1176
402
1514
1460
153
581
3224
5051
5630
4881
4361
4466
5957
7133
7175
6182
5031
4690
4862
4811
4301
3197
1879
815
408
-69
-555
-1021
-1610
-2279
-2834
-2863
-2666
-2266
-2385
-2697
-2919
-2587
-1918
-1218
-853
-1089
-1387
-1201
-523
-75
54
-191
-776
-1181
-1079
-816
-1087
-1629
-2294
-2913
-3199
-3384
-3551
-4255
-4568
-4919
-3826
-2566
-2290
-3382
-3725
-2065
-859
804
1423
1261
24
1304
3897
5669
5779
4839
4482
4934
6686
7481
7466
6068
4883
4601
5178
5055
4043
2722
1365
439
113
-17
-653
-1472
-2316
-2707
-2786
-2659
-2596
-2454
-2610
-2852
-2722
-2127
-1607
-1189
-969
-1073
-1214
-883
-337
-58
-55
-405
-825
-1065
-992
-1073
-1429
-1883
-2530
-3095
-3461
-3559
-3918
-4525
-4745
-4708
-3489
-2664
-2615
-3676
-3271
-1618
-379
995
1373
1077
228
2226
4568
5879
5518
4772
4645
5350
7073
7451
7262
5592
4726
4622
5314
4848
3614
2440
993
315
102
192
-790
-1662
-2486
-2653
-2490
-2415
-2368
-2512
-2631
-2828
-2335
-1767
-1466
-1160
-1054
-1212
-1343
-833
-485
-271
-340
-635
-1085
-1288
-1200
-1279
-1469
-2033
-2829
-3363
-3503
-3524
-3909
-4332
-4688
-4625
-3261
-2434
-2571
-3674
-2808
-1406
-48
1132
1412
907
476
2810
4817
5924
5177
4598
4703
5768
7313
7508
6846
5042
4753
5059
5426
4588
3301
2035
767
564
350
36
-1221
-2021
-2424
-2342
-2358
-2629
-2567
-2736
-2675
-2650
-2210
-1868
-1572
-1073
-982
-1136
-1362
-878
-463
-152
-223
-600
-1149
-1440
-1152
-1064
-1315
-2238
-3099
-3417
-3373
-3401
-3956
-4416
-5042
-4684
-3055
-2179
-2715
-3936
-2780
-1390
274
1289
1542
629
558
3146
5273
6222
5113
4698
4845
6220
7641
7894
6899
5102
4795
5133
5476
4615
3213
1792
584
254
4
-327
-1485
-2277
-2647
-2726
-2785
-2888
-2682
-2856
-2872
-2950
-2435
-1926
-1413
-963
-961
-1221
-1348
-655
-105
148
-131
-610
-1142
-1281
-915
-919
-1408
-2514
-3226
-3379
-3345
-3509
-4231
-4664
-5326
-4490
-2929
-2107
-3153
-3971
-2507
-1016
566
1406
1678
461
1060
3704
5850
6219
5158
4935
5198
6776
7751
7798
6775
5274
4834
4936
5296
4132
2978
1686
588
-187
-546
-709
-1564
-2007
-2762
-2958
-3132
-2832
-2495
-2483
-2803
-3137
-2424
-1741
-1055
-881
-1019
-1447
-1276
-484
9
93
-413
-915
-1320
-1215
-1069
-1277
-1859
-2816
-3213
-3457
-3561
-3889
-4392
-4748
-5158
-3878
-2741
-2305
-3476
-3291
-1858
-452
976
1567
1490
499
2060
4293
6090
5808
5032
4856
5533
7235
7760
7504
5853
4933
4877
5321
5064
3720
2459
1075
596
122
-116
-983
-1807
-2289
-2550
-2514
-2834
-2669
-2672
-2601
-2826
-2645
-2110
-1676
-1216
-1139
-1216
-1473
-1094
-555
-244
-318
-729
-1159
-1410
-1272
-1323
-1622
-2189
-2836
-3182
-3428
-3575
-4072
-4499
-4712
-4731
-3430
-2537
-2455
-3635
-2928
-1462
-101
1155
1580
1220
598
2551
4652
6160
5632
5002
4816
5805
7404
7931
7397
5549
4736
4928
5582
5105
3812
2246
776
343
305
192
-878
-1954
-2665
-2716
-2520
-2599
-2591
-2855
-3000
-3037
-2502
-1908
-1574
-1346
-1333
-1378
-1397
-895
-468
-352
-439
-706
-1138
-1379
-1310
-1293
-1590
-2136
-2842
-3301
-3501
-3600
-4028
-4512
-4834
-4952
-3504
-2388
-2381
-3818
-3175
-1673
-253
1275
1786
1172
422
2607
4861
6437
5994
5298
4830
6005
7793
8172
7451
5691
4959
5040
5756
5115
3715
2149
889
388
261
-103
-1305
-2178
-2672
-2755
-2807
-2972
-3033
-3057
-2955
-2984
-2619
-2141
-1722
-1287
-1090
-1201
-1368
-910
-449
-258
-211
-493
-1036
-1443
-1350
-1188
-1388
-2110
-2913
-3385
-3609
-3684
-3981
-4450
-5025
-5155
-3630
-2306
-2314
-3798
-3412
-1788
-248
1410
1971
1289
382
2518
5091
6712
6186
5340
4873
6014
7944
8279
7416
5531
4955
5129
5807
5037
3497
1967
939
623
397
-199
-1578
-2323
-2541
-2435
-2686
-3151
-3298
-3116
-2790
-2804
-2631
-2363
-1982
-1360
-993
-1132
-1471
-1117
-608
-359
-289
-622
-1101
-1567
-1441
-1287
-1491
-2230
-2861
-3171
-3403
-3609
-3977
-4296
-4690
-4722
-3434
-2251
-2254
-3538
-3173
-1451
27
1337
1818
1433
624
2504
4987
6509
5875
5041
4849
5810
7604
7934
7190
5314
4776
5083
5666
4968
3381
2079
1024
843
535
61
-1316
-2153
-2312
-2177
-2394
-3090
-3137
-3052
-2713
-2850
-2754
-2580
-2230
-1559
-1202
-1285
-1757
-1443
-878
-516
-477
-807
-1228
-1684
-1451
-1336
-1522
-2119
-2612
-2989
-3146
-3267
-3761
-4097
-4243
-4375
-3478
-2172
-1982
-3180
-3124
-1333
-47
1095
1743
1654
806
2159
4581
6020
5761
4932
4861
5491
7116
7625
7170
5641
4777
5049
5450
4967
3467
2514
1350
861
471
22
-1048
-1932
-2058
-2193
-2385
-3190
-3173
-2965
-2713
-2929
-2963
-2703
-2468
-1723
-1292
-1321
-1802
-1586
-939
-619
-513
-659
-914
-1536
-1521
-1229
-1340
-1875
-2280
-2712
-3072
-3307
-3524
-3995
-4144
-4444
-3839
-2298
-1820
-2825
-3498
-1613
-431
872
1741
1923
783
1531
4257
5838
5959
4999
4916
5243
6962
7673
7351
6056
4945
5018
5452
5148
3527
2607
1702
979
442
-174
-1166
-2031
-1979
-2083
-2399
-3274
-3554
-3112
-2661
-2686
-2954
-2761
-2597
-1859
-1232
-1150
-1572
-1626
-1057
-709
-519
-555
-662
-1262
-1639
-1389
-1277
-1707
-2081
-2478
-2941
-3422
-3520
-3909
-4085
-4301
-4098
-2621
-1829
-2329
-3614
-2071
-652
641
1589
1991
1009
878
3605
5523
6154
5015
4799
4750
6532
7710
7510
6212
4859
4841
5220
5521
3951
2719
1675
1195
758
252
-785
-1916
-1991
-1868
-1946
-2828
-3433
-3289
-2677
-2405
-2601
-2658
-2638
-2077
-1423
-1090
-1465
-1772
-1509
-1078
-763
-724
-766
-1338
-1793
-1738
-1397
-1649
-1924
-2328
-2811
-3292
-3440
-3657
-3845
-3827
-4033
-2880
-1912
-1827
-3140
-2286
-789
278
1366
1926
1425
702
2824
4774
5876
5190
4780
4463
5721
7306
7379
6437
4939
4721
4940
5506
4434
3060
1918
1306
1100
721
-128
-1474
-1882
-1797
-1674
-2323
-3227
-3374
-2942
-2477
-2541
-2603
-2803
-2536
-1843
-1273
-1407
-1906
-1812
-1424
-904
-808
-713
-1182
-1729
-1808
-1317
-1319
-1749
-2042
-2505
-3001
-3306
-3386
-3638
-3504
-3858
-3291
-2140
-1620
-2737
-2741
-989
-118
734
1636
1850
845
1935
4129
5406
5339
4855
4691
5224
6740
7141
6746
5575
4824
4887
5324
4790
3306
2425
1557
1120
712
76
-1140
-1866
-1867
-1918
-2259
-3281
-3609
-3301
-2767
-2745
-2800
-2859
-2879
-2183
-1469
-1246
-1653
-1719
-1381
-822
-523
-470
-619
-1146
-1475
-1172
-934
-1280
-1626
-2042
-2676
-3165
-3265
-3538
-3426
-3630
-3764
-2717
-1736
-2223
-3172
-1667
-524
144
1146
1947
1188
1071
3241
4881
5493
4940
4757
4846
6146
6937
6850
6132
5041
4737
5028
5016
3654
2679
1868
1182
689
100
-844
-1755
-1872
-1974
-2199
-3066
-3664
-3428
-2885
-2644
-2820
-2806
-2897
-2340
-1547
-1134
-1368
-1673
-1426
-902
-362
-353
-436
-881
-1316
-1206
-868
-929
-1415
-1830
-2501
-2901
-3122
-3274
-3350
-3436
-3898
-3088
-1768
-1685
-2905
-2381
-919
-167
955
1811
1496
593
2147
4219
5461
5040
4509
4497
5362
6482
6749
6407
5120
4492
4686
4984
4009
2946
2192
1408
830
275
-376
-1294
-1657
-1770
-1937
-2660
-3375
-3260
-2773
-2523
-2728
-2783
-2818
-2449
-1682
-1155
-1318
-1805
-1710
-1118
-560
-439
-581
-979
-1473
-1382
-979
-904
-1360
-1868
-2355
-2669
-2836
-3071
-3169
-3219
-3767
-3107
-1719
-1277
-2606
-2635
-1181
-222
863
1673
1652
438
1505
3634
5381
5129
4345
4217
4883
6124
6641
6685
5298
4391
4482
5049
4401
3306
2547
1610
981
438
-1
-894
-1539
-1795
-1969
-2451
-3266
-3243
-2941
-2732
-2958
-3023
-2921
-2716
-1956
-1506
-1417
-1891
-1864
-1284
-666
-494
-592
-767
-1262
-1301
-865
-756
-1210
-1574
-1936
-2375
-2594
-2771
-3119
-3139
-3527
-3380
-2066
-1205
-2152
-3076
-1706
-585
415
1458
1855
680
707
2962
4916
5513
4722
4315
4450
5666
6644
7014
6127
4686
4375
4861
4816
3798
3002
1971
976
428
29
-641
-1512
-1921
-2162
-2476
-3234
-3567
-3159
-2921
-3011
-3190
-3024
-2923
-2291
-1531
-1297
-1590
-1849
-1353
-674
-261
-262
-327
-796
-1221
-894
-493
-863
-1347
-1674
-2211
-2685
-2751
-3002
-3266
-3519
-3929
-2911
-1578
-1595
-3141
-2634
-1164
-217
978
1943
1378
238
1897
4237
5612
5143
4633
4395
5113
6293
6978
6774
5225
4441
4632
4956
4062
3190
2422
1331
540
40
-420
-1321
-1830
-2048
-2252
-2950
-3603
-3307
-2866
-2757
-3000
-2951
-2825
-2419
-1634
-1137
-1151
-1621
-1419
-807
-282
-226
-77
-310
-1037
-1200
-844
-666
-1142
-1402
-2151
-2680
-3033
-3003
-3208
-3231
-3939
-3943
-2329
-1387
-2204
-3255
-1778
-834
419
1492
2011
683
737
3052
5030
5613
4600
4455
4512
5756
6420
6899
5940
4539
4368
4759
4571
3319
2761
1834
961
208
-228
-810
-1548
-1798
-2022
-2402
-3333
-3445
-2893
-2583
-2716
-2951
-2806
-2568
-1854
-1287
-988
-1290
-1548
-1073
-414
-206
-233
-24
-547
-1117
-1130
-714
-792
-1108
-1531
-2372
-2682
-3069
-2910
-3103
-3140
-4113
-3436
-1882
-1504
-2591
-2964
-1288
-695
762
1510
1710
248
1184
3558
5190
5254
4362
4430
4599
5976
6553
6828
5527
4478
4456
4748
4325
3299
2754
1641
680
-5
-348
-954
-1583
-1841
-2272
-2916
-3649
-3469
-2938
-2757
-2993
-3255
-3057
-2635
-1818
-1212
-1076
-1515
-1617
-893
-240
-21
111
9
-634
-1014
-659
-358
-584
-898
-1473
-2190
-2669
-2836
-2840
-2966
-3286
-3937
-3047
-1903
-1912
-3039
-2551
-1162
-579
547
1448
1275
234
1791
3982
5160
4931
4601
4539
5009
6298
6866
6667
5377
4651
4594
4781
4181
3323
2507
1271
342
-196
-510
-1245
-1747
-2150
-2720
-3375
-3779
-3452
-3077
-2908
-3203
-3308
-3061
-2412
-1530
-983
-1043
-1470
-1347
-571
55
303
361
-16
-631
-863
-385
-295
-549
-986
-1670
-2428
-2918
-2856
-3034
-3057
-3631
-3983
-2994
-1955
-2243
-3303
-2163
-1152
-422
566
1614
982
536
2525
4348
5221
4815
4753
4559
5526
6532
6869
6359
5161
4604
4578
4773
3921
3083
2065
884
97
-347
-634
-1435
-1886
-2528
-2964
-3459
-3631
-3274
-3003
-2902
-3287
-3090
-2735
-1912
-1254
-871
-1021
-1333
-1000
-274
311
252
214
-153
-627
-690
-314
-303
-831
-1214
-2025
-2542
-2811
-2772
-3170
-3332
-3735
-4095
-2683
-1678
-2107
-3503
-2137
-1010
-127
935
1754
986
503
2703
4519
5489
4816
4524
4426
5604
6522
6736
6224
4907
4300
4409
4713
3780
2854
1836
705
-33
-428
-729
-1500
-2038
-2663
-3040
-3460
-3650
-3243
-2911
-2911
-3328
-3096
-2648
-1899
-1243
-907
-1079
-1379
-965
-230
331
209
163
-168
-496
-523
-77
-108
-682
-1186
-1936
-2252
-2502
-2511
-3105
-3220
-3801
-3886
-2408
-1425
-2221
-3619
-2078
-966
7
943
1691
730
411
2646
4529
5436
4635
4430
4464
5698
6510
6739
6191
4852
4392
4472
4746
3703
2814
1822
757
16
-571
-887
-1684
-2154
-2777
-3124
-3650
-3899
-3401
-3051
-2988
-3435
-3188
-2788
-2042
-1309
-926
-1039
-1408
-945
-190
408
389
360
-25
-392
-377
89
125
-460
-1183
-1921
-2179
-2569
-2696
-3119
-3238
-4208
-3792
-2163
-1539
-2892
-3531
-1710
-991
49
1094
1656
232
821
3140
4849
5157
4601
4638
4782
6078
6622
6936
5940
4841
4531
4813
4577
3351
2598
1583
579
-222
-718
-1342
-2091
-2444
-2815
-3183
-3824
-3984
-3475
-3010
-2929
-3161
-2947
-2605
-1834
-1032
-565
-775
-1119
-678
136
544
545
603
121
-319
-341
70
-94
-504
-1142
-2039
-2468
-2886
-3068
-3419
-3299
-4212
-4129
-2599
-1774
-2782
-3415
-1826
-1195
-194
1083
1793
555
804
2907
4629
5278
4874
4755
4734
5850
6524
6931
6117
4819
4353
4658
4530
3335
2522
1475
420
-344
-780
-1446
-2189
-2520
-2737
-3001
-3653
-3943
-3518
-2865
-2679
-2753
-2670
-2445
-1711
-803
-259
-397
-753
-533
220
682
696
710
422
-130
-385
-102
-161
-513
-990
-1828
-2603
-3007
-3293
-3416
-3387
-3695
-4468
-3386
-2020
-2116
-3274
-2608
-1221
-699
715
1675
1432
319
1940
4073
5404
5197
4667
4613
5168
6377
6720
6573
5107
4263
4307
4645
3877
2729
1818
682
-138
-727
-1121
-1786
-2332
-2670
-2987
-3466
-4008
-3670
-2977
-2716
-2954
-2986
-2648
-2003
-1002
-479
-456
-847
-676
94
740
756
621
565
131
-186
-17
86
-446
-902
-1364
-2133
-2721
-3151
-3213
-3361
-3408
-4333
-3723
-2234
-1876
-3205
-3144
-1501
-1036
168
1421
1613
18
1065
3421
5113
5234
4716
4456
4650
5962
6602
6811
5555
4388
4095
4577
4234
3126
2245
1028
38
-628
-839
-1397
-2065
-2669
-3021
-3289
-3813
-3713
-3128
-2761
-3044
-3004
-2593
-2002
-1220
-597
-402
-491
-409
142
839
890
699
835
713
204
52
71
-325
-831
-940
-1743
-2524
-3152
-3261
-3484
-3371
-3949
-4366
-2947
-2039
-2546
-3736
-2216
-1344
-384
912
1729
568
61
2437
4434
5572
4915
4513
4049
5192
6373
6857
6227
4564
3749
3936
4416
3546
2512
1288
30
-585
-780
-1080
-1872
-2539
-2989
-3171
-3363
-3660
-3267
-2893
-2726
-2842
-2477
-2069
-1497
-737
-379
-145
-183
132
524
954
829
942
1008
544
140
-62
-206
-722
-729
-1273
-2162
-2921
-3337
-3453
-3448
-3324
-4351
-3779
-2611
-2094
-3270
-3031
-1581
-897
293
1280
1390
113
1272
3409
5223
5359
4563
4010
4393
5913
6634
6705
5254
3759
3471
4254
4222
2981
1791
437
-291
-580
-705
-1367
-2195
-2770
-2927
-2890
-3415
-3506
-3087
-2559
-2549
-2433
-2267
-1948
-1199
-445
-5
-2
-103
38
701
1049
1007
997
768
205
-120
-141
-405
-730
-955
-1737
-2532
-3186
-3513
-3629
-3278
-3543
-4550
-3704
-2459
-2293
-3615
-2551
-1292
-759
200
1330
1129
44
1863
3902
5349
4707
4210
3971
5056
6372
6696
6305
4577
3702
3986
4928
4056
2662
1487
491
34
-188
-437
-1437
-2173
-2620
-2623
-2888
-3488
-3296
-2826
-2500
-2797
-2605
-2366
-1724
-952
-451
-282
-465
-327
165
997
904
690
628
537
58
-91
-147
-583
-844
-1107
-1747
-2636
-3264
-3510
-3402
-3152
-3813
-4297
-3184
-2231
-2780
-3510
-2028
-1146
-621
462
1352
475
203
2489
4400
4988
4195
3999
4164
5597
6545
6472
5492
4094
3844
4489
4864
3489
2157
1114
407
73
-119
-751
-1802
-2278
-2467
-2547
-3007
-3371
-3046
-2572
-2445
-2616
-2332
-1923
-1283
-577
-242
-231
-337
8
649
1041
829
751
647
221
-91
-34
-310
-847
-950
-1451
-2261
-3007
-3355
-3532
-3419
-3559
-4558
-3787
-2535
-2334
-3579
-3010
-1716
-1172
49
1107
991
-307
1165
3279
4880
4630
4094
3914
4608
6122
6512
6199
4730
3958
4071
4766
4247
2861
1766
803
331
-128
-493
-1400
-2022
-2301
-2425
-2614
-3286
-3292
-2872
-2271
-2382
-2279
-2052
-1696
-1021
-320
49
-107
-8
224
886
1054
972
844
688
296
-10
-47
-430
-813
-1038
-1692
-2578
-3213
-3506
-3670
-3682
-3824
-4849
-3969
-2660
-2332
-3788
-3246
-1814
-1299
-48
1080
1082
-467
1124
3244
4953
4771
4363
4101
4652
6113
6533
6540
5105
4124
4080
4845
4303
3019
2148
1076
306
-246
-469
-1276
-1794
-2048
-2416
-2803
-3460
-3147
-2651
-2051
-2336
-2450
-2343
-1830
-797
-108
80
-381
-262
117
1091
1259
967
607
534
443
245
138
-450
-817
-1076
-1517
-2510
-3164
-3644
-3722
-3698
-3759
-4877
-4439
-2857
-2331
-3616
-3607
-2110
-1870
-553
961
1182
-700
343
2739
4624
5030
4506
4016
4205
5898
6673
6993
5608
4247
4037
4908
4703
3538
2646
1281
372
-65
-200
-997
-1493
-1896
-2478
-2915
-3432
-3142
-2639
-2092
-2446
-2739
-2655
-1993
-807
-119
-126
-644
-503
75
1181
1406
905
498
485
504
447
352
-291
-814
-994
-1300
-2251
-2972
-3566
-3620
-3596
-3706
-4817
-4310
-2776
-2476
-3645
-3546
-2117
-2028
-600
892
1007
-822
250
2673
4480
4972
4388
3942
4153
5866
6619
6988
5667
4298
4087
4870
4686
3582
2692
1312
355
-34
-225
-909
-1459
-1916
-2512
-2891
-3347
-3105
-2598
-2317
-2509
-2689
-2484
-1982
-876
-277
-275
-593
-431
192
1037
1279
796
656
521
349
393
351
-290
-910
-948
-1385
-2253
-2862
-3424
-3600
-3726
-3749
-4866
-4227
-2821
-2666
-3831
-3612
-2074
-2028
-585
712
821
-770
491
2802
4351
4802
4222
3992
4344
6046
6566
6807
5645
4437
4358
5014
4737
3582
2742
1463
560
214
-134
-887
-1513
-1842
-2390
-2728
-3226
-3124
-2665
-2498
-2519
-2541
-2286
-2017
-1018
-418
-294
-436
-192
329
972
1328
971
821
692
704
629
450
-243
-756
-913
-1205
-1934
-2703
-3358
-3740
-3953
-3889
-4394
-4941
-3860
-2907
-3314
-4311
-2963
-2163
-1457
-39
914
-51
-400
1991
3803
4902
4488
4174
4077
5525
6600
6796
6338
4852
4338
4794
5258
4180
3135
1994
870
441
171
-462
-1411
-1893
-2444
-2747
-2999
-3254
-3058
-2914
-2789
-2720
-2367
-2077
-1535
-821
-568
-382
-95
459
869
1172
1053
891
1002
1120
991
544
-62
-444
-562
-840
-1415
-2331
-3082
-3692
-3797
-4017
-4035
-4991
-4917
-3421
-2743
-3886
-4399
-2517
-1940
-803
485
905
-572
321
3059
4677
5198
4423
4261
4590
6413
6966
7043
6000
4666
4603
5232
5228
3848
2943
1601
710
346
-65
-909
-1814
-2299
-2971
-3004
-3335
-3593
-3458
-3161
-2901
-2853
-2297
-2122
-1440
-930
-443
-128
275
714
852
1156
953
1153
1244
1349
841
343
-141
-377
-404
-893
-1618
-2813
-3347
-3939
-3844
-4092
-4242
-5412
-4978
-3464
-2985
-4045
-4139
-2443
-2067
-638
529
873
-504
904
3243
4896
5246
4687
4547
5001
6656
7070
7219
5977
4925
4816
5380
5057
3910
2927
1438
595
228
-182
-1180
-2005
-2576
-3116
-3227
-3678
-3799
-3560
-3055
-2971
-2798
-2506
-2197
-1376
-617
-165
-96
298
667
1092
1320
1303
1304
1372
1392
1067
606
-25
-319
-419
-793
-1648
-2886
-3552
-3962
-3830
-4014
-4374
-5632
-5380
-3614
-2886
-4006
-4470
-2812
-2211
-735
694
950
-543
502
3242
5055
5550
4700
4432
4922
6736
7285
7308
6150
4869
4832
5465
5328
3915
2748
1319
562
285
-265
-1287
-2196
-2641
-3179
-3390
-3809
-3898
-3401
-3006
-2966
-3088
-2745
-2242
-1084
-293
-195
-273
80
821
1409
1758
1451
1338
1431
1521
1311
785
72
-442
-472
-747
-1684
-2917
-3690
-3979
-3904
-4082
-4752
-5919
-5088
-3598
-3258
-4610
-4324
-2892
-2074
-398
749
560
-770
1182
3719
5503
5354
4605
4477
5526
7242
7459
7342
5891
5009
5078
5754
5125
3662
2439
1148
612
128
-534
-1632
-2320
-2851
-3277
-3473
-3954
-3898
-3464
-3002
-3170
-3158
-2757
-1987
-889
-351
-245
-227
333
1032
1682
1872
1548
1440
1593
1723
1320
676
-10
-321
-381
-800
-1864
-3134
-3793
-4090
-4060
-4304
-5061
-6294
-5266
-3670
-3581
-4935
-4375
-3034
-2355
-539
757
407
-767
1365
3799
5398
5318
4873
4846
5894
7360
7615
7503
6160
5340
5451
5879
4993
3705
2696
1403
632
43
-706
-1707
-2350
-2877
-3369
-3562
-4081
-4007
-3609
-3234
-3404
-3192
-2607
-1914
-985
-506
-276
-84
703
1422
1891
1892
1746
1758
1946
2036
1613
815
50
-125
-134
-675
-1842
-3204
-3868
-4202
-4282
-4675
-5215
-6467
-6345
-4409
-3547
-4698
-5423
-3632
-2786
-1397
299
980
-364
271
3181
5151
5943
5456
5439
5708
7216
7847
8054
7316
5954
5547
5822
5623
4220
3322
2035
746
-94
-661
-1453
-2378
-2949
-3512
-3764
-4247
-4448
-4041
-3641
-3655
-3515
-2785
-2162
-1488
-772
-262
78
601
1466
2067
2153
1953
2031
2272
2263
1981
1339
580
39
-65
-604
-1481
-2847
-3701
-4241
-4614
-5054
-5535
-6182
-6961
-5320
-4103
-4523
-6009
-4550
-3039
-2089
-267
811
270
-381
2415
4781
6380
6033
5697
5762
6937
8148
8408
8306
6625
5738
5794
6110
4938
3746
2550
935
-110
-759
-1294
-2273
-3049
-3660
-3969
-4415
-4950
-4502
-3812
-3663
-3679
-3125
-2456
-1810
-784
-75
356
632
1300
2102
2549
2440
2205
2355
2347
2240
1789
1006
85
-319
-730
-1366
-2391
-3622
-4455
-5122
-5399
-5832
-6004
-7130
-6364
-4854
-4513
-5827
-5255
-3212
-2463
-713
621
877
-262
1889
4548
6358
6480
5902
5924
6642
8298
8639
8711
7082
5889
5806
6259
5435
3901
2675
956
-128
-773
-1237
-2254
-3174
-3865
-4297
-4617
-4976
-4509
-3843
-3757
-3844
-3265
-2470
-1530
-428
200
336
788
1635
2659
3241
2902
2416
2507
2847
2811
2522
1493
189
-459
-477
-1013
-1990
-3460
-4707
-5410
-5801
-6132
-6386
-6893
-7857
-6407
-4915
-5043
-6268
-4624
-2801
-1938
-223
1001
896
432
3242
5506
6901
6504
6202
6373
7499
8874
8863
8395
6610
5867
5857
5989
4718
3102
1663
77
-678
-1232
-1831
-3106
-3994
-4458
-4637
-4888
-4917
-4164
-3836
-3853
-3603
-2616
-1659
-627
267
690
963
1538
2577
3586
3719
3032
2801
3010
3090
3010
2425
1034
-295
-600
-884
-1669
-2820
-4430
-5487
-6182
-6386
-6877
-6814
-7728
-8002
-6224
-4886
-5466
-6095
-3758
-2474
-1181
434
1712
1030
1556
4399
6421
7415
6795
6684
6907
8410
9052
8898
7959
6349
5711
5753
5459
3718
2307
967
-372
-1228
-1898
-2656
-3745
-4260
-4569
-4722
-5040
-4910
-4027
-3611
-3434
-3189
-2101
-1162
-134
661
1117
1443
1880
2972
3698
3687
3001
2924
2856
2763
2558
1769
416
-749
-1102
-1683
-2482
-3718
-5105
-6068
-6608
-6869
-7094
-7095
-7857
-7702
-5822
-4707
-5214
-5222
-3025
-1772
-478
1283
2323
1813
2507
5192
7012
7750
7214
7024
7309
8478
8957
8586
7565
5959
5244
5199
4729
3097
1673
306
-1106
-1777
-2240
-2969
-4024
-4387
-4524
-4551
-4589
-4419
-3652
-3207
-2671
-2184
-1129
-547
174
1126
1844
2252
2431
3125
3435
3487
3103
2914
2497
2033
1603
922
-185
-1399
-2107
-2704
-3435
-4515
-5684
-6455
-7151
-7250
-7281
-7139
-7929
-7118
-5166
-4351
-4867
-4398
-2152
-1379
482
2177
3082
1940
3082
5706
7491
7929
7130
6960
6886
8119
8420
8375
6839
5064
4424
4600
4119
2434
1149
-385
-1562
-2054
-2258
-3028
-3987
-4226
-4220
-4005
-4060
-3769
-2936
-2314
-1904
-1431
-482
27
827
1825
2444
2380
2438
3060
3548
3523
2895
2378
1701
1359
1104
613
-808
-2305
-3009
-3380
-3789
-4743
-5863
-6795
-7335
-7411
-7193
-6770
-7325
-7169
-4986
-3572
-3979
-4207
-1844
-648
695
2613
3603
2577
2750
5634
7472
8131
7034
6507
6442
7573
8091
7910
6795
4595
3812
4184
4069
2317
953
-287
-1431
-1863
-2081
-2720
-3590
-3837
-3771
-3468
-3439
-3368
-2553
-1831
-1451
-1082
-352
201
971
1919
2309
2166
2071
2579
3189
3163
2292
1615
1073
641
479
121
-1248
-2858
-3474
-3699
-4047
-4706
-5720
-6667
-7113
-7133
-6855
-6342
-6262
-6807
-5277
-3291
-2740
-3437
-2047
-309
431
2201
3656
3542
2519
4476
6424
7434
7034
6387
5949
6360
7420
7313
6750
4920
3744
3629
3907
2844
1451
545
-616
-1284
-1543
-1873
-2657
-2975
-2859
-2732
-2656
-2921
-2415
-1435
-816
-751
-554
-34
490
1579
2171
2055
1493
1503
2183
2705
2283
1133
518
20
-170
-255
-834
-2370
-3547
-3760
-3987
-4385
-5019
-5841
-6636
-6791
-6619
-6253
-6004
-5994
-6083
-4255
-2586
-2353
-2988
-1551
98
934
2559
3587
3258
2370
4430
6113
7057
6514
5978
5595
6176
7121
6845
6305
4703
3849
3620
3846
2830
1722
911
-138
-797
-1129
-1397
-1983
-2105
-2113
-2210
-2304
-2404
-1777
-975
-586
-760
-700
-224
442
1345
1492
1201
710
852
1434
1907
1424
298
-278
-581
-569
-593
-1093
-2561
-3604
-3760
-3722
-3943
-4511
-5418
-6244
-6242
-5969
-5523
-5444
-5527
-5918
-4213
-2139
-1780
-2810
-2062
-119
623
2208
3418
3241
1791
3377
5594
6806
6522
5754
5485
5886
7003
6950
6823
5448
4221
3991
4412
3654
2337
1691
696
-163
-694
-875
-1354
-1709
-1915
-2046
-2150
-2502
-2107
-1271
-893
-1254
-1338
-952
-318
441
676
446
25
-41
541
1274
946
-102
-629
-731
-833
-728
-959
-2167
-3332
-3652
-3521
-3561
-4047
-4889
-5730
-5829
-5693
-5226
-4983
-4980
-5452
-4808
-2468
-1378
-1962
-2453
-515
365
1507
3215
3836
2407
2332
4920
6428
7051
6268
5832
5556
6614
7219
7243
6511
4730
4032
4333
4418
3139
2201
1256
85
-438
-569
-890
-1607
-2038
-2285
-2420
-2507
-2584
-2087
-1849
-1764
-1838
-1583
-1250
-691
-119
-131
-129
-284
77
508
746
214
-201
-342
-645
-614
-685
-1288
-2401
-2865
-3130
-3305
-3581
-4129
-4928
-5420
-5415
-5331
-4973
-4925
-5113
-5310
-3608
-2000
-1779
-2604
-1688
-277
590
2320
3505
3146
2054
3778
5766
7161
7018
6413
5885
6328
7427
7745
7609
6014
4757
4478
4890
4231
3154
2120
812
-61
-495
-759
-1447
-2055
-2609
-2937
-3119
-3314
-3083
-2763
-2528
-2588
-2478
-2299
-1747
-911
-485
-434
-524
-381
-2
730
879
466
4
-255
-349
-156
-241
-1132
-2098
-2696
-2913
-3015
-3243
-3907
-4902
-5350
-5356
-5049
-4858
-4884
-5247
-5259
-3306
-1831
-1911
-2889
-1518
-177
942
2762
3752
2950
2152
4562
6548
7783
7220
6594
6116
6998
8137
8246
7738
5842
4764
4729
5153
4114
2896
1686
299
-523
-893
-1311
-2196
-2862
-3432
-3715
-3794
-3940
-3647
-3246
-3082
-3205
-2899
-2300
-1648
-916
-645
-592
-604
-196
448
1034
909
306
91
-8
-31
-27
-305
-1337
-2282
-2680
-2821
-2918
-3376
-4036
-4955
-5257
-5309
-4848
-4524
-4599
-5110
-4933
-2755
-1354
-1420
-2209
-770
314
1538
3499
4541
3521
2810
5155
7026
8106
7521
6946
6370
7186
8113
8172
7396
5509
4458
4438
4588
3419
2203
912
-436
-1214
-1548
-2097
-2979
-3635
-4022
-4193
-4331
-4559
-4051
-3471
-3341
-3431
-3030
-2415
-1765
-794
-507
-596
-724
-172
588
1202
1037
311
27
-48
86
159
-175
-1363
-2382
-2591
-2550
-2599
-3121
-3862
-4715
-4987
-4700
-4253
-3930
-4225
-4589
-4457
-2264
-658
-737
-1597
-535
873
1878
3882
4804
4000
2996
5055
6951
7954
7534
6786
6325
6848
7819
7673
7034
5213
4068
3927
4021
2985
1638
447
-937
-1621
-1905
-2469
-3422
-4024
-4194
-4349
-4471
-4754
-4307
-3693
-3337
-3281
-3068
-2602
-1955
-827
-407
-396
-567
-172
505
1307
1390
746
273
83
342
577
311
-846
-1853
-2138
-2192
-2191
-2615
-3385
-4235
-4581
-4313
-4077
-3832
-4202
-4299
-4297
-2695
-1039
-804
-1540
-1106
677
1473
3100
4149
4016
2900
4257
6341
7276
7295
6629
6352
6425
7417
7337
6913
5549
4232
3819
3859
3146
1680
660
-630
-1532
-1966
-2470
-3375
-3980
-4121
-4321
-4466
-4773
-4596
-3979
-3459
-3271
-3170
-2840
-2402
-1329
-530
-300
-382
-227
284
1101
1704
1382
927
485
521
798
922
153
-986
-1590
-1980
-2028
-2164
-2579
-3454
-4260
-4439
-4199
-3749
-3840
-4014
-4130
-3700
-1906
-819
-846
-1411
-10
1077
2157
3765
4330
3646
3352
5507
6659
7424
6978
6476
6096
6680
7186
6682
6064
4543
3718
3411
3179
1832
640
-359
-1525
-2102
-2659
-3343
-4032
-4182
-4406
-4588
-4724
-4795
-4254
-3709
-3360
-3336
-2965
-2583
-1737
-769
-373
-295
-212
252
944
1794
1684
1236
867
808
935
1103
683
-417
-1216
-1623
-1744
-1849
-2244
-2954
-3739
-4135
-4019
-3640
-3426
-3760
-3794
-3891
-2352
-894
-485
-1245
-526
940
1556
3233
4177
4005
2838
4482
6011
6922
6881
6224
5746
5787
6681
6318
6057
4629
3458
2969
3012
2057
696
-161
-1404
-2037
-2452
-2986
-3811
-4074
-4211
-4369
-4296
-4492
-4309
-3836
-3251
-3029
-2731
-2425
-1964
-940
-287
73
126
355
752
1637
2040
1718
1323
999
955
1153
1093
194
-730
-1236
-1520
-1624
-1877
-2523
-3266
-3849
-3850
-3667
-3358
-3707
-3763
-3864
-3271
-1690
-742
-998
-1535
-77
777
1945
3093
3635
2668
2742
4594
5739
6438
5925
5455
4956
5805
6248
6046
5209
3763
3006
2948
2829
1688
684
-470
-1486
-1820
-2102
-2822
-3469
-3604
-3790
-3932
-4045
-4152
-3721
-3264
-2916
-2795
-2485
-2208
-1408
-370
55
151
166
635
1317
2120
2079
1751
1352
1118
1312
1582
1156
47
-532
-892
-1114
-1341
-1699
-2449
-3240
-3639
-3568
-3433
-3508
-3864
-3812
-3938
-3350
-1838
-1011
-1464
-1911
-459
348
1506
2528
3076
2126
2310
4065
5307
6036
5432
5083
4715
5662
5937
5815
4979
3684
3047
2981
2794
1613
647
-431
-1199
-1612
-2078
-2835
-3350
-3415
-3592
-3797
-4088
-4218
-3729
-3111
-2687
-2665
-2603
-2239
-1236
-118
322
364
251
710
1585
2403
2328
1903
1439
1183
1553
1779
1311
186
-371
-804
-956
-1181
-1665
-2415
-3180
-3466
-3538
-3425
-3652
-3875
-3812
-3929
-3415
-2035
-1261
-1682
-1840
-514
153
1153
2344
2985
2202
2421
3925
5053
5828
5479
5238
4913
5566
5629
5660
5130
3965
3181
2921
2590
1455
682
-229
-1089
-1785
-2304
-2898
-3400
-3520
-3756
-3941
-4297
-4346
-3895
-3184
-2680
-2674
-2574
-2186
-1182
-169
591
695
532
842
1751
2557
2633
2376
1746
1384
1610
1915
1544
618
-164
-841
-1082
-1307
-1677
-2364
-3150
-3751
-3937
-3773
-3875
-4014
-4061
-4268
-4038
-2584
-1583
-1817
-2126
-1006
-236
765
2277
3026
2334
2245
3809
5132
6107
5840
5440
5091
5637
5877
6017
5698
4352
3361
3061
2846
1817
1055
54
-1043
-1808
-2240
-2800
-3322
-3592
-3968
-4193
-4410
-4416
-3960
-3260
-2890
-2845
-2602
-2060
-1103
-71
579
687
734
1180
2044
2791
2895
2624
2135
1818
1945
2199
1841
927
79
-611
-1072
-1377
-1662
-2425
-3304
-4066
-4309
-4324
-4253
-4419
-4680
-5021
-4846
-3264
-2169
-2188
-2774
-1721
-844
370
2055
2920
2166
1840
3690
5265
6353
6046
5606
5173
5834
6395
6477
6066
4624
3624
3391
3258
2173
1194
204
-949
-1687
-2135
-2778
-3473
-3761
-3993
-4261
-4434
-4575
-4006
-3296
-2812
-2717
-2408
-1806
-878
293
849
1053
1109
1706
2447
3168
3201
2883
2570
2230
2220
2183
1797
852
75
-695
-1282
-1760
-2174
-2967
-3760
-4404
-4892
-4971
-4952
-4891
-5257
-5300
-5426
-3955
-2569
-2016
-2546
-1956
-752
197
2152
3234
3117
2158
3710
5288
6644
6728
6180
5609
5741
6628
6561
6419
4935
3731
3180
3151
2188
1035
115
-1189
-1995
-2423
-2886
-3770
-4181
-4339
-4405
-4362
-4576
-4282
-3461
-2688
-2368
-1972
-1436
-754
392
1312
1752
1781
2055
2574
3329
3621
3320
2969
2483
2131
1965
1755
873
-73
-845
-1583
-2199
-2761
-3303
-4120
-4661
-5254
-5560
-5563
-5457
-5370
-5365
-5221
-5033
-3489
-2093
-1583
-1844
-1000
169
1260
3027
3981
3778
3247
4629
6019
7046
6991
6468
5884
5891
6367
6242
5833
4410
3254
2552
2149
1273
318
-602
-1830
-2581
-3043
-3465
-4045
-4254
-4240
-4242
-4260
-4310
-3581
-2724
-2060
-1748
-1221
-731
-39
1070
1862
2201
2118
2371
2816
3432
3426
3156
2720
2114
1608
1426
1170
281
-651
-1510
-2235
-2856
-3266
-3738
-4413
-5112
-5729
-5799
-5485
-5226
-5204
-5242
-5195
-4707
-2900
-1405
-1106
-1526
-707
483
1882
3563
4338
3840
3315
4624
6107
7167
6853
6124
5453
5587
5934
5903
5378
3929
2732
2098
1765
952
120
-807
-1878
-2632
-3074
-3449
-3774
-3801
-3743
-3750
-3869
-3839
-3094
-2052
-1244
-1021
-862
-557
302
1467
2343
2532
2143
2054
2547
3350
3465
3067
2254
1463
1075
1088
937
17
-1132
-2155
-2702
-3083
-3454
-3918
-4642
-5376
-5789
-5741
-5376
-5102
-4940
-5044
-4777
-4422
-3054
-1256
-429
-780
-652
816
1785
3378
4514
4618
3496
4069
5605
6622
6935
6161
5403
4852
5393
5311
5156
4084
2621
1724
1460
999
66
-580
-1601
-2476
-2927
-3138
-3409
-3488
-3442
-3426
-3338
-3277
-2961
-1956
-1068
-662
-568
-227
261
1156
2131
2495
2280
1876
2100
2688
3146
2755
2064
1316
721
506
418
-76
-1245
-2225
-2876
-3227
-3654
-4079
-4481
-5022
-5406
-5588
-5402
-5046
-4672
-4431
-4314
-3872
-3419
-1984
-431
304
-42
409
1626
2584
4036
4857
4673
3757
4590
5649
6518
6538
5747
4847
4542
4964
4710
4470
3255
2011
1255
1088
498
-282
-896
-1870
-2459
-2762
-2901
-3195
-3158
-3078
-2986
-2765
-2697
-2302
-1565
-698
-343
-165
43
508
1235
1859
2211
2026
1730
1699
2169
2377
2098
1482
725
110
-189
-313
-789
-1554
-2504
-3223
-3625
-3842
-4012
-4212
-4600
-5117
-5219
-4934
-4346
-3996
-3725
-3673
-3272
-2741
-1440
77
726
489
608
1793
2680
3965
4673
4635
3785
4109
5108
5879
6116
5345
4504
3922
4223
4179
4013
3101
1807
981
660
404
-164
-611
-1456
-2272
-2590
-2584
-2572
-2606
-2495
-2558
-2439
-2248
-1768
-1061
-442
-79
-40
238
629
1346
1845
2094
1905
1617
1561
1813
2064
1754
1230
420
-196
-538
-678
-1110
-1828
-2602
-3367
-3756
-3943
-4040
-4208
-4507
-4907
-5007
-4648
-4195
-3762
-3479
-3331
-3074
-2468
-1588
-115
892
935
667
1515
2527
3386
4428
4766
4089
3489
4403
5243
5744
5320
4524
3664
3572
3806
3777
3365
2105
1002
517
517
133
-257
-865
-1758
-2305
-2273
-2155
-2182
-2118
-2136
-2137
-1887
-1614
-985
-428
-68
-23
191
461
813
1441
1687
1646
1256
1170
1130
1411
1319
845
280
-400
-814
-1079
-1242
-1812
-2377
-3006
-3525
-3719
-3790
-3876
-3987
-4119
-4400
-4289
-3823
-3257
-2875
-2616
-2559
-2189
-1506
-555
813
1523
1343
1032
2034
2887
3743
4441
4451
3526
3233
4202
4844
5164
4483
3665
2892
3122
3260
3232
2631
1405
514
327
413
-5
-357
-1018
-1695
-1983
-1794
-1784
-1812
-1733
-1643
-1561
-1375
-1170
-665
-223
113
165
156
196
512
1036
1187
1097
600
341
329
698
555
129
-471
-1073
-1349
-1401
-1464
-1910
-2347
-2925
-3167
-3144
-3040
-3059
-3096
-3182
-3357
-3044
-2601
-2077
-1765
-1594
-1560
-1214
-548
78
1174
1628
1449
1048
1756
2453
3038
3527
3280
2654
2314
3074
3557
3973
3422
2664
2177
2387
2715
2668
2331
1311
716
577
742
525
178
-377
-1006
-1143
-1073
-1014
-1106
-1188
-1291
-1272
-1120
-1050
-754
-464
-321
-421
-485
-333
-132
223
300
168
-212
-309
-72
179
105
-302
-623
-963
-979
-971
-1046
-1397
-1746
-1993
-2098
-2089
-2139
-2118
-2190
-2241
-2321
-2147
-1974
-1676
-1342
-1218
-1228
-1107
-650
-299
552
1147
1126
617
914
1620
2095
2631
2676
2306
1758
2331
2982
3535
3360
2806
2336
2399
2842
2858
2772
2062
1365
975
1138
975
585
140
-503
-1002
-1183
-1160
-1309
-1416
-1651
-1857
-1958
-1863
-1674
-1271
-1025
-1127
-1316
-1180
-764
-299
67
31
-251
-435
-44
503
723
451
72
-204
-223
0
13
-298
-739
-1053
-1238
-1240
-1303
-1503
-1664
-1811
-1988
-2098
-1972
-1901
-1683
-1534
-1560
-1715
-1497
-1098
-591
290
603
312
22
789
1433
2057
2509
2476
1938
1915
2826
3462
3823
3398
2898
2552
2915
3139
3078
2692
1862
1189
994
1019
641
206
-368
-1047
-1467
-1601
-1683
-1815
-1931
-2153
-2358
-2335
-2180
-1733
-1373
-1147
-1226
-1132
-889
-333
218
456
421
239
373
723
1239
1221
1023
676
448
399
526
362
-101
-428
-769
-1061
-1244
-1372
-1634
-1832
-2009
-2245
-2365
-2324
-2288
-2081
-1941
-1993
-2140
-1848
-1487
-958
-206
153
-13
-110
582
1200
1882
2305
2389
2029
2089
2736
3319
3679
3345
2919
2557
2729
2808
2801
2439
1696
1072
728
638
376
87
-516
-1091
-1464
-1619
-1652
-1658
-1747
-1954
-2047
-2016
-1815
-1301
-925
-793
-774
-515
-212
243
763
930
879
773
1035
1292
1562
1442
1242
981
756
653
503
232
-276
-541
-852
-1217
-1611
-1864
-2049
-2235
-2341
-2576
-2755
-2828
-2701
-2409
-2208
-2240
-2375
-2111
-1707
-1221
-465
44
8
-165
478
1195
1803
2308
2523
2259
2051
2625
3159
3609
3357
2931
2457
2451
2556
2586
2454
1671
922
460
495
291
79
-414
-1062
-1490
-1601
-1495
-1503
-1502
-1726
-1821
-1756
-1498
-1096
-704
-389
-321
-187
41
522
976
1259
1313
1199
1153
1310
1632
1709
1507
1128
714
471
369
189
-195
-643
-1112
-1589
-1820
-1985
-2177
-2483
-2653
-2848
-2989
-2952
-2790
-2609
-2455
-2373
-2362
-2205
-1813
-1460
-779
-85
97
-117
201
1030
1554
2158
2432
2284
1813
2251
2911
3315
3261
2782
2376
2207
2493
2489
2429
1803
1050
642
648
565
209
-109
-691
-1097
-1244
-1170
-1182
-1243
-1292
-1371
-1235
-1148
-858
-486
-103
90
186
303
473
944
1309
1529
1398
1205
1090
1345
1601
1482
1116
568
144
-27
-6
-290
-779
-1312
-1761
-2027
-2096
-2238
-2519
-2809
-2951
-2992
-2919
-2805
-2724
-2587
-2415
-2267
-2186
-1945
-1623
-1278
-597
0
102
-106
359
1058
1539
1968
2126
1854
1554
2146
2711
3058
2817
2413
2091
2205
2494
2464
2299
1641
1109
921
1090
894
539
142
-325
-554
-559
-507
-650
-727
-794
-762
-666
-586
-412
-70
217
259
251
315
512
865
1190
1187
901
647
722
993
1111
830
319
-165
-372
-330
-383
-745
-1260
-1668
-1891
-1951
-2040
-2248
-2525
-2686
-2712
-2626
-2572
-2515
-2481
-2342
-2160
-2062
-1979
-1791
-1491
-1234
-623
-116
-30
-177
241
804
1187
1633
1843
1661
1442
1916
2496
2940
2883
2543
2268
2371
2664
2769
2676
2119
1560
1370
1510
1436
1117
660
135
-152
-197
-188
-369
-578
-787
-849
-830
-792
-697
-454
-297
-344
-355
-230
15
266
527
513
328
179
393
672
742
517
174
-94
-204
-105
-200
-509
-962
-1220
-1386
-1491
-1681
-1946
-2189
-2356
-2371
-2430
-2481
-2576
-2535
-2411
-2267
-2294
-2306
-2096
-1836
-1552
-1015
-457
-426
-466
8
653
1056
1548
1930
1860
1748
2183
2844
3280
3343
3086
2862
2910
3126
3218
3129
2616
1982
1698
1729
1573
1204
761
191
-285
-450
-495
-697
-974
-1201
-1324
-1353
-1341
-1209
-891
-737
-770
-762
-472
-219
120
408
484
325
303
604
898
1029
780
540
309
294
269
203
-157
-667
-983
-1135
-1266
-1614
-1926
-2270
-2459
-2575
-2639
-2780
-2930
-2912
-2820
-2640
-2636
-2593
-2434
-2069
-1740
-1289
-694
-421
-311
23
767
1238
1739
2180
2372
2296
2550
3122
3519
3708
3495
3240
3113
3270
3239
3079
2679
2055
1582
1429
1286
888
420
-91
-582
-849
-976
-1122
-1333
-1500
-1597
-1620
-1531
-1399
-1039
-785
-675
-656
-393
-58
303
676
808
767
697
959
1241
1402
1224
941
704
537
490
365
44
-522
-930
-1176
-1417
-1722
-2103
-2436
-2736
-2880
-3036
-3154
-3243
-3237
-3104
-2992
-2836
-2773
-2488
-2138
-1687
-1338
-810
-262
63
326
785
1435
1863
2364
2691
2786
2731
3052
3489
3772
3725
3373
3106
3030
3042
2888
2649
2096
1466
1129
1000
733
311
-146
-648
-1001
-1141
-1231
-1356
-1487
-1578
-1595
-1514
-1380
-1143
-798
-564
-472
-380
-122
247
617
905
961
883
856
1086
1323
1335
1085
748
459
283
241
22
-412
-927
-1276
-1554
-1791
-2094
-2426
-2696
-2879
-3035
-3148
-3204
-3211
-3048
-2844
-2665
-2591
-2377
-2051
-1567
-1162
-750
-225
236
503
750
1350
1829
2235
2572
2818
2716
2782
3184
3515
3599
3338
3027
2806
2812
2734
2567
2190
1563
1080
917
763
377
-19
-431
-852
-1063
-1114
-1177
-1324
-1391
-1387
-1299
-1210
-1092
-760
-404
-211
-169
-5
272
625
981
1180
1119
934
974
1201
1357
1194
823
440
146
25
-90
-396
-932
-1403
-1711
-1941
-2168
-2476
-2738
-2958
-3057
-3175
-3181
-3192
-3105
-2875
-2645
-2452
-2374
-2062
-1717
-1195
-878
-399
80
467
661
986
1574
1899
2287
2514
2672
2494
2728
3076
3296
3210
2901
2657
2510
2553
2402
2216
1721
1166
853
776
543
148
-142
-496
-799
-911
-907
-987
-1065
-1024
-959
-857
-790
-604
-196
127
218
243
470
726
1043
1319
1384
1202
1020
1137
1280
1274
943
577
199
-59
-218
-415
-807
-1355
-1741
-2041
-2253
-2507
-2732
-2949
-3107
-3217
-3263
-3203
-3143
-3000
-2791
-2586
-2421
-2248
-1897
-1511
-1096
-772
-249
231
508
706
1083
1566
1858
2242
2398
2419
2337
2658
2942
3048
2917
2596
2392
2347
2430
2266
2008
1477
1034
856
813
608
280
-20
-357
-533
-521
-511
-603
-676
-644
-579
-462
-375
-180
102
267
310
399
608
793
1041
1164
1111
895
823
897
966
819
509
163
-149
-343
-497
-715
-1150
-1571
-1931
-2153
-2384
-2570
-2778
-2933
-3083
-3173
-3142
-3062
-2966
-2833
-2617
-2462
-2291
-2073
-1725
-1366
-990
-668
-141
293
534
727
1134
1547
1841
2197
2336
2341
2337
2692
2906
2979
2850
2602
2424
2427
2506
2352
2080
1577
1217
1073
1025
819
512
181
-156
-285
-264
-292
-410
-510
-516
-452
-326
-261
-96
79
161
222
330
484
622
888
932
821
604
563
592
627
513
172
-174
-485
-602
-751
-974
-1405
-1777
-2071
-2274
-2446
-2627
-2802
-2956
-3061
-3112
-3049
-2939
-2812
-2630
-2406
-2248
-2068
-1828
-1475
-1121
-754
-492
-62
369
641
854
1187
1554
1766
2115
2314
2375
2351
2608
2791
2835
2802
2632
2484
2391
2448
2323
2129
1735
1426
1253
1129
918
636
374
47
-125
-194
-252
-379
-462
-475
-451
-398
-360
-224
-70
10
69
129
224
339
573
648
569
380
283
294
337
288
-2
-313
-619
-751
-870
-1045
-1378
-1721
-1977
-2176
-2271
-2407
-2551
-2701
-2803
-2847
-2790
-2625
-2495
-2306
-2142
-1971
-1806
-1551
-1234
-925
-607
-414
-89
303
683
882
1131
1402
1619
1906
2202
2376
2338
2441
2580
2694
2710
2654
2494
2341
2297
2223
2121
1884
1613
1345
1186
973
724
506
273
4
-202
-300
-408
-483
-505
-493
-536
-537
-472
-311
-176
-81
-80
-57
1
126
283
343
235
32
-13
23
55
-55
-252
-551
-802
-904
-988
-1152
-1424
-1694
-1932
-2051
-2115
-2199
-2308
-2435
-2511
-2520
-2407
-2271
-2117
-1984
-1850
-1722
-1516
-1261
-996
-737
-521
-312
-17
417
727
937
1122
1408
1653
1985
2270
2378
2367
2453
2671
2804
2842
2695
2549
2415
2383
2340
2237
1972
1631
1402
1228
1034
787
521
208
-91
-284
-429
-521
-615
-669
-706
-737
-725
-651
-440
-332
-268
-306
-277
-224
-51
114
112
2
-148
-102
-34
42
-101
-294
-530
-681
-727
-816
-1012
-1337
-1536
-1714
-1793
-1910
-2046
-2215
-2297
-2271
-2266
-2217
-2197
-2090
-1986
-1793
-1648
-1481
-1329
-1139
-872
-605
-355
-106
272
540
772
1001
1353
1601
1871
2113
2267
2314
2408
2638
2776
2791
2643
2548
2437
2401
2328
2235
1959
1622
1372
1209
1026
757
480
159
-118
-339
-472
-559
-636
-725
-785
-785
-746
-660
-474
-342
-315
-358
-306
-196
-34
103
120
32
-66
-6
93
155
35
-153
-352
-463
-519
-605
-785
-1077
-1320
-1503
-1593
-1716
-1864
-2018
-2118
-2165
-2178
-2129
-2088
-2019
-1943
-1815
-1696
-1537
-1343
-1135
-899
-695
-470
-235
129
419
665
867
1131
1382
1639
1919
2069
2166
2207
2384
2482
2549
2488
2398
2287
2179
2120
1985
1828
1547
1330
1101
915
711
498
282
26
-154
-329
-400
-467
-510
-576
-623
-612
-577
-435
-349
-305
-336
-304
-229
-115
14
22
-24
-105
-75
-42
-1
-69
-229
-402
-536
-598
-695
-821
-1061
-1292
-1486
-1593
-1666
-1743
-1843
-1962
-2014
-1997
-1900
-1808
-1710
-1646
-1571
-1452
-1257
-1020
-828
-661
-499
-287
-48
254
538
754
912
1090
1339
1569
1771
1888
1968
2004
2055
2132
2176
2162
2042
1950
1855
1781
1687
1582
1434
1208
1032
871
782
634
490
298
130
34
-24
-28
-112
-181
-289
-276
-231
-163
-160
-214
-237
-244
-157
-122
-106
-195
-258
-298
-306
-324
-427
-569
-743
-832
-929
-1016
-1152
-1287
-1412
-1494
-1526
-1576
-1617
-1680
-1682
-1673
-1642
-1642
-1642
-1589
-1512
-1406
-1339
-1240
-1143
-983
-788
-565
-381
-257
-74
150
432
633
807
912
1046
1224
1409
1584
1655
1684
1679
1792
1892
1928
1873
1804
1730
1648
1649
1588
1468
1268
1139
1040
963
878
735
614
478
409
340
335
269
172
116
102
108
79
109
68
29
-17
-10
-29
-78
-143
-252
-323
-410
-461
-551
-634
-765
-867
-927
-995
-1091
-1202
-1288
-1398
-1476
-1541
-1627
-1727
-1788
-1818
-1827
-1824
-1819
-1804
-1723
-1614
-1490
-1376
-1246
-1105
-921
-692
-491
-302
-144
48
258
517
721
861
1005
1153
1321
1459
1610
1661
1680
1701
1766
1805
1782
1737
1653
1596
1518
1468
1390
1298
1159
1053
983
902
804
718
665
566
504
456
448
401
374
337
302
260
230
230
190
125
26
-13
-59
-95
-163
-243
-365
-479
-543
-611
-723
-889
-1041
-1183
-1287
-1395
-1508
-1642
-1772
-1874
-1913
-1928
-1954
-1999
-2001
-1967
-1907
-1820
-1715
-1610
-1510
-1359
-1196
-995
-815
-615
-432
-220
-15
180
399
593
781
916
1100
1236
1374
1482
1588
1655
1685
1743
1760
1792
1768
1757
1709
1670
1617
1555
1501
1410
1338
1246
1184
1093
1022
958
888
821
736
684
616
571
513
451
368
281
233
181
136
46
-50
-160
-245
-305
-385
-497
-653
-793
-904
-982
-1079
-1203
-1346
-1484
-1580
-1633
-1681
-1759
-1856
-1922
-1954
-1939
-1913
-1899
-1887
-1872
-1793
-1706
-1569
-1469
-1349
-1241
-1099
-931
-771
-567
-418
-225
-84
125
292
489
668
814
970
1070
1235
1327
1482
1557
1645
1695
1745
1810
1840
1903
1870
1875
1816
1807
1765
1730
1680
1583
1508
1395
1344
1255
1195
1083
974
859
748
680
586
499
357
239
115
27
-50
-150
-272
-426
-545
-654
-732
-839
-965
-1110
-1247
-1344
-1427
-1496
-1601
-1704
-1799
-1860
-1890
-1912
-1931
-1967
-1972
-1968
-1918
-1850
-1769
-1691
-1616
-1503
-1395
-1229
-1068
-890
-740
-586
-412
-224
3
198
385
510
666
827
1016
1186
1301
1381
1435
1548
1650
1763
1790
1777
1742
1749
1784
1777
1729
1607
1512
1441
1426
1373
1276
1136
1013
956
914
862
741
615
502
461
435
375
266
148
80
49
35
-41
-159
-286
-356
-391
-438
-538
-692
-820
-905
-943
-1010
-1121
-1278
-1397
-1459
-1491
-1543
-1643
-1746
-1824
-1824
-1804
-1797
-1823
-1833
-1803
-1717
-1605
-1518
-1439
-1354
-1216
-1055
-877
-725
-580
-423
-237
-33
151
327
480
646
819
992
1136
1259
1364
1464
1568
1656
1721
1746
1769
1784
1808
1820
1806
1764
1708
1664
1627
1590
1519
1423
1320
1238
1174
1109
1022
900
782
692
632
562
464
334
202
105
32
-44
-161
-303
-442
-546
-625
-711
-831
-976
-1111
-1205
-1273
-1347
-1452
-1571
-1670
-1732
-1759
-1790
-1839
-1900
-1938
-1929
-1878
-1823
-1788
-1763
-1713
-1617
-1483
-1343
-1227
-1126
-1004
-833
-627
-422
-246
-96
66
273
502
714
878
1007
1139
1303
1480
1622
1704
1751
1803
1879
1954
1983
1952
1893
1849
1822
1779
1688
1554
1414
1306
1219
1111
967
807
674
580
503
407
283
169
97
65
31
-37
-119
-179
-194
-190
-211
-272
-345
-388
-394
-403
-456
-548
-640
-696
-727
-775
-868
-992
-1095
-1159
-1207
-1277
-1374
-1472
-1537
-1560
-1577
-1611
-1645
-1657
-1626
-1569
-1510
-1459
-1394
-1293
-1161
-1024
-896
-769
-619
-440
-253
-79
79
236
411
595
767
910
1033
1157
1282
1395
1484
1545
1592
1634
1669
1687
1685
1667
1644
1616
1573
1514
1447
1377
1308
1232
1136
1033
935
848
763
671
563
455
364
284
211
119
18
-85
-176
-249
-321
-409
-509
-608
-693
-761
-830
-908
-997
-1083
-1153
-1205
-1253
-1307
-1368
-1421
-1459
-1477
-1486
-1495
-1509
-1515
-1503
-1467
-1415
-1358
-1303
-1249
-1172
-1078
-962
-840
-723
-607
-480
-333
-168
4
161
309
458
617
789
957
1100
1219
1322
1432
1542
1640
1706
1740
1753
1763
1775
1767
1729
1657
1573
1483
1395
1300
1179
1048
911
780
660
545
423
305
189
91
10
-64
-130
-191
-245
-290
-321
-348
-368
-393
-414
-431
-447
-460
-475
-501
-533
-566
-605
-644
-691
-745
-809
-874
-938
-1000
-1063
-1126
-1190
-1245
-1291
-1323
-1346
-1364
-1366
-1354
-1325
-1278
-1218
-1142
-1052
-944
-827
-697
-559
-413
-259
-102
59
212
366
516
661
794
916
1025
1120
1205
1274
1330
1364
1387
1390
1389
1373
1343
1302
1255
1203
1140
1079
1008
942
870
799
731
664
598
537
481
425
374
322
278
236
194
149
108
64
18
-30
-84
-141
-207
-271
-346
-419
-502
-588
-676
-766
-851
-938
-1018
-1099
-1169
-1233
-1285
-1332
-1364
-1387
-1393
-1383
-1362
-1322
-1278
-1215
-1147
-1061
-967
-865
-755
-644
-522
-404
-275
-152
-25
93
211
328
438
546
644
737
815
893
958
1021
1073
1115
1150
1172
1193
1201
1206
1199
1184
1159
1128
1095
1053
1006
954
898
839
780
722
664
604
545
484
424
368
314
258
202
143
82
28
-34
-99
-163
-236
-308
-378
-448
-522
-593
-663
-730
-796
-857
-918
-976
-1029
-1073
-1110
-1145
-1172
-1193
-1203
-1204
-1195
-1179
-1156
-1127
-1089
-1037
-983
-920
-853
-778
-694
-603
-504
-406
-302
-201
-90
20
126
232
331
429
522
615
698
777
843
907
965
1014
1057
1086
1106
1114
1118
1113
1103
1088
1062
1033
1005
971
939
904
859
815
770
725
676
624
571
515
459
396
338
274
208
138
64
-9
-85
-163
-241
-321
-399
-475
-549
-624
-701
-774
-841
-906
-968
-1023
-1074
-1116
-1150
-1174
-1186
-1190
-1189
-1176
-1158
-1130
-1092
-1048
-998
-942
-878
-801
-716
-632
-538
-444
-347
-246
-147
-46
51
145
239
334
422
508
590
665
738
803
862
914
954
989
1015
1034
1048
1056
1057
1049
1040
1021
1001
975
947
911
870
831
783
735
683
628
571
512
451
391
327
261
194
124
54
-18
-90
-162
-230
-298
-365
-429
-498
-563
-626
-689
-750
-806
-860
-905
-947
-979
-1006
-1026
-1039
-1046
-1047
-1040
-1027
-1010
-986
-957
-919
-870
-819
-763
-698
-632
-561
-482
-408
-330
-247
-170
-87
-4
75
156
234
310
385
456
521
583
640
694
745
785
823
857
883
903
917
928
934
936
932
925
913
897
877
852
821
791
755
714
671
626
578
527
473
415
356
296
230
166
101
37
-28
-95
-162
-229
-299
-369
-438
-502
-565
-626
-680
-731
-779
-823
-864
-895
-923
-946
-964
-978
-986
-987
-982
-968
-953
-929
-902
-866
-821
-775
-725
-666
-605
-542
-473
-404
-330
-254
-177
-100
-22
56
132
210
286
364
435
502
569
630
686
735
781
821
857
889
914
938
954
965
969
967
961
951
933
910
883
851
817
776
730
682
632
575
515
450
387
323
253
181
111
36
-39
-118
-193
-269
-343
-415
-482
-546
-612
-672
-730
-781
-828
-871
-910
-943
-972
-995
-1007
-1018
-1020
-1017
-1008
-989
-966
-937
-902
-860
-815
-759
-704
-645
-577
-512
-439
-366
-287
-207
-128
-48
33
111
190
271
347
421
489
554
618
678
736
784
830
869
904
935
959
979
993
998
1000
997
989
977
957
932
901
867
830
785
736
685
629
569
507
446
376
304
232
156
84
7
-66
-141
-217
-291
-363
-434
-502
-567
-629
-688
-743
-791
-835
-874
-910
-941
-967
-988
-998
-1003
-1008
-1005
-994
-978
-957
-925
-892
-853
-812
-765
-714
-659
-599
-538
-472
-405
-334
-261
-187
-111
-35
43
120
195
271
345
414
483
549
611
667
721
769
815
854
886
914
935
953
966
973
972
967
954
935
912
883
848
808
762
713
660
604
546
479
416
345
276
204
133
60
-12
-85
-158
-228
-297
-362
-426
-487
-546
-602
-652
-696
-736
-775
-807
-834
-857
-876
-888
-891
-893
-887
-876
-860
-840
-814
-784
-745
-707
-664
-617
-568
-511
-453
-394
-332
-268
-204
-137
-72
-6
61
129
194
256
317
377
436
492
543
589
632
672
709
740
765
786
803
814
822
824
822
813
801
782
760
735
704
670
632
591
545
501
449
393
338
283
223
162
103
40
-17
-76
-137
-197
-253
-309
-363
-413
-461
-504
-550
-589
-622
-652
-678
-702
-721
-736
-745
-750
-751
-745
-737
-726
-708
-686
-664
-637
-606
-572
-536
-494
-451
-407
-362
-314
-264
-214
-164
-111
-60
-9
43
94
143
193
240
284
328
367
403
439
468
499
525
546
566
580
593
601
609
611
611
610
602
594
583
567
551
532
511
488
463
434
403
371
336
300
264
228
189
152
114
73
35
-4
-43
-81
-119
-156
-195
-230
-264
-299
-331
-361
-390
-417
-440
-460
-480
-497
-513
-525
-536
-543
-547
-547
-545
-538
-528
-516
-503
-485
-467
-448
-424
-398
-372
-339
-307
-273
-238
-203
-167
-131
-94
-59
-20
20
58
95
132
167
202
235
268
299
328
356
384
407
430
451
469
484
496
504
510
513
515
512
507
500
489
474
456
438
416
395
369
344
315
287
256
224
191
160
125
91
54
20
-15
-52
-86
-122
-157
-191
-220
-251
-279
-305
-334
-357
-381
-401
-420
-437
-452
-465
-474
-482
-488
-490
-488
-486
-479
-470
-458
-444
-428
-411
-393
-370
-345
-317
-286
-253
-220
-185
-151
-115
-79
-40
-5
31
70
105
142
175
207
238
266
295
321
347
369
391
409
425
437
448
457
461
465
465
465
459
451
444
431
421
405
389
369
345
321
295
265
238
208
174
142
107
70
35
-2
-33
-70
-104
-139
-172
-206
-236
-266
-295
-320
-346
-369
-390
-409
-427
-439
-450
-457
-461
-462
-459
-452
-444
-433
-421
-405
-385
-364
-339
-312
-286
-255
-224
-193
-157
-122
-89
-53
-18
16
51
84
115
147
178
207
233
259
283
304
326
343
355
366
376
383
389
390
390
389
384
378
370
359
345
332
314
295
274
253
230
205
182
154
124
95
68
39
11
-17
-44
-73
-100
-127
-154
-177
-198
-220
-238
-255
-271
-287
-301
-310
-322
-329
-334
-336
-338
-334
-329
-324
-316
-305
-296
-281
-263
-249
-230
-206
-187
-164
-138
-115
-92
-67
-43
-23
3
26
48
69
93
113
130
149
167
183
199
210
223
235
244
251
259
265
269
272
273
274
275
273
271
266
258
249
237
226
213
199
185
168
149
130
111
90
71
50
26
6
-16
-39
-60
-80
-99
-120
-139
-156
-172
-187
-202
-218
-232
-240
-253
-261
-264
-271
-271
-272
-273
-269
-264
-260
-254
-241
-231
-221
-206
-190
-177
-159
-139
-123
-103
-81
-65
-44
-20
-4
18
39
57
77
92
113
131
146
162
174
182
195
204
209
220
222
226
230
226
225
224
223
217
211
206
199
186
179
164
149
140
124
111
101
85
69
53
41
25
6
-7
-23
-37
-47
-62
-76
-88
-102
-114
-123
-135
-144
-149
-157
-161
-164
-169
-171
-171
-171
-172
-169
-165
-160
-153
-146
-141
-130
-121
-115
-106
-93
-85
-72
-56
-52
-41
-24
-15
-5
9
16
23
37
46
54
64
71
74
78
86
88
93
97
99
97
98
100
93
95
93
88
88
89
83
80
75
69
64
57
53
46
46
40
29
26
21
11
11
7
2
-1
-5
-8
-15
-20
-22
-27
-27
-27
-29
-28
-33
-35
-34
-36
-39
-37
-37
-38
-36
-40
-40
-38
-37
-38
-35
-33
-32
-24
-23
-22
-18
-20
-19
-18
-14
-13
-11
-3
-5
-1
3
-1
1
2
1
3
6
7
9
11
13
13
11
10
8
9
9
10
13
10
12
14
12
14
13
11
15
14
17
19
15
20
16
13
14
11
9
9
6
5
4
1
6
4
2
4
0
-3
-5
-8
-11
-11
-13
-11
-10
-14
-14
-14
-16
-13
-16
-14
-14
-19
-18
-19
-21
-17
-19
-16
-12
-13
-9
-7
-6
-3
-3
-3
-3
-1
-3
-2
5
1
7
10
3
10
6
6
10
5
9
11
7
12
11
11
14
10
10
12
8
11
8
8
13
7
12
12
7
13
9
8
13
7
10
11
5
13
6
2
10
-1
-1
3
-8
0
0
-7
4
-5
-7
1
-11
-7
-5
-15
-8
-8
-16
-9
-10
-15
-7
-14
-15
-9
-16
-11
-9
-12
-8
-12
-10
-8
-13
-8
-7
-8
-1
-3
0
0
0
4
0
0
2
3
7
4
5
5
2
7
4
4
9
6
8
10
7
9
8
7
12
6
8
9
3
9
9
4
9
4
2
9
2
4
8
0
3
4
-1
4
3
0
4
-1
-2
-1
-5
-2
-4
-4
-2
-7
-4
-4
-8
-3
-5
-6
-4
-4
-4
-6
-2
-4
-8
-2
-10
-3
1
-12
5
-3
-11
12
-9
-7
11
-16
0
9
-17
8
2
-11
15
-6
-4
14
-7
4
6
-6
8
2
0
6
-1
4
5
3
6
3
3
5
3
5
4
5
3
1
4
-1
4
5
-4
7
1
-7
8
-2
-5
11
-6
-2
10
-11
-4
7
-12
-2
7
-16
-1
3
-19
3
4
-18
5
0
-17
7
-5
-16
7
-6
-14
6
-10
-12
6
-9
-9
6
-7
-7
8
-9
-4
9
-10
1
10
-8
5
8
-6
10
6
-2
10
3
1
9
4
4
7
7
7
6
7
2
5
9
0
7
8
-2
9
6
-1
11
2
-1
9
-5
1
6
-3
4
3
-3
1
-2
-2
1
-1
-1
-2
1
0
-3
0
-4
-4
1
-6
-1
-1
-8
-2
-2
-8
-1
-3
-8
2
-5
-6
-1
-8
-6
0
-7
-4
-1
-8
-2
-2
-5
-1
-2
-3
-1
0
-2
0
0
1
2
0
3
2
1
0
1
1
1
1
2
2
2
5
4
3
5
3
6
3
1
6
2
1
6
1
2
4
-1
2
3
-1
3
1
0
2
1
1
0
0
1
-2
-1
-1
-4
-2
-5
-3
0
-4
-2
0
-6
1
-2
-6
1
-4
-3
0
-4
-3
0
-5
-4
-2
-4
-2
0
-3
-1
0
-1
0
1
1
0
-1
0
1
2
4
0
1
3
0
1
1
1
4
0
1
1
0
3
1
-3
0
0
-1
1
0
2
2
0
1
2
2
3
1
1
3
3
2
3
2
1
1
0
1
0
2
1
-1
-1
0
-1
-2
-1
-2
-2
-3
-4
-2
0
-4
-2
-1
-4
-3
-3
-4
-2
-4
-3
-4
-3
-1
-3
-2
0
-1
1
-1
-3
1
0
0
2
-1
0
2
0
2
2
5
3
2
3
3
3
3
2
2
4
0
2
5
1
5
3
2
5
1
3
2
1
4
0
2
4
-1
2
1
0
4
0
-1
1
-3
0
1
-3
0
0
1
2
-1
-1
0
-1
0
-2
-3
-2
-3
-2
-2
-3
-1
-2
-1
-1
-2
-1
-2
-2
-1
-2
0
-2
-4
-1
-2
-2
-1
-2
-2
0
-1
-2
0
0
0
-1
-1
0
0
-1
-1
-2
0
-1
-1
1
1
0
1
1
0
1
0
1
1
0
3
2
0
3
0
1
2
1
3
1
1
3
1
0
0
0
1
-1
-1
2
0
2
0
-1
2
0
-1
-1
-1
-1
-2
-2
-1
-4
-3
-2
-3
-1
-3
-3
0
-2
-2
-2
-3
-2
-3
0
0
-2
-1
-1
1
2
2
2
2
2
1
2
3
1
2
1
0
1
1
0
0
1
2
1
2
4
2
2
3
2
3
2
2
-1
1
0
-2
-2
0
0
0
0
1
0
0
0
-1
1
3
0
0
0
0
-1
-4
-2
-2
-3
-3
-2
-1
-2
-1
-2
0
1
0
-1
-1
-1
-1
-1
-2
0
0
-1
-1
1
0
1
1
0
1
0
0
0
1
1
0
2
-1
-1
2
1
0
1
0
0
1
1
1
2
2
2
3
2
3
2
2
3
1
1
0
0
1
1
2
1
0
1
0
1
2
0
1
0
-1
-1
-1
-1
1
1
1
1
0
1
0
-1
-1
-1
-3
-3
-2
-2
-2
-3
-2
-1
-2
-2
0
0
-2
-1
-2
-2
-1
-1
-1
-2
-2
-2
-1
-1
-1
-2
-1
0
-1
-1
-1
-2
0
0
0
-1
0
0
1
0
1
1
2
1
0
0
0
1
0
2
2
1
0
0
2
2
1
1
0
0
2
2
-2
-1
-1
-2
0
-1
1
1
0
-1
-1
0
0
0
0
1
-1
-1
-1
-1
-1
-1
-2
-3
-3
-1
1
0
-1
0
-1
-2
-2
-2
-1
0
0
-1
-1
0
-1
0
1
1
1
1
2
1
1
1
2
1
0
1
0
1
2
0
1
-1
1
1
0
0
0
1
3
2
2
2
3
2
2
1
1
1
2
1
2
2
1
2
1
2
1
2
2
1
0
1
1
0
0
-1
-2
-2
-2
-1
-1
-2
-1
-1
0
0
-1
0
-3
-2
-2
-3
-3
-2
-2
0
-2
-2
0
-1
-2
-1
-1
-1
-2
-3
-2
-1
-2
-1
-1
0
0
0
0
1
0
-1
-1
0
-1
-2
-2
-2
-1
-1
0
0
0
-1
0
1
2
0
0
0
1
1
0
-1
0
0
0
1
1
2
0
0
1
1
1
1
2
1
1
2
1
2
1
1
1
1
1
2
2
0
0
1
2
2
1
