SAMPLES:	19841
BITSPERSAMPLE:	16
CHANNELS:	1
SAMPLERATE:	16000
NORMALIZED:	FALSE
-1
-1
-1
0
0
1
2
1
2
2
2
4
5
4
4
4
3
4
3
3
2
3
1
1
1
1
0
-1
-1
-3
-3
-4
-5
-3
-3
-1
-1
-1
0
1
1
2
5
3
4
3
3
2
-1
-4
-4
-4
-4
-4
-4
-3
-4
-4
-3
-4
-4
-4
-2
-2
-4
-4
-4
-7
-4
-4
-5
-3
-4
-3
-1
-1
1
2
3
4
4
6
9
6
6
5
5
5
5
6
6
4
7
8
7
7
7
6
4
5
3
1
0
-1
-2
-3
-5
-3
-1
-1
-2
-2
-2
-1
-2
-2
-1
-3
-3
-2
-3
-4
-2
-4
-2
-1
0
-1
0
0
-2
-3
-3
-2
-3
0
-1
-2
-2
-4
-3
-2
-1
-1
-1
0
2
1
1
2
0
1
2
2
3
2
3
2
-1
-1
-2
-3
-4
-3
-4
-4
-3
-3
-2
0
0
1
1
3
4
4
3
1
1
0
0
2
2
0
-1
1
-1
1
1
2
2
1
0
1
2
3
3
2
4
2
1
1
2
2
1
2
1
2
2
2
1
2
1
1
1
-3
-2
-2
-3
-2
-1
0
-2
-2
-2
-3
-4
-4
-5
-4
-6
-4
-3
0
0
-1
1
1
1
1
1
2
2
1
0
1
0
0
2
3
3
3
3
3
3
3
2
3
3
2
0
-2
-2
-1
0
1
2
2
2
1
0
2
1
1
0
0
0
2
2
0
1
-1
-3
-4
-3
-4
-5
-5
-6
-6
-7
-6
-6
-7
-7
-5
-3
-3
0
1
-1
0
-2
-2
-1
-2
0
0
-1
0
1
2
1
2
3
4
5
5
4
3
2
2
2
1
0
-1
-2
-2
1
1
2
2
3
3
4
4
3
3
4
4
2
2
3
4
2
2
1
1
1
2
4
5
6
5
4
4
3
2
3
3
2
2
1
1
1
0
-1
-1
-2
-1
0
-1
0
-1
-1
-3
-5
-6
-6
-7
-7
-5
-5
-6
-7
-7
-6
-6
-7
-7
-7
-9
-7
-6
-6
-4
-3
-1
-1
1
4
4
3
4
3
3
2
4
2
3
2
2
2
1
1
1
2
3
2
2
1
1
3
2
3
2
1
1
2
0
-3
-3
-2
-1
-1
1
2
4
2
3
4
4
3
2
3
2
2
3
2
1
0
0
0
0
-3
-1
-2
-2
-3
-4
-3
-4
-5
-4
-3
-4
-3
-3
-2
-4
-4
-4
-3
-2
-1
-3
-3
-3
-4
-3
-1
-1
-2
-1
-1
-1
0
0
-3
-2
-2
-2
0
1
3
4
6
5
7
6
5
4
2
2
2
1
2
0
2
3
1
3
3
3
2
3
2
2
2
2
3
3
3
3
3
2
1
2
-1
-1
-1
-1
-2
-3
-4
-3
-2
-3
-3
-4
-4
-2
-3
-3
-3
-4
-3
-3
-2
-1
-1
0
0
-2
-2
-2
-2
-4
-2
0
1
2
3
6
4
6
7
7
7
7
6
2
2
1
1
1
3
3
0
2
2
2
3
2
1
0
0
0
0
0
0
0
0
-2
-3
-2
-2
-3
-3
-3
-1
-2
-2
-4
-3
0
-1
0
0
-2
-2
-2
-3
-3
-1
-2
-3
-3
-3
-3
-2
-2
-1
-2
0
0
0
0
-1
-1
-1
-2
-2
-2
-2
-1
-1
-1
-1
-1
-2
-2
1
0
1
0
-2
0
-1
-1
-1
0
0
-1
0
1
0
2
3
3
3
2
1
1
1
0
0
0
0
-1
1
1
1
1
1
1
2
1
2
2
2
2
1
1
0
1
-1
1
0
0
0
1
1
1
1
0
1
1
-1
1
0
0
0
0
0
-1
1
0
-1
-2
-1
-1
-1
0
0
0
0
-1
-1
-1
0
0
1
0
1
0
1
1
2
1
1
-2
-1
1
1
-1
1
1
-1
0
0
0
0
0
0
-1
-1
0
-1
-1
0
0
1
1
1
0
1
1
1
1
-1
-1
-1
-1
0
-1
2
0
1
2
1
5
3
3
4
4
5
4
4
4
2
1
0
-2
-4
-7
-8
-9
-10
-12
-13
-14
-15
-15
-16
-15
-14
-13
-10
-10
-5
-1
-2
-3
-2
-1
-2
-1
2
1
0
1
2
4
5
7
9
11
12
11
15
19
17
18
23
25
28
31
37
40
41
44
46
44
41
37
35
33
27
24
12
2
-6
-13
-20
-29
-37
-44
-55
-64
-64
-62
-72
-79
-75
-75
-74
-70
-60
-56
-58
-55
-43
-31
-31
-26
-12
-4
-1
9
23
24
22
28
40
39
36
34
28
22
16
14
17
15
13
20
30
44
50
57
67
73
81
94
108
124
129
132
138
141
141
137
143
143
124
101
82
57
21
-16
-48
-91
-140
-182
-220
-254
-292
-331
-351
-358
-362
-356
-335
-309
-286
-244
-191
-139
-91
-48
-5
46
90
122
138
144
137
125
130
134
119
107
104
103
106
114
124
118
118
142
182
217
250
284
320
346
382
429
465
477
485
502
496
457
410
351
258
148
47
-59
-197
-343
-475
-599
-718
-816
-893
-955
-996
-999
-968
-910
-841
-756
-652
-535
-412
-280
-152
-42
59
155
225
265
298
321
329
340
363
375
362
352
352
344
337
338
350
361
382
423
464
496
529
567
605
647
696
730
737
721
699
662
590
493
381
237
63
-106
-268
-449
-644
-820
-966
-1099
-1206
-1266
-1299
-1314
-1294
-1219
-1111
-991
-855
-702
-552
-406
-251
-94
39
132
217
280
315
343
376
405
403
401
405
391
367
355
347
331
325
340
373
404
445
479
513
556
609
677
732
780
800
802
792
773
747
668
553
421
288
125
-51
-215
-396
-594
-784
-909
-1020
-1130
-1220
-1263
-1272
-1248
-1181
-1061
-947
-853
-728
-574
-402
-272
-125
17
100
158
216
297
328
347
384
409
402
378
372
375
355
318
289
285
259
231
242
256
249
236
275
347
396
447
484
518
546
572
599
598
568
493
411
318
218
92
-59
-188
-326
-424
-543
-658
-760
-867
-923
-977
-944
-950
-921
-887
-805
-700
-596
-465
-371
-261
-159
-25
86
168
242
299
358
394
413
397
383
405
394
413
399
392
320
280
366
350
309
248
293
288
244
335
378
351
291
366
456
468
439
431
455
433
399
340
336
241
92
-13
-90
-236
-449
-562
-604
-711
-835
-882
-936
-959
-980
-905
-844
-782
-694
-590
-448
-302
-203
-82
40
161
231
315
397
455
454
438
412
341
283
168
109
50
-7
-76
-121
-165
-273
-374
-412
-425
-472
-484
-419
-355
-261
-123
73
229
333
505
697
872
968
1034
1163
1238
1287
1289
1278
1236
1084
942
775
594
309
43
-164
-347
-554
-785
-924
-1111
-1192
-1271
-1280
-1293
-1280
-1192
-1136
-997
-877
-731
-589
-434
-288
-191
-56
49
144
183
233
203
127
97
48
-2
-104
-125
-175
-220
-269
-310
-364
-417
-398
-351
-282
-213
-101
31
196
374
556
739
915
1082
1247
1404
1537
1649
1739
1811
1820
1795
1745
1640
1493
1280
1067
809
579
324
67
-163
-414
-659
-896
-1053
-1231
-1452
-1595
-1690
-1741
-1831
-1838
-1779
-1717
-1627
-1542
-1406
-1322
-1206
-1095
-958
-859
-805
-736
-740
-677
-642
-582
-600
-508
-328
-212
-87
107
348
439
631
870
1057
1110
1236
1377
1401
1464
1496
1506
1474
1488
1488
1472
1559
1563
1495
1481
1541
1474
1351
1302
1192
977
766
636
456
239
72
-48
-143
-212
-295
-372
-454
-533
-663
-771
-886
-1057
-1302
-1507
-1686
-1875
-2062
-2166
-2244
-2315
-2300
-2236
-2138
-2052
-1891
-1757
-1596
-1416
-1272
-1153
-1054
-933
-830
-598
-371
-187
-7
293
589
819
1106
1369
1560
1677
1833
1966
2035
2032
1968
1958
1970
1906
1750
1642
1584
1460
1372
1349
1358
1257
1179
1148
1098
968
806
698
547
399
276
170
38
-65
-149
-212
-289
-353
-430
-534
-638
-805
-985
-1198
-1428
-1674
-1884
-2032
-2166
-2287
-2405
-2446
-2408
-2362
-2268
-2102
-1882
-1713
-1474
-1213
-1004
-837
-698
-553
-308
93
321
453
679
1046
1219
1411
1735
1874
1863
1876
2065
2035
1931
1752
1628
1578
1550
1384
1156
1086
924
732
632
742
665
542
561
669
633
494
504
538
524
433
468
487
468
368
298
259
136
-20
-205
-315
-536
-854
-1139
-1323
-1536
-1819
-2003
-2098
-2217
-2363
-2414
-2398
-2403
-2422
-2338
-2179
-2024
-1901
-1744
-1562
-1350
-1145
-973
-765
-424
-93
118
383
720
987
1129
1435
1736
1840
1887
2005
2107
2050
1988
1896
1817
1748
1685
1562
1475
1414
1263
1120
1069
1092
1013
981
1026
1078
1035
978
998
965
842
706
647
571
451
298
199
82
-83
-257
-410
-540
-788
-1052
-1289
-1510
-1795
-2077
-2289
-2507
-2730
-2885
-2945
-2990
-3031
-2986
-2915
-2821
-2650
-2446
-2283
-2096
-1750
-1361
-1051
-660
-206
172
510
906
1338
1604
1865
2172
2437
2608
2717
2769
2792
2797
2776
2696
2594
2489
2282
2035
1833
1587
1267
964
810
657
448
333
316
291
264
303
377
431
494
607
658
688
660
585
466
356
190
-76
-318
-547
-855
-1183
-1488
-1794
-2103
-2343
-2543
-2755
-2925
-3092
-3202
-3285
-3309
-3358
-3348
-3232
-3133
-2965
-2773
-2507
-2284
-2000
-1517
-1048
-628
-148
460
971
1371
1879
2374
2665
2866
3111
3279
3293
3249
3198
3119
3036
2902
2740
2662
2550
2320
2105
1994
1793
1443
1148
956
677
416
235
116
-8
-122
-113
-10
118
203
319
467
583
593
595
504
302
43
-241
-559
-953
-1336
-1769
-2173
-2463
-2797
-3094
-3371
-3507
-3560
-3561
-3499
-3465
-3318
-3272
-3128
-2944
-2737
-2672
-2533
-2079
-1717
-1376
-942
-357
125
610
1326
1917
2317
2679
3138
3438
3606
3743
3743
3695
3607
3490
3182
2931
2654
2320
2010
1848
1667
1368
1189
1090
932
636
424
240
11
-263
-375
-472
-543
-529
-464
-331
-221
-68
36
165
257
226
118
19
-173
-469
-811
-1122
-1430
-1790
-2095
-2362
-2563
-2767
-2931
-2924
-2973
-2992
-2960
-2792
-2483
-2184
-1869
-1678
-1303
-1053
-873
-698
-434
-296
-293
28
407
615
722
1059
1462
1628
1819
2070
2261
2233
2298
2408
2389
2316
2203
2149
2024
1982
1770
1636
1629
1669
1554
1547
1720
1728
1614
1552
1585
1333
1029
779
627
273
-76
-319
-522
-711
-979
-1119
-1251
-1353
-1534
-1664
-1724
-1832
-2061
-2224
-2313
-2464
-2704
-2900
-2958
-3118
-3265
-3283
-3190
-3068
-2983
-2733
-2563
-2377
-2045
-1654
-1158
-725
-150
267
793
1368
1818
2186
2507
2874
3066
3277
3499
3543
3516
3450
3430
3272
3078
2818
2486
2128
1780
1447
1087
856
607
425
210
180
69
-24
-58
-12
15
-19
124
254
428
495
639
752
833
789
640
465
163
-191
-635
-1053
-1590
-2120
-2612
-3019
-3378
-3740
-4025
-4230
-4254
-4299
-4233
-4115
-3924
-3741
-3530
-3254
-3129
-2771
-2292
-1689
-1128
-392
384
980
1745
2510
3157
3502
3928
4274
4475
4595
4570
4384
4134
3939
3646
3246
2896
2416
1915
1477
1195
856
538
349
188
-3
-168
-290
-410
-504
-518
-485
-447
-299
-110
171
422
691
890
1049
1114
992
784
478
110
-392
-933
-1468
-2014
-2525
-3002
-3395
-3720
-3998
-4148
-4153
-4143
-4057
-3944
-3725
-3575
-3387
-3243
-3186
-2849
-2379
-1788
-1276
-491
263
891
1668
2491
3099
3436
3859
4225
4397
4467
4360
4137
3917
3711
3357
2953
2628
2175
1725
1417
1250
956
747
637
534
315
116
-56
-228
-323
-406
-441
-443
-322
-189
18
278
512
678
810
908
809
611
333
-7
-452
-946
-1437
-1905
-2373
-2813
-3218
-3500
-3745
-3894
-3954
-3946
-3851
-3755
-3557
-3455
-3304
-3326
-3138
-2752
-2265
-1780
-1189
-368
250
976
1821
2596
3059
3480
3984
4271
4428
4432
4317
4114
3923
3652
3189
2819
2374
1914
1455
1233
1019
736
581
478
368
128
-46
-163
-265
-387
-439
-413
-306
-221
-38
213
485
712
821
986
995
908
615
308
-65
-605
-1169
-1717
-2202
-2714
-3191
-3544
-3820
-4007
-4155
-4195
-4066
-3964
-3796
-3671
-3471
-3469
-3309
-2876
-2361
-1889
-1337
-537
124
860
1706
2502
3024
3478
4002
4352
4565
4591
4470
4295
4121
3880
3366
2917
2447
1978
1475
1200
994
679
468
377
322
106
-74
-205
-301
-422
-490
-471
-363
-237
-46
224
549
818
934
1077
1146
1079
783
445
85
-475
-1095
-1673
-2196
-2740
-3245
-3602
-3908
-4123
-4237
-4277
-4161
-3998
-3823
-3710
-3543
-3467
-3429
-3023
-2488
-2010
-1581
-785
-3
688
1528
2420
3060
3510
4033
4503
4728
4780
4645
4469
4281
4009
3496
2970
2548
2070
1574
1254
1120
783
530
431
424
188
-72
-210
-365
-504
-630
-622
-562
-400
-193
79
440
748
891
991
1119
1044
766
379
45
-487
-1117
-1715
-2281
-2810
-3361
-3728
-4037
-4231
-4329
-4353
-4199
-3968
-3735
-3615
-3397
-3300
-3245
-2840
-2251
-1790
-1372
-537
270
942
1797
2726
3355
3776
4306
4739
4905
4893
4704
4441
4182
3853
3254
2710
2255
1749
1203
933
768
436
218
204
200
-34
-205
-320
-445
-573
-601
-581
-492
-294
-53
252
609
907
1027
1159
1262
1151
850
511
158
-423
-1057
-1695
-2285
-2912
-3516
-3939
-4252
-4468
-4641
-4630
-4472
-4243
-4013
-3817
-3562
-3451
-3225
-2685
-2036
-1539
-1001
-112
672
1394
2301
3194
3743
4159
4684
5052
5125
5001
4731
4418
4110
3663
3034
2481
1989
1384
870
625
410
99
-47
-15
-54
-253
-347
-423
-504
-566
-548
-473
-349
-115
132
465
775
1017
1128
1243
1313
1111
792
441
54
-606
-1282
-1936
-2542
-3205
-3815
-4202
-4499
-4692
-4876
-4775
-4575
-4342
-4131
-3859
-3608
-3476
-3020
-2369
-1734
-1290
-554
336
1075
1894
2882
3650
4091
4618
5170
5439
5418
5224
4939
4625
4264
3675
3005
2463
1854
1219
744
535
188
-103
-189
-151
-267
-468
-526
-589
-666
-735
-690
-590
-450
-214
80
441
738
956
1108
1254
1270
1016
686
327
-187
-920
-1627
-2288
-2960
-3633
-4164
-4549
-4839
-5009
-5080
-4913
-4688
-4459
-4232
-3911
-3717
-3469
-2839
-2139
-1627
-1112
-125
764
1525
2512
3568
4153
4603
5276
5760
5844
5749
5526
5177
4820
4333
3588
2871
2319
1627
951
568
334
-124
-395
-374
-345
-535
-681
-662
-683
-756
-794
-687
-545
-388
-166
174
562
814
961
1148
1304
1207
899
582
161
-498
-1264
-1958
-2664
-3393
-4037
-4535
-4917
-5153
-5274
-5230
-5013
-4771
-4545
-4240
-3901
-3721
-3252
-2504
-1813
-1342
-509
610
1449
2358
3529
4481
4919
5489
6151
6404
6336
6168
5826
5376
4909
4214
3312
2598
1903
1055
360
66
-312
-809
-971
-895
-964
-1140
-1132
-1045
-1032
-1067
-982
-753
-500
-279
4
457
845
1037
1165
1397
1426
1167
782
421
-121
-892
-1693
-2429
-3158
-3942
-4561
-5017
-5310
-5547
-5644
-5472
-5218
-4963
-4708
-4278
-4005
-3672
-2976
-2122
-1461
-807
349
1421
2318
3403
4593
5283
5700
6334
6787
6772
6584
6291
5817
5319
4747
3863
2985
2269
1446
544
43
-186
-691
-1040
-1022
-969
-1186
-1247
-1125
-1081
-1124
-1071
-856
-577
-277
-4
374
836
1158
1272
1427
1582
1374
880
471
38
-681
-1595
-2392
-3097
-3900
-4608
-5087
-5417
-5663
-5852
-5771
-5507
-5187
-4907
-4546
-4191
-3904
-3313
-2490
-1709
-1123
-140
1031
1961
2986
4192
5114
5613
6230
6847
6985
6848
6620
6211
5721
5227
4438
3493
2721
1915
979
254
-52
-506
-961
-1066
-1009
-1197
-1389
-1342
-1279
-1330
-1336
-1189
-933
-631
-329
57
522
977
1214
1410
1625
1600
1210
763
381
-232
-1108
-2003
-2749
-3537
-4337
-4920
-5358
-5656
-5907
-5972
-5780
-5510
-5207
-4914
-4510
-4255
-3787
-2994
-2114
-1468
-684
561
1589
2569
3809
4969
5640
6256
7047
7453
7409
7284
6980
6492
6010
5332
4332
3419
2607
1621
684
134
-356
-967
-1287
-1333
-1500
-1765
-1861
-1829
-1851
-1835
-1749
-1522
-1182
-829
-438
47
609
981
1259
1549
1695
1498
1103
754
230
-532
-1422
-2230
-3021
-3848
-4555
-5126
-5515
-5828
-6029
-5972
-5754
-5510
-5274
-4864
-4541
-4240
-3559
-2622
-1803
-1152
1
1187
2130
3302
4645
5554
6130
6924
7606
7764
7689
7541
7110
6646
6082
5189
4169
3319
2369
1287
472
-88
-764
-1340
-1574
-1712
-1951
-2164
-2193
-2153
-2101
-2061
-1863
-1492
-1079
-733
-281
335
792
1109
1427
1719
1690
1366
1019
614
-68
-928
-1767
-2555
-3388
-4215
-4895
-5408
-5799
-6125
-6234
-6091
-5853
-5653
-5322
-4897
-4623
-4140
-3241
-2241
-1532
-626
681
1770
2780
4133
5338
5974
6588
7384
7812
7765
7651
7373
6887
6425
5748
4757
3847
2995
1990
962
326
-256
-974
-1432
-1583
-1721
-1996
-2136
-2090
-2036
-2032
-1931
-1610
-1210
-853
-502
61
602
957
1245
1551
1697
1482
1103
755
231
-589
-1458
-2236
-2974
-3804
-4590
-5145
-5586
-5974
-6244
-6219
-6021
-5830
-5612
-5261
-4933
-4653
-3935
-2948
-2094
-1383
-201
1064
2088
3311
4723
5622
6203
6993
7695
7865
7774
7645
7235
6768
6286
5430
4429
3630
2741
1678
851
358
-350
-1001
-1283
-1417
-1700
-1984
-2049
-2066
-2097
-2079
-1919
-1581
-1182
-810
-348
266
789
1128
1448
1732
1728
1385
1034
635
-77
-979
-1817
-2582
-3376
-4216
-4903
-5387
-5810
-6152
-6287
-6172
-5977
-5806
-5558
-5181
-4934
-4512
-3629
-2671
-1967
-1081
242
1361
2433
3818
5032
5713
6412
7251
7731
7766
7707
7460
6989
6573
5959
4971
4087
3343
2349
1382
830
282
-458
-899
-1092
-1328
-1666
-1856
-1928
-1989
-1987
-1962
-1779
-1405
-1009
-622
-78
533
988
1297
1650
1842
1662
1308
983
457
-352
-1219
-2052
-2885
-3739
-4540
-5168
-5641
-6042
-6318
-6372
-6227
-6054
-5892
-5559
-5207
-4944
-4305
-3327
-2475
-1753
-623
651
1695
2896
4264
5202
5839
6633
7397
7688
7668
7563
7229
6807
6355
5610
4646
3871
3030
2012
1227
703
18
-654
-980
-1182
-1500
-1814
-1906
-1915
-1926
-1881
-1759
-1456
-1050
-649
-186
401
917
1247
1553
1846
1822
1486
1122
729
89
-751
-1597
-2432
-3292
-4122
-4843
-5393
-5850
-6205
-6418
-6378
-6204
-6068
-5848
-5468
-5176
-4741
-3869
-2903
-2147
-1252
29
1170
2240
3538
4709
5384
6054
6906
7469
7525
7473
7316
6956
6587
6070
5228
4376
3659
2728
1765
1120
536
-202
-722
-920
-1197
-1581
-1774
-1770
-1811
-1803
-1703
-1512
-1171
-764
-388
92
641
1011
1270
1582
1720
1464
1063
721
226
-563
-1410
-2187
-3003
-3848
-4614
-5218
-5729
-6135
-6441
-6496
-6328
-6177
-6028
-5694
-5367
-4999
-4222
-3206
-2394
-1620
-412
774
1791
3032
4313
5076
5668
6521
7220
7383
7390
7334
7042
6720
6306
5528
4652
3957
3087
2083
1371
828
118
-467
-717
-954
-1316
-1571
-1624
-1644
-1657
-1598
-1453
-1133
-744
-404
36
604
1025
1294
1615
1849
1707
1339
991
540
-223
-1102
-1905
-2702
-3557
-4412
-5092
-5640
-6085
-6466
-6598
-6450
-6285
-6171
-5867
-5513
-5160
-4461
-3451
-2572
-1866
-764
431
1416
2595
3923
4799
5355
6134
6894
7153
7186
7199
6947
6607
6237
5501
4583
3869
3051
2056
1324
812
141
-475
-743
-962
-1270
-1513
-1606
-1597
-1575
-1525
-1407
-1078
-676
-345
62
624
1079
1364
1665
1930
1904
1602
1247
823
138
-735
-1598
-2422
-3249
-4136
-4905
-5480
-5946
-6356
-6565
-6451
-6292
-6176
-5900
-5554
-5210
-4554
-3617
-2713
-1994
-983
227
1223
2350
3665
4676
5278
5993
6781
7166
7188
7202
7003
6656
6284
5609
4678
3917
3141
2151
1333
786
139
-549
-859
-1065
-1372
-1611
-1699
-1674
-1616
-1536
-1412
-1097
-641
-247
150
691
1191
1519
1798
2061
2086
1810
1435
1000
345
-530
-1459
-2381
-3258
-4130
-4948
-5607
-6108
-6503
-6727
-6666
-6485
-6335
-6041
-5676
-5355
-4727
-3781
-2864
-2127
-1125
153
1182
2242
3584
4682
5293
5972
6782
7211
7193
7155
6956
6598
6235
5625
4707
3914
3189
2204
1311
739
100
-676
-1018
-1154
-1496
-1769
-1818
-1772
-1728
-1600
-1414
-1096
-619
-146
285
843
1412
1785
2077
2397
2464
2170
1818
1422
760
-140
-1073
-2021
-2993
-3899
-4748
-5493
-6100
-6558
-6833
-6864
-6709
-6570
-6324
-5944
-5635
-5132
-4213
-3200
-2405
-1491
-168
1032
2083
3398
4665
5400
6028
6827
7356
7386
7292
7073
6715
6343
5758
4868
3998
3272
2325
1324
659
67
-751
-1260
-1393
-1663
-1977
-2085
-1999
-1922
-1783
-1561
-1192
-682
-172
306
881
1515
1957
2257
2591
2739
2489
2107
1708
1111
238
-723
-1672
-2662
-3605
-4517
-5304
-5954
-6506
-6875
-6997
-6902
-6780
-6604
-6275
-5951
-5534
-4727
-3702
-2799
-1930
-689
639
1779
3035
4393
5337
5974
6724
7386
7591
7503
7302
7000
6648
6091
5275
4371
3578
2707
1687
867
270
-482
-1142
-1428
-1646
-1937
-2168
-2150
-2058
-1946
-1777
-1467
-974
-454
26
582
1239
1810
2189
2533
2799
2722
2391
1987
1486
717
-259
-1236
-2221
-3192
-4157
-5009
-5678
-6276
-6745
-6973
-6952
-6871
-6771
-6526
-6189
-5834
-5211
-4259
-3270
-2386
-1267
76
1303
2515
3880
5009
5725
6428
7171
7566
7582
7414
7121
6773
6292
5551
4617
3748
2913
1927
996
341
-312
-981
-1394
-1598
-1812
-2037
-2069
-1978
-1847
-1672
-1439
-1044
-516
-4
502
1103
1751
2238
2604
2919
2998
2777
2396
1922
1233
283
-748
-1776
-2795
-3794
-4725
-5491
-6138
-6667
-6996
-7067
-6989
-6876
-6670
-6322
-5975
-5546
-4750
-3706
-2776
-1852
-623
680
1846
3104
4396
5309
5961
6706
7330
7533
7425
7185
6869
6484
5921
5076
4154
3344
2450
1425
615
18
-650
-1270
-1560
-1716
-1968
-2117
-2063
-1947
-1822
-1649
-1358
-891
-365
118
646
1311
1931
2356
2705
2982
2975
2683
2289
1776
972
-61
-1093
-2088
-3114
-4122
-5006
-5741
-6341
-6790
-7015
-6980
-6826
-6672
-6399
-6047
-5708
-5122
-4151
-3175
-2358
-1319
-17
1188
2372
3725
4867
5600
6339
7122
7527
7525
7376
7112
6747
6298
5609
4695
3841
3003
1978
1012
336
-328
-1079
-1543
-1723
-1983
-2239
-2276
-2183
-2100
-1983
-1745
-1336
-823
-331
173
818
1488
1977
2365
2748
2920
2756
2426
2042
1415
481
-526
-1494
-2504
-3532
-4468
-5266
-5923
-6453
-6802
-6858
-6731
-6615
-6424
-6091
-5764
-5288
-4439
-3484
-2689
-1755
-516
699
1851
3185
4439
5288
6052
6879
7411
7553
7521
7310
6949
6543
5952
5071
4173
3346
2364
1351
598
-66
-835
-1412
-1682
-1949
-2245
-2360
-2315
-2243
-2135
-1927
-1562
-1048
-521
-17
603
1278
1802
2213
2623
2887
2807
2496
2149
1619
775
-215
-1191
-2194
-3234
-4212
-5064
-5774
-6372
-6808
-6972
-6931
-6863
-6713
-6401
-6065
-5610
-4803
-3818
-2947
-1984
-725
549
1724
3039
4352
5290
6058
6878
7471
7702
7715
7515
7146
6747
6181
5296
4359
3518
2533
1477
697
39
-748
-1367
-1660
-1922
-2230
-2356
-2310
-2256
-2144
-1931
-1608
-1128
-585
-100
461
1134
1668
2071
2468
2771
2742
2469
2147
1658
874
-84
-1058
-2049
-3060
-4033
-4919
-5642
-6245
-6712
-6929
-6921
-6851
-6730
-6442
-6095
-5662
-4934
-3953
-3020
-2071
-868
425
1619
2859
4149
5158
5932
6733
7408
7740
7784
7625
7302
6932
6427
5628
4696
3826
2854
1768
913
223
-581
-1278
-1642
-1922
-2281
-2478
-2463
-2441
-2374
-2178
-1889
-1481
-962
-466
65
733
1310
1756
2187
2554
2632
2447
2201
1783
1057
153
-789
-1764
-2785
-3748
-4637
-5401
-6032
-6506
-6745
-6777
-6700
-6584
-6347
-6015
-5581
-4927
-4043
-3108
-2185
-1090
155
1379
2575
3781
4842
5695
6488
7197
7634
7742
7622
7351
7004
6530
5811
4928
4039
3093
2039
1130
388
-381
-1085
-1548
-1873
-2242
-2508
-2556
-2536
-2482
-2324
-2065
-1687
-1182
-641
-80
571
1166
1671
2137
2509
2667
2559
2303
1904
1263
417
-529
-1489
-2504
-3503
-4418
-5192
-5850
-6366
-6623
-6702
-6676
-6598
-6416
-6135
-5737
-5129
-4328
-3426
-2515
-1466
-246
1013
2235
3440
4572
5536
6364
7092
7615
7826
7779
7563
7250
6796
6099
5235
4360
3461
2434
1474
683
-80
-814
-1366
-1755
-2143
-2461
-2586
-2589
-2529
-2403
-2199
-1845
-1330
-770
-191
478
1131
1677
2160
2550
2751
2674
2407
2022
1418
576
-401
-1381
-2427
-3498
-4499
-5336
-6032
-6577
-6887
-7022
-7013
-6952
-6795
-6514
-6073
-5430
-4617
-3669
-2692
-1593
-324
976
2249
3525
4702
5674
6502
7225
7712
7926
7911
7707
7362
6871
6149
5262
4390
3524
2511
1548
770
-4
-754
-1282
-1664
-2067
-2374
-2513
-2563
-2518
-2390
-2202
-1871
-1364
-818
-260
411
1100
1665
2149
2550
2733
2641
2416
2062
1440
594
-351
-1341
-2404
-3466
-4474
-5349
-6068
-6615
-6970
-7139
-7144
-7115
-6979
-6687
-6216
-5551
-4699
-3722
-2707
-1539
-207
1110
2427
3772
4968
5943
6798
7532
7975
8167
8167
7977
7612
7086
6344
5452
4564
3660
2638
1677
862
41
-731
-1287
-1743
-2212
-2547
-2741
-2868
-2867
-2740
-2552
-2226
-1701
-1127
-561
106
829
1453
1968
2400
2603
2528
2347
2018
1393
554
-360
-1345
-2402
-3435
-4394
-5256
-5986
-6552
-6924
-7105
-7144
-7155
-7044
-6759
-6279
-5584
-4706
-3743
-2686
-1444
-96
1243
2614
3953
5118
6135
7028
7726
8141
8323
8274
8071
7718
7142
6347
5490
4596
3610
2587
1651
775
-75
-811
-1405
-1949
-2434
-2762
-2972
-3087
-3053
-2910
-2669
-2257
-1690
-1076
-437
260
972
1614
2161
2589
2772
2705
2522
2157
1498
641
-290
-1291
-2369
-3408
-4338
-5182
-5930
-6506
-6864
-7043
-7128
-7160
-7045
-6782
-6331
-5629
-4746
-3813
-2749
-1487
-139
1225
2631
3961
5124
6184
7107
7804
8242
8427
8349
8141
7789
7168
6324
5453
4520
3472
2425
1465
547
-317
-1040
-1647
-2198
-2662
-2969
-3139
-3200
-3135
-2964
-2657
-2191
-1600
-943
-234
500
1213
1856
2416
2838
2994
2913
2698
2268
1552
663
-305
-1362
-2479
-3546
-4509
-5382
-6135
-6706
-7062
-7248
-7362
-7391
-7236
-6932
-6481
-5758
-4826
-3864
-2784
-1472
-75
1313
2745
4123
5305
6357
7293
7973
8366
8541
8484
8233
7828
7201
6341
5416
4478
3460
2431
1479
574
-278
-982
-1554
-2091
-2542
-2819
-2981
-3079
-3051
-2882
-2595
-2188
-1642
-995
-295
420
1105
1735
2288
2681
2826
2783
2583
2127
1405
563
-369
-1413
-2508
-3550
-4515
-5389
-6132
-6693
-7065
-7303
-7480
-7539
-7376
-7041
-6541
-5785
-4828
-3798
-2610
-1208
252
1686
3144
4510
5675
6714
7610
8176
8449
8579
8514
8201
7727
7086
6248
5325
4394
3413
2421
1474
541
-317
-1015
-1639
-2256
-2732
-3017
-3226
-3361
-3318
-3117
-2812
-2377
-1801
-1130
-384
368
1062
1697
2244
2594
2720
2700
2482
1960
1202
366
-544
-1564
-2631
-3641
-4565
-5393
-6085
-6577
-6915
-7183
-7361
-7387
-7221
-6845
-6237
-5446
-4511
-3387
-2060
-616
881
2392
3830
5104
6233
7225
7975
8403
8569
8555
8374
7979
7368
6622
5807
4888
3886
2908
1976
1004
52
-739
-1415
-2101
-2729
-3168
-3454
-3650
-3708
-3576
-3279
-2851
-2305
-1644
-881
-79
698
1430
2074
2542
2801
2897
2810
2460
1830
1011
102
-856
-1869
-2919
-3920
-4802
-5570
-6209
-6643
-6941
-7206
-7376
-7347
-7131
-6708
-6033
-5198
-4253
-3068
-1653
-168
1368
2947
4396
5631
6747
7712
8368
8723
8865
8780
8492
8008
7286
6419
5535
4568
3482
2455
1529
561
-384
-1127
-1768
-2437
-3017
-3391
-3637
-3765
-3722
-3502
-3134
-2618
-1998
-1296
-490
333
1087
1791
2413
2808
2970
3006
2846
2369
1636
774
-187
-1228
-2313
-3377
-4366
-5232
-5987
-6579
-6975
-7258
-7505
-7608
-7479
-7135
-6587
-5824
-4930
-3884
-2607
-1168
335
1900
3443
4793
5989
7074
7925
8449
8760
8860
8710
8356
7807
6993
6061
5129
4131
3053
2057
1135
203
-649
-1338
-1962
-2569
-3047
-3382
-3597
-3665
-3568
-3337
-2933
-2369
-1716
-992
-172
637
1371
2038
2592
2918
3046
3021
2755
2195
1440
561
-430
-1523
-2638
-3703
-4660
-5504
-6212
-6740
-7117
-7408
-7601
-7623
-7433
-6996
-6339
-5543
-4616
-3453
-2086
-625
894
2464
3914
5208
6400
7440
8167
8617
8856
8878
8668
8271
7614
6740
5794
4840
3813
2766
1764
813
-103
-907
-1606
-2246
-2813
-3265
-3587
-3763
-3781
-3663
-3363
-2877
-2257
-1556
-774
53
869
1610
2244
2702
2975
3058
2921
2534
1927
1143
231
-776
-1866
-2967
-3990
-4902
-5712
-6353
-6823
-7198
-7491
-7613
-7553
-7282
-6759
-6025
-5189
-4183
-2910
-1455
50
1590
3113
4487
5742
6909
7853
8442
8785
8931
8836
8512
8000
7251
6333
5385
4404
3355
2303
1308
348
-528
-1281
-1961
-2594
-3105
-3489
-3769
-3884
-3829
-3616
-3229
-2667
-2015
-1281
-481
349
1134
1857
2428
2796
2978
2987
2746
2253
1595
790
-148
-1184
-2246
-3307
-4289
-5181
-5937
-6558
-7028
-7427
-7696
-7785
-7637
-7284
-6688
-5891
-4952
-3833
-2444
-878
704
2270
3786
5170
6408
7518
8345
8827
9056
9098
8877
8431
7790
6956
5993
5023
4000
2918
1876
899
-44
-881
-1565
-2205
-2788
-3209
-3471
-3659
-3685
-3523
-3195
-2729
-2127
-1467
-723
82
879
1609
2271
2762
3011
3083
2982
2622
1997
1259
397
-615
-1720
-2785
-3830
-4815
-5688
-6387
-6975
-7437
-7778
-7972
-8003
-7781
-7313
-6643
-5805
-4797
-3554
-2093
-498
1100
2678
4163
5514
6700
7711
8405
8797
8957
8930
8649
8151
7445
6576
5628
4669
3642
2593
1623
688
-237
-1028
-1669
-2313
-2897
-3263
-3456
-3593
-3586
-3368
-2983
-2481
-1882
-1200
-422
411
1187
1904
2551
3001
3180
3192
3062
2630
1938
1158
286
-767
-1884
-2941
-3957
-4940
-5799
-6485
-7045
-7474
-7794
-7979
-7981
-7682
-7152
-6442
-5588
-4496
-3171
-1660
-71
1541
3098
4528
5829
6975
7899
8493
8842
8980
8929
8603
8064
7306
6436
5470
4458
3391
2387
1406
424
-495
-1264
-1983
-2687
-3227
-3558
-3773
-3895
-3819
-3560
-3152
-2621
-1979
-1249
-428
410
1190
1905
2509
2890
3049
3068
2870
2381
1695
922
21
-1016
-2074
-3081
-4051
-4970
-5767
-6419
-6924
-7332
-7639
-7806
-7707
-7332
-6724
-5970
-5031
-3854
-2443
-910
676
2259
3741
5087
6304
7372
8154
8644
8909
9009
8842
8430
7788
7005
6097
5087
3982
2919
1916
907
-88
-951
-1732
-2508
-3139
-3553
-3843
-4053
-4065
-3875
-3528
-3050
-2438
-1737
-938
-96
717
1464
2129
2615
2908
3061
3008
2659
2091
1416
595
-373
-1422
-2468
-3475
-4403
-5257
-5998
-6592
-7056
-7466
-7762
-7822
-7604
-7148
-6460
-5587
-4542
-3244
-1736
-147
1433
2990
4410
5699
6873
7843
8481
8854
9026
8982
8667
8141
7406
6517
5548
4490
3350
2265
1255
254
-679
-1478
-2215
-2889
-3352
-3635
-3844
-3924
-3776
-3471
-3028
-2424
-1714
-970
-164
660
1415
2064
2594
2953
3139
3162
2936
2420
1754
998
92
-957
-2051
-3106
-4103
-5022
-5813
-6456
-6972
-7406
-7756
-7970
-7938
-7635
-7079
-6310
-5365
-4222
-2832
-1248
356
1939
3478
4882
6133
7265
8169
8731
8998
9076
8935
8534
7921
7122
6175
5177
4118
2996
1931
938
-36
-941
-1699
-2376
-2971
-3374
-3615
-3780
-3793
-3607
-3283
-2799
-2150
-1434
-692
110
912
1610
2216
2707
3006
3119
3067
2760
2194
1496
702
-230
-1271
-2332
-3343
-4300
-5188
-5931
-6509
-6976
-7392
-7709
-7873
-7816
-7514
-6928
-6138
-5193
-4040
-2616
-1031
534
2107
3669
5058
6261
7376
8264
8783
9008
9080
8909
8469
7830
7011
6044
5047
3985
2865
1828
866
-112
-1008
-1726
-2369
-2951
-3342
-3561
-3711
-3716
-3541
-3219
-2725
-2082
-1418
-691
139
927
1587
2222
2754
3021
3094
3037
2730
2147
1430
603
-359
-1388
-2424
-3426
-4365
-5223
-5955
-6516
-6947
-7347
-7656
-7772
-7663
-7357
-6782
-5991
-5072
-3953
-2543
-996
519
2073
3623
4977
6154
7246
8085
8561
8797
8886
8719
8316
7722
6925
5995
5039
3987
2879
1870
912
-69
-932
-1623
-2277
-2862
-3234
-3444
-3593
-3590
-3406
-3076
-2585
-1967
-1323
-596
237
1005
1667
2325
2855
3104
3155
3073
2732
2109
1341
457
-557
-1629
-2693
-3729
-4695
-5549
-6248
-6787
-7198
-7547
-7779
-7812
-7613
-7221
-6571
-5717
-4726
-3543
-2101
-559
958
2501
3981
5269
6396
7391
8097
8476
8644
8646
8413
7999
7368
6513
5568
4607
3544
2452
1468
524
-398
-1166
-1789
-2391
-2880
-3161
-3325
-3406
-3309
-3071
-2730
-2227
-1598
-955
-236
570
1301
1925
2521
2986
3183
3179
3009
2594
1921
1110
208
-809
-1895
-2967
-3984
-4912
-5718
-6359
-6841
-7214
-7523
-7708
-7696
-7466
-7026
-6317
-5412
-4373
-3152
-1699
-151
1362
2857
4268
5511
6571
7474
8120
8463
8552
8480
8225
7782
7090
6208
5254
4283
3247
2189
1206
321
-504
-1260
-1893
-2417
-2856
-3192
-3376
-3399
-3320
-3148
-2804
-2287
-1694
-1065
-336
450
1152
1757
2318
2769
2982
2959
2763
2384
1765
976
121
-816
-1860
-2907
-3855
-4719
-5501
-6122
-6572
-6945
-7281
-7494
-7505
-7286
-6821
-6107
-5231
-4194
-2931
-1454
82
1595
3085
4464
5652
6687
7579
8188
8484
8549
8464
8184
7681
6954
6084
5153
4174
3127
2086
1137
262
-559
-1309
-1941
-2482
-2934
-3259
-3442
-3483
-3417
-3218
-2838
-2311
-1718
-1062
-316
451
1139
1749
2285
2673
2839
2806
2583
2164
1548
782
-73
-1014
-2035
-3039
-3947
-4772
-5509
-6104
-6536
-6913
-7242
-7445
-7423
-7155
-6648
-5935
-5057
-3964
-2633
-1144
391
1930
3403
4712
5861
6919
7757
8266
8502
8568
8433
8086
7536
6791
5925
5023
4036
2953
1924
976
54
-807
-1523
-2160
-2729
-3126
-3374
-3539
-3542
-3361
-3059
-2607
-2013
-1358
-648
144
926
1602
2211
2706
2984
3041
2939
2590
2009
1291
455
-504
-1543
-2608
-3619
-4513
-5299
-5979
-6540
-6944
-7288
-7523
-7606
-7457
-7079
-6467
-5685
-4724
-3512
-2092
-591
942
2481
3892
5117
6231
7235
7909
8266
8406
8404
8162
7725
7076
6273
5388
4478
3467
2415
1468
526
-358
-1135
-1746
-2331
-2800
-3066
-3245
-3330
-3231
-2950
-2573
-2037
-1413
-761
-4
797
1515
2129
2713
3119
3234
3180
2981
2484
1742
926
22
-1026
-2133
-3200
-4160
-5001
-5731
-6346
-6823
-7208
-7509
-7657
-7608
-7358
-6887
-6159
-5302
-4269
-2977
-1481
13
1540
3054
4404
5549
6618
7513
8009
8246
8324
8241
7901
7410
6693
5837
4932
4014
2981
1968
1106
203
-645
-1377
-1953
-2526
-2935
-3153
-3325
-3374
-3238
-2911
-2482
-1895
-1260
-598
196
993
1693
2282
2825
3175
3234
3152
2889
2342
1569
721
-202
-1268
-2361
-3385
-4305
-5102
-5790
-6373
-6820
-7212
-7475
-7605
-7509
-7204
-6663
-5881
-4989
-3883
-2540
-1011
501
2040
3510
4823
5922
6938
7716
8124
8297
8306
8147
7748
7190
6417
5543
4628
3682
2628
1645
808
-49
-878
-1606
-2198
-2751
-3119
-3334
-3464
-3466
-3290
-2935
-2438
-1825
-1199
-514
302
1084
1772
2348
2822
3121
3166
3062
2738
2174
1425
556
-365
-1408
-2458
-3431
-4320
-5087
-5765
-6320
-6771
-7162
-7395
-7509
-7412
-7087
-6493
-5704
-4775
-3590
-2196
-661
893
2435
3851
5131
6224
7180
7862
8245
8379
8307
8083
7641
6988
6183
5323
4394
3402
2367
1414
563
-262
-1054
-1761
-2354
-2860
-3197
-3390
-3437
-3352
-3130
-2744
-2213
-1596
-971
-250
574
1337
1995
2534
2947
3174
3161
2970
2561
1915
1127
210
-774
-1835
-2871
-3816
-4709
-5449
-6091
-6601
-7020
-7331
-7534
-7569
-7385
-6994
-6337
-5506
-4479
-3231
-1765
-199
1353
2833
4217
5438
6507
7397
7977
8294
8387
8268
7951
7413
6694
5876
4986
4041
3036
2038
1115
294
-488
-1200
-1824
-2352
-2788
-3071
-3209
-3200
-3059
-2807
-2392
-1869
-1253
-618
117
926
1653
2241
2701
3059
3187
3079
2788
2299
1555
708
-233
-1271
-2344
-3334
-4244
-5105
-5787
-6345
-6775
-7125
-7355
-7544
-7461
-7168
-6692
-6002
-5151
-4050
-2753
-1234
314
1809
3224
4569
5724
6776
7573
8023
8273
8353
8186
7786
7201
6481
5649
4741
3798
2798
1853
945
103
-675
-1324
-1921
-2453
-2843
-3082
-3235
-3241
-3085
-2813
-2350
-1803
-1176
-499
301
1109
1779
2339
2782
3069
3120
2994
2639
2053
1265
408
-549
-1626
-2694
-3652
-4556
-5368
-6029
-6530
-6898
-7214
-7406
-7526
-7308
-6935
-6365
-5615
-4701
-3514
-2146
-603
899
2365
3739
5009
6132
7111
7744
8082
8271
8258
7970
7504
6892
6130
5283
4394
3449
2494
1623
733
-119
-854
-1470
-2067
-2573
-2902
-3140
-3297
-3275
-3119
-2817
-2307
-1734
-1119
-381
451
1211
1841
2429
2845
3034
3068
2915
2464
1804
1050
189
-793
-1853
-2885
-3821
-4683
-5434
-6091
-6562
-6937
-7249
-7447
-7480
-7202
-6781
-6119
-5310
-4331
-3059
-1610
-98
1367
2854
4206
5385
6494
7379
7868
8118
8235
8117
7717
7186
6495
5642
4783
3886
2882
1980
1163
308
-515
-1172
-1748
-2293
-2696
-2929
-3092
-3127
-2999
-2780
-2363
-1787
-1174
-556
223
1020
1716
2319
2879
3183
3234
3164
2842
2248
1488
677
-259
-1300
-2348
-3335
-4238
-5044
-5745
-6337
-6758
-7113
-7378
-7560
-7498
-7174
-6662
-5923
-5068
-3990
-2632
-1158
306
1792
3291
4596
5689
6757
7537
7917
8070
8115
7935
7450
6839
6088
5192
4329
3388
2353
1493
690
-126
-907
-1468
-1971
-2445
-2770
-2899
-2957
-2898
-2697
-2390
-1904
-1348
-721
-80
682
1416
2069
2627
3115
3339
3321
3142
2697
2067
1250
372
-589
-1657
-2696
-3639
-4539
-5336
-6009
-6512
-6891
-7226
-7460
-7608
-7483
-7135
-6554
-5794
-4904
-3724
-2314
-848
627
2160
3627
4901
5992
7000
7706
8057
8172
8155
7935
7430
6790
6027
5169
4323
3353
2339
1476
619
-223
-976
-1527
-2046
-2513
-2811
-2935
-2991
-2920
-2708
-2377
-1898
-1394
-771
-90
658
1364
1998
2537
2970
3174
3174
2971
2500
1864
1028
127
-832
-1908
-2952
-3907
-4837
-5617
-6245
-6682
-7020
-7313
-7502
-7565
-7352
-6934
-6291
-5504
-4533
-3280
-1875
-412
1089
2592
3977
5227
6309
7221
7855
8183
8276
8188
7901
7399
6744
5965
5126
4280
3327
2350
1449
550
-288
-1001
-1581
-2117
-2559
-2836
-3013
-3107
-3022
-2820
-2483
-2010
-1506
-870
-138
626
1334
1949
2469
2861
3039
3044
2827
2333
1650
812
-100
-1088
-2165
-3224
-4199
-5111
-5834
-6424
-6842
-7137
-7368
-7508
-7474
-7172
-6664
-5965
-5155
-4112
-2834
-1424
44
1548
3014
4349
5556
6595
7435
8010
8283
8331
8165
7787
7249
6524
5653
4753
3862
2889
1900
993
146
-627
-1270
-1795
-2263
-2626
-2819
-2948
-2984
-2832
-2583
-2183
-1653
-1080
-424
326
1106
1784
2342
2821
3116
3194
3105
2792
2216
1450
574
-423
-1489
-2570
-3643
-4595
-5417
-6097
-6671
-7062
-7296
-7484
-7566
-7418
-7067
-6487
-5710
-4857
-3802
-2500
-1041
411
1884
3357
4648
5738
6713
7522
7999
8162
8165
7937
7481
6900
6120
5183
4259
3356
2365
1414
613
-129
-818
-1350
-1789
-2219
-2531
-2661
-2756
-2751
-2585
-2331
-1916
-1370
-796
-182
555
1308
1914
2459
2934
3158
3169
3012
2649
2047
1257
362
-669
-1748
-2817
-3847
-4720
-5481
-6137
-6663
-7005
-7229
-7424
-7455
-7276
-6940
-6299
-5469
-4599
-3520
-2159
-672
764
2242
3699
4917
5951
6913
7655
8013
8106
8069
7781
7291
6694
5890
4955
4060
3126
2114
1215
462
-282
-948
-1421
-1853
-2293
-2576
-2695
-2770
-2718
-2536
-2270
-1847
-1309
-752
-139
612
1318
1889
2462
2916
3105
3089
2887
2490
1852
1038
131
-893
-1972
-3051
-4031
-4876
-5631
-6248
-6700
-6997
-7233
-7398
-7366
-7184
-6807
-6086
-5244
-4335
-3162
-1756
-303
1130
2612
3992
5158
6207
7134
7766
8028
8077
8004
7689
7204
6585
5780
4903
4033
3060
2053
1192
424
-370
-1045
-1521
-1974
-2424
-2690
-2797
-2845
-2760
-2544
-2239
-1789
-1245
-679
-36
720
1386
1951
2499
2890
3051
3010
2768
2302
1592
741
-166
-1174
-2245
-3307
-4285
-5152
-5893
-6476
-6867
-7118
-7364
-7486
-7394
-7157
-6703
-5939
-5076
-4075
-2819
-1396
49
1490
2974
4326
5480
6523
7419
7953
8139
8161
8039
7658
7123
6434
5572
4683
3800
2785
1773
966
214
-567
-1199
-1633
-2060
-2448
-2634
-2681
-2697
-2597
-2347
-1990
-1498
-941
-359
307
1060
1696
2240
2723
3050
3155
3054
2757
2199
1392
475
-460
-1481
-2552
-3614
-4609
-5476
-6179
-6726
-7058
-7254
-7486
-7556
-7411
-7115
-6624
-5858
-4959
-3913
-2660
-1233
228
1670
3161
4502
5628
6632
7504
7987
8151
8158
7980
7559
7015
6283
5367
4466
3589
2573
1598
857
137
-595
-1170
-1606
-2045
-2385
-2556
-2628
-2658
-2596
-2403
-2039
-1525
-999
-443
250
1009
1633
2199
2706
3033
3120
3016
2718
2152
1371
464
-480
-1475
-2505
-3556
-4525
-5338
-5994
-6528
-6843
-7031
-7270
-7330
-7194
-6927
-6481
-5743
-4848
-3842
-2630
-1199
242
1671
3158
4474
5568
6551
7416
7894
8065
8062
7865
7459
6941
6201
5262
4363
3498
2490
1539
809
86
-622
-1180
-1653
-2099
-2421
-2607
-2689
-2673
-2600
-2424
-2035
-1499
-988
-459
233
985
1612
2179
2694
3011
3084
2949
2629
2076
1328
416
-556
-1536
-2560
-3612
-4538
-5296
-5927
-6448
-6755
-6941
-7154
-7193
-7058
-6792
-6340
-5583
-4678
-3700
-2486
-1041
370
1787
3266
4561
5614
6588
7455
7935
8091
8071
7871
7478
6969
6236
5305
4412
3543
2529
1566
801
46
-693
-1284
-1797
-2268
-2632
-2860
-2939
-2895
-2793
-2593
-2186
-1630
-1080
-531
171
954
1600
2165
2688
3018
3083
2938
2620
2087
1349
438
-529
-1515
-2571
-3619
-4521
-5278
-5929
-6467
-6785
-6980
-7167
-7208
-7074
-6783
-6281
-5474
-4549
-3577
-2335
-848
566
1949
3414
4699
5689
6627
7491
7949
8045
7998
7783
7349
6813
6090
5169
4271
3411
2403
1430
677
-42
-768
-1331
-1774
-2213
-2582
-2770
-2814
-2775
-2656
-2435
-2052
-1518
-946
-387
311
1080
1700
2219
2712
3009
3026
2867
2546
1989
1220
326
-630
-1647
-2719
-3725
-4603
-5359
-6003
-6509
-6788
-6963
-7117
-7158
-7016
-6705
-6172
-5326
-4398
-3448
-2200
-678
730
2053
3504
4781
5721
6626
7481
7917
7973
7930
7690
7230
6687
5963
5041
4150
3320
2325
1373
662
-30
-746
-1297
-1710
-2160
-2529
-2702
-2788
-2799
-2711
-2519
-2174
-1648
-1082
-520
200
971
1600
2153
2663
2949
2976
2871
2583
2036
1281
403
-561
-1601
-2671
-3669
-4535
-5292
-5956
-6440
-6710
-6923
-7118
-7171
-7038
-6749
-6210
-5358
-4446
-3494
-2219
-698
712
2074
3551
4827
5797
6728
7555
7977
8061
8014
7750
7307
6761
5993
5056
4175
3323
2335
1424
709
-13
-720
-1263
-1726
-2198
-2539
-2745
-2882
-2898
-2819
-2658
-2300
-1744
-1188
-615
136
910
1548
2147
2669
2941
2998
2923
2641
2108
1378
497
-479
-1503
-2567
-3576
-4436
-5204
-5892
-6385
-6679
-6962
-7204
-7260
-7133
-6854
-6315
-5503
-4614
-3635
-2354
-865
567
1998
3476
4759
5797
6755
7540
7975
8115
8082
7850
7458
6922
6139
5214
4342
3468
2509
1612
849
87
-610
-1171
-1698
-2174
-2515
-2756
-2907
-2899
-2822
-2653
-2264
-1692
-1125
-512
251
996
1632
2227
2721
2977
3025
2898
2556
1988
1232
323
-662
-1679
-2748
-3769
-4639
-5398
-6065
-6544
-6845
-7144
-7360
-7364
-7185
-6858
-6272
-5446
-4554
-3544
-2209
-713
675
2109
3579
4811
5798
6737
7478
7847
7967
7945
7710
7304
6770
5979
5063
4238
3381
2432
1581
862
111
-556
-1070
-1571
-2046
-2371
-2573
-2717
-2713
-2633
-2438
-2042
-1471
-895
-266
481
1176
1767
2322
2792
2985
2952
2758
2351
1706
905
-4
-978
-1995
-3045
-4015
-4837
-5539
-6148
-6579
-6862
-7137
-7311
-7264
-7042
-6660
-6008
-5175
-4296
-3228
-1817
-370
971
2441
3873
5016
5990
6940
7599
7875
7975
7937
7653
7211
6645
5826
4941
4138
3234
2284
1468
728
-57
-721
-1253
-1800
-2304
-2637
-2858
-3022
-3022
-2924
-2681
-2227
-1623
-1007
-305
481
1180
1791
2377
2832
2979
2926
2736
2303
1613
796
-103
-1062
-2091
-3115
-4016
-4792
-5483
-6077
-6493
-6799
-7060
-7201
-7123
-6879
-6427
-5725
-4899
-3996
-2846
-1413
-30
1363
2878
4246
5362
6390
7305
7831
8044
8128
8024
7671
7177
6517
5649
4778
3917
2946
2020
1195
389
-403
-1048
-1615
-2175
-2639
-2964
-3191
-3296
-3227
-3068
-2746
-2221
-1604
-957
-198
599
1276
1883
2429
2801
2914
2874
2681
2212
1515
700
-181
-1130
-2159
-3151
-4015
-4791
-5502
-6097
-6514
-6847
-7101
-7207
-7115
-6853
-6340
-5591
-4753
-3808
-2591
-1154
214
1670
3193
4505
5610
6649
7484
7912
8125
8206
8041
7648
7118
6377
5488
4627
3720
2737
1836
989
155
-604
-1209
-1785
-2314
-2705
-2993
-3186
-3188
-3036
-2821
-2441
-1888
-1288
-652
98
850
1479
2052
2528
2807
2893
2855
2601
2080
1379
551
-373
-1359
-2399
-3414
-4309
-5103
-5828
-6413
-6808
-7131
-7356
-7381
-7241
-6934
-6319
-5467
-4580
-3578
-2249
-783
574
2031
3533
4754
5767
6746
7491
7869
8075
8131
7923
7522
6962
6175
5301
4472
3555
2571
1704
895
74
-646
-1208
-1758
-2265
-2621
-2868
-3024
-3016
-2884
-2656
-2258
-1738
-1190
-568
146
839
1450
2022
2483
2729
2799
2738
2463
1952
1269
441
-491
-1468
-2492
-3508
-4387
-5161
-5882
-6445
-6814
-7121
-7331
-7342
-7201
-6872
-6215
-5332
-4448
-3415
-2020
-556
762
2203
3681
4828
5783
6751
7475
7854
8068
8129
7923
7537
6980
6192
5337
4538
3614
2609
1747
952
98
-659
-1261
-1836
-2371
-2757
-3023
-3181
-3206
-3109
-2865
-2418
-1881
-1326
-651
118
822
1460
2074
2554
2788
2826
2736
2463
1952
1234
383
-536
-1511
-2550
-3539
-4383
-5167
-5895
-6414
-6763
-7081
-7291
-7306
-7174
-6832
-6164
-5295
-4408
-3340
-1927
-467
866
2324
3792
4943
5929
6905
7616
8000
8218
8254
8040
7648
7070
6258
5394
4587
3655
2636
1761
936
47
-726
-1360
-1977
-2519
-2917
-3206
-3378
-3398
-3301
-3062
-2603
-2047
-1486
-780
39
761
1414
2052
2523
2743
2794
2708
2422
1885
1136
274
-640
-1616
-2642
-3596
-4417
-5201
-5903
-6379
-6725
-7072
-7285
-7276
-7149
-6825
-6162
-5301
-4418
-3344
-1941
-493
870
2367
3863
5052
6079
7070
7783
8175
8390
8388
8150
7766
7173
6325
5448
4628
3680
2660
1770
911
11
-735
-1362
-1995
-2528
-2904
-3193
-3333
-3299
-3195
-2962
-2476
-1899
-1355
-664
166
885
1522
2153
2608
2820
2890
2797
2461
1876
1087
183
-761
-1747
-2778
-3739
-4554
-5311
-6001
-6472
-6810
-7152
-7345
-7285
-7111
-6777
-6112
-5234
-4346
-3293
-1911
-486
854
2356
3865
5052
6051
7032
7741
8092
8273
8265
7999
7599
7018
6151
5237
4427
3527
2511
1620
829
3
-729
-1330
-1905
-2442
-2854
-3136
-3260
-3260
-3213
-2999
-2533
-1987
-1471
-814
-20
698
1342
1976
2459
2727
2851
2793
2487
1943
1189
312
-597
-1551
-2561
-3508
-4323
-5092
-5791
-6295
-6681
-7048
-7239
-7206
-7057
-6713
-6036
-5212
-4379
-3310
-1911
-530
790
2321
3841
5020
6031
7042
7772
8132
8322
8338
8090
7690
7085
6207
5308
4506
3603
2589
1702
930
116
-637
-1252
-1825
-2393
-2865
-3164
-3295
-3353
-3358
-3128
-2657
-2139
-1606
-913
-118
598
1264
1917
2423
2710
2844
2795
2497
1956
1214
366
-529
-1495
-2505
-3440
-4274
-5076
-5789
-6302
-6705
-7077
-7272
-7255
-7115
-6746
-6052
-5258
-4440
-3341
-1920
-535
800
2336
3822
4981
6022
7040
7755
8113
8297
8303
8052
7628
6988
6126
5271
4481
3572
2592
1725
915
99
-644
-1288
-1901
-2463
-2941
-3262
-3403
-3471
-3464
-3213
-2719
-2176
-1585
-848
-26
711
1392
2029
2513
2788
2877
2759
2416
1856
1094
252
-624
-1585
-2592
-3514
-4335
-5117
-5792
-6257
-6633
-6981
-7154
-7133
-6983
-6590
-5896
-5114
-4271
-3118
-1695
-319
1058
2605
4015
5123
6196
7192
7835
8157
8313
8268
7973
7524
6831
5939
5086
4287
3341
2373
1548
713
-108
-817
-1434
-2041
-2556
-2955
-3218
-3315
-3359
-3303
-3014
-2495
-1927
-1310
-535
288
986
1621
2212
2626
2825
2833
2622
2200
1578
771
-96
-975
-1958
-2994
-3906
-4683
-5415
-6034
-6427
-6751
-7062
-7173
-7096
-6916
-6466
-5722
-4906
-4036
-2803
-1362
-37
1337
2882
4223
5252
6321
7272
7833
8094
8228
8143
7825
7381
6665
5762
4928
4128
3164
2233
1485
669
-177
-876
-1463
-2062
-2564
-2938
-3163
-3253
-3323
-3247
-2927
-2392
-1825
-1195
-371
422
1076
1707
2304
2688
2846
2843
2620
2172
1518
720
-147
-1051
-2067
-3113
-3998
-4771
-5496
-6086
-6469
-6788
-7102
-7189
-7104
-6907
-6391
-5618
-4787
-3869
-2559
-1130
175
1566
3099
4394
5432
6520
7420
7935
8167
8282
8154
7810
7340
6597
5704
4884
4043
3061
2146
1389
557
-319
-1021
-1623
-2230
-2723
-3112
-3333
-3441
-3505
-3391
-3027
-2450
-1863
-1196
-336
438
1097
1757
2350
2710
2849
2847
2611
2132
1468
673
-200
-1125
-2141
-3160
-4029
-4804
-5536
-6109
-6507
-6850
-7169
-7253
-7171
-6960
-6402
-5617
-4775
-3804
-2451
-1034
303
1748
3275
4557
5645
6753
7607
8100
8344
8454
8289
7937
7457
6710
5840
5048
4172
3184
2254
1427
570
-308
-1016
-1664
-2290
-2798
-3237
-3480
-3609
-3663
-3547
-3166
-2579
-2018
-1356
-523
232
917
1596
2165
2523
2701
2728
2504
2053
1434
654
-201
-1101
-2088
-3071
-3956
-4752
-5495
-6065
-6504
-6893
-7182
-7242
-7169
-6954
-6355
-5557
-4736
-3767
-2384
-962
371
1841
3371
4625
5691
6778
7604
8088
8358
8453
8263
7935
7445
6659
5788
5036
4128
3098
2172
1328
449
-390
-1062
-1710
-2314
-2796
-3208
-3399
-3455
-3466
-3322
-2890
-2297
-1789
-1146
-335
397
1046
1682
2202
2516
2663
2649
2425
1983
1350
559
-278
-1167
-2157
-3133
-4014
-4808
-5555
-6125
-6555
-6928
-7169
-7207
-7135
-6888
-6273
-5491
-4691
-3711
-2323
-930
351
1817
3326
4491
5505
6583
7401
7873
8194
8307
8132
7852
7387
6600
5768
5087
4193
3137
2243
1440
525
-319
-984
-1653
-2307
-2817
-3215
-3404
-3457
-3484
-3330
-2871
-2308
-1835
-1178
-352
376
996
1623
2152
2444
2565
2545
2367
1946
1304
546
-250
-1126
-2109
-3064
-3911
-4709
-5487
-6066
-6488
-6853
-7096
-7157
-7110
-6817
-6203
-5465
-4646
-3571
-2173
-834
449
1951
3413
4502
5541
6632
7411
7849
8172
8258
8067
7773
7276
6503
5731
5058
4149
3108
2256
1473
541
-287
-943
-1640
-2328
-2832
-3208
-3412
-3499
-3529
-3327
-2858
-2347
-1863
-1152
-336
363
992
1644
2151
2397
2506
2469
2249
1782
1126
376
-432
-1311
-2282
-3194
-4005
-4813
-5587
-6122
-6515
-6874
-7087
-7105
-7036
-6685
-6036
-5303
-4460
-3314
-1919
-641
666
2172
3540
4604
5705
6761
7463
7884
8198
8219
8025
7737
7198
6458
5761
5063
4104
3094
2271
1446
483
-311
-1003
-1740
-2407
-2897
-3259
-3470
-3550
-3554
-3294
-2797
-2315
-1812
-1053
-255
424
1089
1761
2235
2463
2570
2499
2214
1719
1068
287
-550
-1444
-2421
-3327
-4118
-4916
-5672
-6187
-6566
-6919
-7112
-7086
-7022
-6660
-5990
-5247
-4450
-3302
-1901
-644
673
2179
3539
4614
5758
6798
7475
7882
8196
8182
7983
7708
7150
6390
5689
4967
3970
2968
2153
1311
315
-450
-1132
-1854
-2475
-2948
-3256
-3433
-3470
-3436
-3147
-2634
-2169
-1678
-945
-176
473
1122
1758
2192
2411
2485
2407
2139
1656
1008
238
-550
-1438
-2414
-3285
-4050
-4819
-5498
-5984
-6352
-6679
-6856
-6838
-6812
-6440
-5770
-5047
-4324
-3215
-1852
-634
664
2149
3504
4547
5671
6703
7378
7779
8100
8095
7937
7693
7162
6395
5705
5015
4038
3074
2267
1409
393
-373
-1069
-1788
-2423
-2953
-3305
-3495
-3550
-3574
-3312
-2829
-2391
-1924
-1220
-456
159
806
1453
1864
2094
2190
2174
1967
1520
906
179
-548
-1411
-2369
-3223
-3998
-4776
-5420
-5898
-6260
-6598
-6768
-6750
-6730
-6333
-5616
-4863
-4151
-3036
-1672
-476
798
2300
3646
4640
5727
6762
7427
7816
8134
8126
7993
7762
7236
6446
5769
5097
4098
3146
2332
1451
409
-368
-1066
-1773
-2405
-2950
-3338
-3517
-3575
-3621
-3357
-2898
-2449
-1991
-1277
-512
68
712
1385
1785
1998
2114
2130
1945
1512
937
234
-488
-1338
-2278
-3130
-3937
-4750
-5434
-5940
-6316
-6681
-6862
-6829
-6803
-6412
-5660
-4874
-4159
-3076
-1692
-500
711
2222
3584
4575
5640
6695
7418
7838
8191
8216
8098
7886
7361
6556
5864
5202
4169
3173
2344
1484
426
-414
-1111
-1808
-2445
-2999
-3386
-3545
-3616
-3660
-3361
-2902
-2433
-1973
-1228
-437
141
776
1467
1926
2142
2273
2290
2129
1709
1132
437
-284
-1156
-2133
-3000
-3847
-4706
-5484
-6052
-6468
-6854
-7068
-7037
-7032
-6668
-5923
-5133
-4385
-3333
-1924
-703
477
1994
3398
4417
5480
6548
7335
7763
8123
8185
8055
7847
7322
6523
5807
5162
4136
3129
2313
1489
474
-375
-1039
-1715
-2334
-2850
-3208
-3353
-3419
-3476
-3179
-2713
-2230
-1821
-1125
-331
248
813
1468
1974
2171
2310
2324
2166
1735
1141
450
-260
-1104
-2061
-2917
-3745
-4570
-5347
-5911
-6326
-6690
-6907
-6882
-6905
-6614
-5926
-5173
-4409
-3411
-2040
-808
361
1849
3266
4302
5345
6400
7212
7650
7973
8054
7923
7761
7286
6509
5802
5193
4218
3211
2395
1561
561
-303
-986
-1678
-2320
-2843
-3217
-3375
-3440
-3536
-3299
-2833
-2336
-1958
-1336
-550
57
602
1229
1773
2019
2210
2267
2134
1751
1189
514
-201
-1006
-1932
-2790
-3583
-4387
-5163
-5732
-6146
-6501
-6741
-6740
-6750
-6570
-5986
-5247
-4465
-3581
-2300
-1011
156
1557
3007
4138
5143
6181
7081
7605
7898
8033
7940
7815
7449
6733
5991
5383
4513
3477
2600
1781
828
-89
-803
-1466
-2127
-2694
-3082
-3278
-3368
-3477
-3334
-2924
-2429
-2044
-1529
-810
-180
359
933
1498
1837
2058
2154
2102
1828
1330
721
30
-746
-1655
-2522
-3293
-4090
-4875
-5491
-5936
-6285
-6560
-6647
-6631
-6542
-6142
-5446
-4658
-3916
-2832
-1514
-325
922
2365
3660
4664
5669
6669
7389
7729
7955
7970
7882
7643
7065
6296
5646
4922
3905
2900
2050
1190
238
-564
-1226
-1878
-2514
-2972
-3222
-3356
-3458
-3438
-3136
-2632
-2155
-1689
-1030
-339
264
826
1420
1864
2125
2238
2240
2061
1628
1045
343
-417
-1321
-2260
-3110
-3910
-4687
-5365
-5885
-6258
-6534
-6690
-6660
-6612
-6390
-5740
-4943
-4230
-3354
-2052
-790
351
1726
3186
4264
5204
6229
7105
7562
7787
7889
7801
7638
7197
6453
5715
5103
4252
3222
2344
1584
727
-121
-787
-1414
-2015
-2535
-2881
-3070
-3164
-3232
-3131
-2717
-2217
-1779
-1233
-521
125
684
1253
1752
2035
2170
2200
2054
1674
1109
413
-332
-1143
-2098
-3028
-3840
-4555
-5220
-5794
-6187
-6475
-6632
-6620
-6510
-6446
-5992
-5194
-4432
-3687
-2612
-1274
-152
1059
2533
3845
4761
5745
6719
7402
7693
7866
7848
7707
7459
6853
6044
5372
4710
3757
2801
2037
1268
365
-399
-1031
-1665
-2224
-2677
-2980
-3132
-3203
-3240
-3021
-2548
-2095
-1658
-1000
-229
394
943
1518
1944
2139
2215
2185
1922
1410
741
23
-717
-1605
-2585
-3461
-4192
-4869
-5496
-5980
-6279
-6504
-6563
-6461
-6318
-6150
-5559
-4753
-3981
-3160
-2022
-770
319
1603
3008
4173
5082
6084
6936
7475
7715
7849
7751
7589
7241
6536
5739
5075
4307
3318
2443
1688
861
-40
-728
-1352
-1969
-2467
-2835
-3085
-3188
-3222
-3158
-2836
-2383
-1974
-1477
-748
-20
547
1093
1645
2015
2182
2231
2162
1839
1275
590
-96
-870
-1818
-2756
-3550
-4244
-4953
-5560
-5970
-6238
-6424
-6413
-6280
-6152
-5922
-5254
-4429
-3691
-2877
-1706
-508
561
1833
3179
4267
5173
6125
6892
7364
7590
7689
7573
7429
7034
6308
5540
4902
4081
3089
2230
1457
605
-254
-898
-1507
-2078
-2515
-2821
-3014
-3062
-3057
-2907
-2512
-2054
-1654
-1133
-406
233
715
1222
1724
2026
2124
2122
1997
1612
989
277
-433
-1263
-2233
-3131
-3860
-4530
-5209
-5749
-6079
-6298
-6381
-6286
-6123
-5981
-5677
-4924
-4074
-3372
-2562
-1355
-185
869
2130
3456
4451
5295
6194
6908
7293
7456
7525
7392
7235
6819
6110
5365
4766
3943
2955
2104
1346
497
-307
-905
-1487
-2027
-2445
-2716
-2896
-2938
-2928
-2753
-2335
-1872
-1494
-996
-311
279
724
1196
1654
1910
1986
1965
1800
1392
765
48
-681
-1500
-2437
-3316
-4009
-4625
-5256
-5749
-6040
-6227
-6283
-6168
-5979
-5793
-5500
-4797
-3947
-3219
-2442
-1286
-83
1002
2220
3516
4545
5382
6237
6951
7363
7497
7535
7386
7187
6760
6073
5305
4669
3867
2869
1985
1213
383
-413
-1010
-1561
-2089
-2504
-2753
-2926
-2974
-2941
-2745
-2335
-1864
-1461
-977
-334
268
749
1210
1624
1878
1982
1960
1781
1397
818
126
-593
-1366
-2253
-3142
-3846
-4439
-5059
-5562
-5863
-6065
-6156
-6073
-5866
-5648
-5401
-4841
-4019
-3229
-2472
-1452
-241
895
2036
3251
4342
5192
5981
6715
7211
7367
7367
7238
7019
6650
6017
5250
4568
3844
2897
1990
1221
465
-311
-920
-1427
-1919
-2332
-2595
-2759
-2813
-2769
-2624
-2300
-1856
-1431
-1012
-464
115
615
1041
1426
1701
1837
1828
1682
1371
867
238
-438
-1146
-1975
-2832
-3555
-4146
-4732
-5223
-5553
-5778
-5888
-5844
-5675
-5471
-5266
-4897
-4195
-3368
-2636
-1820
-697
488
1556
2668
3811
4734
5491
6263
6899
7176
7216
7153
6985
6710
6205
5466
4731
4080
3255
2304
1476
764
20
-661
-1193
-1665
-2085
-2400
-2604
-2673
-2634
-2573
-2408
-2034
-1592
-1229
-816
-284
230
651
1039
1376
1580
1623
1524
1300
910
340
-304
-959
-1675
-2486
-3229
-3821
-4310
-4766
-5119
-5348
-5441
-5431
-5327
-5156
-4968
-4756
-4285
-3523
-2793
-2148
-1255
-102
968
1993
3114
4157
4973
5755
6488
6959
7122
7125
6998
6806
6450
5788
4984
4310
3632
2731
1808
1059
366
-336
-950
-1452
-1862
-2203
-2473
-2611
-2582
-2532
-2487
-2256
-1821
-1422
-1088
-644
-98
397
806
1162
1452
1581
1515
1323
1036
546
-121
-775
-1404
-2148
-2950
-3594
-4068
-4501
-4911
-5187
-5294
-5295
-5252
-5106
-4869
-4657
-4392
-3796
-2998
-2324
-1646
-641
502
1518
2543
3653
4609
5369
6101
6706
7029
7078
6982
6794
6544
6041
5246
4447
3819
3095
2180
1331
676
31
-623
-1170
-1573
-1904
-2224
-2432
-2459
-2389
-2379
-2298
-1993
-1576
-1251
-933
-450
108
534
856
1159
1388
1385
1219
1001
643
46
-612
-1190
-1804
-2562
-3273
-3785
-4185
-4601
-4949
-5107
-5114
-5085
-4995
-4764
-4502
-4306
-3949
-3238
-2481
-1874
-1151
-83
966
1904
2920
3981
4824
5494
6165
6659
6841
6804
6683
6489
6177
5581
4771
4058
3505
2744
1868
1146
589
-59
-675
-1092
-1442
-1795
-2084
-2170
-2181
-2173
-2195
-2074
-1774
-1452
-1216
-915
-414
57
351
634
914
1053
981
834
621
211
-355
-912
-1445
-2046
-2727
-3329
-3754
-4086
-4439
-4708
-4791
-4765
-4710
-4585
-4372
-4166
-3987
-3578
-2886
-2216
-1642
-921
116
1092
1988
2961
3944
4731
5372
6000
6436
6586
6547
6428
6243
5916
5305
4553
3943
3427
2649
1840
1228
692
39
-532
-894
-1259
-1619
-1886
-1935
-1981
-2059
-2117
-1989
-1708
-1501
-1310
-1014
-562
-198
42
321
558
668
608
488
288
-82
-574
-1064
-1550
-2125
-2725
-3229
-3575
-3863
-4166
-4386
-4435
-4389
-4315
-4187
-4002
-3794
-3641
-3245
-2571
-1935
-1428
-745
293
1224
2027
2941
3892
4614
5206
5795
6205
6320
6257
6086
5862
5541
4937
4210
3658
3188
2425
1658
1134
622
-16
-532
-846
-1210
-1565
-1810
-1862
-1930
-2048
-2107
-1966
-1671
-1493
-1314
-998
-559
-243
-28
248
461
557
502
407
235
-99
-544
-991
-1416
-1974
-2531
-2970
-3284
-3591
-3911
-4101
-4128
-4090
-4027
-3874
-3687
-3471
-3340
-2970
-2331
-1741
-1306
-669
344
1221
1924
2742
3666
4328
4854
5395
5803
5914
5846
5680
5485
5238
4699
4042
3559
3171
2470
1726
1230
767
156
-360
-676
-1057
-1444
-1730
-1853
-1980
-2149
-2249
-2155
-1915
-1744
-1575
-1277
-850
-522
-283
10
270
405
419
380
272
7
-387
-794
-1139
-1622
-2137
-2565
-2895
-3189
-3504
-3671
-3702
-3688
-3665
-3526
-3379
-3217
-3132
-2831
-2275
-1752
-1366
-789
171
1002
1639
2370
3268
3900
4384
4917
5373
5513
5483
5413
5315
5151
4692
4139
3718
3387
2772
2053
1548
1136
551
15
-327
-744
-1200
-1560
-1752
-1981
-2272
-2483
-2476
-2328
-2222
-2102
-1844
-1433
-1057
-779
-439
-85
128
245
313
286
91
-238
-564
-828
-1257
-1756
-2171
-2485
-2738
-3028
-3196
-3272
-3298
-3329
-3237
-3146
-3074
-3059
-2830
-2328
-1867
-1527
-1030
-124
660
1263
1986
2862
3505
4023
4612
5107
5320
5360
5400
5382
5269
4876
4391
4020
3712
3148
2443
1936
1522
936
372
-25
-500
-1018
-1448
-1718
-2037
-2432
-2724
-2779
-2695
-2654
-2567
-2301
-1877
-1461
-1149
-741
-297
-21
167
324
344
189
-72
-336
-616
-1076
-1574
-1960
-2248
-2507
-2785
-2968
-3087
-3142
-3209
-3130
-3048
-3020
-3037
-2852
-2351
-1923
-1590
-1156
-315
448
1052
1825
2698
3365
3926
4553
5067
5347
5393
5449
5444
5350
4985
4513
4160
3840
3273
2560
2062
1614
1003
396
-51
-551
-1108
-1605
-1932
-2267
-2665
-2975
-3053
-2974
-2920
-2801
-2506
-2069
-1627
-1263
-816
-349
-34
193
380
447
353
142
-89
-392
-841
-1327
-1702
-1959
-2222
-2520
-2726
-2867
-2943
-3036
-2987
-2912
-2892
-2916
-2829
-2386
-1973
-1651
-1312
-591
186
774
1516
2413
3142
3720
4345
4921
5290
5353
5419
5441
5395
5109
4672
4295
3969
3421
2708
2194
1714
1097
424
-75
-570
-1176
-1754
-2139
-2460
-2838
-3159
-3260
-3162
-3045
-2890
-2584
-2131
-1668
-1261
-810
-343
1
258
458
591
577
397
200
-79
-467
-936
-1333
-1585
-1843
-2188
-2473
-2635
-2748
-2893
-2919
-2877
-2882
-2922
-2955
-2629
-2241
-1945
-1684
-1082
-266
329
986
1886
2728
3339
3951
4604
5096
5264
5390
5485
5536
5377
5009
4627
4313
3838
3124
2532
2013
1386
617
-17
-561
-1229
-1897
-2372
-2707
-3080
-3420
-3569
-3470
-3298
-3124
-2834
-2367
-1859
-1429
-968
-447
-18
309
551
774
868
737
582
368
42
-397
-797
-1077
-1355
-1737
-2108
-2312
-2476
-2706
-2845
-2876
-2954
-3051
-3179
-2990
-2648
-2381
-2116
-1583
-754
-97
540
1398
2324
2986
3595
4300
4876
5156
5346
5498
5587
5524
5213
4845
4514
4097
3408
2729
2168
1551
721
-40
-637
-1287
-1963
-2490
-2833
-3167
-3474
-3631
-3524
-3305
-3093
-2816
-2370
-1788
-1311
-871
-317
196
576
813
1043
1198
1092
906
699
398
-23
-452
-811
-1148
-1558
-1996
-2287
-2502
-2771
-3018
-3141
-3266
-3354
-3495
-3427
-3074
-2737
-2409
-1926
-1103
-325
346
1134
2088
2850
3465
4164
4792
5152
5358
5530
5599
5569
5320
4946
4547
4132
3520
2793
2155
1546
737
-95
-729
-1308
-1945
-2512
-2879
-3175
-3461
-3610
-3510
-3297
-3057
-2744
-2321
-1729
-1177
-709
-161
375
802
1064
1269
1450
1379
1186
975
683
265
-203
-626
-1022
-1465
-1943
-2322
-2609
-2904
-3211
-3384
-3522
-3586
-3679
-3700
-3322
-2901
-2534
-2108
-1332
-467
216
974
1923
2777
3390
4054
4725
5174
5365
5531
5597
5567
5352
4952
4517
4080
3518
2775
2093
1463
708
-122
-771
-1311
-1914
-2507
-2935
-3198
-3481
-3655
-3571
-3352
-3094
-2752
-2308
-1717
-1126
-627
-81
470
913
1226
1444
1624
1599
1424
1193
913
552
77
-377
-806
-1223
-1695
-2147
-2497
-2803
-3141
-3369
-3509
-3594
-3659
-3762
-3478
-3035
-2661
-2310
-1686
-793
-90
623
1529
2439
3094
3722
4417
4992
5237
5401
5513
5521
5388
5025
4591
4170
3674
2945
2259
1629
917
116
-559
-1112
-1718
-2331
-2833
-3131
-3401
-3616
-3602
-3410
-3139
-2810
-2416
-1871
-1283
-784
-286
271
751
1117
1384
1605
1637
1519
1307
1044
766
328
-138
-591
-1004
-1451
-1923
-2323
-2663
-3013
-3287
-3440
-3566
-3639
-3767
-3654
-3263
-2854
-2509
-2060
-1224
-422
251
1079
2028
2786
3395
4065
4740
5110
5274
5417
5465
5397
5124
4696
4241
3833
3208
2477
1832
1184
443
-283
-852
-1395
-1997
-2517
-2832
-3043
-3242
-3289
-3153
-2896
-2579
-2248
-1800
-1264
-760
-310
174
654
1043
1311
1538
1613
1521
1320
1036
763
345
-178
-678
-1121
-1581
-2061
-2465
-2811
-3159
-3440
-3575
-3683
-3749
-3818
-3798
-3492
-3055
-2636
-2257
-1562
-683
33
767
1685
2549
3183
3791
4456
4951
5159
5297
5341
5279
5097
4732
4247
3840
3381
2676
1972
1369
751
26
-614
-1095
-1612
-2133
-2502
-2678
-2820
-2904
-2865
-2662
-2345
-2042
-1685
-1213
-696
-231
177
602
1001
1266
1441
1526
1470
1288
993
686
311
-195
-725
-1169
-1593
-2044
-2461
-2790
-3092
-3366
-3529
-3623
-3672
-3709
-3734
-3520
-3093
-2652
-2276
-1716
-878
-125
545
1374
2264
2932
3489
4096
4634
4897
5022
5081
5031
4886
4596
4174
3754
3376
2781
2090
1502
946
266
-398
-879
-1341
-1853
-2288
-2516
-2654
-2764
-2812
-2698
-2421
-2119
-1805
-1378
-851
-343
73
469
879
1177
1347
1433
1436
1297
1030
717
372
-61
-565
-1007
-1389
-1775
-2200
-2553
-2829
-3077
-3297
-3440
-3477
-3512
-3593
-3513
-3132
-2694
-2355
-1910
-1156
-383
248
989
1871
2607
3159
3749
4332
4678
4816
4904
4923
4843
4604
4218
3831
3507
3017
2356
1777
1262
615
-48
-539
-986
-1504
-1978
-2268
-2434
-2568
-2675
-2649
-2432
-2139
-1866
-1503
-991
-475
-58
329
753
1077
1264
1369
1416
1316
1061
747
408
-1
-504
-979
-1376
-1746
-2175
-2555
-2841
-3086
-3316
-3474
-3504
-3512
-3570
-3584
-3311
-2863
-2485
-2128
-1491
-682
-28
618
1458
2282
2854
3412
4041
4485
4643
4733
4793
4763
4590
4231
3814
3478
3110
2514
1896
1402
861
225
-285
-680
-1145
-1627
-1943
-2096
-2221
-2345
-2367
-2212
-1955
-1714
-1439
-1010
-523
-125
211
595
942
1153
1272
1342
1295
1063
764
470
115
-382
-894
-1301
-1654
-2053
-2440
-2711
-2937
-3158
-3315
-3334
-3319
-3343
-3391
-3267
-2890
-2484
-2179
-1743
-1001
-299
258
947
1804
2466
2950
3541
4115
4390
4459
4545
4586
4517
4269
3883
3501
3185
2741
2140
1607
1141
593
40
-365
-756
-1234
-1642
-1859
-1981
-2133
-2236
-2177
-1979
-1770
-1567
-1251
-822
-412
-100
235
596
873
1028
1114
1139
1007
756
497
236
-156
-653
-1108
-1465
-1804
-2162
-2480
-2710
-2902
-3079
-3162
-3170
-3172
-3228
-3243
-3017
-2607
-2285
-2013
-1483
-745
-136
423
1176
1973
2538
3044
3673
4162
4348
4429
4539
4607
4526
4247
3871
3544
3232
2735
2157
1668
1206
646
136
-239
-686
-1193
-1569
-1762
-1964
-2172
-2249
-2163
-1985
-1811
-1597
-1279
-861
-501
-205
139
481
722
844
921
915
764
531
305
37
-367
-815
-1195
-1531
-1843
-2168
-2471
-2697
-2868
-3032
-3119
-3157
-3194
-3277
-3272
-2970
-2595
-2348
-2061
-1423
-722
-131
521
1350
2087
2607
3202
3829
4215
4343
4468
4576
4624
4476
4164
3809
3533
3171
2616
2071
1610
1131
552
110
-278
-774
-1271
-1577
-1769
-2021
-2206
-2222
-2083
-1879
-1690
-1442
-1095
-665
-308
7
355
643
843
961
1030
969
782
533
276
-48
-476
-872
-1223
-1560
-1885
-2208
-2514
-2737
-2905
-3078
-3140
-3190
-3241
-3326
-3262
-2933
-2618
-2392
-2041
-1361
-707
-92
633
1494
2155
2668
3297
3897
4204
4315
4463
4532
4532
4339
4047
3730
3461
3039
2492
1991
1561
1075
511
100
-314
-807
-1272
-1549
-1767
-2028
-2192
-2192
-2044
-1860
-1690
-1438
-1082
-667
-320
18
365
613
783
922
1012
935
728
476
219
-109
-504
-861
-1188
-1515
-1854
-2190
-2482
-2682
-2874
-3064
-3116
-3183
-3270
-3368
-3284
-2984
-2724
-2479
-2122
-1470
-799
-169
564
1412
2071
2605
3231
3840
4185
4323
4477
4568
4605
4438
4199
3930
3660
3239
2695
2203
1792
1291
706
254
-171
-639
-1113
-1417
-1668
-1919
-2134
-2180
-2067
-1938
-1815
-1592
-1239
-848
-494
-137
242
508
690
876
1019
947
734
511
276
-29
-410
-779
-1122
-1460
-1837
-2214
-2501
-2706
-2924
-3130
-3193
-3286
-3395
-3523
-3480
-3202
-2936
-2684
-2374
-1708
-986
-413
308
1204
1928
2466
3117
3834
4261
4428
4627
4806
4908
4757
4551
4301
4043
3621
3025
2525
2101
1556
886
401
-13
-511
-1021
-1367
-1635
-1932
-2224
-2324
-2260
-2193
-2123
-1928
-1572
-1180
-822
-446
-1
352
573
809
1014
981
792
615
431
144
-249
-643
-1005
-1359
-1749
-2150
-2451
-2665
-2903
-3121
-3216
-3328
-3462
-3612
-3649
-3421
-3151
-2922
-2659
-2033
-1287
-757
-43
904
1716
2296
2997
3842
4378
4623
4904
5157
5294
5186
4984
4712
4416
3996
3384
2827
2336
1770
1067
534
106
-416
-946
-1342
-1633
-1953
-2272
-2423
-2400
-2341
-2283
-2094
-1754
-1351
-979
-588
-97
327
599
847
1080
1107
963
802
633
361
-49
-464
-844
-1222
-1619
-2031
-2354
-2617
-2904
-3146
-3293
-3442
-3603
-3739
-3842
-3727
-3489
-3255
-3009
-2506
-1786
-1214
-513
407
1286
1962
2682
3568
4240
4598
4933
5221
5386
5369
5187
4914
4589
4227
3670
3061
2525
2004
1345
760
306
-215
-764
-1236
-1574
-1914
-2257
-2475
-2504
-2441
-2381
-2199
-1907
-1498
-1096
-700
-198
266
605
871
1130
1241
1185
1047
877
650
269
-139
-527
-925
-1313
-1731
-2091
-2418
-2749
-3045
-3269
-3447
-3622
-3759
-3906
-3897
-3684
-3427
-3175
-2771
-2110
-1460
-768
84
976
1733
2439
3278
4046
4491
4825
5121
5300
5356
5199
4949
4645
4331
3847
3221
2668
2190
1605
988
509
7
-551
-1069
-1471
-1829
-2204
-2500
-2596
-2568
-2515
-2363
-2125
-1742
-1338
-962
-479
2
381
674
963
1147
1145
1026
870
696
377
-7
-371
-753
-1109
-1488
-1856
-2194
-2512
-2837
-3123
-3296
-3458
-3645
-3834
-3931
-3762
-3490
-3264
-2929
-2325
-1625
-989
-217
699
1510
2187
2956
3811
4367
4693
5029
5271
5395
5302
5102
4831
4535
4129
3519
2928
2440
1901
1237
687
216
-367
-931
-1386
-1761
-2162
-2548
-2721
-2738
-2700
-2588
-2369
-1996
-1575
-1174
-698
-169
284
636
951
1207
1273
1165
1038
916
668
292
-84
-441
-803
-1175
-1544
-1892
-2211
-2552
-2904
-3118
-3270
-3532
-3781
-3979
-3957
-3726
-3527
-3279
-2802
-2085
-1451
-802
113
1034
1745
2444
3339
4097
4495
4861
5218
5452
5474
5354
5132
4820
4477
3950
3334
2781
2239
1550
863
353
-235
-889
-1428
-1836
-2231
-2664
-2939
-3011
-2972
-2888
-2720
-2355
-1895
-1446
-970
-411
142
575
911
1220
1424
1398
1303
1216
1044
725
330
-38
-426
-830
-1232
-1628
-1994
-2363
-2760
-3075
-3263
-3529
-3822
-4068
-4205
-4098
-3891
-3634
-3308
-2705
-1963
-1316
-502
489
1367
2081
2918
3838
4455
4867
5276
5628
5800
5799
5665
5366
5031
4622
4062
3445
2862
2211
1445
784
172
-540
-1227
-1758
-2180
-2619
-3006
-3219
-3238
-3147
-3044
-2780
-2335
-1839
-1352
-829
-227
321
710
1044
1379
1515
1498
1458
1348
1139
796
411
10
-420
-861
-1327
-1782
-2204
-2659
-3105
-3419
-3730
-4071
-4368
-4606
-4663
-4533
-4243
-3940
-3535
-2827
-2059
-1304
-369
673
1548
2343
3300
4184
4759
5202
5652
5991
6151
6146
5958
5623
5272
4829
4193
3534
2918
2199
1399
690
1
-752
-1429
-1937
-2385
-2838
-3179
-3330
-3284
-3186
-3037
-2712
-2254
-1734
-1226
-671
-61
454
836
1219
1538
1643
1633
1571
1469
1257
898
504
89
-352
-827
-1329
-1794
-2254
-2773
-3233
-3610
-3997
-4346
-4673
-4905
-4931
-4741
-4432
-4137
-3656
-2893
-2105
-1289
-265
819
1705
2579
3588
4444
4994
5464
5932
6266
6403
6342
6093
5714
5330
4775
4012
3301
2630
1819
946
208
-493
-1237
-1878
-2366
-2814
-3234
-3506
-3562
-3460
-3310
-3078
-2692
-2166
-1578
-1003
-382
270
813
1255
1678
1999
2101
2070
2017
1923
1673
1260
815
359
-145
-701
-1270
-1796
-2341
-2932
-3445
-3875
-4291
-4675
-5031
-5273
-5275
-5069
-4769
-4442
-3885
-3061
-2220
-1322
-194
967
1918
2865
3922
4804
5377
5874
6364
6697
6796
6673
6366
5950
5482
4806
3953
3155
2372
1440
493
-285
-1027
-1795
-2448
-2944
-3366
-3748
-3966
-3939
-3771
-3555
-3241
-2760
-2128
-1469
-819
-107
596
1175
1665
2126
2465
2565
2546
2522
2391
2070
1593
1091
564
-49
-713
-1368
-1988
-2625
-3269
-3813
-4247
-4668
-5060
-5388
-5591
-5544
-5307
-4982
-4593
-3964
-3082
-2191
-1220
-30
1163
2145
3130
4213
5095
5650
6142
6615
6888
6912
6732
6392
5935
5404
4690
3813
2958
2116
1150
196
-590
-1340
-2092
-2741
-3203
-3572
-3902
-4032
-3919
-3688
-3389
-2983
-2434
-1755
-1063
-370
374
1065
1644
2138
2567
2848
2904
2863
2787
2552
2116
1580
1019
376
-348
-1093
-1808
-2492
-3173
-3821
-4365
-4790
-5177
-5511
-5755
-5884
-5768
-5461
-5066
-4607
-3937
-3002
-2034
-1007
203
1407
2412
3429
4539
5423
5943
6394
6796
6970
6913
6662
6259
5747
5183
4438
3533
2657
1812
867
-52
-791
-1495
-2210
-2817
-3210
-3514
-3786
-3844
-3679
-3413
-3041
-2555
-1987
-1311
-589
124
849
1516
2087
2567
2937
3149
3157
3045
2866
2544
2021
1424
801
75
-713
-1500
-2241
-2940
-3619
-4252
-4796
-5216
-5566
-5860
-6061
-6164
-6048
-5707
-5251
-4764
-4121
-3147
-2074
-1010
221
1510
2604
3648
4803
5774
6333
6760
7126
7247
7142
6848
6363
5762
5154
4372
3389
2466
1635
709
-215
-939
-1603
-2309
-2919
-3295
-3557
-3798
-3861
-3703
-3411
-2997
-2471
-1871
-1173
-397
343
1070
1770
2366
2854
3236
3450
3449
3297
3058
2698
2142
1487
801
31
-802
-1642
-2427
-3148
-3839
-4481
-5034
-5450
-5787
-6077
-6255
-6345
-6285
-5976
-5480
-4947
-4356
-3421
-2268
-1175
29
1386
2599
3644
4776
5848
6516
6961
7336
7471
7357
7073
6591
5909
5228
4472
3465
2471
1638
760
-178
-950
-1594
-2264
-2887
-3311
-3572
-3795
-3890
-3782
-3503
-3077
-2553
-1955
-1238
-414
358
1086
1841
2510
3023
3441
3719
3758
3606
3339
2959
2405
1710
966
150
-701
-1553
-2388
-3163
-3866
-4514
-5099
-5534
-5860
-6167
-6355
-6426
-6420
-6198
-5725
-5132
-4553
-3752
-2598
-1451
-327
986
2314
3395
4416
5513
6335
6819
7197
7397
7344
7083
6656
6016
5246
4517
3628
2605
1721
910
25
-812
-1463
-2037
-2622
-3098
-3360
-3519
-3634
-3566
-3292
-2865
-2346
-1759
-1077
-265
549
1262
1980
2692
3225
3583
3870
3965
3786
3439
2998
2436
1686
842
-15
-920
-1818
-2683
-3505
-4263
-4921
-5493
-5988
-6322
-6551
-6729
-6755
-6694
-6490
-6019
-5369
-4644
-3860
-2791
-1533
-358
871
2236
3466
4439
5424
6365
6932
7251
7458
7452
7224
6782
6178
5407
4598
3800
2833
1863
1056
242
-597
-1284
-1823
-2323
-2787
-3092
-3204
-3257
-3213
-2975
-2552
-2020
-1436
-805
-81
730
1478
2112
2741
3295
3619
3802
3923
3796
3410
2902
2323
1615
745
-169
-1077
-2001
-2890
-3741
-4521
-5203
-5771
-6262
-6666
-6876
-6979
-7011
-6879
-6670
-6285
-5640
-4859
-4027
-3097
-1891
-614
544
1787
3114
4234
5106
5993
6773
7158
7336
7386
7244
6911
6365
5665
4863
4089
3251
2275
1405
675
-100
-834
-1393
-1866
-2308
-2664
-2845
-2883
-2865
-2718
-2398
-1935
-1396
-832
-217
494
1233
1859
2392
2907
3303
3495
3584
3576
3309
2847
2302
1690
948
70
-828
-1697
-2570
-3425
-4218
-4903
-5479
-5969
-6378
-6656
-6762
-6778
-6698
-6470
-6189
-5733
-5024
-4202
-3383
-2454
-1252
-58
1007
2171
3402
4385
5133
5928
6601
6888
6986
6988
6834
6501
5967
5285
4532
3815
3001
2093
1272
591
-83
-756
-1268
-1686
-2061
-2352
-2476
-2468
-2397
-2224
-1916
-1486
-999
-496
65
710
1331
1840
2282
2690
2995
3133
3148
3051
2743
2282
1726
1098
370
-471
-1336
-2171
-2991
-3807
-4542
-5132
-5630
-6055
-6369
-6563
-6601
-6541
-6396
-6115
-5783
-5292
-4574
-3744
-2919
-2034
-880
274
1293
2396
3553
4456
5133
5873
6496
6738
6801
6806
6651
6321
5826
5190
4448
3742
2958
2087
1259
569
-52
-718
-1213
-1565
-1921
-2179
-2229
-2162
-2060
-1877
-1560
-1140
-690
-220
297
856
1374
1794
2151
2475
2716
2777
2702
2573
2251
1754
1184
565
-162
-975
-1797
-2612
-3389
-4130
-4804
-5333
-5755
-6092
-6320
-6455
-6425
-6279
-6079
-5746
-5359
-4873
-4181
-3384
-2564
-1733
-676
441
1408
2435
3514
4352
4960
5642
6229
6456
6513
6541
6408
6095
5670
5127
4438
3769
3067
2244
1460
801
196
-417
-887
-1219
-1565
-1822
-1852
-1772
-1701
-1543
-1240
-882
-474
-51
392
860
1306
1671
1990
2266
2460
2499
2399
2278
1978
1487
944
366
-338
-1132
-1895
-2654
-3401
-4076
-4683
-5182
-5575
-5895
-6088
-6188
-6175
-6043
-5839
-5517
-5142
-4760
-4168
-3422
-2649
-1881
-953
149
1122
2062
3106
4031
4661
5290
5940
6306
6414
6461
6403
6148
5758
5292
4672
3975
3328
2579
1784
1145
582
-3
-512
-861
-1172
-1464
-1594
-1564
-1539
-1475
-1248
-981
-654
-263
118
505
930
1316
1627
1873
2060
2132
2027
1879
1616
1164
619
55
-585
-1324
-2037
-2709
-3374
-3956
-4472
-4934
-5299
-5581
-5753
-5849
-5863
-5763
-5601
-5373
-5049
-4735
-4303
-3644
-2886
-2144
-1359
-337
712
1625
2583
3611
4401
5000
5657
6220
6475
6514
6513
6369
6038
5613
5087
4405
3764
3166
2444
1760
1234
743
199
-237
-536
-841
-1135
-1269
-1312
-1369
-1337
-1211
-999
-693
-376
-71
314
740
1079
1312
1513
1663
1639
1494
1303
976
484
-80
-651
-1295
-1996
-2652
-3252
-3795
-4276
-4705
-5054
-5322
-5503
-5601
-5640
-5587
-5459
-5290
-5043
-4761
-4454
-3945
-3228
-2474
-1766
-888
201
1185
2076
3106
4093
4780
5382
6033
6463
6548
6534
6458
6203
5826
5372
4749
4092
3567
2981
2298
1738
1322
834
335
6
-285
-654
-923
-1034
-1142
-1257
-1278
-1181
-997
-757
-519
-233
158
534
788
990
1200
1297
1231
1117
948
610
116
-385
-905
-1527
-2183
-2763
-3264
-3737
-4172
-4527
-4787
-4984
-5154
-5245
-5236
-5178
-5100
-4937
-4695
-4490
-4244
-3744
-3053
-2391
-1717
-787
272
1197
2130
3189
4121
4788
5438
6072
6409
6475
6472
6368
6122
5782
5294
4674
4135
3672
3065
2433
1978
1559
1029
559
240
-122
-541
-822
-969
-1148
-1330
-1396
-1332
-1187
-1032
-866
-604
-244
55
250
451
647
716
663
592
453
136
-298
-722
-1192
-1764
-2328
-2821
-3283
-3719
-4103
-4436
-4673
-4826
-4972
-5051
-5000
-4887
-4780
-4605
-4337
-4098
-3826
-3312
-2612
-1948
-1268
-343
674
1579
2501
3489
4324
4945
5565
6110
6360
6411
6400
6275
6042
5703
5195
4611
4154
3707
3095
2503
2065
1596
1025
544
186
-226
-675
-982
-1171
-1386
-1573
-1627
-1554
-1417
-1286
-1133
-869
-538
-279
-84
125
324
433
450
428
332
84
-276
-640
-1047
-1537
-2026
-2479
-2940
-3407
-3819
-4184
-4490
-4715
-4901
-5011
-5003
-4911
-4811
-4654
-4390
-4110
-3779
-3230
-2488
-1793
-1126
-202
818
1700
2581
3521
4343
4953
5545
6104
6389
6466
6487
6407
6202
5869
5360
4799
4339
3823
3157
2501
1979
1421
758
224
-197
-682
-1171
-1504
-1720
-1959
-2138
-2144
-2025
-1865
-1700
-1497
-1183
-818
-528
-259
28
275
452
571
637
573
369
86
-228
-604
-1054
-1503
-1936
-2391
-2885
-3329
-3698
-4049
-4347
-4575
-4704
-4740
-4705
-4621
-4477
-4232
-3971
-3646
-3081
-2317
-1621
-1019
-140
906
1748
2551
3476
4337
4936
5477
6086
6467
6558
6580
6549
6376
6058
5560
4978
4487
3920
3185
2436
1825
1233
490
-132
-590
-1124
-1682
-2061
-2285
-2537
-2752
-2773
-2635
-2449
-2253
-2014
-1661
-1212
-848
-535
-161
171
400
565
700
691
493
230
-53
-412
-872
-1361
-1823
-2270
-2762
-3244
-3640
-3973
-4262
-4508
-4654
-4664
-4612
-4524
-4342
-4043
-3746
-3437
-2881
-2093
-1344
-736
74
1129
2014
2793
3681
4564
5188
5674
6253
6687
6804
6793
6761
6592
6266
5787
5180
4612
4015
3271
2457
1742
1132
391
-314
-826
-1352
-1936
-2376
-2595
-2817
-3046
-3101
-2961
-2753
-2536
-2258
-1879
-1403
-954
-576
-190
191
476
645
776
790
614
344
61
-287
-758
-1285
-1781
-2240
-2716
-3189
-3601
-3939
-4213
-4430
-4579
-4615
-4558
-4459
-4265
-3963
-3647
-3346
-2868
-2148
-1374
-721
0
984
1910
2695
3549
4421
5087
5565
6101
6579
6733
6700
6671
6532
6216
5769
5207
4602
3984
3270
2458
1672
998
305
-410
-986
-1497
-2061
-2547
-2790
-2958
-3170
-3261
-3147
-2905
-2662
-2376
-1964
-1480
-1006
-555
-137
255
587
781
918
957
823
592
324
2
-452
-986
-1477
-1926
-2399
-2864
-3272
-3632
-3941
-4147
-4264
-4348
-4349
-4271
-4124
-3877
-3585
-3303
-2933
-2350
-1619
-919
-308
513
1495
2293
3069
3951
4706
5219
5722
6285
6576
6546
6504
6445
6195
5807
5323
4747
4149
3525
2764
1940
1216
560
-126
-743
-1238
-1757
-2287
-2628
-2781
-2959
-3116
-3094
-2889
-2611
-2347
-2009
-1546
-1056
-609
-193
187
533
747
849
919
834
615
343
16
-390
-904
-1400
-1819
-2235
-2675
-3101
-3452
-3756
-3977
-4082
-4157
-4196
-4144
-4039
-3875
-3622
-3326
-3029
-2602
-1957
-1213
-580
14
911
1869
2618
3412
4258
4904
5371
5898
6372
6489
6396
6329
6152
5805
5370
4832
4217
3608
2949
2138
1328
659
21
-622
-1144
-1604
-2111
-2537
-2746
-2860
-3014
-3068
-2929
-2672
-2371
-2058
-1683
-1214
-730
-296
82
410
677
808
872
855
678
418
98
-268
-686
-1160
-1602
-1987
-2368
-2783
-3165
-3454
-3677
-3817
-3894
-3954
-3946
-3863
-3732
-3539
-3265
-2962
-2660
-2197
-1516
-804
-245
371
1278
2152
2844
3595
4343
4892
5322
5794
6142
6177
6077
5950
5698
5334
4885
4327
3718
3131
2465
1659
921
339
-255
-842
-1311
-1744
-2192
-2524
-2674
-2781
-2891
-2855
-2664
-2391
-2067
-1732
-1346
-875
-396
16
344
634
851
957
1002
934
729
457
152
-169
-534
-952
-1369
-1740
-2107
-2504
-2854
-3105
-3306
-3475
-3599
-3678
-3697
-3639
-3512
-3337
-3111
-2850
-2571
-2142
-1487
-814
-301
291
1150
1961
2605
3301
4016
4552
4962
5413
5756
5819
5747
5630
5409
5080
4653
4108
3512
2950
2302
1508
812
266
-323
-939
-1419
-1813
-2248
-2602
-2765
-2868
-2970
-2951
-2771
-2497
-2199
-1885
-1501
-1045
-594
-228
77
376
591
701
763
741
577
341
125
-89
-386
-747
-1097
-1412
-1741
-2094
-2400
-2625
-2837
-3057
-3231
-3343
-3414
-3415
-3329
-3191
-3016
-2807
-2583
-2231
-1634
-978
-475
66
861
1666
2289
2944
3697
4278
4668
5115
5524
5652
5591
5515
5374
5097
4705
4188
3605
3065
2455
1707
1012
468
-101
-734
-1225
-1574
-1977
-2369
-2555
-2613
-2699
-2742
-2597
-2314
-2027
-1739
-1376
-948
-544
-219
69
360
587
692
742
757
644
416
219
60
-193
-536
-850
-1131
-1442
-1773
-2062
-2290
-2512
-2757
-2978
-3118
-3208
-3264
-3230
-3098
-2948
-2804
-2621
-2322
-1847
-1280
-761
-266
388
1150
1786
2375
3071
3692
4085
4468
4899
5103
5066
5035
4988
4787
4468
4052
3547
3044
2527
1895
1237
693
180
-402
-914
-1284
-1670
-2096
-2364
-2459
-2575
-2708
-2675
-2468
-2232
-1986
-1675
-1304
-931
-596
-282
31
307
482
581
673
685
559
413
323
158
-116
-390
-650
-939
-1254
-1556
-1828
-2096
-2368
-2629
-2840
-2978
-3088
-3131
-3052
-2944
-2854
-2698
-2464
-2134
-1657
-1126
-660
-146
555
1244
1797
2428
3118
3611
3973
4417
4780
4872
4879
4936
4885
4659
4351
3976
3530
3075
2558
1942
1338
810
273
-305
-795
-1218
-1690
-2112
-2341
-2501
-2722
-2839
-2752
-2605
-2428
-2154
-1835
-1480
-1085
-718
-375
-23
282
492
681
846
871
787
729
689
515
267
40
-220
-523
-847
-1163
-1477
-1808
-2113
-2407
-2685
-2890
-3046
-3129
-3097
-3048
-2987
-2861
-2697
-2396
-1921
-1430
-991
-436
294
927
1487
2204
2920
3405
3840
4380
4763
4878
4962
5075
5026
4802
4529
4160
3698
3244
2702
2034
1393
835
237
-416
-960
-1433
-1952
-2399
-2653
-2857
-3106
-3194
-3098
-2978
-2770
-2454
-2108
-1699
-1253
-858
-475
-51
325
615
897
1116
1179
1133
1109
1089
931
695
450
153
-201
-592
-971
-1362
-1755
-2117
-2494
-2857
-3129
-3347
-3485
-3483
-3455
-3410
-3286
-3117
-2827
-2362
-1822
-1322
-732
39
736
1353
2097
2867
3432
3921
4512
4949
5100
5200
5314
5258
5034
4763
4354
3840
3359
2788
2073
1384
795
162
-535
-1101
-1581
-2097
-2535
-2780
-2978
-3198
-3239
-3123
-2953
-2664
-2303
-1919
-1464
-974
-535
-105
367
789
1128
1438
1682
1784
1749
1712
1673
1498
1219
902
543
101
-377
-838
-1320
-1792
-2227
-2669
-3079
-3382
-3612
-3775
-3812
-3797
-3750
-3608
-3399
-3111
-2661
-2081
-1529
-941
-180
580
1242
1959
2747
3384
3889
4453
4924
5125
5223
5317
5264
5047
4759
4330
3778
3237
2639
1909
1176
543
-107
-814
-1418
-1912
-2395
-2829
-3104
-3284
-3437
-3471
-3357
-3104
-2760
-2386
-1961
-1462
-937
-433
72
586
1048
1440
1776
2058
2219
2219
2155
2074
1876
1541
1148
729
230
-324
-860
-1401
-1943
-2434
-2883
-3282
-3579
-3780
-3911
-3964
-3953
-3887
-3745
-3545
-3299
-2888
-2318
-1749
-1207
-503
303
1015
1711
2521
3261
3796
4319
4835
5143
5250
5330
5323
5154
4882
4495
3964
3393
2820
2136
1383
728
125
-550
-1184
-1666
-2112
-2559
-2892
-3077
-3223
-3316
-3248
-3022
-2696
-2323
-1893
-1418
-880
-316
208
715
1217
1632
1942
2231
2468
2501
2383
2251
2043
1652
1176
711
184
-425
-1021
-1592
-2167
-2683
-3113
-3476
-3766
-3941
-4050
-4097
-4068
-3993
-3877
-3687
-3445
-3168
-2722
-2137
-1553
-978
-211
632
1360
2088
2928
3654
4152
4646
5100
5335
5361
5374
5289
5039
4681
4229
3648
3033
2434
1732
981
341
-236
-866
-1446
-1866
-2253
-2636
-2904
-3016
-3098
-3128
-2989
-2691
-2308
-1891
-1405
-874
-300
269
792
1276
1723
2071
2323
2538
2664
2583
2370
2136
1799
1295
750
224
-369
-1019
-1618
-2176
-2716
-3167
-3536
-3837
-4065
-4185
-4263
-4274
-4212
-4116
-3967
-3714
-3436
-3162
-2685
-2051
-1436
-839
-28
836
1549
2281
3131
3832
4291
4767
5197
5398
5400
5396
5290
5003
4607
4122
3546
2957
2360
1656
930
303
-268
-874
-1409
-1821
-2206
-2542
-2754
-2841
-2892
-2867
-2689
-2378
-1986
-1555
-1084
-571
2
557
1040
1474
1879
2188
2390
2536
2586
2450
2182
1885
1514
1015
470
-66
-649
-1266
-1826
-2337
-2826
-3251
-3614
-3922
-4160
-4304
-4408
-4452
-4404
-4296
-4138
-3889
-3582
-3265
-2798
-2158
-1494
-865
-99
764
1526
2251
3060
3777
4262
4707
5143
5402
5443
5424
5321
5044
4649
4163
3598
3041
2483
1805
1070
448
-90
-680
-1224
-1625
-1991
-2350
-2568
-2615
-2626
-2612
-2450
-2143
-1768
-1353
-901
-417
126
681
1164
1575
1962
2262
2427
2514
2527
2376
2071
1732
1368
895
341
-210
-775
-1374
-1940
-2450
-2941
-3402
-3792
-4113
-4371
-4555
-4671
-4710
-4638
-4492
-4309
-4053
-3710
-3339
-2896
-2271
-1553
-896
-202
662
1523
2262
3009
3773
4355
4756
5152
5483
5590
5531
5404
5155
4768
4290
3735
3134
2542
1915
1199
515
-35
-551
-1082
-1511
-1818
-2119
-2381
-2473
-2428
-2369
-2257
-2001
-1646
-1258
-840
-374
118
613
1090
1517
1879
2160
2327
2383
2355
2210
1928
1561
1159
700
151
-429
-991
-1562
-2140
-2667
-3136
-3573
-3959
-4258
-4468
-4616
-4711
-4724
-4625
-4436
-4203
-3925
-3568
-3160
-2729
-2181
-1476
-763
-108
642
1508
2287
2967
3678
4325
4754
5063
5378
5557
5531
5408
5201
4854
4411
3913
3322
2701
2106
1446
727
118
-366
-867
-1328
-1636
-1879
-2136
-2281
-2260
-2195
-2096
-1879
-1582
-1259
-892
-480
-64
352
778
1170
1506
1795
1995
2056
2028
1927
1704
1373
995
573
61
-502
-1051
-1586
-2132
-2664
-3125
-3521
-3871
-4154
-4340
-4443
-4497
-4492
-4384
-4172
-3900
-3606
-3256
-2834
-2394
-1936
-1356
-662
-7
596
1295
2049
2678
3234
3823
4316
4598
4809
5026
5105
5015
4852
4620
4273
3849
3371
2824
2275
1728
1111
488
-3
-418
-863
-1233
-1446
-1627
-1820
-1893
-1822
-1734
-1620
-1401
-1115
-820
-515
-188
142
470
780
1052
1296
1508
1626
1624
1554
1421
1178
844
483
75
-414
-944
-1454
-1945
-2437
-2904
-3315
-3646
-3912
-4124
-4249
-4279
-4247
-4166
-3986
-3697
-3365
-3030
-2641
-2180
-1727
-1300
-780
-140
452
973
1566
2205
2742
3197
3685
4107
4337
4488
4639
4687
4574
4381
4136
3815
3429
2980
2465
1968
1494
952
408
-12
-368
-779
-1132
-1303
-1432
-1606
-1687
-1612
-1508
-1422
-1255
-985
-705
-448
-173
125
406
643
855
1057
1228
1315
1312
1241
1096
855
541
204
-170
-612
-1093
-1549
-1981
-2400
-2790
-3121
-3388
-3602
-3759
-3834
-3821
-3748
-3621
-3416
-3122
-2783
-2436
-2064
-1656
-1249
-892
-517
-27
495
922
1355
1895
2411
2805
3212
3655
3945
4081
4234
4351
4280
4092
3887
3621
3273
2885
2430
1941
1499
1051
551
108
-224
-586
-975
-1199
-1297
-1461
-1620
-1617
-1537
-1505
-1433
-1244
-1015
-802
-565
-301
-40
206
426
631
835
988
1030
1001
934
774
514
228
-74
-440
-860
-1267
-1643
-1999
-2330
-2613
-2826
-2983
-3102
-3159
-3117
-3016
-2892
-2705
-2433
-2141
-1861
-1558
-1242
-955
-698
-447
-155
197
546
852
1205
1633
2027
2356
2713
3063
3277
3411
3562
3634
3547
3395
3245
3032
2746
2422
2065
1692
1331
966
584
247
-45
-350
-626
-798
-932
-1101
-1234
-1273
-1288
-1312
-1281
-1177
-1045
-893
-707
-494
-272
-50
160
359
543
662
694
687
635
489
275
47
-216
-547
-893
-1203
-1494
-1772
-2009
-2183
-2300
-2386
-2436
-2417
-2333
-2238
-2134
-1976
-1787
-1628
-1468
-1280
-1109
-960
-803
-623
-403
-127
159
425
748
1132
1474
1789
2136
2461
2678
2855
3028
3112
3099
3051
2976
2843
2662
2433
2144
1843
1539
1193
823
496
196
-125
-417
-635
-837
-1055
-1221
-1306
-1376
-1439
-1431
-1350
-1252
-1122
-920
-674
-423
-166
93
335
544
697
782
834
846
763
604
435
234
-51
-360
-624
-881
-1148
-1382
-1563
-1709
-1825
-1923
-1989
-1993
-1976
-1980
-1960
-1896
-1851
-1815
-1724
-1616
-1519
-1382
-1208
-1009
-730
-382
-63
255
663
1074
1409
1762
2159
2464
2660
2865
3035
3086
3071
3057
2987
2843
2662
2415
2104
1781
1437
1030
620
264
-94
-474
-789
-1031
-1284
-1524
-1655
-1712
-1774
-1787
-1690
-1546
-1387
-1161
-865
-545
-218
111
423
708
955
1122
1218
1288
1304
1206
1053
913
715
419
125
-117
-382
-681
-940
-1154
-1363
-1574
-1755
-1892
-2000
-2098
-2176
-2208
-2217
-2218
-2173
-2078
-1974
-1838
-1660
-1477
-1255
-929
-578
-287
50
478
862
1188
1580
1992
2278
2495
2729
2897
2941
2943
2945
2881
2741
2552
2307
2012
1697
1344
952
574
216
-148
-497
-777
-1020
-1256
-1442
-1536
-1587
-1619
-1588
-1472
-1315
-1129
-887
-595
-283
33
347
653
929
1152
1303
1396
1448
1427
1315
1173
1023
797
499
224
-32
-332
-647
-914
-1169
-1444
-1693
-1895
-2078
-2236
-2349
-2422
-2454
-2448
-2401
-2315
-2190
-2035
-1865
-1684
-1487
-1252
-982
-700
-427
-119
234
588
936
1322
1707
2021
2286
2535
2718
2801
2843
2858
2807
2673
2494
2265
1980
1673
1348
997
646
319
12
-272
-507
-700
-868
-1001
-1082
-1122
-1137
-1111
-1024
-895
-735
-546
-316
-54
213
481
748
994
1188
1330
1416
1450
1413
1303
1142
943
683
372
53
-268
-606
-941
-1247
-1541
-1817
-2058
-2251
-2412
-2537
-2615
-2643
-2632
-2579
-2484
-2361
-2208
-2030
-1841
-1639
-1422
-1193
-952
-690
-415
-127
191
537
893
1251
1603
1922
2197
2428
2609
2726
2785
2798
2748
2632
2462
2243
1982
1690
1392
1081
771
494
241
8
-191
-359
-509
-643
-747
-816
-859
-864
-819
-733
-608
-443
-242
-5
253
510
761
988
1181
1322
1410
1429
1383
1268
1087
851
569
243
-113
-467
-816
-1156
-1476
-1766
-2023
-2242
-2417
-2552
-2647
-2702
-2714
-2680
-2611
-2508
-2373
-2212
-2027
-1830
-1621
-1403
-1186
-964
-722
-462
-194
93
409
734
1056
1373
1677
1951
2186
2390
2554
2668
2727
2731
2676
2567
2411
2212
1981
1734
1480
1220
971
733
498
270
56
-142
-329
-493
-619
-706
-750
-750
-705
-611
-474
-300
-91
136
364
583
779
939
1056
1115
1113
1056
946
779
563
314
36
-270
-582
-882
-1176
-1457
-1708
-1927
-2116
-2273
-2395
-2476
-2526
-2541
-2514
-2457
-2367
-2257
-2122
-1971
-1817
-1659
-1493
-1315
-1127
-921
-680
-417
-136
173
503
838
1164
1485
1792
2066
2306
2515
2676
2778
2830
2828
2767
2653
2497
2300
2075
1829
1570
1307
1034
766
505
248
1
-224
-420
-585
-714
-796
-827
-813
-760
-661
-528
-375
-202
-11
183
370
538
680
785
838
839
794
703
566
393
196
-20
-256
-504
-748
-996
-1235
-1459
-1663
-1849
-2023
-2168
-2284
-2374
-2424
-2435
-2417
-2365
-2290
-2196
-2087
-1968
-1839
-1699
-1535
-1343
-1120
-856
-554
-230
113
481
854
1218
1581
1923
2235
2505
2734
2909
3026
3088
3096
3041
2938
2783
2580
2332
2049
1743
1423
1094
776
479
192
-71
-304
-511
-695
-845
-956
-1025
-1054
-1042
-974
-868
-740
-587
-408
-216
-16
188
386
562
704
797
843
834
759
639
484
297
87
-141
-371
-620
-872
-1111
-1341
-1548
-1742
-1913
-2060
-2199
-2313
-2398
-2454
-2466
-2443
-2387
-2295
-2171
-2026
-1863
-1672
-1461
-1235
-969
-664
-340
4
374
745
1100
1458
1805
2122
2407
2654
2858
3006
3098
3134
3108
3029
2894
2706
2475
2204
1893
1555
1206
858
525
207
-79
-334
-562
-758
-920
-1048
-1142
-1196
-1204
-1165
-1081
-967
-815
-639
-452
-253
-41
174
384
578
738
851
909
896
821
694
517
311
93
-134
-372
-619
-859
-1098
-1329
-1538
-1723
-1876
-2008
-2116
-2207
-2283
-2338
-2366
-2363
-2315
-2220
-2089
-1920
-1711
-1470
-1215
-932
-618
-294
49
417
789
1144
1490
1815
2097
2346
2560
2726
2842
2909
2927
2894
2806
2669
2483
2251
1984
1683
1359
1019
674
338
21
-265
-513
-728
-909
-1053
-1159
-1230
-1263
-1255
-1201
-1104
-970
-796
-596
-380
-157
70
294
507
707
878
1016
1101
1118
1072
956
780
557
303
35
-238
-506
-765
-1017
-1259
-1480
-1678
-1846
-1980
-2080
-2145
-2183
-2203
-2203
-2184
-2145
-2079
-1979
-1842
-1669
-1460
-1224
-960
-670
-363
-46
286
624
961
1291
1603
1883
2127
2328
2485
2588
2645
2651
2608
2523
2393
2224
2018
1784
1524
1245
954
659
372
93
-164
-389
-585
-745
-872
-964
-1022
-1048
-1035
-986
-895
-769
-604
-409
-193
36
264
486
694
876
1030
1150
1223
1245
1208
1103
941
725
463
172
-136
-448
-755
-1044
-1315
-1564
-1786
-1978
-2131
-2248
-2326
-2366
-2372
-2350
-2298
-2225
-2130
-2014
-1875
-1713
-1529
-1323
-1095
-853
-592
-318
-35
257
558
861
1160
1451
1716
1953
2149
2301
2406
2466
2474
2438
2358
2238
2077
1888
1672
1439
1199
950
707
473
253
46
-138
-299
-434
-538
-616
-663
-676
-658
-606
-518
-398
-250
-73
120
321
519
703
862
992
1086
1141
1150
1114
1022
883
695
464
203
-82
-381
-683
-981
-1269
-1539
-1785
-2005
-2195
-2349
-2467
-2544
-2583
-2586
-2550
-2486
-2391
-2271
-2122
-1951
-1760
-1545
-1312
-1058
-788
-502
-204
96
402
705
1002
1291
1565
1816
2034
2213
2347
2435
2473
2464
2408
2312
2170
1996
1796
1570
1334
1094
859
630
425
236
71
-74
-195
-296
-372
-420
-446
-438
-400
-328
-226
-97
59
229
407
586
751
892
997
1059
1076
1043
966
842
675
474
243
-14
-283
-556
-825
-1086
-1333
-1568
-1787
-1988
-2163
-2312
-2432
-2515
-2559
-2565
-2533
-2467
-2365
-2235
-2076
-1894
-1693
-1479
-1249
-1003
-750
-481
-199
93
387
679
964
1233
1482
1707
1905
2071
2206
2303
2361
2385
2365
2306
2205
2065
1892
1693
1476
1252
1028
807
600
412
246
106
-8
-102
-171
-224
-257
-275
-267
-239
-185
-102
7
136
274
422
560
682
775
838
859
830
753
625
454
244
12
-240
-502
-769
-1030
-1279
-1512
-1716
-1896
-2054
-2188
-2303
-2390
-2453
-2485
-2479
-2437
-2358
-2242
-2097
-1928
-1733
-1521
-1295
-1062
-825
-586
-345
-101
146
394
644
894
1139
1372
1583
1776
1936
2067
2165
2235
2277
2291
2278
2235
2159
2046
1899
1726
1533
1329
1124
924
732
553
388
244
121
19
-61
-121
-164
-193
-206
-204
-182
-137
-72
14
115
221
324
409
472
505
505
466
386
264
100
-100
-321
-558
-805
-1041
-1274
-1494
-1697
-1873
-2020
-2139
-2225
-2282
-2317
-2330
-2313
-2273
-2206
-2107
-1976
-1823
-1650
-1455
-1253
-1041
-815
-585
-355
-126
103
330
553
774
993
1206
1413
1612
1794
1952
2080
2179
2248
2285
2292
2274
2230
2153
2048
1912
1744
1554
1352
1146
944
755
578
412
263
129
9
-92
-171
-230
-272
-297
-301
-286
-256
-203
-131
-42
54
147
227
282
311
301
257
172
53
-100
-283
-485
-697
-911
-1118
-1313
-1495
-1657
-1802
-1923
-2016
-2078
-2112
-2119
-2094
-2049
-1983
-1891
-1779
-1651
-1504
-1344
-1179
-1008
-831
-648
-464
-272
-76
122
319
516
707
895
1085
1271
1454
1631
1796
1943
2067
2164
2232
2266
2272
2242
2178
2082
1953
1797
1614
1417
1208
1002
804
621
451
293
151
18
-103
-209
-298
-370
-422
-452
-461
-453
-424
-375
-313
-235
-152
-72
-7
39
58
42
-7
-90
-210
-355
-519
-694
-871
-1038
-1192
-1334
-1460
-1569
-1660
-1737
-1790
-1820
-1826
-1808
-1766
-1702
-1618
-1518
-1405
-1284
-1161
-1032
-903
-772
-635
-488
-335
-172
-3
177
362
544
729
911
1090
1270
1447
1618
1778
1924
2048
2146
2219
2256
2261
2231
2164
2060
1926
1766
1583
1385
1177
971
770
577
398
231
73
-73
-208
-330
-433
-514
-573
-606
-618
-605
-576
-534
-477
-412
-349
-286
-233
-196
-182
-190
-228
-298
-392
-510
-642
-782
-917
-1044
-1157
-1259
-1343
-1419
-1483
-1528
-1561
-1576
-1573
-1548
-1503
-1440
-1355
-1260
-1157
-1049
-937
-826
-708
-584
-450
-303
-145
24
201
385
572
757
937
1109
1274
1430
1574
1704
1816
1906
1970
2013
2025
2011
1969
1897
1797
1674
1528
1363
1182
995
806
619
442
278
128
-9
-130
-239
-333
-413
-478
-521
-544
-544
-527
-494
-451
-401
-352
-308
-269
-244
-232
-233
-252
-293
-351
-426
-518
-619
-726
-832
-929
-1015
-1086
-1145
-1187
-1217
-1237
-1246
-1243
-1230
-1204
-1163
-1110
-1046
-972
-890
-801
-712
-621
-524
-425
-318
-203
-80
54
198
346
496
645
792
931
1063
1183
1291
1384
1459
1516
1551
1565
1560
1536
1496
1439
1364
1278
1181
1070
953
832
706
579
459
343
236
137
50
-29
-96
-151
-196
-231
-257
-275
-285
-287
-285
-279
-273
-271
-272
-284
-305
-339
-380
-428
-488
-558
-632
-708
-784
-857
-925
-981
-1029
-1065
-1089
-1099
-1100
-1087
-1065
-1034
-994
-950
-899
-842
-778
-718
-656
-590
-527
-458
-389
-315
-232
-146
-52
49
153
267
385
504
627
743
857
965
1064
1154
1230
1291
1336
1366
1379
1376
1356
1324
1278
1220
1157
1084
1006
922
834
742
650
560
471
386
300
221
151
87
31
-17
-62
-103
-145
-183
-224
-267
-308
-350
-389
-432
-475
-520
-571
-625
-681
-739
-798
-858
-916
-970
-1018
-1055
-1084
-1102
-1117
-1118
-1112
-1097
-1074
-1042
-1000
-950
-895
-838
-773
-704
-636
-566
-498
-431
-362
-293
-218
-139
-55
37
131
231
336
445
559
671
782
891
992
1088
1175
1250
1314
1364
1397
1412
1413
1398
1365
1317
1256
1184
1104
1017
924
827
722
618
511
406
306
211
122
42
-28
-88
-139
-181
-221
-254
-285
-317
-347
-376
-404
-432
-457
-486
-512
-546
-584
-625
-672
-721
-772
-821
-864
-903
-932
-955
-970
-980
-984
-982
-976
-965
-948
-923
-894
-856
-809
-758
-704
-645
-584
-522
-457
-389
-315
-239
-153
-63
37
144
255
373
494
614
733
849
961
1066
1161
1246
1312
1363
1398
1416
1420
1407
1379
1336
1277
1207
1122
1030
929
822
706
589
471
355
251
152
67
-12
-82
-144
-200
-247
-291
-329
-363
-392
-418
-440
-459
-473
-486
-502
-521
-546
-579
-617
-664
-711
-759
-805
-847
-879
-907
-927
-946
-962
-975
-988
-996
-1002
-1000
-989
-969
-944
-909
-867
-821
-766
-701
-627
-547
-458
-359
-253
-138
-14
120
261
404
547
691
831
966
1096
1215
1324
1414
1483
1534
1567
1581
1583
1567
1536
1491
1427
1352
1262
1166
1058
941
820
695
571
452
339
238
148
69
-3
-72
-138
-197
-251
-305
-354
-397
-437
-471
-499
-525
-551
-576
-605
-641
-682
-735
-791
-850
-907
-961
-1008
-1043
-1070
-1091
-1109
-1121
-1134
-1140
-1144
-1141
-1132
-1114
-1089
-1053
-1011
-960
-899
-833
-758
-675
-584
-482
-373
-254
-125
10
155
299
447
593
736
873
1005
1128
1242
1339
1418
1481
1524
1554
1569
1567
1556
1527
1485
1429
1361
1282
1192
1094
987
879
768
660
556
459
369
287
214
143
77
14
-47
-107
-164
-220
-275
-321
-364
-407
-443
-483
-524
-567
-615
-666
-722
-782
-843
-901
-957
-1006
-1048
-1080
-1103
-1125
-1142
-1153
-1159
-1156
-1148
-1135
-1113
-1079
-1037
-986
-930
-867
-798
-726
-647
-561
-469
-373
-269
-156
-43
77
200
326
453
578
702
817
916
1005
1080
1141
1193
1242
1277
1302
1316
1314
1299
1276
1244
1206
1161
1112
1057
996
931
859
784
702
618
531
446
366
291
224
162
106
50
-5
-61
-120
-182
-242
-305
-364
-417
-470
-522
-575
-632
-693
-756
-820
-876
-926
-964
-994
-1018
-1043
-1070
-1094
-1108
-1112
-1105
-1089
-1067
-1041
-1010
-977
-935
-880
-812
-735
-652
-569
-494
-418
-341
-260
-170
-76
22
121
216
307
402
498
598
699
800
894
975
1040
1085
1119
1143
1162
1182
1197
1205
1199
1186
1159
1126
1091
1051
1012
973
938
896
848
791
719
631
533
425
318
218
130
53
-13
-75
-136
-202
-271
-344
-417
-490
-561
-625
-686
-742
-796
-855
-909
-961
-1014
-1053
-1081
-1096
-1097
-1092
-1084
-1081
-1080
-1077
-1066
-1042
-1011
-970
-920
-869
-814
-758
-696
-621
-534
-445
-353
-263
-178
-101
-24
56
141
229
317
405
490
568
642
720
801
882
960
1030
1091
1133
1158
1170
1173
1172
1172
1163
1149
1122
1085
1037
985
929
870
815
761
713
662
603
533
449
350
240
122
12
-91
-178
-250
-316
-371
-427
-484
-539
-598
-656
-706
-755
-799
-838
-873
-906
-936
-965
-990
-1009
-1016
-1015
-1004
-979
-950
-918
-885
-857
-824
-790
-749
-697
-642
-579
-515
-444
-377
-305
-222
-143
-62
18
92
160
223
284
347
410
472
535
595
645
692
735
778
819
858
895
924
943
952
947
936
920
900
876
852
818
778
730
677
622
564
508
455
404
354
306
253
191
127
55
-20
-98
-170
-234
-290
-339
-381
-421
-460
-495
-528
-560
-589
-617
-640
-662
-682
-696
-709
-719
-726
-729
-729
-723
-713
-699
-682
-657
-631
-601
-570
-540
-507
-472
-433
-395
-352
-304
-255
-203
-151
-99
-44
7
56
106
153
195
240
282
322
361
397
436
470
500
529
554
577
594
614
630
640
649
650
647
639
628
618
601
583
564
541
509
476
444
409
374
341
306
269
230
188
142
96
48
3
-41
-85
-126
-162
-203
-242
-276
-310
-341
-371
-400
-427
-450
-472
-493
-513
-528
-541
-550
-559
-563
-565
-564
-561
-555
-545
-532
-516
-497
-473
-450
-424
-394
-362
-330
-295
-258
-223
-185
-145
-103
-61
-21
22
64
104
146
184
222
258
293
329
362
394
427
454
477
498
519
535
548
557
567
575
574
573
570
561
548
537
523
505
482
460
432
401
371
340
305
267
233
193
151
106
63
15
-31
-73
-117
-159
-204
-245
-288
-330
-367
-400
-432
-462
-488
-516
-540
-561
-577
-592
-606
-616
-620
-620
-618
-611
-602
-589
-570
-551
-528
-501
-473
-440
-405
-370
-332
-292
-253
-213
-168
-124
-79
-35
10
55
98
140
184
226
267
306
343
378
408
437
464
492
515
537
556
571
582
591
596
597
595
591
583
571
557
539
517
491
465
439
408
377
346
309
273
236
197
157
114
70
25
-19
-63
-106
-149
-190
-230
-269
-308
-343
-376
-406
-432
-455
-479
-500
-518
-534
-547
-559
-563
-565
-564
-557
-548
-536
-521
-503
-484
-462
-434
-406
-371
-338
-304
-269
-232
-197
-165
-128
-91
-52
-13
27
66
101
136
170
205
238
272
304
333
359
381
402
421
436
450
464
477
485
493
496
495
492
485
477
465
450
437
418
397
375
351
324
296
267
236
204
172
140
108
74
39
3
-33
-67
-104
-136
-169
-197
-227
-258
-287
-314
-336
-357
-376
-391
-407
-419
-431
-440
-446
-449
-448
-443
-433
-425
-416
-402
-389
-375
-356
-335
-312
-288
-262
-237
-214
-192
-171
-146
-122
-97
-70
-41
-10
16
44
69
92
117
140
168
193
219
244
261
278
293
306
317
329
341
352
362
371
372
376
374
369
364
356
350
340
329
318
302
286
267
248
228
204
182
159
135
112
88
64
39
12
-14
-38
-65
-88
-113
-135
-157
-175
-195
-213
-230
-247
-260
-275
-288
-299
-305
-313
-316
-317
-316
-314
-311
-305
-299
-289
-279
-268
-256
-242
-225
-208
-190
-173
-154
-139
-121
-101
-83
-62
-42
-20
-1
19
38
55
73
92
110
127
143
159
172
184
194
200
208
214
219
224
227
230
232
231
228
225
220
215
208
199
191
178
166
154
143
130
116
99
85
70
54
40
27
11
-3
-15
-31
-46
-61
-74
-88
-99
-109
-116
-123
-129
-135
-142
-147
-153
-155
-160
-160
-159
-158
-154
-151
-148
-145
-140
-135
-127
-121
-114
-105
-95
-85
-77
-65
-57
-46
-38
-27
-15
-4
4
12
23
33
40
48
55
62
71
79
84
89
94
98
99
101
102
103
101
101
98
95
95
92
87
84
79
75
70
64
58
52
45
38
31
25
17
12
5
-3
-9
-17
-22
-27
-31
-34
-36
-39
-42
-44
-46
-47
-50
-50
-50
-49
-47
-48
-46
-44
-44
-45
-41
-38
-35
-31
-26
-22
-19
-16
-14
-12
-6
-1
0
4
7
7
5
5
7
7
7
6
9
10
10
11
10
11
13
15
17
18
17
18
17
15
14
12
10
11
9
11
11
9
8
8
8
6
5
5
6
5
6
4
4
1
1
1
-1
-2
-4
-3
-5
-6
-7
-8
-10
-11
-12
-13
-15
-16
-16
-16
-17
-16
-16
-16
-13
-13
-12
-10
-10
-11
-11
-8
-7
-7
-6
-7
-7
-5
-4
-3
-4
-3
-2
0
1
2
2
1
2
3
6
8
10
8
8
8
7
9
9
10
8
9
10
11
11
8
8
8
8
8
10
12
11
9
8
6
4
4
3
1
3
2
4
4
3
2
-1
-2
-2
-2
-3
-2
-1
-2
-3
-5
-5
-6
-8
-6
-5
-4
-3
-3
-3
-5
-6
-7
-9
-8
-7
-7
-6
-7
-4
-5
-5
-5
-4
-2
-2
1
1
1
1
2
3
2
1
1
1
1
3
4
5
6
6
7
7
5
7
6
5
5
4
7
7
6
6
3
3
3
4
3
3
3
3
2
1
-1
-1
-2
-2
-1
1
1
-1
0
-2
-2
-4
-6
-7
-7
-8
-8
-7
-7
-7
-7
-7
-7
-6
-7
-7
-7
-5
-5
-5
-5
-4
-5
-6
-6
-5
-6
-5
-2
-1
1
3
3
2
3
3
1
2
2
1
4
5
6
4
3
5
5
4
5
6
5
5
5
3
2
2
4
4
5
6
5
5
5
3
2
1
0
0
0
1
2
2
2
1
0
1
1
1
2
1
2
2
2
3
3
1
-1
1
0
-1
0
0
0
2
2
1
3
2
2
2
2
1
-1
1
2
3
0
0
-1
-2
-2
-3
-3
-3
-5
-6
-5
-5
-3
-2
0
1
0
-1
-2
-4
-6
-6
-9
-7
-8
-6
-6
-5
-3
-3
-2
-4
-6
-9
-8
-8
-11
-10
-10
-10
-9
-8
-5
-4
-1
2
2
3
1
0
-2
-5
-6
-7
-7
-5
-3
2
4
6
11
10
11
10
10
8
7
6
7
8
7
8
8
10
12
12
12
13
13
13
16
15
17
18
19
18
18
17
15
11
9
7
3
1
1
2
2
3
5
6
8
10
9
11
8
4
-3
-8
-13
-18
-21
-24
-24
-23
-20
-15
-11
-7
-5
-6
-6
-10
-16
-22
-29
-33
-38
-40
-39
-38
-34
-25
-17
-13
-6
-4
-5
-6
-12
-20
-26
-31
-36
-37
-34
-28
-18
-11
-2
9
14
18
19
17
10
4
1
-4
-7
-7
-3
3
9
19
26
32
37
39
41
38
35
31
27
24
22
22
23
24
26
29
31
34
34
37
38
38
38
39
37
34
33
31
28
23
19
15
12
7
4
4
3
4
5
8
8
11
11
10
8
2
-5
-12
-20
-28
-34
-37
-39
-39
-38
-33
-29
-25
-22
-20
-21
-22
-25
-31
-37
-43
-48
-53
-57
-57
-56
-51
-44
-35
-27
-19
-14
-14
-15
-20
-25
-31
-37
-39
-41
-38
-33
-24
-15
-7
3
10
15
18
17
12
9
3
-1
0
0
3
8
15
20
26
33
37
38
38
38
36
34
30
30
29
28
28
28
31
31
33
32
33
35
35
36
37
37
34
33
29
26
23
20
18
16
13
11
11
10
12
11
10
11
9
6
5
2
0
-5
-10
-13
-16
-19
-20
-21
-20
-19
-19
-18
-19
-20
-21
-24
-25
-27
-28
-27
-29
-28
-28
-26
-28
-27
-28
-30
-29
-26
-23
-19
-16
-15
-15
-16
-14
-15
-16
-15
-14
-12
-9
-7
-6
-4
-3
-1
2
4
5
6
6
6
6
7
7
8
9
9
9
9
9
11
11
11
13
13
14
13
14
12
11
12
12
13
12
13
12
10
10
8
6
8
7
8
8
7
7
7
6
5
7
6
6
7
6
6
3
3
0
-1
-2
-2
-1
-1
-1
0
1
0
0
-2
-1
-3
-5
-5
-6
-6
-5
-5
-4
-4
-3
-2
-3
-4
-4
-5
-4
-3
-2
-4
-3
-2
-3
-1
-1
0
-2
-3
-2
-3
-2
-3
-2
0
3
5
6
6
4
4
0
-4
-6
-4
-4
-2
1
3
5
5
5
0
-1
-3
-4
-5
-4
-3
-3
-2
-2
-1
-2
-1
1
0
0
-1
-1
-4
-4
-3
-5
-5
-4
-3
-1
0
1
2
1
0
-2
-1
-2
-2
-2
0
1
2
5
7
7
5
3
1
-3
-3
-2
-2
0
3
4
5
6
4
2
0
-3
-3
-4
-4
-2
-1
2
1
4
4
2
3
2
0
0
-1
-2
-1
-2
-3
-2
1
1
2
3
3
2
0
0
0
-1
-3
-4
-3
-2
-2
-1
-1
3
2
2
1
-1
-1
-1
0
0
2
1
2
1
3
1
-2
-1
-1
0
1
2
1
3
2
2
1
0
0
-1
-1
0
2
4
3
2
1
-1
-2
0
-2
1
3
4
5
3
2
0
-1
-3
-5
-4
-4
-2
1
3
4
4
1
-4
-4
-6
-7
-5
-4
-1
1
2
2
-2
-1
-3
-5
-5
-3
-2
-1
3
2
3
1
0
-1
-2
-2
-3
-3
-2
-2
1
2
3
2
1
1
0
0
-1
0
0
1
0
3
2
2
3
3
4
2
0
0
-3
-3
-3
-2
2
5
8
8
6
3
-2
-7
-9
-9
-8
-2
2
6
8
9
6
1
-3
-5
-7
-6
-5
-3
-1
1
3
3
3
1
0
1
-1
-1
-2
-3
-4
-4
-3
-1
1
3
2
2
3
1
-1
-3
-5
-4
-5
-3
-1
2
3
4
4
4
1
-2
-4
-7
-8
-6
-2
3
6
7
6
5
1
-2
-5
-7
-6
-3
2
5
7
9
8
4
1
-4
-7
-6
-6
-2
0
2
4
7
5
4
1
-1
-2
-3
-3
-2
-1
1
2
4
4
3
2
1
0
-1
0
-1
-1
-2
-1
-2
-1
1
0
1
2
1
1
0
0
-2
-2
-2
-2
-1
-1
-1
-1
-1
0
0
1
1
-1
0
1
1
2
1
1
2
0
-2
-1
-3
-3
-1
0
1
3
2
1
1
0
-1
-1
-2
-3
-2
-1
1
1
0
1
-1
-1
-3
-3
-3
-2
0
1
2
2
1
0
-4
-5
-4
-3
-2
-1
2
2
2
1
0
-1
-2
-1
-2
-1
-1
-1
-1
0
-1
-1
0
0
2
3
3
4
1
0
1
-1
-1
0
-1
0
0
2
1
1
0
-1
-1
0
0
0
1
2
2
2
3
2
0
-2
-3
-3
-2
0
3
3
4
3
0
-2
-4
-2
0
3
3
4
4
1
-1
-3
-2
0
0
2
3
0
0
0
-1
-1
1
0
1
1
0
-1
-2
-3
-2
0
-1
-2
-2
-5
-6
-5
-2
1
3
3
2
0
-3
-3
-4
-2
0
3
1
0
-2
-4
-5
-4
-1
3
4
4
3
1
-1
-3
-4
-3
1
1
1
0
-2
-3
-2
-1
2
4
4
5
4
2
0
-1
-2
-2
0
2
2
0
-3
-3
-1
-2
-1
3
5
6
5
3
1
0
0
2
3
2
4
2
2
1
1
0
1
2
3
3
3
3
2
0
0
1
0
0
1
1
1
1
2
3
3
3
1
1
2
3
1
0
0
-2
-1
-3
-2
-1
-1
-1
-2
-2
-1
0
0
1
1
1
0
-1
0
0
-1
-2
-2
-4
-3
-2
-3
-2
-2
-2
-1
-2
-2
-3
-2
-2
-2
-1
-3
-2
-2
-3
-3
-2
-2
0
-3
-2
-1
-1
-1
-1
-3
-3
-2
-3
-4
-1
-2
-3
-3
-2
-2
-2
-1
-3
-1
0
0
-1
-1
0
-1
-1
0
-1
0
-1
0
1
1
1
2
1
1
0
2
3
1
3
2
4
3
3
4
2
3
2
3
3
3
4
2
1
1
1
0
0
2
2
4
3
3
3
3
4
1
2
1
2
2
1
1
1
0
-1
1
0
-1
0
1
1
2
2
1
1
1
-1
0
-1
-1
-1
-1
-1
-1
-2
-1
-2
0
0
1
0
-1
0
0
0
0
1
1
0
1
2
1
1
2
-1
-1
0
0
0
1
0
-1
-2
-1
-1
0
1
0
0
0
2
2
1
-2
-2
-3
-1
1
1
-1
-2
-3
-3
-1
2
2
-1
-3
-3
0
2
2
-1
-3
-5
-4
-1
1
3
4
0
-5
-5
-4
-1
3
3
-1
-5
-6
-4
0
3
5
4
1
-1
-2
0
-3
-6
-8
-6
3
8
9
4
-5
-13
-12
-6
2
8
8
4
-3
-6
-5
1
6
7
4
0
-1
-1
-1
-1
0
-1
-1
0
3
6
7
3
0
-4
-5
0
5
11
8
-1
-9
-14
-11
-2
8
13
11
7
4
-1
-4
-8
-9
-3
6
16
18
13
1
-11
-16
-13
-7
1
8
12
13
7
-3
-11
-13
-6
7
17
14
0
-17
-22
-11
3
13
11
1
-6
-6
2
4
1
-6
-9
2
16
22
14
-6
-28
-35
-23
1
26
34
23
-1
-15
-18
-9
4
8
5
3
6
12
16
11
-1
-17
-29
-28
-12
16
39
44
21
-20
-51
-44
-5
37
46
16
-30
-50
-32
7
34
26
-1
-24
-25
-6
10
14
5
-6
-2
14
24
19
-4
-29
-39
-26
1
25
27
10
-12
-20
-11
10
22
14
-4
-15
-4
18
34
26
-2
-34
-44
-28
-5
15
27
30
24
4
-20
-34
-25
1
25
30
11
-13
-24
-16
-2
5
6
2
-6
-10
-10
-2
16
31
32
17
-5
-25
-33
-24
1
26
35
24
-8
-42
-58
-42
-4
35
49
30
-1
-19
-11
10
22
4
-36
-69
-59
-16
29
42
19
-12
-31
-33
-23
-13
-9
-8
-2
5
9
0
-17
-32
-37
-39
-32
-15
-2
-3
-8
1
14
18
7
-11
-32
-45
-35
-7
18
28
27
12
-15
-39
-50
-43
-17
17
38
40
31
19
6
-2
1
-8
-28
-38
-18
18
47
58
44
13
-13
-15
-3
10
14
16
20
31
36
23
8
4
0
-6
-9
1
20
37
50
57
50
30
16
9
0
-7
7
35
48
40
36
31
15
-5
-9
9
29
39
38
35
39
45
40
