SAMPLES:	18273
BITSPERSAMPLE:	16
CHANNELS:	1
SAMPLERATE:	16000
NORMALIZED:	FALSE
-1
-2
-3
-2
-1
0
1
0
1
1
1
1
2
1
1
0
1
-1
-2
0
-1
-1
0
-1
0
1
1
1
0
0
1
1
0
-1
1
0
1
0
0
0
0
0
-1
0
1
-2
0
1
1
0
-1
0
-1
0
1
0
0
0
0
-1
-1
-1
0
1
0
0
0
-1
0
-1
-1
-2
-1
0
-1
-1
0
0
1
0
3
1
0
2
0
0
0
0
0
0
1
0
-1
0
-1
-1
-1
-1
0
-1
-1
0
0
0
1
0
1
0
0
1
1
0
0
0
0
0
-1
1
1
1
0
1
-1
-1
1
1
1
1
0
0
0
0
0
0
0
1
2
0
0
0
1
0
1
0
-1
1
0
-1
0
-1
1
-1
-2
-2
-1
0
0
0
0
-1
0
0
1
0
0
0
0
0
-1
0
-1
1
0
1
1
2
-1
-1
0
0
-1
0
2
-1
-2
-1
-1
-1
-1
1
-1
-1
2
0
-1
1
0
-2
0
0
-1
-1
0
0
-2
-1
0
0
1
2
2
2
1
1
-1
-2
-1
-1
-1
-1
-2
1
-1
-1
1
0
0
-1
-1
-1
0
1
2
2
3
1
2
1
0
1
0
0
0
-1
-1
-1
1
-1
1
0
0
0
0
-1
0
-1
-2
0
-1
-1
0
2
-1
-1
1
-1
-2
1
2
-1
-1
0
1
-1
2
3
-1
-1
2
1
0
2
1
-1
-2
1
1
-2
-1
2
-3
-2
2
0
0
0
0
1
0
0
0
-2
0
1
0
0
0
-2
-1
2
0
-1
1
0
0
0
-1
0
0
0
1
0
1
1
0
0
4
1
0
1
0
1
1
1
1
1
-1
0
1
0
-1
0
-1
-1
-1
-2
1
0
0
2
1
0
0
0
-1
0
0
-1
0
0
-1
0
-1
1
0
0
0
-1
0
1
0
-1
-1
0
-1
-2
0
0
-3
2
1
0
0
1
2
-1
0
0
0
1
-1
0
0
0
0
-1
1
2
0
0
0
0
0
0
1
0
-1
1
0
0
-1
0
0
1
2
2
1
0
-1
-2
-2
-1
-1
-1
0
-1
0
-1
0
-1
1
0
0
1
-1
0
0
0
1
-2
0
0
-1
1
-1
0
0
0
1
0
0
-1
0
0
0
1
0
0
0
1
1
1
2
0
-1
1
-1
-1
1
1
0
1
-1
0
0
0
0
-2
0
-1
-2
-1
1
0
-1
1
0
0
-1
0
1
-1
1
2
1
0
1
1
0
0
1
0
-1
-1
-1
-1
-1
0
0
-1
0
0
2
0
1
2
2
1
0
0
0
-1
-1
0
0
0
1
1
-2
-1
0
0
-1
-1
2
-1
0
0
0
1
0
1
1
0
0
0
-2
-2
-1
0
1
0
0
1
0
0
1
0
0
0
0
0
0
0
0
0
0
-1
-2
0
0
-1
0
2
-1
0
2
2
0
0
1
0
-1
0
0
0
0
0
0
1
0
0
-1
0
0
0
-1
-1
0
0
0
1
0
-1
-1
0
0
0
1
1
1
1
1
-1
1
0
-1
-2
0
-2
-2
0
0
0
-1
-1
1
0
-1
-1
1
2
0
-2
0
-1
0
0
0
0
0
1
1
0
-1
0
0
1
1
0
1
1
1
-1
-1
0
0
1
1
0
0
1
1
0
-1
0
-1
-1
0
0
-1
0
-1
0
1
0
0
0
1
-1
0
0
1
1
0
1
0
1
0
0
-1
0
1
-1
-1
-1
-1
-1
0
0
-1
0
1
0
2
-1
0
1
0
0
0
0
-1
1
1
-1
1
0
0
-1
-1
1
0
0
1
0
0
-1
-1
-1
0
0
-1
-1
0
0
1
-1
1
0
-1
1
1
1
0
2
1
0
1
1
-1
-1
0
-1
0
0
0
0
0
0
1
1
1
0
-1
-2
-1
0
-2
0
-1
-2
-2
0
1
0
-1
-2
-1
0
-1
0
1
0
0
1
2
0
-1
0
-2
-1
0
0
-1
0
0
-2
-1
-1
0
0
-1
1
1
1
-1
1
2
1
2
0
0
-1
0
1
1
0
1
1
0
1
-2
-1
0
-2
0
-1
0
0
1
2
0
1
1
-1
1
1
0
1
0
-1
0
0
0
-1
0
0
0
1
0
-1
-1
0
-1
0
0
-1
0
-1
-1
0
1
2
1
-1
0
1
2
1
0
1
0
1
1
-1
0
-2
-1
-1
0
0
0
0
0
1
-1
0
-1
-1
-1
-1
-2
-1
0
0
1
0
0
0
-1
1
1
0
-1
0
1
1
0
0
1
1
0
1
0
1
1
1
1
0
0
-1
0
0
0
-1
-1
0
-1
0
0
0
0
-1
-1
-1
-1
0
0
-1
1
-1
0
0
-1
0
0
0
1
0
0
1
-1
1
0
0
-1
1
1
0
1
1
1
-1
0
0
0
0
0
-1
-1
0
0
1
-1
-1
0
2
1
1
1
0
0
1
1
0
0
1
0
0
-1
-1
-1
-2
-2
-1
0
0
0
0
0
-1
1
2
0
0
1
1
0
1
1
0
0
0
-1
0
0
0
1
1
2
1
0
0
0
1
-1
-2
-1
-1
-1
-1
-1
0
0
0
0
0
2
0
1
1
0
2
-1
0
0
-1
0
0
0
0
0
0
0
0
-1
0
0
0
0
-1
1
0
2
0
0
1
0
1
1
0
1
0
-1
0
0
0
0
0
0
0
1
0
0
-2
-2
-2
-1
-1
1
2
2
0
0
-1
-1
1
1
-1
-1
0
0
1
1
2
0
0
0
0
0
0
-1
0
-1
0
0
0
0
0
0
0
-1
0
0
-2
-1
-1
-1
0
0
0
0
0
-1
0
1
3
0
0
-1
0
1
1
2
1
1
0
1
1
0
-1
0
-1
-1
0
-1
-2
-1
-1
-1
0
0
0
0
-1
0
1
-1
0
0
0
0
0
1
-2
-1
-2
0
0
2
0
0
1
-1
0
0
2
-1
1
0
0
1
0
2
0
0
1
0
0
0
-1
-1
-2
0
-1
-1
-1
-1
0
0
1
1
0
1
1
-1
0
0
0
-1
0
0
1
1
0
0
0
1
1
1
0
0
0
1
1
1
2
1
-1
-2
1
1
1
0
0
-1
-2
1
1
0
-1
-2
-1
0
2
1
-1
1
1
0
1
0
1
-1
-2
-1
0
-1
1
1
-2
0
1
1
2
1
1
-1
-1
0
-1
-1
0
-1
-1
0
0
1
1
0
0
-1
-1
1
1
1
0
0
-1
-1
0
-1
-2
-1
0
1
2
0
0
0
1
1
1
0
-2
-4
-1
1
1
-1
-3
-3
-1
0
2
1
-1
-3
-1
-1
0
1
0
-1
-1
2
2
1
2
0
0
1
0
1
1
0
1
0
0
0
1
0
0
0
-3
-2
-1
-1
-2
-1
-1
-1
-3
-1
0
-1
0
2
1
-1
0
3
1
1
1
0
1
2
2
1
0
1
0
-1
0
1
-1
-1
-1
-1
1
3
4
1
-3
-1
2
1
1
-3
-5
-3
-1
2
0
-1
-4
-1
2
3
2
-3
-5
-3
2
3
2
-1
-4
-4
2
6
3
-6
-9
-7
-1
7
7
-1
-12
-5
7
14
14
4
-8
-7
7
20
17
5
-10
-9
2
15
13
1
-15
-20
-8
3
0
-10
-16
-21
-16
-6
0
-5
-10
-8
-3
3
5
10
6
5
8
11
10
12
14
10
7
6
8
6
6
4
0
-5
-5
-3
-3
-4
-8
-8
-9
-6
-5
-5
-6
-8
-6
-4
1
-1
-1
0
0
3
5
4
1
3
6
5
4
5
3
2
2
3
-1
-4
-2
0
-1
-5
-5
-3
-2
0
-1
-2
-6
-5
1
1
-1
-3
-3
-2
1
3
2
-2
-1
3
4
3
1
1
0
6
5
2
0
3
5
4
6
2
-2
-3
4
3
0
-1
-5
-5
-3
1
-3
-5
-5
-4
-2
3
5
2
3
6
8
4
6
0
-2
-6
-4
-3
-5
-8
-10
-12
-13
-10
-9
-8
-7
-1
-3
-5
-1
5
9
14
16
11
13
19
23
24
29
20
10
19
27
29
19
15
2
8
19
21
12
3
7
8
9
3
2
-5
-8
-19
-34
-41
-26
-18
-31
-36
-37
-41
-45
-29
-17
-22
-26
-38
-33
-12
4
-22
-10
4
-15
-21
23
37
9
20
9
-7
-3
25
6
25
34
-3
-50
-28
7
41
49
-10
-34
-9
20
15
45
47
13
16
21
46
41
20
-5
51
55
16
10
5
3
27
33
-36
-37
-24
-27
-42
-59
-74
-48
-18
-34
-47
-58
-66
-21
-7
3
-31
-50
-85
-32
-12
-13
-63
-73
-63
-58
-50
-44
7
-50
-64
-53
5
-17
17
57
53
17
1
52
93
145
121
124
72
82
116
184
176
118
91
109
159
110
62
55
89
64
73
47
16
38
98
90
79
30
-4
56
140
102
95
138
91
89
119
149
104
137
73
45
1
-37
-96
-146
-211
-279
-300
-398
-453
-492
-489
-581
-659
-721
-662
-623
-636
-631
-622
-610
-611
-482
-424
-326
-299
-226
-209
-110
-6
144
188
181
281
390
498
637
724
593
571
781
909
899
863
828
832
870
942
969
976
795
728
723
768
749
718
594
454
455
396
408
286
208
137
112
-46
-174
-183
-298
-377
-461
-551
-720
-804
-858
-935
-976
-1126
-1267
-1425
-1483
-1545
-1510
-1464
-1515
-1624
-1749
-1744
-1629
-1420
-1276
-1211
-1268
-1231
-988
-710
-436
-172
-239
-94
639
1162
865
817
1326
1602
1863
2256
2350
1902
1807
2185
2605
2563
2250
1987
1795
1716
1771
1754
1380
939
760
724
561
285
122
-13
-201
-248
-349
-522
-669
-506
-406
-397
-515
-674
-670
-548
-279
-370
-564
-855
-912
-996
-991
-1142
-1464
-1395
-1458
-1896
-2416
-2226
-2267
-2381
-2443
-2327
-2582
-2709
-2452
-2066
-2081
-1843
-1229
-824
-726
-320
135
325
1027
1771
2124
2020
2218
2422
2894
3266
3444
3244
3064
2868
2917
2936
2761
2286
1923
1552
1290
1148
943
392
-15
-105
-315
-394
-500
-692
-894
-550
-397
-319
-386
-324
-130
241
440
392
328
144
223
328
267
11
-280
-629
-813
-965
-1434
-1817
-2154
-2474
-2792
-2939
-3279
-3550
-3663
-3498
-3405
-3246
-3209
-3226
-3236
-2405
-1148
-785
-710
-307
84
348
1636
2665
2840
2660
2831
3059
3669
4238
4328
4059
3666
3229
3179
3239
2974
2594
2306
1482
632
475
494
190
-114
-456
-1085
-1262
-1063
-630
-513
-622
-875
-648
-241
81
335
380
228
218
454
555
570
286
-127
-338
-483
-739
-1103
-1511
-2140
-2480
-2704
-3068
-3448
-3552
-3679
-3824
-3865
-4113
-4513
-4112
-2516
-1589
-1733
-1993
-1637
-1158
301
2019
2582
2132
1887
2390
3430
4692
5139
4775
4219
3896
3990
4374
4402
3800
3222
2546
1592
1037
1069
858
295
-342
-1174
-1620
-1559
-1229
-1073
-1072
-1535
-1755
-1359
-684
-184
3
-197
-404
-86
411
761
715
287
-124
-104
-14
-137
-543
-1181
-1736
-1907
-2149
-2611
-3005
-3237
-3532
-3645
-3830
-4168
-4439
-3470
-2243
-1840
-2295
-2205
-1701
-743
814
1848
1911
1473
1797
2716
4094
4835
4738
4329
4095
4154
4529
4756
4239
3579
3112
2429
1679
1415
1211
680
135
-612
-1249
-1499
-1376
-1250
-1185
-1525
-1932
-1844
-1308
-680
-341
-480
-811
-647
-141
459
702
433
-156
-283
-33
189
-8
-550
-1255
-1737
-1909
-2058
-2351
-2926
-3307
-3635
-3728
-3806
-3731
-3961
-3484
-2584
-2242
-2351
-1906
-1221
-771
201
1093
1564
1598
2123
2898
3783
4175
4313
4467
4464
4449
4557
4579
4137
3733
3447
2900
2194
1748
1543
1066
594
125
-354
-802
-883
-798
-900
-1098
-1348
-1264
-1027
-692
-628
-617
-708
-612
-357
-43
-83
-378
-547
-592
-558
-685
-895
-1450
-1903
-2247
-2261
-2602
-3005
-3246
-3494
-3827
-3943
-4034
-4304
-3308
-2022
-2009
-2872
-2503
-1721
-952
363
1633
1466
761
1119
2509
3924
4622
4460
4023
3836
3990
4693
5171
4632
3523
3160
2918
2522
2215
1839
1075
513
199
-129
-412
-626
-786
-711
-724
-986
-1060
-793
-484
-154
10
-180
-235
60
348
339
229
-86
-268
-257
-296
-696
-1172
-1652
-2053
-2323
-2612
-2882
-3437
-3802
-4021
-4057
-4381
-4393
-4650
-4549
-3095
-1635
-1955
-2864
-2298
-1642
-428
1377
2526
1637
962
1633
3212
4688
5233
4830
4029
3761
4050
4972
5181
4349
3211
2755
2323
2023
1896
1487
659
-53
-517
-818
-829
-780
-792
-798
-994
-1195
-985
-453
-64
271
279
55
182
622
795
665
505
215
122
123
-133
-709
-1165
-1595
-1932
-2306
-2693
-3236
-3792
-4012
-4128
-4371
-4666
-4581
-4980
-4436
-2721
-1597
-2389
-2884
-2248
-1285
412
1931
2204
1329
1385
2330
3899
5097
5170
4458
3848
4013
4468
5075
4876
3799
2759
2392
2190
1893
1711
1007
170
-582
-915
-1061
-949
-1018
-1157
-1299
-1446
-1213
-799
-467
-286
54
61
198
526
734
701
623
500
427
441
191
-171
-577
-975
-1419
-1683
-2185
-2706
-3371
-3743
-3834
-3988
-4412
-4700
-4764
-5019
-3715
-1977
-1584
-2824
-2872
-1798
-338
1236
2312
2172
1261
1704
3274
4901
5398
4948
4193
3951
4385
4882
5016
4436
3246
2404
2074
1932
1582
1270
478
-406
-1138
-1350
-1277
-1096
-1313
-1619
-1707
-1692
-1192
-574
-245
-420
-261
15
503
887
985
675
330
323
636
718
136
-503
-925
-1131
-1423
-1730
-2451
-3138
-3634
-3953
-3974
-4164
-4512
-4941
-4865
-5107
-3796
-1871
-1344
-2632
-2794
-1474
-83
1487
2704
2862
1766
1912
3461
5307
5850
5449
4681
4259
4461
5005
5231
4741
3632
2583
1969
1574
1480
1287
615
-409
-1332
-1751
-1697
-1256
-1254
-1659
-1862
-1937
-1512
-735
-126
-225
-254
-114
350
940
1175
910
370
192
437
791
326
-520
-1153
-1326
-1554
-1814
-2436
-3237
-3848
-4229
-4235
-4322
-4526
-5090
-4953
-5222
-4574
-2594
-1296
-2211
-2831
-1573
-354
964
2468
3292
2494
2121
3122
4787
5888
5911
5383
4761
4520
4780
5186
5089
4171
3144
2347
1529
1010
1208
912
40
-1054
-1815
-2187
-1878
-1365
-1465
-1605
-1946
-2027
-1468
-490
-23
97
20
-50
488
1061
1252
934
448
234
430
585
47
-638
-1158
-1460
-1787
-2098
-2663
-3325
-3942
-4296
-4232
-4243
-4586
-4870
-4787
-5068
-3797
-1784
-1286
-2519
-2254
-866
129
1533
2979
3134
2092
2312
3574
5162
5840
5660
4957
4389
4350
4679
5074
4785
3665
2683
1993
1163
843
1132
764
-291
-1378
-2082
-2319
-1772
-1238
-1234
-1600
-2198
-2180
-1367
-303
245
261
-261
-293
423
1157
1316
892
231
87
407
577
149
-485
-1116
-1485
-1648
-1977
-2470
-3119
-3768
-4061
-3937
-4031
-4502
-4545
-4775
-4771
-3068
-1333
-1687
-2732
-1891
-763
256
1721
2920
2470
1697
2273
3791
5265
5580
5162
4431
4146
4301
4826
5172
4561
3396
2570
2018
1324
1244
1251
604
-474
-1410
-2020
-2094
-1531
-1278
-1324
-1867
-2340
-2189
-1256
-327
144
-136
-640
-333
459
1106
1108
565
-117
44
561
692
166
-540
-1169
-1291
-1346
-1655
-2216
-2970
-3716
-3748
-3589
-3866
-4344
-4399
-4885
-4525
-2459
-1089
-1950
-2739
-1744
-737
345
1943
2888
2112
1530
2434
4099
5226
5332
4856
4354
4112
4377
4914
5015
4112
3229
2674
1946
1280
1318
1051
148
-732
-1538
-2047
-2040
-1630
-1579
-1619
-2117
-2388
-1963
-1166
-490
-105
-325
-572
-36
687
1109
997
403
-74
232
779
757
224
-563
-1131
-1114
-1092
-1377
-2016
-2789
-3586
-3543
-3460
-3616
-4121
-4301
-4863
-4416
-2361
-995
-1744
-2733
-1884
-901
365
2027
2933
1951
1333
2378
3921
5052
5234
4781
4130
3999
4293
4763
4797
3873
3056
2536
1838
1131
1436
1027
-69
-981
-1509
-1957
-1884
-1467
-1676
-1909
-2312
-2200
-1723
-1017
-600
-397
-472
-455
125
812
1160
842
351
95
373
814
839
377
-449
-987
-1032
-913
-1123
-1642
-2456
-3352
-3558
-3387
-3283
-3823
-4175
-4840
-4640
-2749
-996
-1489
-2864
-2375
-1367
60
1889
2953
1855
1045
1932
3521
5036
5458
4879
4005
3972
4340
4879
5056
4218
3191
2580
2088
1418
1721
1340
227
-918
-1463
-1774
-1669
-1352
-1750
-2149
-2611
-2396
-1872
-1058
-796
-785
-866
-697
-34
766
1044
660
206
95
372
819
921
484
-340
-846
-894
-847
-969
-1352
-2128
-3180
-3564
-3436
-3220
-3694
-4089
-4923
-4862
-3070
-1181
-1614
-2976
-2660
-1694
-348
1619
2989
1841
736
1477
3408
5077
5637
5013
4044
3802
4338
5098
5420
4515
3188
2466
2176
1693
1744
1664
406
-996
-1814
-1643
-1491
-1247
-1615
-2119
-2772
-2664
-1724
-718
-361
-663
-895
-697
222
1177
1537
1036
311
136
594
1060
1186
735
-267
-991
-978
-899
-1049
-1511
-2237
-3386
-3903
-3825
-3561
-3872
-4369
-5026
-5250
-3558
-1503
-1431
-2857
-2774
-1801
-638
1395
3101
2396
853
1288
3131
5035
5846
5344
4245
3705
4089
4944
5537
4682
3188
2229
1959
1566
1639
1630
336
-1123
-1907
-1866
-1786
-1413
-1520
-2064
-2714
-2778
-1898
-858
-284
-397
-619
-637
106
1209
1791
1466
776
503
817
1227
1381
1095
196
-652
-830
-793
-1015
-1532
-2146
-3041
-3834
-4055
-3935
-3981
-4455
-4724
-5238
-4601
-2665
-1321
-2143
-2932
-2240
-1292
436
2517
3097
1560
983
2196
4200
5716
5848
4833
3797
3769
4520
5481
5292
3823
2554
1987
1710
1694
1941
846
-700
-1637
-1836
-1897
-1624
-1355
-1865
-2425
-2897
-2338
-1426
-572
-391
-410
-607
-433
585
1545
1753
1274
904
764
1076
1431
1439
840
-22
-639
-733
-735
-1108
-1794
-2436
-3247
-3983
-4127
-3909
-4097
-4538
-4917
-5260
-4214
-2244
-1454
-2596
-3073
-2151
-786
1139
2720
2533
998
1039
2779
4869
5879
5514
4379
3589
4074
5100
5819
4988
3506
2464
2149
2083
2163
1717
306
-937
-1553
-1703
-1770
-1548
-1711
-2155
-2740
-2812
-2203
-1426
-855
-619
-638
-856
-379
561
1371
1419
1103
723
707
1079
1396
1271
628
-217
-603
-545
-708
-1215
-1829
-2422
-3286
-3755
-3828
-3775
-4191
-4501
-4981
-4991
-3542
-1830
-1842
-3058
-2811
-1704
-161
1658
2739
1846
848
1600
3541
5385
5968
5275
4084
3856
4600
5682
5835
4729
3192
2461
2375
2350
2004
1054
-167
-1123
-1582
-1839
-1976
-2124
-2387
-2438
-2608
-2720
-2429
-1797
-1169
-649
-493
-663
-303
489
1258
1470
1338
859
806
1187
1490
1243
678
-64
-465
-467
-738
-1257
-1916
-2442
-3272
-3727
-3833
-3855
-4247
-4598
-4848
-4997
-3698
-1957
-1650
-2925
-2784
-1537
-283
1451
2810
2265
988
1700
3579
5343
6006
5480
4320
3945
4684
5575
5761
4722
3207
2439
2441
2273
1638
716
-317
-1115
-1609
-1945
-2257
-2467
-2670
-2534
-2369
-2610
-2663
-2168
-1341
-668
-341
-407
-316
304
1115
1600
1565
1114
886
1239
1591
1461
965
268
-294
-392
-515
-1012
-1724
-2342
-3044
-3612
-3702
-3729
-4071
-4608
-4800
-5024
-4026
-2201
-1493
-2615
-3052
-1889
-613
999
2556
2550
1270
1376
3109
4964
5951
5626
4638
4030
4457
5214
5596
4982
3474
2638
2346
2176
1486
863
-117
-917
-1522
-2009
-2319
-2463
-2575
-2706
-2413
-2650
-2751
-2440
-1614
-994
-566
-408
-412
88
808
1365
1467
1241
976
1180
1569
1539
1096
414
-90
-247
-280
-706
-1479
-2234
-2917
-3293
-3402
-3447
-3861
-4544
-4935
-5036
-4083
-2242
-1348
-2497
-3375
-2389
-702
879
2413
2573
1381
1098
2735
4782
6001
5917
4940
4103
4211
5052
5656
5384
3927
2838
2308
2102
1657
1222
327
-738
-1558
-2061
-2329
-2397
-2465
-2812
-2744
-2801
-2797
-2526
-1877
-1243
-801
-531
-449
-21
712
1202
1410
1356
1148
1235
1566
1618
1190
609
59
-86
-113
-521
-1414
-2178
-2805
-3248
-3270
-3468
-3847
-4689
-5002
-5175
-4491
-2798
-1513
-2285
-3591
-2850
-1094
554
1968
2741
1687
943
2149
4441
5947
6109
5234
4212
4038
4794
5641
5625
4296
2913
2308
2113
1739
1362
558
-626
-1544
-2066
-2294
-2490
-2482
-2877
-2905
-2764
-2609
-2440
-1950
-1369
-779
-310
-137
130
753
1331
1586
1817
1685
1536
1682
1772
1545
1116
611
118
-94
-419
-1106
-1847
-2456
-3044
-3482
-3659
-3970
-4375
-5026
-4996
-5078
-4226
-2668
-1835
-2833
-3424
-2045
-480
862
2051
2537
1548
1451
2996
5005
5897
5583
4819
4133
4314
4963
5477
4893
3527
2626
2154
1845
1305
869
-174
-1040
-1769
-2215
-2601
-2652
-2717
-2953
-2667
-2538
-2452
-2345
-1632
-908
-232
49
156
515
1126
1726
2200
2312
1897
1771
1958
1984
1857
1406
699
-47
-265
-493
-1001
-1791
-2645
-3290
-3789
-3903
-3949
-4331
-5099
-5177
-5312
-4292
-2559
-1736
-2873
-3401
-2127
-668
937
2341
2639
1475
1414
2876
4958
5954
5639
4649
3896
4037
4695
5338
4808
3412
2340
1835
1425
1154
819
-198
-1295
-2046
-2396
-2685
-2643
-2714
-2804
-2672
-2605
-2485
-2133
-1408
-658
1
123
159
573
1470
2104
2487
2288
1877
1798
2109
2286
2021
1291
334
-126
-125
-232
-976
-1953
-2970
-3457
-3646
-3495
-3761
-4541
-5365
-5299
-5162
-3935
-2147
-1789
-3205
-3674
-1951
-408
1199
2418
2468
1153
1312
3112
5144
5985
5448
4385
3661
4059
4789
5355
4693
3303
2201
1866
1604
1171
643
-294
-1205
-2047
-2429
-2649
-2641
-2817
-2873
-2639
-2536
-2410
-2114
-1382
-651
-57
55
321
810
1537
2145
2443
2250
2001
2099
2270
2268
1870
1191
533
200
19
-323
-1118
-2133
-2899
-3174
-3464
-3634
-4094
-4837
-5515
-5215
-5117
-4307
-2692
-2164
-3317
-3737
-1961
-478
716
1896
2291
1340
1438
3193
4955
5636
5271
4573
4087
4421
4999
5274
4675
3517
2676
2337
1989
1230
533
-320
-968
-1621
-2190
-2631
-2792
-2925
-3020
-2592
-2370
-2313
-2292
-1741
-979
-160
177
407
868
1376
1917
2388
2509
2300
2348
2386
2265
1943
1456
961
567
160
-471
-1193
-1973
-2589
-3002
-3553
-4033
-4485
-5029
-5535
-5372
-5510
-5070
-3426
-2522
-3323
-3786
-2359
-985
119
1545
2312
1674
1524
2972
4621
5515
5524
5047
4638
4752
5075
5287
4992
3999
3137
2857
2232
1078
357
29
-542
-1343
-2159
-2847
-3130
-3031
-2833
-2428
-2402
-2732
-2747
-1976
-943
-104
305
341
594
1245
2069
2688
2823
2507
2419
2505
2506
2280
1863
1251
586
74
-455
-1121
-1848
-2511
-3155
-3990
-4416
-4644
-5051
-5711
-5799
-6047
-5679
-3839
-2600
-3281
-4113
-2909
-1401
37
1676
2625
1889
1467
2768
4676
5963
6117
5492
4747
4766
5136
5537
5392
4404
3219
2724
2162
1114
490
239
-400
-1527
-2438
-2988
-3107
-2971
-2778
-2555
-2777
-2994
-2720
-1798
-913
-187
225
363
684
1457
2329
2818
2844
2605
2654
2734
2693
2407
1957
1251
522
77
-358
-1048
-1914
-2721
-3478
-4301
-4654
-4683
-5114
-6028
-6366
-6471
-6017
-4094
-2674
-3369
-4578
-3484
-1569
132
1837
2739
1949
1356
2717
4892
6392
6491
5762
4893
4838
5306
5868
5750
4669
3385
2629
2109
1337
854
308
-546
-1695
-2578
-2991
-2961
-2924
-3049
-2910
-3059
-3009
-2519
-1683
-1093
-398
255
556
975
1778
2489
2826
2954
2908
3034
3049
2891
2467
1981
1369
694
171
-314
-1063
-2063
-2990
-3756
-4462
-4987
-5017
-5432
-6361
-6800
-6675
-6406
-4771
-3004
-3192
-4447
-3791
-1663
-43
1753
2933
2537
1699
2788
4943
6532
6861
6239
5414
5088
5505
5964
5940
4867
3559
2713
2195
1409
717
114
-795
-1807
-2593
-3068
-3271
-3287
-3305
-3157
-3098
-2980
-2597
-1952
-1221
-298
461
771
1077
1873
2512
2907
3181
3204
3113
2988
2882
2502
1961
1307
704
23
-564
-1286
-2232
-3241
-4059
-4635
-5252
-5427
-5781
-6462
-6866
-6621
-6508
-5327
-3294
-2789
-3734
-3674
-1747
-170
1578
3177
3276
2298
2685
4673
6417
7167
6719
5843
5151
5327
5792
5991
5200
3781
2753
2164
1452
619
103
-637
-1596
-2492
-3041
-3337
-3356
-3198
-2951
-2814
-2799
-2602
-1986
-1102
-83
691
976
1108
1701
2387
2881
3215
3160
2885
2646
2542
2198
1707
1106
447
-343
-1018
-1642
-2469
-3358
-4156
-4716
-5436
-5743
-5927
-6247
-6645
-6500
-6295
-5604
-3590
-2423
-2803
-3340
-1910
-183
1414
3087
3688
2899
2637
4184
5998
7077
6844
5938
5050
5009
5433
5719
5244
3913
2725
2086
1533
721
150
-477
-1294
-2202
-2874
-3150
-3173
-3022
-2816
-2518
-2472
-2415
-1858
-950
-92
696
1172
1278
1577
2247
2852
3110
3012
2768
2554
2391
2099
1624
1041
392
-338
-1018
-1606
-2338
-3209
-4011
-4557
-5280
-5752
-5901
-6087
-6475
-6475
-6192
-5887
-4142
-2484
-2361
-3133
-2292
-489
962
2623
3689
3221
2567
3590
5348
6598
6804
6088
5154
4793
5100
5408
5219
4201
2982
2271
1565
709
178
-175
-960
-1937
-2782
-3150
-3214
-2942
-2704
-2535
-2532
-2435
-1887
-1056
-322
479
1096
1319
1563
2125
2700
2942
2975
2832
2730
2460
2218
1742
1204
570
-30
-691
-1367
-2065
-2959
-3779
-4386
-4959
-5573
-5769
-6045
-6411
-6511
-6172
-6023
-4575
-2696
-2396
-3109
-2580
-657
671
2271
3548
3368
2581
3321
5046
6371
6838
6243
5345
4821
5116
5418
5373
4439
3098
2350
1699
906
246
-102
-938
-1916
-2757
-3122
-3211
-3031
-2845
-2756
-2652
-2551
-1962
-1214
-538
207
969
1317
1594
2089
2591
2853
3005
2978
2859
2631
2380
1896
1353
762
141
-597
-1286
-1977
-2868
-3724
-4476
-4992
-5572
-5664
-6074
-6498
-6754
-6357
-6133
-4705
-2800
-2616
-3331
-2910
-698
708
2285
3457
3360
2538
3281
5215
6621
6973
6217
5381
4878
5260
5588
5534
4428
2913
2256
1707
986
196
-112
-1009
-2010
-2814
-3119
-3136
-3016
-2746
-2698
-2539
-2602
-1838
-958
-203
373
1086
1453
1683
2306
2879
3105
3033
3027
2848
2770
2454
1885
1240
638
-37
-926
-1526
-2227
-3064
-3983
-4727
-5337
-5871
-5846
-6095
-6457
-6896
-6509
-6190
-4625
-2682
-2393
-3162
-2944
-751
899
2530
3644
3482
2570
3262
5332
6838
7026
6121
5243
4730
5148
5477
5325
4143
2683
1968
1436
800
41
-264
-1152
-2104
-2914
-3160
-3090
-2851
-2595
-2614
-2430
-2319
-1582
-746
108
723
1291
1620
1888
2494
3071
3292
3212
3079
2820
2700
2423
1864
1114
454
-253
-1176
-1819
-2435
-3179
-4105
-4882
-5475
-5949
-5921
-6043
-6321
-6760
-6418
-6014
-4505
-2525
-2087
-2807
-2735
-704
1011
2584
3739
3642
2688
3240
5275
6753
6932
6073
5228
4617
4935
5272
5099
3978
2589
1811
1327
848
82
-332
-1260
-2078
-2773
-2946
-2890
-2713
-2565
-2637
-2285
-1945
-1387
-798
31
687
1241
1685
2028
2416
2840
3110
3197
3022
2737
2455
2160
1672
984
305
-435
-1311
-2001
-2524
-3228
-4039
-4826
-5338
-5890
-5915
-5983
-6195
-6534
-6233
-5819
-4776
-2761
-2033
-2473
-2692
-877
774
2207
3438
3668
2855
3012
4866
6323
6798
6053
5292
4552
4727
5068
5036
4171
2740
1847
1370
1122
326
-129
-973
-1747
-2397
-2555
-2479
-2454
-2291
-2276
-1890
-1622
-1176
-658
114
770
1362
1831
2160
2454
2778
3029
3181
3034
2692
2265
1858
1380
785
139
-656
-1545
-2308
-2794
-3438
-4139
-4956
-5499
-6044
-6093
-6032
-6220
-6507
-6362
-5811
-5070
-2969
-1922
-2152
-2691
-1190
668
2096
3383
3758
3136
2829
4449
5985
6800
6150
5294
4497
4505
4885
4931
4376
2907
1877
1277
1152
485
33
-603
-1387
-2016
-2391
-2265
-2249
-1953
-1872
-1487
-1377
-1156
-636
231
1051
1564
1879
2015
2292
2644
3036
3167
2918
2346
1875
1547
1227
679
-48
-926
-1774
-2444
-2788
-3329
-4068
-4941
-5527
-5852
-5924
-5784
-6048
-6250
-6337
-5684
-5132
-3159
-1802
-1827
-2471
-1629
356
1748
3183
3676
3331
2637
3736
5327
6400
6195
5323
4557
4220
4536
4685
4503
3339
2144
1427
1099
681
263
-87
-909
-1610
-2186
-2148
-2019
-1722
-1538
-1360
-1260
-1249
-685
150
1041
1494
1696
1741
1976
2419
2825
2988
2691
2091
1602
1390
1235
761
8
-919
-1701
-2275
-2476
-2943
-3753
-4639
-5260
-5428
-5573
-5394
-5759
-5953
-6151
-5536
-5141
-3644
-1975
-1726
-2259
-2125
-233
1095
2623
3354
3309
2499
2979
4513
5747
6123
5361
4650
4010
4214
4407
4531
3843
2549
1712
1148
931
533
372
-478
-1242
-1909
-2004
-1798
-1556
-1294
-1367
-1166
-1239
-696
15
875
1295
1470
1575
1769
2225
2491
2711
2504
2073
1571
1345
1195
853
255
-569
-1369
-2039
-2268
-2633
-3365
-4240
-4930
-5143
-5373
-5249
-5534
-5839
-6113
-5675
-5195
-4107
-2315
-1913
-2329
-2568
-795
713
2168
3034
3086
2384
2540
4046
5419
6055
5370
4614
3967
4181
4437
4644
4226
2974
1982
1451
1277
924
749
11
-900
-1616
-1833
-1538
-1339
-1057
-1291
-1137
-1124
-692
60
806
1177
1273
1444
1666
2085
2308
2411
2211
1886
1483
1223
972
644
127
-525
-1286
-2048
-2462
-2727
-3285
-4073
-4839
-5154
-5424
-5369
-5453
-5731
-6045
-5872
-5297
-4573
-2589
-1862
-2113
-2676
-1303
470
1859
2965
3144
2555
2207
3588
5096
6028
5460
4684
3933
3991
4394
4701
4520
3371
2295
1645
1506
1181
1070
558
-424
-1295
-1723
-1368
-1158
-866
-1071
-1107
-1078
-739
62
759
1098
1157
1296
1539
2008
2266
2304
1998
1720
1447
1316
1046
627
55
-530
-1064
-1744
-2255
-2576
-2995
-3767
-4552
-4983
-5155
-5308
-5275
-5567
-5799
-5994
-5360
-5058
-3488
-2028
-1920
-2496
-2196
-337
967
2447
3028
2852
2008
2692
4264
5612
5840
5023
4276
3821
4261
4624
4886
4109
2897
2001
1609
1452
1195
1063
141
-780
-1547
-1468
-1183
-1016
-960
-1144
-1057
-1033
-380
255
757
960
1116
1283
1597
1944
2025
1942
1721
1493
1199
1015
650
196
-338
-806
-1452
-2129
-2456
-2693
-3283
-4091
-4751
-5017
-5180
-5196
-5221
-5482
-5706
-5608
-5104
-4403
-2502
-1734
-1983
-2465
-1385
351
1671
2951
3059
2536
2179
3523
4974
5962
5638
4838
4190
4131
4605
4879
4774
3665
2668
1916
1600
1311
1148
757
-205
-936
-1502
-1432
-1316
-1020
-963
-981
-961
-958
-378
175
861
1134
1233
1211
1362
1649
1823
1979
1727
1236
701
519
315
-5
-527
-1329
-2106
-2615
-2598
-3048
-3737
-4677
-5128
-5283
-5254
-5201
-5502
-5664
-5921
-5359
-4932
-2999
-1949
-1856
-2521
-1913
-104
1273
2808
3125
2862
2141
3212
4590
5874
5916
5218
4447
4059
4564
4855
5052
4061
3102
2178
1697
1479
1281
1142
152
-551
-1394
-1479
-1363
-940
-808
-879
-879
-1097
-567
34
928
1226
1284
1130
1198
1539
1902
2166
1937
1348
658
496
463
214
-389
-1250
-2053
-2630
-2604
-2981
-3680
-4703
-5177
-5341
-5402
-5358
-5726
-5893
-6182
-5604
-5223
-3194
-2143
-2062
-2778
-2073
-224
1125
2722
3095
2809
2034
3146
4573
5947
6012
5328
4487
4111
4623
5003
5245
4202
3177
2285
1861
1631
1463
1295
212
-597
-1447
-1410
-1277
-854
-840
-966
-1068
-1227
-521
190
1041
1132
1060
985
1238
1699
2092
2120
1710
1155
720
736
670
201
-604
-1494
-2093
-2520
-2538
-3103
-3895
-4855
-5198
-5325
-5424
-5474
-5885
-6029
-6098
-5468
-5044
-3112
-2203
-2235
-2766
-1698
104
1237
2633
3087
2831
2267
3484
4913
5999
5883
5300
4684
4417
4792
4991
5038
3969
3051
2383
1991
1550
1268
1062
57
-726
-1439
-1284
-1222
-889
-884
-965
-1128
-1205
-377
435
1135
1044
905
927
1326
1892
2195
1933
1330
862
733
886
665
-64
-1069
-1858
-2253
-2517
-2685
-3431
-4248
-5052
-5208
-5320
-5360
-5597
-5942
-5998
-5746
-5157
-4585
-2852
-2300
-2362
-2537
-998
491
1478
2599
2978
2747
2582
4047
5235
5908
5474
5056
4633
4686
4926
4891
4539
3472
2772
2329
1998
1437
1112
687
-188
-872
-1268
-1058
-977
-831
-840
-877
-968
-898
-38
738
1198
1020
962
1020
1477
2020
2185
1722
1077
664
712
888
447
-405
-1504
-2018
-2429
-2477
-2960
-3789
-4652
-5120
-5134
-5363
-5337
-5830
-5922
-6032
-5307
-5001
-3775
-2524
-2309
-2482
-2068
-179
792
2103
2762
2928
2419
3078
4510
5542
5772
5163
4775
4443
4845
4950
4862
4067
3094
2534
2071
1769
1346
1044
226
-525
-1152
-1254
-1022
-834
-775
-905
-839
-988
-614
117
982
1223
1112
948
1024
1541
2060
2159
1607
919
454
720
652
257
-762
-1661
-2319
-2552
-2634
-3344
-4036
-4838
-5041
-5460
-5370
-5637
-5804
-6032
-5705
-5315
-4410
-2645
-2271
-2338
-2607
-947
377
1735
2769
2930
2469
2433
3869
5201
6032
5439
4885
4338
4595
4996
5110
4613
3344
2649
2072
1898
1605
1317
526
-404
-1046
-1344
-1124
-915
-737
-963
-941
-1080
-856
-287
578
1192
1145
971
823
1258
1851
2219
1882
1176
433
523
658
450
-283
-1347
-2200
-2711
-2602
-3068
-3682
-4524
-4974
-5343
-5411
-5462
-5642
-5739
-5691
-5360
-4579
-2713
-2195
-2310
-2477
-1274
155
1411
2705
2832
2425
2352
3601
4882
5843
5585
4903
4335
4384
4948
5012
4643
3393
2585
2075
1844
1696
1338
634
-386
-951
-1216
-1029
-906
-784
-928
-969
-995
-797
-217
399
965
1095
1069
1044
1290
1811
2039
1805
1314
701
666
635
362
-279
-1095
-1912
-2527
-2645
-3027
-3625
-4343
-4798
-5180
-5247
-5447
-5523
-5686
-5478
-5286
-4581
-2890
-2312
-2477
-2595
-1256
-115
1116
2250
2687
2169
2222
3518
4695
5547
5361
4989
4366
4460
4860
5046
4581
3471
2682
2221
2007
1667
1395
636
-198
-878
-1039
-918
-867
-952
-1099
-977
-978
-778
-364
265
594
817
928
1122
1336
1657
1784
1590
1286
871
962
714
307
-370
-941
-1577
-2102
-2412
-2978
-3574
-4123
-4505
-4923
-5013
-5228
-5432
-5643
-5390
-5205
-4411
-2830
-2362
-2842
-2830
-1292
-48
1058
2100
2360
1779
2022
3563
4914
5453
5160
4680
4360
4580
4978
5095
4515
3438
2629
2277
2013
1719
1365
672
-213
-914
-1079
-908
-769
-877
-1102
-1128
-1108
-816
-250
390
622
622
643
968
1465
1885
1891
1462
969
759
1161
1041
523
-435
-1179
-1681
-1815
-2068
-2770
-3543
-4226
-4611
-4828
-4682
-5051
-5400
-5727
-5438
-5340
-3917
-2427
-2524
-3376
-2871
-1070
74
1353
2167
1962
1202
2109
3899
5214
5381
4835
4243
4199
4710
5143
5058
4154
3107
2447
2216
2032
1709
1194
374
-393
-988
-1051
-873
-747
-856
-1054
-1146
-1170
-736
-34
577
729
638
544
925
1547
2107
2015
1482
800
734
1247
1218
655
-397
-1230
-1720
-1708
-1939
-2579
-3544
-4253
-4722
-4734
-4686
-5024
-5398
-5634
-5436
-5255
-3416
-2401
-2754
-3531
-2505
-940
110
1509
2127
1630
989
2332
4036
5170
5092
4549
3998
3978
4600
5103
4922
3776
2850
2330
2098
1957
1684
1124
97
-585
-1075
-925
-793
-625
-774
-954
-1072
-1066
-399
255
786
816
736
659
1084
1703
2095
1932
1503
963
930
1238
1059
487
-365
-1071
-1574
-1785
-2125
-2759
-3504
-4076
-4609
-4830
-4999
-5201
-5471
-5371
-5425
-5030
-3360
-2547
-2910
-3350
-2079
-924
210
1615
2139
1401
1060
2520
4078
5091
4992
4451
3854
3922
4593
5140
4857
3647
2800
2311
2091
1823
1700
1037
-34
-850
-1254
-1043
-930
-701
-995
-1012
-1248
-1123
-516
235
768
780
709
631
1069
1656
2084
1925
1587
1114
1157
1345
1156
573
-262
-865
-1327
-1509
-2040
-2700
-3381
-3902
-4342
-4602
-4872
-5298
-5478
-5294
-5333
-4788
-3153
-2494
-2999
-3322
-1900
-754
499
1720
2097
1290
1088
2531
4111
5177
4907
4261
3640
3898
4497
5006
4668
3415
2541
2051
1945
1587
1416
739
-254
-1114
-1579
-1305
-1174
-929
-1267
-1126
-1385
-1227
-659
205
803
784
832
752
1199
1729
2286
2132
1722
1237
1349
1613
1471
827
-102
-748
-1184
-1291
-1783
-2463
-3320
-3970
-4352
-4469
-4681
-5240
-5510
-5455
-5429
-4690
-2975
-2460
-3133
-3468
-1972
-613
656
1772
1967
1220
1083
2670
4320
5272
4828
4154
3697
4027
4654
4966
4578
3277
2431
1970
1946
1591
1221
600
-394
-1209
-1725
-1415
-1260
-1084
-1353
-1393
-1633
-1365
-593
258
756
605
639
803
1460
2071
2399
2105
1544
1261
1628
2007
1669
864
-40
-677
-948
-1057
-1521
-2423
-3310
-4041
-4398
-4393
-4632
-5248
-5685
-5532
-5626
-4515
-2947
-2726
-3625
-3552
-1896
-764
586
1720
1712
798
1205
2977
4519
5117
4712
4090
3734
4209
4869
5124
4495
3194
2393
2034
1999
1715
1357
532
-587
-1399
-1712
-1352
-1167
-1157
-1570
-1782
-1905
-1379
-500
265
528
298
365
764
1618
2271
2398
1964
1428
1380
1822
2190
1826
1022
122
-517
-712
-803
-1300
-2222
-3107
-3905
-4332
-4375
-4491
-5112
-5624
-5534
-5681
-4629
-3090
-2776
-3694
-3635
-2026
-906
366
1592
1719
838
1296
2990
4554
5107
4846
4267
3927
4348
4919
5251
4620
3368
2530
2179
1972
1653
1333
489
-679
-1610
-1881
-1605
-1372
-1502
-1899
-2029
-2067
-1602
-853
26
321
238
347
783
1470
2106
2416
2180
1764
1608
1911
2141
1934
1286
527
-170
-543
-740
-1303
-2045
-2902
-3617
-4252
-4397
-4629
-5100
-5589
-5465
-5698
-4938
-3259
-2836
-3560
-3819
-2086
-965
224
1372
1778
1059
1293
2964
4531
5186
4811
4413
4113
4495
4854
5136
4601
3436
2712
2313
1993
1423
1059
374
-574
-1545
-2015
-1935
-1766
-1801
-2004
-1958
-2079
-1894
-1304
-307
304
422
496
767
1272
1905
2436
2500
2174
1815
1952
2139
2002
1524
912
244
-342
-669
-1271
-1933
-2707
-3330
-4022
-4342
-4715
-5216
-5557
-5379
-5555
-5028
-3423
-2963
-3586
-3853
-2161
-1018
51
1166
1688
1085
1226
2879
4427
5135
4756
4426
4135
4497
4820
5041
4585
3489
2757
2284
1995
1450
999
340
-524
-1419
-2008
-1988
-1830
-1797
-2022
-1925
-2046
-1983
-1472
-503
291
496
545
675
1133
1762
2340
2545
2280
1852
1885
2104
1994
1592
1005
362
-236
-623
-1134
-1820
-2541
-3232
-3871
-4218
-4602
-5184
-5526
-5282
-5492
-4901
-3483
-3000
-3742
-3922
-2259
-1087
-26
1045
1566
882
1118
2828
4455
5175
4832
4448
4117
4562
5045
5330
4848
3687
2845
2310
2195
1754
1281
433
-585
-1487
-2010
-1868
-1769
-1813
-2281
-2239
-2377
-2182
-1662
-768
-77
23
130
291
934
1594
2181
2292
2026
1712
1895
2224
2165
1691
934
350
-55
-323
-759
-1504
-2329
-3200
-3762
-3920
-4268
-5023
-5421
-5299
-5559
-4507
-3220
-3062
-4221
-4047
-2162
-1013
130
1024
1276
422
1190
3066
4793
5156
4690
4312
4212
4817
5252
5545
4768
3679
2775
2392
2170
1716
1228
319
-697
-1741
-2137
-1937
-1715
-1895
-2308
-2428
-2688
-2296
-1540
-487
-176
-281
-200
283
1178
1875
2337
2109
1707
1625
2255
2534
2305
1500
702
235
39
-75
-701
-1536
-2529
-3337
-3664
-3774
-4270
-5131
-5172
-5523
-5191
-3757
-2867
-3625
-4605
-3218
-1674
-648
336
1153
585
362
1867
3811
4821
4610
4341
4142
4520
4911
5324
5053
4161
3252
2649
2308
1749
1345
723
-29
-1113
-1943
-2183
-1946
-1765
-2036
-2253
-2616
-2635
-2023
-979
-258
-304
-369
-88
755
1583
2160
2172
1772
1478
1910
2518
2511
1985
1067
498
136
126
-272
-989
-1842
-2751
-3318
-3589
-3799
-4521
-4800
-4950
-5269
-4264
-3021
-2951
-4085
-3579
-2025
-1230
-303
865
1003
250
1085
2855
4137
4304
4213
4068
4079
4491
4936
5067
4281
3435
2823
2443
1950
1432
1025
227
-657
-1527
-1857
-1910
-1795
-1909
-2148
-2405
-2625
-2190
-1419
-687
-532
-574
-380
263
1125
1686
1817
1582
1366
1568
2132
2312
2024
1334
736
412
260
2
-700
-1373
-2101
-2682
-3061
-3453
-4085
-4580
-4484
-4846
-4242
-3149
-2821
-3802
-3834
-2242
-1384
-645
395
969
215
605
2279
3764
4178
4057
3954
3816
4245
4818
5302
4689
3690
2993
2637
2343
1903
1511
704
-303
-1255
-1637
-1700
-1590
-1788
-2170
-2424
-2735
-2495
-1881
-1114
-884
-993
-881
-333
507
1164
1437
1324
1115
1241
1809
2087
2040
1514
984
570
472
312
-243
-977
-1644
-2287
-2665
-2975
-3618
-4378
-4460
-4677
-4343
-3040
-2604
-3477
-4299
-2812
-1538
-655
272
829
123
-19
1729
3486
4301
4053
3793
3524
4025
4756
5384
5013
3885
3100
2678
2551
2189
1772
974
-27
-961
-1548
-1682
-1690
-1663
-2092
-2236
-2592
-2670
-2220
-1440
-784
-915
-915
-722
54
850
1370
1436
1038
963
1407
1946
2100
1767
1129
563
402
418
161
-600
-1298
-2142
-2586
-2809
-3129
-3995
-4420
-4493
-4565
-3191
-2450
-2778
-4272
-3514
-1822
-762
180
694
398
-390
966
2981
4298
4143
3721
3435
3746
4533
5213
5304
4173
3259
2731
2675
2340
1882
1315
310
-640
-1480
-1668
-1771
-1711
-1909
-2067
-2419
-2908
-2518
-1665
-780
-842
-1022
-1008
-499
527
1240
1461
851
512
907
1662
2098
1865
1141
409
213
381
411
-268
-1016
-1914
-2401
-2572
-2779
-3436
-4105
-4044
-4350
-3147
-2261
-2311
-3755
-3728
-1902
-828
76
518
535
-360
495
2488
4004
4031
3525
3321
3476
4253
4865
5228
4338
3373
2759
2695
2494
2066
1607
654
-310
-1305
-1589
-1617
-1512
-1809
-2032
-2371
-2898
-2780
-1916
-942
-960
-1337
-1346
-877
41
854
1140
777
194
502
1275
1873
1853
1256
594
230
396
474
15
-600
-1393
-2032
-2188
-2446
-3101
-3811
-3596
-3922
-3145
-2018
-2008
-3345
-3860
-1974
-841
-87
434
542
-378
51
2065
3702
3957
3354
3142
3196
4018
4692
5135
4467
3453
2853
2651
2583
2216
1853
890
-94
-1132
-1585
-1663
-1479
-1639
-2010
-2367
-2930
-2973
-2254
-1194
-922
-1340
-1526
-1203
-288
673
1033
891
291
326
941
1689
1873
1436
757
259
242
358
70
-433
-1087
-1910
-2158
-2448
-2939
-3780
-3556
-3753
-3286
-2032
-1825
-2783
-3765
-2091
-843
-65
540
809
-9
-118
1724
3430
4059
3491
3258
3131
3769
4455
4996
4594
3563
2977
2536
2430
2068
1904
1107
133
-972
-1619
-1804
-1662
-1508
-1782
-2145
-2830
-3044
-2388
-1327
-823
-1124
-1429
-1349
-620
534
1024
921
320
202
628
1326
1712
1392
651
44
-49
133
-48
-486
-1072
-1904
-2219
-2468
-2777
-3634
-3556
-3656
-3271
-1975
-1711
-2438
-3426
-1983
-714
36
691
1015
309
1
1694
3322
3973
3552
3383
3215
3628
4270
4782
4518
3565
3057
2570
2332
1915
1784
1247
367
-715
-1494
-1712
-1659
-1436
-1558
-1861
-2573
-2954
-2317
-1302
-835
-1119
-1386
-1309
-866
219
796
719
114
-35
415
892
1273
1059
465
-211
-324
-97
-206
-674
-1153
-1828
-2143
-2350
-2608
-3396
-3471
-3470
-3139
-1761
-1508
-2224
-3269
-1868
-492
231
803
1071
398
1
1726
3375
4007
3504
3342
3187
3612
4302
4833
4578
3596
3072
2643
2499
2063
1862
1310
453
-613
-1424
-1592
-1575
-1431
-1676
-1945
-2651
-3048
-2500
-1448
-972
-1327
-1634
-1502
-1021
-84
515
517
12
-243
267
795
1146
944
542
-48
-295
-109
-123
-557
-1014
-1610
-1954
-2231
-2520
-3219
-3318
-3266
-3113
-1804
-1425
-2027
-3247
-1969
-412
300
802
1120
567
-10
1618
3392
4173
3568
3328
3176
3588
4319
4895
4733
3629
2977
2541
2521
2099
1861
1301
418
-633
-1488
-1619
-1625
-1467
-1776
-2010
-2674
-3112
-2669
-1591
-937
-1275
-1596
-1502
-949
-121
440
492
78
-191
207
747
1010
826
468
36
-279
-264
-364
-757
-1126
-1649
-1968
-2375
-2764
-3459
-3406
-3169
-2931
-1776
-1424
-2029
-3167
-1778
-56
627
996
1275
767
210
1857
3703
4358
3574
3281
3214
3638
4326
4827
4611
3419
2781
2387
2398
1930
1677
1169
351
-603
-1428
-1538
-1618
-1418
-1673
-1816
-2447
-2907
-2505
-1502
-824
-1156
-1400
-1354
-789
-75
424
405
-29
-194
114
606
703
558
132
-237
-510
-524
-650
-1122
-1453
-1958
-2133
-2597
-2952
-3648
-3521
-3226
-2743
-1559
-1340
-2025
-3020
-1439
241
1009
1357
1475
820
403
2237
4026
4479
3556
3211
3127
3662
4380
4817
4433
3210
2653
2250
2321
1892
1673
1087
291
-644
-1358
-1368
-1394
-1208
-1539
-1661
-2261
-2584
-2134
-1171
-701
-1152
-1361
-1214
-626
-53
342
239
-287
-370
-16
433
346
231
-173
-503
-783
-771
-838
-1317
-1611
-2158
-2204
-2732
-3077
-3729
-3395
-3224
-2653
-1462
-1303
-2117
-2946
-1125
344
1094
1491
1649
784
525
2513
4250
4546
3628
3319
3143
3733
4496
4991
4458
3222
2682
2302
2370
1971
1823
1103
211
-827
-1411
-1347
-1312
-1208
-1691
-1902
-2414
-2569
-2059
-1151
-791
-1325
-1500
-1206
-577
-77
189
121
-392
-370
-7
356
179
62
-200
-482
-725
-828
-952
-1406
-1636
-2137
-2159
-2710
-3211
-3913
-3458
-3234
-2603
-1411
-1320
-2261
-3012
-1009
527
1267
1665
1844
897
762
2779
4592
4857
3894
3494
3320
3899
4643
5128
4586
3166
2517
2302
2326
1831
1573
933
-86
-1097
-1615
-1499
-1545
-1459
-1869
-2116
-2429
-2563
-2006
-1204
-723
-1203
-1320
-919
-324
185
269
264
-232
-86
232
434
156
-73
-235
-570
-723
-963
-1179
-1758
-1956
-2384
-2417
-2884
-3419
-4157
-3853
-3450
-2745
-1383
-1305
-2188
-3021
-1121
560
1471
2020
2078
1088
881
2907
4787
5205
4245
3639
3343
3865
4701
5180
4691
3137
2311
2158
2219
1806
1408
846
-256
-1226
-1730
-1580
-1582
-1490
-1760
-2104
-2309
-2467
-1818
-1021
-494
-958
-1158
-746
-186
444
446
334
-244
-101
261
399
134
-203
-404
-816
-951
-1143
-1375
-1975
-2222
-2583
-2728
-3108
-3504
-4128
-3952
-3577
-2924
-1533
-1234
-1925
-2810
-1228
365
1378
2135
2335
1338
873
2754
4672
5271
4455
3849
3331
3672
4569
5198
4783
3234
2323
2091
2193
1857
1509
917
-162
-1134
-1630
-1495
-1509
-1389
-1604
-1933
-2256
-2406
-1802
-974
-448
-884
-1107
-871
-314
379
563
337
-257
-216
98
337
182
-74
-431
-817
-1028
-1131
-1309
-1848
-2136
-2582
-2748
-3118
-3439
-4049
-3947
-3631
-3111
-1751
-1325
-1884
-2900
-1499
87
1147
1936
2309
1460
776
2544
4585
5357
4597
4029
3508
3770
4655
5377
5057
3537
2516
2275
2388
2017
1574
1021
-58
-1113
-1681
-1507
-1595
-1593
-1786
-2069
-2431
-2620
-2010
-1198
-669
-1078
-1227
-989
-419
283
572
331
-215
-156
171
433
295
19
-373
-735
-904
-1024
-1197
-1827
-2135
-2643
-2744
-3064
-3448
-4144
-4234
-3823
-3184
-1693
-1376
-2007
-3072
-1698
63
1287
2100
2292
1443
791
2641
4805
5665
4868
4103
3622
3942
4907
5555
5231
3655
2572
2284
2339
1988
1496
986
-187
-1230
-1888
-1722
-1778
-1718
-1853
-2223
-2516
-2712
-1976
-1183
-633
-1022
-1201
-886
-317
430
623
374
-193
-74
269
448
292
-76
-411
-827
-937
-1159
-1352
-1996
-2267
-2687
-2832
-3136
-3601
-4210
-4342
-3907
-3099
-1572
-1324
-2098
-2930
-1566
182
1473
2391
2446
1423
914
2802
4975
5761
5028
4128
3603
3894
4893
5541
5092
3510
2483
2136
2039
1798
1499
918
-382
-1379
-1939
-1856
-1842
-1657
-1752
-2240
-2498
-2540
-1757
-1000
-507
-814
-1060
-744
-124
617
710
427
-96
10
304
429
294
-79
-464
-890
-1047
-1341
-1614
-2129
-2417
-2769
-2976
-3303
-3774
-4279
-4228
-3933
-3047
-1717
-1410
-2228
-2778
-1398
126
1432
2308
2484
1384
1057
2840
4933
5662
4990
4211
3638
3927
4807
5599
5072
3498
2532
2182
2008
1779
1719
985
-394
-1493
-1842
-1814
-1773
-1607
-1767
-2304
-2685
-2546
-1785
-973
-635
-866
-1121
-838
-163
638
772
441
-21
85
388
481
438
140
-294
-816
-971
-1228
-1553
-2077
-2417
-2759
-2988
-3350
-3788
-4314
-4188
-3989
-3002
-1762
-1578
-2456
-2916
-1374
2
1359
2126
2285
1156
1067
2970
4972
5565
4845
4234
3714
4121
4949
5728
5128
3499
2587
2353
2154
1756
1710
971
-409
-1565
-1831
-1810
-1866
-1676
-1789
-2232
-2805
-2648
-1858
-904
-554
-801
-982
-809
-146
753
1047
633
58
146
481
562
492
209
-280
-944
-1105
-1269
-1584
-2275
-2667
-3018
-3200
-3549
-3914
-4471
-4470
-4229
-3228
-1669
-1497
-2346
-3013
-1409
107
1465
2400
2475
1358
1057
3128
5160
5767
5014
4362
3821
4110
5034
5670
5157
3462
2483
2232
2041
1627
1442
901
-462
-1592
-1993
-1928
-1991
-1825
-1785
-2182
-2728
-2745
-1870
-880
-375
-637
-835
-669
-129
849
1225
882
193
203
517
620
567
252
-215
-955
-1187
-1360
-1619
-2306
-2709
-3101
-3399
-3686
-3994
-4393
-4585
-4285
-3680
-1993
-1486
-1927
-2775
-1680
2
1231
2458
2684
1929
1081
2770
4858
5836
5300
4529
3950
3868
4835
5451
5295
3656
2545
2025
1842
1638
1399
998
-392
-1422
-2096
-1977
-2024
-1804
-1831
-2220
-2621
-2739
-1923
-1051
-358
-563
-791
-663
-125
739
1178
1004
453
337
567
708
650
352
-31
-619
-943
-1229
-1536
-2161
-2583
-2877
-3253
-3501
-3933
-4238
-4635
-4295
-3985
-2509
-1604
-1765
-2684
-2350
-466
816
2113
2544
2111
937
1931
4262
5746
5539
4590
3977
3685
4633
5554
5721
4222
2773
2196
2079
2002
1656
1257
-33
-1168
-1938
-1903
-1934
-1888
-1929
-2295
-2639
-2845
-2243
-1435
-732
-719
-990
-943
-421
465
1050
980
540
345
549
828
826
487
99
-335
-575
-880
-1215
-1813
-2316
-2615
-2972
-3196
-3712
-4063
-4586
-4377
-4238
-3279
-1997
-1670
-2455
-2960
-1360
199
1470
2246
2320
1132
1086
3198
5336
5796
4907
4141
3656
4301
5409
6030
5014
3262
2376
2390
2385
1910
1345
500
-651
-1553
-1821
-1849
-1988
-2014
-2060
-2330
-2627
-2644
-1873
-1028
-516
-704
-867
-633
70
980
1293
1036
563
477
740
926
737
356
-48
-485
-855
-1207
-1571
-2003
-2440
-2886
-3387
-3733
-4208
-4387
-4539
-4333
-4293
-3077
-1918
-1918
-2696
-2395
-635
463
1775
2426
2068
930
1825
4153
5646
5547
4560
3933
3803
4806
5710
5741
4195
2686
2381
2488
2298
1533
1039
-8
-1043
-1678
-1694
-1824
-2056
-1933
-2058
-2257
-2715
-2339
-1481
-607
-437
-729
-727
-426
463
1196
1391
938
481
516
823
930
689
359
-190
-737
-1147
-1299
-1561
-2081
-2608
-3251
-3572
-4086
-4194
-4453
-4340
-4496
-4048
-2418
-1791
-2181
-2961
-1544
-217
989
2107
2418
1412
840
2865
4941
5746
4885
4157
3667
4164
5282
5855
5106
3217
2376
2416
2640
1975
1245
518
-596
-1376
-1636
-1508
-2007
-2121
-2107
-2036
-2393
-2604
-1984
-1244
-600
-719
-704
-656
-175
634
1184
1206
699
503
712
958
939
721
343
-309
-807
-967
-1023
-1567
-2154
-2766
-3185
-3610
-3882
-4043
-4421
-4394
-4571
-3164
-1961
-1823
-2908
-2768
-1108
84
1472
2243
1963
601
1396
3813
5490
5388
4520
3927
3724
4748
5781
5838
4307
2825
2538
2678
2497
1680
1125
80
-876
-1515
-1595
-1868
-2218
-2109
-2111
-2229
-2805
-2600
-1925
-1117
-742
-852
-867
-742
89
956
1288
1003
555
655
907
1118
1046
785
159
-456
-721
-753
-1059
-1727
-2167
-2880
-3385
-3846
-3724
-4087
-4442
-4624
-4420
-2837
-1933
-1957
-3056
-2490
-1147
289
1771
2367
1646
531
1936
4196
5650
5356
4618
3871
3880
5119
5893
5589
3815
2889
2568
2541
2070
1564
945
-203
-991
-1648
-1809
-2233
-2027
-1968
-1968
-2537
-2970
-2540
-1653
-710
-567
-783
-996
-518
582
1411
1416
914
515
723
1095
1268
1131
569
-118
-593
-683
-773
-1320
-1833
-2413
-3112
-3656
-3793
-3740
-4295
-4458
-4672
-4009
-2544
-1785
-2252
-3147
-2181
-796
752
1976
2232
1085
593
2481
4664
5621
5041
4305
3628
4172
5373
5884
5019
3351
2779
2479
2436
1841
1392
511
-477
-1162
-1681
-1878
-2188
-1873
-1902
-1971
-2707
-2806
-2261
-1231
-468
-555
-813
-950
-113
923
1523
1305
734
453
822
1281
1346
1028
324
-234
-602
-616
-846
-1401
-1947
-2702
-3211
-3583
-3613
-3943
-4380
-4405
-4560
-3323
-2075
-1827
-2935
-3083
-1556
-200
1281
2042
1728
355
1055
3383
5177
5254
4438
3787
3557
4685
5611
5754
4265
3017
2614
2625
2418
1673
1215
205
-626
-1445
-1629
-1927
-2009
-1846
-1827
-2244
-2954
-2771
-1973
-838
-586
-856
-1184
-914
91
1058
1450
958
334
306
1005
1399
1311
841
153
-387
-629
-446
-750
-1330
-2107
-2717
-3073
-3455
-3535
-4083
-4155
-4516
-4047
-2538
-1806
-2391
-3409
-2341
-921
421
1565
1952
894
242
2127
4379
5313
4684
4066
3562
4026
5154
5811
5248
3579
2803
2724
2767
2087
1494
980
-33
-1018
-1594
-1647
-1971
-1982
-1789
-1929
-2627
-3107
-2476
-1403
-640
-832
-1116
-1143
-550
565
1304
1264
508
179
646
1281
1317
975
523
-119
-547
-555
-499
-1087
-1784
-2341
-2719
-3211
-3604
-3828
-4279
-4282
-4463
-3238
-2097
-1988
-3055
-3165
-1522
-283
1013
1729
1618
268
790
3181
5024
5068
4234
3774
3535
4439
5429
5761
4443
2960
2649
2682
2521
1772
1464
544
-525
-1390
-1511
-1563
-1878
-1713
-1790
-2080
-2879
-2660
-1780
-839
-641
-990
-1012
-864
121
1034
1406
821
261
442
1052
1373
1092
772
215
-237
-458
-359
-760
-1526
-1981
-2423
-2837
-3443
-3601
-4057
-4315
-4329
-4141
-2811
-2086
-2200
-3325
-2635
-1126
72
1162
1736
1197
2
1358
3661
5084
4557
3965
3442
3547
4608
5541
5418
3763
2786
2522
2621
2297
1839
1319
196
-790
-1423
-1323
-1488
-1534
-1553
-1761
-2292
-2768
-2144
-1293
-576
-768
-983
-1006
-516
517
1152
1135
444
272
620
1176
1194
971
576
120
-182
-307
-375
-1043
-1500
-1901
-2361
-2963
-3386
-3588
-4053
-4108
-4219
-3936
-2784
-2082
-2465
-3300
-2355
-1002
40
1150
1659
774
12
1668
3910
4880
4376
3779
3310
3659
4889
5733
5246
3673
2856
2667
2782
2514
1981
1296
85
-809
-1324
-1238
-1444
-1519
-1710
-2011
-2643
-2822
-2149
-1336
-872
-1136
-1285
-1242
-471
418
907
657
220
169
658
1069
1106
885
535
222
-89
-174
-421
-883
-1247
-1637
-2263
-2824
-3243
-3456
-3876
-3813
-4132
-3608
-2488
-2066
-2779
-3325
-1933
-857
270
1232
1458
254
155
2274
4298
4835
4060
3571
3227
4012
5229
5873
4907
3333
2800
2745
2952
2398
1993
991
-203
-1009
-1265
-1206
-1540
-1590
-1876
-2241
-2885
-2688
-1889
-1148
-1005
-1277
-1325
-1040
-162
612
868
480
70
233
799
1103
1036
813
462
36
-211
-241
-476
-1006
-1309
-1842
-2444
-3031
-3258
-3560
-3823
-3831
-3937
-2884
-2243
-2349
-3323
-2736
-1301
-376
689
1235
809
-239
1069
3267
4628
4215
3564
3253
3414
4594
5519
5498
3840
2925
2720
2939
2690
2130
1673
366
-481
-1103
-1045
-1372
-1523
-1567
-1886
-2383
-2853
-2174
-1423
-868
-1109
-1237
-1130
-600
311
806
795
177
68
478
1001
1027
891
691
190
-167
-325
-245
-747
-1213
-1611
-2117
-2660
-3168
-3298
-3737
-3737
-3929
-3101
-2207
-2242
-3089
-3209
-1740
-718
334
1000
877
-282
206
2458
4152
4214
3404
3038
2989
3990
5164
5559
4300
2890
2726
2892
2961
2319
1968
972
-105
-675
-815
-951
-1424
-1374
-1583
-1971
-2617
-2445
-1619
-993
-922
-1297
-1221
-978
-123
602
774
345
-120
210
722
1011
799
721
377
-23
-245
-248
-391
-984
-1295
-1827
-2249
-2880
-3123
-3500
-3651
-3783
-3564
-2352
-2046
-2558
-3419
-2439
-1206
-174
832
1061
166
-548
1293
3446
4415
3766
3095
2835
3365
4764
5610
5238
3450
2817
2879
3210
2813
2273
1678
394
-329
-736
-622
-1199
-1374
-1512
-1779
-2447
-2824
-2188
-1484
-1061
-1399
-1528
-1434
-861
118
572
442
-152
-163
362
870
932
737
594
151
-43
-117
-57
-565
-962
-1381
-1924
-2508
-2968
-3193
-3608
-3583
-3860
-2895
-2142
-2143
-3084
-3092
-1707
-793
405
994
812
-485
219
2477
4102
4241
3413
3057
3009
4198
5305
5675
4323
3035
2838
2992
3114
2480
2124
871
-98
-784
-750
-937
-1341
-1426
-1810
-2185
-2902
-2521
-1854
-1227
-1276
-1608
-1558
-1243
-299
416
571
105
-287
68
666
1070
917
777
399
94
6
140
-144
-714
-1063
-1599
-2071
-2702
-2871
-3415
-3455
-3820
-3403
-2370
-1952
-2547
-3388
-2296
-1225
-171
639
1070
1
-529
1340
3453
4264
3636
3201
2850
3460
4687
5593
5007
3426
2860
2722
3037
2663
2428
1518
320
-577
-957
-819
-1149
-1199
-1659
-1930
-2645
-2730
-2108
-1419
-1114
-1469
-1594
-1488
-760
95
568
377
-157
-184
318
930
1046
924
636
228
-12
84
112
-392
-778
-1304
-1762
-2263
-2564
-2941
-3353
-3482
-3730
-2778
-1928
-1915
-3029
-3022
-1655
-737
276
903
658
-642
70
2403
4016
3917
3201
2821
2816
3890
5056
5393
4067
2933
2667
2863
2911
2557
2148
989
-16
-746
-787
-899
-1100
-1366
-1762
-2194
-2827
-2561
-1906
-1253
-1354
-1744
-1800
-1441
-537
185
450
-17
-402
-106
600
1062
982
839
427
86
22
288
96
-398
-778
-1406
-1714
-2225
-2415
-3079
-3171
-3517
-3210
-2024
-1727
-2373
-3418
-2227
-1199
-171
610
790
-223
-760
1283
3290
4094
3339
2857
2609
3320
4644
5335
4852
3245
2825
2798
3140
2773
2431
1698
512
-241
-690
-660
-1103
-1217
-1563
-1855
-2600
-2920
-2397
-1660
-1251
-1702
-1963
-1891
-1180
-213
320
220
-420
-453
146
887
1074
894
615
115
-28
164
389
-108
-518
-1159
-1520
-1968
-2278
-2781
-3166
-3255
-3487
-2235
-1688
-1991
-3353
-2847
-1440
-551
439
739
212
-981
423
2619
3969
3606
2917
2676
2903
4288
5143
5292
3786
2935
2753
3000
3013
2541
2208
952
130
-611
-561
-875
-1030
-1284
-1653
-2205
-2934
-2561
-1909
-1163
-1467
-1924
-2031
-1582
-559
115
320
-295
-638
-340
463
963
907
681
168
-113
-85
325
91
-358
-989
-1452
-1792
-2199
-2500
-3022
-3027
-3506
-2599
-1716
-1724
-2893
-3225
-1772
-863
154
683
588
-700
-245
1848
3571
3768
3029
2747
2659
3686
4763
5324
4374
3205
2772
2760
3046
2700
2469
1424
442
-438
-647
-698
-841
-1009
-1538
-1923
-2732
-2636
-2070
-1252
-1231
-1799
-2028
-1783
-861
-91
318
-97
-624
-571
128
765
918
773
302
-110
-204
156
213
-181
-714
-1350
-1617
-2029
-2228
-2758
-2816
-3265
-3004
-1892
-1605
-2304
-3301
-2218
-1183
-264
470
736
-247
-706
995
2948
3742
3178
2769
2570
3136
4280
5198
4840
3610
3014
2827
3081
2948
2674
1933
829
-24
-622
-647
-868
-915
-1399
-1841
-2535
-2899
-2410
-1728
-1294
-1790
-2161
-2112
-1363
-461
58
-30
-615
-729
-123
575
905
819
535
49
-46
131
336
50
-342
-908
-1376
-1631
-1999
-2367
-2748
-2789
-3152
-2167
-1557
-1790
-2960
-2772
-1440
-703
233
596
254
-844
116
2192
3530
3442
2833
2595
2757
3830
4894
5180
4031
3155
2899
2966
3035
2710
2303
1167
278
-521
-701
-838
-962
-1136
-1736
-2265
-2940
-2635
-1970
-1366
-1524
-2105
-2200
-1750
-725
-87
77
-407
-759
-345
317
818
837
697
212
-36
31
218
127
-222
-624
-1281
-1588
-1950
-2181
-2680
-2709
-3104
-2687
-1677
-1509
-2243
-2955
-1901
-1056
-47
623
668
-354
-495
1311
3054
3698
3165
2728
2516
3322
4449
5216
4568
3414
2894
2757
2917
2728
2504
1592
543
-316
-737
-813
-930
-980
-1491
-2091
-2663
-2724
-2127
-1579
-1373
-1854
-2148
-1895
-1071
-257
-14
-158
-573
-386
112
590
758
714
511
134
105
102
123
-200
-438
-1056
-1491
-1864
-2099
-2530
-2853
-3005
-3150
-2040
-1496
-1695
-2786
-2539
-1510
-500
558
911
244
-714
301
2324
3694
3608
2925
2433
2732
3934
5068
5099
3923
3031
2727
2846
2886
2711
2157
1013
72
-580
-761
-919
-899
-1205
-1845
-2496
-2823
-2453
-1870
-1438
-1648
-2130
-2199
-1583
-682
-151
-155
-485
-641
-206
319
657
681
577
371
190
233
206
68
-204
-613
-1177
-1508
-1868
-2160
-2668
-2803
-3164
-2609
-1611
-1514
-2314
-3003
-2012
-1066
109
825
660
-497
-588
1301
3177
3855
3177
2561
2336
3262
4641
5393
4661
3404
2898
2845
3143
2989
2735
1668
615
-193
-542
-712
-873
-923
-1503
-2094
-2854
-2846
-2377
-1675
-1561
-2042
-2453
-2260
-1396
-561
-189
-470
-917
-849
-216
379
670
586
370
79
86
257
312
90
-228
-865
-1243
-1698
-1892
-2318
-2544
-2883
-2912
-1820
-1468
-1860
-2879
-2235
-1240
-234
673
861
50
-707
719
2664
3823
3427
2784
2422
2888
4196
5146
5028
3637
3002
2754
3032
2927
2734
2069
816
30
-578
-615
-969
-902
-1288
-1741
-2560
-3000
-2663
-1977
-1381
-1734
-2180
-2407
-1745
-832
-106
-103
-634
-908
-544
150
586
727
531
134
-105
34
306
122
-77
-684
-1166
-1671
-1962
-2176
-2532
-2708
-3154
-2210
-1499
-1525
-2562
-2577
-1507
-579
486
968
568
-637
68
2032
3654
3686
2975
2493
2577
3672
4786
5196
3991
2975
2675
2836
2868
2559
2233
1175
226
-469
-656
-904
-1004
-1157
-1502
-2102
-2857
-2806
-2284
-1464
-1423
-1879
-2249
-1972
-1093
-261
175
-215
-651
-570
88
561
743
750
436
78
-27
306
221
-37
-440
-1002
-1480
-1937
-2061
-2424
-2621
-3114
-2883
-1861
-1451
-1968
-2756
-2161
-1307
-267
723
960
-90
-670
802
2748
3772
3371
2787
2383
2890
4122
5130
4807
3421
2812
2673
2927
2726
2512
1838
731
-51
-539
-645
-935
-976
-1298
-1644
-2424
-2827
-2546
-1914
-1412
-1710
-2116
-2292
-1676
-835
-139
-95
-507
-677
-286
329
604
735
607
353
97
175
320
148
-63
-545
-1080
-1565
-1858
-2019
-2342
-2577
-2987
-2335
-1537
-1467
-2263
-2585
-1792
-1010
93
853
610
-584
-371
1467
3172
3660
3094
2516
2322
3277
4594
5212
4287
3052
2709
2823
3038
2727
2380
1368
400
-261
-491
-759
-1058
-1193
-1503
-1905
-2643
-2800
-2461
-1750
-1545
-1874
-2276
-2173
-1439
-572
-70
-273
-639
-559
41
480
686
676
528
259
227
321
287
35
-208
-683
-1217
-1638
-1921
-2158
-2574
-2811
-3069
-2076
-1371
-1574
-2591
-2641
-1610
-637
564
953
350
-857
-15
2068
3655
3739
2947
2355
2454
3806
5028
5235
3898
2777
2598
2983
3055
2605
2010
939
41
-476
-558
-959
-1298
-1477
-1749
-2190
-2762
-2777
-2376
-1737
-1581
-1895
-2130
-1876
-1015
-259
143
-195
-412
-168
487
804
818
770
603
548
479
621
308
65
-313
-687
-1218
-1704
-1996
-2427
-2816
-3193
-3276
-2382
-1569
-1803
-2833
-2948
-1866
-679
473
816
130
-916
-85
2099
3697
3763
2916
2349
2688
4108
5292
5259
3967
2805
2770
3248
3301
2640
1847
886
30
-414
-547
-957
-1515
-1741
-1993
-2384
-2847
-2863
-2488
-2091
-1865
-2051
-2014
-1769
-940
-239
41
-86
-157
339
813
1138
981
980
962
1081
1049
909
553
153
-88
-409
-943
-1528
-2009
-2494
-3045
-3306
-3436
-2975
-2073
-2052
-2860
-3511
-2432
-1206
-130
366
75
-768
-611
1525
3359
3843
3067
2637
2890
4049
5284
5501
4578
3273
3173
3572
3764
3021
2170
1352
435
-148
-502
-773
-1455
-1829
-2174
-2560
-3015
-3190
-2762
-2500
-2279
-2486
-2397
-2081
-1373
-544
-338
-297
-390
233
820
1323
1131
981
1139
1351
1433
1159
866
315
85
-143
-553
-1194
-1865
-2367
-3031
-3282
-3509
-3378
-2518
-2114
-2705
-3814
-3131
-1848
-751
-22
134
-529
-1038
638
2862
3951
3512
3046
3032
3852
5140
5861
5400
4132
3564
3879
4238
3711
2688
1833
1025
256
-269
-629
-1251
-1952
-2303
-2613
-2892
-3468
-3282
-2913
-2606
-2636
-2730
-2308
-1955
-957
-476
-221
-404
-6
818
1393
1616
1144
1271
1470
1799
1563
1191
634
133
20
-256
-784
-1775
-2406
-2995
-3397
-3540
-3846
-3591
-2816
-2561
-3465
-4070
-3038
-1862
-911
-172
37
-807
-764
1331
3459
4132
3706
3453
3481
4458
5678
6276
5515
4351
3918
4167
4295
3548
2563
1627
823
35
-520
-960
-1725
-2336
-2678
-2762
-3192
-3770
-3595
-3160
-2657
-2666
-2499
-2289
-1838
-891
-183
232
166
615
1139
1710
1855
1729
1886
1971
1941
1602
1349
802
359
-16
-301
-1226
-2058
-2675
-3149
-3652
-3876
-4191
-3966
-3107
-3075
-3881
-4478
-3255
-2177
-1118
-321
-146
-935
-647
1644
3701
4386
3982
3710
3692
4735
5980
6540
5668
4459
3991
4047
4089
3391
2621
1531
593
-378
-964
-1416
-2004
-2395
-2813
-3134
-3850
-4165
-3748
-2973
-2523
-2633
-2703
-2469
-1622
-429
428
631
521
803
1484
2243
2485
2300
2217
2129
2056
1941
1636
988
313
-98
-512
-1411
-2159
-2827
-3466
-4022
-4202
-4543
-4016
-3304
-3491
-4583
-4750
-3210
-2057
-976
-433
-416
-1136
-142
2376
4261
4506
3941
3707
4031
5356
6433
6649
5400
4323
4019
4267
4118
3344
2420
1216
242
-671
-1135
-1665
-2179
-2681
-3211
-3690
-4180
-4168
-3609
-2968
-2722
-2934
-2828
-2228
-1107
-20
526
677
706
1279
2025
2746
2720
2458
2404
2417
2393
2136
1611
870
203
-212
-727
-1628
-2498
-3263
-3975
-4486
-4695
-5022
-4245
-3665
-4008
-5304
-4944
-3194
-1951
-959
-524
-574
-1130
510
3108
4735
4507
3998
4000
4689
6139
6948
6794
5329
4569
4486
4802
4290
3210
2132
985
186
-711
-1193
-1999
-2609
-3161
-3472
-3819
-4255
-4217
-3751
-3136
-2966
-2921
-2579
-1841
-818
101
637
870
1145
1835
2541
2984
2793
2619
2700
2718
2555
2128
1408
622
11
-345
-1003
-2104
-3046
-3766
-4404
-4962
-5190
-5620
-4922
-4216
-4350
-5526
-5216
-3461
-2257
-1154
-480
-275
-741
759
3244
4832
4794
4513
4688
5245
6441
7129
7008
5808
5145
4965
4889
4164
3035
2121
1108
230
-855
-1622
-2424
-2985
-3276
-3538
-3915
-4501
-4509
-3952
-3279
-2932
-2769
-2365
-1716
-724
248
889
1252
1589
2266
2833
3221
3073
3014
3102
3019
2664
2031
1363
649
161
-359
-1203
-2509
-3365
-3956
-4496
-5207
-5616
-6174
-5650
-4620
-4480
-5500
-5585
-3903
-2666
-1390
-384
98
-407
572
2973
4781
5167
5051
5167
5387
6286
7077
7265
6332
5509
5034
4627
3951
3000
2296
1253
113
-1193
-2081
-2675
-3060
-3200
-3634
-4119
-4792
-4789
-4063
-3205
-2716
-2664
-2325
-1735
-667
504
1282
1640
1765
2312
2878
3408
3397
3229
3141
2860
2431
1867
1406
690
53
-633
-1471
-2711
-3474
-4034
-4678
-5583
-5977
-6427
-5904
-4701
-4451
-5445
-5804
-3996
-2516
-1162
-83
505
-53
626
3090
5167
5745
5552
5478
5502
6312
7235
7632
6732
5608
4902
4488
3982
3143
2415
1267
-107
-1460
-2245
-2682
-3101
-3356
-3901
-4391
-4927
-4875
-4071
-3239
-2755
-2735
-2289
-1586
-548
683
1450
1791
1835
2433
3052
3516
3474
3166
2947
2669
2339
1904
1378
465
-315
-1049
-1676
-2816
-3654
-4448
-5212
-6168
-6466
-6741
-6398
-5119
-4787
-5535
-6174
-4360
-2602
-1155
-1
687
276
581
3101
5440
6328
6058
5865
5732
6417
7524
8108
7343
5872
5032
4588
4302
3537
2708
1420
-60
-1328
-2101
-2517
-3133
-3532
-4072
-4420
-4824
-4812
-4185
-3450
-2921
-2709
-2173
-1443
-515
638
1443
1877
2059
2618
3229
3568
3538
3176
2932
2762
2538
2076
1412
385
-487
-1207
-1661
-2671
-3733
-4720
-5533
-6369
-6693
-6751
-6830
-5677
-5157
-5416
-6252
-4837
-2851
-1465
-205
583
604
419
2652
5156
6426
6194
5920
5778
6218
7406
8133
7659
5996
5075
4594
4428
3742
2844
1543
36
-1066
-1918
-2353
-3107
-3555
-4052
-4241
-4584
-4761
-4318
-3595
-2879
-2541
-1999
-1395
-578
516
1460
2047
2243
2643
3180
3539
3601
3313
3071
2888
2701
2161
1454
433
-450
-1181
-1677
-2564
-3843
-4875
-5675
-6264
-6723
-6676
-7102
-6304
-5423
-5134
-5825
-5248
-3159
-1833
-482
539
1072
707
2091
4674
6293
6404
6080
6010
6183
7122
7959
7817
6358
5153
4608
4345
3749
2764
1607
161
-984
-1910
-2391
-3036
-3552
-3970
-4184
-4394
-4681
-4286
-3508
-2677
-2298
-1886
-1253
-471
587
1534
2154
2342
2562
3134
3580
3672
3378
3039
2779
2594
2166
1426
397
-552
-1312
-1912
-2562
-3797
-4939
-5836
-6209
-6735
-6744
-7018
-6971
-5789
-4983
-4962
-5481
-3858
-2199
-891
434
1411
1421
1424
3611
5731
6691
6427
6279
6070
6457
7431
7823
7072
5512
4683
4146
3763
2950
1967
699
-616
-1631
-2341
-2751
-3351
-3691
-4021
-4100
-4308
-4253
-3565
-2744
-2115
-1804
-1265
-532
303
1276
1958
2322
2491
2867
3414
3571
3422
3027
2714
2393
2077
1487
665
-361
-1209
-1986
-2606
-3406
-4559
-5412
-6094
-6379
-6954
-6765
-7118
-6572
-5232
-4435
-4707
-4987
-3019
-1574
-46
1162
2048
1672
2048
4366
6206
6969
6532
6330
5923
6529
7342
7573
6561
5059
4311
3684
3363
2441
1587
221
-913
-1879
-2454
-2858
-3474
-3612
-3897
-3758
-4023
-3785
-3204
-2415
-1725
-1302
-639
-164
552
1344
2160
2580
2762
2962
3189
3205
3094
2899
2465
1926
1384
840
110
-758
-1614
-2479
-3152
-3904
-4860
-5544
-6047
-6435
-6908
-6714
-6958
-6246
-4876
-4037
-4400
-4524
-2637
-1251
258
1479
2358
1824
2173
4347
6208
6941
6466
6141
5708
6246
7008
7321
6307
4787
3945
3392
3120
2271
1509
211
-891
-1846
-2303
-2680
-3234
-3283
-3513
-3360
-3658
-3427
-2903
-2069
-1300
-900
-353
-115
585
1428
2396
2768
2718
2725
2830
2942
2842
2680
2007
1357
846
454
-258
-1194
-2055
-2899
-3494
-4153
-4996
-5705
-6145
-6483
-6823
-6592
-6797
-6111
-4588
-3553
-3864
-4164
-2394
-892
554
1921
2815
2103
2175
4348
6406
7074
6554
6065
5552
6005
6882
7312
6239
4509
3573
3236
3024
2182
1402
199
-952
-1820
-2119
-2428
-3049
-3146
-3282
-3107
-3321
-3180
-2674
-1906
-1142
-794
-316
-119
534
1446
2304
2583
2391
2383
2518
2685
2488
2252
1557
964
578
352
-371
-1413
-2275
-3018
-3507
-4059
-4670
-5545
-6019
-6364
-6566
-6362
-6325
-6211
-4755
-3343
-3214
-3950
-2800
-915
249
1670
2846
2622
1892
3568
5887
6909
6575
6094
5565
5567
6511
7243
6683
4829
3674
3343
3170
2475
1706
802
-504
-1403
-1804
-2029
-2729
-2967
-2960
-2893
-2955
-3120
-2745
-2153
-1282
-855
-497
-292
65
999
1827
2307
2096
1944
2025
2248
2172
1945
1428
812
385
235
-236
-1224
-2131
-2886
-3312
-3759
-4153
-5022
-5617
-6021
-6190
-6155
-5809
-5959
-5101
-3481
-2734
-3303
-3265
-1287
-25
1312
2531
3037
2051
2513
4842
6494
6708
5992
5511
5112
5891
6860
7040
5465
3833
3312
3169
2921
2184
1537
181
-913
-1476
-1637
-2102
-2545
-2533
-2703
-2677
-2925
-2764
-2278
-1526
-975
-875
-628
-427
374
1192
1736
1692
1299
1376
1602
1774
1561
1218
663
124
-13
-281
-962
-1886
-2589
-3071
-3397
-3694
-4442
-5092
-5549
-5691
-5891
-5534
-5458
-5228
-3788
-2717
-2651
-3298
-1850
-335
855
1992
2765
2479
1965
3765
5652
6610
6016
5533
5181
5593
6537
6969
6232
4448
3713
3378
3336
2680
2009
967
-251
-1038
-1474
-1673
-2158
-2226
-2489
-2638
-2807
-2891
-2382
-1747
-1131
-1123
-1002
-715
-96
794
1257
1410
986
995
1250
1565
1468
1076
611
80
-132
-263
-730
-1568
-2301
-2792
-3106
-3386
-3944
-4730
-5200
-5449
-5551
-5538
-5209
-5403
-4379
-2980
-2376
-2995
-2648
-899
138
1418
2385
2682
1832
2616
4708
6131
6292
5765
5390
5262
6137
6891
6862
5401
4140
3671
3508
3190
2506
1669
351
-650
-1314
-1517
-1897
-2212
-2424
-2827
-2915
-3093
-2827
-2250
-1661
-1423
-1505
-1119
-650
208
786
1071
931
782
1100
1469
1633
1259
828
320
156
58
-129
-939
-1773
-2435
-2705
-2928
-3353
-4134
-4914
-5163
-5364
-5352
-5233
-5211
-5249
-3684
-2371
-2350
-3073
-1991
-361
651
1984
2828
2461
1797
3486
5591
6531
6178
5749
5336
5593
6602
7186
6496
4774
3919
3702
3605
3014
2248
1115
-142
-897
-1286
-1551
-2198
-2558
-2811
-2963
-2979
-3132
-2845
-2447
-1953
-1776
-1562
-1128
-678
8
414
700
582
729
1034
1329
1176
851
521
190
164
1
-374
-1358
-1999
-2482
-2598
-2956
-3468
-4338
-4866
-4915
-5003
-4975
-4974
-5019
-4795
-2950
-1912
-2138
-2775
-1480
61
1128
2500
3022
2467
2051
4033
5951
6603
6085
5632
5312
5714
6758
7068
6124
4426
3888
3706
3543
2818
2048
942
-161
-749
-1214
-1600
-2355
-2555
-2729
-2792
-3034
-3270
-2995
-2581
-2022
-1818
-1615
-1382
-949
-231
250
528
439
552
837
1082
976
732
445
175
112
-49
-567
-1469
-2013
-2397
-2622
-3048
-3542
-4342
-4721
-4763
-4781
-4934
-4884
-4880
-4501
-2675
-1786
-2050
-2696
-1252
243
1352
2598
3082
2524
2200
4208
6012
6558
5989
5635
5309
5782
6680
6935
5921
4374
3886
3628
3422
2676
1982
906
-136
-822
-1330
-1695
-2326
-2479
-2733
-2921
-3241
-3383
-2988
-2535
-2033
-1952
-1826
-1507
-962
-150
261
477
365
471
862
1129
1092
747
464
182
138
14
-493
-1344
-1945
-2372
-2646
-2992
-3433
-4142
-4628
-4742
-4833
-4934
-4785
-4707
-4408
-2654
-1798
-2047
-2569
-1101
398
1372
2657
3177
2694
2359
4296
6017
6575
6134
5807
5453
5770
6570
6866
5994
4513
3947
3527
3262
2541
1873
858
-276
-1023
-1598
-1888
-2491
-2622
-2929
-3120
-3363
-3457
-3030
-2652
-2112
-2055
-1842
-1484
-938
-146
229
457
334
478
893
1113
1045
666
393
84
65
-41
-523
-1399
-2046
-2464
-2648
-2937
-3343
-4040
-4643
-4706
-4749
-4668
-4569
-4475
-4278
-2602
-1675
-1765
-2217
-958
513
1461
2787
3326
2928
2502
4212
5922
6620
6249
5790
5370
5540
6284
6694
5976
4526
3797
3326
3050
2444
1800
859
-316
-1114
-1710
-1967
-2484
-2627
-2937
-3121
-3370
-3536
-3117
-2694
-2119
-2045
-1801
-1544
-1053
-287
171
427
304
469
837
1020
994
738
460
128
99
47
-425
-1246
-1868
-2264
-2479
-2786
-3126
-3832
-4423
-4541
-4570
-4512
-4418
-4335
-4142
-2653
-1849
-1869
-2204
-949
383
1330
2556
3096
2806
2543
4238
5813
6510
6129
5749
5385
5624
6349
6695
5956
4539
3887
3402
3136
2493
1854
853
-321
-1109
-1710
-1990
-2515
-2682
-3095
-3301
-3597
-3729
-3265
-2799
-2268
-2183
-1963
-1757
-1224
-402
121
356
238
375
736
960
1082
862
506
164
191
228
-253
-1026
-1708
-2104
-2352
-2516
-2844
-3640
-4271
-4483
-4452
-4388
-4182
-4251
-4146
-2724
-1857
-1846
-2156
-875
304
1180
2457
3142
2821
2544
4215
5764
6434
6131
5863
5450
5660
6377
6706
5940
4560
3922
3356
3031
2341
1748
727
-432
-1251
-1877
-2215
-2771
-2864
-3271
-3475
-3812
-3875
-3367
-2859
-2280
-2178
-2006
-1797
-1150
-246
296
478
324
392
824
1164
1318
963
544
232
286
386
-121
-958
-1764
-2102
-2305
-2436
-2823
-3698
-4357
-4539
-4420
-4307
-4163
-4260
-4267
-2715
-1653
-1565
-2010
-876
415
1220
2629
3415
3109
2565
4092
5743
6474
6232
5940
5466
5448
6094
6485
5884
4531
3718
3028
2621
2012
1508
608
-557
-1537
-2248
-2538
-2958
-2973
-3302
-3544
-3929
-3955
-3359
-2755
-2162
-2083
-1949
-1679
-970
-74
459
576
416
474
975
1342
1403
983
622
371
349
419
-98
-934
-1691
-1977
-2173
-2443
-2828
-3593
-4195
-4336
-4268
-4143
-4126
-4032
-4085
-2591
-1540
-1380
-1811
-879
548
1267
2643
3375
3217
2575
3907
5565
6318
6148
5778
5337
5145
5773
6207
5815
4500
3476
2750
2387
1974
1470
648
-619
-1681
-2411
-2529
-2788
-2915
-3279
-3624
-3900
-3876
-3208
-2604
-2101
-2076
-1964
-1558
-892
-38
442
558
375
466
1005
1354
1392
947
626
308
293
376
-82
-929
-1717
-2040
-2233
-2452
-2795
-3520
-4223
-4406
-4312
-4119
-4065
-3890
-4068
-2810
-1585
-1224
-1601
-960
500
1227
2542
3407
3335
2612
3629
5391
6225
6114
5652
5179
4946
5581
6124
5823
4508
3310
2648
2410
2103
1465
661
-634
-1635
-2315
-2371
-2589
-2889
-3206
-3545
-3646
-3652
-2997
-2392
-1916
-1870
-1776
-1292
-725
94
551
665
444
509
1078
1385
1410
900
548
215
239
377
-99
-966
-1857
-2150
-2329
-2454
-2831
-3547
-4344
-4565
-4391
-4174
-4066
-3851
-4010
-3049
-1554
-1002
-1286
-999
495
1311
2445
3496
3586
2896
3426
5150
6079
6045
5621
5161
4905
5253
5755
5587
4504
3264
2542
2200
1784
1104
485
-552
-1592
-2398
-2653
-2760
-3018
-3127
-3406
-3484
-3589
-3037
-2306
-1746
-1567
-1529
-1068
-584
149
662
785
627
570
1053
1300
1290
839
432
201
83
228
-211
-962
-1877
-2217
-2375
-2513
-2816
-3422
-4134
-4442
-4283
-4062
-3838
-3540
-3603
-2972
-1416
-715
-831
-733
659
1472
2327
3518
3814
3251
3329
4805
5695
5771
5492
5094
4726
4757
5180
5131
4356
3194
2418
1920
1473
911
465
-312
-1386
-2248
-2658
-2669
-2842
-2866
-3077
-3225
-3365
-3013
-2266
-1692
-1405
-1407
-1069
-672
-105
471
664
590
404
706
911
932
652
288
98
-120
-50
-344
-916
-1775
-2129
-2277
-2375
-2682
-3145
-3755
-4067
-3948
-3752
-3430
-3308
-3297
-2904
-1311
-605
-625
-683
423
1260
2008
3343
3635
3126
2878
4241
5213
5503
5299
4848
4408
4342
4950
4999
4428
3229
2441
1901
1625
1265
808
91
-1049
-1871
-2285
-2183
-2335
-2442
-2669
-2886
-3043
-2796
-2102
-1590
-1299
-1341
-1156
-795
-289
301
532
493
220
400
633
739
567
244
3
-253
-207
-438
-907
-1676
-2012
-2168
-2320
-2606
-3059
-3528
-3777
-3693
-3653
-3383
-3230
-3302
-2915
-1348
-549
-774
-879
178
1044
1675
3001
3391
2752
2458
3799
4900
5141
5011
4626
4196
4155
4808
4968
4394
3292
2547
2068
1759
1389
945
307
-767
-1655
-2095
-2058
-2184
-2252
-2390
-2666
-2948
-2771
-2070
-1533
-1230
-1242
-1182
-905
-404
249
511
445
151
293
583
718
580
272
-1
-270
-199
-349
-838
-1551
-1900
-2023
-2206
-2491
-2884
-3359
-3601
-3464
-3437
-3342
-3197
-3075
-2965
-1547
-443
-453
-890
-175
1041
1509
2691
3327
2973
2303
3268
4609
5006
4934
4567
4219
3960
4498
4819
4563
3479
2585
2127
1813
1483
975
568
-545
-1486
-2045
-1961
-2088
-2247
-2309
-2637
-2874
-2883
-2170
-1662
-1360
-1364
-1309
-1049
-706
-65
275
287
-55
25
367
527
450
172
-9
-316
-256
-286
-622
-1282
-1701
-1847
-2005
-2191
-2512
-2877
-3291
-3228
-3203
-3077
-3045
-2827
-2783
-1832
-644
-391
-715
-591
673
1310
2243
2966
2901
2270
2662
4096
4797
4929
4471
4103
3789
4228
4725
4755
3879
2703
2173
1941
1852
1367
1000
-81
-1178
-1755
-1638
-1599
-1939
-2108
-2504
-2722
-2733
-2171
-1645
-1491
-1430
-1438
-1160
-888
-367
54
116
-75
-151
215
393
442
220
65
-163
-217
-147
-389
-924
-1476
-1696
-1911
-2030
-2282
-2681
-3208
-3378
-3378
-3293
-3143
-2952
-3020
-2364
-1159
-782
-1021
-949
141
864
1693
2522
2635
2098
2349
3715
4544
4743
4443
4096
3824
4235
4790
4886
4126
3000
2434
2172
2075
1592
1227
237
-875
-1558
-1577
-1518
-1877
-2024
-2436
-2679
-2759
-2270
-1714
-1519
-1433
-1413
-1175
-893
-346
124
223
75
36
345
611
673
495
288
96
90
141
-22
-650
-1241
-1540
-1692
-1866
-2154
-2663
-3359
-3549
-3525
-3428
-3400
-3178
-3297
-3037
-1532
-805
-1022
-1312
-240
666
1380
2499
2874
2390
2151
3526
4591
4919
4743
4416
4068
4254
4923
5063
4542
3292
2587
2210
2074
1583
1084
360
-905
-1658
-2001
-1846
-2216
-2353
-2582
-2924
-3003
-2790
-2068
-1772
-1519
-1517
-1321
-1023
-588
112
329
293
76
320
618
807
721
463
232
34
187
91
-301
-1108
-1456
-1709
-1805
-2065
-2467
-3101
-3654
-3500
-3453
-3208
-3284
-3018
-3254
-2227
-941
-626
-928
-671
566
1073
2135
2956
3060
2464
2947
4181
4797
4995
4781
4435
4146
4539
4871
4770
3922
2841
2243
1933
1694
1171
678
-428
-1484
-2003
-2012
-1989
-2330
-2447
-2807
-2895
-2819
-2323
-1808
-1610
-1443
-1392
-1001
-752
-178
299
390
283
213
519
680
818
639
419
82
-25
58
-139
-652
-1369
-1661
-1989
-2056
-2349
-2665
-3310
-3700
-3548
-3459
-3146
-3207
-2919
-3096
-1989
-978
-642
-734
-399
685
1058
2208
2837
2979
2486
2970
4010
4622
4949
4624
4331
3996
4359
4632
4587
3684
2640
2118
1851
1666
1157
592
-635
-1470
-1851
-1716
-1803
-2187
-2386
-2713
-2565
-2491
-1982
-1744
-1532
-1347
-1138
-745
-587
-21
298
449
411
435
617
718
849
721
485
147
78
73
-139
-690
-1305
-1680
-1979
-2030
-2284
-2617
-3322
-3597
-3544
-3377
-3143
-3145
-2908
-3066
-1863
-957
-639
-897
-429
625
1080
2208
2737
2797
2203
2906
4008
4659
4743
4370
4099
3876
4355
4547
4391
3291
2377
1988
1871
1580
890
297
-840
-1452
-1815
-1679
-1958
-2336
-2435
-2616
-2416
-2455
-1988
-1798
-1442
-1184
-945
-643
-514
78
419
619
554
559
700
826
932
722
417
71
24
22
-249
-838
-1532
-1834
-2050
-2060
-2359
-2756
-3393
-3606
-3438
-3250
-3000
-3069
-2836
-2879
-1618
-605
-373
-714
-329
805
1351
2426
2923
2894
2244
2946
4142
4725
4658
4198
3943
3759
4277
4393
4100
2940
2100
1814
1718
1400
646
61
-910
-1387
-1708
-1663
-1991
-2327
-2302
-2377
-2247
-2344
-1946
-1684
-1297
-1009
-851
-619
-508
128
490
673
534
527
733
907
1038
733
387
-50
-25
-6
-240
-896
-1604
-1946
-2105
-2115
-2363
-2760
-3317
-3558
-3417
-3192
-2941
-2932
-2789
-2767
-1889
-749
-392
-548
-421
579
1124
1965
2655
2790
2362
2659
3755
4279
4400
4129
3944
3705
3972
4135
3902
3137
2329
2006
1710
1421
775
274
-441
-989
-1348
-1540
-1733
-2070
-1968
-2035
-2003
-2164
-1930
-1598
-1274
-942
-877
-686
-616
-95
363
613
546
492
709
920
1141
1006
711
253
86
157
46
-397
-1130
-1616
-1900
-2018
-2105
-2411
-2820
-3340
-3432
-3327
-3052
-2943
-2890
-2852
-2792
-1713
-959
-674
-944
-372
336
831
1764
2354
2413
2015
2748
3499
4052
4157
4063
3835
3636
3896
3941
3835
3017
2446
2025
1749
1290
782
360
-417
-946
-1398
-1464
-1763
-1851
-1862
-1952
-2053
-2178
-1821
-1550
-1180
-988
-848
-713
-540
6
495
754
678
694
903
1147
1326
1215
916
410
226
248
161
-376
-1119
-1639
-1915
-2063
-2152
-2418
-2942
-3496
-3622
-3389
-3144
-3016
-3022
-3049
-3067
-1850
-940
-682
-989
-441
301
836
1939
2622
2654
2165
2875
3661
4357
4511
4418
4064
3761
3967
4080
3974
3136
2536
2055
1677
1146
698
259
-495
-1141
-1619
-1759
-1993
-2055
-2050
-2189
-2375
-2523
-2140
-1777
-1380
-1117
-1006
-858
-679
14
575
873
810
801
1029
1257
1480
1377
1093
525
325
333
199
-362
-1095
-1569
-1893
-2045
-2198
-2478
-3058
-3553
-3709
-3435
-3230
-3136
-3130
-3163
-3143
-2007
-983
-746
-958
-492
308
823
1930
2694
2780
2388
2974
3840
4505
4726
4627
4286
3942
4098
4246
4074
3291
2667
2178
1705
1189
693
269
-455
-1079
-1607
-1833
-2109
-2201
-2198
-2340
-2539
-2722
-2355
-2010
-1533
-1244
-1074
-956
-679
50
649
962
953
953
1131
1420
1605
1528
1174
686
428
444
280
-298
-998
-1537
-1829
-2097
-2190
-2559
-3100
-3645
-3820
-3586
-3490
-3330
-3395
-3340
-3439
-2339
-1359
-1018
-1187
-782
87
497
1630
2399
2713
2317
2897
3762
4418
4729
4667
4482
4058
4276
4373
4330
3552
2971
2452
1913
1433
876
561
-211
-782
-1453
-1724
-2061
-2145
-2136
-2313
-2495
-2770
-2400
-2012
-1456
-1157
-1018
-888
-596
201
832
1201
1137
1081
1233
1577
1827
1687
1325
749
468
461
421
-137
-899
-1571
-1979
-2232
-2335
-2596
-3219
-3825
-4207
-4037
-3897
-3643
-3680
-3700
-3841
-2938
-1739
-1145
-1145
-964
-106
369
1483
2518
3007
2621
2888
3745
4510
5044
5042
4809
4275
4349
4489
4596
3962
3178
2528
1899
1447
904
610
-179
-944
-1663
-1985
-2205
-2323
-2321
-2555
-2673
-2873
-2536
-2034
-1472
-1097
-979
-747
-455
278
941
1343
1338
1218
1373
1640
1911
1764
1418
830
438
390
308
-140
-952
-1615
-2155
-2404
-2610
-2822
-3378
-3963
-4409
-4399
-4169
-3955
-3845
-3869
-3844
-3263
-1929
-1143
-858
-804
-40
628
1599
2806
3381
3189
3126
3957
4725
5418
5439
5125
4548
4487
4662
4692
4242
3258
2511
1810
1479
906
478
-294
-1170
-1846
-2220
-2326
-2578
-2642
-2896
-2902
-2936
-2670
-2186
-1667
-1197
-980
-671
-313
250
892
1300
1464
1394
1515
1734
1901
1815
1430
975
516
408
201
-237
-1019
-1707
-2205
-2472
-2701
-3066
-3577
-4098
-4435
-4495
-4203
-4086
-3969
-3965
-3666
-3228
-1992
-1163
-772
-650
-4
896
1703
2868
3376
3454
3298
4104
4807
5450
5483
5179
4711
4523
4694
4540
4156
3208
2487
1772
1409
892
305
-368
-1201
-1791
-2279
-2409
-2631
-2744
-2898
-2897
-2809
-2684
-2201
-1666
-1117
-821
-531
-174
297
934
1416
1666
1628
1661
1834
2011
1985
1638
1151
669
417
241
-157
-866
-1695
-2265
-2575
-2794
-3132
-3668
-4180
-4658
-4688
-4418
-4155
-4103
-4088
-3863
-3450
-2307
-1358
-809
-718
-167
613
1530
2610
3326
3503
3369
3938
4667
5418
5560
5371
4877
4582
4604
4509
4233
3425
2640
1809
1336
844
306
-283
-1090
-1759
-2363
-2505
-2636
-2716
-2827
-2840
-2784
-2720
-2264
-1662
-1107
-777
-521
-181
262
909
1486
1752
1721
1660
1816
1985
2023
1728
1211
651
307
140
-187
-869
-1746
-2417
-2799
-2987
-3245
-3679
-4302
-4775
-4920
-4504
-4196
-3957
-4005
-3845
-3440
-2304
-1062
-481
-280
20
890
1705
2960
3801
4014
3729
4027
4876
5608
5943
5647
5138
4598
4571
4551
4313
3576
2573
1735
1101
683
108
-393
-1242
-2029
-2594
-2757
-2782
-2953
-2967
-3046
-2944
-2886
-2426
-1846
-1337
-968
-695
-303
119
783
1347
1615
1570
1544
1704
1857
1864
1578
1108
573
242
-9
-375
-1095
-1904
-2511
-2878
-3055
-3331
-3798
-4380
-4792
-4783
-4415
-4078
-3928
-3883
-3621
-3125
-1870
-807
-209
-131
503
1385
2261
3417
4121
4306
3941
4462
5195
5893
5945
5652
5127
4655
4664
4517
4190
3274
2411
1577
1022
452
-142
-690
-1526
-2216
-2769
-2843
-2998
-3088
-3129
-3098
-3011
-2897
-2391
-1862
-1312
-965
-610
-214
247
930
1444
1677
1586
1605
1785
1923
1873
1511
1079
560
238
-109
-572
-1343
-2075
-2609
-2973
-3197
-3528
-3997
-4524
-4838
-4765
-4441
-4196
-4121
-3930
-3566
-2974
-1771
-856
-359
-202
694
1587
2477
3484
4134
4274
4071
4714
5391
5939
5816
5551
5082
4720
4662
4434
3990
2999
2246
1512
978
286
-325
-889
-1633
-2228
-2778
-2864
-3056
-3065
-3076
-2922
-2860
-2730
-2194
-1627
-1010
-665
-285
88
583
1253
1758
1955
1784
1760
1921
2067
1931
1484
960
385
66
-293
-811
-1672
-2401
-2948
-3218
-3452
-3764
-4266
-4741
-4967
-4835
-4397
-4191
-4067
-3917
-3386
-2846
-1561
-566
-1
103
887
1854
2689
3735
4372
4557
4211
4754
5396
5966
5837
5498
4930
4445
4321
4105
3739
2727
1863
1095
565
-30
-620
-1117
-1839
-2373
-2908
-2981
-3044
-3030
-2978
-2824
-2644
-2548
-1977
-1385
-754
-393
-66
295
719
1381
1850
2059
1844
1720
1816
1942
1830
1342
773
123
-211
-518
-961
-1782
-2554
-3126
-3362
-3513
-3751
-4205
-4669
-4864
-4730
-4218
-3924
-3686
-3585
-3065
-2617
-1460
-278
473
623
1031
1940
2699
3772
4482
4775
4340
4514
5085
5682
5807
5458
4847
4120
3913
3750
3538
2722
1755
885
248
-186
-697
-1131
-1827
-2394
-2888
-3029
-2952
-2933
-2848
-2757
-2529
-2390
-1919
-1309
-748
-318
-22
309
645
1187
1669
1877
1790
1600
1600
1620
1575
1214
705
75
-359
-666
-1075
-1663
-2387
-2914
-3331
-3424
-3666
-3923
-4323
-4496
-4479
-4170
-3704
-3445
-3099
-2832
-2231
-1609
-362
501
991
1223
1770
2584
3329
4300
4572
4506
4221
4609
5150
5486
5407
4773
4099
3545
3505
3324
2873
1947
985
284
-195
-444
-931
-1443
-2209
-2642
-2872
-2751
-2620
-2625
-2514
-2502
-2185
-1856
-1241
-776
-392
-62
195
633
1032
1484
1623
1638
1557
1462
1476
1335
1072
556
129
-248
-661
-1047
-1657
-2236
-2832
-3072
-3337
-3569
-3878
-4174
-4421
-4382
-3990
-3790
-3414
-3252
-2735
-2469
-1486
-479
284
743
1089
1764
2271
3324
4085
4405
4167
4205
4528
4984
5321
5268
4768
4027
3708
3545
3423
2848
2019
1157
422
58
-349
-718
-1400
-2015
-2485
-2678
-2633
-2609
-2495
-2513
-2345
-2200
-1791
-1337
-846
-432
-163
164
463
922
1291
1539
1539
1385
1296
1273
1185
901
446
-33
-477
-758
-1020
-1557
-2211
-2822
-3123
-3304
-3392
-3564
-3956
-4210
-4267
-3941
-3448
-3038
-2749
-2643
-2157
-1492
-593
472
1125
1474
1513
2210
3020
3883
4497
4584
4295
4026
4491
5024
5284
4873
4205
3444
3104
3062
2919
2312
1259
379
-208
-403
-727
-1151
-1788
-2415
-2709
-2711
-2503
-2524
-2445
-2397
-2184
-1873
-1441
-968
-640
-244
39
410
701
1032
1246
1339
1349
1245
1121
957
734
380
-4
-412
-729
-1144
-1561
-2082
-2513
-2901
-3134
-3253
-3447
-3634
-3845
-3844
-3697
-3213
-2848
-2446
-2271
-1798
-1362
-508
534
1153
1513
1632
2335
2820
3675
4280
4461
4134
3962
4360
4676
4889
4581
4085
3322
2975
2811
2646
2066
1184
440
-169
-435
-801
-1109
-1704
-2210
-2511
-2507
-2416
-2389
-2298
-2228
-2033
-1765
-1336
-929
-562
-266
22
333
674
959
1152
1193
1182
1112
1053
939
688
322
-65
-385
-704
-1111
-1534
-2068
-2450
-2783
-3004
-3142
-3404
-3591
-3762
-3667
-3555
-3178
-2867
-2462
-2285
-1788
-1354
-610
386
1015
1352
1409
2159
2689
3458
3996
4204
3873
3709
4121
4528
4757
4411
3934
3255
3012
2863
2718
2185
1296
589
24
-194
-535
-837
-1397
-1976
-2290
-2333
-2143
-2132
-2058
-2090
-1916
-1690
-1309
-846
-558
-295
-141
182
461
803
1024
1052
1004
879
844
783
659
293
-92
-454
-703
-1035
-1390
-1822
-2341
-2626
-2904
-2954
-3162
-3338
-3519
-3520
-3384
-3159
-2729
-2410
-2040
-1860
-1240
-880
25
963
1537
1566
1663
2479
2963
3704
4090
4147
3552
3496
3969
4461
4546
4015
3404
2751
2632
2548
2485
1785
843
145
-245
-385
-680
-950
-1594
-2132
-2386
-2257
-2037
-1994
-1967
-2006
-1781
-1524
-1088
-660
-450
-290
-103
257
528
800
937
929
870
757
721
643
417
37
-284
-562
-809
-1134
-1468
-1923
-2333
-2564
-2758
-2828
-3015
-3120
-3221
-3126
-2998
-2712
-2292
-1913
-1645
-1392
-848
-489
430
1337
1808
1658
1841
2544
2995
3633
3995
3840
3210
3198
3699
4107
4061
3455
2783
2226
2126
2140
1991
1268
349
-204
-488
-569
-828
-1113
-1668
-2086
-2177
-2027
-1808
-1791
-1733
-1706
-1409
-1151
-758
-404
-238
-66
150
474
626
794
888
909
847
701
617
458
195
-140
-398
-660
-931
-1238
-1579
-1965
-2282
-2424
-2589
-2669
-2866
-2915
-2922
-2733
-2586
-2308
-1937
-1689
-1429
-1126
-568
-279
572
1305
1646
1475
1779
2394
2717
3231
3484
3346
2775
2931
3365
3661
3497
2944
2389
1965
1975
1947
1751
1027
291
-107
-283
-352
-662
-961
-1444
-1688
-1701
-1558
-1468
-1513
-1451
-1355
-1050
-841
-545
-307
-130
60
264
497
533
645
714
782
713
541
424
242
35
-277
-499
-801
-1037
-1329
-1601
-1913
-2197
-2311
-2469
-2502
-2718
-2756
-2753
-2527
-2365
-2118
-1782
-1619
-1363
-1093
-534
-299
405
1154
1513
1356
1511
2102
2399
2855
3159
3163
2585
2607
3086
3439
3390
2899
2403
1962
1966
2007
1920
1310
526
112
-40
-65
-349
-649
-1150
-1501
-1530
-1391
-1291
-1419
-1433
-1397
-1128
-935
-693
-494
-343
-167
10
245
288
407
476
565
519
397
290
193
54
-219
-438
-711
-924
-1156
-1350
-1627
-1925
-2115
-2211
-2267
-2395
-2523
-2556
-2452
-2283
-2049
-1754
-1505
-1381
-1124
-740
-360
84
912
1395
1369
1310
1715
2160
2529
3016
3117
2728
2399
2784
3206
3383
3088
2561
2062
1850
1967
1988
1643
862
275
13
-44
-167
-435
-860
-1364
-1544
-1472
-1309
-1343
-1423
-1432
-1303
-1104
-889
-648
-488
-339
-168
44
171
298
430
523
528
430
317
254
150
-37
-266
-508
-740
-937
-1096
-1338
-1634
-1892
-1997
-2090
-2159
-2290
-2377
-2406
-2312
-2100
-1861
-1555
-1457
-1253
-998
-549
-226
453
1073
1253
1138
1320
1832
2195
2712
2944
2793
2340
2449
2839
3175
3140
2685
2161
1794
1875
1966
1857
1239
548
145
15
-1
-175
-487
-1048
-1377
-1444
-1311
-1248
-1290
-1342
-1330
-1152
-968
-731
-542
-356
-200
2
209
361
507
627
684
646
544
467
329
162
-78
-303
-559
-746
-956
-1212
-1519
-1808
-1948
-2060
-2125
-2261
-2377
-2531
-2476
-2364
-2119
-1874
-1640
-1540
-1361
-978
-532
-150
388
1015
1175
1104
1333
1896
2283
2701
2936
2743
2353
2402
2807
3121
3072
2592
2030
1738
1805
1918
1774
1183
429
38
-18
-35
-198
-548
-1056
-1437
-1423
-1286
-1199
-1258
-1311
-1272
-1060
-800
-577
-356
-212
4
207
455
594
730
839
860
821
680
552
382
204
-68
-326
-597
-852
-1085
-1364
-1654
-1924
-2067
-2158
-2254
-2361
-2447
-2536
-2521
-2377
-2168
-1911
-1655
-1455
-1295
-976
-558
-146
227
859
1255
1291
1339
1785
2200
2498
2849
2840
2520
2272
2539
2819
2923
2608
2099
1680
1559
1636
1571
1239
549
48
-136
-172
-283
-507
-849
-1251
-1356
-1256
-1106
-1078
-1094
-1058
-903
-635
-388
-140
15
154
335
512
676
760
858
825
738
582
418
295
128
-91
-402
-672
-976
-1154
-1362
-1587
-1861
-2033
-2146
-2206
-2234
-2272
-2326
-2391
-2264
-2081
-1784
-1562
-1311
-1161
-933
-611
-231
105
490
1042
1243
1306
1437
1828
2056
2353
2570
2442
2166
2057
2329
2483
2487
2126
1752
1452
1396
1437
1320
951
376
102
-46
-81
-193
-365
-676
-954
-957
-847
-693
-723
-724
-693
-522
-304
-84
96
131
216
311
443
496
534
490
379
280
135
43
-63
-212
-470
-714
-951
-1121
-1200
-1334
-1531
-1779
-1901
-1989
-1939
-1893
-1929
-2074
-2128
-1953
-1696
-1375
-1227
-1065
-959
-743
-462
-138
113
401
892
1112
1140
1136
1443
1722
1998
2201
2094
1821
1654
1955
2239
2343
2032
1634
1352
1321
1489
1454
1147
566
256
140
195
166
-7
-336
-691
-736
-614
-426
-478
-539
-590
-505
-333
-126
54
80
122
161
242
266
323
313
225
153
48
-44
-148
-242
-417
-634
-841
-1016
-1084
-1179
-1325
-1575
-1744
-1833
-1825
-1742
-1788
-1917
-2080
-1972
-1754
-1427
-1228
-1116
-995
-873
-600
-351
-55
125
562
906
989
934
1070
1433
1681
1995
1992
1790
1512
1663
2071
2316
2235
1783
1468
1301
1520
1631
1473
965
458
301
290
419
271
24
-443
-649
-606
-427
-354
-456
-506
-574
-443
-308
-74
27
82
94
105
146
208
313
285
210
69
-63
-150
-197
-268
-448
-695
-955
-1090
-1115
-1188
-1380
-1644
-1796
-1861
-1772
-1732
-1814
-2004
-2057
-1891
-1588
-1283
-1151
-1042
-964
-765
-491
-180
20
283
654
873
915
956
1196
1430
1703
1877
1821
1610
1543
1802
2078
2180
1937
1615
1376
1410
1555
1531
1244
782
491
381
442
421
280
-41
-355
-457
-400
-315
-337
-367
-430
-429
-369
-233
-85
6
39
6
14
57
172
234
194
80
-62
-143
-174
-190
-302
-510
-776
-982
-1043
-1062
-1158
-1392
-1595
-1733
-1722
-1662
-1667
-1781
-1917
-1905
-1724
-1434
-1216
-1078
-1024
-927
-758
-472
-207
18
288
549
731
851
984
1172
1422
1642
1793
1779
1683
1685
1833
2012
2046
1885
1632
1448
1393
1421
1354
1114
784
496
362
328
300
180
-51
-310
-442
-461
-424
-385
-389
-427
-470
-444
-326
-165
-45
-4
-25
-20
59
181
276
260
169
74
20
28
5
-126
-349
-594
-782
-871
-921
-1033
-1247
-1475
-1624
-1685
-1658
-1655
-1747
-1872
-1921
-1826
-1616
-1366
-1184
-1114
-1073
-941
-713
-403
-82
195
417
581
754
930
1155
1448
1672
1787
1831
1785
1764
1864
1999
2059
1950
1718
1494
1366
1329
1289
1113
805
489
281
226
209
122
-64
-321
-519
-570
-515
-444
-428
-472
-524
-513
-393
-212
-63
16
22
16
94
228
353
392
336
250
179
164
159
51
-158
-408
-625
-759
-844
-931
-1097
-1335
-1516
-1615
-1630
-1606
-1656
-1763
-1844
-1815
-1658
-1437
-1237
-1136
-1102
-1002
-807
-521
-202
57
256
405
566
778
992
1243
1463
1568
1630
1661
1668
1726
1813
1858
1814
1677
1512
1378
1295
1215
1081
853
594
394
291
244
164
17
-175
-349
-439
-426
-374
-342
-349
-372
-366
-284
-141
2
94
126
131
171
267
363
406
366
281
195
134
90
-2
-173
-391
-602
-759
-870
-969
-1086
-1254
-1418
-1518
-1563
-1558
-1567
-1614
-1648
-1631
-1530
-1378
-1223
-1096
-1022
-919
-745
-530
-297
-89
81
235
391
587
769
928
1094
1214
1300
1389
1453
1497
1529
1549
1547
1512
1451
1365
1267
1164
1049
911
752
602
480
380
292
188
65
-51
-146
-200
-205
-191
-187
-194
-196
-170
-107
-25
47
88
111
138
185
230
246
220
167
108
54
-7
-94
-214
-361
-503
-624
-729
-835
-946
-1060
-1174
-1267
-1329
-1368
-1396
-1420
-1428
-1408
-1351
-1265
-1171
-1075
-983
-879
-746
-594
-439
-293
-156
-9
144
307
470
608
728
834
933
1035
1126
1203
1255
1285
1302
1309
1305
1282
1233
1167
1091
1003
906
799
686
580
485
399
317
233
151
76
21
-12
-27
-36
-45
-49
-43
-29
-6
25
59
93
121
133
140
138
125
109
79
31
-34
-115
-205
-301
-389
-474
-559
-654
-760
-870
-967
-1048
-1108
-1162
-1216
-1274
-1323
-1341
-1320
-1262
-1188
-1116
-1055
-994
-913
-797
-653
-502
-367
-246
-129
2
159
330
498
635
739
822
904
996
1094
1184
1238
1253
1246
1229
1218
1206
1178
1122
1031
923
811
714
631
549
465
371
279
197
132
88
56
31
9
-9
-20
-20
-9
18
47
70
92
110
127
140
149
144
125
91
47
-3
-63
-139
-231
-330
-423
-509
-590
-681
-780
-890
-994
-1075
-1139
-1188
-1237
-1288
-1337
-1360
-1344
-1292
-1219
-1143
-1080
-1017
-937
-821
-680
-528
-385
-257
-131
0
154
323
486
621
725
809
889
982
1074
1149
1197
1211
1207
1200
1199
1197
1177
1131
1061
980
905
843
786
725
658
581
510
449
401
361
319
274
224
178
137
102
73
44
10
-26
-65
-106
-146
-187
-231
-281
-337
-396
-457
-516
-576
-636
-704
-769
-829
-878
-917
-952
-989
-1025
-1053
-1069
-1066
-1049
-1031
-1010
-985
-948
-891
-813
-722
-629
-537
-445
-348
-239
-118
8
131
245
350
452
552
657
756
841
910
960
998
1031
1063
1083
1087
1072
1040
1002
966
928
885
828
760
691
627
570
525
480
434
386
343
308
282
260
241
218
193
167
145
124
101
76
44
3
-41
-87
-138
-193
-257
-327
-402
-476
-551
-628
-701
-774
-846
-913
-974
-1028
-1071
-1108
-1135
-1153
-1162
-1161
-1150
-1126
-1090
-1047
-990
-926
-855
-774
-689
-595
-495
-392
-287
-183
-79
29
138
246
349
445
530
611
688
757
816
864
904
940
969
991
1005
1013
1013
1007
997
982
962
936
907
871
836
798
760
722
679
630
582
530
475
417
352
287
218
147
74
1
-71
-147
-224
-303
-381
-459
-535
-608
-679
-749
-816
-875
-934
-981
-1022
-1059
-1086
-1104
-1118
-1121
-1118
-1105
-1081
-1051
-1010
-963
-908
-846
-776
-698
-615
-525
-429
-329
-224
-119
-16
91
200
305
409
508
596
680
760
835
904
964
1015
1055
1085
1108
1124
1129
1122
1107
1081
1050
1015
974
929
878
822
762
702
644
587
530
472
414
354
295
238
183
128
70
11
-49
-107
-165
-227
-288
-353
-416
-482
-547
-611
-677
-739
-803
-861
-919
-967
-1010
-1048
-1079
-1104
-1121
-1127
-1126
-1115
-1094
-1064
-1026
-980
-921
-859
-789
-712
-626
-538
-445
-352
-260
-165
-68
30
126
217
305
392
477
559
640
711
773
829
880
921
954
980
997
1008
1016
1016
1012
1000
981
958
929
896
855
812
766
716
662
605
547
485
424
361
296
230
159
89
18
-51
-122
-193
-263
-335
-400
-464
-524
-584
-644
-698
-747
-790
-829
-868
-903
-931
-954
-965
-974
-976
-974
-963
-946
-918
-883
-845
-801
-753
-698
-635
-567
-497
-425
-352
-273
-193
-110
-26
56
136
214
291
368
440
510
577
638
694
744
791
836
876
908
934
954
967
975
974
964
948
926
900
870
832
789
743
692
636
577
512
444
373
302
228
153
77
0
-75
-150
-220
-290
-360
-425
-490
-552
-605
-656
-707
-751
-790
-823
-850
-869
-885
-896
-901
-899
-890
-874
-856
-835
-810
-780
-742
-699
-655
-608
-558
-501
-438
-373
-303
-233
-162
-90
-16
61
134
206
273
339
400
461
519
573
622
664
705
741
773
798
820
833
840
841
839
832
819
801
777
749
715
679
637
591
542
488
434
376
319
261
200
140
78
14
-47
-109
-169
-228
-287
-342
-395
-445
-492
-535
-575
-610
-643
-670
-694
-714
-728
-740
-746
-749
-745
-738
-724
-706
-682
-656
-624
-587
-549
-508
-463
-418
-370
-322
-274
-221
-172
-119
-66
-13
40
91
146
197
247
298
346
390
431
469
504
534
560
582
603
620
633
642
647
650
648
642
634
620
605
585
562
536
507
475
441
406
368
331
290
245
204
159
116
70
25
-18
-61
-105
-148
-192
-233
-271
-308
-344
-376
-407
-435
-461
-486
-508
-526
-542
-554
-561
-565
-569
-569
-567
-562
-554
-541
-526
-506
-484
-462
-436
-408
-378
-346
-313
-278
-242
-208
-169
-132
-93
-57
-21
16
53
93
133
170
207
240
272
303
331
358
385
409
431
452
469
482
494
505
513
518
521
520
515
507
497
484
470
452
432
412
388
359
332
300
267
234
198
165
130
94
55
16
-22
-58
-95
-130
-162
-195
-229
-257
-286
-314
-342
-365
-387
-403
-418
-432
-443
-451
-458
-461
-459
-457
-448
-442
-431
-418
-404
-387
-370
-348
-327
-304
-277
-251
-224
-197
-168
-141
-114
-86
-57
-27
3
34
63
87
112
135
158
181
203
225
244
262
279
291
303
313
322
330
336
340
341
341
338
334
328
320
314
301
291
277
261
244
226
207
190
172
152
133
110
88
68
47
27
7
-16
-37
-56
-74
-94
-110
-128
-145
-156
-170
-181
-193
-202
-209
-217
-221
-225
-227
-230
-228
-228
-226
-222
-218
-210
-204
-196
-186
-175
-166
-155
-143
-132
-119
-108
-96
-84
-69
-57
-42
-29
-18
-5
6
17
29
40
49
60
68
79
84
91
97
103
110
115
119
121
124
123
124
125
123
122
120
119
114
111
109
104
98
95
89
84
77
73
67
61
54
46
39
31
25
19
11
5
-1
-7
-12
-17
-22
-27
-32
-35
-40
-44
-47
-51
-54
-57
-60
-61
-61
-63
-63
-62
-62
-61
-58
-58
-57
-56
-55
-52
-50
-48
-44
-40
-37
-35
-32
-27
-26
-21
-18
-11
-8
-5
-3
1
5
7
11
12
14
17
20
21
22
24
24
26
26
26
27
26
26
25
26
24
23
22
20
20
18
18
17
15
15
13
13
12
11
11
9
8
6
4
5
4
2
1
-1
0
-2
-1
-2
-3
-4
-6
-7
-9
-8
-9
-11
-12
-13
-13
-13
-13
-15
-14
-14
-14
-13
-15
-15
-15
-15
-13
-11
-9
-9
-8
-8
-8
-8
-8
-6
-3
-3
-3
-2
0
2
3
5
5
5
6
6
8
7
8
8
9
11
12
11
12
12
11
12
14
13
15
14
12
13
12
12
11
12
10
11
11
7
6
4
4
2
0
-1
-2
0
-1
-3
-2
-3
-2
-3
-5
-5
-4
-5
-6
-7
-7
-6
-8
-7
-7
-8
-8
-8
-8
-8
-11
-8
-9
-11
-9
-11
-9
-10
-10
-9
-8
-6
-5
-3
-3
-1
-1
0
0
0
1
3
2
4
3
3
5
5
8
7
9
9
9
11
11
10
11
11
11
10
10
11
9
9
7
7
6
5
5
3
2
2
2
1
0
1
0
0
0
-1
-2
-3
-3
-3
-4
-6
-5
-6
-6
-7
-7
-6
-6
-7
-8
-8
-9
-9
-8
-9
-10
-11
-9
-9
-10
-9
-9
-10
-8
-6
-7
-6
-6
-4
-3
-3
-2
-1
-1
1
0
3
3
3
4
4
4
6
7
8
9
8
9
10
10
10
10
10
11
10
11
11
8
8
10
9
8
8
8
8
6
5
5
3
4
3
2
2
2
0
-1
-1
-2
-2
-2
-4
-4
-5
-6
-6
-5
-7
-6
-8
-10
-9
-8
-9
-8
-8
-9
-9
-9
-8
-6
-8
-6
-8
-8
-7
-6
-4
-5
-4
-4
-2
-1
-1
0
-1
2
3
3
3
4
4
3
5
4
4
5
6
5
6
4
5
6
7
5
6
7
6
6
6
5
5
4
4
3
5
5
5
4
3
2
1
0
0
0
-1
-2
-2
-3
-2
-1
-3
-5
-4
-4
-5
-5
-5
-5
-6
-5
-7
-7
-6
-6
-5
-6
-6
-6
-7
-7
-5
-7
-3
-3
-1
-4
-2
0
-3
0
1
-1
-1
0
0
2
1
2
1
2
5
5
5
4
4
4
5
5
5
6
6
7
4
4
4
4
2
4
5
3
4
4
5
5
4
2
2
2
3
2
1
1
0
1
-1
-1
-2
-2
0
-3
-3
-3
-2
-3
-3
-4
-6
-7
-6
-6
-7
-5
-5
-5
-5
-4
-3
-4
-3
-4
-5
-3
-4
-4
-2
-4
-3
-3
-2
-1
-1
0
1
1
2
2
2
1
3
1
3
3
2
2
4
3
3
4
5
3
4
5
5
6
4
4
2
3
1
3
1
0
1
0
1
1
1
2
1
1
2
2
0
2
1
0
0
1
2
-2
0
0
0
-1
-1
-2
-2
-3
-2
-1
0
-1
-1
0
0
-1
0
-1
-2
-1
-2
-2
-3
-2
-3
-1
-2
-2
-1
0
1
0
1
-1
1
0
0
1
-1
0
-1
-1
-2
-1
0
-2
-2
1
-1
0
0
0
1
2
2
2
2
0
2
1
2
2
0
0
0
-1
-2
-1
0
1
0
1
0
1
0
-1
0
-2
-1
-2
-3
-2
-2
-1
-1
-1
1
0
-2
-2
0
-1
-1
0
-1
-1
-2
-2
-1
-1
0
2
1
0
1
1
3
2
0
2
1
0
0
0
0
2
1
0
-1
0
-2
1
1
1
1
0
0
0
2
2
4
2
2
0
0
0
0
1
1
1
-1
-1
-1
-1
-1
0
0
-3
-1
-2
-1
2
2
1
0
-1
-3
-1
-1
1
1
1
0
1
0
-2
0
1
3
2
0
-2
-5
-4
-1
1
3
2
0
-1
-1
-1
2
3
2
2
0
-3
-3
-1
2
4
5
2
-3
-4
-3
-1
1
3
2
0
-3
-4
-2
2
4
3
1
-2
-5
-4
-1
5
6
3
-2
-3
-3
-1
4
3
2
-1
-5
-6
-3
0
5
4
1
-1
-4
-3
0
3
4
3
1
-4
-4
-2
2
3
4
2
-1
-3
-2
-2
-1
1
1
-1
-1
-1
-2
0
2
2
0
0
-1
0
0
0
0
0
1
-1
0
0
0
0
1
-1
-1
0
2
2
1
0
-1
1
2
2
2
1
-1
-3
-1
0
1
2
0
-2
-5
-4
-2
-2
1
0
0
-3
-3
-2
1
2
2
2
2
-1
-1
-1
1
2
1
1
0
0
-1
0
2
