SAMPLES:	20585
BITSPERSAMPLE:	16
CHANNELS:	1
SAMPLERATE:	16000
NORMALIZED:	FALSE
0
-1
-1
0
1
0
0
1
1
0
-1
-1
-1
0
0
-1
-2
-1
0
1
1
2
2
1
2
3
3
5
4
5
7
5
5
6
5
7
5
4
3
2
2
1
1
1
3
2
2
2
2
3
3
2
2
2
4
3
4
5
6
7
4
3
3
2
4
3
3
2
0
-1
0
0
0
0
-1
-2
-2
0
0
1
1
0
-1
0
-2
-1
-1
-2
-2
-2
-3
-2
-2
-4
-2
-1
-3
-2
-2
-1
-3
-3
-3
-4
-4
-3
-2
-2
-2
0
-1
-4
-3
-3
-4
-4
-6
-5
-6
-6
-6
-4
-4
-2
-3
-2
-2
-3
-3
-5
-7
-7
-6
-8
-9
-8
-9
-6
-7
-4
-4
-4
-5
-4
-4
-5
-4
-4
-4
-4
-2
-2
-2
-1
0
1
1
3
3
4
3
4
4
2
2
2
1
2
1
2
2
5
6
6
5
6
6
5
4
5
3
2
2
3
6
6
4
4
5
4
7
6
6
5
6
5
6
3
4
5
5
7
6
6
5
6
8
8
8
8
9
10
10
8
7
6
6
5
6
3
2
2
2
4
4
4
2
2
0
1
-1
-2
-2
-3
-3
-2
-3
-4
-4
-5
-4
-4
-3
-3
-3
-3
-3
-2
-1
-1
-1
-1
0
2
1
0
0
-1
-1
-2
-3
-3
-3
-2
-3
-5
-3
-3
-2
-1
0
-1
1
0
0
0
1
1
1
0
1
-1
-2
-1
-2
-1
-1
1
1
2
1
3
3
1
1
0
0
0
-2
-2
-3
-4
-4
-4
-3
-3
-3
-2
-3
-4
-4
-5
-5
-4
-4
-6
-8
-9
-9
-9
-7
-8
-9
-8
-10
-10
-11
-12
-11
-10
-10
-9
-8
-7
-8
-8
-7
-7
-7
-6
-7
-5
-4
-5
-5
-3
-2
-4
-3
-4
-2
-1
-1
-1
1
1
-1
-1
0
1
1
2
3
3
4
5
6
6
6
5
4
4
4
3
3
1
1
1
2
2
3
2
5
5
6
6
7
7
5
8
8
7
7
5
5
6
6
7
8
8
9
8
6
6
8
8
9
9
8
8
8
6
7
6
4
5
6
4
1
2
1
1
1
-2
-3
-3
-3
-3
-4
-5
-4
-3
-3
-4
-3
-4
-4
-4
-4
-4
-3
-5
-5
-7
-5
-6
-5
-5
-6
-5
-3
-2
-1
-1
-1
-1
-1
-1
-1
0
0
1
0
1
1
1
-1
-2
-1
-1
-1
-1
-1
0
-1
-2
0
-1
-1
0
-2
0
-2
-2
-2
-1
-1
-1
-1
-2
-3
-2
-2
1
-1
0
3
2
2
1
1
2
3
4
4
5
6
4
5
5
6
8
6
8
7
6
6
5
4
4
1
-1
0
-2
-3
-4
-6
-5
-5
-4
-4
-4
-3
-4
-5
-5
-3
-2
-2
-2
-3
-4
-4
-4
-5
-5
-4
-3
-3
0
2
2
3
4
4
6
5
6
6
7
10
9
6
6
5
5
7
7
7
8
12
10
10
10
8
7
6
5
1
0
-1
-3
-5
-5
-6
-8
-9
-9
-9
-9
-8
-9
-9
-9
-8
-9
-8
-7
-7
-6
-5
-4
-5
-8
-8
-8
-6
-5
-4
-2
1
1
2
3
3
4
4
6
8
8
8
10
9
9
5
4
3
2
3
4
6
6
7
6
5
4
4
2
1
1
0
-2
-5
-7
-11
-13
-13
-15
-16
-14
-14
-13
-12
-10
-10
-12
-13
-13
-13
-12
-12
-12
-12
-11
-13
-15
-14
-12
-7
-3
1
3
5
5
4
3
1
2
4
7
7
6
5
4
4
0
-1
-2
-4
-3
0
1
0
0
-1
-1
-1
-2
-2
-1
0
0
-3
-5
-9
-13
-13
-15
-14
-12
-12
-8
-5
-2
-2
-3
-3
-1
0
2
3
3
1
2
1
0
0
2
6
12
18
21
20
17
16
15
15
18
21
23
23
24
21
18
16
13
14
13
14
18
20
22
19
15
12
8
8
6
4
4
3
4
1
-3
-7
-11
-12
-14
-16
-15
-14
-11
-9
-8
-9
-12
-14
-16
-15
-13
-11
-10
-7
-9
-12
-13
-14
-10
-3
4
8
8
8
3
2
0
-1
0
3
8
10
14
14
12
9
5
4
4
7
10
15
20
23
21
18
14
12
11
11
9
8
6
3
2
-2
-5
-9
-10
-11
-11
-11
-8
-5
-5
-6
-8
-9
-9
-11
-10
-9
-8
-5
-5
-9
-14
-17
-17
-8
1
10
15
14
11
5
3
1
-1
0
3
6
10
12
9
8
5
1
-2
-2
3
9
13
17
15
11
4
-3
-5
-4
-4
-3
-3
-3
-5
-10
-14
-19
-19
-19
-19
-16
-16
-13
-8
-9
-11
-16
-18
-20
-18
-17
-19
-16
-16
-16
-15
-19
-24
-22
-13
3
14
20
20
17
10
2
2
4
0
1
8
14
11
3
1
0
-2
-8
-6
-1
8
17
23
24
19
11
4
5
8
6
3
4
7
5
2
-1
-3
-4
-3
-4
-2
0
2
3
1
0
-6
-12
-15
-13
-11
-14
-15
-16
-17
-16
-16
-16
-16
-17
-14
-11
-8
-6
-7
-6
-8
-10
-13
-11
-10
-8
-6
-5
-5
-4
-5
-2
2
4
4
5
8
10
12
11
12
11
13
14
12
14
14
13
13
14
15
15
15
17
20
21
19
19
18
16
13
8
6
5
4
3
1
-1
-4
-6
-7
-8
-8
-10
-9
-8
-7
-9
-12
-17
-19
-20
-22
-24
-24
-24
-23
-22
-23
-24
-24
-23
-23
-21
-17
-15
-13
-10
-7
-8
-10
-14
-17
-14
-4
23
40
43
44
39
29
12
15
33
34
28
43
59
42
12
10
27
28
11
5
19
24
23
33
47
46
23
1
14
39
35
20
21
27
12
-22
-26
-16
-19
-36
-51
-45
-34
-47
-58
-44
-34
-65
-96
-85
-63
-71
-102
-107
-106
-133
-164
-162
-135
-112
-145
-178
-188
-190
-113
-27
28
90
104
70
-26
-117
-64
-35
-64
60
280
376
315
258
281
202
50
88
172
147
184
329
427
338
200
164
106
9
-61
-57
51
185
279
319
320
228
49
-37
-24
-3
-29
-24
63
91
60
-28
-122
-164
-218
-247
-247
-218
-189
-189
-172
-210
-328
-448
-543
-569
-547
-515
-540
-537
-472
-470
-492
-528
-527
-550
-621
-478
-376
-101
599
945
965
891
783
477
-227
-114
580
425
110
455
983
746
41
78
305
-67
-445
-307
68
410
743
1023
1134
1016
639
204
125
309
271
55
78
229
135
-143
-257
-278
-363
-403
-311
-86
183
311
301
310
209
-102
-481
-595
-483
-514
-717
-863
-859
-838
-936
-1089
-1087
-1048
-1134
-1081
-787
-591
-660
-829
-685
-623
-610
228
1024
1165
1066
955
839
26
-399
515
766
156
126
820
1147
360
38
565
488
-85
-218
144
532
838
1150
1226
974
583
175
17
181
319
197
116
290
355
157
75
67
30
0
-22
136
262
381
387
218
142
-100
-323
-371
-328
-257
-449
-667
-762
-782
-818
-977
-1014
-1006
-1034
-1116
-1095
-878
-910
-963
-868
-824
-833
-987
-1022
-858
-798
-717
-365
262
936
1245
1380
1506
1217
621
328
536
708
509
578
1019
1157
875
602
592
486
149
-71
30
363
679
926
1125
1188
1039
656
421
458
435
266
53
16
42
-19
-101
-175
-136
-147
-299
-301
-152
-8
-32
-181
-196
-295
-586
-778
-770
-726
-798
-972
-1079
-1046
-1052
-1160
-1224
-1124
-1133
-1242
-1175
-967
-840
-947
-986
-783
-837
-473
824
1648
1738
1584
1591
1300
69
-87
1069
977
124
198
1134
1171
-99
-190
570
359
-351
-487
119
756
1104
1428
1531
1324
788
132
41
347
288
-202
-352
-55
13
-280
-330
-177
-137
-200
-178
141
511
703
720
687
486
34
-411
-545
-420
-452
-729
-920
-924
-760
-747
-878
-862
-885
-998
-1091
-913
-617
-692
-866
-859
-878
-1110
-1420
-1493
-1325
-1213
-1258
-1220
-997
-591
120
1186
2155
2457
2153
1789
1411
800
508
879
1051
863
950
1338
1370
700
254
308
181
-188
-361
46
764
1286
1567
1558
1281
735
158
-48
-43
-115
-252
-241
-106
-42
-124
-303
-461
-463
-398
-208
153
424
552
546
419
183
-205
-547
-671
-761
-788
-824
-944
-1019
-1011
-1043
-1148
-1264
-1279
-1237
-1186
-1019
-813
-741
-847
-996
-1116
-1282
-1536
-1637
-1561
-1494
-1456
-1191
-358
912
1856
2239
2335
2053
1434
771
701
1206
1390
1276
1511
1954
1905
1238
746
613
244
-367
-723
-381
325
985
1493
1715
1558
1089
618
438
470
341
61
5
188
202
35
-166
-361
-546
-645
-500
-103
289
565
680
562
373
17
-399
-557
-657
-823
-1033
-1190
-1212
-1202
-1243
-1356
-1537
-1620
-1649
-1543
-1278
-1081
-1016
-1129
-1149
-1197
-1360
-1485
-1489
-1444
-1482
-1522
-1404
-906
188
1401
2033
2076
1749
1405
813
440
934
1515
1473
1305
1660
2145
1818
994
711
599
111
-538
-652
-9
851
1347
1504
1474
1264
866
562
683
818
621
288
344
634
589
253
-46
-174
-275
-453
-304
100
422
599
535
452
177
-292
-525
-571
-560
-850
-1201
-1276
-1220
-1163
-1354
-1545
-1614
-1694
-1749
-1607
-1322
-1190
-1202
-1294
-1463
-1469
-1826
-1187
-522
-1673
-1789
-761
674
1373
884
2270
2815
203
-614
823
1920
975
-314
1316
2630
1409
197
646
1658
1381
-115
-770
-149
586
791
1058
1615
1485
505
-54
502
932
562
80
275
718
769
401
262
416
239
-172
-398
-131
263
309
386
529
243
-279
-746
-659
-307
-484
-1023
-1266
-997
-891
-1266
-1436
-1261
-1321
-1656
-1679
-1223
-1085
-1437
-1635
-1528
-1572
-1965
-2116
-1761
-1328
-1240
-768
822
2164
2495
2384
2141
1625
445
-94
805
1326
1018
997
1569
1980
1407
763
913
994
422
-268
-325
426
1191
1418
1446
1232
696
108
-128
88
162
2
-20
255
569
613
458
220
83
-29
-264
-251
-12
194
294
191
-19
-313
-660
-816
-796
-814
-974
-1157
-1206
-1109
-1086
-1344
-1457
-1449
-1464
-1451
-1375
-1191
-1125
-1432
-1764
-1890
-2114
-2246
-2242
-2004
-1464
-978
-76
1614
2740
3027
2709
2055
1500
632
376
1110
1451
1297
1472
1930
2083
1553
1053
1073
919
283
-75
186
925
1595
1665
1506
1117
521
107
-53
21
-16
-208
-30
406
663
648
502
285
91
-116
-241
-150
-52
78
90
-121
-348
-594
-762
-868
-1004
-1077
-1232
-1340
-1263
-1215
-1273
-1443
-1556
-1542
-1491
-1337
-1206
-1160
-1208
-1423
-1671
-1906
-2146
-2227
-2302
-2175
-1753
-1347
-551
903
2227
2701
2528
2101
1664
1001
500
927
1442
1308
1329
1729
2034
1770
1094
860
794
354
-57
48
697
1413
1636
1539
1329
951
561
340
302
292
121
45
329
635
711
539
258
59
-80
-217
-123
118
340
429
287
122
-81
-341
-543
-725
-883
-1094
-1369
-1365
-1264
-1261
-1372
-1528
-1457
-1313
-1228
-1028
-931
-1120
-1303
-1506
-1643
-1813
-2109
-2130
-2071
-2070
-1770
-1338
-383
1100
2023
2412
2320
1878
1439
786
556
1097
1318
1210
1387
1750
1894
1432
779
539
286
-303
-572
-262
491
1173
1321
1280
1177
853
604
502
476
427
246
235
500
688
560
250
-111
-356
-484
-512
-234
243
566
643
569
453
302
31
-250
-472
-731
-1080
-1363
-1403
-1292
-1323
-1474
-1518
-1378
-1152
-1043
-878
-782
-994
-1247
-1396
-1473
-1614
-1889
-1865
-1747
-1729
-1517
-1153
-174
1061
1796
2231
2255
1924
1521
894
858
1339
1427
1393
1552
1861
1937
1435
864
629
191
-446
-753
-474
189
722
872
933
868
618
457
432
465
388
246
269
498
560
330
-23
-372
-640
-797
-789
-465
7
276
358
383
337
248
38
-194
-353
-664
-1013
-1239
-1278
-1195
-1274
-1452
-1406
-1239
-1031
-897
-777
-727
-927
-1233
-1346
-1395
-1590
-1741
-1666
-1473
-1360
-1239
-885
-72
791
1480
1945
2122
1973
1617
1183
1153
1415
1512
1488
1573
1845
1926
1634
1230
979
564
6
-411
-343
52
445
667
771
728
583
462
440
504
425
325
338
513
535
323
24
-311
-609
-802
-873
-635
-287
-128
79
168
198
164
-75
-197
-296
-630
-885
-1088
-1155
-1051
-1203
-1347
-1329
-1252
-1145
-1031
-910
-833
-964
-1268
-1404
-1472
-1698
-1819
-1751
-1568
-1301
-1208
-1021
-503
168
996
1651
2021
2160
1926
1475
1114
1063
1272
1328
1242
1442
1721
1743
1478
1195
957
561
-19
-388
-283
82
448
653
745
748
691
670
765
806
695
573
596
704
650
384
54
-308
-631
-794
-731
-463
-159
35
206
292
231
52
-149
-245
-409
-652
-887
-963
-930
-930
-1047
-1170
-1314
-1313
-1257
-1231
-1058
-1114
-1249
-1332
-1535
-1717
-1866
-2011
-1817
-1657
-1543
-1249
-1053
-639
189
1156
1896
2253
2213
1955
1426
822
706
981
1081
1031
1226
1564
1716
1443
1109
903
499
-67
-423
-318
139
520
676
791
823
835
876
944
1009
896
731
785
859
759
450
77
-237
-531
-693
-528
-193
61
208
263
295
192
-40
-226
-265
-396
-573
-693
-682
-596
-705
-971
-1200
-1385
-1461
-1355
-1362
-1260
-1291
-1495
-1510
-1589
-1783
-1902
-2006
-1873
-1689
-1720
-1402
-975
-556
192
1151
1897
2215
1968
1586
1155
542
378
622
812
933
1157
1512
1736
1463
1134
897
467
-24
-322
-216
267
657
778
895
953
1008
1051
1017
1009
917
782
896
1022
905
587
195
-66
-266
-416
-297
-19
196
279
216
165
97
-103
-262
-364
-484
-599
-627
-505
-422
-557
-882
-1191
-1353
-1434
-1432
-1370
-1417
-1417
-1517
-1647
-1621
-1714
-1825
-1875
-1893
-1806
-1669
-1516
-1098
-596
-36
836
1541
1844
1841
1383
853
454
265
580
706
812
1280
1625
1728
1481
1134
924
432
-172
-438
-391
17
462
751
965
1176
1197
1194
1270
1086
878
726
735
1090
1151
761
498
201
25
-112
-307
-60
260
286
315
341
295
205
-24
-233
-375
-617
-755
-578
-401
-418
-648
-932
-1126
-1249
-1377
-1428
-1355
-1370
-1413
-1467
-1625
-1704
-1808
-1983
-2019
-2015
-1908
-1720
-1548
-1221
-783
-260
589
1320
1703
1734
1230
667
278
281
753
1002
1135
1538
1827
1821
1450
1012
692
179
-446
-716
-557
-65
577
1040
1310
1443
1432
1384
1394
1290
1024
835
810
921
943
607
284
-15
-326
-358
-260
10
363
478
521
616
592
410
184
-37
-219
-413
-595
-544
-450
-451
-663
-1003
-1260
-1457
-1478
-1438
-1357
-1205
-1267
-1391
-1537
-1719
-1713
-1821
-1962
-1955
-1885
-1797
-1693
-1548
-1276
-721
192
1143
1651
1713
1317
597
-58
-58
616
1158
1303
1627
1978
1929
1494
953
548
-21
-653
-948
-731
-35
852
1529
1904
1887
1653
1490
1427
1355
1029
754
765
791
683
440
128
-138
-450
-552
-303
22
384
606
715
878
801
478
241
11
-159
-342
-529
-505
-475
-613
-771
-1020
-1357
-1503
-1581
-1521
-1298
-1192
-1120
-1058
-1248
-1349
-1428
-1624
-1643
-1723
-1799
-1779
-1850
-1832
-1469
-1163
-723
603
1766
1638
1019
570
365
31
-201
1066
2129
1390
1136
1860
2017
1179
-5
-312
-212
-834
-1143
-337
1020
2070
2218
1928
1906
1838
1475
1250
1149
814
416
434
764
817
258
-193
-273
-374
-417
-283
188
758
900
901
1022
923
640
273
-13
-315
-709
-921
-789
-602
-701
-1075
-1407
-1426
-1414
-1478
-1408
-1121
-840
-760
-869
-946
-1268
-1645
-1709
-1800
-1886
-2061
-2184
-2001
-1926
-1789
-1455
-1093
-205
527
1010
1288
1105
1063
1009
941
1262
1470
1362
1343
1257
1200
879
217
-61
-31
-267
-325
73
877
1723
2051
2116
2188
2032
1723
1526
1183
821
481
325
436
452
230
8
-122
-152
-77
59
421
834
1070
1176
1220
1145
927
528
156
-273
-729
-969
-1020
-981
-1037
-1192
-1385
-1470
-1413
-1313
-1151
-886
-682
-615
-841
-1192
-1516
-1833
-2048
-2181
-2280
-2399
-2535
-2543
-2403
-2277
-2151
-1899
-966
111
839
1529
1871
1756
1475
1179
1280
1335
843
862
1124
947
784
568
436
502
116
-13
392
847
1528
2030
2212
2335
2204
1887
1700
1321
805
419
240
354
452
366
364
352
271
291
391
633
929
1055
1126
1183
1073
851
513
151
-219
-658
-976
-1076
-1095
-1132
-1141
-1163
-1176
-1130
-1096
-922
-760
-726
-743
-1019
-1285
-1681
-2117
-2268
-2439
-2517
-2628
-2806
-2745
-2713
-2628
-2414
-1928
-725
265
999
1505
1704
1702
1176
936
1018
918
641
500
809
1078
838
665
655
568
299
57
386
1130
1584
1801
2027
2083
2049
1791
1423
1176
788
419
422
608
797
757
576
537
513
368
431
694
902
1076
1102
1106
1101
835
526
226
-208
-588
-907
-994
-911
-861
-879
-865
-777
-753
-827
-847
-775
-781
-836
-1042
-1329
-1726
-2240
-2490
-2650
-2820
-2857
-2935
-2930
-2873
-2804
-2400
-1884
-709
501
1145
1613
1624
1595
1190
705
762
871
626
498
695
1098
1125
796
678
585
324
16
113
766
1488
1678
1806
1933
1944
1776
1457
1113
837
461
342
671
883
926
714
539
538
459
362
570
768
998
1119
1162
1290
1191
913
545
89
-421
-795
-952
-864
-735
-640
-620
-521
-481
-529
-636
-681
-626
-763
-937
-1339
-1816
-2318
-2801
-3065
-3233
-3352
-3290
-3285
-3141
-2929
-2683
-2107
-1281
-24
1059
1623
1806
1801
1459
899
492
659
779
468
446
904
1244
1034
810
758
646
225
-8
321
1046
1548
1712
1866
1985
1892
1688
1353
1053
707
352
489
801
989
856
695
621
532
442
426
619
944
1083
1217
1375
1333
1139
733
298
-180
-660
-921
-848
-716
-558
-412
-355
-311
-376
-544
-692
-665
-721
-851
-1158
-1690
-2182
-2710
-3152
-3377
-3519
-3507
-3434
-3296
-2954
-2681
-2249
-1651
-802
357
1155
1458
1665
1544
1127
583
357
682
596
233
485
1018
1035
897
868
918
756
377
342
774
1311
1663
1818
1890
1897
1739
1503
1257
979
614
523
730
1000
981
850
823
722
669
627
684
957
1141
1201
1307
1301
1144
837
460
51
-333
-711
-799
-682
-626
-461
-380
-357
-322
-472
-690
-805
-865
-908
-1109
-1510
-2014
-2544
-3024
-3337
-3491
-3515
-3505
-3360
-3069
-2816
-2501
-2021
-1477
-531
490
988
1471
1518
1300
942
380
506
704
280
225
746
1051
1110
1045
1169
1264
914
620
690
1045
1435
1610
1624
1647
1593
1445
1287
1076
773
513
607
872
1011
982
960
968
882
837
867
969
1107
1195
1201
1252
1228
1040
827
492
97
-302
-604
-569
-542
-494
-375
-319
-254
-318
-538
-819
-1007
-1116
-1281
-1541
-1962
-2444
-2933
-3236
-3389
-3517
-3565
-3457
-3263
-3036
-2877
-2485
-1912
-1180
13
832
1432
1692
1462
1155
650
393
675
538
213
607
1142
1450
1442
1421
1579
1276
691
420
559
926
1132
1207
1305
1431
1435
1379
1224
997
628
499
762
977
1086
1034
1055
987
815
766
816
852
947
986
1002
1146
1098
972
816
442
16
-358
-499
-446
-455
-455
-383
-337
-379
-529
-834
-1094
-1190
-1353
-1480
-1741
-2145
-2573
-2942
-3060
-3229
-3373
-3286
-3176
-2992
-2825
-2676
-2166
-1585
-599
507
1139
1576
1580
1233
839
445
496
687
394
459
1053
1535
1673
1564
1600
1469
829
228
113
405
730
942
1153
1452
1639
1620
1520
1335
1001
679
776
1028
1200
1157
1093
1063
860
671
645
655
720
786
768
931
1030
964
866
603
193
-208
-498
-528
-503
-591
-584
-516
-496
-603
-856
-1101
-1213
-1292
-1385
-1516
-1786
-2154
-2569
-2739
-2937
-3160
-3162
-3136
-3003
-2836
-2766
-2389
-1839
-1062
157
889
1374
1639
1411
1034
543
331
622
548
406
854
1395
1667
1545
1373
1311
890
229
-30
172
611
962
1219
1547
1835
1810
1670
1479
1157
807
700
920
1150
1146
1049
999
865
663
531
540
665
781
891
1062
1232
1265
1117
835
436
-36
-453
-633
-647
-652
-648
-556
-441
-469
-727
-997
-1195
-1264
-1307
-1440
-1658
-1985
-2412
-2704
-2990
-3294
-3424
-3472
-3324
-3195
-3079
-2676
-2112
-1284
49
941
1497
1771
1595
1302
680
270
586
631
427
741
1265
1649
1570
1264
1146
860
252
-35
132
626
1018
1237
1513
1819
1852
1665
1459
1156
816
558
711
964
1006
930
846
765
655
469
466
669
794
997
1198
1404
1547
1382
1056
689
192
-302
-593
-697
-646
-620
-581
-437
-397
-593
-905
-1162
-1256
-1259
-1373
-1585
-1848
-2249
-2646
-2995
-3309
-3490
-3584
-3435
-3250
-3112
-2751
-2233
-1482
-180
826
1380
1682
1483
1285
799
271
552
737
467
625
1096
1492
1568
1256
1107
974
429
109
230
669
1057
1219
1369
1706
1842
1696
1554
1297
1017
729
721
960
1027
922
840
750
674
520
424
586
744
855
1023
1219
1397
1344
1058
705
307
-160
-493
-645
-691
-637
-623
-547
-460
-539
-815
-1056
-1219
-1258
-1332
-1591
-1784
-2068
-2525
-2854
-3130
-3288
-3325
-3276
-3067
-2839
-2652
-2227
-1647
-545
593
1083
1421
1334
1177
822
279
427
775
494
465
924
1326
1469
1246
1156
1138
683
306
335
701
1025
1086
1135
1438
1654
1569
1490
1316
1101
806
714
889
929
786
693
641
578
435
330
457
645
754
924
1143
1346
1373
1198
944
576
115
-267
-476
-649
-683
-684
-593
-474
-516
-716
-930
-1080
-1152
-1204
-1432
-1617
-1869
-2344
-2700
-2986
-3206
-3254
-3262
-3132
-2886
-2788
-2410
-1817
-689
619
1207
1611
1651
1506
1059
444
516
836
521
369
883
1385
1481
1281
1239
1173
697
240
202
583
865
917
1007
1292
1528
1426
1310
1174
920
570
465
596
612
469
364
344
322
186
124
311
546
750
994
1261
1508
1539
1357
1157
748
196
-267
-570
-784
-864
-841
-652
-475
-484
-616
-790
-862
-901
-983
-1134
-1323
-1670
-2112
-2558
-2898
-3176
-3362
-3381
-3254
-3105
-2968
-2536
-1927
-641
720
1403
1927
1934
1748
1292
604
673
921
507
352
874
1379
1512
1269
1210
1137
617
172
157
511
833
966
1111
1435
1631
1510
1375
1193
913
558
433
566
594
467
355
282
221
99
8
175
427
666
953
1214
1448
1456
1233
979
567
8
-451
-775
-999
-1054
-973
-741
-537
-489
-577
-693
-724
-753
-858
-1029
-1236
-1569
-1962
-2378
-2711
-2985
-3230
-3325
-3215
-3109
-2919
-2438
-1875
-580
726
1411
1970
1906
1690
1280
589
647
912
446
329
822
1260
1432
1142
1073
1037
519
140
189
524
916
1094
1254
1589
1736
1624
1463
1236
944
591
442
569
625
499
391
344
260
128
10
138
422
651
879
1145
1366
1326
1115
845
460
-87
-554
-817
-1041
-1105
-977
-782
-562
-476
-552
-587
-631
-730
-865
-1090
-1317
-1591
-2032
-2436
-2762
-3093
-3318
-3452
-3441
-3320
-3047
-2486
-1708
-317
958
1749
2228
2118
1892
1335
752
884
978
472
409
894
1280
1319
1027
963
817
315
74
229
684
1142
1295
1491
1784
1819
1639
1389
1078
685
271
112
272
344
203
218
251
200
126
51
291
651
821
1018
1282
1455
1425
1191
882
475
-143
-603
-813
-1042
-1054
-898
-734
-499
-439
-496
-484
-600
-758
-875
-1118
-1380
-1692
-2176
-2599
-2947
-3336
-3516
-3612
-3717
-3602
-3182
-2527
-1444
42
1247
2165
2468
2313
2053
1351
992
1164
926
504
560
990
1284
1145
912
833
538
140
109
393
960
1377
1503
1712
1883
1787
1552
1221
861
407
-1
-81
121
182
137
239
249
227
129
64
355
640
776
1023
1256
1419
1338
1042
736
279
-340
-715
-918
-1069
-994
-842
-643
-450
-440
-477
-464
-597
-716
-814
-1077
-1389
-1721
-2114
-2500
-2862
-3210
-3336
-3378
-3537
-3398
-2846
-2200
-1040
343
1386
2244
2366
2176
1845
1163
1007
1112
668
406
624
945
1111
934
798
734
406
123
252
624
1155
1467
1549
1722
1793
1596
1338
1025
659
240
-49
-11
193
281
335
404
367
263
79
62
251
432
645
897
1157
1292
1112
852
491
0
-489
-825
-1017
-1067
-1025
-838
-607
-472
-456
-477
-417
-497
-569
-723
-1034
-1384
-1729
-2120
-2483
-2879
-3230
-3282
-3330
-3478
-3185
-2618
-1877
-538
709
1719
2428
2431
2225
1737
1166
1258
1093
443
374
686
915
873
680
691
594
182
19
297
804
1291
1528
1711
1920
1863
1567
1286
897
430
50
-104
-6
157
226
341
431
341
213
145
226
449
649
829
1137
1332
1302
1135
799
337
-153
-620
-899
-1053
-1175
-1086
-848
-636
-531
-526
-474
-386
-431
-522
-764
-1100
-1477
-1928
-2314
-2733
-3220
-3475
-3508
-3711
-3752
-3320
-2731
-1661
-140
1080
2170
2656
2560
2351
1691
1412
1523
882
302
467
742
838
605
464
521
208
-186
-121
327
961
1402
1655
1975
2108
1905
1608
1209
738
252
-67
-51
76
132
248
428
448
380
231
220
443
632
762
1007
1257
1361
1320
1077
703
237
-292
-690
-892
-1100
-1138
-988
-778
-612
-541
-555
-437
-377
-434
-512
-805
-1136
-1471
-1904
-2296
-2693
-3151
-3232
-3399
-3702
-3514
-3085
-2542
-1111
222
1388
2385
2435
2502
2171
1488
1550
1345
488
354
520
699
724
399
386
362
-124
-270
-61
413
1073
1388
1650
2001
1980
1771
1484
1028
638
207
28
157
271
244
398
428
367
250
11
136
392
428
576
889
1067
1192
1072
781
483
10
-471
-702
-943
-1062
-996
-945
-808
-694
-730
-667
-538
-547
-514
-662
-938
-1129
-1470
-1893
-2208
-2637
-2867
-3043
-3343
-3380
-3145
-2904
-1829
-323
783
1936
2325
2469
2388
1752
1616
1727
1033
545
631
724
873
586
351
373
10
-333
-287
90
768
1269
1498
1906
2117
1950
1701
1263
822
328
-37
-67
149
140
174
299
246
201
-45
-28
312
451
517
881
1167
1300
1258
929
621
171
-395
-710
-944
-1087
-1028
-999
-929
-800
-822
-793
-649
-619
-594
-698
-905
-1070
-1411
-1862
-2260
-2661
-2937
-3217
-3488
-3503
-3396
-3164
-2086
-519
691
1798
2336
2614
2455
1897
1883
2052
1482
885
874
1032
1071
675
391
239
-125
-514
-563
-57
683
1232
1621
2124
2438
2333
1997
1544
1023
318
-123
-277
-162
-126
-130
33
96
66
-92
-22
294
579
701
1052
1417
1521
1419
1095
695
202
-401
-796
-1042
-1170
-1122
-1039
-936
-837
-834
-833
-683
-635
-633
-714
-898
-1071
-1429
-1886
-2285
-2662
-2956
-3213
-3492
-3527
-3365
-3180
-2163
-715
385
1441
2005
2338
2278
1776
1817
2103
1605
1042
1011
1179
1189
692
346
189
-230
-632
-665
-180
570
1138
1598
2234
2637
2612
2311
1886
1381
642
113
-95
-159
-238
-267
-181
-67
-66
-146
-30
258
598
823
1073
1360
1429
1260
1012
648
166
-385
-781
-1057
-1196
-1174
-1091
-964
-925
-931
-907
-779
-660
-612
-684
-836
-1018
-1291
-1686
-2034
-2343
-2654
-2885
-3184
-3328
-3110
-2984
-2169
-830
81
1059
1625
1956
2127
1700
1701
2146
1720
1197
1251
1373
1391
867
363
237
-276
-780
-797
-409
311
936
1423
2170
2692
2720
2490
2082
1572
887
275
50
-71
-265
-313
-281
-193
-213
-347
-232
124
507
807
1042
1368
1465
1263
1034
673
162
-419
-911
-1222
-1384
-1394
-1292
-1135
-1092
-1074
-1049
-969
-768
-723
-783
-901
-1044
-1180
-1505
-1891
-2180
-2539
-2878
-3197
-3473
-3251
-3030
-2102
-635
329
1308
1822
2101
2139
1717
1798
2237
1786
1367
1600
1752
1711
1105
554
263
-437
-1043
-1031
-593
137
835
1406
2276
2867
2881
2642
2220
1593
878
296
77
-1
-256
-340
-309
-318
-408
-563
-401
39
452
772
1186
1639
1726
1527
1190
727
149
-519
-1050
-1321
-1525
-1522
-1396
-1248
-1168
-1184
-1194
-1073
-911
-923
-932
-1037
-1101
-1192
-1487
-1889
-2207
-2612
-3032
-3359
-3649
-3464
-3068
-1865
-428
603
1515
1939
2140
1877
1526
1798
2060
1578
1379
1722
1911
1719
1064
592
133
-631
-1183
-1086
-576
132
814
1469
2376
2910
2933
2712
2328
1678
1025
551
321
181
-137
-264
-272
-357
-491
-550
-291
167
563
905
1392
1806
1803
1573
1147
608
-3
-646
-1100
-1354
-1524
-1493
-1403
-1291
-1219
-1293
-1269
-1095
-985
-929
-874
-893
-908
-1082
-1336
-1690
-2052
-2506
-2920
-3257
-3483
-3390
-2877
-1528
-351
580
1386
1724
1837
1489
1326
1789
1853
1330
1393
1785
1930
1596
917
493
-63
-876
-1293
-1115
-611
60
641
1382
2281
2680
2763
2615
2243
1640
1059
688
545
259
-135
-250
-398
-548
-732
-745
-344
71
419
908
1436
1791
1760
1495
1095
521
-174
-706
-1080
-1349
-1441
-1444
-1364
-1270
-1334
-1409
-1298
-1082
-989
-867
-734
-582
-635
-879
-1082
-1381
-1793
-2317
-2723
-3100
-3158
-3186
-2267
-858
-19
967
1491
1721
1679
1323
1580
2146
1715
1418
1848
2186
2221
1580
977
463
-427
-1291
-1497
-1225
-686
-85
476
1515
2189
2481
2572
2356
1978
1365
904
773
643
102
-209
-466
-743
-944
-1276
-1055
-538
-238
213
897
1463
1788
1684
1406
1057
326
-379
-821
-1158
-1332
-1398
-1422
-1285
-1358
-1547
-1523
-1366
-1192
-1168
-1044
-838
-660
-764
-890
-1076
-1357
-1768
-2315
-2729
-2903
-2985
-2691
-1290
-352
597
1272
1506
1710
1372
1335
2055
2030
1528
1895
2294
2600
2224
1521
1048
223
-821
-1414
-1413
-1062
-476
-55
856
1790
2191
2496
2415
2209
1791
1240
1038
1036
573
131
-175
-584
-828
-1249
-1364
-859
-542
-253
380
1034
1561
1709
1507
1316
794
19
-518
-942
-1205
-1306
-1425
-1404
-1373
-1644
-1697
-1623
-1446
-1318
-1316
-1168
-923
-844
-872
-930
-1179
-1356
-1832
-2354
-2556
-2672
-2723
-1794
-799
8
738
930
1321
1236
947
1563
2003
1576
1729
2138
2528
2549
1881
1419
811
-162
-966
-1279
-1128
-654
-290
291
1303
1899
2262
2344
2240
2011
1583
1239
1289
1052
536
244
-192
-504
-982
-1401
-1157
-766
-599
-140
540
1194
1536
1443
1320
1020
360
-250
-693
-1030
-1198
-1322
-1452
-1415
-1618
-1842
-1835
-1719
-1533
-1454
-1342
-1113
-875
-862
-824
-961
-1103
-1327
-1853
-2202
-2294
-2456
-1729
-692
-54
676
795
1051
1043
666
1150
1853
1537
1550
2058
2498
2746
2176
1676
1160
198
-704
-1182
-1153
-818
-517
-137
783
1521
1906
2122
2112
1958
1629
1320
1379
1333
789
492
93
-308
-779
-1363
-1292
-974
-806
-452
207
869
1262
1265
1154
1001
452
-139
-545
-885
-1097
-1222
-1375
-1441
-1642
-1959
-2072
-1991
-1874
-1779
-1587
-1382
-1124
-1020
-1007
-945
-1074
-1235
-1572
-2031
-2104
-2137
-1330
-191
461
1089
1219
1235
979
562
959
1669
1345
1386
2062
2674
2954
2410
1949
1397
377
-598
-1092
-1101
-823
-593
-234
621
1272
1653
1864
1907
1805
1524
1294
1456
1483
994
729
359
-68
-580
-1178
-1207
-961
-835
-508
107
707
1072
1116
1045
932
462
-102
-455
-761
-963
-1096
-1221
-1316
-1611
-1990
-2235
-2242
-2151
-2153
-1923
-1648
-1395
-1163
-1114
-964
-993
-1252
-1513
-1908
-2018
-1869
-1059
-29
737
1264
1336
1285
842
436
660
1152
948
1131
1879
2654
2973
2491
2135
1526
539
-386
-899
-940
-681
-460
-53
709
1174
1509
1588
1574
1519
1275
1172
1389
1468
1176
988
645
200
-365
-965
-1124
-979
-869
-607
-68
455
824
923
911
776
357
-130
-451
-686
-830
-864
-930
-1017
-1368
-1777
-2127
-2317
-2321
-2377
-2210
-1864
-1560
-1263
-1011
-885
-815
-1047
-1372
-1630
-1744
-1557
-696
115
893
1420
1298
1243
774
308
445
697
524
882
1617
2478
2887
2491
2225
1595
634
-212
-738
-814
-577
-349
97
795
1127
1436
1417
1309
1235
968
941
1165
1271
1175
1115
801
370
-191
-801
-990
-903
-839
-684
-241
201
560
690
645
512
120
-294
-565
-728
-756
-664
-661
-721
-1053
-1472
-1865
-2198
-2350
-2497
-2421
-2085
-1801
-1486
-1180
-1084
-900
-1021
-1321
-1429
-1519
-1142
-84
639
1423
1815
1539
1412
805
353
649
666
397
897
1611
2443
2752
2410
2180
1470
467
-285
-712
-766
-569
-362
193
895
1219
1501
1456
1300
1088
760
739
925
965
930
969
760
391
-146
-686
-820
-769
-773
-622
-222
147
452
549
461
318
-105
-527
-752
-878
-838
-672
-599
-627
-898
-1296
-1684
-2048
-2389
-2688
-2627
-2413
-2152
-1854
-1644
-1377
-1138
-1232
-1323
-1390
-1422
-601
416
1140
1883
1958
1762
1374
606
539
857
517
424
1026
1805
2528
2536
2363
2126
1229
293
-284
-582
-538
-476
-267
460
1044
1353
1579
1498
1311
988
672
731
804
745
804
848
758
420
-71
-409
-529
-575
-524
-350
0
292
472
567
425
136
-334
-767
-993
-1059
-996
-760
-599
-626
-822
-1166
-1504
-1876
-2341
-2725
-2747
-2653
-2454
-2252
-2048
-1643
-1412
-1438
-1439
-1422
-1182
-84
810
1476
2026
1985
1741
1038
457
668
717
156
304
1059
1898
2350
2256
2235
1871
927
190
-161
-316
-242
-263
51
771
1149
1402
1556
1443
1181
828
615
727
700
589
712
713
581
227
-102
-221
-288
-321
-205
16
278
449
556
601
381
-34
-497
-864
-1074
-1106
-1016
-794
-618
-617
-768
-1003
-1276
-1639
-2086
-2491
-2569
-2570
-2556
-2415
-2182
-1814
-1541
-1607
-1523
-1339
-911
402
1238
1884
2362
2201
1778
998
537
818
565
-145
243
1079
1904
2197
2079
2027
1539
592
-49
-297
-418
-339
-350
133
832
1195
1479
1591
1454
1115
760
602
697
530
366
436
390
167
-228
-425
-392
-352
-301
-130
154
375
464
534
535
278
-164
-585
-923
-1119
-1165
-1076
-907
-787
-787
-888
-982
-1156
-1473
-1869
-2165
-2273
-2391
-2504
-2412
-2208
-1934
-1684
-1733
-1466
-1275
-599
796
1564
2350
2661
2423
1985
1154
788
1120
558
-24
504
1243
2099
2231
2103
2035
1454
537
-58
-341
-433
-401
-408
236
856
1254
1535
1558
1436
1098
754
679
690
398
293
289
230
-39
-493
-599
-532
-502
-345
-101
204
444
454
524
505
150
-296
-727
-1108
-1308
-1406
-1336
-1176
-1152
-1157
-1183
-1180
-1240
-1512
-1810
-1986
-2140
-2304
-2436
-2398
-2274
-2084
-1928
-1897
-1594
-1338
-359
877
1626
2408
2560
2418
1946
1184
1108
1277
565
311
845
1555
2258
2206
2174
2084
1431
664
185
-37
-71
-111
-23
607
1016
1296
1501
1435
1320
1029
798
825
728
425
427
391
251
-65
-499
-508
-456
-459
-215
104
363
559
565
591
458
-22
-485
-882
-1185
-1352
-1435
-1361
-1280
-1373
-1427
-1395
-1365
-1417
-1650
-1814
-1878
-2033
-2221
-2370
-2410
-2403
-2299
-2280
-2207
-1960
-1552
-325
789
1613
2276
2366
2198
1578
1042
1192
1116
350
363
1011
1762
2180
2049
2111
1854
1086
389
89
-36
-37
-57
176
808
1124
1353
1538
1491
1338
1082
954
1028
872
538
552
487
245
-133
-529
-491
-414
-432
-134
283
462
629
696
688
539
11
-451
-721
-958
-1070
-1063
-1054
-1068
-1267
-1448
-1384
-1445
-1554
-1717
-1827
-1732
-1840
-2073
-2206
-2307
-2370
-2309
-2456
-2316
-2122
-1602
-123
961
1888
2480
2434
2078
1397
1001
1295
992
136
456
1172
1891
2091
1925
1961
1506
585
-31
-173
-274
-207
-224
222
901
1195
1414
1551
1529
1314
1050
961
1046
782
470
482
392
78
-372
-691
-654
-579
-564
-175
297
415
544
677
707
547
-6
-468
-678
-937
-1030
-950
-945
-970
-1227
-1474
-1443
-1589
-1737
-1846
-1863
-1706
-1758
-1943
-1941
-1983
-2058
-2052
-2227
-2094
-1986
-1261
191
1201
2054
2502
2439
1991
1317
1122
1442
893
251
719
1468
2080
2056
1914
1847
1262
352
-144
-239
-239
-209
-124
471
1049
1308
1413
1471
1438
1172
929
908
898
612
418
418
279
-133
-563
-740
-720
-633
-536
-97
322
359
457
599
577
288
-268
-717
-925
-1180
-1249
-1145
-1108
-1105
-1399
-1589
-1625
-1809
-1936
-2012
-1927
-1829
-1852
-1939
-1823
-1827
-1850
-1853
-1969
-1901
-1685
-638
580
1468
2114
2411
2354
1731
1185
1260
1371
729
508
1091
1869
2233
2026
1967
1711
1062
249
-123
-159
-125
-110
172
824
1251
1480
1505
1517
1391
1108
927
974
886
593
529
474
209
-255
-590
-626
-566
-534
-368
92
374
389
435
493
392
-13
-504
-841
-1052
-1222
-1248
-1230
-1214
-1296
-1583
-1633
-1753
-1947
-2070
-2159
-2058
-2048
-2092
-2107
-2024
-2031
-1954
-1990
-2019
-1914
-1258
4
991
1913
2397
2502
2167
1376
1178
1375
1027
527
781
1529
2219
2231
2061
2014
1445
714
42
-159
-145
-204
-79
473
1100
1465
1656
1632
1562
1285
983
930
975
790
585
586
447
27
-470
-692
-624
-601
-579
-294
158
370
370
390
357
125
-346
-734
-945
-1117
-1187
-1164
-1165
-1221
-1379
-1591
-1587
-1743
-1978
-2095
-2174
-2134
-2183
-2204
-2185
-2108
-2062
-2007
-2022
-2027
-1729
-620
557
1438
2358
2582
2462
1839
1118
1313
1313
652
529
1105
1917
2407
2213
2188
1993
1165
491
-11
-106
-120
-239
110
807
1288
1577
1682
1608
1470
1096
873
928
850
678
644
640
402
-128
-598
-702
-624
-641
-485
-115
257
421
395
389
230
-217
-735
-1089
-1252
-1347
-1347
-1245
-1186
-1274
-1414
-1550
-1603
-1743
-2017
-2055
-2073
-2152
-2198
-2217
-2190
-2037
-1957
-1982
-1914
-1983
-1445
-86
890
1781
2458
2403
2150
1419
963
1383
1078
425
680
1340
2133
2398
2168
2208
1807
899
396
43
-35
-37
-99
449
1081
1357
1549
1613
1505
1345
1019
953
1052
877
781
803
732
347
-205
-568
-587
-576
-559
-238
147
402
491
455
413
119
-487
-988
-1301
-1442
-1472
-1415
-1270
-1191
-1283
-1402
-1479
-1607
-1816
-2022
-2000
-1968
-2072
-2158
-2219
-2225
-2064
-1979
-2015
-1939
-1990
-1209
228
1134
2061
2487
2310
1890
1129
981
1384
809
249
728
1452
2144
2179
1970
1962
1389
476
108
-130
-186
-127
-73
626
1215
1423
1610
1659
1510
1345
1063
1126
1179
911
834
817
678
152
-401
-566
-512
-598
-448
-81
305
495
479
530
475
55
-527
-934
-1161
-1260
-1324
-1255
-1157
-1145
-1299
-1429
-1464
-1697
-1940
-2038
-2000
-1926
-2073
-2198
-2216
-2223
-2075
-2025
-2036
-1921
-1847
-744
623
1470
2390
2558
2329
1761
1038
1164
1378
557
276
914
1645
2174
1985
1860
1764
1014
190
-90
-284
-266
-232
-58
729
1195
1404
1593
1583
1480
1260
1016
1170
1053
804
788
712
528
-104
-578
-492
-495
-556
-277
25
442
525
466
651
490
-10
-485
-874
-1025
-1149
-1310
-1226
-1185
-1304
-1483
-1624
-1678
-1896
-2128
-2119
-2018
-2033
-2193
-2234
-2176
-2056
-1983
-1963
-1874
-1814
-1483
-158
933
1745
2422
2320
2165
1485
971
1310
1178
428
572
1240
1968
2272
1925
1914
1614
789
157
-109
-203
-151
-148
214
923
1208
1392
1524
1502
1437
1174
1031
1143
921
776
760
620
321
-274
-577
-431
-450
-395
-113
218
537
521
539
639
351
-186
-649
-986
-1098
-1279
-1362
-1267
-1342
-1541
-1713
-1828
-1906
-2104
-2292
-2116
-2046
-2152
-2213
-2166
-2005
-1847
-1898
-1855
-1743
-1770
-918
405
1293
2081
2293
2135
1908
1109
988
1293
698
356
835
1570
2266
2207
1889
1864
1275
460
-17
-280
-258
-280
-126
516
1101
1343
1505
1570
1537
1442
1170
1179
1125
836
777
724
517
114
-393
-545
-422
-451
-321
19
367
530
562
624
593
193
-393
-786
-1013
-1143
-1232
-1212
-1179
-1325
-1566
-1684
-1789
-2005
-2228
-2298
-2103
-2073
-2238
-2233
-2104
-1929
-1784
-1895
-1802
-1784
-1645
-290
877
1748
2419
2275
2124
1599
877
1176
1081
266
450
1112
1902
2373
2068
1954
1724
884
168
-197
-444
-416
-453
-14
752
1141
1383
1483
1481
1456
1309
1128
1247
962
737
772
609
369
-134
-563
-503
-470
-510
-208
121
424
569
610
696
543
9
-478
-781
-1014
-1111
-1165
-1138
-1083
-1258
-1433
-1504
-1713
-1990
-2175
-2225
-2079
-2160
-2330
-2227
-2076
-1836
-1667
-1783
-1643
-1698
-1240
236
1039
1923
2312
2062
1895
1197
858
1249
734
127
689
1326
2064
2236
2024
2051
1579
727
158
-131
-408
-405
-348
258
847
1063
1285
1379
1419
1353
1215
1109
1122
750
648
641
429
128
-395
-586
-478
-504
-444
-110
154
399
511
568
584
269
-246
-652
-944
-1190
-1276
-1317
-1240
-1204
-1311
-1367
-1469
-1670
-1863
-1990
-2047
-2039
-2181
-2208
-2115
-1931
-1617
-1527
-1599
-1470
-1453
-593
599
1180
2017
2096
1969
1663
1009
1051
1246
507
266
960
1579
2176
2113
2083
2010
1375
575
138
-128
-396
-386
-184
494
904
1093
1322
1507
1527
1405
1252
1145
1048
669
643
642
386
-11
-425
-496
-412
-423
-363
-35
151
325
499
521
428
7
-523
-886
-1153
-1367
-1387
-1395
-1352
-1358
-1439
-1452
-1601
-1808
-1948
-2047
-2130
-2186
-2260
-2256
-2159
-1918
-1663
-1754
-1724
-1611
-1238
-3
919
1658
2238
2186
2016
1490
991
1290
1070
275
507
1269
1976
2255
2077
2007
1755
933
290
-14
-297
-409
-362
123
806
1105
1255
1509
1573
1551
1420
1215
1242
960
699
831
681
332
-41
-443
-397
-330
-442
-184
79
203
498
596
560
384
-180
-606
-878
-1158
-1227
-1264
-1307
-1284
-1375
-1457
-1544
-1797
-2014
-2127
-2252
-2294
-2323
-2401
-2423
-2230
-1965
-1917
-1986
-1931
-1725
-798
410
1220
2004
2183
2103
1743
1079
1026
1221
539
189
746
1553
2179
2109
1982
1858
1357
610
202
-95
-252
-332
-183
457
874
1074
1231
1368
1388
1401
1194
1206
1176
808
868
858
603
322
-114
-344
-196
-339
-278
46
171
463
648
649
635
271
-229
-524
-867
-1030
-1077
-1193
-1167
-1190
-1298
-1367
-1569
-1806
-1964
-2171
-2258
-2285
-2320
-2414
-2334
-2087
-1878
-1850
-1887
-1767
-1241
-78
775
1561
2054
2014
1867
1244
857
1095
795
117
352
980
1774
2075
1910
1983
1731
1104
576
265
-18
-117
-255
76
588
754
988
1118
1206
1284
1170
1099
1178
908
813
917
727
536
107
-231
-168
-268
-382
-203
-21
246
487
524
592
381
-91
-439
-776
-1007
-1050
-1181
-1200
-1156
-1240
-1287
-1433
-1659
-1815
-2065
-2324
-2363
-2471
-2519
-2467
-2317
-2001
-1871
-1935
-1793
-1493
-416
672
1325
2161
2134
2035
1606
934
1050
976
46
36
641
1270
1951
1807
1941
1988
1402
818
552
263
153
34
89
734
914
1055
1192
1283
1403
1281
1153
1224
1130
937
1074
959
786
340
-132
-105
-170
-353
-330
-172
80
334
396
481
341
-142
-584
-892
-1133
-1156
-1226
-1271
-1159
-1241
-1283
-1370
-1576
-1755
-2006
-2356
-2471
-2649
-2747
-2654
-2566
-2228
-2094
-2142
-1941
-1753
-630
645
1338
2270
2278
2229
1909
1158
1117
1168
114
-119
421
995
1784
1654
1750
1819
1390
776
565
361
258
178
127
759
965
1041
1031
1157
1259
1159
1029
1068
1104
919
1056
1043
986
538
75
20
26
-86
-162
-37
155
347
399
496
380
-38
-545
-905
-1140
-1226
-1238
-1294
-1145
-1172
-1207
-1188
-1351
-1516
-1720
-2054
-2262
-2447
-2664
-2584
-2512
-2270
-2055
-2069
-1827
-1656
-584
656
1411
2188
2266
2322
2000
1332
1192
1331
381
19
374
951
1650
1530
1584
1544
1265
696
490
333
245
110
37
482
665
711
572
704
768
735
620
629
698
581
722
863
904
497
137
-4
25
8
-109
15
175
264
334
428
345
13
-514
-910
-1132
-1297
-1288
-1316
-1171
-1113
-1134
-1027
-1121
-1262
-1443
-1730
-1947
-2113
-2349
-2294
-2225
-2119
-1900
-1934
-1662
-1504
-528
743
1471
2243
2371
2475
2198
1488
1283
1535
613
139
428
925
1665
1502
1552
1562
1245
680
471
318
264
139
12
487
655
645
530
594
616
585
452
471
562
380
590
834
859
494
89
-103
-111
-165
-264
-64
95
185
268
393
384
46
-508
-945
-1254
-1444
-1415
-1413
-1229
-1143
-1102
-1010
-1096
-1229
-1416
-1778
-1975
-2163
-2334
-2230
-2248
-2124
-2014
-2076
-1824
-1708
-858
609
1374
2308
2559
2580
2450
1643
1385
1676
772
83
388
793
1621
1492
1516
1682
1266
700
418
322
259
186
-4
602
858
809
783
719
745
679
520
541
645
340
612
838
835
647
137
-55
-51
-180
-209
12
120
269
337
446
540
192
-347
-762
-1183
-1391
-1340
-1403
-1249
-1190
-1150
-1046
-1146
-1275
-1443
-1805
-2034
-2218
-2393
-2288
-2394
-2225
-2143
-2220
-1942
-1886
-1057
322
1173
2173
2492
2477
2395
1680
1426
1716
835
193
403
760
1510
1396
1426
1595
1182
669
416
278
291
157
24
610
877
904
870
783
750
719
526
529
545
246
509
688
691
676
263
54
126
-30
-5
171
223
354
411
431
536
249
-233
-579
-1025
-1246
-1237
-1322
-1308
-1273
-1277
-1190
-1254
-1369
-1466
-1761
-1978
-2148
-2305
-2282
-2390
-2235
-2099
-2130
-1904
-1823
-1095
109
975
1947
2309
2302
2230
1679
1415
1672
993
376
516
823
1435
1427
1392
1474
1134
623
339
198
198
113
43
494
820
906
890
834
780
728
540
508
493
279
451
630
607
638
290
107
197
47
97
254
349
460
496
434
511
229
-212
-540
-996
-1209
-1228
-1274
-1284
-1245
-1294
-1197
-1287
-1409
-1405
-1695
-1890
-2059
-2269
-2288
-2355
-2320
-2095
-2144
-1968
-1798
-1261
76
1019
1948
2383
2376
2275
1779
1366
1692
1230
377
575
848
1436
1568
1423
1443
1222
594
239
197
105
183
13
398
784
877
872
808
804
697
584
486
544
298
369
518
461
440
113
-11
35
-24
31
278
439
548
551
481
462
162
-279
-649
-1047
-1246
-1233
-1260
-1198
-1185
-1210
-1135
-1260
-1359
-1362
-1623
-1825
-1995
-2258
-2295
-2394
-2379
-2173
-2295
-2019
-1886
-1273
176
1114
2055
2448
2428
2283
1714
1317
1756
1177
393
681
919
1529
1576
1425
1476
1245
564
282
232
163
242
41
460
768
838
780
733
756
669
601
513
615
345
341
441
359
270
39
-46
-2
7
29
337
539
594
622
549
411
114
-361
-717
-990
-1199
-1249
-1275
-1250
-1265
-1273
-1254
-1311
-1360
-1431
-1631
-1793
-1997
-2204
-2282
-2402
-2274
-2207
-2258
-1905
-1831
-930
381
1199
2071
2280
2268
2087
1455
1315
1706
940
523
816
1114
1610
1465
1398
1469
1103
448
280
182
197
151
145
611
808
775
709
712
707
660
499
555
599
394
443
505
403
288
56
77
175
89
175
377
575
645
654
572
417
9
-444
-747
-1003
-1099
-1275
-1299
-1275
-1324
-1299
-1331
-1393
-1366
-1532
-1725
-1844
-2114
-2249
-2399
-2496
-2277
-2332
-2249
-1942
-1703
-366
724
1593
2311
2325
2363
1982
1370
1560
1583
625
678
929
1370
1626
1295
1400
1381
849
349
313
167
244
93
355
871
915
796
701
659
666
585
383
558
384
300
445
350
276
72
-227
-23
15
-20
222
317
556
657
580
518
237
-356
-726
-1097
-1245
-1218
-1413
-1310
-1236
-1234
-1154
-1290
-1354
-1362
-1680
-1854
-1989
-2276
-2407
-2572
-2577
-2325
-2482
-2249
-2001
-1258
237
1184
2242
2663
2722
2606
2062
1671
1962
1327
634
998
1206
1750
1612
1403
1482
1274
626
414
329
227
264
141
681
1024
1022
836
757
636
652
484
402
524
216
333
363
235
127
-196
-421
-197
-227
-122
196
296
571
630
549
452
-1
-657
-1028
-1384
-1426
-1352
-1461
-1294
-1193
-1187
-1141
-1262
-1340
-1476
-1795
-2027
-2105
-2342
-2452
-2504
-2429
-2344
-2444
-2147
-1884
-619
522
1533
2470
2634
2819
2526
1985
1866
1928
918
834
1072
1473
1870
1505
1451
1359
953
347
268
53
201
43
212
778
982
1033
822
756
643
634
348
459
387
290
472
406
370
189
-171
-280
-156
-202
37
242
422
650
665
606
445
-91
-671
-1099
-1396
-1352
-1360
-1328
-1179
-1127
-1103
-1141
-1216
-1293
-1522
-1806
-2028
-2189
-2291
-2322
-2308
-2179
-2371
-2279
-2173
-1683
-255
668
1716
2332
2477
2694
2326
1737
1936
1535
647
757
974
1626
1721
1350
1364
1201
594
138
-90
-124
6
-199
257
759
917
923
806
800
805
571
263
372
205
248
420
372
347
75
-227
-165
-78
-131
124
299
539
742
730
690
439
-145
-697
-1124
-1352
-1379
-1472
-1315
-1181
-1009
-971
-1049
-1003
-1168
-1455
-1700
-2036
-2199
-2216
-2377
-2139
-2129
-2336
-2160
-2179
-1140
300
1143
2110
2482
2628
2711
2145
1906
2158
1205
620
916
1328
1875
1672
1460
1513
1145
414
101
-130
-88
-160
-130
524
833
848
876
877
887
784
289
176
123
-94
132
227
122
14
-372
-443
-247
-427
-360
-96
104
451
610
622
602
101
-483
-942
-1375
-1527
-1676
-1695
-1428
-1189
-998
-950
-986
-935
-1193
-1466
-1804
-2062
-2186
-2335
-2279
-2089
-2111
-2182
-2108
-1661
-133
853
1791
2398
2522
2691
2311
2074
2272
1922
860
1016
1325
1847
1931
1629
1676
1437
861
291
166
-61
-35
-183
282
763
766
785
792
842
749
468
177
214
-20
73
280
205
85
-237
-437
-321
-410
-542
-329
-138
155
401
541
615
335
-232
-680
-1110
-1392
-1538
-1682
-1493
-1272
-1112
-993
-1027
-1001
-1054
-1347
-1658
-1835
-2064
-2209
-2177
-2087
-1969
-2047
-2043
-1797
-634
461
1369
2122
2252
2470
2162
1893
2113
2092
1149
947
1294
1707
1935
1639
1688
1462
1021
404
192
18
-69
-204
29
564
639
652
505
596
535
400
281
296
190
150
372
351
237
-90
-284
-307
-410
-460
-371
-138
74
223
438
595
463
8
-493
-899
-1193
-1360
-1462
-1367
-1145
-1054
-984
-990
-1038
-1024
-1228
-1589
-1750
-1949
-2160
-2128
-2162
-2020
-2113
-2138
-2021
-1291
28
953
1899
2308
2484
2362
2001
1880
2156
1549
820
1166
1519
1941
1812
1779
1704
1398
732
290
165
-14
-72
-90
480
710
792
582
538
533
344
378
315
387
242
362
465
320
-15
-235
-372
-585
-559
-583
-294
2
82
299
506
425
143
-449
-944
-1223
-1525
-1530
-1505
-1285
-1064
-1017
-979
-1024
-1088
-1200
-1494
-1833
-1922
-2222
-2229
-2246
-2288
-2198
-2313
-2175
-1909
-562
574
1582
2382
2559
2698
2353
2003
2055
2065
1022
1041
1401
1824
2105
1830
1903
1651
1134
386
219
-15
-16
-82
272
797
881
858
568
607
338
312
264
310
338
326
512
498
204
-136
-251
-594
-642
-625
-502
-69
143
229
520
502
235
-161
-811
-1129
-1442
-1581
-1492
-1354
-1090
-969
-955
-1003
-1128
-1270
-1476
-1793
-1950
-2160
-2333
-2228
-2303
-2255
-2247
-2163
-1983
-1192
196
1147
2166
2506
2659
2648
2165
1973
2170
1527
935
1351
1628
2146
1968
1773
1708
1230
527
96
-73
-177
-109
-66
584
844
905
712
509
452
241
167
153
227
195
375
475
413
130
-123
-304
-514
-504
-453
-174
235
368
499
658
420
92
-438
-951
-1215
-1492
-1523
-1421
-1174
-959
-835
-857
-952
-1107
-1329
-1572
-1867
-2052
-2391
-2347
-2386
-2378
-2321
-2255
-2064
-1695
-308
806
1857
2421
2605
2759
2403
1945
2105
1920
949
1072
1373
1948
1986
1685
1623
1381
784
119
-72
-276
-154
-290
246
740
887
807
526
558
348
171
31
162
38
176
364
400
342
-26
-195
-307
-386
-466
-281
80
446
531
633
622
286
-238
-853
-1243
-1612
-1798
-1858
-1600
-1232
-960
-793
-770
-813
-960
-1216
-1578
-1865
-2310
-2391
-2475
-2461
-2371
-2410
-2214
-2079
-791
618
1672
2500
2794
2989
2824
2310
2296
2430
1340
993
1282
1831
2060
1768
1703
1606
1223
403
70
-222
-174
-335
-29
614
841
854
563
591
413
197
-93
42
-27
-6
277
300
345
26
-251
-276
-338
-570
-459
-222
234
480
468
608
414
-113
-723
-1241
-1706
-1985
-2204
-2046
-1577
-1262
-993
-874
-855
-844
-1058
-1350
-1688
-2159
-2359
-2427
-2391
-2272
-2426
-2307
-2216
-1311
267
1307
2333
2751
2925
2959
2609
2489
2679
1857
1129
1366
1789
2152
1926
1810
1736
1492
797
298
8
-123
-197
-103
521
842
934
694
617
500
261
-74
-110
-53
-92
197
264
288
114
-217
-245
-266
-523
-487
-359
4
401
432
597
552
124
-422
-969
-1455
-1794
-2070
-2091
-1689
-1356
-1087
-955
-955
-927
-1054
-1230
-1592
-2010
-2320
-2436
-2443
-2297
-2487
-2469
-2366
-1892
-338
743
1895
2463
2610
2769
2507
2319
2496
1983
1093
1216
1512
2070
1935
1685
1657
1428
938
402
120
-68
-80
-190
412
840
1006
858
674
684
462
84
-179
-84
-173
75
221
270
252
-72
-162
-130
-324
-385
-281
-79
417
557
715
804
461
-48
-588
-1064
-1471
-1742
-1962
-1692
-1314
-1076
-846
-838
-807
-803
-898
-1214
-1623
-2109
-2359
-2548
-2541
-2564
-2712
-2566
-2462
-1136
345
1502
2398
2612
2844
2656
2210
2287
2265
1274
977
1255
1843
2119
1643
1566
1475
1084
481
99
-94
-64
-242
47
738
949
907
650
681
648
303
-134
-190
-205
-169
82
134
226
-11
-265
-213
-287
-405
-388
-236
166
500
590
738
586
84
-458
-959
-1410
-1764
-2027
-2030
-1610
-1310
-1070
-902
-839
-744
-689
-849
-1245
-1682
-2146
-2416
-2543
-2509
-2695
-2612
-2640
-1917
-60
1095
2256
2772
2874
2984
2480
2205
2612
1966
1010
1311
1678
2293
2038
1548
1630
1376
693
204
-3
-95
-53
-186
507
989
903
712
594
671
529
106
-210
-94
-194
-12
160
188
111
-247
-324
-247
-319
-449
-346
-93
266
438
499
517
217
-336
-836
-1248
-1689
-1977
-2129
-1960
-1576
-1335
-1267
-1129
-1099
-1041
-938
-1273
-1552
-1898
-2310
-2385
-2321
-2599
-2537
-2544
-2382
-594
685
1775
2730
2720
2908
2732
2189
2600
2484
1196
1253
1635
2150
2327
1706
1649
1598
868
264
94
-166
-22
-207
218
977
973
795
640
608
559
288
-202
-44
-98
-58
289
317
270
-13
-280
-162
-74
-350
-229
2
322
604
614
634
521
0
-576
-932
-1408
-1712
-1890
-1835
-1535
-1266
-1248
-1210
-1159
-1249
-1119
-1288
-1559
-1749
-2147
-2310
-2255
-2557
-2756
-2695
-2728
-1305
299
1338
2532
2785
2900
2852
2344
2449
2582
1305
866
1380
1899
2221
1686
1603
1590
984
228
-45
-313
-277
-401
-128
840
931
796
609
519
445
160
-400
-332
-256
-370
72
197
163
-57
-415
-356
-154
-456
-404
-56
338
753
778
766
694
189
-475
-882
-1363
-1713
-1921
-1847
-1499
-1221
-1108
-1069
-988
-1012
-953
-973
-1213
-1410
-1754
-2027
-2082
-2272
-2654
-2779
-2795
-1847
-13
1173
2482
3139
3303
3276
2835
2680
2882
1910
891
1367
1929
2421
1958
1700
1723
1230
434
-81
-308
-434
-408
-380
702
1062
904
724
522
477
179
-375
-608
-360
-557
-202
90
65
-73
-441
-539
-376
-558
-745
-399
-19
487
652
659
606
185
-488
-1005
-1442
-1902
-2133
-2152
-1781
-1446
-1281
-1243
-1179
-1129
-1147
-1040
-1198
-1386
-1635
-1941
-2063
-2071
-2401
-2677
-2691
-2329
-666
700
1889
3021
3308
3352
3105
2740
2943
2550
1256
1315
1936
2393
2374
1949
1903
1639
851
177
-101
-357
-313
-359
363
1179
1120
966
787
680
485
7
-471
-340
-370
-287
174
294
229
-7
-217
-202
-276
-578
-516
-183
203
493
602
620
359
-187
-814
-1248
-1715
-2081
-2193
-2002
-1644
-1400
-1349
-1348
-1211
-1321
-1329
-1315
-1574
-1781
-2058
-2297
-2191
-2251
-2657
-2553
-2571
-1703
6
1007
2321
3025
3036
3085
2721
2588
2838
1847
1027
1602
1945
2297
2035
1684
1667
1106
312
-74
-335
-455
-370
-228
724
1188
1052
921
732
617
353
-242
-505
-366
-470
-84
276
326
247
6
-105
-88
-221
-354
-181
136
532
792
951
834
409
-206
-794
-1262
-1729
-2034
-2071
-1804
-1434
-1169
-1116
-1005
-938
-1126
-1140
-1263
-1589
-1930
-2354
-2417
-2236
-2489
-2661
-2569
-2477
-1031
496
1646
2937
3114
3201
3118
2670
2900
2838
1518
1212
1794
2190
2437
1801
1544
1375
625
-52
-356
-588
-579
-530
-58
976
1202
1059
838
672
544
100
-533
-649
-657
-675
-177
-8
9
-187
-456
-397
-347
-466
-414
-186
175
651
860
1024
772
139
-458
-978
-1445
-1847
-2119
-2058
-1652
-1268
-990
-916
-801
-812
-1018
-1034
-1226
-1598
-2096
-2524
-2454
-2339
-2652
-2727
-2702
-2334
-602
758
2097
3161
3118
3331
3051
2621
2982
2617
1315
1375
1903
2432
2507
1748
1629
1346
578
-65
-359
-545
-492
-423
292
1245
1349
1180
951
893
696
132
-427
-500
-566
-510
-131
-61
-90
-372
-562
-424
-416
-516
-456
-204
193
589
758
878
575
-81
-599
-1049
-1430
-1784
-2001
-1854
-1475
-1168
-990
-941
-861
-885
-1097
-1106
-1288
-1681
-2138
-2473
-2457
-2379
-2677
-2753
-2614
-2267
-552
766
2018
2977
2947
3187
2830
2319
2695
2373
1084
1246
1726
2306
2414
1659
1670
1440
632
-57
-342
-541
-473
-464
222
1212
1274
1088
957
982
898
371
-218
-217
-249
-241
73
109
65
-207
-422
-286
-272
-459
-417
-166
257
642
749
845
534
-102
-609
-1035
-1434
-1799
-2019
-1871
-1508
-1219
-1073
-1039
-950
-1014
-1216
-1206
-1392
-1815
-2238
-2597
-2561
-2455
-2828
-2800
-2720
-2225
-272
979
2262
3193
3096
3281
2793
2345
2838
2153
831
1253
1759
2375
2335
1620
1778
1418
503
-95
-346
-545
-506
-502
353
1290
1175
1063
1001
1043
990
387
-175
-95
-186
-120
280
272
174
-150
-367
-201
-263
-516
-421
-121
364
735
825
853
383
-319
-835
-1295
-1746
-2157
-2336
-2047
-1596
-1250
-1100
-1028
-950
-1129
-1321
-1337
-1659
-2147
-2594
-2872
-2660
-2686
-3022
-2919
-2916
-1780
278
1396
2782
3390
3283
3336
2653
2563
2891
1627
732
1451
1992
2536
2163
1714
1909
1256
376
-106
-352
-475
-500
-263
776
1343
1149
1136
1093
1123
849
155
-165
-70
-155
90
481
432
262
-93
-175
-57
-266
-483
-362
29
498
776
877
766
195
-455
-936
-1364
-1816
-2225
-2244
-1859
-1434
-1174
-1080
-998
-997
-1264
-1407
-1546
-1959
-2384
-2816
-2842
-2646
-2792
-2941
-2884
-2671
-1045
660
1715
2929
3136
3223
3008
2348
2506
2485
1123
754
1485
2049
2400
1825
1698
1728
1036
260
-129
-316
-415
-501
-48
858
1075
972
926
992
916
457
-66
-169
-120
-116
191
471
420
157
-87
-45
-43
-288
-435
-264
173
579
774
889
690
195
-364
-816
-1154
-1647
-1954
-1877
-1479
-1131
-968
-880
-834
-911
-1236
-1327
-1538
-1949
-2340
-2721
-2674
-2561
-2735
-2847
-2723
-2504
-799
808
1871
3108
3235
3422
3121
2400
2500
2495
1021
646
1279
1797
2197
1519
1458
1465
823
-11
-353
-493
-519
-622
-209
808
1014
943
792
933
889
387
-170
-246
-144
-167
132
352
356
78
-189
-163
-143
-396
-561
-359
89
565
749
865
691
273
-325
-839
-1179
-1676
-1943
-1867
-1361
-968
-754
-663
-636
-751
-1174
-1350
-1496
-1912
-2359
-2683
-2790
-2599
-2726
-2933
-2715
-2688
-1259
673
1792
3212
3696
3818
3639
2770
2624
2837
1308
429
1026
1566
2152
1605
1409
1575
1020
66
-384
-557
-640
-705
-500
659
1124
1025
894
1009
1114
727
24
-205
-37
-182
80
355
371
193
-163
-201
-110
-361
-583
-412
-33
476
702
802
749
342
-289
-809
-1191
-1608
-1916
-1927
-1367
-926
-708
-594
-620
-757
-1199
-1615
-1650
-2003
-2525
-2745
-2996
-2805
-2722
-3018
-2762
-2698
-1894
210
1421
2713
3615
3640
3590
2853
2321
2665
1599
239
730
1292
1971
1846
1449
1685
1430
490
-73
-256
-513
-488
-538
379
1070
974
896
968
1144
973
339
-64
158
-4
124
411
396
333
1
-129
1
-144
-386
-260
22
475
762
809
850
539
-54
-537
-936
-1343
-1684
-1800
-1374
-886
-683
-577
-601
-730
-1131
-1700
-1740
-1940
-2432
-2681
-2920
-2822
-2593
-2892
-2763
-2579
-2402
-561
887
2061
3172
3257
3314
2899
2053
2236
1885
297
298
887
1652
1991
1512
1552
1575
868
68
-199
-542
-547
-672
-100
794
921
932
896
1080
1057
590
40
81
44
99
406
412
401
97
-119
-123
-163
-383
-386
-161
234
682
837
972
766
300
-186
-547
-955
-1356
-1512
-1285
-772
-533
-421
-415
-558
-924
-1545
-1800
-1839
-2133
-2471
-2683
-2728
-2517
-2586
-2797
-2570
-2660
-1527
399
1659
2980
3416
3456
3285
2364
1977
2154
849
-149
347
1261
2112
1839
1612
1733
1319
354
-278
-658
-861
-1023
-853
267
858
958
976
1085
1261
943
233
-33
-1
-121
187
333
345
159
-247
-354
-336
-510
-652
-476
-173
373
695
912
942
539
75
-272
-587
-932
-1164
-1170
-726
-417
-360
-335
-499
-844
-1401
-1955
-1959
-2011
-2303
-2547
-2671
-2578
-2432
-2600
-2664
-2467
-2268
-417
1207
2396
3403
3447
3448
2701
1859
1915
1601
8
-143
765
1902
2247
1746
1910
1789
1027
31
-436
-849
-1026
-1261
-548
601
829
911
986
1314
1348
754
109
116
8
-23
244
263
253
-148
-471
-375
-378
-578
-533
-257
216
673
869
1054
856
409
36
-295
-605
-878
-1132
-962
-584
-519
-507
-692
-953
-1347
-1929
-2186
-1999
-2184
-2375
-2468
-2461
-2234
-2264
-2455
-2260
-2225
-1567
446
1494
2615
3167
3095
2978
1969
1507
1823
920
-331
317
1259
2191
2049
1691
1999
1591
598
-157
-577
-989
-1164
-1233
-106
748
752
882
1113
1461
1310
573
145
234
8
36
241
225
105
-352
-436
-166
-291
-464
-343
48
527
824
976
1087
831
408
87
-224
-461
-863
-1074
-811
-617
-619
-735
-1008
-1254
-1737
-2249
-2109
-2057
-2313
-2351
-2375
-2169
-1998
-2276
-2242
-2038
-2191
-801
911
1805
2906
2994
3034
2678
1529
1494
1600
138
-327
598
1544
2280
1817
1708
1921
1180
157
-463
-1003
-1261
-1479
-1063
290
798
859
1075
1389
1660
1236
413
226
224
-9
120
235
182
-73
-519
-360
-143
-388
-501
-321
144
601
833
1013
1148
826
446
223
-14
-280
-788
-920
-650
-605
-708
-869
-1158
-1483
-2025
-2323
-2023
-2154
-2343
-2349
-2293
-2034
-2025
-2329
-2169
-2183
-2020
-103
1194
2232
3068
2974
2995
2257
1283
1486
1030
-440
-149
832
1885
2247
1760
1853
1755
802
-146
-782
-1310
-1468
-1564
-601
505
794
988
1254
1645
1712
1053
406
307
139
73
216
237
91
-293
-531
-260
-237
-415
-398
-132
361
735
1002
1242
1226
862
566
318
30
-424
-934
-942
-769
-813
-926
-1108
-1334
-1647
-2110
-2195
-1987
-2164
-2272
-2235
-2045
-1842
-1837
-2078
-1951
-2031
-1484
307
1178
2190
2696
2635
2483
1724
1098
1349
590
-448
291
1160
2108
2190
1876
1923
1626
632
-210
-872
-1357
-1406
-1306
-274
464
717
959
1311
1628
1561
893
345
256
70
104
223
117
-70
-337
-431
-167
-195
-305
-250
42
439
841
1115
1264
1179
811
552
253
-176
-700
-1105
-1131
-979
-1060
-1201
-1340
-1525
-1846
-2171
-2142
-2028
-2177
-2273
-2074
-1828
-1594
-1549
-1821
-1652
-1755
-932
553
1201
2157
2393
2321
2080
1383
1067
1334
318
-147
754
1509
2393
2193
1994
1961
1444
429
-368
-1075
-1386
-1380
-1095
31
599
877
1170
1521
1763
1533
694
292
253
20
198
262
89
-77
-370
-318
-87
-271
-455
-368
-7
483
936
1190
1367
1155
811
600
170
-337
-938
-1322
-1217
-1128
-1306
-1385
-1578
-1803
-2104
-2365
-2109
-2128
-2322
-2270
-1990
-1757
-1492
-1692
-1872
-1646
-1793
-379
829
1543
2404
2334
2263
1831
1086
1095
1114
-160
90
1028
1933
2554
2117
2111
1908
1122
34
-651
-1267
-1374
-1358
-693
468
864
1152
1442
1786
1846
1308
457
311
213
99
350
294
121
-134
-350
-181
-164
-472
-591
-349
176
748
1154
1427
1476
1126
807
438
-86
-665
-1273
-1395
-1177
-1213
-1328
-1410
-1596
-1775
-2181
-2283
-1987
-2210
-2281
-2142
-1928
-1614
-1532
-1822
-1724
-1720
-1370
280
1050
1919
2393
2175
2039
1320
834
1106
485
-473
364
1279
2168
2274
1966
2057
1609
603
-257
-727
-1177
-1235
-1137
-165
688
890
1149
1472
1718
1506
767
246
279
83
117
295
276
155
-74
-106
60
-134
-416
-374
-18
508
918
1200
1377
1248
853
485
32
-464
-1052
-1408
-1266
-1112
-1150
-1202
-1310
-1406
-1714
-2159
-2030
-2009
-2245
-2195
-2084
-1817
-1516
-1643
-1665
-1548
-1514
-250
897
1572
2337
2327
2137
1642
904
1027
879
-368
-202
823
1751
2121
1891
1890
1810
938
-18
-397
-903
-1103
-1189
-501
498
820
855
1166
1510
1461
893
209
169
50
-42
179
381
344
138
-6
164
132
-264
-369
-153
284
710
986
1170
1170
823
456
93
-404
-958
-1430
-1403
-1129
-1092
-1105
-1150
-1285
-1528
-2050
-2205
-2011
-2289
-2380
-2233
-2061
-1690
-1683
-1841
-1599
-1708
-809
788
1456
2401
2695
2501
2160
1367
1155
1338
39
-470
565
1463
2106
1865
1763
1792
1211
128
-276
-748
-1075
-1086
-611
586
1030
977
1065
1462
1469
1051
246
-15
-19
-132
159
487
529
291
74
102
227
-163
-417
-281
97
577
925
1106
1130
827
411
115
-335
-856
-1357
-1473
-1137
-986
-1014
-1010
-1148
-1419
-1880
-2295
-2063
-2188
-2446
-2323
-2209
-1851
-1693
-1949
-1767
-1731
-1504
251
1172
2060
2751
2617
2455
1831
1252
1532
793
-452
223
1045
1857
1855
1557
1589
1325
400
-192
-518
-985
-988
-842
236
923
911
859
1124
1266
1045
349
-163
-81
-185
49
437
609
487
256
129
297
102
-237
-197
55
523
868
1054
1091
875
448
125
-269
-718
-1137
-1420
-1168
-918
-894
-881
-977
-1221
-1547
-2000
-2019
-1929
-2210
-2168
-2143
-1913
-1629
-1806
-1814
-1599
-1690
-459
870
1554
2542
2581
2573
2189
1384
1434
1411
81
-65
674
1470
1927
1451
1459
1372
723
-47
-373
-802
-898
-1000
-418
590
685
669
743
921
966
502
-222
-197
-173
-118
281
483
556
387
104
215
268
-62
-152
-47
355
788
1005
1123
1035
655
273
-119
-577
-950
-1306
-1304
-973
-833
-804
-871
-1052
-1320
-1711
-2012
-1908
-2020
-2138
-2065
-1999
-1683
-1685
-1912
-1776
-1780
-1227
399
1250
2244
2814
2818
2734
1843
1383
1690
783
-267
228
985
1890
1648
1336
1487
1086
206
-375
-756
-999
-1099
-1022
163
799
799
838
957
1133
937
113
-241
-116
-172
147
485
618
543
185
46
253
29
-270
-295
-12
506
882
1095
1154
904
437
56
-360
-781
-1151
-1358
-1120
-816
-774
-844
-942
-1203
-1574
-2017
-2075
-1920
-2161
-2183
-2077
-1877
-1698
-1953
-2133
-1977
-1923
-594
929
1774
2796
3000
2992
2477
1569
1556
1417
-63
-295
500
1386
1865
1349
1345
1333
664
-218
-603
-995
-1087
-1213
-504
661
895
881
938
1170
1188
648
-78
-30
-23
82
482
703
698
443
111
182
247
-166
-337
-186
282
770
1039
1142
1070
675
221
-87
-536
-915
-1253
-1241
-873
-747
-789
-862
-1030
-1329
-1671
-2009
-1807
-1925
-2152
-2069
-1944
-1707
-1725
-2072
-1982
-1925
-1472
267
1227
2232
2813
2771
2624
1902
1317
1571
691
-414
185
880
1729
1602
1265
1331
1118
201
-337
-719
-999
-1053
-985
40
631
663
589
813
988
902
186
-78
121
84
330
575
644
539
227
37
270
39
-274
-288
58
603
956
1031
1056
866
415
84
-307
-699
-1074
-1322
-1068
-804
-787
-800
-962
-1155
-1405
-1791
-1815
-1738
-2008
-2007
-1936
-1728
-1524
-1761
-1908
-1734
-1853
-634
773
1536
2541
2670
2680
2354
1460
1362
1448
7
-215
524
1304
1874
1413
1336
1426
811
-114
-454
-959
-1050
-1179
-671
368
629
563
649
1000
1116
748
21
104
172
176
465
628
654
400
28
104
204
-209
-419
-293
256
765
978
1046
1067
750
322
5
-410
-797
-1247
-1275
-927
-763
-748
-847
-1041
-1302
-1715
-1985
-1847
-2040
-2177
-2164
-1973
-1698
-1728
-1967
-1974
-2010
-1663
89
1089
2077
2674
2788
2786
1966
1218
1474
802
-563
-51
714
1702
1681
1347
1552
1394
472
-254
-651
-1099
-1113
-1139
-95
656
737
735
1066
1400
1291
629
144
323
214
381
645
753
621
215
-4
228
67
-363
-391
-37
528
915
1081
1205
1129
677
324
-48
-496
-955
-1338
-1151
-806
-767
-790
-917
-1143
-1471
-1953
-2054
-2036
-2345
-2411
-2315
-2029
-1870
-1983
-2150
-2043
-2030
-936
645
1438
2325
2500
2697
2304
1333
1103
1191
-126
-567
231
1067
1762
1374
1454
1591
1094
214
-236
-766
-917
-1042
-685
347
586
634
821
1241
1455
1160
452
422
435
358
597
697
680
420
23
109
295
-89
-273
-125
332
768
1004
1146
1232
948
534
200
-244
-635
-1166
-1327
-993
-812
-846
-886
-1030
-1209
-1592
-2027
-1967
-2201
-2471
-2465
-2253
-1991
-1935
-2126
-2040
-1891
-1595
10
1051
1912
2376
2401
2465
1738
998
1219
638
-532
-83
577
1521
1640
1333
1512
1418
643
13
-469
-852
-838
-955
-167
470
541
646
963
1335
1429
802
402
556
458
594
725
704
585
191
-11
245
115
-211
-267
-12
494
860
1014
1122
1025
669
345
-24
-390
-854
-1302
-1154
-862
-819
-887
-992
-1147
-1386
-1848
-1999
-1999
-2404
-2557
-2447
-2135
-2033
-2122
-2255
-1940
-1946
-822
788
1587
2460
2547
2652
2269
1354
1066
1239
-137
-497
271
1097
1814
1442
1378
1479
1071
29
-370
-897
-946
-1011
-653
334
690
751
856
1304
1503
1228
433
452
521
560
747
761
723
419
72
118
291
-58
-272
-257
179
729
978
1033
1065
814
449
150
-214
-585
-1104
-1253
-929
-775
-831
-945
-1109
-1311
-1703
-2052
-1988
-2222
-2554
-2557
-2370
-2140
-2111
-2335
-2136
-1995
-1504
302
1275
2167
2674
2645
2493
1675
959
1236
457
-733
-102
661
1599
1561
1289
1441
1348
364
-282
-617
-962
-966
-1004
-72
583
734
722
1076
1398
1378
693
381
584
513
665
743
777
627
295
142
423
271
-24
-103
112
637
966
1010
1090
984
623
305
-90
-474
-937
-1339
-1144
-876
-857
-876
-1039
-1186
-1443
-1907
-2009
-2034
-2400
-2473
-2466
-2242
-1971
-2123
-2093
-1759
-1599
-146
1124
1784
2601
2534
2425
1863
1007
1059
925
-475
-350
415
1240
1634
1223
1382
1444
795
-11
-239
-749
-839
-1079
-502
374
538
542
721
1071
1156
776
227
439
349
402
609
656
605
358
76
280
338
-16
-69
58
477
881
969
1049
1044
703
380
1
-466
-872
-1358
-1349
-915
-838
-778
-892
-1076
-1228
-1663
-1979
-1933
-2288
-2458
-2456
-2322
-1929
-1976
-2086
-1721
-1598
-571
1027
1716
2651
2685
2569
2283
1386
1103
1244
-111
-566
154
842
1636
1232
1229
1455
1056
232
-37
-627
-734
-864
-642
451
710
680
746
1002
1152
957
139
196
200
116
489
580
580
391
-9
24
234
-165
-285
-164
214
764
944
1033
1097
807
402
56
-424
-822
-1235
-1376
-865
-663
-649
-753
-930
-1096
-1501
-1960
-1968
-2241
-2581
-2561
-2472
-2095
-2072
-2252
-1979
-1766
-1131
622
1569
2520
2817
2676
2608
1769
1197
1336
326
-711
-128
497
1444
1337
1104
1376
1189
454
9
-399
-686
-630
-668
351
875
823
818
981
1197
1119
352
84
236
-4
334
563
619
500
95
-40
227
0
-245
-129
119
680
957
1051
1154
980
535
157
-305
-780
-1119
-1367
-1002
-709
-697
-722
-858
-1041
-1369
-1864
-1975
-2137
-2605
-2634
-2542
-2306
-2090
-2214
-2035
-1658
-1374
192
1347
2118
2620
2541
2485
1905
1227
1283
848
-479
-206
442
1254
1421
1183
1293
1279
733
116
-52
-466
-521
-664
41
711
773
670
811
1023
978
519
69
218
-19
122
435
600
526
204
9
204
210
-61
-21
136
545
874
992
1062
948
545
123
-307
-815
-1179
-1442
-1252
-919
-839
-759
-849
-1043
-1357
-1808
-1912
-2025
-2485
-2648
-2530
-2374
-2028
-2126
-1970
-1550
-1361
94
1335
2140
2664
2589
2482
2095
1335
1402
1123
-248
-88
485
1225
1451
1219
1243
1280
752
158
-22
-378
-446
-623
33
735
853
735
824
983
951
512
55
180
-7
93
426
603
604
269
33
199
207
-59
-88
96
476
835
949
996
843
458
-7
-498
-1013
-1418
-1665
-1459
-1048
-826
-690
-816
-995
-1341
-1825
-1973
-2098
-2445
-2681
-2654
-2412
-2097
-2233
-2119
-1761
-1569
-71
1229
2254
2939
2809
2717
2366
1523
1505
1262
-227
-79
362
1127
1473
1169
1171
1214
679
62
-127
-521
-410
-562
105
873
1025
933
941
1048
1021
578
33
161
10
108
461
633
670
401
100
237
246
-14
-55
141
534
895
1016
1049
902
514
58
-486
-995
-1399
-1689
-1484
-1091
-810
-645
-778
-934
-1235
-1748
-1956
-2044
-2359
-2566
-2711
-2437
-2165
-2270
-2228
-1866
-1725
-477
917
1941
2855
2743
2677
2365
1643
1392
1390
28
-95
316
971
1519
1206
1184
1123
756
62
-105
-520
-440
-521
-48
725
935
932
865
959
914
655
85
113
22
34
358
503
569
446
180
254
344
168
120
227
520
861
981
1024
903
511
126
-357
-834
-1150
-1531
-1501
-1171
-978
-783
-855
-1018
-1214
-1665
-1939
-1832
-2157
-2380
-2580
-2478
-2159
-2116
-2193
-1815
-1659
-853
696
1619
2639
2672
2525
2252
1761
1325
1529
473
-75
414
896
1602
1372
1305
1115
855
102
-65
-444
-553
-554
-291
569
836
908
824
945
850
707
168
86
67
-42
277
455
548
492
261
289
420
292
205
245
480
816
962
1026
950
543
154
-296
-754
-1079
-1475
-1562
-1266
-1069
-865
-884
-1070
-1264
-1719
-2020
-1916
-2172
-2444
-2591
-2597
-2255
-2118
-2220
-1928
-1800
-983
605
1613
2648
2800
2659
2385
1826
1436
1667
637
-83
349
856
1580
1331
1271
1158
798
62
-174
-510
-575
-603
-360
647
964
1036
942
1075
1035
761
170
93
100
-34
264
471
621
538
286
325
440
282
159
182
490
823
970
1057
1000
655
247
-253
-719
-1082
-1469
-1483
-1194
-945
-753
-803
-990
-1211
-1739
-2080
-2052
-2297
-2515
-2676
-2651
-2355
-2238
-2316
-2069
-2010
-1120
492
1480
2567
2703
2687
2456
1775
1417
1680
660
-104
334
797
1563
1198
1155
1188
816
116
-169
-477
-516
-500
-370
672
977
1043
919
1022
1083
768
170
72
149
6
282
414
590
506
231
294
424
287
136
154
449
824
910
993
957
690
369
-138
-582
-938
-1333
-1407
-1131
-936
-763
-816
-992
-1153
-1666
-2011
-1973
-2194
-2425
-2548
-2539
-2295
-2188
-2279
-1944
-1925
-1228
383
1289
2302
2483
2478
2391
1749
1253
1638
801
-24
450
835
1604
1335
1144
1265
1045
271
15
-291
-458
-364
-399
520
917
934
852
921
960
772
223
30
173
-5
239
384
489
484
175
179
385
262
84
131
339
739
843
853
865
625
336
-112
-561
-902
-1263
-1433
-1165
-985
-872
-895
-1045
-1172
-1556
-1937
-1911
-2050
-2341
-2430
-2446
-2274
-2188
-2320
-1948
-1853
-1333
293
1281
2269
2560
2533
2455
1859
1195
1568
912
-20
398
777
1539
1434
1175
1209
1131
280
-93
-312
-493
-349
-373
481
1030
1085
988
1049
1033
835
285
-6
150
4
161
398
468
501
211
86
312
204
-38
39
304
676
881
831
826
611
225
-205
-675
-1048
-1366
-1472
-1206
-952
-873
-941
-1018
-1169
-1500
-1857
-1935
-2065
-2316
-2428
-2428
-2273
-2253
-2367
-2045
-1962
-1382
237
1306
2408
2723
2764
2660
1993
1327
1636
970
55
372
724
1524
1371
1209
1187
1061
276
-183
-450
-499
-370
-375
518
1030
1185
1076
1117
1117
924
343
48
150
62
166
396
462
445
238
57
267
202
-47
-2
317
644
913
866
786
599
140
-267
-689
-1072
-1386
-1475
-1273
-1037
-933
-1068
-1085
-1223
-1555
-1830
-1877
-2028
-2213
-2344
-2375
-2166
-2210
-2244
-1943
-1871
-1420
185
1209
2324
2632
2638
2687
2002
1400
1637
1136
199
513
757
1592
1449
1252
1299
1085
474
-38
-356
-491
-331
-478
345
791
948
919
921
998
908
420
59
153
67
166
329
367
328
180
20
206
217
-14
-26
212
516
788
757
655
512
101
-283
-643
-990
-1312
-1486
-1338
-1144
-1007
-1112
-1174
-1257
-1553
-1834
-1779
-1894
-2100
-2206
-2263
-2044
-2056
-2092
-1853
-1635
-1528
18
1138
2156
2582
2510
2685
2150
1509
1564
1452
334
563
767
1607
1665
1334
1397
1205
752
85
-158
-503
-258
-522
121
693
853
846
848
1033
950
591
-6
157
79
130
297
317
305
142
-80
29
134
-164
-185
15
362
669
683
622
542
178
-254
-612
-1014
-1319
-1542
-1388
-1143
-984
-1034
-1143
-1260
-1530
-1858
-1840
-1850
-2130
-2221
-2239
-2057
-2023
-2118
-2013
-1696
-1732
-320
1057
2057
2657
2602
2780
2394
1661
1576
1674
390
384
665
1478
1755
1369
1368
1258
894
105
-88
-474
-236
-458
56
795
1028
986
990
1216
1106
794
67
185
117
125
318
360
386
212
-70
-28
113
-194
-268
-60
317
637
725
695
616
276
-171
-549
-969
-1306
-1539
-1408
-1165
-997
-1062
-1187
-1310
-1582
-1903
-1896
-1887
-2185
-2288
-2286
-2077
-2032
-2190
-2130
-1801
-1804
-489
888
1871
2540
2461
2670
2363
1638
1531
1654
391
297
586
1289
1662
1246
1248
1167
875
113
-109
-471
-274
-414
6
775
1017
1015
968
1188
1105
832
171
224
183
197
411
424
510
335
88
113
213
-51
-203
-29
334
651
729
733
632
356
-30
-423
-797
-1188
-1445
-1404
-1201
-1087
-1173
-1314
-1368
-1592
-1864
-1831
-1927
-2150
-2280
-2211
-1994
-1880
-2088
-1957
-1648
-1570
-249
859
1828
2404
2382
2588
2376
1624
1568
1620
465
499
651
1327
1607
1232
1220
1187
793
91
-188
-572
-317
-511
-81
609
843
869
863
1030
960
660
66
176
124
145
340
333
426
259
10
95
142
-138
-237
-69
315
638
678
717
633
315
-17
-389
-754
-1120
-1386
-1316
-1116
-1077
-1210
-1306
-1395
-1578
-1791
-1814
-1945
-2229
-2323
-2218
-2020
-1917
-2090
-1948
-1646
-1491
-134
1009
1930
2525
2553
2751
2500
1711
1616
1643
532
582
797
1423
1697
1312
1284
1245
804
109
-148
-487
-241
-455
-45
616
833
893
895
1039
985
649
73
201
129
103
253
189
254
99
-185
-51
-13
-275
-289
-101
287
619
644
664
590
222
-106
-452
-808
-1141
-1321
-1206
-981
-968
-1132
-1204
-1370
-1530
-1706
-1774
-1977
-2310
-2384
-2299
-2131
-2071
-2228
-2044
-1801
-1529
-65
1094
2000
2552
2545
2695
2354
1588
1610
1530
501
609
908
1458
1681
1237
1215
1187
727
115
-135
-338
-165
-320
83
701
838
869
867
1031
1028
647
193
320
275
223
318
215
295
126
-155
7
15
-197
-178
1
338
615
565
562
496
142
-182
-494
-847
-1098
-1258
-1214
-982
-1008
-1183
-1262
-1425
-1552
-1630
-1764
-1993
-2221
-2342
-2225
-2091
-2046
-2145
-1893
-1818
-1211
240
1181
2103
2318
2427
2448
2028
1464
1698
1252
557
787
1071
1632
1468
1152
1102
1030
442
3
-307
-282
-241
-254
321
694
819
737
807
950
925
446
294
377
376
408
408
386
368
165
-17
159
12
-96
-71
143
462
563
466
395
254
-108
-401
-718
-976
-1176
-1284
-1193
-979
-1052
-1236
-1347
-1562
-1628
-1667
-1845
-2058
-2244
-2308
-2112
-2097
-2064
-2071
-1842
-1756
-692
649
1548
2274
2225
2537
2303
1845
1513
1733
847
609
924
1343
1749
1250
1151
1065
885
126
-130
-461
-276
-384
-116
526
713
762
643
922
971
788
307
431
410
484
515
496
458
282
85
87
193
-54
-26
56
457
678
677
525
344
23
-365
-670
-975
-1205
-1345
-1248
-1017
-828
-980
-1155
-1362
-1569
-1637
-1678
-1985
-2176
-2407
-2242
-2169
-2165
-2243
-2092
-1946
-1547
68
1100
2175
2336
2537
2624
2286
1627
1743
1424
464
837
1087
1810
1568
1288
1103
1121
439
-74
-356
-553
-380
-538
184
508
695
473
683
824
795
405
214
389
318
499
504
511
324
101
-74
80
-28
-145
-36
258
651
799
772
597
283
-163
-526
-863
-1157
-1351
-1271
-1065
-805
-786
-934
-1141
-1398
-1564
-1557
-1770
-2066
-2218
-2260
-2059
-2065
-2129
-2180
-1919
-1954
-699
652
1650
2355
2370
2671
2582
1933
1578
1825
768
685
1002
1598
1831
1454
1199
1164
816
43
-155
-607
-395
-599
-200
330
616
462
425
606
595
457
27
198
201
327
468
539
404
230
-115
-97
-41
-249
-236
-42
334
602
716
642
473
27
-331
-725
-1046
-1275
-1269
-1058
-778
-646
-771
-928
-1231
-1441
-1556
-1627
-1974
-2136
-2176
-1998
-1844
-1864
-2017
-1804
-1893
-1278
245
1120
2037
2240
2490
2721
2250
1589
1899
1305
719
986
1398
1918
1615
1332
1247
1130
304
-23
-455
-389
-406
-381
253
596
635
435
625
573
558
57
45
226
212
374
502
430
313
-4
-232
-33
-278
-369
-265
72
373
581
569
543
192
-275
-653
-1104
-1370
-1481
-1343
-1032
-755
-821
-862
-1092
-1293
-1491
-1615
-1926
-2239
-2422
-2260
-2094
-1974
-2035
-1946
-1785
-1657
-132
914
1882
2268
2469
2788
2527
1858
1892
1875
929
1064
1315
2053
1953
1646
1497
1413
818
117
-190
-444
-194
-428
203
620
807
614
631
695
606
273
-86
221
124
280
395
384
272
52
-309
-166
-263
-456
-384
-154
267
530
658
585
401
-196
-618
-1170
-1568
-1779
-1744
-1436
-1076
-929
-903
-934
-1177
-1299
-1523
-1778
-2185
-2505
-2479
-2260
-2152
-2082
-2109
-1883
-1851
-777
632
1590
2276
2360
2757
2657
2171
1881
2136
1265
995
1297
1869
2201
1791
1658
1432
1219
354
-22
-439
-228
-341
-50
580
757
746
530
668
568
410
-106
53
97
190
375
357
343
185
-130
-202
-172
-426
-422
-289
143
523
730
703
555
113
-414
-968
-1507
-1813
-1868
-1613
-1199
-860
-736
-711
-898
-1080
-1269
-1592
-1997
-2312
-2385
-2173
-2031
-1924
-2032
-1898
-1912
-1206
166
1137
1986
2167
2512
2599
2305
1858
2158
1523
990
1250
1621
2130
1771
1627
1387
1322
546
53
-427
-364
-341
-342
353
592
682
466
592
546
449
-69
-81
35
56
271
309
378
314
69
-124
-76
-384
-484
-397
-52
361
615
690
610
330
-204
-743
-1354
-1784
-1925
-1798
-1404
-981
-814
-685
-742
-956
-1072
-1368
-1816
-2127
-2346
-2234
-2081
-2051
-2126
-2044
-1987
-1541
-148
807
1821
2154
2393
2625
2370
1950
2106
1830
1006
1277
1464
2166
1962
1834
1694
1582
960
298
-105
-383
-190
-436
295
587
792
651
726
727
571
130
-96
91
-43
180
276
401
373
218
-49
20
-295
-533
-505
-273
146
406
572
564
420
-131
-653
-1268
-1853
-2142
-2157
-1898
-1475
-1281
-1091
-915
-1041
-1042
-1146
-1596
-1985
-2334
-2418
-2279
-2282
-2369
-2266
-2066
-1870
-461
720
1720
2285
2392
2750
2599
2121
2121
2172
1158
1242
1427
2126
2238
1934
1842
1743
1303
493
163
-351
-119
-389
142
620
815
755
733
825
639
301
-147
35
-52
71
217
365
388
323
67
102
-70
-445
-529
-409
25
302
474
509
487
93
-421
-956
-1587
-2041
-2181
-2075
-1709
-1469
-1351
-1143
-1115
-1071
-1016
-1378
-1815
-2146
-2370
-2296
-2278
-2308
-2334
-2068
-1960
-791
628
1545
2245
2333
2736
2740
2251
2039
2323
1402
1177
1448
1991
2300
1810
1637
1575
1346
514
206
-284
-146
-272
-16
578
737
684
595
767
611
352
-186
-138
-66
-30
93
234
294
293
115
88
64
-322
-506
-423
-37
265
395
442
440
210
-235
-703
-1280
-1797
-1995
-1976
-1681
-1455
-1387
-1270
-1193
-1128
-1036
-1275
-1695
-1984
-2269
-2223
-2281
-2267
-2426
-2201
-2024
-1149
369
1266
2092
2155
2591
2682
2245
1766
2134
1512
1036
1388
1794
2331
1809
1635
1552
1461
641
306
-113
-62
19
33
695
875
890
725
868
699
479
-112
-215
-32
-31
110
232
330
365
231
98
176
-162
-397
-301
5
331
451
497
449
231
-228
-669
-1230
-1727
-1898
-1932
-1690
-1482
-1421
-1344
-1276
-1246
-1101
-1235
-1622
-1903
-2203
-2124
-2253
-2318
-2546
-2394
-2234
-1667
-52
974
1920
2069
2479
2688
2327
1645
2009
1695
932
1253
1594
2355
1954
1700
1606
1550
723
270
-101
-163
82
-80
627
942
1024
801
872
724
499
-98
-359
-111
-117
44
202
338
403
284
82
211
-37
-350
-299
-38
309
461
517
500
285
-152
-618
-1141
-1656
-1828
-1903
-1719
-1451
-1378
-1274
-1254
-1253
-1102
-1097
-1469
-1721
-1964
-1869
-1956
-2139
-2310
-2322
-2270
-1997
-395
824
1806
2093
2451
2848
2548
1914
2140
2054
1079
1228
1517
2281
1998
1595
1522
1430
766
134
-161
-307
-30
-239
425
841
937
723
718
696
407
-155
-524
-320
-341
-179
-24
146
231
141
9
162
1
-324
-331
-127
233
356
435
445
272
-101
-555
-1034
-1554
-1745
-1841
-1673
-1403
-1329
-1241
-1251
-1303
-1171
-1100
-1423
-1612
-1819
-1645
-1641
-1906
-2053
-2085
-2170
-1904
-383
788
1843
2033
2360
2806
2597
2121
2282
2124
1283
1421
1614
2331
1978
1609
1436
1302
730
63
-324
-410
-107
-203
495
807
948
766
769
750
468
-195
-549
-429
-459
-248
-166
-5
94
37
-15
160
-63
-321
-295
-62
322
414
454
445
244
-87
-552
-1092
-1617
-1803
-1847
-1639
-1384
-1385
-1341
-1361
-1407
-1281
-1210
-1577
-1724
-1928
-1662
-1523
-1853
-2073
-2047
-2123
-1739
-188
814
1929
1993
2283
2741
2539
2057
2223
1966
1317
1635
1780
2576
2248
1910
1662
1470
819
99
-443
-489
-66
-78
643
934
1107
983
975
859
568
-203
-592
-474
-476
-259
-239
-141
13
-63
-155
-36
-324
-551
-455
-121
285
381
340
302
61
-265
-774
-1384
-1930
-2103
-2037
-1794
-1495
-1517
-1468
-1432
-1412
-1300
-1223
-1635
-1809
-1916
-1641
-1392
-1717
-2014
-1975
-1955
-1651
-152
817
1867
2048
2304
2819
2611
2025
2168
2055
1457
1770
1920
2712
2548
2121
1888
1680
982
220
-335
-404
37
21
633
1044
1234
1153
1120
975
697
-16
-445
-336
-323
-207
-199
-167
12
-67
-230
-166
-400
-617
-534
-173
203
324
241
187
-28
-374
-891
-1459
-1995
-2211
-2113
-1893
-1560
-1551
-1486
-1420
-1410
-1352
-1281
-1633
-1869
-1879
-1638
-1343
-1591
-1878
-1847
-1780
-1668
-363
637
1556
1919
2135
2680
2511
1957
2053
2144
1556
1749
1918
2597
2531
2020
1803
1551
900
131
-319
-422
-75
-125
434
935
1135
1052
997
916
681
125
-290
-194
-218
-176
-176
-142
-14
-78
-249
-192
-307
-516
-454
-118
276
474
441
385
208
-205
-723
-1248
-1775
-2049
-2032
-1878
-1558
-1523
-1486
-1459
-1488
-1408
-1325
-1587
-1837
-1825
-1661
-1427
-1602
-1823
-1796
-1784
-1707
-420
666
1516
1894
2059
2571
2381
1897
2039
2157
1497
1689
1982
2691
2630
2125
1919
1615
937
98
-389
-526
-208
-288
374
908
1145
1042
1017
972
729
166
-282
-186
-279
-192
-207
-146
-64
-138
-326
-238
-357
-592
-496
-175
292
565
570
509
329
-163
-707
-1290
-1834
-2099
-2127
-2004
-1694
-1651
-1662
-1683
-1695
-1560
-1440
-1678
-1892
-1858
-1694
-1503
-1603
-1838
-1821
-1824
-1740
-344
816
1671
1993
2152
2627
2415
1841
2046
2174
1409
1632
2027
2829
2777
2335
2148
1911
1152
237
-347
-555
-222
-334
336
867
1140
1034
1121
1064
827
217
-256
-111
-203
-106
-102
-58
-7
-71
-326
-220
-409
-684
-572
-239
212
501
517
473
340
-140
-663
-1245
-1810
-2064
-2088
-1955
-1638
-1638
-1674
-1687
-1705
-1626
-1523
-1773
-1953
-1919
-1693
-1479
-1518
-1775
-1791
-1744
-1746
-465
665
1515
1860
2073
2534
2416
1773
1907
2127
1380
1528
1865
2634
2667
2303
2090
1984
1303
386
-187
-494
-198
-333
162
659
956
850
998
974
775
269
-233
-73
-81
-37
-7
38
51
19
-242
-194
-337
-647
-612
-294
115
424
495
461
417
44
-453
-961
-1537
-1842
-1883
-1780
-1487
-1508
-1589
-1591
-1657
-1672
-1588
-1835
-1993
-1966
-1732
-1425
-1430
-1667
-1723
-1684
-1798
-715
310
1186
1599
1831
2343
2295
1722
1728
2055
1391
1454
1669
2421
2572
2275
2057
1990
1520
581
19
-393
-117
-304
57
532
881
804
900
975
804
412
-133
-49
-41
4
-39
56
92
41
-180
-167
-234
-547
-632
-398
32
332
515
516
503
230
-282
-807
-1352
-1793
-1895
-1818
-1593
-1522
-1602
-1564
-1603
-1681
-1618
-1740
-2005
-1937
-1846
-1485
-1411
-1637
-1712
-1608
-1833
-1023
183
984
1717
1756
2368
2400
1826
1629
2121
1583
1382
1634
2252
2811
2357
2253
2110
1847
838
182
-387
-193
-337
-257
418
773
847
770
977
868
590
-75
-80
-44
-45
-95
-91
45
-11
-257
-324
-284
-622
-782
-651
-195
146
354
420
437
236
-251
-831
-1352
-1836
-2073
-1996
-1783
-1604
-1635
-1559
-1527
-1551
-1557
-1545
-1854
-1875
-1830
-1550
-1345
-1524
-1610
-1475
-1564
-1274
87
906
1787
1913
2329
2682
2172
1742
2110
2012
1396
1651
2019
2863
2597
2326
2215
2041
1221
392
-177
-328
-230
-469
152
630
852
692
838
842
690
103
-199
-29
-82
-97
-167
-36
-2
-172
-414
-335
-578
-851
-792
-423
-9
217
303
316
249
-178
-718
-1242
-1728
-2032
-2041
-1830
-1595
-1557
-1557
-1507
-1545
-1556
-1562
-1826
-1978
-1982
-1741
-1536
-1490
-1583
-1442
-1412
-1439
-406
588
1372
1703
1990
2434
2394
1798
1932
2158
1557
1484
1777
2521
2719
2394
2208
2213
1587
765
135
-230
-177
-379
-82
481
807
713
771
830
791
376
-108
-14
43
-26
-17
55
151
112
-211
-216
-319
-650
-712
-448
-47
252
349
393
413
104
-380
-909
-1415
-1820
-1930
-1815
-1526
-1450
-1485
-1435
-1535
-1554
-1572
-1799
-2078
-2151
-2052
-1808
-1748
-1697
-1662
-1456
-1614
-960
212
929
1483
1606
2124
2269
1914
1590
2154
1707
1343
1551
2099
2664
2334
2145
2082
1946
955
469
-106
-66
-217
-246
356
747
798
636
865
807
664
56
28
164
96
86
148
225
191
-124
-294
-221
-569
-748
-612
-235
140
284
325
414
184
-257
-768
-1298
-1755
-2020
-1978
-1702
-1481
-1462
-1382
-1388
-1526
-1538
-1626
-1915
-2045
-2070
-1811
-1760
-1653
-1706
-1513
-1485
-1403
-117
771
1524
1752
2101
2443
2280
1650
2010
2174
1386
1449
1773
2549
2439
2131
1956
2035
1265
527
85
-172
-48
-355
98
618
902
664
782
836
733
258
-77
105
78
79
144
292
298
56
-307
-216
-436
-765
-756
-481
-77
174
244
335
280
-141
-605
-1129
-1593
-1969
-2043
-1820
-1527
-1366
-1328
-1288
-1364
-1546
-1605
-1722
-1904
-1938
-1861
-1659
-1600
-1531
-1679
-1432
-1570
-991
259
1014
1774
1970
2449
2496
2062
1672
2272
1733
1222
1470
1941
2468
2134
2003
1903
1708
783
383
-135
-129
-323
-326
241
600
702
571
785
637
469
-40
-21
-27
-58
42
225
354
280
-44
-193
-114
-471
-610
-527
-216
53
263
343
429
224
-250
-675
-1135
-1550
-1855
-1784
-1539
-1288
-1187
-1157
-1115
-1229
-1453
-1502
-1563
-1767
-1811
-1776
-1585
-1507
-1602
-1715
-1451
-1690
-996
235
973
1771
1955
2453
2406
1895
1662
2230
1458
1103
1371
1798
2349
1960
1879
1754
1508
661
225
-291
-285
-499
-412
178
564
630
581
857
742
577
22
15
13
-21
84
270
352
243
-78
-154
-1
-300
-491
-407
-137
122
333
385
458
258
-223
-642
-1091
-1544
-1859
-1830
-1532
-1272
-1130
-1093
-1002
-1082
-1291
-1361
-1437
-1698
-1819
-1799
-1658
-1563
-1687
-1781
-1552
-1859
-1411
-6
787
1632
1902
2427
2618
2054
1698
2298
1691
1034
1213
1599
2327
1911
1733
1677
1535
716
128
-391
-447
-535
-604
66
584
754
688
1032
1088
963
261
29
83
-3
53
169
305
225
-70
-134
133
-79
-367
-381
-142
172
337
370
419
291
-126
-546
-1006
-1421
-1787
-1870
-1525
-1247
-1072
-1069
-1002
-1002
-1177
-1379
-1409
-1627
-1809
-1812
-1780
-1640
-1755
-1868
-1755
-1869
-1773
-420
517
1396
1895
2331
2754
2258
1770
2121
1920
1000
1012
1286
2095
1893
1610
1615
1525
891
203
-229
-469
-407
-651
-90
474
747
677
935
1119
1041
424
-33
43
-86
-64
-20
154
142
-85
-169
115
65
-230
-325
-138
215
357
391
413
310
-6
-387
-816
-1158
-1547
-1742
-1442
-1159
-980
-957
-922
-856
-980
-1280
-1279
-1430
-1683
-1777
-1840
-1686
-1728
-1828
-1823
-1673
-1794
-711
364
1190
1900
2228
2691
2428
1826
1837
2071
1072
856
988
1718
1894
1581
1556
1531
1104
341
-29
-471
-372
-687
-386
197
604
587
745
1042
1041
663
64
77
-40
-92
-70
78
150
-27
-238
-69
47
-261
-439
-334
26
258
328
424
385
155
-217
-586
-946
-1311
-1684
-1526
-1129
-944
-783
-783
-679
-798
-1098
-1278
-1312
-1698
-1927
-2030
-1905
-1766
-1855
-1897
-1638
-1677
-1336
148
929
1858
2213
2611
2768
2217
1697
2141
1637
727
818
1128
1880
1638
1514
1435
1391
607
77
-441
-577
-659
-819
-160
398
673
622
1051
1223
1146
477
221
199
40
19
100
257
205
-68
-188
75
-127
-466
-534
-279
46
218
319
443
352
47
-290
-635
-972
-1361
-1602
-1236
-914
-738
-618
-629
-621
-911
-1319
-1471
-1688
-2152
-2288
-2305
-2045
-1955
-2031
-1879
-1555
-1757
-757
577
1308
2073
2209
2679
2550
1848
1651
2060
1020
589
742
1352
1800
1424
1324
1331
1127
287
-103
-624
-489
-751
-534
149
625
651
779
1194
1273
1015
342
334
218
155
117
250
292
231
-48
56
210
-168
-375
-339
-44
154
290
339
436
268
-14
-296
-636
-900
-1299
-1275
-895
-640
-530
-493
-505
-648
-1095
-1536
-1642
-2091
-2305
-2440
-2203
-1949
-1827
-1830
-1458
-1369
-1413
-15
755
1542
1774
2116
2383
2074
1354
1645
1593
557
618
789
1621
1522
1291
1188
1397
822
238
-231
-503
-388
-665
-160
354
654
508
843
1046
1095
567
134
165
45
-13
27
120
167
85
-105
214
121
-234
-360
-225
-8
122
137
221
275
63
-129
-390
-596
-827
-1095
-885
-527
-402
-407
-463
-541
-845
-1426
-1678
-1849
-2208
-2306
-2258
-1870
-1602
-1474
-1372
-973
-1222
-754
533
1074
1696
1796
2192
2249
1681
1189
1674
1086
413
583
1036
1726
1381
1265
1329
1403
686
191
-346
-419
-525
-606
22
504
613
556
945
1130
986
262
7
26
-129
-197
-111
-2
75
-172
-120
186
-83
-453
-544
-343
-114
-89
-98
99
118
-24
-172
-330
-447
-715
-889
-569
-355
-357
-461
-610
-773
-1214
-1714
-1783
-2003
-2248
-2270
-2024
-1622
-1408
-1351
-1105
-860
-1140
-156
901
1447
1942
2062
2383
2197
1372
1207
1527
658
322
534
1293
1681
1360
1348
1501
1286
566
47
-381
-413
-670
-484
151
611
584
715
1108
1269
845
165
67
33
-139
-191
-82
43
-10
-292
-32
70
-268
-598
-586
-335
-139
-163
-31
197
223
123
-47
-168
-367
-728
-804
-535
-515
-556
-776
-895
-1086
-1505
-1825
-1816
-2050
-2141
-2061
-1713
-1306
-1251
-1159
-862
-776
-886
217
945
1519
1848
1979
2253
1843
1084
1101
1242
386
306
568
1389
1560
1368
1446
1538
1151
449
-24
-373
-409
-676
-402
117
498
446
704
1059
1126
659
146
129
78
-56
-72
10
80
-55
-264
-19
-73
-380
-618
-542
-330
-170
-88
130
377
405
287
118
-22
-322
-724
-771
-683
-784
-941
-1183
-1220
-1385
-1710
-1841
-1776
-1929
-1902
-1785
-1350
-1021
-1058
-896
-623
-647
-601
402
1020
1555
1711
1900
2114
1598
937
1088
1140
362
377
709
1510
1584
1400
1497
1512
1027
328
-156
-430
-445
-729
-423
88
369
320
615
999
1037
572
162
263
179
52
40
110
157
-73
-251
-38
-156
-532
-706
-591
-356
-168
9
332
625
609
521
362
144
-307
-754
-804
-867
-1076
-1324
-1495
-1511
-1680
-1938
-1881
-1840
-1955
-1901
-1690
-1198
-1007
-1016
-809
-599
-741
-325
699
1222
1630
1703
2022
1992
1314
849
1221
909
268
456
1041
1736
1538
1438
1580
1477
802
152
-294
-366
-552
-688
-164
306
423
405
826
1158
997
426
274
346
198
55
57
157
93
-214
-233
-33
-310
-692
-720
-470
-216
-12
225
611
804
734
578
332
-50
-643
-970
-998
-1094
-1355
-1552
-1588
-1591
-1793
-1932
-1816
-1944
-1978
-1891
-1511
-1123
-1015
-961
-765
-691
-749
162
857
1255
1487
1683
1929
1545
911
891
1144
447
268
648
1413
1628
1381
1447
1568
1211
519
56
-200
-204
-564
-335
192
511
464
658
1085
1173
753
334
381
307
149
12
77
119
-53
-252
-91
-52
-407
-638
-439
-140
46
231
476
762
786
566
281
-58
-602
-1100
-1233
-1222
-1305
-1508
-1549
-1435
-1497
-1664
-1664
-1689
-1877
-1812
-1619
-1215
-1040
-940
-782
-640
-678
-365
623
924
1258
1439
1769
1704
1070
720
1043
839
207
436
964
1585
1400
1313
1486
1424
833
322
45
-55
-301
-543
-68
368
494
499
901
1190
984
494
340
358
167
21
22
113
44
-165
-162
10
-156
-493
-455
-139
98
259
438
681
773
552
217
-136
-613
-1170
-1424
-1440
-1372
-1435
-1510
-1393
-1360
-1491
-1550
-1571
-1767
-1808
-1667
-1336
-1095
-1031
-817
-706
-649
-662
151
836
1080
1427
1723
1982
1412
828
889
1101
341
205
621
1334
1517
1223
1434
1502
1126
438
171
-63
-182
-581
-317
247
542
519
729
1200
1199
762
333
359
225
68
26
177
169
-18
-163
2
19
-343
-474
-240
84
287
419
641
796
576
224
-145
-567
-1074
-1402
-1477
-1351
-1322
-1394
-1338
-1304
-1408
-1512
-1606
-1751
-1850
-1794
-1531
-1248
-1136
-938
-866
-726
-784
-265
623
957
1337
1585
1946
1603
1054
836
1150
536
137
400
1013
1457
1177
1305
1405
1256
564
275
-20
-82
-443
-403
112
468
492
520
965
1123
886
384
320
262
148
67
253
315
170
-4
55
222
-45
-288
-183
111
351
453
596
739
572
227
-142
-540
-984
-1271
-1385
-1286
-1207
-1233
-1199
-1186
-1265
-1313
-1459
-1644
-1737
-1781
-1572
-1360
-1221
-1025
-951
-765
-712
-366
531
970
1300
1517
1790
1618
1165
893
1160
762
254
401
855
1336
1136
1192
1238
1181
608
267
16
-76
-351
-461
-56
249
336
268
595
779
663
246
119
73
-7
-56
124
278
179
41
52
247
73
-211
-190
48
308
430
546
623
469
157
-191
-561
-1008
-1246
-1303
-1161
-1061
-1080
-1021
-999
-1101
-1123
-1259
-1496
-1601
-1650
-1472
-1321
-1225
-1033
-938
-786
-641
-311
580
1084
1465
1693
1921
1733
1327
1079
1263
924
315
429
818
1285
1072
1164
1153
1093
623
257
64
-103
-338
-415
8
291
404
321
624
735
543
160
-24
-125
-230
-210
1
172
106
-15
31
205
9
-284
-287
-64
179
339
476
498
315
13
-335
-708
-1136
-1326
-1321
-1081
-934
-966
-936
-965
-1060
-1083
-1269
-1519
-1618
-1586
-1408
-1290
-1199
-1001
-913
-833
-659
-312
580
1096
1544
1846
2094
1854
1501
1244
1350
976
254
377
724
1154
953
1065
1068
1043
614
300
125
-80
-271
-300
154
434
524
447
741
772
538
202
-7
-117
-224
-163
74
224
188
68
133
247
24
-240
-238
-60
112
256
385
384
180
-109
-451
-813
-1197
-1339
-1330
-1107
-959
-982
-961
-1023
-1070
-1069
-1272
-1496
-1567
-1508
-1391
-1317
-1217
-995
-930
-850
-655
-264
560
1030
1489
1809
2039
1800
1514
1258
1363
955
261
386
664
992
828
920
964
965
568
304
130
-36
-176
-171
236
471
495
413
645
640
412
152
-24
-84
-148
-61
159
299
291
154
192
221
3
-211
-203
-64
64
187
299
308
115
-175
-520
-876
-1169
-1295
-1316
-1166
-1025
-1000
-991
-1028
-993
-1015
-1235
-1389
-1422
-1368
-1352
-1299
-1180
-928
-876
-725
-572
-47
685
1062
1540
1769
1978
1750
1519
1333
1492
970
481
589
822
1020
813
881
946
891
482
291
108
52
-98
-33
319
484
414
332
499
479
243
9
-100
-130
-152
-56
159
290
274
114
121
94
-137
-319
-286
-129
10
109
202
229
42
-276
-652
-1007
-1227
-1360
-1341
-1210
-1096
-1032
-1036
-1032
-979
-1098
-1307
-1411
-1430
-1389
-1417
-1341
-1210
-988
-897
-680
-582
103
803
1202
1722
1825
2011
1791
1551
1462
1609
1003
741
832
1060
1181
924
961
987
831
444
322
145
162
25
152
468
587
453
381
483
428
175
-59
-128
-141
-117
-27
192
292
238
88
86
14
-213
-378
-323
-156
-24
46
99
109
-83
-402
-765
-1048
-1207
-1335
-1286
-1176
-1108
-1086
-1120
-1086
-1023
-1179
-1349
-1377
-1334
-1310
-1372
-1312
-1185
-1063
-959
-757
-634
106
773
1248
1769
1832
1924
1711
1455
1418
1442
876
756
869
1098
1202
1009
1004
970
736
438
330
168
173
100
270
534
619
483
421
436
348
106
-89
-139
-96
1
105
290
335
224
113
84
-38
-224
-360
-310
-180
-78
-39
-23
-62
-237
-540
-822
-980
-1098
-1198
-1159
-1076
-1065
-1115
-1164
-1107
-1058
-1177
-1282
-1223
-1097
-1077
-1153
-1116
-986
-939
-872
-736
-543
107
728
1258
1711
1805
1786
1610
1384
1333
1229
804
711
813
1040
1156
1097
1043
959
715
489
309
152
111
100
261
457
537
459
408
370
277
56
-117
-182
-89
44
160
277
292
180
102
30
-115
-275
-371
-333
-252
-168
-132
-141
-240
-401
-676
-878
-988
-1074
-1151
-1103
-1009
-991
-1050
-1078
-1040
-1042
-1131
-1223
-1154
-1035
-997
-1057
-994
-871
-800
-790
-688
-463
67
673
1225
1628
1801
1783
1640
1448
1316
1192
891
738
765
973
1093
1131
1055
980
781
569
324
159
92
107
241
404
527
496
462
401
328
127
-46
-144
-56
69
190
266
293
236
157
62
-102
-272
-372
-353
-299
-208
-159
-178
-298
-483
-732
-936
-1045
-1121
-1176
-1140
-1036
-984
-994
-1008
-988
-1018
-1099
-1191
-1180
-1089
-1045
-1057
-1011
-887
-807
-761
-698
-465
-57
525
1036
1430
1639
1701
1578
1388
1213
1084
903
717
716
839
993
1023
1014
914
808
583
383
181
116
115
215
355
488
514
471
431
349
240
75
28
61
208
277
360
367
360
275
177
15
-145
-237
-236
-174
-109
-41
-75
-176
-394
-623
-845
-944
-1026
-1085
-1119
-1075
-1033
-1024
-1030
-1029
-1043
-1106
-1151
-1155
-1077
-1037
-1022
-996
-899
-822
-753
-658
-438
-81
380
831
1163
1381
1455
1383
1197
1018
894
805
703
685
761
871
937
942
889
791
630
432
254
153
127
161
249
357
413
411
379
331
267
178
123
134
206
258
300
316
314
259
175
55
-55
-116
-110
-62
-15
24
-2
-90
-263
-459
-645
-753
-837
-915
-999
-1048
-1065
-1078
-1083
-1086
-1078
-1095
-1091
-1095
-1054
-1026
-997
-969
-901
-829
-739
-620
-422
-128
219
605
919
1163
1273
1265
1132
977
835
765
718
710
758
841
932
976
972
891
765
573
387
228
143
114
157
239
328
383
393
374
326
263
186
141
130
149
175
201
203
171
110
34
-45
-99
-113
-90
-57
-36
-53
-111
-223
-359
-496
-601
-680
-747
-818
-893
-961
-1024
-1062
-1081
-1070
-1055
-1026
-1019
-993
-979
-955
-940
-894
-836
-750
-642
-492
-276
-21
297
610
898
1081
1170
1123
1030
881
767
694
674
694
755
852
933
980
939
859
701
524
330
197
123
134
195
290
384
438
453
425
376
305
242
193
185
190
209
214
201
153
84
10
-47
-88
-110
-114
-112
-122
-161
-234
-327
-423
-508
-580
-646
-706
-773
-841
-916
-976
-1012
-1019
-1006
-972
-933
-898
-873
-856
-843
-825
-781
-711
-611
-491
-339
-164
47
269
493
684
814
863
842
773
688
621
589
591
618
675
747
809
826
793
711
599
464
341
259
234
269
334
410
465
492
485
449
401
343
296
256
235
216
202
178
135
73
2
-60
-111
-150
-195
-232
-274
-314
-369
-429
-490
-534
-575
-611
-649
-685
-720
-764
-801
-829
-835
-827
-796
-758
-707
-663
-621
-589
-565
-530
-479
-401
-308
-198
-83
37
153
270
372
459
519
549
557
546
536
534
546
563
585
616
650
666
659
627
577
526
469
425
400
399
420
443
454
448
429
395
364
323
282
243
207
169
130
89
41
-12
-70
-122
-168
-208
-251
-298
-349
-398
-448
-492
-531
-554
-566
-574
-587
-599
-614
-632
-648
-659
-660
-651
-627
-595
-555
-512
-466
-424
-388
-352
-311
-257
-195
-126
-47
31
103
167
227
276
315
350
381
412
439
464
493
525
546
562
576
586
585
571
557
540
524
506
491
477
466
448
422
393
359
321
284
248
210
169
127
88
45
1
-43
-90
-131
-171
-209
-247
-284
-321
-362
-395
-425
-453
-474
-492
-508
-522
-537
-549
-560
-567
-569
-571
-559
-544
-522
-498
-469
-441
-410
-380
-347
-309
-270
-224
-176
-121
-67
-10
41
92
141
185
225
265
306
346
384
421
458
486
514
534
552
564
568
573
573
572
564
555
544
531
513
490
462
430
399
365
330
296
257
217
176
132
86
40
-6
-52
-95
-140
-180
-219
-259
-299
-335
-369
-400
-427
-449
-467
-484
-497
-509
-520
-529
-533
-533
-531
-523
-508
-491
-472
-447
-423
-393
-363
-331
-295
-259
-219
-178
-133
-88
-44
-1
44
86
124
160
196
235
270
304
332
360
385
405
425
438
448
455
459
459
457
450
440
429
414
399
377
354
330
302
274
244
212
181
146
112
78
42
6
-29
-67
-102
-135
-169
-200
-230
-257
-283
-304
-325
-343
-361
-376
-386
-395
-400
-404
-403
-400
-393
-384
-374
-362
-346
-330
-312
-291
-266
-238
-206
-174
-144
-113
-81
-51
-19
12
43
72
101
134
164
192
220
246
271
290
307
325
337
347
356
362
370
371
371
369
366
360
348
335
322
308
289
271
253
232
209
185
163
137
108
79
54
30
4
-22
-46
-69
-94
-115
-136
-157
-176
-194
-211
-222
-236
-247
-256
-263
-268
-273
-274
-274
-270
-262
-259
-252
-243
-235
-223
-209
-193
-178
-158
-137
-120
-101
-83
-63
-45
-26
-10
3
21
36
55
74
90
105
118
127
136
146
150
156
161
161
164
163
164
162
157
151
143
133
124
113
101
89
77
64
51
35
20
4
-11
-26
-44
-60
-76
-91
-105
-117
-132
-144
-156
-164
-171
-179
-182
-188
-190
-191
-191
-189
-188
-185
-180
-173
-165
-154
-141
-129
-114
-99
-85
-70
-54
-37
-18
-1
19
39
58
75
95
113
129
146
161
174
187
198
210
217
227
233
238
241
244
242
239
238
233
226
220
214
204
192
181
167
153
136
118
103
86
70
50
32
16
-1
-17
-36
-55
-72
-87
-102
-115
-126
-138
-146
-156
-164
-174
-180
-184
-187
-187
-186
-183
-181
-177
-173
-169
-164
-156
-148
-139
-127
-117
-105
-93
-81
-67
-55
-42
-31
-21
-9
3
16
27
38
49
58
68
75
78
84
88
92
96
100
100
100
99
98
94
89
86
82
78
75
70
66
57
51
46
39
34
27
20
14
6
-1
-9
-16
-22
-29
-34
-39
-42
-45
-47
-48
-52
-54
-55
-58
-58
-58
-57
-55
-53
-50
-49
-46
-42
-40
-38
-37
-34
-32
-26
-21
-17
-10
-6
0
5
8
11
13
17
19
22
25
24
25
25
27
26
26
26
26
25
24
22
23
20
17
15
11
10
7
6
4
3
3
0
1
1
-1
-1
1
2
1
3
6
6
7
7
7
8
8
8
7
8
8
9
9
10
10
10
9
8
7
8
8
8
9
10
9
8
8
5
3
0
-2
-3
-4
-4
-3
-3
-3
-3
-3
-3
-5
-6
-5
-5
-7
-7
-8
-9
-8
-11
-12
-11
-11
-11
-9
-9
-9
-11
-11
-12
-11
-10
-8
-8
-10
-9
-10
-9
-8
-9
-6
-4
-1
-1
1
4
6
7
9
10
11
11
10
11
13
13
15
15
14
17
18
21
21
20
19
19
18
18
18
18
19
19
16
14
11
9
6
4
4
3
4
4
2
3
0
-3
-3
-7
-7
-7
-8
-7
-9
-8
-11
-12
-13
-14
-16
-14
-14
-15
-15
-17
-16
-16
-19
-19
-18
-19
-19
-18
-19
-19
-18
-16
-16
-12
-11
-10
-10
-6
-6
-4
-1
-1
3
1
3
4
4
7
9
9
12
14
16
16
17
19
20
19
20
21
20
21
20
19
19
20
16
16
15
13
12
10
11
10
10
9
8
4
3
2
1
0
-2
-4
-4
-5
-5
-6
-8
-11
-12
-14
-14
-14
-17
-18
-18
-20
-20
-22
-23
-24
-23
-23
-23
-24
-26
-23
-22
-21
-19
-17
-16
-14
-11
-9
-9
-6
-3
-2
-2
-1
3
5
8
9
9
13
15
17
18
21
22
21
24
24
25
25
25
25
25
24
23
23
22
19
19
18
16
14
16
14
12
10
8
6
4
4
2
0
-2
-4
-4
-8
-10
-12
-13
-16
-16
-17
-16
-18
-18
-19
-20
-21
-23
-22
-22
-23
-21
-21
-22
-21
-20
-19
-18
-17
-16
-15
-14
-13
-10
-9
-6
-4
-4
-2
-1
0
1
4
6
8
10
12
13
15
14
17
19
19
19
20
21
21
21
21
20
21
20
20
19
19
17
16
15
14
13
11
10
8
8
6
4
3
0
1
0
-2
-5
-4
-7
-10
-11
-12
-11
-13
-12
-14
-13
-15
-14
-15
-16
-17
-18
-19
-21
-19
-17
-17
-17
-14
-13
-14
-13
-13
-11
-9
-10
-9
-9
-9
-6
-5
-2
-2
-1
2
3
4
4
5
4
6
7
7
8
8
9
11
12
13
11
12
13
13
12
13
12
11
11
11
11
11
11
11
9
9
8
7
7
6
5
2
2
0
-1
-2
-3
-3
-4
-3
-4
-6
-7
-8
-9
-11
-11
-10
-12
-12
-12
-12
-12
-10
-9
-9
-9
-8
-8
-6
-6
-5
-4
-2
-1
-2
-3
-1
-2
-1
1
4
5
7
5
7
8
7
7
7
7
7
8
10
9
9
11
11
10
9
10
9
9
9
9
8
7
8
8
8
6
5
6
5
5
4
4
1
2
2
0
-1
-1
0
-2
-3
-5
-5
-5
-5
-7
-7
-8
-9
-9
-10
-11
-10
-12
-13
-14
-12
-12
-11
-10
-11
-11
-12
-10
-11
-10
-11
-11
-11
-9
-8
-6
-6
-6
-5
-4
-3
-3
0
-2
-2
-1
-3
-1
0
2
3
4
5
6
6
7
8
8
9
9
10
10
13
11
13
13
12
12
11
11
10
9
9
10
10
10
10
8
8
8
8
7
5
3
2
2
1
1
-1
-3
-2
-1
-3
-1
-2
-4
-4
-5
-5
-6
-7
-6
-6
-7
-7
-7
-7
-8
-8
-7
-6
-7
-9
-8
-8
-7
-8
-7
-7
-5
-5
-5
-5
-2
-4
-3
-3
-3
-1
0
0
1
0
-1
-1
-1
0
0
1
2
3
4
4
5
5
4
3
5
4
3
4
4
5
4
5
5
5
4
5
6
3
6
4
4
3
1
1
2
3
1
2
1
1
1
0
1
1
0
0
-1
-3
-5
-4
-3
-4
-5
-3
-4
-5
-2
-2
-4
-4
-5
-5
-3
-3
-4
-3
-4
-5
-2
-3
-5
-3
-3
-1
-1
-2
-1
-1
0
-1
0
1
2
0
2
3
2
1
-1
1
1
2
0
1
3
1
2
2
2
3
4
3
2
2
0
0
1
0
-1
2
0
1
1
1
1
1
1
1
3
3
3
2
1
2
1
1
2
2
1
3
2
2
1
1
3
1
1
1
0
1
0
-1
-1
-1
-1
1
0
1
1
1
2
1
0
1
2
1
1
0
-2
-1
0
1
0
0
-2
-3
-3
-3
-1
-1
-1
-1
0
0
0
0
-2
-3
-3
-4
-3
-3
-3
-2
-3
-2
-2
-4
-4
-3
-2
-2
-2
0
-3
0
0
0
0
-2
-1
-2
-2
-4
-3
-4
-4
0
-1
-2
-4
-2
-3
-3
-2
-2
-2
-2
-2
-3
-2
-3
-2
-1
-1
-3
-1
-2
-2
-1
-1
-2
0
1
-1
-3
-3
0
0
1
1
1
-1
-1
-1
-2
0
-1
0
1
2
2
2
0
0
2
1
1
1
2
3
0
0
0
0
1
-1
0
3
2
3
4
2
3
4
2
3
3
5
4
4
4
5
4
4
1
1
1
1
3
4
5
6
4
3
4
4
4
5
4
4
3
2
3
4
3
2
1
1
2
3
2
2
1
1
2
1
0
0
0
0
-1
-1
1
0
0
-1
0
0
0
0
-1
0
-1
-2
-2
-3
-3
-1
-1
-2
-1
-1
-1
-1
0
1
0
0
-2
-3
-2
-1
-2
1
0
1
0
-1
0
-1
-3
-3
-2
-3
-2
-1
-3
-1
-1
-3
-1
-2
-2
-2
-3
-3
-3
-4
-3
-3
-4
-5
-4
-5
-4
-3
-4
-3
-3
-2
-2
-1
-2
-3
-3
-4
-6
-3
-2
-4
-3
-2
-1
0
-2
-3
-4
-4
-3
-3
-3
-4
-2
-1
-2
-3
-2
-3
-2
-1
-1
0
2
2
2
3
3
5
4
4
4
4
3
2
2
4
3
5
7
6
7
6
5
5
6
5
3
5
4
3
5
4
5
4
5
5
6
7
6
5
6
4
2
2
4
5
5
2
3
3
3
1
3
2
2
2
0
2
1
1
2
1
0
0
0
0
0
1
-1
0
0
0
1
0
-1
0
-1
-1
-1
-2
-2
-1
-1
-2
0
-1
-1
-3
-3
-2
-1
-1
-1
-1
-2
-2
-2
-1
0
-1
-2
-2
-2
-2
-3
-4
-4
-3
-3
-2
-3
-3
-3
-2
-3
-2
-2
-3
-3
-3
-3
-2
-3
-3
-3
-2
-3
-4
-2
-2
-3
-3
-4
-4
-3
-3
-4
-4
-4
-3
-3
-3
-2
-2
1
0
-1
-1
-1
-1
-2
-1
-1
0
1
2
2
2
3
2
3
3
4
3
2
3
1
1
2
1
1
3
2
2
3
3
3
5
2
2
2
2
3
3
4
5
4
4
4
3
3
2
2
2
2
2
2
4
3
2
2
1
0
-1
-1
-2
-1
-2
-2
-1
-1
-3
-1
-1
-2
-2
-3
-2
-2
-3
-2
-5
-3
-3
-2
-3
-4
-3
-3
-2
-3
-3
-2
-1
-1
-1
1
1
0
-1
0
1
0
0
0
0
0
0
1
2
2
2
1
1
0
1
1
2
2
2
0
-1
0
1
1
0
2
0
0
0
-1
0
2
2
1
1
0
-2
-1
-2
-2
-2
-1
-1
0
1
-1
-1
-1
-1
0
0
0
-1
0
-1
0
0
-3
-3
-1
-2
-1
-3
-3
-2
-1
-1
-2
0
-1
-2
-1
-2
1
2
1
2
0
1
0
0
1
-1
-1
-1
0
0
1
2
1
1
0
1
0
0
1
2
3
2
4
3
2
3
3
2
0
1
2
2
1
2
2
2
2
1
0
0
-1
-1
-1
1
1
2
0
0
0
-1
0
-1
-1
-2
-2
-4
-3
-3
-2
-1
-1
1
-3
-1
-2
0
2
0
1
1
-1
-2
-1
-2
-2
-1
-2
2
1
1
1
1
0
-1
-1
-1
-2
-1
0
0
0
1
-1
0
1
1
1
2
2
3
3
3
2
1
0
1
2
0
0
2
1
1
1
0
-1
-2
0
-2
-2
0
-1
-1
-1
-2
0
2
2
2
1
2
1
0
0
0
-1
0
0
0
-1
0
0
0
2
2
1
3
4
1
0
2
3
1
0
1
1
-1
-1
-1
-1
0
0
0
1
2
1
2
0
-2
0
1
0
1
0
0
0
0
0
0
0
0
1
1
1
2
1
2
3
2
1
1
1
1
-1
-2
-1
-1
1
0
2
-1
1
-1
-1
-1
-1
-2
-2
-2
-2
-1
-2
-2
-3
-2
-1
-2
-1
-2
-3
-1
1
0
0
-1
-1
-2
-1
0
-1
0
-2
-2
-1
1
0
0
1
-1
-1
-3
-1
1
0
0
0
1
0
0
0
0
1
1
2
1
2
1
1
3
3
2
1
0
0
2
0
0
-1
-2
-1
0
-1
0
0
1
1
2
0
0
0
0
0
-1
0
0
2
1
2
2
0
0
2
0
0
1
0
2
0
1
0
1
0
1
1
1
2
0
1
0
-1
-1
-1
-2
0
1
3
2
1
2
0
0
-1
-1
-2
-2
0
-1
0
0
1
2
0
1
1
0
0
0
0
-2
0
-1
0
1
0
1
1
0
-1
1
-1
0
1
-1
1
0
2
2
0
-2
-3
-3
-1
0
-1
-1
0
-1
0
-1
0
-1
0
1
1
2
1
1
1
1
1
0
0
0
-1
0
0
0
-1
1
-1
-2
-1
0
1
0
1
-1
-1
-1
-1
0
1
1
0
0
0
-1
-2
-2
-1
-1
1
-1
1
-1
-1
1
-1
0
-2
-1
-2
-1
-1
-1
-1
-2
0
1
0
1
0
1
1
0
1
2
1
1
0
0
-1
-1
0
0
-1
0
1
0
2
2
2
1
3
1
-1
1
1
0
1
-2
-1
-1
-1
1
0
1
1
1
1
0
0
0
0
-1
0
0
1
0
