SAMPLES:	15936
BITSPERSAMPLE:	16
CHANNELS:	1
SAMPLERATE:	16000
NORMALIZED:	FALSE
0
-1
0
0
-1
1
0
-2
-1
-1
-2
1
1
0
0
0
1
0
0
0
0
-1
-1
0
-1
-1
-3
0
1
0
1
1
1
1
0
1
0
1
2
1
1
1
1
1
1
-1
0
1
0
0
0
1
0
-1
-1
-2
0
0
0
-1
0
-1
0
0
-1
2
-2
-1
0
0
1
-1
-1
-1
-1
1
1
0
0
-1
-1
-1
0
1
1
0
1
1
1
0
1
-1
0
0
-1
-1
1
1
1
2
0
1
1
0
0
-1
-2
-2
-2
-1
-2
-1
-1
-3
0
-2
-2
-1
-1
1
1
1
0
1
1
2
1
2
1
1
3
1
3
1
2
2
2
3
2
2
1
0
-1
2
1
0
-2
-3
-2
-1
-1
-2
-2
-1
-1
-1
1
-1
-1
-1
0
0
0
1
0
2
1
2
2
0
1
0
1
2
2
0
0
0
1
0
-2
-1
-1
-1
-1
0
0
-1
0
-1
-1
0
1
0
-1
-1
-1
-1
0
0
-3
-2
-2
-1
0
0
0
-1
0
-1
1
0
0
1
2
3
2
1
2
2
2
2
2
0
2
1
2
2
1
0
-2
-1
-2
-2
-3
-4
-5
-6
-5
-4
-6
-7
-7
-8
-7
-5
-6
-7
-9
-6
-4
-4
-3
-1
-2
0
3
5
6
5
6
8
11
12
10
8
8
8
9
8
6
5
4
3
2
1
0
-3
-3
-4
-2
-2
-5
-5
-5
-2
-3
-1
-3
-2
-1
0
2
3
4
5
6
8
10
11
12
13
13
13
12
11
9
9
6
4
1
-3
-6
-9
-10
-10
-12
-16
-20
-23
-23
-22
-22
-23
-25
-25
-21
-16
-10
-9
-8
-9
-4
3
10
13
11
11
11
19
25
29
23
18
17
21
27
26
22
16
14
14
20
19
13
8
7
11
11
10
9
7
5
3
-3
-4
-6
-7
-12
-18
-29
-35
-32
-34
-41
-58
-66
-68
-58
-57
-58
-66
-73
-69
-55
-34
-30
-28
-35
-24
-10
20
37
43
37
36
55
77
97
95
84
67
76
96
112
98
73
54
49
56
60
51
27
12
4
9
4
-7
-16
-17
-21
-28
-31
-32
-25
-14
-13
-26
-35
-37
-30
-20
-9
-19
-33
-42
-34
-28
-30
-33
-37
-40
-53
-42
-30
-21
-34
-34
-28
-23
-13
-2
13
3
14
26
48
44
47
63
75
78
56
54
40
57
62
64
18
-35
-61
-64
-52
-91
-129
-189
-209
-226
-209
-221
-262
-300
-322
-295
-275
-236
-244
-228
-214
-159
-94
-45
-33
-40
47
161
266
272
264
269
338
439
515
529
449
407
447
552
568
499
413
348
341
358
385
325
216
128
118
138
114
91
44
6
-56
-73
-67
-71
-84
-120
-137
-207
-236
-268
-252
-288
-348
-409
-468
-492
-546
-530
-573
-600
-688
-719
-723
-692
-642
-642
-607
-625
-537
-460
-338
-325
-278
-148
34
185
204
267
308
467
589
725
712
651
655
759
872
811
726
603
576
527
537
477
351
202
106
87
14
-46
-116
-124
-193
-248
-287
-273
-253
-230
-191
-205
-213
-201
-103
-29
11
-9
-5
34
82
124
143
140
100
91
84
77
47
23
-4
-38
-83
-133
-158
-176
-213
-256
-258
-253
-251
-274
-277
-261
-232
-209
-184
-164
-156
-105
-43
-1
5
29
57
87
118
137
157
157
162
150
147
132
126
128
121
136
101
54
17
46
46
38
38
5
-19
-26
39
44
44
-3
21
48
61
62
64
90
64
88
79
97
75
80
70
63
33
24
47
15
-26
-61
-36
-68
-95
-123
-106
-142
-174
-171
-144
-140
-180
-177
-198
-142
-135
-92
-83
-63
-74
-28
47
44
70
69
123
121
168
167
182
177
158
151
150
168
125
127
100
45
-15
-18
-28
-70
-88
-116
-172
-214
-227
-222
-251
-258
-248
-228
-242
-263
-237
-220
-171
-146
-100
-98
-89
-71
8
59
46
65
88
129
122
177
150
175
176
175
167
178
165
111
177
132
102
70
107
59
48
53
16
19
15
25
16
18
-4
-3
15
60
93
97
87
120
131
164
165
143
158
201
281
245
279
242
229
192
220
267
193
149
64
88
-21
7
-37
-118
-211
-289
-300
-337
-349
-460
-499
-582
-644
-642
-616
-611
-610
-619
-613
-625
-557
-530
-388
-330
-337
-294
-201
-78
-76
75
115
204
249
352
448
471
519
545
709
741
739
719
761
801
836
904
868
825
804
821
816
772
743
689
667
613
583
505
366
243
204
196
51
-86
-254
-354
-449
-491
-587
-771
-945
-1085
-1057
-1121
-1199
-1341
-1444
-1543
-1543
-1540
-1622
-1554
-1476
-1449
-1487
-1414
-1459
-1371
-1004
-638
-556
-232
-95
-224
-138
749
1216
1211
1299
1297
1233
1435
2115
2098
2096
1627
1403
1463
1775
1472
1096
1014
426
185
212
234
-304
-374
-532
-773
-846
-807
-780
-708
-586
-683
-555
-435
-315
-17
343
362
325
509
687
877
1035
1098
1061
974
929
943
1099
887
724
549
438
181
156
194
-57
-278
-600
-558
-698
-611
-818
-843
-1044
-1146
-1085
-1035
-951
-1138
-1036
-1163
-1024
-1074
-867
-834
-857
-915
-956
-803
-749
-505
-543
-587
-683
-565
-457
-458
-393
-488
-512
-346
-142
-169
-326
-261
-525
146
961
760
-238
60
781
728
1514
1851
1236
292
1177
1759
2279
2201
1399
1069
1433
1746
1384
1884
1233
547
580
984
417
215
539
181
-115
-389
-388
-312
18
-178
-377
-401
-646
-436
106
192
-367
-479
-317
-189
41
-47
-412
-772
-707
-673
-547
-844
-1361
-1585
-1481
-1551
-1757
-1652
-1778
-1969
-1988
-1855
-1946
-1870
-1621
-1722
-1080
-237
-410
-1245
-412
550
542
1239
1897
1296
578
1779
2463
2909
2844
2113
1662
2334
2699
2236
2622
1818
814
899
1452
638
287
450
-312
-787
-787
-779
-876
-543
-809
-1000
-822
-760
-594
-16
156
-49
147
435
631
918
1070
808
726
770
909
853
542
43
-193
-337
-681
-939
-1379
-1870
-2266
-2335
-2562
-2749
-2870
-3176
-3242
-3132
-3032
-3162
-2721
-2561
-2344
-1410
-644
-1064
-1238
68
700
1199
1932
2297
1546
1825
2904
3507
3838
3339
2789
2674
3349
3056
3019
2786
1828
1113
1292
1314
493
353
-28
-528
-975
-923
-915
-806
-620
-771
-861
-1066
-726
-81
540
479
304
308
495
1039
1507
1553
954
620
626
960
849
445
-127
-621
-1004
-1240
-1343
-1826
-2273
-2670
-2836
-3251
-3281
-3176
-3195
-3371
-3325
-3316
-3097
-1925
-1285
-1653
-1893
-849
-250
521
1549
1832
1193
1332
2441
3188
3814
3421
2930
2776
3263
3175
3337
3152
2200
1672
1682
1448
744
713
277
-269
-721
-923
-1075
-839
-690
-1017
-1216
-1314
-1078
-496
56
-5
-201
-175
104
684
1132
992
582
408
424
608
694
320
-233
-643
-956
-1172
-1294
-1628
-2078
-2321
-2751
-3052
-2948
-2741
-2953
-3153
-3284
-3251
-2089
-954
-1156
-2073
-1532
-606
333
1606
2218
1407
752
1890
3228
4291
4022
3220
2703
3241
3617
3776
3799
2758
1880
1723
1843
1153
928
629
-26
-718
-1109
-1247
-1099
-788
-1094
-1525
-1879
-1710
-1080
-338
-330
-696
-837
-581
157
862
888
206
-111
29
453
623
369
-211
-651
-1028
-1205
-1185
-1355
-1830
-2208
-2510
-2988
-2913
-2650
-2562
-2896
-3117
-3429
-2740
-997
-317
-1354
-1982
-985
55
1402
2627
2463
1124
1182
2814
4411
4962
4080
3108
3044
3737
4101
4343
3712
2363
1742
1885
1700
1069
838
342
-411
-1143
-1434
-1323
-1058
-942
-1396
-1942
-2286
-1717
-815
-345
-613
-1093
-1072
-605
400
884
539
-157
-438
-57
406
651
-122
-616
-496
-1155
-1729
-1771
-1081
-2138
-2341
-2807
-3213
-3276
-2922
-2417
-3211
-3172
-4255
-2422
-850
-469
-2073
-1943
-781
-137
1977
2523
2144
682
1991
3345
4818
4862
3884
3583
3746
4476
4442
4778
3563
2676
2503
2509
1925
1290
1155
350
-182
-928
-1120
-1200
-1030
-1037
-1437
-1918
-2310
-1592
-927
-596
-934
-1052
-959
-431
291
496
314
-163
-89
138
512
248
-160
-437
-657
-1045
-1461
-1596
-1955
-2155
-2413
-2911
-3487
-3458
-3212
-3196
-3461
-3894
-4121
-3065
-1814
-1237
-1672
-2017
-1871
-407
1647
2302
2071
1433
1788
2725
4678
5365
4897
4099
3933
4611
5195
5378
4363
3701
2914
2786
2544
2291
1539
706
58
-653
-891
-1175
-1024
-1355
-1626
-2152
-2236
-2073
-1591
-1157
-1190
-1167
-1167
-725
-322
255
266
188
73
173
461
589
342
-187
-409
-759
-991
-1219
-1599
-2214
-2558
-2806
-3316
-3608
-3521
-3737
-4057
-4247
-4294
-4515
-2955
-1586
-2096
-3322
-2242
-662
106
1552
2004
1516
916
2682
4257
5666
5089
4135
4402
5242
5591
5521
5786
4247
3491
3451
3561
2656
2149
1559
606
-148
-875
-908
-952
-1197
-1958
-2100
-2223
-2240
-1897
-1386
-1360
-1505
-1206
-729
-198
103
351
266
367
624
1149
1122
644
185
75
68
-238
-559
-1245
-1857
-2489
-2670
-2966
-3351
-3941
-4234
-4343
-4604
-4714
-4715
-4755
-4299
-2930
-2246
-2449
-2203
-1665
-1111
488
2370
2630
2209
2442
3263
4703
6006
6148
5577
5223
4895
5441
6321
5811
4255
3370
2957
2489
2289
1732
570
-540
-1160
-1517
-1669
-1899
-2269
-2434
-2500
-2596
-2442
-2034
-1627
-1290
-939
-728
-426
122
667
979
1078
1112
1148
1287
1323
1175
870
302
-248
-513
-738
-1304
-2130
-2839
-3410
-3710
-3835
-4196
-4725
-5305
-5487
-5825
-4974
-3439
-2691
-3498
-3802
-2958
-1939
220
1769
2136
1210
1656
2832
5106
6653
6233
5564
5378
5960
6343
7453
6644
5328
4273
3880
3419
3096
2481
1125
183
-1055
-1755
-2033
-2018
-2572
-2923
-3336
-3834
-3669
-2929
-2148
-1958
-2119
-2257
-1489
-290
658
915
581
311
811
1787
2234
2049
1301
644
362
544
463
-121
-1154
-2198
-2701
-3095
-3437
-3900
-4280
-5116
-5784
-5855
-5784
-4678
-3251
-2898
-4570
-4598
-2832
-762
958
1933
1595
393
1770
4316
6930
7015
5879
5046
5967
7327
7847
7941
6391
4866
4195
4764
4157
3153
1982
719
-600
-1540
-1722
-2014
-2407
-3351
-3902
-4407
-4310
-3711
-2784
-2580
-3129
-3169
-2352
-827
141
590
84
-60
512
1793
2603
2492
1760
1024
1031
1199
1303
671
-218
-1418
-2107
-2677
-3053
-3493
-3998
-4915
-5781
-6225
-6418
-4959
-3238
-3341
-5356
-5256
-3567
-1507
652
1695
816
-366
1231
3985
6834
7006
5579
4881
6161
7514
8178
8339
6652
5089
4772
5215
4515
3585
2323
906
-309
-1192
-1601
-1827
-2363
-3420
-4084
-4486
-4392
-3673
-2893
-3128
-3584
-3326
-2278
-954
26
194
-231
-152
557
1805
2575
2481
1664
1180
1116
1266
1245
792
-109
-1233
-2145
-2905
-3061
-3256
-3847
-5176
-5917
-6686
-6178
-4047
-2737
-4476
-6131
-4728
-3042
-906
967
1530
-353
-326
2005
5102
6964
6242
5108
5172
6759
7490
8563
8025
6214
4996
5337
5214
4208
3599
2495
1114
-458
-1130
-1319
-1378
-2090
-2942
-3780
-4428
-4021
-2902
-2501
-3156
-3482
-3101
-1997
-841
-29
-151
-557
-566
359
1635
1974
1559
847
562
316
608
588
-61
-1108
-1961
-2775
-3311
-3214
-3438
-4423
-5476
-6303
-6492
-4542
-2677
-3529
-5799
-5192
-3566
-1688
464
1619
324
-818
1109
4051
6639
6434
5410
5071
6305
7207
8210
8608
6985
5528
5329
5575
4679
4133
3250
1914
282
-845
-1160
-1149
-1491
-2436
-3265
-4200
-4229
-3289
-2501
-2839
-3410
-3342
-2543
-1309
-486
-300
-613
-700
-193
1083
1659
1425
947
610
272
337
594
24
-736
-1668
-2579
-3206
-3139
-3332
-4098
-4944
-6213
-6392
-4351
-2605
-3728
-5547
-5027
-3864
-1894
389
1337
-83
-910
919
3899
6296
5914
5052
5104
6255
7039
8147
8211
6628
5687
5748
5593
4561
4068
3250
2073
577
-550
-999
-1237
-1675
-2260
-2904
-3969
-4185
-3335
-2648
-2889
-3273
-3078
-2424
-1516
-736
-448
-609
-788
-76
1025
1380
1086
849
675
232
385
430
2
-920
-1756
-2550
-2950
-3079
-3569
-4164
-4924
-6105
-5483
-3175
-2605
-4693
-5341
-4052
-3010
-1054
712
769
-900
-306
1935
4775
5806
4872
4554
5330
6385
6987
7999
7055
5700
5450
5744
4963
4111
3663
2622
1491
265
-386
-824
-1222
-1861
-2212
-2773
-3604
-3620
-2939
-2483
-2758
-2860
-2593
-2041
-1291
-613
-310
-631
-693
40
951
1149
779
479
141
24
73
81
-421
-1465
-2445
-2674
-2734
-3154
-3909
-4200
-5443
-5373
-3156
-1995
-3901
-5275
-3719
-2896
-1280
312
841
-796
-724
1318
3844
5426
4260
3919
4674
5943
6127
7212
6894
5438
5138
5400
4948
3968
3762
2877
1894
679
-165
-376
-654
-1295
-1832
-2193
-3072
-3295
-2642
-2188
-2430
-2769
-2574
-2144
-1496
-926
-486
-625
-981
-582
395
904
628
219
-98
-254
-180
-95
-284
-1164
-2364
-2667
-2494
-2624
-3500
-3894
-5086
-5474
-3166
-1475
-2989
-5222
-4018
-3029
-1302
544
1107
-629
-1311
730
3327
5576
4340
3428
3984
5526
5905
6845
6874
5263
4908
5302
5068
4046
3750
3098
2236
1174
139
-147
-292
-849
-1309
-1732
-2718
-3221
-2375
-1793
-2096
-2680
-2684
-2341
-1652
-953
-704
-950
-1428
-1102
-153
592
369
-219
-686
-844
-532
-336
-494
-1404
-2518
-2960
-2664
-2421
-3167
-3746
-4945
-5345
-3175
-1144
-2424
-4735
-3659
-2628
-1078
947
1738
-156
-995
1129
3557
5631
4588
3600
3983
5422
5836
6607
6711
4979
4580
5077
4824
3635
3313
2874
1913
942
51
-213
-408
-927
-1269
-1638
-2562
-3103
-2157
-1443
-1953
-2515
-2461
-2085
-1495
-715
-544
-1049
-1547
-1235
-213
369
7
-622
-1111
-1369
-1117
-755
-1004
-2078
-3025
-3195
-2931
-2896
-3343
-3715
-5225
-4795
-2134
-888
-3160
-4053
-2298
-1743
25
1943
1991
-398
195
2536
4848
5700
4127
3687
4489
5604
5670
6717
5802
4046
4247
4817
3915
2740
2743
2005
1082
156
-370
-526
-853
-1397
-1452
-1692
-2679
-2746
-1636
-1299
-1937
-2058
-1824
-1528
-967
-235
-307
-944
-1236
-676
77
94
-307
-690
-1147
-1532
-1371
-1122
-1543
-2542
-3281
-3254
-3176
-3301
-3492
-3859
-5437
-4411
-1399
-729
-3298
-3644
-1829
-1189
911
2700
2340
-189
627
3142
5781
6064
4158
3807
4590
5525
5743
6723
5254
3560
3803
4307
3349
2273
2127
1273
392
-505
-813
-861
-1282
-1776
-1719
-1943
-2782
-2533
-1381
-1290
-1838
-1764
-1348
-1052
-419
212
-98
-772
-790
-10
440
203
-342
-825
-1244
-1417
-1265
-1317
-2057
-3248
-3633
-3396
-3419
-3872
-4070
-4748
-5831
-3699
-1096
-1396
-3912
-3273
-1821
-572
1899
3095
1947
-120
1657
4245
6841
6145
4329
4176
5136
6022
6389
6807
4683
3428
3709
3927
2924
2116
1603
414
-392
-1099
-1230
-1260
-1765
-2194
-2245
-2560
-3104
-2323
-1269
-1563
-1993
-1716
-1174
-700
180
584
-101
-683
-410
609
982
496
-409
-987
-1188
-1199
-1014
-1362
-2540
-3652
-3674
-3560
-3842
-4232
-4304
-5828
-5519
-2588
-939
-2897
-4030
-2329
-1515
658
2812
3295
1026
884
3198
6085
7637
5693
4807
5070
6168
6374
7385
6443
4100
3615
3771
3453
2232
1804
614
-398
-1420
-1945
-1755
-2061
-2604
-2939
-3081
-3689
-3338
-2011
-1710
-2211
-2325
-1746
-1039
-199
590
432
-347
-653
252
1227
957
185
-502
-963
-1407
-1272
-1037
-1861
-3143
-3775
-3852
-4068
-4329
-4073
-5382
-6090
-3732
-1400
-2527
-4156
-2477
-1680
-138
2350
3661
1928
917
2976
5663
8051
6593
5365
5574
6559
6717
7669
7505
4806
4032
4333
4004
2606
2024
914
-322
-1215
-2017
-1992
-2239
-2898
-3384
-3438
-3976
-3875
-2596
-2085
-2497
-2711
-2179
-1451
-456
283
338
-257
-617
70
1074
1192
334
-316
-765
-1134
-1252
-1203
-1687
-3006
-3706
-3944
-4075
-4488
-4507
-5079
-6299
-4536
-2171
-2255
-4311
-3330
-1825
-726
1868
3357
2622
848
2496
5145
7993
7623
5715
5749
6564
7193
7744
8457
6031
4267
4403
4414
3360
2445
1530
-151
-1288
-2192
-2098
-1994
-2857
-3738
-3935
-4119
-4244
-2906
-2077
-2584
-3107
-2550
-1496
-557
327
310
-115
-625
0
1156
1551
717
-254
-623
-1012
-1016
-946
-1433
-2977
-3851
-4060
-4051
-4485
-4663
-5642
-6243
-4263
-2347
-3039
-4663
-3362
-2212
-386
1987
3142
1666
823
2888
5715
8171
7144
5845
5914
7045
7413
8289
8393
6066
4851
4740
4492
3260
2747
1656
67
-1434
-2451
-2279
-2223
-2896
-3804
-4246
-4827
-4600
-3052
-2242
-2788
-3450
-3044
-1898
-584
208
65
-399
-823
31
1255
1575
599
-185
-567
-805
-619
-769
-1549
-2947
-3544
-3954
-4087
-4515
-4793
-5925
-5801
-3575
-2571
-3938
-4742
-2917
-1929
169
2101
2413
1038
1516
3844
6358
8114
6627
5934
6643
7827
7850
8647
8085
5946
5411
5354
4619
3229
2800
1554
58
-1408
-2247
-2211
-2521
-3221
-4009
-4460
-5076
-4515
-3208
-2821
-3363
-3667
-3021
-1994
-747
-302
-460
-899
-774
290
1255
1140
241
-298
-651
-555
-382
-837
-2094
-2922
-3476
-3900
-4196
-4321
-5510
-6232
-4199
-2741
-3902
-5237
-3451
-2507
-1386
989
2007
794
492
3078
5167
7202
6739
5921
6288
7612
8165
8598
8722
6688
5970
6151
5729
4238
3582
2599
1109
-49
-1148
-1686
-2114
-2723
-3436
-3999
-4831
-4970
-3887
-3282
-3595
-3872
-3676
-2990
-1802
-824
-780
-1146
-1322
-540
686
1011
446
-10
-442
-654
-435
-408
-1321
-2426
-2951
-3559
-3761
-4234
-4618
-6154
-5850
-3669
-2694
-4285
-5221
-3518
-2803
-758
1313
1993
354
567
2951
5619
7658
6722
6136
6311
7658
8383
9518
8855
6818
6262
6266
5888
4856
4188
2636
1300
219
-677
-1216
-1772
-2457
-3015
-3650
-4648
-4732
-3758
-3328
-3514
-3664
-3710
-3334
-2116
-926
-897
-1432
-1655
-966
4
561
389
-275
-1176
-1469
-934
-627
-1379
-2801
-3559
-3963
-3907
-4232
-4462
-5890
-6496
-4222
-2365
-3434
-5403
-3914
-2820
-1014
1244
2364
862
-43
2389
5216
7874
6814
5900
5868
7252
8221
9365
9303
6781
5926
6123
6417
5181
4479
3116
1716
566
-299
-394
-888
-1650
-2682
-3188
-3961
-4045
-3226
-2848
-3263
-3837
-3629
-3009
-1985
-1362
-1456
-1956
-2149
-1359
-409
-47
-555
-1244
-1777
-1807
-1365
-1232
-2096
-3135
-3731
-3796
-4065
-4090
-4799
-6047
-4631
-2610
-2904
-5063
-3798
-2569
-1739
339
1950
1173
-65
2063
4012
6472
6321
5666
5727
6800
7307
7930
9055
7315
6131
5975
6223
5065
4698
3943
2360
1167
142
-60
-401
-808
-1827
-2496
-3300
-3588
-2761
-2274
-2738
-3333
-3177
-2853
-1989
-1196
-1305
-1956
-2193
-1591
-785
-443
-948
-1463
-1843
-2123
-2036
-1774
-2247
-3253
-3745
-4056
-4245
-4390
-4708
-6048
-5338
-2934
-2411
-4423
-4689
-2894
-1876
155
1924
1683
-56
1092
3772
6162
6749
5527
5342
6240
7281
7592
8392
7505
6074
5902
6066
5138
4226
3845
2716
1588
398
-388
-730
-813
-1274
-1895
-2771
-3627
-3149
-2010
-1775
-2404
-2668
-2631
-1942
-777
-280
-833
-1532
-1415
-655
45
-260
-917
-1497
-1925
-2100
-1942
-2114
-3119
-3870
-4231
-4524
-4913
-4997
-5548
-6460
-4950
-2800
-3121
-5104
-4284
-2402
-1293
760
2117
1392
90
1959
4689
6803
6659
5458
5565
6368
7294
7843
8429
6707
5341
5540
5578
4645
3829
3148
1567
641
-85
-423
-816
-1281
-1850
-2292
-2801
-3155
-2296
-1693
-1952
-2255
-1974
-1708
-1043
-174
-182
-765
-992
-503
43
167
-338
-1051
-1682
-2019
-2022
-1914
-2592
-3820
-4542
-4802
-4883
-5034
-5468
-6804
-5818
-3514
-3210
-4819
-4543
-2953
-2242
264
2045
1590
76
1504
3977
6211
6898
5778
5650
6152
7105
7626
8597
7221
5568
5495
5532
4697
3854
3364
1705
608
-100
-508
-1026
-1434
-1814
-2259
-2752
-3242
-2578
-1862
-1865
-2129
-1920
-1636
-1117
-202
112
-275
-798
-443
326
717
157
-584
-1281
-1761
-1749
-1507
-2049
-3613
-4602
-4962
-4839
-5023
-5432
-6976
-7102
-4595
-3215
-4461
-5478
-3966
-2991
-901
1568
1893
274
500
3159
5605
7086
6290
5879
6237
7162
7694
8581
8158
6386
5880
5718
5008
3961
3643
2437
1069
-134
-819
-1152
-1543
-1751
-2066
-2725
-3733
-3217
-2095
-1730
-1955
-1929
-1864
-1395
-232
509
375
-378
-360
406
1198
937
294
-463
-1174
-1359
-1243
-1531
-2856
-3921
-4627
-4868
-5269
-5608
-6482
-7676
-5981
-3877
-4096
-6194
-5378
-3689
-2204
341
1540
746
-467
1804
4503
7022
6703
5698
6108
7115
7857
8236
8948
7200
6211
6002
5729
4492
3743
3101
1695
367
-1035
-1185
-1379
-1766
-2323
-2828
-3834
-4116
-2712
-1883
-2166
-2589
-2377
-1691
-597
347
449
28
-299
312
1363
1625
972
294
-220
-722
-906
-994
-1683
-2874
-3901
-4584
-4957
-5386
-5888
-7265
-6745
-4704
-4201
-5905
-6163
-4411
-3431
-1119
903
907
-753
296
3163
5878
7005
5845
5625
6329
7671
8201
9063
8073
6355
6037
6097
5471
4294
3548
2092
842
-365
-906
-1149
-1638
-2276
-2895
-3519
-4053
-3370
-2441
-2368
-2779
-2796
-2150
-1127
-160
193
-13
-302
61
1021
1613
1364
710
50
-389
-555
-490
-888
-2019
-3260
-4127
-4386
-4715
-5096
-6595
-6987
-4947
-3742
-5250
-6399
-4712
-3776
-2121
421
1141
-699
-733
2302
4982
6564
5874
5480
5882
7140
7955
8828
8518
6720
6194
6312
5823
4618
4040
2842
1399
12
-788
-1143
-1547
-2041
-2588
-3422
-4405
-4039
-2947
-2546
-2960
-3140
-2956
-2119
-829
-87
-230
-776
-570
417
1311
1344
793
121
-417
-461
-216
-453
-1569
-2702
-3393
-3843
-4244
-4510
-5683
-6924
-5331
-3184
-4056
-6188
-5419
-3922
-2619
-183
1228
-88
-1247
948
4077
6248
5971
5146
5561
6686
7428
8299
8691
7182
6220
6378
6013
4801
4253
3482
2150
727
-583
-1140
-1376
-1627
-2165
-2887
-4148
-4446
-3226
-2434
-2709
-3133
-3047
-2617
-1341
-337
-164
-708
-863
-71
1004
1323
783
374
-155
-365
-325
-324
-1205
-2156
-2707
-3329
-3875
-4372
-4931
-6319
-5373
-3251
-3309
-5529
-5741
-4059
-3014
-639
886
352
-1269
82
2925
5500
6161
4922
5040
5896
6995
7612
8533
7411
6048
5995
5876
5130
4334
3748
2313
1084
-293
-871
-1068
-1482
-2069
-2793
-3684
-4319
-3286
-2423
-2717
-3244
-3148
-2595
-1680
-616
-409
-781
-1113
-456
627
1068
636
167
-137
-473
-472
-450
-995
-1986
-2651
-3107
-3574
-4239
-4714
-5804
-5513
-3551
-2917
-4805
-5831
-4087
-2933
-1009
742
694
-988
-300
2524
4923
6149
5069
4845
5548
6926
7422
8213
7683
6160
5964
5990
5475
4506
4040
2686
1397
186
-419
-675
-1156
-1761
-2554
-3255
-3881
-3143
-2224
-2483
-3177
-3163
-2554
-1746
-777
-520
-954
-1355
-850
156
669
313
-205
-492
-759
-896
-816
-1217
-2083
-2783
-3338
-3834
-4399
-4657
-5799
-5591
-3755
-2955
-4593
-5634
-4028
-2878
-1015
706
940
-704
-298
2384
4899
6155
5121
4925
5574
6905
7423
8213
7738
6180
5948
6086
5572
4560
4158
2930
1509
256
-264
-470
-969
-1575
-2341
-3098
-3716
-3100
-2072
-2221
-2998
-3146
-2585
-1788
-887
-501
-958
-1462
-1134
-115
473
231
-303
-710
-930
-1092
-958
-1302
-2123
-2876
-3557
-4050
-4491
-4545
-5821
-5841
-3924
-3043
-4572
-5508
-3892
-3094
-1282
760
1263
-425
-268
2353
4898
6367
5338
5123
5646
6850
7393
8312
7914
6143
5797
5970
5540
4438
4017
2893
1515
186
-492
-628
-1079
-1637
-2214
-2962
-3809
-3354
-2117
-2055
-2696
-2933
-2611
-1961
-899
-278
-685
-1266
-1197
-227
543
557
-57
-615
-1046
-1102
-807
-999
-1995
-2998
-3677
-4103
-4285
-4319
-5445
-6213
-4530
-3078
-3945
-5208
-4138
-3252
-1799
548
1562
247
-300
1880
4432
6322
5855
5333
5611
6619
7288
8040
8013
6471
5857
5898
5502
4355
3757
2945
1885
597
-593
-1000
-1221
-1590
-2009
-2617
-3768
-3935
-2642
-1953
-2337
-2838
-2876
-2389
-1211
-278
-386
-970
-1263
-587
399
771
246
-357
-942
-1190
-929
-935
-1705
-2781
-3512
-4050
-4319
-4378
-5021
-6098
-5284
-3347
-3393
-4947
-4812
-3459
-2288
-212
1406
712
-429
846
3598
5758
6187
5331
5273
6111
7036
7738
8003
7007
5865
5855
5638
4829
3904
3258
2291
1152
-25
-660
-837
-1287
-1656
-2238
-3145
-3705
-2751
-1953
-2121
-2650
-2812
-2402
-1416
-427
-400
-808
-1198
-828
13
658
268
-361
-947
-1237
-1161
-1105
-1614
-2602
-3283
-3882
-4148
-4500
-4847
-5979
-5421
-3464
-3005
-4635
-5234
-3631
-2491
-410
1164
1007
-573
248
2984
5357
6264
5199
5014
5560
6879
7563
8093
7202
5915
5826
5702
5244
4246
3634
2497
1404
236
-436
-503
-962
-1362
-2093
-3009
-3689
-2799
-1823
-2109
-2715
-3068
-2616
-1742
-589
-504
-1052
-1472
-1103
-249
291
156
-543
-1024
-1395
-1227
-1282
-1628
-2566
-3170
-3592
-3852
-4324
-4859
-5725
-5796
-3582
-2592
-3900
-5496
-4090
-2704
-810
1202
1346
-247
-443
2364
4843
6431
5475
4888
5227
6512
7448
8108
7764
6101
5792
5818
5516
4551
3926
2959
1700
523
-479
-523
-779
-1200
-1790
-2758
-3800
-3444
-1899
-1778
-2478
-3140
-2955
-2094
-843
-219
-727
-1325
-1322
-352
395
431
-139
-741
-1219
-1250
-1085
-1376
-2088
-2972
-3509
-3657
-3903
-4576
-5331
-6080
-4918
-2938
-2844
-4819
-5074
-3545
-2034
255
1587
760
-743
723
3456
5830
6264
5275
4899
5674
6965
7742
8266
7072
5811
5530
5551
4972
4196
3425
2152
857
-322
-759
-791
-1195
-1733
-2485
-3505
-3971
-2819
-1787
-2105
-2750
-3038
-2458
-1343
-223
-87
-609
-1030
-583
314
819
653
149
-685
-1224
-1117
-1041
-1409
-2344
-3221
-3906
-3937
-4380
-4886
-5806
-6129
-4411
-2955
-3656
-5447
-4515
-3147
-1265
884
1512
88
-525
2021
4626
6510
5980
5192
5122
6424
7562
8107
7973
6394
5691
5533
5451
4478
3759
2775
1463
299
-633
-926
-1300
-1602
-2141
-2936
-3823
-3639
-2390
-1956
-2352
-2798
-2607
-1915
-817
40
-50
-587
-696
46
636
864
654
138
-762
-1178
-1056
-1182
-1782
-2832
-3530
-4039
-4270
-4859
-5385
-6366
-5968
-3841
-3060
-4550
-5609
-4140
-2726
-431
1452
1222
-406
76
3049
5676
6847
5749
5075
5544
7022
7951
8299
7447
5906
5643
5635
5137
4044
3314
2216
1015
-28
-851
-1303
-1688
-1821
-2371
-3212
-3887
-3330
-2284
-2099
-2383
-2619
-2277
-1638
-438
264
45
-453
-268
447
807
1007
754
162
-718
-928
-876
-1178
-1978
-3053
-3549
-3992
-4385
-5053
-5527
-6429
-5845
-3771
-3234
-4748
-5524
-3949
-2510
-237
1299
1126
-223
444
3232
5792
6807
5639
5237
5774
7123
7771
8175
7256
5874
5561
5427
4824
3783
3161
1990
790
-368
-1101
-1521
-1758
-2020
-2651
-3429
-3959
-3355
-2406
-2221
-2562
-2731
-2381
-1595
-410
205
-80
-470
-260
412
909
1096
665
-44
-615
-642
-645
-1107
-2043
-2970
-3385
-3682
-4244
-4962
-5600
-6256
-5262
-3397
-3322
-5059
-5230
-3613
-2003
69
1387
894
-284
970
3712
6093
6597
5618
5275
6018
7222
7856
8187
7063
5850
5486
5330
4621
3861
3111
1762
527
-546
-1127
-1465
-1669
-2146
-2780
-3523
-3837
-3047
-2238
-2244
-2581
-2606
-2226
-1300
-208
129
-301
-573
-242
365
865
826
238
-477
-840
-783
-916
-1528
-2541
-3225
-3611
-3887
-4561
-5301
-6069
-6126
-4357
-3130
-4002
-5531
-4689
-3015
-1157
845
1284
143
-254
2070
4697
6475
6127
5197
5308
6413
7455
7921
7780
6366
5585
5422
5102
4379
3679
2624
1284
230
-732
-1194
-1361
-1679
-2256
-2881
-3551
-3513
-2582
-2048
-2218
-2413
-2410
-1934
-829
60
21
-445
-495
-84
444
848
658
71
-674
-962
-879
-1077
-1763
-2699
-3248
-3762
-4098
-4693
-5278
-6021
-5654
-3769
-3150
-4282
-5329
-3986
-2419
-541
1024
1013
21
148
2726
5121
6489
5678
5150
5521
6591
7493
7898
7528
6111
5554
5249
5023
4332
3520
2340
1100
20
-910
-1152
-1345
-1717
-2283
-2978
-3657
-3428
-2457
-2054
-2218
-2487
-2514
-1896
-741
18
-108
-534
-647
-204
347
808
573
-113
-951
-1150
-976
-1109
-1735
-2774
-3434
-3937
-4096
-4620
-5101
-5901
-5454
-3753
-3188
-4192
-4978
-3633
-2264
-392
899
991
142
525
2879
5031
6237
5528
5297
5510
6575
7339
7740
7314
6109
5533
5080
4946
4152
3382
2240
1116
-72
-980
-1149
-1370
-1570
-2227
-3035
-3758
-3365
-2376
-2006
-2141
-2608
-2577
-1900
-678
-24
-133
-573
-722
-261
295
877
616
-130
-1012
-1179
-965
-965
-1511
-2636
-3376
-3859
-4056
-4439
-4835
-5674
-5233
-3635
-3183
-4237
-4656
-3410
-2144
-324
916
932
123
787
2884
5046
6014
5418
5113
5474
6532
7182
7600
6969
5907
5266
5078
4719
3932
3125
2100
1029
-194
-955
-1209
-1237
-1499
-2165
-3118
-3650
-3096
-2140
-1761
-2017
-2514
-2456
-1569
-420
85
-132
-564
-659
-174
423
830
485
-326
-1127
-1244
-1019
-1142
-1764
-2763
-3473
-4032
-4245
-4550
-5022
-5670
-4858
-3450
-3465
-4495
-4448
-3097
-1780
15
973
725
31
1079
3277
5312
5811
5102
4933
5486
6551
7180
7425
6512
5526
5137
5089
4607
3769
2930
1908
845
-239
-772
-970
-1032
-1459
-2240
-3088
-3298
-2602
-1833
-1662
-2125
-2503
-2227
-1236
-244
-1
-368
-841
-655
-99
448
628
172
-704
-1381
-1233
-1123
-1381
-2184
-2912
-3623
-4112
-4371
-4709
-5190
-5471
-4069
-3173
-3732
-4803
-3974
-2478
-1031
575
1020
427
-11
1877
4161
5803
5466
4880
4927
5774
6858
7366
7234
5948
5293
5105
5115
4363
3541
2596
1536
465
-401
-727
-937
-1076
-1725
-2534
-3220
-3085
-2296
-1706
-1910
-2436
-2510
-2000
-975
-179
-212
-810
-1047
-573
14
462
396
-280
-1229
-1510
-1217
-1142
-1686
-2595
-3169
-3776
-4088
-4481
-4715
-5319
-4811
-3372
-3041
-4175
-4640
-3129
-1690
-68
898
914
6
721
3027
5179
5798
4987
4774
5187
6369
7054
7409
6543
5435
5107
5174
4854
3872
3101
2040
1069
61
-525
-861
-1063
-1324
-2083
-2805
-3321
-2831
-2046
-1797
-2263
-2525
-2218
-1595
-597
-172
-469
-1020
-768
-218
295
476
126
-710
-1501
-1392
-1113
-1166
-2099
-2981
-3545
-3903
-4078
-4544
-4883
-5381
-4210
-3130
-3210
-4444
-4154
-2555
-1147
506
976
639
-93
1615
3867
5604
5507
4782
4794
5475
6652
7060
7141
5936
5136
4934
4957
4328
3464
2666
1508
613
-236
-688
-979
-1023
-1454
-2218
-2880
-3022
-2262
-1663
-1722
-2118
-2038
-1697
-908
-59
-14
-522
-679
-248
114
538
491
-61
-1066
-1511
-1298
-1099
-1519
-2609
-3381
-3984
-4182
-4416
-4769
-5409
-5360
-3869
-3215
-3827
-4693
-3672
-2333
-709
797
910
106
160
2466
4494
5698
5199
4732
4879
5805
6788
7121
6823
5539
5050
4904
4717
3959
3241
2248
1038
259
-466
-820
-1028
-1095
-1696
-2445
-2920
-2607
-1815
-1602
-1799
-1953
-1776
-1374
-463
118
-121
-512
-434
-45
331
606
363
-308
-1162
-1381
-1203
-1282
-1989
-2927
-3535
-4139
-4409
-4854
-5292
-5573
-4533
-3388
-3700
-4635
-4643
-3038
-1494
344
918
319
-224
1256
3817
5359
5665
4813
4785
5334
6536
7113
7104
6215
5215
5040
4844
4457
3599
2832
1538
471
-254
-688
-942
-1167
-1490
-2283
-2861
-2849
-2117
-1687
-1830
-2035
-1925
-1549
-857
-108
11
-305
-461
-138
269
598
515
122
-608
-1164
-1247
-1249
-1601
-2511
-3195
-3818
-4285
-4769
-5297
-5611
-5132
-3716
-3568
-4364
-5021
-3946
-2190
-291
958
467
-142
398
2931
4910
5899
5221
4700
5195
6250
7230
7222
6748
5561
5249
5020
4724
4014
3174
2125
820
7
-684
-884
-1196
-1446
-2087
-2855
-3086
-2607
-1892
-1953
-2126
-2201
-1841
-1211
-405
-45
-240
-396
-250
226
560
672
392
-182
-887
-1117
-1126
-1358
-2089
-2950
-3515
-4062
-4422
-5122
-5527
-5698
-4440
-3554
-3842
-4879
-4762
-3157
-1318
637
798
213
-210
1640
3965
5766
5782
4864
4859
5740
7016
7379
7248
6111
5360
5124
4955
4386
3576
2618
1336
386
-422
-858
-1088
-1310
-1762
-2498
-2986
-2916
-2186
-1831
-1950
-2095
-1957
-1450
-732
-77
-84
-226
-283
43
412
700
646
171
-534
-1075
-1103
-1201
-1590
-2466
-3245
-3846
-4274
-4769
-5375
-5659
-5252
-3976
-3624
-4427
-5096
-4131
-2301
-559
810
540
-117
279
2666
4889
5874
5410
4750
5263
6226
7322
7432
7010
5743
5186
5094
4733
4077
3141
2113
756
-51
-725
-954
-1180
-1563
-2201
-2877
-3086
-2715
-1963
-1879
-2065
-2108
-1785
-1200
-461
-18
-157
-243
-244
93
505
852
562
-136
-849
-1156
-1113
-1222
-1737
-2702
-3485
-4168
-4505
-5058
-5376
-5483
-4457
-3628
-4042
-5090
-4716
-2962
-1423
201
691
140
-368
1572
4074
5526
5527
4983
5018
5733
6977
7435
7341
6285
5414
5206
5041
4352
3551
2778
1468
288
-469
-852
-1095
-1381
-1904
-2643
-3168
-3117
-2364
-1859
-2056
-2253
-2067
-1538
-828
-159
-69
-275
-301
-87
382
819
792
214
-540
-966
-1057
-1073
-1447
-2270
-3084
-3877
-4269
-4791
-5283
-5581
-5017
-3762
-3744
-4606
-5216
-3692
-2083
-392
597
405
-357
467
3308
5042
5607
5026
5022
5361
6576
7386
7392
6705
5711
5425
5216
4685
3791
3215
2170
866
-116
-671
-1049
-1320
-1620
-2326
-3034
-3301
-2793
-2067
-1989
-2278
-2305
-1828
-1131
-341
18
-208
-344
-115
320
731
933
571
-266
-808
-933
-985
-1256
-1984
-2853
-3705
-4166
-4579
-5167
-5598
-5633
-4423
-3804
-4229
-5181
-4518
-2837
-1207
304
468
-74
-188
2134
4363
5526
5239
4847
5144
6005
7137
7341
7039
6025
5536
5306
4910
4167
3487
2701
1435
378
-359
-784
-1132
-1367
-1837
-2621
-3068
-2886
-2120
-1800
-1944
-2141
-1911
-1277
-478
138
60
-237
-221
175
538
821
748
99
-746
-1008
-1081
-1164
-1729
-2561
-3478
-4158
-4433
-5010
-5321
-5826
-5186
-4189
-3972
-4701
-5017
-3570
-2121
-326
384
338
-264
827
3262
4982
5679
4943
5069
5442
6640
7209
7285
6637
5717
5451
4942
4609
3752
3103
1962
883
-48
-752
-1010
-1320
-1522
-2235
-2857
-3085
-2546
-1871
-1788
-1884
-2048
-1631
-937
-94
229
-7
-195
-125
249
562
824
493
-278
-917
-1139
-1229
-1447
-2042
-2966
-3785
-4300
-4709
-5183
-5460
-5622
-4644
-3908
-4137
-4975
-4452
-2798
-1241
263
566
196
-12
1922
4196
5706
5620
5021
5195
5897
7022
7375
7237
6206
5471
5063
4740
4225
3325
2461
1321
334
-651
-1121
-1242
-1458
-1870
-2655
-3137
-3094
-2306
-1788
-1774
-2054
-2092
-1455
-597
144
143
-105
-234
-46
387
755
761
163
-526
-966
-1205
-1336
-1683
-2399
-3263
-3898
-4377
-4950
-5278
-5521
-5054
-4047
-3819
-4518
-4970
-3685
-2011
-232
670
522
-24
758
3163
5203
6119
5413
5040
5328
6533
7431
7517
6869
5727
5185
4815
4601
3809
2806
1770
744
-212
-1111
-1313
-1483
-1694
-2352
-3009
-3322
-2967
-2133
-1812
-1852
-2176
-1898
-1130
-145
316
155
-38
-107
224
709
1000
654
-134
-738
-1128
-1251
-1570
-2116
-2886
-3605
-4229
-4893
-5296
-5603
-5473
-4622
-3914
-4249
-5111
-4584
-2922
-986
325
621
141
191
1966
4265
5896
5823
5186
5100
6008
7065
7483
7260
6282
5469
5020
4784
4202
3340
2273
1227
449
-532
-1244
-1537
-1555
-1958
-2522
-2954
-3088
-2557
-1967
-1677
-1740
-1695
-1408
-587
259
457
256
119
132
364
923
924
334
-584
-1075
-1386
-1460
-1866
-2667
-3370
-4149
-4583
-5320
-5538
-5908
-5416
-4330
-3912
-4535
-5342
-3924
-2164
-168
606
641
6
663
3137
5155
6225
5466
5204
5425
6722
7380
7464
6995
5823
5330
4955
4701
3704
2956
1863
808
91
-843
-1418
-1726
-1692
-2312
-2758
-3072
-2961
-2337
-1950
-1801
-1823
-1491
-1198
-314
373
447
234
171
197
452
1010
816
153
-800
-1280
-1558
-1540
-1968
-2882
-3651
-4560
-4790
-5434
-5505
-5920
-5368
-4349
-4022
-4480
-5134
-3425
-1887
50
708
875
261
1163
3743
5455
6375
5594
5543
5680
7065
7585
7565
6966
5752
5341
4894
4587
3484
2793
1625
539
-119
-961
-1541
-1920
-1883
-2524
-2939
-3196
-2984
-2435
-2190
-2019
-1925
-1577
-1303
-399
299
289
101
98
175
488
1000
811
20
-929
-1366
-1411
-1432
-2089
-2878
-3655
-4576
-4905
-5187
-5326
-5885
-5075
-4109
-3974
-4700
-4794
-3101
-1544
199
777
873
300
1601
4041
5824
6284
5536
5480
5842
7239
7680
7627
6713
5632
5205
4896
4477
3416
2569
1393
405
-297
-1019
-1557
-1884
-1983
-2550
-2963
-3119
-2824
-2302
-2121
-1945
-1801
-1418
-1005
-208
327
191
98
150
291
552
859
492
-330
-1055
-1423
-1564
-1703
-2491
-3291
-3936
-4561
-5073
-5502
-5527
-6004
-4864
-3954
-3848
-5021
-4623
-2761
-1121
518
903
934
280
2127
4285
6177
6234
5454
5305
5908
7332
7488
7518
6387
5446
4890
4750
4256
3260
2411
1224
220
-655
-1089
-1356
-1613
-1950
-2564
-2993
-3022
-2447
-1861
-1808
-1818
-1699
-1199
-583
126
387
126
-1
55
273
574
727
171
-658
-1244
-1537
-1726
-1874
-2611
-3520
-4145
-4593
-5096
-5625
-5591
-5841
-4631
-3775
-3748
-4879
-4244
-2442
-808
826
1128
942
389
2472
4477
6285
6192
5417
5215
5986
7362
7461
7426
6137
5276
4769
4671
4071
3163
2282
1051
107
-830
-1243
-1339
-1463
-1970
-2719
-3144
-3158
-2412
-1710
-1664
-1869
-1900
-1378
-543
323
386
-46
-271
-226
120
652
776
28
-948
-1480
-1626
-1619
-1820
-2580
-3520
-4263
-4696
-5067
-5360
-5480
-5514
-4415
-3655
-3727
-4536
-3706
-2095
-463
955
1250
966
775
2849
4722
6267
6037
5406
5303
6255
7420
7459
7164
5822
5088
4773
4629
3810
2911
1984
766
-61
-781
-1279
-1549
-1685
-2141
-2794
-3129
-3113
-2429
-1820
-1781
-1950
-1889
-1336
-557
268
219
-232
-431
-299
176
652
643
-245
-1104
-1588
-1572
-1526
-1883
-2765
-3649
-4258
-4726
-5010
-5314
-5324
-5356
-4357
-3639
-3577
-4319
-3523
-1720
-241
955
1293
1269
1050
3065
4999
6311
6015
5458
5530
6404
7532
7378
6997
5736
4998
4676
4541
3772
2717
1820
729
-131
-882
-1284
-1485
-1692
-2187
-2772
-3105
-2987
-2251
-1637
-1668
-1853
-1796
-1139
-303
396
231
-264
-436
-247
299
621
398
-538
-1393
-1730
-1624
-1695
-2251
-3103
-3825
-4423
-4850
-5316
-5494
-5410
-5293
-4293
-3557
-3656
-4465
-3222
-1363
63
1053
1366
1196
1286
3454
5194
6354
5844
5275
5467
6592
7472
7151
6752
5480
4857
4595
4402
3575
2610
1656
663
-51
-896
-1315
-1362
-1474
-2072
-2601
-2979
-2876
-2076
-1428
-1519
-1730
-1740
-1156
-160
490
251
-326
-452
-321
314
687
282
-683
-1573
-1781
-1677
-1667
-2331
-3170
-3778
-4472
-4807
-5372
-5431
-5501
-5175
-4076
-3394
-3648
-4596
-2964
-1220
329
1128
1419
1016
1281
3782
5334
6374
5510
5134
5341
6751
7505
7034
6592
5261
4859
4617
4465
3363
2431
1529
434
-189
-894
-1253
-1531
-1598
-2105
-2698
-2927
-2792
-1984
-1520
-1570
-1803
-1701
-1053
-176
465
196
-254
-368
-116
420
734
308
-597
-1333
-1594
-1620
-1698
-2263
-3062
-3696
-4345
-4763
-5231
-5481
-5519
-5226
-4178
-3517
-3602
-4368
-3161
-1465
57
1047
1390
1157
1287
3512
5115
6136
5527
5218
5374
6602
7360
6985
6571
5478
5031
4670
4540
3446
2488
1634
594
-165
-850
-1100
-1527
-1654
-2153
-2687
-2931
-2776
-2052
-1642
-1585
-1911
-1728
-1131
-291
283
182
-153
-313
11
351
678
380
-332
-1031
-1396
-1519
-1744
-2012
-2762
-3551
-4164
-4566
-4883
-5401
-5303
-5416
-4749
-3912
-3326
-3745
-3719
-2262
-851
730
1321
1609
1276
2410
4151
5563
6035
5471
5349
5860
6930
7026
6792
6065
5202
4688
4471
3943
2915
2036
1087
208
-566
-964
-1251
-1504
-1912
-2404
-2768
-2871
-2375
-1693
-1393
-1698
-1860
-1377
-541
143
284
94
-270
-278
89
550
543
-136
-912
-1482
-1580
-1731
-1932
-2429
-3351
-4099
-4497
-4629
-5131
-5305
-5212
-5261
-4301
-3344
-3065
-3982
-3098
-1413
86
1192
1621
1647
1400
3262
4808
6170
5803
5326
5446
6329
7164
6781
6637
5475
4916
4480
4376
3452
2499
1731
660
-40
-828
-1046
-1319
-1541
-2192
-2703
-2913
-2779
-1962
-1462
-1673
-2118
-1796
-1032
-232
255
92
-358
-578
-259
319
668
115
-775
-1460
-1603
-1676
-1696
-2110
-2952
-3832
-4324
-4515
-4825
-5214
-5148
-5205
-4543
-3521
-2960
-3757
-3680
-1834
-294
961
1426
1646
1141
2613
4468
5844
6000
5413
5350
5999
7195
6939
6703
5830
5152
4752
4579
3831
2792
2157
1054
309
-467
-1015
-1357
-1400
-1858
-2606
-2895
-2928
-2263
-1619
-1635
-2117
-2007
-1438
-666
176
224
-348
-717
-423
79
610
414
-497
-1350
-1619
-1623
-1619
-1863
-2567
-3552
-4122
-4387
-4588
-5108
-5193
-5135
-4880
-3786
-3007
-3303
-4069
-2483
-767
543
1260
1593
1222
1645
3841
5291
6012
5385
5168
5510
6678
7055
6672
6179
5234
4848
4651
4285
3306
2540
1617
593
-80
-679
-1003
-1156
-1548
-2285
-2768
-2749
-2369
-1631
-1517
-2001
-2215
-1708
-879
-51
228
-307
-750
-627
-109
418
533
-281
-1215
-1579
-1530
-1615
-1769
-2206
-3233
-4002
-4322
-4353
-4854
-5165
-5108
-5204
-4350
-3252
-2802
-3899
-3304
-1542
-59
949
1539
1589
1133
2760
4570
5913
5636
5121
5233
6062
6900
6671
6474
5539
4922
4619
4479
3712
2716
1976
1019
343
-413
-849
-1105
-1353
-1850
-2396
-2552
-2511
-1905
-1427
-1633
-2048
-1918
-1147
-291
236
-72
-600
-741
-322
264
567
8
-978
-1561
-1573
-1456
-1578
-2062
-2989
-3776
-4130
-4201
-4452
-5036
-5204
-5264
-4639
-3439
-2798
-3519
-3927
-2243
-592
729
1451
1511
995
1925
4109
5506
5999
5279
5059
5598
6772
6972
6619
6002
5024
4745
4571
4058
2991
2261
1376
586
-23
-809
-1259
-1417
-1561
-2141
-2569
-2773
-2527
-1748
-1605
-1878
-2092
-1627
-917
-59
111
-454
-790
-582
-36
363
277
-558
-1287
-1565
-1447
-1501
-1901
-2633
-3356
-3765
-4077
-4317
-4858
-5232
-5100
-4772
-3638
-3094
-3258
-4132
-2817
-970
365
1333
1382
1158
1340
3696
5119
6055
5556
5123
5441
6505
7257
6752
6423
5360
4904
4705
4345
3405
2552
1833
787
148
-612
-1156
-1318
-1465
-1963
-2644
-2852
-2763
-1980
-1613
-1929
-2201
-1889
-1160
-444
70
-370
-795
-725
-250
149
250
-247
-1022
-1442
-1577
-1632
-1869
-2266
-3045
-3600
-4076
-4382
-4737
-5081
-4966
-5091
-4135
-3344
-2948
-3931
-3396
-1605
-215
1093
1446
1509
1003
2820
4575
5953
5896
5204
5373
6130
7242
6878
6747
5772
5106
4911
4671
3892
2836
2255
1147
508
-267
-961
-1356
-1445
-1725
-2417
-2749
-2925
-2358
-1789
-1765
-2048
-1958
-1427
-833
-85
-86
-486
-708
-353
48
313
186
-504
-1193
-1648
-1632
-1747
-2036
-2703
-3583
-4168
-4624
-4610
-5134
-5146
-5413
-4986
-3800
-3001
-3439
-4140
-2499
-1061
557
1487
1688
998
1650
3957
5484
6310
5511
5259
5737
6952
7213
6901
6407
5196
4985
4905
4362
3165
2442
1596
624
149
-697
-1341
-1620
-1655
-2103
-2540
-2807
-2815
-2040
-1665
-1742
-1871
-1553
-1092
-380
180
-84
-424
-429
6
392
579
63
-795
-1311
-1549
-1486
-1763
-2306
-3333
-4001
-4439
-4609
-4887
-5501
-5483
-5572
-4410
-3484
-3042
-4120
-3775
-1928
-270
1201
1488
1414
947
2779
4697
6187
6132
5412
5561
6403
7456
7157
6986
5956
5194
5011
4718
3868
2708
1989
929
300
-433
-1189
-1673
-1864
-2117
-2554
-2770
-3031
-2624
-1941
-1772
-1866
-1745
-1282
-752
-58
134
-129
-331
-141
290
601
455
-300
-906
-1283
-1437
-1571
-1997
-2787
-3683
-4081
-4484
-4711
-5446
-5634
-5558
-5149
-4068
-3280
-3379
-4418
-3000
-1136
594
1257
1644
1305
1571
3726
5418
6538
5857
5627
5824
7034
7482
7198
6795
5666
5122
4842
4560
3409
2335
1440
478
-162
-800
-1341
-1871
-2223
-2495
-2756
-2841
-2913
-2378
-2034
-1939
-1889
-1471
-953
-582
-116
-2
-109
-204
112
392
425
120
-469
-957
-1337
-1536
-1804
-2278
-2969
-3785
-4162
-4531
-4933
-5633
-5467
-5413
-4882
-3764
-3118
-3822
-4241
-2267
-508
865
1476
1694
1179
2145
4468
6000
6540
5750
5597
6068
7311
7525
7199
6530
5371
5027
4845
4388
3117
2129
1157
226
-364
-942
-1492
-1999
-2352
-2644
-2897
-2986
-2833
-2277
-2085
-2107
-1918
-1403
-907
-481
-73
-67
-179
-114
238
412
391
0
-531
-1053
-1441
-1615
-1894
-2307
-3241
-3907
-4411
-4646
-5157
-5493
-5423
-5564
-4513
-3481
-3177
-4234
-3593
-1747
-128
1273
1708
1521
1107
3012
5056
6484
6386
5655
5628
6372
7510
7437
7136
6047
5148
4954
4704
3978
2803
1948
855
42
-629
-1161
-1587
-1991
-2378
-2841
-3063
-3124
-2579
-2100
-2053
-2164
-1927
-1377
-736
-163
-35
-202
-304
-44
221
396
257
-197
-777
-1283
-1538
-1705
-1961
-2662
-3578
-4132
-4569
-4816
-5317
-5340
-5617
-5342
-4058
-3110
-3457
-4212
-2748
-1066
583
1551
1908
1323
1733
3945
5804
6738
6074
5706
5914
7019
7569
7422
6812
5622
5028
4932
4557
3456
2378
1402
461
-346
-964
-1357
-1850
-2383
-2820
-2980
-3150
-3011
-2434
-2180
-2188
-2136
-1631
-1064
-435
-110
-17
-114
-76
202
308
318
125
-186
-840
-1361
-1660
-1841
-2163
-2921
-3857
-4415
-4737
-5032
-5442
-5385
-5723
-5438
-4005
-2987
-3517
-4099
-2383
-759
687
1683
2104
1536
2132
4396
6083
6817
6108
5846
6164
7287
7665
7395
6773
5504
5019
4938
4568
3294
2162
1180
290
-443
-1021
-1407
-2025
-2592
-2907
-2831
-3006
-2959
-2459
-2201
-2184
-2026
-1486
-1011
-499
-144
19
-33
-74
92
203
208
54
-240
-899
-1590
-1879
-2036
-2305
-2984
-3893
-4547
-4841
-5021
-5355
-5223
-5548
-5490
-4065
-2841
-3306
-3906
-2326
-821
476
1822
2291
1685
2124
4311
5941
6855
6338
5781
6044
7185
7672
7394
6860
5462
4887
4976
4666
3338
2180
1208
279
-327
-879
-1466
-2082
-2530
-2732
-2701
-2935
-3090
-2647
-2208
-2087
-1931
-1600
-1239
-714
-140
64
-13
-223
-166
41
252
130
-236
-930
-1679
-1960
-2045
-2214
-2825
-3674
-4384
-4745
-4881
-5197
-5065
-5262
-5347
-4023
-2721
-2976
-3956
-2530
-860
499
1757
2360
1714
1723
4006
5871
6922
6246
5661
5728
6989
7705
7457
6859
5420
4800
4926
4904
3534
2252
1243
378
-239
-774
-1301
-2007
-2527
-2832
-2705
-2933
-3181
-2813
-2331
-2282
-2237
-1745
-1312
-843
-391
-118
-120
-305
-204
36
221
110
-126
-660
-1538
-1884
-1980
-1980
-2508
-3294
-4076
-4593
-4743
-5085
-5027
-5151
-5380
-4334
-2820
-2573
-3817
-3098
-1265
304
1615
2406
2086
1435
3308
5456
6980
6475
5770
5665
6599
7644
7504
7167
5730
4918
4797
4972
3887
2421
1451
550
-70
-812
-1210
-1857
-2394
-2799
-2755
-2816
-3268
-2991
-2508
-2256
-2348
-2008
-1538
-1091
-605
-357
-117
-282
-310
-91
176
70
-78
-270
-1229
-1891
-1930
-1826
-2212
-2823
-3589
-4355
-4529
-4691
-4966
-4967
-5034
-4809
-3395
-2172
-2867
-3618
-2085
-173
1079
2146
2503
1767
2168
4351
6169
6692
5975
5497
5880
6984
7328
7016
6321
5127
4616
4701
4238
2929
1846
1069
252
-449
-1078
-1553
-1937
-2332
-2535
-2628
-2945
-3154
-2641
-2205
-2178
-2156
-1867
-1441
-931
-519
-338
-306
-446
-322
48
100
-143
-260
-693
-1548
-1842
-1698
-1908
-2377
-2964
-3659
-4117
-4190
-4497
-4873
-4600
-4701
-4202
-2764
-1881
-3053
-3407
-1388
241
1306
2103
2330
1526
2468
4639
6123
6316
5581
5279
5903
7091
7084
6670
5934
4917
4581
4654
4012
2700
1856
1069
235
-425
-1063
-1519
-1895
-2161
-2482
-2689
-3148
-3168
-2572
-2302
-2385
-2360
-1972
-1581
-1046
-723
-620
-664
-720
-420
-117
-186
-388
-466
-891
-1550
-1629
-1674
-1872
-2297
-2728
-3379
-3729
-4028
-4308
-4363
-4175
-4423
-3561
-2165
-2009
-3307
-2793
-785
275
1427
2193
2099
1248
2888
4877
6047
5947
5350
5274
6027
7073
6848
6620
5657
4796
4651
4651
3674
2530
1938
963
168
-502
-1144
-1667
-1889
-2138
-2530
-2894
-3422
-3172
-2535
-2329
-2473
-2372
-2102
-1723
-1012
-626
-564
-783
-883
-589
-296
-224
-315
-451
-1130
-1634
-1661
-1667
-1816
-2266
-2780
-3434
-3623
-4045
-4190
-4129
-4086
-4159
-3010
-1765
-2301
-3258
-2221
-239
700
1785
2216
1739
1469
3368
5265
6004
5646
4954
5187
6152
6935
6648
6259
5210
4447
4499
4352
3383
2312
1692
714
-28
-697
-1128
-1498
-1858
-2273
-2643
-3010
-3316
-2815
-2330
-2350
-2571
-2398
-2065
-1444
-824
-582
-659
-906
-941
-527
-171
-193
-305
-577
-1210
-1596
-1593
-1557
-1756
-2178
-2835
-3301
-3581
-3904
-4054
-3861
-3903
-3930
-2687
-1677
-2263
-3186
-1728
-54
886
1712
2162
1547
1520
3550
5171
5823
5217
4717
4959
6185
6728
6374
5897
4809
4205
4336
4320
3215
2177
1483
614
8
-586
-993
-1454
-1843
-2333
-2604
-2896
-3172
-2728
-2370
-2428
-2711
-2491
-2112
-1450
-929
-816
-946
-1164
-1001
-457
-103
-194
-304
-557
-1150
-1364
-1236
-1264
-1481
-1836
-2496
-3063
-3323
-3544
-3693
-3469
-3698
-3762
-2568
-1549
-2249
-3083
-1543
-227
647
1459
2037
1241
1441
3421
4847
5438
4888
4619
4928
6257
6547
6186
5729
4781
4399
4620
4466
3164
2247
1618
873
347
-365
-1030
-1523
-1751
-2237
-2543
-2970
-3370
-3022
-2592
-2633
-2926
-2761
-2484
-1820
-1248
-1130
-1314
-1417
-1155
-579
-180
-184
-255
-553
-1058
-1133
-893
-930
-1219
-1619
-2341
-2748
-2948
-3186
-3502
-3349
-3678
-3731
-2321
-1424
-2201
-3224
-1701
-418
662
1498
1866
1150
1267
3292
4689
5508
4837
4570
4951
6171
6538
6172
5898
4884
4568
4656
4543
3324
2341
1713
934
366
-464
-972
-1475
-1856
-2422
-2726
-3051
-3372
-3032
-2793
-2887
-3124
-2821
-2419
-1819
-1428
-1373
-1359
-1327
-990
-502
-206
-267
-197
-328
-818
-929
-792
-764
-1041
-1433
-2127
-2619
-2681
-3034
-3232
-3321
-3371
-3883
-2712
-1492
-1788
-3022
-2243
-666
80
1198
1797
1526
949
2489
4058
5158
5058
4564
4775
5563
6173
6022
6114
5249
4510
4530
4517
3620
2637
2036
1174
493
-310
-926
-1335
-1713
-2290
-2673
-2940
-3319
-3157
-2812
-2867
-3062
-2852
-2492
-2023
-1569
-1452
-1332
-1188
-925
-561
-300
-310
-135
-12
-380
-705
-696
-680
-759
-942
-1523
-2359
-2619
-2699
-2822
-2918
-3005
-3659
-3526
-1913
-1192
-2215
-2780
-1471
-545
489
1688
1854
935
1208
2952
4445
5231
4706
4329
4770
5618
5892
6070
5729
4608
4343
4528
4101
3165
2480
1714
864
140
-667
-1106
-1433
-1917
-2422
-2830
-3334
-3501
-2960
-2830
-3058
-3199
-3040
-2669
-2007
-1559
-1521
-1456
-1362
-992
-533
-277
-136
-2
-149
-456
-471
-392
-447
-476
-915
-1718
-2253
-2212
-2384
-2620
-2763
-3146
-3651
-2529
-1199
-1569
-2957
-2345
-995
-172
987
1596
1039
375
1920
3568
4775
4712
4171
4275
5150
5915
5903
6016
5128
4480
4590
4586
3815
2921
2354
1402
688
-161
-728
-1096
-1546
-2174
-2691
-3039
-3464
-3144
-2883
-3093
-3326
-3159
-2788
-2226
-1605
-1568
-1542
-1277
-862
-473
-208
-100
36
223
63
-117
-245
-444
-499
-529
-991
-1911
-2222
-2459
-2678
-2969
-2855
-3424
-3587
-2310
-1453
-2329
-3263
-1874
-881
-23
931
1320
421
603
2550
3954
4827
4437
4053
4396
5568
6060
5989
5791
4703
4335
4592
4394
3383
2520
1800
884
287
-496
-1010
-1430
-2016
-2628
-2900
-3197
-3477
-3105
-3018
-3219
-3187
-2798
-2335
-1734
-1393
-1442
-1130
-654
-303
-48
149
193
456
702
458
65
-255
-390
-283
-330
-1066
-2054
-2423
-2664
-2808
-2779
-2778
-3742
-3788
-2110
-1418
-2658
-3149
-1525
-794
-1
1148
1374
348
894
2955
4382
4949
4250
4012
4679
5816
6052
6027
5505
4337
4300
4624
4135
2896
2088
1343
540
-56
-874
-1347
-1888
-2408
-2813
-3047
-3559
-3709
-3158
-3098
-3209
-3109
-2699
-2270
-1658
-1313
-1186
-878
-591
-225
175
429
539
818
740
276
-4
-90
21
-44
-459
-1545
-2230
-2444
-2536
-2521
-2722
-3182
-4199
-3138
-1712
-1575
-3083
-2819
-1335
-653
445
1180
1188
211
1488
3300
4652
4580
3942
4199
4996
5908
5831
5862
5037
4364
4527
4562
3729
2535
1971
1195
494
-313
-1026
-1521
-2005
-2353
-2747
-3212
-3798
-3594
-3017
-2991
-3141
-3053
-2683
-2225
-1548
-1086
-982
-876
-597
2
362
547
748
881
542
129
142
91
113
-152
-637
-1658
-2176
-2424
-2485
-2514
-2818
-3576
-4130
-2528
-1595
-2173
-3303
-2252
-1357
-731
660
1280
722
256
2006
3415
4475
4269
4036
4446
5190
5638
5574
5677
4815
4407
4493
4120
3123
2311
1852
949
186
-771
-1329
-1559
-1921
-2427
-3001
-3420
-3709
-3095
-2721
-2919
-3060
-2807
-2315
-1590
-884
-839
-779
-431
79
576
788
695
775
1000
799
419
181
-118
-187
-247
-690
-1672
-2406
-2696
-2813
-2885
-3154
-3641
-4365
-3213
-1850
-2079
-3481
-2753
-1392
-919
357
1392
963
98
1665
3383
4508
4603
4197
4351
5011
5641
5614
5799
5010
4201
4239
4031
3156
2283
1877
879
52
-768
-1243
-1404
-1785
-2395
-2988
-3216
-3465
-2887
-2465
-2762
-3032
-2642
-1974
-1321
-632
-686
-695
-324
326
822
967
684
562
980
939
609
191
-183
-487
-341
-591
-1515
-2429
-2860
-2976
-2979
-3068
-3588
-4416
-3776
-2288
-2007
-3173
-3149
-1872
-1192
5
1146
1014
3
1010
2902
4276
4672
4090
3963
4529
5516
5702
5765
4964
4022
4083
4214
3551
2567
1998
1082
419
-188
-747
-1150
-1539
-2028
-2456
-2721
-3148
-2875
-2428
-2552
-2747
-2441
-2014
-1589
-841
-663
-697
-473
85
547
728
515
425
812
834
537
217
-115
-528
-366
-376
-1240
-2309
-2751
-2766
-2768
-2916
-3257
-4135
-4152
-2586
-1695
-2598
-3483
-2250
-1403
-369
817
1145
60
258
2255
3749
4572
3926
3618
3950
5171
5536
5525
5088
4044
3901
4239
3987
2874
2217
1533
856
308
-305
-930
-1324
-1581
-1951
-2370
-2863
-2955
-2546
-2394
-2395
-2292
-2160
-1931
-1219
-646
-631
-558
-281
142
390
495
532
743
699
386
179
-27
-228
-195
-288
-1065
-2107
-2504
-2604
-2554
-2843
-3186
-3908
-4338
-2846
-1698
-2287
-3702
-2631
-1614
-819
462
1069
114
-280
1671
3152
4190
3853
3373
3593
4737
5321
5280
5204
4269
3880
4288
4143
3141
2436
1948
1221
670
-20
-745
-1042
-1258
-1628
-2058
-2538
-2920
-2508
-2161
-2221
-2159
-2081
-1955
-1382
-602
-528
-524
-334
21
329
587
584
706
822
526
253
27
-100
-103
-87
-734
-1778
-2328
-2521
-2600
-2708
-3029
-3672
-4526
-3524
-2080
-2126
-3572
-3229
-2050
-1554
-242
760
308
-644
766
2390
3553
3834
3343
3391
4239
5088
5089
5354
4726
4032
4316
4399
3525
2736
2444
1663
975
309
-398
-747
-885
-1377
-1928
-2396
-2860
-2605
-2025
-2164
-2400
-2266
-2053
-1586
-831
-543
-713
-515
-86
452
712
639
549
841
888
686
442
87
-156
-84
-204
-997
-1876
-2397
-2578
-2720
-2933
-3301
-4032
-4415
-3210
-2294
-2910
-3818
-2944
-2210
-1443
-107
441
-299
-390
1257
2685
3811
3820
3540
3752
4723
5321
5577
5544
4739
4379
4595
4392
3591
3007
2377
1451
825
278
-269
-627
-1058
-1659
-2310
-2695
-2809
-2335
-2155
-2443
-2627
-2416
-2004
-1387
-713
-715
-814
-531
206
729
712
511
578
993
1027
810
378
-82
-310
-164
-314
-1214
-2247
-2731
-2750
-2863
-3252
-3711
-4420
-4742
-3351
-2440
-3097
-4296
-3372
-2293
-1293
-44
237
-362
-426
1558
3102
4302
4061
3652
4053
5175
5946
5909
5864
4976
4679
4861
4700
3868
3059
2365
1480
935
237
-426
-862
-1255
-1844
-2493
-2913
-3031
-2593
-2318
-2518
-2752
-2665
-2120
-1336
-577
-536
-694
-455
303
1038
1064
857
791
1195
1342
1184
672
103
-182
-191
-284
-1104
-2128
-2892
-3014
-3173
-3439
-3987
-4610
-5339
-4221
-2823
-3137
-4620
-4287
-2590
-1732
-444
127
-43
-565
1130
3097
4433
4527
3898
4319
5336
6348
6232
6347
5703
5052
5155
5105
4331
3274
2658
1789
968
135
-586
-1024
-1494
-2147
-2727
-3133
-3450
-3117
-2617
-2776
-3168
-3004
-2302
-1453
-744
-606
-663
-346
356
1171
1497
1202
952
1359
1756
1582
1070
425
-40
-223
-204
-825
-1854
-2895
-3298
-3485
-3662
-4177
-4615
-5448
-5360
-3888
-3214
-4206
-4833
-3246
-2204
-1199
-110
485
-14
661
2648
4171
4942
4614
4706
5415
6447
6644
6715
6553
5668
5413
5467
4919
3776
2955
2191
1173
352
-541
-1189
-1689
-2231
-2770
-3188
-3589
-3687
-3156
-2920
-3156
-3135
-2545
-1785
-1092
-590
-433
-171
346
1058
1668
1658
1306
1386
1842
1846
1392
750
124
-335
-395
-648
-1575
-2822
-3683
-3898
-4002
-4399
-4992
-5386
-5996
-5696
-4136
-3379
-4315
-4724
-3049
-1845
-749
452
1134
739
1404
3368
4853
5698
5462
5566
5970
6929
7118
7173
6806
5894
5449
5255
4651
3416
2607
1683
624
-356
-1176
-1762
-2270
-2658
-3128
-3573
-4029
-3937
-3202
-2827
-2865
-2841
-2209
-1551
-741
1
440
518
786
1553
2093
2136
1773
1750
1794
1754
1391
749
8
-663
-953
-1288
-2094
-3295
-4209
-4473
-4768
-5146
-5619
-5903
-6369
-6142
-4408
-3609
-4279
-4857
-3052
-1651
-507
775
1483
1206
1580
3756
5299
6328
5941
5839
6255
7161
7434
7276
7071
5891
5273
5044
4554
3302
2349
1453
298
-587
-1484
-2000
-2452
-2845
-3414
-3779
-4047
-3962
-3158
-2631
-2652
-2671
-2067
-1258
-350
472
899
946
1087
1755
2440
2554
2087
1778
1761
1726
1452
842
-11
-915
-1468
-1679
-2305
-3377
-4472
-4903
-5259
-5594
-5813
-6043
-6326
-6580
-4960
-3753
-3793
-4629
-3250
-1585
-595
896
1887
1965
1767
3790
5374
6523
6433
6096
6343
7107
7556
7120
6988
5857
4973
4818
4428
3088
1907
1189
80
-730
-1548
-2310
-2795
-3111
-3497
-3733
-3801
-3917
-3360
-2528
-2324
-2299
-1808
-1034
-190
710
1245
1265
1337
1749
2485
2773
2336
1769
1578
1564
1297
818
-72
-1055
-1833
-2094
-2513
-3398
-4472
-5224
-5505
-5802
-5845
-5997
-6056
-6536
-5559
-3870
-3189
-3756
-3391
-1606
-580
926
2227
2767
2273
3367
5182
6409
6893
6431
6358
6613
7318
7108
6795
5923
4763
4347
4031
3029
1721
1028
51
-893
-1608
-2373
-2887
-3076
-3211
-3478
-3602
-3668
-3329
-2447
-1872
-1723
-1535
-952
-117
880
1544
1580
1525
1716
2360
2819
2568
1856
1414
1280
1049
684
-183
-1236
-2124
-2538
-2944
-3655
-4543
-5453
-5783
-5998
-6133
-6218
-6146
-6164
-6138
-4511
-3099
-2920
-3336
-2043
-401
603
2093
3081
3251
3054
4529
5948
6933
6904
6395
6362
6696
7044
6582
6178
5070
4096
3643
3115
2000
1005
346
-622
-1463
-2154
-2631
-2848
-2838
-2829
-3065
-3313
-3228
-2382
-1398
-1048
-1033
-898
-303
632
1744
2099
1790
1515
1769
2465
2705
2197
1303
761
449
353
-33
-1094
-2190
-3020
-3394
-3777
-4295
-5077
-5812
-6102
-6210
-6129
-5970
-5829
-5664
-5474
-3969
-2485
-2045
-2335
-1208
466
1323
2673
3678
3967
3586
4696
5938
6823
6815
6233
6111
6231
6431
5854
5586
4649
3572
3012
2467
1555
630
14
-860
-1584
-2239
-2571
-2593
-2632
-2537
-2620
-2742
-2701
-1840
-914
-633
-569
-373
144
863
1829
2047
1730
1456
1557
1969
2104
1611
703
81
-317
-453
-855
-1763
-2769
-3531
-3987
-4210
-4485
-5094
-5715
-6035
-5912
-5702
-5306
-5132
-4850
-4682
-3497
-1687
-905
-1164
-713
1015
1850
3003
4220
4525
3748
4228
5750
6477
6588
5933
5558
5435
5615
5278
4962
4289
2975
2451
2146
1485
521
-80
-691
-1365
-1755
-2060
-2053
-2069
-1945
-1868
-1843
-1833
-1468
-589
-121
-15
32
333
724
1314
1672
1426
1090
872
1014
1090
781
-14
-780
-1138
-1363
-1568
-2236
-3080
-3856
-4200
-4225
-4313
-4720
-5347
-5575
-5363
-4971
-4663
-4437
-4252
-4047
-3367
-1494
-320
-578
-904
489
1679
2509
3634
4099
3489
3212
4523
5518
6008
5465
4855
4672
4954
4891
4654
4478
3364
2569
2429
2181
1454
873
378
-298
-683
-1007
-1086
-995
-949
-1100
-1235
-1227
-1112
-519
-14
26
-145
-122
110
507
933
796
357
60
87
183
114
-316
-1059
-1557
-1710
-1629
-1945
-2602
-3277
-3627
-3714
-3683
-3764
-4168
-4516
-4650
-4343
-4017
-3620
-3597
-3464
-3300
-2352
-674
-51
-567
-768
706
1504
2434
3327
3418
2625
2794
4256
5015
5396
4739
4339
4356
4812
4789
4665
4390
3305
2886
2858
2541
1858
1451
895
158
-249
-631
-722
-667
-704
-1149
-1484
-1622
-1433
-866
-626
-807
-1141
-1200
-914
-330
-27
-344
-774
-887
-704
-445
-406
-842
-1431
-1721
-1684
-1508
-1741
-2322
-2873
-3068
-3126
-3086
-3207
-3503
-3841
-3941
-3790
-3574
-3190
-3174
-3068
-3076
-2063
-671
-174
-711
-689
650
1288
2311
3144
3251
2487
2965
4394
5178
5491
4927
4703
4837
5370
5386
5232
4733
3766
3529
3515
3053
2265
1730
1138
416
-48
-548
-827
-1027
-1149
-1449
-1859
-2204
-2126
-1572
-1464
-1626
-1855
-1895
-1658
-1078
-648
-795
-1123
-1202
-782
-302
-230
-555
-954
-1170
-1144
-835
-948
-1578
-2232
-2523
-2503
-2483
-2671
-3139
-3606
-3894
-3858
-3583
-3307
-3471
-3596
-3551
-2639
-1378
-783
-1176
-1231
-19
898
1993
2847
3110
2585
3091
4515
5462
5902
5515
5277
5412
6023
6091
5838
5280
4323
3933
3806
3328
2426
1679
924
70
-469
-1073
-1539
-1925
-2098
-2299
-2668
-3038
-3051
-2520
-2325
-2261
-2306
-2280
-2060
-1407
-764
-625
-682
-772
-392
171
516
365
15
-329
-513
-204
-163
-684
-1502
-2073
-2324
-2391
-2471
-2958
-3498
-3973
-4201
-3996
-3698
-3665
-3915
-3791
-3487
-2400
-1164
-928
-1249
-691
714
1540
2613
3367
3432
3237
4144
5422
6110
6266
5825
5815
6096
6399
6111
5770
5111
4213
3830
3447
2668
1668
889
105
-677
-1367
-2090
-2497
-2683
-2806
-2956
-3274
-3582
-3444
-2807
-2470
-2324
-2273
-2208
-1823
-1082
-415
-204
-198
-278
82
604
830
627
277
-183
-510
-301
-324
-877
-1776
-2387
-2739
-2821
-2891
-3242
-3656
-4194
-4373
-4046
-3545
-3456
-3596
-3322
-3096
-2066
-604
80
-286
-12
1368
2236
3350
4105
4333
3946
4579
5617
6322
6651
6034
5808
5884
6123
5626
5291
4688
3687
3162
2673
1878
832
123
-646
-1349
-2038
-2749
-3036
-3161
-3291
-3325
-3407
-3697
-3633
-2928
-2533
-2334
-2143
-1951
-1638
-1009
-392
-81
98
15
223
658
803
585
371
55
-424
-452
-486
-944
-1606
-2147
-2502
-2786
-2831
-3025
-3188
-3591
-3842
-3732
-3252
-2976
-2855
-2614
-2439
-2020
-642
618
645
393
1254
2265
3021
4120
4645
4277
4070
4970
5741
6282
6056
5415
5135
5206
5021
4634
4317
3264
2378
2002
1413
489
-206
-794
-1624
-2216
-2676
-3014
-3116
-3236
-3285
-3225
-3334
-3458
-2969
-2375
-2177
-1918
-1598
-1383
-1010
-352
82
246
309
390
682
845
719
549
405
-49
-364
-392
-641
-1116
-1535
-1895
-2288
-2524
-2586
-2608
-2797
-3114
-3380
-3103
-2799
-2415
-2284
-2133
-2212
-1493
108
852
617
373
1434
2071
3083
4044
4194
3447
3452
4596
5276
5667
5051
4565
4264
4422
4259
3972
3499
2354
1816
1439
887
59
-458
-1038
-1837
-2278
-2663
-2893
-3024
-3022
-3003
-3036
-3201
-3197
-2564
-2057
-1814
-1615
-1366
-1061
-632
37
396
542
519
684
1060
1140
994
867
724
193
-41
5
-233
-700
-1175
-1495
-1829
-2079
-2221
-2308
-2486
-2955
-3197
-2950
-2669
-2491
-2485
-2270
-2359
-1717
-188
689
362
-58
1058
1797
2775
3638
3886
3094
2992
4186
4974
5475
4770
4250
3954
4227
4108
3877
3468
2238
1585
1289
881
39
-564
-1234
-2053
-2532
-2887
-3114
-3247
-3334
-3330
-3243
-3340
-3331
-2642
-1988
-1716
-1518
-1206
-786
-259
439
839
1023
1025
1185
1643
1899
1726
1479
1300
873
632
632
388
-145
-752
-1231
-1552
-1764
-2057
-2350
-2653
-3116
-3422
-3331
-3027
-2960
-3010
-2973
-2821
-2431
-1055
38
-12
-561
274
1429
2207
3162
3547
3126
2765
3820
4681
5233
4873
4189
3926
4128
4157
3765
3469
2447
1533
1191
801
35
-673
-1292
-2082
-2632
-3004
-3322
-3337
-3347
-3322
-3201
-3164
-3150
-2544
-1647
-1228
-967
-644
-249
313
1089
1570
1725
1792
1841
2150
2518
2461
2102
1778
1375
967
834
590
34
-693
-1338
-1844
-2142
-2411
-2783
-3169
-3613
-3940
-4118
-3748
-3526
-3418
-3558
-3338
-3120
-2014
-612
-184
-527
-357
941
1713
2908
3514
3417
2861
3402
4388
4995
5198
4383
3956
3901
4094
3796
3493
2753
1611
1165
788
152
-578
-1170
-1872
-2479
-2786
-3175
-3176
-3122
-3020
-2828
-2690
-2643
-2283
-1329
-749
-373
-51
305
738
1468
2090
2275
2363
2249
2373
2707
2809
2437
2016
1566
944
620
431
-31
-858
-1654
-2314
-2789
-3060
-3324
-3636
-4093
-4516
-4770
-4507
-4080
-3786
-3793
-3689
-3498
-2849
-1290
-182
-82
-501
370
1394
2509
3542
3874
3377
3076
3953
4710
5371
4943
4215
3797
3857
3810
3539
3155
2071
1218
786
305
-322
-832
-1431
-2120
-2536
-2897
-3019
-2816
-2681
-2544
-2358
-2207
-2032
-1304
-465
-38
280
595
996
1520
2173
2484
2615
2533
2363
2520
2660
2442
1938
1515
844
214
-138
-443
-1023
-1894
-2706
-3380
-3682
-3893
-4047
-4311
-4770
-5135
-5075
-4468
-4029
-3810
-3837
-3488
-3059
-1962
-368
439
170
81
1310
2344
3406
4135
4176
3566
3584
4456
5132
5441
4688
3973
3687
3668
3452
3163
2669
1507
762
319
-124
-583
-992
-1502
-2142
-2548
-2793
-2561
-2195
-2075
-1944
-1761
-1543
-1205
-312
385
636
872
1186
1577
1982
2424
2564
2555
2292
2053
2061
1980
1598
1055
452
-387
-1001
-1292
-1564
-2174
-3039
-3833
-4327
-4351
-4312
-4329
-4653
-5055
-5175
-4669
-3861
-3454
-3354
-3361
-2757
-2067
-661
648
1054
585
915
2268
3176
4067
4336
4129
3438
3818
4645
5131
4973
3986
3397
3230
3372
3053
2698
1950
905
415
185
-83
-555
-938
-1401
-1887
-2135
-2129
-1804
-1541
-1469
-1331
-1084
-830
-454
296
747
867
1078
1368
1607
1830
2091
2061
1901
1624
1424
1320
1098
635
95
-518
-1261
-1754
-1973
-2241
-2864
-3526
-4076
-4339
-4272
-4159
-4174
-4434
-4598
-4532
-3957
-3263
-2895
-2763
-2671
-2038
-1418
-160
955
1340
949
1234
2371
3129
3894
4110
3883
3158
3478
4254
4660
4441
3555
3005
2918
3158
2900
2474
1790
922
600
498
238
-268
-621
-974
-1326
-1436
-1496
-1364
-1178
-1023
-870
-626
-465
-261
220
612
781
946
1066
1131
1270
1451
1391
1241
1010
742
614
437
63
-407
-901
-1526
-1934
-2109
-2268
-2727
-3258
-3755
-3967
-3839
-3673
-3686
-3881
-3999
-3975
-3522
-2838
-2409
-2311
-2327
-1831
-1266
-353
823
1382
1159
962
1911
2626
3402
3851
3833
3122
2926
3682
4171
4437
3768
3161
2843
3044
2989
2735
2437
1524
939
726
614
189
-120
-449
-996
-1219
-1317
-1207
-1072
-983
-934
-826
-698
-647
-228
134
269
343
398
425
512
811
785
671
446
208
116
94
-126
-573
-937
-1428
-1731
-1867
-1935
-2245
-2711
-3163
-3425
-3287
-3108
-3072
-3212
-3320
-3388
-3129
-2530
-1983
-1868
-1962
-1701
-1098
-535
497
1328
1376
898
1345
2220
2816
3464
3641
3196
2553
2970
3583
4097
3966
3229
2757
2702
2858
2753
2751
2124
1182
817
729
558
220
-56
-694
-1126
-1199
-1177
-1036
-1037
-1068
-1097
-965
-962
-760
-333
-180
-155
-160
-83
-40
261
439
331
186
-62
-122
-87
-48
-416
-760
-1072
-1330
-1427
-1493
-1642
-2077
-2415
-2732
-2744
-2620
-2547
-2636
-2706
-2770
-2756
-2472
-1898
-1582
-1641
-1643
-1190
-679
-48
974
1322
997
811
1682
2335
2893
3244
2997
2529
2492
3157
3551
3823
3252
2715
2672
2777
2700
2524
2316
1495
1021
864
595
273
-57
-429
-932
-1084
-1267
-1298
-1145
-1181
-1110
-1093
-1037
-1079
-678
-337
-227
-154
-215
-104
89
438
409
367
171
-22
33
115
-24
-436
-680
-1005
-1175
-1295
-1366
-1654
-2086
-2432
-2625
-2554
-2553
-2507
-2607
-2738
-2809
-2671
-2247
-1846
-1670
-1768
-1538
-1072
-650
343
1199
1173
623
1207
2014
2493
3121
3340
2859
2430
3026
3532
3945
3832
3166
2813
2974
2983
2690
2590
1937
1127
935
784
296
-109
-384
-910
-1218
-1372
-1610
-1606
-1502
-1468
-1341
-1239
-1384
-1249
-756
-495
-338
-213
-244
-182
192
468
481
470
256
165
298
364
114
-148
-487
-904
-1032
-1077
-1173
-1510
-1948
-2475
-2568
-2419
-2347
-2413
-2536
-2817
-2878
-2552
-2024
-1735
-1734
-1760
-1523
-994
-503
574
1196
1025
573
1303
2085
2522
3123
3239
2769
2365
3049
3591
3968
3699
3052
2763
2827
2821
2585
2450
1660
878
697
567
182
-198
-456
-978
-1308
-1468
-1575
-1494
-1469
-1398
-1365
-1342
-1422
-1144
-720
-558
-409
-389
-302
-154
237
377
396
359
246
337
451
441
148
-82
-405
-670
-763
-867
-1000
-1332
-1742
-2173
-2254
-2175
-2154
-2202
-2361
-2601
-2649
-2376
-1924
-1617
-1618
-1676
-1491
-1001
-591
394
999
871
375
1000
1817
2304
2864
2909
2516
2144
2847
3394
3801
3497
2875
2574
2692
2763
2535
2328
1567
870
674
599
265
-124
-466
-932
-1252
-1443
-1543
-1483
-1507
-1488
-1450
-1452
-1483
-1175
-777
-660
-521
-423
-281
-67
313
478
501
478
435
617
773
678
388
196
-69
-309
-377
-514
-806
-1146
-1492
-1791
-2015
-2079
-2143
-2251
-2410
-2608
-2607
-2551
-2192
-1897
-1750
-1771
-1672
-1231
-955
-146
593
962
508
640
1470
2086
2714
2888
2828
2244
2609
3204
3719
3705
3070
2582
2474
2761
2547
2322
1697
918
539
470
259
-207
-571
-1089
-1464
-1626
-1777
-1820
-1799
-1747
-1755
-1660
-1610
-1416
-959
-635
-438
-319
-130
108
538
872
977
966
897
980
1210
1263
1025
745
483
177
31
-122
-471
-795
-1186
-1568
-1935
-2070
-2231
-2362
-2512
-2755
-2872
-2849
-2597
-2292
-1979
-1953
-1957
-1606
-1150
-729
26
759
838
552
987
1661
2193
2698
2905
2607
2264
2621
3036
3420
3258
2626
2169
2159
2204
1966
1772
1132
435
184
106
-140
-492
-806
-1307
-1519
-1562
-1586
-1540
-1485
-1473
-1433
-1168
-1019
-725
-366
-90
88
331
549
762
1061
1211
1245
1251
1252
1215
1246
1114
862
582
299
-47
-291
-612
-939
-1179
-1478
-1912
-2290
-2401
-2471
-2492
-2570
-2667
-2764
-2657
-2364
-1982
-1655
-1654
-1604
-1296
-789
-402
328
850
781
492
872
1524
1933
2367
2337
2069
1713
2035
2388
2770
2573
1947
1634
1591
1659
1499
1507
973
443
219
209
86
-134
-361
-716
-870
-927
-876
-750
-723
-752
-673
-529
-434
-241
152
333
472
544
659
754
927
1077
1071
1021
835
816
774
663
389
130
-160
-498
-740
-1016
-1199
-1387
-1653
-2016
-2262
-2385
-2388
-2270
-2245
-2342
-2450
-2342
-2097
-1746
-1519
-1527
-1543
-1317
-947
-550
163
509
314
31
479
1067
1536
1940
1865
1506
1318
1799
2240
2625
2428
1910
1662
1809
1966
1951
1916
1427
953
818
821
673
440
150
-227
-433
-539
-549
-454
-462
-587
-612
-551
-503
-308
46
207
248
262
342
496
716
867
893
833
667
666
735
715
490
227
-85
-406
-618
-799
-976
-1162
-1504
-1919
-2165
-2241
-2269
-2217
-2301
-2473
-2648
-2591
-2369
-2105
-1958
-2092
-2086
-1927
-1532
-1254
-541
-60
-89
-360
-14
706
1157
1766
1890
1671
1344
1852
2449
2932
2964
2474
2174
2237
2586
2638
2641
2106
1483
1301
1322
1203
864
504
-56
-361
-410
-454
-466
-557
-693
-824
-701
-583
-445
-218
-108
-36
40
232
350
529
668
721
741
709
720
708
691
551
360
89
-218
-453
-652
-868
-1067
-1336
-1735
-2074
-2202
-2264
-2314
-2442
-2614
-2767
-2822
-2692
-2529
-2351
-2385
-2368
-2268
-1942
-1669
-1233
-572
-185
-268
-297
364
923
1491
1939
2113
1777
1820
2422
3005
3362
3122
2742
2539
2775
2897
2953
2697
2023
1510
1411
1420
1108
747
248
-251
-453
-486
-525
-641
-782
-945
-945
-781
-675
-487
-369
-325
-284
-59
181
313
470
501
530
523
640
715
677
496
288
181
-25
-199
-392
-632
-947
-1184
-1347
-1591
-1852
-2093
-2228
-2341
-2459
-2548
-2633
-2696
-2744
-2586
-2364
-2288
-2261
-2140
-1865
-1602
-1141
-416
-20
-156
-124
557
1187
1714
2197
2296
2008
2094
2745
3266
3519
3239
2852
2739
2930
2966
2875
2583
1923
1468
1383
1285
901
535
108
-350
-563
-660
-821
-969
-1065
-1150
-1176
-1078
-997
-845
-718
-592
-442
-241
-26
163
331
392
517
601
685
722
670
526
434
375
153
-77
-316
-571
-820
-975
-1170
-1510
-1878
-2137
-2250
-2317
-2393
-2574
-2762
-2889
-2844
-2619
-2317
-2219
-2254
-2151
-1882
-1491
-1042
-252
212
142
62
698
1476
2042
2590
2676
2384
2293
2978
3559
3802
3542
2995
2755
2866
3003
2818
2516
1793
1187
1063
1010
672
205
-194
-733
-978
-1029
-1149
-1298
-1422
-1464
-1509
-1334
-1239
-1062
-857
-654
-451
-226
53
220
472
617
777
856
929
950
909
846
754
659
390
82
-200
-457
-707
-924
-1157
-1558
-2002
-2296
-2418
-2468
-2537
-2720
-3001
-3125
-3019
-2765
-2455
-2286
-2305
-2240
-1894
-1438
-1001
-328
243
332
311
788
1503
2070
2622
2807
2614
2472
2896
3444
3737
3627
3085
2715
2660
2793
2667
2403
1754
1069
807
746
547
135
-268
-794
-1041
-1083
-1119
-1190
-1263
-1305
-1317
-1152
-1012
-803
-520
-294
-134
56
307
490
776
996
1060
1028
1014
1096
1125
1079
889
663
371
74
-137
-385
-723
-1115
-1363
-1638
-1971
-2317
-2588
-2722
-2794
-2837
-3021
-3137
-3131
-2986
-2742
-2479
-2312
-2306
-2070
-1685
-1222
-789
-160
221
307
487
1006
1596
2083
2480
2490
2382
2471
2945
3326
3508
3237
2809
2600
2694
2703
2512
2146
1553
1097
942
834
496
95
-325
-658
-820
-914
-1027
-1086
-1135
-1162
-1131
-1054
-977
-685
-343
-169
-82
69
243
521
913
1104
1053
928
954
1129
1266
1199
914
596
278
101
20
-258
-723
-1159
-1424
-1710
-1928
-2224
-2514
-2745
-2860
-2946
-3062
-3055
-3033
-2892
-2781
-2581
-2386
-2209
-1953
-1575
-1138
-850
-275
248
527
625
1097
1612
2025
2431
2586
2488
2460
2859
3228
3422
3184
2758
2506
2523
2478
2289
1966
1376
884
747
619
249
-137
-429
-722
-863
-915
-987
-1055
-1019
-884
-789
-755
-724
-397
12
306
447
516
550
769
1234
1503
1434
1151
1001
1089
1265
1201
874
438
-45
-300
-347
-575
-1112
-1608
-1952
-2274
-2512
-2698
-2901
-3087
-3253
-3370
-3437
-3334
-3204
-2962
-2760
-2569
-2470
-2231
-1781
-1266
-894
-548
1
374
631
1002
1549
1882
2262
2577
2635
2543
2684
2994
3235
3314
2983
2622
2453
2452
2320
2156
1738
1141
806
682
542
227
-51
-410
-596
-648
-647
-661
-657
-611
-536
-342
-269
-135
94
373
597
801
873
889
1052
1253
1352
1316
1150
888
779
781
638
332
-60
-513
-836
-1037
-1258
-1626
-2033
-2473
-2760
-2909
-3031
-3168
-3237
-3321
-3450
-3389
-3211
-2966
-2744
-2456
-2277
-2057
-1794
-1386
-896
-404
-73
223
628
919
1224
1647
2142
2283
2415
2524
2598
2649
2884
3023
2940
2762
2496
2368
2335
2267
1940
1659
1320
982
787
723
482
173
-37
-218
-294
-270
-256
-292
-271
-277
-235
-55
129
207
286
395
475
594
737
801
777
703
610
534
441
267
75
-134
-424
-743
-1024
-1275
-1518
-1733
-2012
-2348
-2655
-2876
-2958
-2936
-2982
-3116
-3161
-3104
-2977
-2738
-2426
-2195
-1998
-1766
-1491
-1154
-747
-320
184
558
684
821
1251
1703
2073
2418
2486
2293
2312
2692
2971
3039
2826
2487
2287
2351
2394
2312
2035
1525
1152
1125
1107
829
556
290
5
-115
-73
-106
-189
-228
-243
-225
-167
-119
17
195
259
222
258
350
471
614
640
478
269
176
174
133
-71
-383
-698
-965
-1151
-1270
-1506
-1805
-2060
-2259
-2486
-2601
-2698
-2789
-2809
-2776
-2800
-2763
-2580
-2405
-2157
-1914
-1709
-1513
-1175
-896
-589
-201
122
433
835
1090
1180
1458
1835
2079
2309
2438
2319
2282
2526
2707
2703
2570
2257
2044
2070
2087
1896
1660
1277
943
885
866
597
299
100
-101
-158
-123
-187
-307
-314
-304
-229
-132
-105
-73
84
171
182
254
335
368
424
442
302
150
64
16
-65
-252
-573
-864
-1058
-1226
-1354
-1502
-1802
-2113
-2266
-2348
-2449
-2471
-2500
-2592
-2612
-2506
-2360
-2211
-1995
-1806
-1566
-1358
-1133
-868
-526
-233
98
540
766
908
1138
1524
1761
2059
2260
2248
2207
2333
2566
2653
2650
2377
2174
2088
2093
2028
1865
1511
1089
949
887
755
485
208
-95
-231
-206
-229
-340
-487
-555
-517
-399
-320
-282
-235
-180
-65
83
160
181
224
301
315
297
219
118
18
-57
-162
-351
-591
-853
-1030
-1185
-1327
-1518
-1727
-1940
-2112
-2202
-2269
-2288
-2332
-2327
-2309
-2220
-2121
-1981
-1755
-1516
-1262
-1111
-888
-688
-349
12
436
725
838
980
1233
1655
1925
2168
2174
2138
2134
2356
2559
2552
2402
2140
2011
1931
1927
1781
1539
1200
917
790
653
457
228
50
-141
-263
-296
-369
-423
-448
-424
-431
-395
-327
-217
-68
10
51
77
145
217
317
357
280
160
98
53
1
-119
-305
-549
-766
-954
-1101
-1209
-1395
-1584
-1782
-1919
-2080
-2118
-2107
-2134
-2154
-2165
-2093
-2024
-1819
-1634
-1401
-1218
-1066
-884
-637
-304
-33
372
643
794
875
1175
1503
1746
1983
2038
1984
1933
2145
2306
2367
2231
1997
1814
1731
1700
1577
1399
1062
761
627
527
333
121
-30
-223
-350
-386
-436
-481
-494
-443
-429
-374
-325
-206
-30
93
149
160
239
308
453
523
491
354
252
230
208
124
-91
-333
-593
-769
-896
-997
-1184
-1422
-1647
-1801
-1905
-1962
-1980
-2013
-2085
-2118
-2057
-1946
-1800
-1629
-1451
-1307
-1132
-949
-699
-432
-140
135
438
636
756
965
1258
1512
1691
1835
1783
1753
1868
2078
2141
2089
1912
1698
1632
1623
1561
1369
1119
821
679
634
500
285
92
-73
-197
-209
-247
-343
-397
-375
-321
-257
-204
-161
-72
54
131
179
213
250
314
412
427
345
260
197
155
68
-62
-278
-494
-686
-816
-942
-1093
-1275
-1480
-1645
-1791
-1843
-1893
-1897
-1955
-1993
-2004
-1934
-1786
-1662
-1506
-1410
-1233
-1068
-816
-595
-362
-127
120
424
604
790
931
1199
1407
1610
1702
1692
1724
1822
2012
2048
1999
1803
1686
1637
1616
1526
1324
1096
867
785
682
533
323
154
25
-62
-101
-191
-263
-300
-260
-211
-173
-147
-96
10
94
158
185
230
263
329
371
338
271
219
195
118
4
-170
-343
-517
-659
-814
-971
-1128
-1283
-1425
-1591
-1733
-1837
-1851
-1849
-1870
-1919
-1940
-1882
-1743
-1584
-1454
-1354
-1230
-1049
-809
-586
-387
-187
48
319
530
699
834
1047
1259
1460
1574
1607
1636
1735
1893
1953
1908
1761
1640
1579
1556
1479
1307
1093
893
769
671
535
363
203
85
-17
-74
-136
-183
-201
-181
-142
-120
-72
-14
85
150
205
242
294
341
367
372
319
266
218
194
114
-30
-217
-393
-546
-692
-835
-995
-1163
-1327
-1477
-1622
-1753
-1841
-1882
-1902
-1929
-1963
-1950
-1876
-1740
-1609
-1478
-1375
-1243
-1056
-825
-616
-431
-226
-9
254
480
663
801
999
1205
1403
1558
1635
1688
1772
1905
1966
1958
1854
1738
1659
1626
1548
1398
1201
992
834
720
605
438
283
141
35
-38
-79
-120
-151
-151
-135
-95
-50
19
83
154
208
269
321
352
357
339
313
266
227
166
84
-59
-231
-405
-567
-717
-870
-1016
-1195
-1371
-1538
-1677
-1797
-1877
-1934
-1993
-2017
-2034
-1997
-1911
-1785
-1675
-1559
-1434
-1302
-1099
-869
-649
-463
-252
-38
214
488
695
856
1025
1221
1401
1593
1715
1761
1815
1899
1964
1978
1939
1819
1714
1650
1568
1436
1262
1060
871
752
630
476
325
192
80
15
-19
-68
-103
-103
-82
-34
28
78
128
205
269
328
371
370
347
326
300
249
177
72
-59
-195
-352
-524
-699
-887
-1074
-1230
-1380
-1550
-1710
-1854
-1976
-2045
-2067
-2092
-2106
-2092
-2046
-1932
-1772
-1634
-1522
-1385
-1231
-1019
-757
-519
-330
-138
81
335
620
848
993
1125
1282
1443
1616
1738
1767
1774
1817
1861
1887
1870
1780
1665
1578
1497
1389
1261
1101
940
810
692
561
441
340
254
195
145
95
63
71
99
139
171
189
219
273
329
365
370
330
277
235
191
124
26
-114
-266
-405
-548
-702
-866
-1048
-1237
-1383
-1507
-1635
-1767
-1881
-1982
-2033
-2031
-2024
-2016
-1982
-1919
-1812
-1653
-1509
-1401
-1278
-1111
-916
-680
-449
-273
-106
103
346
600
823
961
1067
1205
1361
1503
1624
1675
1661
1676
1724
1749
1736
1687
1591
1489
1411
1330
1225
1109
979
844
733
624
515
435
371
295
237
201
170
165
193
215
214
220
240
268
299
317
292
245
192
135
78
4
-109
-242
-373
-505
-642
-779
-929
-1094
-1242
-1366
-1482
-1594
-1695
-1794
-1867
-1901
-1914
-1916
-1901
-1866
-1807
-1710
-1593
-1477
-1370
-1242
-1082
-894
-685
-484
-300
-108
104
335
581
795
961
1111
1268
1422
1570
1699
1775
1804
1831
1857
1867
1852
1803
1714
1608
1503
1395
1285
1162
1020
874
740
609
490
394
301
210
142
100
69
65
74
81
86
99
122
142
157
154
133
100
57
6
-57
-142
-248
-364
-482
-608
-742
-883
-1036
-1187
-1324
-1444
-1559
-1670
-1767
-1846
-1899
-1924
-1931
-1922
-1898
-1848
-1767
-1663
-1548
-1422
-1286
-1131
-953
-754
-544
-342
-139
69
288
513
731
927
1102
1265
1418
1564
1690
1792
1861
1903
1929
1938
1926
1886
1819
1733
1633
1526
1414
1294
1165
1031
897
767
639
522
413
313
229
157
102
63
38
21
8
-3
-12
-18
-25
-39
-66
-105
-150
-204
-260
-328
-409
-503
-606
-708
-813
-924
-1040
-1162
-1281
-1391
-1486
-1567
-1642
-1703
-1744
-1763
-1760
-1736
-1697
-1641
-1568
-1475
-1362
-1236
-1100
-954
-798
-625
-442
-256
-71
112
295
479
665
839
989
1130
1262
1385
1493
1581
1646
1688
1716
1732
1732
1707
1657
1592
1521
1444
1359
1263
1155
1045
936
831
723
612
501
399
311
233
160
92
33
-15
-51
-82
-113
-147
-181
-214
-246
-280
-328
-381
-438
-491
-546
-604
-672
-745
-819
-884
-949
-1018
-1091
-1166
-1228
-1280
-1319
-1352
-1377
-1391
-1385
-1356
-1316
-1266
-1206
-1135
-1053
-955
-853
-744
-630
-510
-382
-245
-104
36
175
311
446
582
713
829
933
1031
1118
1197
1265
1324
1364
1392
1410
1422
1421
1404
1375
1336
1294
1244
1191
1125
1054
974
894
812
726
639
550
462
377
294
213
134
56
-18
-87
-157
-229
-303
-375
-442
-509
-574
-642
-708
-768
-821
-870
-921
-971
-1019
-1062
-1097
-1129
-1155
-1183
-1204
-1212
-1207
-1189
-1166
-1137
-1101
-1057
-1004
-941
-872
-802
-732
-655
-569
-473
-371
-271
-171
-71
36
149
260
364
460
550
640
727
814
892
959
1019
1077
1134
1180
1219
1244
1263
1269
1272
1265
1250
1225
1188
1147
1097
1042
982
916
848
772
692
606
518
432
344
254
156
59
-37
-125
-212
-298
-387
-475
-554
-622
-687
-751
-814
-877
-929
-969
-1005
-1040
-1077
-1111
-1130
-1137
-1134
-1128
-1121
-1109
-1091
-1061
-1024
-984
-944
-903
-851
-788
-716
-642
-568
-493
-413
-321
-226
-131
-42
47
133
226
320
409
495
574
651
727
803
874
934
985
1028
1067
1102
1126
1141
1146
1143
1134
1115
1090
1059
1018
971
919
859
794
726
656
582
503
421
340
260
181
104
24
-57
-136
-210
-279
-344
-411
-477
-538
-592
-638
-680
-727
-770
-808
-838
-859
-876
-893
-909
-919
-920
-916
-908
-900
-889
-871
-842
-808
-769
-732
-692
-644
-589
-529
-465
-408
-347
-283
-213
-135
-60
11
82
157
232
312
384
450
512
572
631
687
736
780
817
852
880
902
919
924
924
918
907
889
862
831
795
756
713
668
618
564
510
450
395
335
273
212
148
89
31
-28
-87
-144
-200
-253
-299
-347
-394
-438
-478
-515
-550
-583
-618
-646
-671
-693
-711
-726
-739
-749
-753
-755
-752
-747
-741
-730
-715
-691
-666
-639
-613
-581
-546
-503
-458
-412
-365
-316
-265
-209
-148
-89
-33
24
82
142
203
263
321
373
427
479
527
573
614
652
685
716
741
762
777
787
791
794
789
781
767
750
728
703
678
644
610
572
531
490
445
399
350
303
255
206
156
105
54
3
-47
-98
-147
-194
-242
-287
-334
-377
-419
-462
-501
-538
-574
-607
-636
-662
-685
-706
-724
-740
-753
-759
-762
-762
-757
-748
-735
-719
-697
-674
-645
-610
-572
-530
-484
-437
-385
-329
-270
-208
-151
-92
-28
35
99
162
221
280
337
393
448
498
546
589
628
663
693
719
742
759
768
777
781
777
773
762
748
729
709
685
658
627
594
558
517
481
439
396
348
304
255
207
155
105
57
5
-48
-99
-151
-203
-252
-302
-351
-401
-446
-491
-534
-574
-613
-649
-681
-709
-734
-754
-770
-784
-791
-794
-791
-783
-772
-755
-731
-706
-673
-636
-596
-552
-504
-449
-394
-334
-277
-217
-155
-90
-27
35
98
158
217
276
333
385
435
480
525
565
601
632
659
683
700
713
721
725
727
724
718
707
692
675
655
629
602
573
543
511
477
442
401
362
321
279
234
188
141
94
48
-2
-50
-95
-144
-191
-242
-286
-331
-376
-417
-458
-496
-533
-568
-600
-630
-658
-681
-700
-717
-726
-732
-732
-731
-725
-714
-697
-676
-651
-621
-586
-547
-505
-463
-419
-371
-320
-265
-210
-152
-93
-34
24
81
136
189
241
292
342
392
436
478
516
551
582
612
638
662
679
693
705
709
712
709
705
695
684
671
651
629
601
573
543
509
473
435
396
354
309
262
215
167
119
68
17
-34
-86
-136
-188
-237
-283
-331
-377
-422
-466
-505
-542
-577
-608
-635
-660
-680
-700
-717
-729
-734
-739
-736
-728
-716
-700
-681
-657
-629
-597
-559
-517
-473
-424
-375
-323
-272
-218
-165
-109
-54
3
60
118
175
230
282
328
373
415
456
494
527
558
584
604
624
639
651
660
665
668
666
662
654
640
624
605
584
558
531
501
470
431
395
357
315
276
234
190
148
104
60
16
-29
-72
-115
-159
-200
-238
-276
-312
-348
-381
-412
-440
-467
-491
-511
-530
-545
-556
-567
-574
-578
-581
-580
-574
-566
-559
-544
-528
-509
-483
-457
-430
-399
-364
-327
-291
-251
-210
-169
-127
-85
-42
0
41
84
124
165
204
241
280
316
348
377
404
427
447
466
481
493
502
507
513
514
512
510
504
495
483
469
452
433
411
386
361
332
303
272
238
206
169
134
99
65
28
-9
-46
-85
-120
-155
-190
-223
-256
-286
-315
-341
-366
-391
-413
-430
-445
-457
-467
-474
-478
-477
-476
-471
-463
-452
-440
-422
-404
-383
-361
-337
-312
-283
-250
-218
-185
-149
-113
-78
-41
-6
29
64
100
133
166
199
228
258
285
310
334
355
375
391
405
417
425
431
434
435
435
431
427
419
409
395
379
362
343
319
295
269
242
215
184
152
121
88
55
19
-14
-47
-78
-110
-141
-171
-200
-227
-253
-278
-299
-317
-336
-351
-365
-375
-383
-391
-396
-395
-394
-392
-383
-376
-366
-352
-338
-323
-304
-286
-266
-243
-220
-196
-171
-146
-119
-93
-64
-36
-9
21
47
72
97
122
147
171
195
218
235
253
270
286
299
311
319
327
333
338
340
339
336
332
327
318
308
298
284
269
252
236
218
198
179
157
136
112
91
67
45
21
-4
-26
-53
-75
-97
-120
-138
-158
-175
-194
-210
-223
-238
-248
-259
-266
-274
-280
-285
-286
-287
-286
-283
-278
-272
-266
-255
-244
-230
-218
-204
-188
-172
-153
-136
-120
-102
-83
-65
-45
-25
-6
14
33
52
70
88
105
122
135
147
161
171
181
189
196
203
207
214
216
218
218
216
215
213
209
205
197
189
180
169
158
147
135
124
111
98
86
71
55
41
27
12
-1
-17
-29
-41
-56
-66
-78
-88
-99
-108
-117
-126
-128
-136
-141
-144
-147
-148
-149
-149
-148
-147
-144
-141
-137
-132
-125
-119
-112
-105
-96
-88
-79
-71
-62
-54
-46
-37
-27
-20
-11
1
7
16
23
30
36
41
46
52
58
59
63
64
68
69
72
72
72
73
72
73
72
71
71
68
67
62
60
57
52
50
44
41
38
33
28
24
22
18
13
10
5
2
0
-3
-7
-8
-10
-12
-17
-18
-19
-19
-21
-21
-23
-22
-23
-24
-26
-25
-22
-22
-24
-21
-22
-23
-22
-21
-20
-19
-17
-16
-14
-12
-13
-11
-11
-8
-9
-7
-6
-5
-4
-3
-2
-3
-1
1
3
4
4
4
5
5
9
10
10
12
12
11
11
13
14
14
16
15
15
15
14
16
14
13
12
13
13
13
11
8
5
5
3
1
0
0
-3
-5
-4
-7
-7
-8
-11
-11
-12
-13
-14
-14
-14
-14
-16
-16
-16
-17
-16
-14
-15
-13
-13
-13
-13
-12
-13
-13
-12
-10
-8
-8
-8
-7
-4
-4
-3
-3
-2
-2
-1
0
2
2
4
5
5
6
9
9
10
10
11
11
9
11
10
12
10
11
11
9
9
9
9
8
8
9
7
7
6
6
7
5
5
4
3
4
3
3
3
3
3
1
1
0
0
0
-2
-2
-2
-1
-2
-5
-5
-5
-5
-7
-8
-9
-10
-12
-12
-13
-14
-14
-11
-11
-11
-9
-9
-10
-8
-6
-7
-7
-6
-4
-4
-3
-2
-3
-1
-1
0
2
4
6
7
6
7
9
8
7
9
10
11
10
10
10
9
9
10
10
10
10
9
8
9
9
8
8
5
6
7
6
4
3
1
3
1
2
0
0
0
-2
-1
-4
-5
-5
-7
-8
-8
-9
-7
-7
-8
-8
-9
-8
-9
-10
-10
-11
-10
-10
-9
-8
-7
-7
-8
-8
-7
-7
-7
-5
-5
-4
-4
-5
-4
-3
-3
-3
-2
-1
1
0
0
1
1
3
4
7
8
8
8
9
10
11
12
13
13
12
12
12
13
12
11
11
12
10
9
8
9
9
7
7
6
5
3
3
2
1
-1
-3
-4
-4
-4
-6
-7
-7
-7
-8
-9
-8
-9
-11
-11
-10
-9
-10
-11
-9
-9
-10
-9
-9
-9
-9
-7
-6
-7
-6
-6
-5
-5
-4
-3
-3
-1
-5
-3
-2
-2
-2
-1
1
1
3
2
2
4
5
5
6
7
8
8
9
9
7
9
9
9
9
9
9
10
9
9
9
8
8
7
7
7
6
4
5
4
3
3
1
0
0
-1
-3
-3
-3
-3
-2
-3
-3
-3
-5
-4
-5
-5
-5
-4
-5
-7
-5
-7
-8
-7
-7
-8
-7
-6
-6
-6
-6
-6
-5
-6
-5
-6
-4
-4
-4
-2
-1
2
2
2
1
0
0
0
0
0
1
1
3
2
3
6
6
6
7
6
5
5
5
5
4
3
3
4
4
5
4
3
4
4
4
3
4
3
3
2
1
0
0
0
0
0
0
0
-2
-2
-2
-2
-3
-4
-4
-3
-5
-5
-4
-3
-3
-3
-3
-4
-4
-5
-5
-7
-5
-5
-4
-3
-3
-3
-3
-1
-2
-1
-2
-2
-1
-2
-1
0
1
0
1
1
2
3
2
3
1
3
3
1
3
1
2
1
2
3
4
3
3
2
5
5
4
5
4
4
4
5
3
2
4
4
2
-1
-1
0
0
1
1
0
1
2
0
1
1
1
1
-2
-2
-2
-3
-2
-4
-3
-5
-4
-3
-3
-2
-4
-4
-3
-4
-5
-5
-7
-6
-5
-5
-6
-5
-5
-4
-3
-3
-1
0
0
1
1
1
0
1
2
0
2
1
1
1
1
3
4
5
5
7
8
6
7
8
5
5
3
3
4
3
4
3
4
5
6
6
5
5
5
4
2
1
-1
0
-1
-1
-1
0
1
1
1
1
-1
-2
-2
-2
-3
-5
-5
-4
-5
-3
-4
-3
-4
-3
-3
-2
-3
-4
-3
-5
-4
-4
-4
-5
-4
-5
-2
-3
-3
-3
-3
-3
-2
-3
-2
-2
-2
0
-1
0
-1
0
2
1
2
2
0
1
1
1
2
2
2
2
3
2
1
3
2
2
1
3
3
2
2
3
2
2
1
2
1
1
2
2
1
1
1
2
1
1
1
2
1
-1
-1
-3
-1
-1
-1
-2
0
-1
-3
-2
-3
-2
-2
-2
-3
-2
-3
-2
-3
-3
-3
-2
-4
-3
-2
-2
-2
-3
-2
-3
-1
0
1
0
1
0
2
2
3
3
2
2
3
2
2
3
2
3
4
4
3
1
2
4
2
2
2
1
1
0
1
3
2
1
1
1
1
2
0
1
0
1
0
1
0
0
0
-1
-1
-2
-1
-2
-2
-1
-4
-3
-2
-2
-1
-2
-1
0
-2
-1
-1
-3
-2
-3
-4
-1
-2
-2
-2
-3
-3
-2
-1
-1
-1
0
1
2
3
2
2
1
1
2
2
1
1
2
0
1
1
2
2
2
3
2
2
2
0
0
0
1
0
1
1
2
1
0
1
1
2
0
1
0
1
0
-1
2
1
1
1
0
-1
-1
1
1
0
-1
-1
0
0
0
0
0
1
0
0
0
1
-1
0
-1
-1
0
-1
0
0
-1
-2
-3
-2
-3
-4
-2
-1
-4
-3
-3
-3
-3
-3
-3
-2
0
-1
0
-1
0
2
1
1
2
2
1
3
1
1
1
2
1
2
2
2
1
1
1
0
1
-1
0
2
1
1
0
0
0
-1
-1
-1
0
1
0
1
-1
1
1
0
1
0
0
1
1
1
1
0
0
0
0
1
0
-1
1
-1
-1
-1
0
0
0
-1
-3
-2
-2
-2
-3
-2
-2
-3
-4
-2
-1
-1
0
0
1
0
1
0
0
0
-1
0
0
2
1
1
1
2
3
2
3
1
3
3
2
2
1
2
1
3
3
1
2
2
2
