SAMPLES:	15297
BITSPERSAMPLE:	16
CHANNELS:	1
SAMPLERATE:	16000
NORMALIZED:	FALSE
-2
-1
0
0
1
0
0
-1
-1
0
0
1
1
1
0
1
-2
-1
0
-1
-1
-2
0
0
0
1
-2
-2
0
1
0
2
1
1
1
0
0
0
1
1
-1
-1
-2
-1
1
-1
0
-1
-1
0
1
1
1
-2
1
1
1
1
-1
-2
-1
2
1
1
1
1
0
3
3
3
1
-1
0
-1
0
0
-1
-1
-2
0
0
0
0
-1
-3
-1
-1
0
-1
-1
0
0
0
0
0
-1
0
-2
0
0
1
0
0
1
0
1
2
2
1
1
1
0
0
-1
-1
0
1
0
1
1
2
3
2
1
-1
0
-2
-1
-1
0
0
0
1
1
1
-1
-1
-1
-1
-1
-1
0
0
1
1
2
0
-1
1
1
0
1
0
2
-1
0
-1
0
0
0
0
-1
0
0
-1
-1
-2
-1
0
0
0
-1
0
-1
-1
-1
-1
-1
-2
-1
-1
2
0
-1
2
0
0
2
0
1
1
1
1
0
-3
-2
-2
-1
-1
-2
-1
-1
0
-1
-1
-3
-2
-1
0
1
0
0
0
1
2
2
3
2
1
1
3
2
2
3
1
0
1
2
2
1
2
1
1
3
4
3
2
1
2
2
2
2
-1
1
0
1
0
0
-2
-2
-2
0
0
-1
-2
-3
-1
-2
-1
-4
-4
-2
-2
-3
-1
-1
0
1
0
0
0
0
1
0
1
0
2
1
1
0
-3
-5
-6
-5
-5
-2
-1
-2
-3
-2
-1
-4
-5
-4
-5
-5
0
1
-1
0
-1
2
2
1
2
2
2
4
4
4
4
3
5
5
4
4
3
3
6
6
4
3
3
2
2
3
1
-1
-1
0
1
2
1
-1
-3
-2
1
1
0
-2
-3
-3
0
-1
-1
-1
-4
-5
-3
-1
-2
-4
-5
-5
-5
-3
-3
-6
-5
-5
-7
-5
-2
-4
-7
-7
-6
-5
-4
-3
-4
-5
-3
-2
1
2
3
2
5
8
10
11
9
8
8
8
11
11
9
8
9
9
9
10
7
7
6
7
7
6
6
5
3
3
2
0
-2
-2
-4
-4
-4
-4
-5
-6
-8
-7
-7
-7
-9
-10
-11
-10
-8
-8
-7
-7
-5
-5
-5
-3
-3
-3
-5
-5
-3
0
0
0
0
-1
0
1
1
0
0
1
0
1
0
0
-1
-1
-2
0
3
1
-1
0
-1
-2
-1
-2
-1
-1
-2
-1
-1
2
4
3
3
5
6
7
6
7
7
6
6
8
8
8
6
5
5
5
5
4
4
5
3
3
1
2
1
0
-1
-1
-1
-2
-4
-4
-5
-6
-6
-6
-6
-7
-8
-7
-9
-8
-8
-8
-8
-7
-5
-4
-3
-3
-2
0
0
0
1
2
3
5
5
6
7
5
7
8
6
8
8
6
8
8
7
4
4
3
3
3
3
2
3
2
2
0
-1
-3
-7
-8
-9
-8
-10
-9
-9
-11
-9
-8
-9
-8
-6
-3
-4
-3
-1
-3
-3
1
2
4
6
9
9
12
15
16
15
14
12
11
9
5
1
-2
-3
-5
-5
-7
-8
-9
-10
-11
-14
-17
-18
-18
-16
-16
-17
-20
-22
-24
-25
-26
-26
-29
-27
-26
-29
-31
-39
-47
-49
-47
-37
-26
-12
3
17
33
46
56
67
72
76
76
79
81
83
85
87
90
93
97
99
97
91
81
70
58
43
28
17
8
0
-5
-9
-9
-11
-16
-22
-30
-40
-58
-72
-83
-93
-105
-117
-131
-143
-155
-167
-175
-185
-196
-203
-203
-197
-194
-197
-194
-182
-166
-133
-83
-26
31
88
146
199
242
272
293
302
302
292
278
262
239
213
192
176
163
145
128
111
93
71
49
27
8
-7
-9
-7
-7
-11
-10
-1
9
12
0
-18
-48
-85
-124
-164
-208
-252
-294
-324
-346
-373
-400
-416
-415
-403
-383
-349
-300
-251
-204
-150
-88
-24
48
137
233
320
392
454
509
552
574
578
562
528
478
422
365
297
220
150
99
54
6
-40
-80
-116
-149
-174
-187
-189
-181
-165
-144
-125
-114
-102
-78
-51
-39
-47
-68
-101
-150
-210
-283
-359
-427
-485
-526
-550
-574
-595
-591
-553
-496
-423
-333
-225
-112
2
112
219
318
415
515
611
689
739
773
803
824
822
800
758
694
618
535
444
341
232
134
57
-13
-83
-153
-213
-263
-304
-332
-343
-339
-324
-302
-277
-263
-261
-252
-229
-202
-189
-195
-218
-248
-294
-356
-433
-514
-592
-655
-686
-698
-709
-711
-691
-633
-545
-434
-304
-165
-16
131
276
418
538
640
732
812
873
912
935
950
957
938
902
859
793
707
617
515
395
277
180
89
-6
-96
-172
-243
-291
-316
-336
-349
-347
-332
-308
-285
-285
-305
-320
-318
-314
-328
-352
-397
-457
-512
-556
-616
-686
-748
-781
-771
-738
-698
-650
-591
-498
-379
-230
-59
100
243
407
584
720
826
921
975
983
997
1021
991
924
874
798
685
602
516
378
242
131
14
-96
-165
-240
-337
-402
-424
-441
-435
-388
-353
-328
-268
-193
-131
-85
-55
-49
-61
-57
-53
-94
-161
-241
-344
-433
-495
-575
-658
-719
-753
-750
-710
-652
-609
-569
-483
-362
-240
-88
76
207
356
558
739
857
962
1056
1095
1122
1181
1176
1070
983
905
758
625
508
324
133
5
-102
-201
-292
-380
-473
-532
-528
-523
-526
-494
-464
-431
-350
-256
-189
-138
-86
-14
38
66
82
52
-14
-86
-174
-280
-394
-517
-621
-697
-758
-811
-865
-895
-888
-880
-860
-779
-691
-597
-422
-190
15
208
446
676
850
1044
1235
1323
1376
1443
1436
1390
1347
1236
1087
954
824
682
534
404
283
131
15
-68
-194
-309
-384
-458
-534
-587
-600
-595
-590
-532
-454
-409
-339
-242
-181
-158
-140
-154
-220
-291
-344
-444
-563
-643
-741
-858
-912
-956
-1058
-1103
-1064
-1051
-1015
-842
-652
-528
-305
17
225
412
708
932
1034
1190
1367
1420
1432
1465
1461
1397
1341
1287
1181
1065
962
807
650
551
385
171
31
-100
-288
-450
-520
-585
-687
-723
-659
-611
-580
-485
-377
-316
-274
-207
-159
-163
-200
-266
-352
-413
-494
-620
-715
-784
-925
-1060
-1065
-1073
-1175
-1189
-1081
-1042
-949
-688
-488
-363
-90
218
391
612
934
1071
1099
1266
1437
1408
1402
1483
1440
1334
1318
1273
1108
987
867
655
487
383
180
-69
-172
-268
-465
-582
-549
-556
-634
-555
-417
-374
-342
-199
-88
-70
-39
-2
18
-6
-55
-141
-215
-307
-449
-568
-640
-769
-974
-1063
-1078
-1161
-1248
-1205
-1158
-1126
-940
-732
-605
-391
-71
118
318
681
917
941
1131
1414
1431
1399
1501
1497
1337
1282
1229
1041
850
708
520
328
202
14
-196
-330
-415
-522
-607
-605
-603
-585
-511
-369
-225
-117
53
222
375
470
564
619
601
529
417
299
78
-138
-364
-583
-843
-1071
-1269
-1454
-1569
-1686
-1769
-1806
-1744
-1755
-1674
-1479
-1307
-1220
-950
-487
-238
6
475
963
1146
1464
1932
2117
2095
2232
2339
2176
2013
1844
1553
1252
1001
656
318
76
-231
-568
-724
-792
-984
-1154
-1130
-1012
-984
-914
-641
-352
-179
60
513
888
1076
1352
1703
1903
1945
2007
2009
1852
1614
1291
934
525
74
-481
-929
-1320
-1792
-2274
-2550
-2748
-3060
-3265
-3305
-3301
-3394
-3294
-3120
-2943
-2787
-2466
-2002
-1589
-1072
-496
170
741
1419
2046
2543
2933
3279
3472
3519
3534
3383
3076
2790
2489
2072
1635
1276
860
406
89
-151
-442
-745
-903
-961
-1073
-1150
-1086
-953
-888
-760
-448
-119
136
418
828
1211
1476
1676
1875
1981
1944
1776
1564
1247
786
246
-245
-737
-1290
-1851
-2296
-2666
-2983
-3226
-3401
-3516
-3585
-3538
-3486
-3346
-3206
-3028
-2809
-2485
-2050
-1578
-1006
-447
230
960
1679
2268
2837
3344
3660
3853
3993
3991
3778
3472
3182
2820
2374
1906
1464
1037
641
314
21
-217
-420
-605
-734
-787
-839
-920
-941
-870
-770
-633
-439
-183
76
377
698
1012
1256
1429
1544
1590
1504
1284
964
539
40
-485
-1029
-1603
-2163
-2639
-3041
-3333
-3522
-3669
-3747
-3706
-3571
-3448
-3267
-3020
-2773
-2531
-2136
-1589
-1083
-586
70
826
1459
2061
2762
3342
3677
3961
4252
4296
4110
3899
3620
3186
2703
2221
1677
1140
675
212
-182
-443
-671
-932
-1051
-1048
-1121
-1228
-1168
-1035
-986
-865
-573
-290
-80
224
624
937
1153
1378
1579
1651
1604
1477
1246
890
442
-43
-539
-1068
-1638
-2176
-2587
-2903
-3188
-3391
-3455
-3459
-3440
-3324
-3119
-2919
-2712
-2447
-2080
-1611
-1113
-636
-71
598
1183
1685
2294
2891
3221
3439
3755
3922
3781
3608
3501
3199
2728
2329
1939
1415
886
465
61
-321
-622
-876
-1089
-1211
-1312
-1429
-1439
-1352
-1292
-1186
-918
-607
-363
-36
397
745
975
1234
1464
1535
1479
1387
1189
844
430
1
-446
-914
-1406
-1872
-2242
-2539
-2833
-3059
-3156
-3210
-3282
-3257
-3114
-2941
-2770
-2516
-2113
-1604
-1087
-545
112
799
1368
1892
2471
2982
3272
3477
3684
3779
3690
3521
3361
3133
2796
2410
2045
1663
1207
741
345
18
-348
-710
-974
-1139
-1319
-1481
-1488
-1404
-1333
-1230
-948
-586
-269
89
536
946
1204
1422
1624
1674
1564
1358
1082
693
224
-286
-792
-1256
-1741
-2207
-2568
-2838
-3141
-3405
-3515
-3607
-3715
-3773
-3729
-3653
-3520
-3263
-2893
-2352
-1713
-998
-197
692
1532
2278
3025
3673
4154
4447
4642
4690
4589
4361
4046
3687
3253
2788
2314
1855
1373
897
455
13
-352
-718
-1110
-1495
-1728
-1923
-2112
-2109
-1973
-1813
-1609
-1145
-589
-64
514
1119
1637
1997
2305
2477
2452
2268
1927
1488
940
337
-315
-979
-1582
-2138
-2622
-3055
-3402
-3691
-3942
-4098
-4201
-4259
-4345
-4390
-4359
-4248
-3996
-3630
-3038
-2306
-1428
-461
618
1733
2732
3682
4523
5209
5606
5832
5874
5703
5358
4916
4393
3793
3181
2572
1992
1451
953
474
33
-347
-741
-1170
-1600
-1960
-2289
-2563
-2709
-2719
-2582
-2361
-1946
-1356
-629
93
797
1556
2203
2641
2898
3075
2988
2564
2059
1498
760
-104
-884
-1607
-2312
-2902
-3387
-3782
-4051
-4278
-4459
-4525
-4545
-4674
-4752
-4709
-4735
-4579
-4158
-3660
-3113
-2070
-905
11
1188
2700
3814
4469
5480
6381
6485
6348
6524
6326
5526
4896
4535
3820
2942
2387
1918
1291
786
442
-8
-394
-713
-1209
-1738
-1965
-2236
-2722
-2863
-2613
-2539
-2459
-1830
-1016
-485
126
1066
1840
2245
2600
2949
2930
2524
2053
1530
789
-109
-947
-1699
-2413
-3048
-3564
-3922
-4108
-4301
-4467
-4477
-4431
-4565
-4700
-4630
-4565
-4467
-4171
-3628
-3007
-2170
-1155
-60
1150
2402
3542
4528
5470
6163
6488
6602
6584
6284
5757
5202
4637
3924
3208
2587
1986
1356
833
428
-23
-457
-864
-1267
-1714
-2070
-2370
-2622
-2738
-2713
-2559
-2252
-1747
-1177
-540
155
868
1513
2053
2484
2731
2756
2531
2151
1632
949
174
-609
-1370
-2136
-2806
-3319
-3723
-4051
-4304
-4426
-4519
-4628
-4739
-4790
-4832
-4820
-4572
-4171
-3710
-3095
-2162
-1164
-150
1049
2323
3411
4372
5365
6144
6552
6722
6762
6588
6198
5684
5104
4451
3729
2977
2265
1617
946
270
-296
-766
-1301
-1873
-2333
-2689
-3047
-3304
-3347
-3244
-3041
-2665
-2069
-1364
-635
90
853
1609
2207
2620
2918
3073
2937
2571
2110
1524
784
-5
-727
-1464
-2236
-2889
-3363
-3799
-4259
-4596
-4820
-5052
-5282
-5429
-5534
-5549
-5287
-4801
-4234
-3508
-2482
-1372
-256
1057
2433
3543
4494
5547
6424
6873
7105
7241
7112
6732
6287
5755
5063
4266
3452
2638
1865
1109
301
-459
-1061
-1634
-2300
-2871
-3235
-3582
-3909
-3962
-3740
-3472
-3109
-2437
-1571
-745
66
972
1851
2529
3023
3367
3506
3393
3054
2540
1893
1150
332
-465
-1207
-1956
-2687
-3275
-3735
-4248
-4737
-5091
-5379
-5675
-5914
-6070
-6144
-5918
-5415
-4807
-4035
-2929
-1694
-503
902
2436
3670
4621
5689
6667
7144
7356
7526
7438
7016
6537
6039
5347
4526
3714
2893
2071
1297
492
-341
-1039
-1643
-2338
-2993
-3414
-3753
-4114
-4231
-4000
-3688
-3336
-2671
-1736
-848
1
981
1953
2689
3244
3665
3816
3665
3313
2792
2097
1298
434
-422
-1191
-1915
-2656
-3296
-3750
-4225
-4727
-5107
-5402
-5737
-6006
-6153
-6284
-6171
-5700
-5112
-4453
-3412
-2095
-888
454
2089
3526
4535
5602
6736
7362
7574
7763
7763
7370
6852
6327
5618
4773
3961
3144
2288
1524
774
-51
-791
-1375
-2028
-2762
-3272
-3623
-4014
-4306
-4258
-3991
-3734
-3252
-2413
-1459
-612
290
1351
2247
2902
3412
3766
3776
3467
3041
2453
1712
828
-51
-846
-1573
-2265
-2946
-3441
-3861
-4308
-4701
-4989
-5275
-5631
-5853
-6009
-6099
-5879
-5391
-4866
-4213
-3092
-1798
-590
863
2503
3827
4824
5983
7051
7530
7724
7878
7792
7348
6836
6282
5495
4652
3832
3009
2183
1402
618
-195
-836
-1444
-2174
-2868
-3364
-3750
-4177
-4396
-4346
-4177
-3883
-3301
-2387
-1481
-599
408
1474
2387
3028
3566
3862
3824
3514
3042
2447
1619
719
-179
-979
-1730
-2466
-3065
-3562
-3980
-4421
-4759
-5018
-5337
-5635
-5869
-6055
-6156
-5885
-5379
-4933
-4282
-3136
-1801
-558
939
2604
3921
4954
6146
7218
7699
7873
7998
7896
7453
6926
6318
5519
4678
3819
2959
2104
1309
461
-374
-970
-1578
-2321
-3044
-3511
-3892
-4312
-4473
-4407
-4195
-3871
-3209
-2246
-1331
-392
657
1790
2715
3372
3895
4165
4137
3807
3311
2659
1800
846
-99
-945
-1778
-2597
-3256
-3757
-4230
-4702
-5078
-5345
-5662
-5967
-6152
-6368
-6488
-6248
-5698
-5215
-4615
-3453
-2071
-752
712
2389
3803
4896
6134
7254
7855
8051
8160
8097
7706
7173
6524
5750
4928
4055
3143
2282
1483
621
-230
-871
-1458
-2207
-2966
-3470
-3852
-4256
-4491
-4431
-4176
-3819
-3233
-2331
-1330
-386
662
1842
2873
3574
4087
4455
4492
4157
3647
3033
2194
1164
167
-747
-1659
-2556
-3321
-3879
-4372
-4874
-5308
-5596
-5863
-6195
-6409
-6583
-6774
-6699
-6229
-5628
-5100
-4111
-2686
-1300
96
1724
3398
4663
5902
7170
8050
8417
8521
8563
8294
7789
7154
6385
5549
4647
3703
2808
1979
1098
174
-615
-1282
-2031
-2879
-3541
-4005
-4490
-4876
-4997
-4806
-4502
-4061
-3282
-2278
-1256
-220
1009
2208
3100
3769
4284
4557
4367
3953
3476
2749
1782
753
-170
-1101
-2002
-2811
-3424
-3885
-4391
-4841
-5145
-5395
-5726
-6064
-6296
-6613
-6780
-6540
-5994
-5542
-4856
-3505
-2067
-713
899
2790
4345
5614
7041
8248
8868
9041
9158
9023
8537
7904
7096
6144
5190
4190
3187
2284
1367
395
-569
-1278
-1956
-2862
-3694
-4204
-4691
-5240
-5542
-5414
-5196
-4880
-4170
-3154
-2105
-1074
207
1555
2675
3522
4173
4663
4723
4454
4051
3427
2560
1491
465
-507
-1445
-2407
-3168
-3648
-4191
-4746
-5114
-5359
-5689
-6101
-6367
-6695
-6962
-6859
-6406
-5955
-5413
-4181
-2740
-1359
291
2245
3959
5319
6869
8233
9039
9411
9652
9595
9167
8616
7828
6766
5737
4708
3560
2537
1581
582
-528
-1297
-1895
-2819
-3775
-4341
-4782
-5384
-5775
-5645
-5447
-5226
-4543
-3478
-2424
-1431
-130
1293
2515
3446
4150
4723
4937
4777
4403
3809
3022
1972
865
-138
-1089
-2155
-3090
-3622
-4165
-4830
-5316
-5598
-5942
-6394
-6657
-6942
-7179
-7074
-6666
-6169
-5590
-4410
-3017
-1611
85
1981
3661
5039
6656
8016
8821
9340
9683
9664
9285
8817
8094
6995
5889
4847
3672
2547
1539
562
-567
-1353
-1945
-2838
-3773
-4351
-4743
-5285
-5630
-5470
-5247
-5038
-4339
-3251
-2207
-1241
59
1445
2608
3491
4183
4744
4928
4802
4459
3847
3062
2085
1041
61
-905
-1950
-2899
-3472
-4059
-4752
-5319
-5693
-6099
-6582
-6866
-7180
-7329
-7170
-6754
-6248
-5534
-4289
-2978
-1555
202
2031
3556
4920
6565
7825
8565
9146
9530
9534
9217
8812
8096
7040
5987
4932
3756
2601
1522
451
-657
-1375
-2128
-3128
-3963
-4444
-4907
-5489
-5652
-5448
-5307
-5009
-4197
-3104
-2137
-1114
238
1569
2677
3485
4222
4744
4857
4738
4385
3772
2954
1997
1042
76
-923
-1982
-2841
-3419
-4108
-4821
-5376
-5730
-6261
-6748
-7012
-7338
-7407
-7146
-6617
-6133
-5260
-3876
-2619
-1152
665
2452
3776
5141
6801
7881
8516
9070
9419
9352
9017
8609
7791
6749
5791
4717
3507
2351
1313
152
-896
-1534
-2388
-3411
-4093
-4411
-4925
-5444
-5374
-5151
-5009
-4581
-3643
-2570
-1711
-598
769
2043
3027
3762
4466
4802
4818
4586
4114
3478
2595
1585
596
-330
-1367
-2485
-3213
-3790
-4526
-5226
-5636
-5992
-6596
-6940
-7213
-7432
-7303
-6848
-6317
-5792
-4582
-3221
-2020
-387
1486
3068
4200
5739
7260
8004
8537
9044
9265
9003
8625
8121
7182
6187
5246
4121
2923
1856
820
-348
-1194
-1835
-2804
-3707
-4126
-4421
-4986
-5224
-4964
-4794
-4583
-3938
-2903
-2010
-1177
67
1346
2420
3241
3943
4463
4590
4502
4158
3662
3002
2092
1113
217
-663
-1782
-2748
-3324
-3991
-4744
-5310
-5635
-6129
-6642
-6894
-7218
-7206
-6879
-6375
-5931
-5107
-3757
-2668
-1307
450
2109
3346
4619
6277
7310
7881
8466
8881
8859
8534
8250
7585
6652
5806
4847
3702
2608
1598
449
-569
-1234
-2143
-3180
-3833
-4161
-4741
-5206
-5113
-4965
-4892
-4476
-3553
-2666
-1917
-872
412
1512
2428
3220
3852
4199
4287
4170
3834
3380
2728
1886
1061
284
-720
-1767
-2446
-3121
-3957
-4664
-5136
-5634
-6296
-6626
-7053
-7292
-7065
-6650
-6210
-5706
-4466
-3388
-2292
-624
1033
2363
3508
5194
6556
7240
7951
8556
8769
8600
8529
8194
7365
6589
5795
4722
3629
2598
1461
266
-485
-1318
-2476
-3336
-3816
-4422
-5099
-5192
-5080
-5116
-4917
-4131
-3224
-2505
-1645
-417
738
1660
2472
3161
3665
3847
3864
3668
3303
2764
2026
1277
584
-298
-1338
-2067
-2669
-3483
-4272
-4813
-5311
-5993
-6418
-6801
-7163
-7040
-6663
-6189
-5798
-4668
-3531
-2602
-1006
668
2003
2971
4532
6072
6774
7403
8073
8417
8302
8258
8147
7457
6673
5984
5058
4065
3071
2027
844
24
-702
-1846
-2797
-3345
-3918
-4662
-4879
-4753
-4816
-4766
-4131
-3237
-2533
-1825
-721
410
1267
1998
2663
3210
3380
3387
3246
2950
2422
1691
1002
407
-345
-1292
-1992
-2466
-3176
-3939
-4424
-4876
-5513
-5996
-6310
-6697
-6652
-6343
-5919
-5568
-4538
-3351
-2540
-1061
620
1935
2772
4142
5684
6332
6802
7423
7810
7673
7537
7471
6912
6176
5535
4734
3891
3054
2164
1125
372
-233
-1305
-2260
-2782
-3267
-4052
-4364
-4205
-4253
-4317
-3815
-2963
-2328
-1710
-711
395
1171
1806
2437
2936
3058
2989
2799
2482
1958
1230
527
-3
-630
-1452
-2088
-2411
-2951
-3638
-3990
-4314
-4883
-5429
-5720
-6158
-6245
-6028
-5698
-5445
-4592
-3376
-2596
-1283
376
1764
2615
3851
5368
6051
6438
6996
7411
7266
7057
7004
6541
5858
5301
4603
3838
3129
2420
1532
781
275
-715
-1722
-2342
-2811
-3636
-4178
-4110
-4180
-4359
-4013
-3206
-2584
-2037
-1082
81
911
1549
2208
2730
2874
2815
2595
2219
1722
1075
361
-155
-676
-1382
-1978
-2208
-2574
-3174
-3446
-3665
-4165
-4771
-5132
-5685
-5905
-5808
-5603
-5468
-4791
-3632
-2903
-1650
8
1453
2388
3601
5141
5879
6272
6796
7172
7010
6715
6648
6237
5526
5003
4413
3720
3046
2445
1731
1031
575
-307
-1254
-1916
-2471
-3286
-3891
-3953
-4085
-4285
-3972
-3217
-2567
-1992
-1080
66
924
1598
2236
2747
2861
2752
2496
2037
1468
798
76
-466
-951
-1582
-2130
-2306
-2570
-3069
-3276
-3435
-3858
-4443
-4782
-5343
-5561
-5449
-5274
-5146
-4549
-3368
-2716
-1536
141
1556
2453
3555
5085
5773
6059
6518
6812
6616
6213
6058
5650
4914
4377
3839
3224
2618
2065
1431
843
475
-300
-1156
-1709
-2228
-3036
-3575
-3643
-3769
-3948
-3622
-2869
-2211
-1578
-730
343
1152
1787
2368
2840
2925
2712
2412
1936
1299
559
-181
-757
-1242
-1818
-2321
-2489
-2711
-3129
-3294
-3416
-3739
-4259
-4537
-5039
-5203
-5002
-4800
-4619
-4092
-2869
-2234
-1206
407
1758
2576
3475
4925
5560
5711
6067
6318
6173
5772
5555
5160
4478
3964
3446
2872
2348
1803
1143
596
319
-375
-1220
-1676
-2041
-2809
-3334
-3346
-3389
-3562
-3299
-2530
-1919
-1345
-588
417
1158
1674
2189
2621
2712
2479
2183
1771
1177
462
-262
-829
-1286
-1869
-2372
-2553
-2752
-3199
-3372
-3434
-3681
-4133
-4330
-4730
-4953
-4688
-4428
-4238
-3865
-2671
-1947
-1139
364
1734
2563
3303
4721
5507
5633
5949
6250
6221
5894
5693
5333
4679
4187
3661
3059
2551
1976
1235
624
374
-240
-1144
-1664
-1929
-2626
-3241
-3289
-3300
-3513
-3387
-2716
-2165
-1695
-1044
-128
632
1159
1585
1993
2191
2060
1789
1479
1050
427
-247
-749
-1141
-1786
-2340
-2532
-2681
-3181
-3422
-3408
-3605
-4017
-4147
-4387
-4750
-4484
-4108
-3908
-3705
-2617
-1701
-1112
246
1697
2605
3203
4528
5577
5714
5954
6304
6340
6020
5808
5511
4828
4312
3818
3151
2596
2043
1327
619
331
-89
-983
-1653
-1874
-2370
-3050
-3201
-3139
-3304
-3291
-2744
-2159
-1719
-1163
-355
457
1042
1372
1708
1964
1897
1609
1278
913
345
-316
-848
-1245
-1860
-2470
-2728
-2803
-3219
-3541
-3510
-3608
-3965
-4097
-4172
-4610
-4416
-3931
-3661
-3569
-2654
-1511
-1031
107
1614
2645
3132
4223
5491
5705
5785
6120
6228
5896
5598
5391
4763
4204
3768
3113
2531
2065
1477
742
375
151
-674
-1478
-1698
-1984
-2716
-3041
-2893
-2965
-3074
-2656
-1993
-1551
-1111
-392
464
1041
1270
1533
1824
1772
1461
1089
732
227
-415
-1013
-1443
-1917
-2519
-2876
-2886
-3122
-3512
-3539
-3490
-3745
-3997
-3985
-4369
-4296
-3836
-3495
-3398
-2732
-1497
-1008
-115
1319
2449
2933
3761
5097
5495
5475
5763
5992
5717
5329
5160
4712
4132
3697
3153
2581
2152
1664
990
578
425
-300
-1162
-1441
-1614
-2375
-2856
-2693
-2690
-2925
-2643
-1922
-1495
-1176
-537
373
950
1143
1396
1730
1700
1403
1058
693
218
-391
-1046
-1484
-1857
-2445
-2891
-2903
-3017
-3432
-3545
-3430
-3608
-3953
-3979
-4311
-4242
-3844
-3510
-3380
-2763
-1528
-1089
-254
1174
2340
2825
3627
5022
5497
5473
5754
6037
5783
5322
5091
4703
4077
3603
3079
2493
2047
1574
956
566
438
-243
-1108
-1378
-1509
-2298
-2815
-2654
-2638
-2936
-2661
-1909
-1497
-1216
-588
378
977
1203
1459
1813
1754
1423
1050
642
115
-560
-1243
-1673
-2059
-2684
-3123
-3111
-3203
-3593
-3686
-3504
-3674
-3950
-3994
-4277
-4047
-3604
-3274
-3117
-2249
-1050
-711
310
1801
2872
3254
4225
5579
5815
5745
5976
6139
5727
5167
4835
4314
3592
3047
2440
1861
1399
921
348
49
-73
-751
-1461
-1560
-1691
-2422
-2739
-2492
-2487
-2698
-2257
-1510
-1097
-783
-110
820
1316
1539
1804
2078
1859
1424
975
481
-185
-945
-1638
-2123
-2574
-3197
-3562
-3538
-3636
-3944
-3914
-3655
-3825
-3960
-3986
-4087
-3679
-3204
-2870
-2574
-1440
-447
-58
1218
2637
3473
3861
5014
6061
6000
5957
6122
6081
5503
4912
4487
3801
3040
2427
1776
1264
804
340
-174
-352
-536
-1216
-1697
-1665
-1900
-2565
-2630
-2342
-2405
-2475
-1866
-1189
-819
-411
343
1121
1465
1686
1954
2086
1744
1236
723
157
-605
-1396
-2073
-2560
-3049
-3633
-3850
-3826
-3976
-4172
-3965
-3707
-3893
-3902
-3879
-3750
-3239
-2784
-2469
-1917
-682
-25
576
2053
3235
3795
4395
5684
6276
6095
6217
6360
6101
5440
4921
4372
3523
2747
2083
1376
864
402
-84
-559
-602
-915
-1603
-1867
-1811
-2270
-2879
-2686
-2465
-2614
-2464
-1702
-1116
-736
-118
753
1387
1639
1907
2178
2132
1723
1164
611
-68
-898
-1718
-2401
-2861
-3445
-3948
-4036
-4026
-4248
-4301
-3928
-3880
-4033
-3996
-3970
-3621
-3102
-2733
-2432
-1411
-278
132
1251
2829
3745
4176
5267
6505
6602
6524
6746
6751
6176
5470
4928
4162
3206
2435
1684
961
433
-33
-568
-822
-871
-1410
-1947
-1979
-2094
-2770
-2992
-2666
-2617
-2663
-2117
-1343
-845
-302
506
1387
1841
2071
2325
2415
2114
1521
906
204
-673
-1583
-2460
-3099
-3622
-4219
-4532
-4470
-4517
-4691
-4444
-4164
-4232
-4226
-4279
-3970
-3376
-2927
-2666
-1838
-380
227
1033
2720
4058
4566
5305
6766
7282
7063
7109
7200
6790
5873
5160
4479
3505
2501
1682
916
251
-326
-821
-1174
-1240
-1592
-2127
-2230
-2191
-2615
-2999
-2699
-2468
-2520
-2137
-1324
-712
-201
500
1435
2077
2359
2575
2722
2502
1852
1181
481
-467
-1494
-2434
-3256
-3886
-4482
-4927
-5001
-4985
-5092
-5028
-4667
-4564
-4487
-4542
-4291
-3548
-2997
-2672
-1999
-448
497
1102
2680
4227
4981
5484
6801
7645
7475
7369
7376
7156
6301
5393
4669
3825
2750
1762
926
281
-434
-1050
-1455
-1582
-1861
-2433
-2563
-2465
-2696
-3086
-2849
-2453
-2441
-2202
-1396
-678
-160
459
1366
2133
2495
2749
2940
2887
2259
1540
897
-9
-1132
-2138
-2984
-3761
-4480
-5016
-5226
-5339
-5473
-5519
-5213
-5030
-4905
-4900
-4711
-3928
-3301
-2914
-2299
-824
336
949
2468
4094
5025
5609
6905
7921
7882
7863
7882
7667
6926
6042
5206
4281
3226
2149
1144
388
-356
-1093
-1647
-1865
-2164
-2789
-3060
-2985
-3154
-3542
-3352
-2905
-2766
-2534
-1728
-884
-256
452
1383
2281
2780
3083
3308
3377
2836
2043
1325
466
-697
-1839
-2752
-3573
-4377
-5078
-5374
-5500
-5701
-5861
-5614
-5392
-5257
-5328
-5148
-4346
-3696
-3336
-2721
-1141
78
707
2315
4109
5118
5753
7228
8409
8437
8472
8595
8420
7622
6684
5804
4802
3638
2427
1320
473
-357
-1213
-1874
-2125
-2496
-3209
-3556
-3442
-3662
-4143
-3901
-3385
-3227
-2961
-2069
-1131
-407
412
1426
2445
3065
3395
3660
3792
3294
2397
1576
721
-497
-1785
-2837
-3661
-4519
-5376
-5746
-5850
-6071
-6302
-6079
-5810
-5668
-5837
-5522
-4587
-3886
-3577
-2776
-932
225
966
2771
4672
5591
6288
7953
9087
9075
9105
9283
9108
8197
7127
6210
5195
3897
2514
1375
526
-485
-1517
-2203
-2444
-2955
-3783
-4033
-3822
-4183
-4704
-4309
-3715
-3608
-3289
-2260
-1261
-536
283
1406
2467
3032
3338
3711
3888
3316
2398
1658
793
-479
-1794
-2853
-3676
-4597
-5482
-5912
-6035
-6304
-6538
-6335
-6051
-6024
-6190
-5629
-4640
-3996
-3662
-2504
-657
318
1346
3304
5053
5827
6816
8532
9367
9384
9531
9707
9430
8537
7514
6569
5535
4215
2793
1667
748
-398
-1521
-2219
-2576
-3286
-4130
-4269
-4152
-4665
-5048
-4532
-4039
-3965
-3458
-2366
-1417
-712
159
1366
2329
2817
3170
3666
3786
3162
2408
1798
909
-355
-1618
-2631
-3529
-4568
-5496
-5978
-6199
-6656
-6906
-6697
-6480
-6720
-6699
-5779
-4851
-4400
-3795
-2143
-613
209
1719
3775
5130
5892
7371
8954
9430
9571
9878
10010
9577
8751
7812
6863
5772
4365
2978
1913
875
-396
-1495
-2109
-2669
-3613
-4319
-4281
-4412
-5055
-5114
-4503
-4213
-4107
-3350
-2249
-1434
-773
242
1458
2219
2637
3129
3674
3568
2963
2399
1833
891
-324
-1476
-2441
-3433
-4560
-5450
-5892
-6273
-6877
-7078
-6853
-6843
-7254
-6812
-5682
-4982
-4678
-3548
-1691
-641
347
2283
4153
5107
6180
7975
9179
9481
9782
10169
10242
9703
8861
7951
7048
5783
4221
2945
1922
662
-738
-1641
-2172
-3055
-4104
-4445
-4349
-4854
-5352
-5002
-4480
-4363
-4054
-3088
-2091
-1412
-708
447
1559
2122
2509
3150
3556
3203
2643
2203
1568
487
-669
-1690
-2655
-3760
-4853
-5582
-6029
-6584
-7137
-7195
-6995
-7271
-7454
-6529
-5488
-5104
-4529
-2790
-1251
-433
1114
3203
4598
5485
7076
8717
9422
9737
10164
10503
10372
9706
8839
7994
6986
5506
3998
2878
1717
232
-1060
-1731
-2437
-3592
-4394
-4440
-4641
-5301
-5353
-4829
-4531
-4400
-3752
-2704
-1905
-1277
-380
831
1684
2096
2601
3222
3302
2803
2367
1958
1157
10
-1021
-1925
-2937
-4064
-4987
-5533
-6108
-6784
-7152
-7045
-7117
-7568
-7192
-6097
-5515
-5218
-3948
-2112
-1141
2
2047
3819
4810
6044
7866
8961
9362
9816
10266
10406
10018
9301
8519
7683
6470
4945
3669
2584
1209
-279
-1301
-1936
-2966
-4078
-4483
-4582
-5111
-5556
-5214
-4772
-4602
-4224
-3287
-2297
-1632
-861
262
1340
1911
2351
2987
3361
3132
2671
2332
1798
830
-293
-1223
-2126
-3209
-4303
-5003
-5498
-6260
-6914
-7040
-6963
-7429
-7610
-6725
-5886
-5669
-4959
-3137
-1774
-940
777
2843
4145
5090
6744
8277
8848
9243
9748
10064
9933
9406
8729
8027
7140
5800
4432
3375
2236
807
-485
-1235
-2009
-3184
-3968
-4160
-4499
-5128
-5209
-4737
-4502
-4312
-3697
-2714
-1902
-1291
-372
710
1463
1840
2324
2841
2848
2473
2075
1706
1067
31
-964
-1765
-2625
-3714
-4616
-5049
-5624
-6366
-6796
-6743
-6973
-7480
-7044
-6123
-5659
-5381
-4019
-2307
-1445
-183
1776
3466
4446
5747
7455
8393
8861
9319
9734
9851
9524
8923
8254
7566
6500
5124
3969
2944
1700
309
-686
-1378
-2416
-3432
-3867
-4120
-4693
-5082
-4781
-4423
-4275
-3841
-3012
-2129
-1446
-687
317
1161
1633
1994
2454
2628
2330
1895
1451
937
130
-899
-1755
-2492
-3370
-4347
-4931
-5336
-5956
-6472
-6611
-6658
-7125
-7091
-6308
-5660
-5342
-4530
-2849
-1703
-714
996
2767
4002
5079
6707
7935
8534
9040
9421
9674
9534
9044
8384
7743
6880
5653
4470
3436
2380
1111
-26
-777
-1657
-2736
-3441
-3727
-4230
-4818
-4815
-4437
-4285
-4081
-3374
-2525
-1812
-1133
-227
725
1282
1639
2065
2385
2235
1815
1396
857
191
-725
-1651
-2357
-3085
-3952
-4654
-4982
-5446
-5995
-6245
-6251
-6590
-6932
-6419
-5711
-5346
-4941
-3627
-2189
-1357
29
1858
3318
4337
5785
7360
8138
8668
9135
9453
9457
9083
8497
7839
7126
6056
4874
3846
2892
1825
637
-185
-897
-1900
-2845
-3288
-3611
-4327
-4692
-4425
-4175
-4131
-3731
-2869
-2087
-1427
-647
342
1144
1544
1908
2307
2377
2025
1579
1090
456
-370
-1362
-2174
-2844
-3637
-4440
-4868
-5142
-5613
-6000
-6067
-6137
-6608
-6604
-5930
-5374
-5140
-4463
-2942
-1872
-955
686
2388
3557
4667
6298
7507
8089
8598
8989
9169
8962
8466
7807
7160
6357
5229
4152
3291
2416
1339
394
-210
-970
-1926
-2594
-2881
-3402
-4078
-4144
-3904
-3848
-3740
-3177
-2354
-1676
-1005
-132
760
1366
1723
2097
2331
2156
1699
1186
634
-84
-1022
-1975
-2702
-3414
-4238
-4858
-5147
-5484
-5881
-6083
-6044
-6276
-6616
-6192
-5485
-5108
-4784
-3596
-2158
-1336
-58
1721
3132
4125
5476
6992
7765
8254
8724
9004
8998
8575
7937
7243
6530
5534
4361
3403
2564
1592
583
-113
-692
-1521
-2268
-2613
-2890
-3463
-3835
-3670
-3489
-3435
-3119
-2398
-1624
-1013
-265
643
1351
1764
2072
2374
2363
1940
1328
702
22
-858
-1878
-2794
-3513
-4281
-5047
-5443
-5660
-6001
-6257
-6210
-6116
-6422
-6358
-5586
-4986
-4719
-3968
-2478
-1422
-514
1107
2752
3844
4878
6391
7533
8005
8469
8815
8942
8712
8081
7362
6649
5787
4635
3524
2659
1777
776
-64
-561
-1184
-2002
-2471
-2634
-2971
-3451
-3507
-3240
-3136
-3019
-2498
-1722
-1076
-496
309
1155
1675
1937
2217
2419
2185
1584
909
242
-573
-1569
-2605
-3451
-4145
-4943
-5575
-5778
-5963
-6238
-6308
-6074
-6047
-6258
-5785
-4951
-4525
-4149
-3015
-1662
-815
336
1998
3417
4374
5599
7022
7805
8237
8650
8853
8820
8420
7654
6890
6130
5120
3909
2860
2023
1086
92
-570
-1008
-1714
-2405
-2653
-2793
-3197
-3495
-3300
-3014
-2926
-2650
-1964
-1237
-657
5
850
1595
1986
2213
2454
2493
2065
1372
691
-60
-1029
-2137
-3131
-3883
-4630
-5410
-5863
-6010
-6205
-6332
-6217
-5970
-6023
-6003
-5307
-4569
-4196
-3614
-2331
-1134
-288
1018
2625
3852
4810
6123
7320
7889
8253
8582
8700
8504
7966
7118
6365
5557
4439
3258
2326
1502
513
-362
-849
-1325
-2030
-2511
-2613
-2805
-3243
-3352
-3026
-2811
-2718
-2286
-1543
-886
-310
449
1302
1917
2235
2494
2698
2573
2010
1308
631
-226
-1370
-2538
-3434
-4200
-5063
-5775
-6107
-6307
-6544
-6557
-6341
-6167
-6238
-5955
-5102
-4438
-4037
-3200
-1777
-689
222
1711
3262
4340
5342
6681
7693
8085
8368
8673
8714
8330
7639
6777
6039
5116
3892
2794
1943
1026
6
-714
-1128
-1695
-2349
-2645
-2676
-2927
-3299
-3196
-2807
-2638
-2458
-1861
-1087
-461
139
934
1708
2161
2393
2641
2750
2424
1744
1039
339
-628
-1842
-2929
-3738
-4561
-5445
-6027
-6264
-6506
-6756
-6694
-6440
-6342
-6359
-5795
-4841
-4252
-3750
-2636
-1192
-219
820
2405
3831
4781
5837
7133
7943
8202
8432
8689
8617
8067
7258
6445
5699
4655
3425
2457
1622
627
-325
-902
-1328
-1956
-2527
-2709
-2757
-3051
-3319
-3101
-2704
-2529
-2233
-1510
-726
-132
457
1267
1958
2251
2417
2662
2633
2107
1384
710
-45
-1089
-2231
-3164
-3936
-4805
-5620
-6088
-6289
-6548
-6767
-6667
-6443
-6434
-6391
-5639
-4675
-4159
-3543
-2210
-790
121
1312
2985
4311
5185
6329
7573
8196
8368
8551
8716
8492
7793
6917
6142
5336
4199
3007
2116
1274
265
-595
-1078
-1531
-2190
-2663
-2755
-2846
-3187
-3347
-3015
-2622
-2433
-1987
-1159
-416
119
741
1584
2188
2374
2540
2791
2619
1966
1247
594
-255
-1380
-2456
-3303
-4116
-5020
-5745
-6128
-6339
-6601
-6700
-6518
-6334
-6392
-6273
-5429
-4551
-4112
-3407
-1956
-603
257
1593
3315
4538
5385
6640
7840
8308
8455
8618
8701
8336
7530
6640
5873
4976
3746
2570
1715
851
-148
-923
-1347
-1833
-2495
-2857
-2884
-3022
-3377
-3406
-2971
-2605
-2386
-1799
-917
-219
340
1067
1950
2491
2666
2883
3134
2866
2153
1459
783
-182
-1375
-2435
-3301
-4205
-5137
-5803
-6159
-6427
-6704
-6700
-6473
-6329
-6388
-6141
-5258
-4494
-4052
-3222
-1732
-469
407
1864
3532
4637
5494
6788
7882
8236
8377
8507
8508
8032
7162
6281
5503
4519
3234
2105
1282
389
-557
-1206
-1586
-2081
-2674
-2926
-2934
-3080
-3344
-3250
-2786
-2433
-2156
-1492
-634
43
653
1451
2326
2777
2937
3169
3344
2942
2193
1520
764
-310
-1493
-2494
-3404
-4360
-5247
-5837
-6187
-6483
-6722
-6664
-6444
-6327
-6325
-5925
-5075
-4417
-3902
-2964
-1516
-355
589
2103
3644
4635
5504
6784
7748
8045
8215
8351
8317
7810
6989
6172
5394
4373
3119
2067
1238
293
-613
-1196
-1593
-2120
-2681
-2902
-2933
-3103
-3300
-3141
-2732
-2439
-2133
-1435
-655
-32
615
1486
2315
2687
2885
3137
3238
2775
2070
1437
639
-476
-1598
-2531
-3461
-4423
-5251
-5791
-6165
-6491
-6677
-6613
-6459
-6381
-6339
-5842
-5040
-4422
-3837
-2821
-1388
-270
785
2368
3837
4775
5712
7023
7875
8106
8305
8431
8315
7774
6996
6174
5347
4307
3099
2096
1236
251
-631
-1197
-1616
-2174
-2720
-2920
-2934
-3109
-3276
-3060
-2665
-2404
-2076
-1338
-613
-57
607
1510
2237
2526
2743
2978
2992
2496
1836
1197
350
-737
-1778
-2716
-3645
-4525
-5267
-5785
-6142
-6436
-6546
-6462
-6340
-6277
-6246
-5756
-4967
-4338
-3744
-2712
-1292
-179
955
2575
4017
4968
5978
7312
8107
8290
8481
8545
8320
7744
6935
6043
5164
4100
2903
1932
1067
62
-810
-1351
-1787
-2366
-2856
-3026
-3050
-3212
-3342
-3090
-2668
-2368
-1981
-1217
-489
107
807
1689
2351
2614
2830
3043
2988
2474
1832
1162
256
-795
-1787
-2761
-3699
-4523
-5204
-5740
-6106
-6374
-6464
-6399
-6309
-6234
-6204
-5800
-5029
-4331
-3732
-2764
-1375
-191
943
2499
3957
4978
5978
7258
8092
8312
8473
8494
8241
7685
6870
5938
5051
4016
2850
1882
1039
57
-820
-1346
-1779
-2349
-2816
-2991
-3061
-3209
-3324
-3100
-2695
-2372
-1951
-1231
-501
157
862
1691
2345
2646
2876
3076
2994
2503
1890
1201
293
-713
-1678
-2634
-3559
-4353
-4988
-5527
-5896
-6144
-6259
-6246
-6203
-6126
-6066
-5795
-5141
-4386
-3771
-2962
-1663
-353
750
2131
3622
4766
5705
6872
7816
8144
8298
8338
8132
7662
6925
5997
5131
4226
3139
2120
1279
378
-517
-1115
-1573
-2138
-2661
-2940
-3103
-3249
-3384
-3281
-2938
-2596
-2183
-1551
-821
-130
556
1344
2061
2499
2795
3025
3003
2634
2100
1424
585
-341
-1314
-2279
-3191
-4001
-4677
-5238
-5602
-5843
-6018
-6037
-6004
-5980
-5907
-5750
-5293
-4591
-3961
-3321
-2223
-818
323
1539
3045
4346
5286
6372
7478
7976
8156
8276
8162
7785
7163
6279
5396
4600
3615
2531
1632
802
-73
-760
-1250
-1776
-2352
-2748
-2980
-3153
-3336
-3408
-3195
-2853
-2499
-2019
-1342
-648
-9
731
1519
2121
2485
2779
2933
2733
2274
1650
906
75
-880
-1857
-2776
-3617
-4362
-4970
-5364
-5603
-5810
-5871
-5780
-5758
-5719
-5624
-5313
-4673
-4039
-3509
-2647
-1262
-43
1021
2475
3932
4929
5903
7111
7851
8072
8215
8203
7931
7402
6579
5673
4888
3960
2840
1852
1016
138
-626
-1157
-1611
-2160
-2632
-2863
-3017
-3201
-3352
-3260
-2950
-2623
-2241
-1660
-976
-363
285
1058
1774
2208
2483
2752
2761
2362
1754
1091
328
-595
-1559
-2442
-3271
-4054
-4704
-5142
-5412
-5645
-5770
-5665
-5568
-5533
-5454
-5221
-4630
-3945
-3419
-2748
-1515
-196
760
1994
3525
4631
5423
6518
7478
7809
7901
7938
7781
7333
6602
5729
4937
4076
2995
1963
1136
302
-507
-1092
-1486
-1921
-2413
-2642
-2714
-2855
-3006
-2992
-2720
-2426
-2159
-1688
-1034
-452
32
697
1461
1945
2172
2454
2632
2362
1790
1230
572
-321
-1252
-2075
-2825
-3580
-4271
-4758
-5078
-5385
-5623
-5602
-5485
-5466
-5402
-5237
-4815
-4163
-3558
-2986
-2090
-761
313
1254
2680
4015
4792
5637
6768
7418
7574
7683
7706
7434
6870
6161
5374
4608
3685
2636
1734
934
82
-672
-1178
-1581
-2107
-2522
-2687
-2826
-2993
-3116
-2996
-2687
-2469
-2203
-1627
-979
-503
-7
778
1454
1770
2064
2405
2421
2051
1626
1158
437
-423
-1216
-1949
-2651
-3340
-3936
-4352
-4689
-5046
-5229
-5178
-5169
-5213
-5148
-4989
-4592
-4012
-3440
-2881
-1958
-675
257
1310
2746
3847
4557
5536
6606
7068
7267
7436
7417
7120
6658
6008
5280
4599
3723
2732
1877
1058
179
-522
-1042
-1548
-2120
-2508
-2796
-2979
-3145
-3306
-3161
-2858
-2646
-2355
-1734
-1128
-652
-60
770
1336
1655
2024
2301
2243
1937
1590
1078
396
-374
-1128
-1852
-2524
-3184
-3751
-4129
-4456
-4807
-4944
-4882
-4940
-4991
-4933
-4804
-4395
-3808
-3263
-2730
-1725
-471
410
1548
2886
3868
4606
5607
6506
6854
7072
7157
7067
6803
6369
5679
5033
4416
3546
2582
1778
960
112
-516
-1059
-1585
-2109
-2476
-2778
-2909
-3099
-3259
-3065
-2774
-2578
-2266
-1645
-1107
-621
39
785
1224
1546
1878
2075
1982
1691
1306
773
157
-570
-1302
-1992
-2612
-3243
-3736
-4037
-4347
-4676
-4739
-4666
-4744
-4728
-4675
-4514
-4017
-3428
-2947
-2369
-1240
-120
666
1840
3070
3930
4642
5628
6365
6629
6818
6838
6744
6488
5990
5286
4754
4127
3227
2336
1634
825
34
-505
-1021
-1559
-2059
-2397
-2638
-2775
-3022
-3136
-2903
-2638
-2476
-2119
-1508
-1010
-525
155
777
1162
1452
1740
1953
1840
1529
1123
644
75
-613
-1313
-1958
-2552
-3143
-3596
-3915
-4259
-4567
-4621
-4607
-4705
-4677
-4672
-4450
-3883
-3369
-2960
-2262
-1061
-165
584
1849
3018
3772
4560
5648
6281
6523
6755
6831
6773
6515
5959
5313
4862
4155
3214
2407
1762
896
143
-376
-941
-1572
-2088
-2427
-2687
-2913
-3237
-3308
-3054
-2845
-2729
-2274
-1652
-1199
-694
53
632
1035
1394
1755
1977
1839
1571
1180
759
203
-476
-1148
-1761
-2353
-2937
-3390
-3753
-4096
-4368
-4422
-4479
-4636
-4653
-4676
-4389
-3840
-3422
-3023
-2200
-1025
-307
556
1921
3008
3709
4670
5788
6259
6489
6743
6818
6736
6452
5840
5252
4797
4017
3063
2314
1657
752
48
-507
-1121
-1773
-2255
-2596
-2861
-3128
-3445
-3406
-3111
-2947
-2774
-2167
-1541
-1085
-501
307
877
1297
1724
2061
2156
1949
1650
1212
746
105
-619
-1271
-1878
-2513
-3097
-3514
-3849
-4160
-4379
-4409
-4511
-4675
-4687
-4666
-4305
-3771
-3354
-2880
-1925
-790
-118
904
2295
3280
3948
4991
5991
6320
6527
6748
6792
6668
6323
5674
5139
4628
3782
2834
2122
1399
492
-187
-775
-1383
-2012
-2485
-2811
-3032
-3305
-3550
-3415
-3118
-2986
-2697
-2004
-1389
-894
-250
562
1130
1541
1955
2214
2209
1970
1617
1155
631
-47
-764
-1380
-1995
-2656
-3206
-3582
-3902
-4237
-4414
-4456
-4603
-4719
-4710
-4655
-4268
-3721
-3265
-2720
-1668
-561
121
1252
2596
3482
4116
5152
6013
6271
6483
6663
6691
6531
6146
5503
5015
4471
3607
2705
2033
1269
395
-267
-844
-1446
-2072
-2555
-2870
-3031
-3319
-3522
-3369
-3096
-2999
-2641
-1942
-1338
-841
-180
631
1174
1566
1943
2208
2207
1980
1627
1214
722
72
-623
-1214
-1821
-2508
-3043
-3426
-3781
-4161
-4336
-4412
-4596
-4725
-4758
-4728
-4377
-3831
-3424
-2922
-1833
-740
-106
1056
2380
3215
3877
4970
5835
6124
6396
6603
6671
6540
6183
5555
5147
4632
3753
2883
2238
1462
579
-68
-643
-1308
-1972
-2484
-2828
-3007
-3349
-3577
-3432
-3167
-3122
-2761
-2044
-1445
-972
-273
574
1094
1483
1888
2233
2259
2051
1747
1402
931
266
-456
-1045
-1643
-2387
-2955
-3354
-3737
-4136
-4318
-4379
-4579
-4757
-4796
-4781
-4434
-3848
-3492
-3052
-1945
-828
-243
925
2276
3121
3841
4981
5902
6199
6476
6695
6747
6602
6207
5536
5119
4571
3633
2731
2062
1275
366
-265
-848
-1530
-2167
-2660
-2993
-3195
-3500
-3693
-3494
-3170
-3077
-2663
-1885
-1278
-796
-57
793
1300
1670
2075
2408
2414
2197
1897
1537
1019
312
-423
-1017
-1634
-2406
-2991
-3407
-3794
-4180
-4363
-4425
-4596
-4762
-4757
-4735
-4382
-3742
-3361
-2933
-1876
-744
-132
1002
2353
3230
3937
5004
5949
6240
6480
6675
6693
6516
6080
5410
4938
4347
3396
2485
1788
1012
127
-496
-1072
-1670
-2243
-2715
-3010
-3225
-3505
-3678
-3477
-3125
-2970
-2532
-1753
-1152
-640
85
925
1465
1835
2213
2518
2535
2299
1962
1578
1039
320
-389
-995
-1616
-2340
-2936
-3376
-3750
-4133
-4332
-4426
-4582
-4708
-4686
-4672
-4362
-3757
-3334
-2916
-1985
-870
-215
853
2166
3085
3764
4731
5698
6027
6274
6477
6529
6402
6022
5425
4966
4430
3528
2647
1979
1226
357
-293
-878
-1425
-2013
-2519
-2848
-3126
-3461
-3709
-3589
-3296
-3157
-2783
-2069
-1461
-909
-206
666
1303
1747
2139
2468
2559
2337
1980
1614
1137
448
-232
-822
-1408
-2073
-2690
-3130
-3464
-3869
-4102
-4220
-4404
-4558
-4569
-4581
-4345
-3847
-3440
-3039
-2202
-1106
-446
581
1886
2826
3523
4469
5457
5840
6117
6360
6439
6351
6028
5468
5023
4541
3687
2815
2177
1435
553
-95
-680
-1238
-1872
-2389
-2768
-3071
-3403
-3694
-3606
-3338
-3184
-2852
-2144
-1483
-911
-216
674
1344
1811
2207
2506
2587
2347
1971
1577
1097
407
-296
-891
-1477
-2146
-2774
-3186
-3485
-3903
-4140
-4226
-4405
-4607
-4604
-4616
-4438
-3936
-3508
-3086
-2265
-1097
-368
602
1949
2932
3639
4548
5521
5932
6156
6355
6386
6250
5908
5311
4813
4340
3544
2664
2001
1304
440
-193
-754
-1301
-1930
-2448
-2838
-3097
-3358
-3651
-3537
-3222
-3007
-2676
-1939
-1206
-627
44
911
1584
2027
2392
2664
2749
2510
2129
1721
1228
533
-195
-822
-1423
-2118
-2794
-3247
-3559
-4003
-4310
-4394
-4539
-4781
-4788
-4786
-4687
-4164
-3660
-3229
-2487
-1259
-391
455
1790
2865
3570
4394
5345
5831
6058
6223
6240
6131
5854
5275
4723
4346
3659
2769
2066
1449
626
-46
-602
-1169
-1770
-2299
-2737
-3011
-3203
-3498
-3447
-3097
-2829
-2550
-1890
-1132
-552
56
851
1523
1949
2270
2533
2655
2481
2119
1707
1270
634
-78
-697
-1256
-1932
-2661
-3158
-3476
-3933
-4328
-4431
-4539
-4766
-4835
-4818
-4727
-4236
-3688
-3295
-2661
-1489
-563
168
1440
2567
3276
4044
5032
5622
5884
6099
6210
6189
6001
5533
4987
4676
4055
3159
2445
1843
984
226
-363
-1011
-1655
-2211
-2669
-3021
-3237
-3507
-3528
-3194
-2919
-2674
-2130
-1408
-824
-269
479
1191
1642
1954
2285
2480
2360
2050
1704
1329
732
86
-482
-1017
-1678
-2413
-2938
-3280
-3735
-4177
-4314
-4443
-4678
-4786
-4764
-4690
-4239
-3667
-3304
-2767
-1678
-727
-53
1157
2288
3046
3794
4795
5452
5735
6022
6181
6206
6092
5730
5185
4851
4272
3381
2628
2017
1160
343
-299
-979
-1620
-2171
-2599
-2949
-3155
-3403
-3431
-3085
-2777
-2548
-2058
-1339
-765
-265
431
1156
1625
1942
2264
2477
2371
2053
1694
1333
740
59
-528
-1081
-1752
-2503
-3080
-3463
-3893
-4325
-4481
-4620
-4821
-4883
-4851
-4764
-4263
-3668
-3283
-2723
-1633
-683
-40
1141
2245
3027
3741
4681
5335
5630
5943
6052
6096
6011
5657
5109
4756
4181
3278
2491
1895
1070
248
-374
-1007
-1588
-2081
-2443
-2731
-2875
-3096
-3099
-2751
-2420
-2213
-1728
-1007
-468
-14
622
1301
1721
2031
2287
2463
2332
1984
1574
1196
592
-152
-755
-1326
-1987
-2717
-3284
-3670
-4077
-4473
-4575
-4684
-4854
-4844
-4773
-4635
-4140
-3576
-3147
-2530
-1462
-551
72
1221
2275
3043
3721
4593
5225
5514
5809
5889
5960
5838
5456
4962
4609
4017
3148
2358
1768
974
166
-418
-998
-1522
-1997
-2341
-2560
-2679
-2920
-2885
-2553
-2248
-2063
-1570
-889
-384
87
693
1305
1673
1992
2205
2357
2243
1916
1517
1111
509
-218
-826
-1433
-2076
-2749
-3263
-3649
-4083
-4450
-4519
-4620
-4810
-4770
-4687
-4579
-4144
-3594
-3171
-2589
-1536
-632
17
1155
2213
3003
3715
4616
5272
5597
5901
6020
6119
5980
5595
5122
4767
4183
3352
2551
1917
1117
322
-293
-890
-1425
-1952
-2352
-2580
-2730
-3028
-3034
-2723
-2474
-2348
-1883
-1262
-760
-267
356
981
1365
1720
1977
2171
2124
1845
1505
1099
534
-134
-753
-1350
-1978
-2625
-3125
-3517
-3945
-4283
-4371
-4460
-4643
-4632
-4609
-4505
-4052
-3507
-3125
-2554
-1448
-564
128
1297
2387
3169
3873
4804
5435
5720
5962
6071
6134
5938
5489
4976
4627
4029
3185
2404
1778
972
209
-392
-955
-1471
-1992
-2373
-2591
-2730
-3027
-3025
-2659
-2424
-2320
-1855
-1204
-683
-219
434
1092
1469
1772
2029
2212
2108
1772
1402
998
439
-271
-901
-1445
-2088
-2773
-3256
-3614
-4014
-4333
-4391
-4449
-4614
-4619
-4619
-4456
-3934
-3400
-3055
-2431
-1266
-433
272
1495
2581
3295
3976
4930
5492
5711
5934
6017
6027
5799
5299
4769
4423
3805
2961
2223
1635
826
118
-425
-948
-1423
-1867
-2206
-2456
-2610
-2875
-2858
-2522
-2290
-2161
-1691
-1023
-508
-51
612
1241
1598
1862
2070
2177
1977
1590
1161
744
169
-573
-1179
-1706
-2355
-3025
-3450
-3765
-4131
-4386
-4392
-4462
-4590
-4553
-4552
-4334
-3762
-3268
-2952
-2268
-1087
-316
391
1640
2687
3357
4072
5026
5529
5745
5976
6026
6004
5758
5239
4710
4340
3707
2898
2195
1628
831
163
-382
-898
-1349
-1801
-2168
-2454
-2643
-2942
-2949
-2672
-2442
-2279
-1770
-1076
-531
-33
629
1265
1649
1932
2118
2193
1953
1577
1149
703
103
-621
-1192
-1720
-2321
-2939
-3339
-3611
-3959
-4224
-4261
-4392
-4515
-4497
-4571
-4359
-3826
-3436
-3145
-2392
-1209
-521
221
1523
2559
3250
4077
5081
5585
5845
6072
6126
6099
5800
5277
4782
4392
3700
2903
2264
1704
915
285
-238
-752
-1246
-1748
-2125
-2407
-2650
-3014
-3009
-2744
-2558
-2386
-1793
-1060
-496
35
730
1376
1734
2013
2197
2225
1946
1554
1100
583
-106
-839
-1405
-1930
-2514
-3100
-3469
-3713
-4048
-4316
-4375
-4522
-4630
-4619
-4722
-4471
-3936
-3556
-3191
-2333
-1107
-445
409
1773
2796
3512
4403
5435
5888
6121
6290
6294
6194
5783
5223
4719
4276
3494
2669
2085
1516
736
173
-295
-815
-1324
-1793
-2129
-2386
-2637
-2973
-2912
-2651
-2504
-2304
-1666
-945
-385
182
902
1505
1820
2086
2244
2232
1962
1550
1044
487
-251
-1002
-1584
-2124
-2731
-3294
-3644
-3915
-4224
-4447
-4507
-4619
-4683
-4650
-4705
-4407
-3825
-3383
-2973
-2086
-876
-198
706
2032
3003
3715
4577
5565
5974
6175
6307
6272
6139
5691
5119
4608
4139
3324
2479
1905
1336
564
20
-468
-971
-1450
-1889
-2185
-2410
-2618
-2887
-2800
-2545
-2379
-2167
-1570
-892
-327
227
927
1519
1829
2079
2231
2253
2024
1599
1062
534
-179
-945
-1568
-2114
-2749
-3339
-3685
-3974
-4290
-4517
-4572
-4647
-4717
-4664
-4645
-4384
-3770
-3269
-2882
-2069
-904
-179
676
1959
2929
3642
4442
5426
5887
6081
6261
6266
6189
5830
5298
4802
4374
3598
2737
2107
1526
716
78
-493
-1040
-1566
-2077
-2388
-2619
-2827
-3094
-3011
-2722
-2527
-2349
-1808
-1143
-561
-5
687
1330
1662
1932
2158
2258
2061
1678
1189
741
98
-661
-1283
-1813
-2444
-3096
-3449
-3729
-4077
-4364
-4422
-4486
-4653
-4633
-4587
-4465
-3900
-3379
-3021
-2332
-1208
-377
372
1674
2749
3520
4291
5291
5884
6099
6343
6392
6360
6092
5588
5054
4654
3946
3070
2367
1755
927
192
-410
-1029
-1594
-2158
-2536
-2793
-3003
-3299
-3278
-2940
-2700
-2541
-2040
-1350
-749
-166
509
1207
1600
1867
2130
2294
2119
1773
1348
917
326
-433
-1052
-1624
-2251
-2925
-3356
-3660
-4005
-4325
-4431
-4470
-4663
-4715
-4614
-4608
-4184
-3581
-3177
-2638
-1616
-548
142
1310
2543
3439
4171
5082
5819
6103
6356
6442
6429
6229
5768
5181
4764
4202
3366
2602
1977
1243
469
-143
-769
-1334
-1903
-2373
-2679
-2907
-3209
-3338
-3079
-2805
-2655
-2265
-1584
-962
-408
209
924
1441
1726
1973
2193
2117
1810
1457
1046
517
-179
-818
-1409
-2016
-2655
-3178
-3521
-3849
-4188
-4372
-4419
-4590
-4733
-4608
-4628
-4437
-3840
-3329
-2881
-2101
-886
-83
811
2057
3099
3842
4607
5430
5848
6114
6280
6323
6211
5871
5331
4862
4432
3763
2988
2295
1667
930
266
-369
-917
-1457
-2006
-2397
-2678
-2948
-3169
-3116
-2876
-2661
-2403
-1832
-1172
-643
-121
559
1208
1580
1793
2034
2112
1870
1542
1176
690
57
-590
-1211
-1781
-2388
-2964
-3367
-3667
-4003
-4292
-4370
-4500
-4713
-4677
-4642
-4638
-4198
-3590
-3109
-2575
-1491
-439
278
1384
2574
3460
4131
4986
5668
5947
6165
6310
6345
6171
5768
5257
4856
4346
3613
2819
2168
1491
760
72
-537
-1061
-1649
-2163
-2527
-2794
-3073
-3200
-3111
-2873
-2668
-2274
-1644
-1070
-597
-7
666
1133
1426
1641
1873
1827
1557
1232
826
298
-311
-931
-1492
-2022
-2615
-3097
-3427
-3724
-4057
-4259
-4330
-4506
-4635
-4568
-4647
-4435
-3854
-3299
-2880
-2136
-910
-109
751
2015
3126
3859
4580
5510
5984
6150
6302
6380
6352
6065
5543
5043
4664
4005
3158
2419
1787
1018
311
-328
-889
-1439
-1992
-2401
-2677
-2896
-3142
-3130
-2932
-2683
-2433
-1874
-1234
-699
-165
483
1031
1337
1613
1813
1969
1793
1459
1085
601
31
-600
-1222
-1781
-2358
-2922
-3367
-3684
-3990
-4274
-4419
-4459
-4583
-4641
-4573
-4593
-4146
-3550
-3077
-2614
-1636
-460
177
1256
2529
3478
4118
4944
5799
6058
6205
6295
6312
6152
5720
5155
4732
4271
3464
2661
2018
1348
574
-46
-626
-1143
-1694
-2166
-2465
-2671
-2924
-3114
-2960
-2689
-2473
-2167
-1514
-934
-413
153
809
1263
1503
1753
1949
2028
1724
1365
980
465
-128
-747
-1327
-1868
-2463
-3007
-3413
-3700
-4025
-4289
-4360
-4360
-4522
-4532
-4459
-4400
-3902
-3375
-2932
-2406
-1322
-372
269
1490
2608
3429
4093
5026
5716
5913
6163
6253
6237
5971
5555
5044
4619
4040
3255
2547
1880
1157
439
-161
-721
-1239
-1790
-2198
-2469
-2722
-3025
-3121
-2928
-2672
-2495
-2135
-1534
-1037
-540
31
700
1110
1368
1658
1918
1901
1578
1304
951
439
-159
-718
-1254
-1799
-2392
-2894
-3235
-3519
-3875
-4073
-4062
-4118
-4295
-4219
-4180
-4153
-3702
-3195
-2821
-2325
-1268
-441
244
1428
2450
3244
3960
4917
5554
5836
6153
6243
6242
6024
5656
5134
4679
4098
3349
2604
1907
1180
470
-147
-690
-1196
-1742
-2134
-2409
-2693
-2986
-3036
-2858
-2633
-2479
-2117
-1578
-1113
-654
-99
549
949
1240
1555
1821
1758
1485
1240
866
354
-236
-788
-1352
-1916
-2490
-2965
-3289
-3563
-3913
-4059
-4030
-4106
-4221
-4111
-4061
-4053
-3613
-3109
-2794
-2331
-1304
-454
185
1287
2302
3075
3789
4728
5411
5732
6032
6133
6170
6011
5617
5074
4637
4079
3286
2499
1836
1148
434
-141
-621
-1077
-1592
-1960
-2176
-2422
-2698
-2757
-2568
-2387
-2286
-1970
-1456
-1006
-600
-84
530
956
1257
1551
1801
1770
1542
1280
892
407
-146
-708
-1282
-1823
-2372
-2844
-3177
-3425
-3769
-3933
-3929
-4029
-4140
-4065
-3995
-4045
-3676
-3206
-2922
-2491
-1546
-677
-100
899
1900
2666
3377
4296
5050
5424
5729
5914
6013
5896
5556
5108
4742
4223
3464
2727
2074
1409
706
155
-345
-823
-1321
-1727
-1982
-2260
-2554
-2690
-2569
-2469
-2442
-2224
-1785
-1358
-986
-505
95
592
939
1251
1559
1664
1549
1339
1051
692
218
-323
-845
-1313
-1849
-2357
-2703
-2949
-3318
-3570
-3617
-3741
-3909
-3929
-3883
-3991
-3778
-3370
-3088
-2734
-1949
-1101
-545
328
1325
2128
2852
3755
4586
5066
5436
5730
5883
5864
5701
5366
5006
4573
3950
3259
2573
1954
1294
700
119
-398
-893
-1412
-1795
-2120
-2440
-2716
-2741
-2694
-2719
-2644
-2321
-1903
-1526
-1071
-484
70
473
822
1199
1433
1427
1290
1120
885
480
-14
-481
-883
-1387
-1901
-2256
-2515
-2860
-3179
-3276
-3401
-3621
-3744
-3760
-3912
-3887
-3546
-3254
-3045
-2496
-1667
-1062
-348
661
1593
2345
3195
4113
4760
5178
5504
5727
5839
5788
5496
5131
4755
4216
3528
2846
2262
1653
1048
449
-58
-539
-1093
-1545
-1870
-2217
-2579
-2725
-2708
-2761
-2804
-2573
-2170
-1760
-1311
-710
-83
396
792
1216
1543
1608
1504
1377
1195
820
347
-120
-522
-984
-1488
-1893
-2208
-2517
-2881
-3074
-3205
-3452
-3698
-3793
-3923
-4111
-3928
-3577
-3431
-3192
-2453
-1673
-1091
-188
925
1806
2600
3568
4446
4986
5347
5651
5880
5964
5757
5394
5078
4641
3957
3234
2662
2088
1454
845
325
-163
-749
-1300
-1676
-2052
-2506
-2819
-2894
-2955
-3101
-3020
-2643
-2199
-1761
-1185
-443
177
618
1088
1557
1775
1730
1663
1553
1238
802
349
-66
-494
-979
-1452
-1845
-2155
-2563
-2922
-3098
-3334
-3690
-3920
-4009
-4284
-4399
-4098
-3860
-3807
-3351
-2484
-1824
-1105
14
1074
1914
2888
3950
4707
5206
5645
5962
6170
6164
5899
5583
5244
4692
3949
3287
2703
2049
1395
805
255
-359
-991
-1507
-1949
-2411
-2843
-3085
-3182
-3281
-3320
-3069
-2618
-2144
-1620
-906
-145
407
911
1459
1881
2013
2043
2019
1818
1478
1068
629
166
-303
-829
-1365
-1804
-2233
-2738
-3101
-3347
-3683
-4059
-4240
-4406
-4711
-4686
-4368
-4199
-4050
-3388
-2500
-1825
-959
183
1210
2122
3167
4165
4840
5367
5801
6101
6278
6225
5936
5582
5207
4609
3846
3162
2555
1869
1164
526
-82
-737
-1390
-1917
-2360
-2801
-3206
-3407
-3436
-3475
-3415
-3058
-2539
-2033
-1434
-642
97
660
1253
1847
2257
2430
2499
2477
2303
2002
1568
1101
616
69
-564
-1168
-1679
-2257
-2804
-3184
-3541
-4001
-4388
-4569
-4846
-5137
-5015
-4701
-4569
-4295
-3489
-2615
-1929
-953
229
1290
2247
3309
4280
4960
5520
5946
6297
6474
6363
6015
5678
5298
4611
3818
3156
2519
1740
982
308
-341
-1053
-1727
-2257
-2711
-3161
-3560
-3696
-3685
-3684
-3533
-3074
-2489
-1920
-1221
-381
351
980
1648
2258
2651
2828
2923
2906
2737
2412
1934
1422
884
240
-506
-1176
-1738
-2396
-2998
-3467
-3940
-4492
-4892
-5092
-5455
-5706
-5483
-5169
-5052
-4621
-3691
-2839
-2091
-937
341
1420
2435
3582
4599
5273
5872
6351
6739
6847
6651
6301
5979
5509
4725
3931
3260
2511
1629
847
129
-568
-1368
-2054
-2585
-3030
-3502
-3870
-3907
-3859
-3773
-3497
-2909
-2247
-1598
-853
-11
748
1445
2105
2678
3066
3212
3279
3231
3046
2622
2084
1531
883
100
-743
-1423
-2062
-2794
-3447
-3980
-4511
-5052
-5418
-5649
-6014
-6124
-5813
-5546
-5331
-4709
-3717
-2875
-1954
-662
622
1729
2825
4047
5014
5678
6291
6791
7101
7099
6866
6522
6153
5542
4713
3885
3116
2229
1326
499
-284
-1036
-1856
-2493
-2991
-3407
-3878
-4095
-4019
-3912
-3735
-3294
-2600
-1928
-1242
-466
425
1178
1879
2535
3098
3386
3450
3508
3392
3066
2558
2006
1332
549
-314
-1167
-1895
-2600
-3364
-4018
-4550
-5041
-5508
-5833
-6010
-6305
-6247
-5863
-5568
-5227
-4451
-3357
-2458
-1400
-49
1257
2378
3516
4761
5656
6272
6837
7280
7482
7411
7120
6728
6267
5553
4630
3697
2845
1904
966
59
-744
-1492
-2274
-2894
-3371
-3763
-4179
-4295
-4148
-3995
-3760
-3210
-2455
-1755
-1031
-152
805
1575
2293
2973
3474
3662
3693
3665
3424
2991
2422
1728
978
156
-791
-1676
-2411
-3167
-4000
-4614
-5113
-5593
-6045
-6266
-6419
-6662
-6409
-5980
-5656
-5188
-4176
-3016
-2087
-824
573
1852
2983
4220
5409
6177
6776
7260
7576
7691
7545
7141
6663
6115
5298
4263
3312
2420
1430
464
-440
-1189
-1934
-2660
-3209
-3579
-3919
-4236
-4196
-3962
-3770
-3418
-2728
-1962
-1248
-441
530
1443
2175
2888
3511
3875
3961
3927
3762
3403
2858
2163
1373
597
-301
-1307
-2154
-2881
-3714
-4523
-5054
-5532
-6012
-6399
-6507
-6683
-6805
-6416
-5967
-5577
-4966
-3788
-2643
-1638
-257
1105
2348
3493
4718
5754
6425
6994
7366
7576
7597
7357
6829
6276
5648
4739
3671
2769
1860
861
-61
-889
-1577
-2307
-2920
-3331
-3587
-3888
-4042
-3839
-3560
-3280
-2783
-2026
-1298
-534
333
1281
2086
2762
3425
3915
4147
4118
3979
3696
3207
2530
1745
892
41
-894
-1882
-2710
-3449
-4279
-4977
-5458
-5927
-6370
-6684
-6758
-6961
-6931
-6471
-5970
-5507
-4745
-3483
-2362
-1263
145
1505
2724
3871
5059
5995
6628
7169
7512
7674
7628
7300
6707
6141
5431
4453
3411
2558
1659
664
-216
-991
-1680
-2404
-2916
-3246
-3485
-3770
-3789
-3540
-3274
-2939
-2395
-1644
-923
-136
713
1626
2368
3005
3600
4017
4176
4049
3848
3498
2922
2159
1329
428
-460
-1392
-2375
-3192
-3929
-4709
-5298
-5749
-6199
-6598
-6825
-6928
-7135
-6928
-6398
-5883
-5385
-4444
-3158
-2094
-880
562
1908
3078
4272
5469
6287
6858
7354
7639
7725
7555
7097
6479
5891
5072
4044
3057
2258
1356
375
-442
-1162
-1866
-2535
-2953
-3269
-3518
-3725
-3629
-3371
-3106
-2730
-2122
-1366
-628
166
1030
1934
2630
3254
3807
4172
4249
4078
3853
3451
2807
1985
1139
244
-680
-1658
-2629
-3425
-4204
-4962
-5478
-5928
-6379
-6721
-6838
-6983
-7108
-6703
-6123
-5617
-5037
-3922
-2662
-1627
-309
1123
2384
3506
4726
5847
6512
7023
7416
7593
7564
7243
6680
6049
5391
4494
3460
2534
1738
797
-140
-887
-1548
-2238
-2805
-3144
-3445
-3649
-3717
-3507
-3218
-2899
-2437
-1755
-993
-254
541
1422
2258
2891
3488
3973
4244
4217
4035
3772
3292
2568
1734
897
2
-974
-1994
-2928
-3722
-4533
-5271
-5756
-6221
-6645
-6895
-6925
-7043
-6974
-6417
-5809
-5256
-4541
-3327
-2112
-1073
296
1664
2828
3902
5077
6071
6646
7126
7430
7554
7412
7000
6407
5769
5043
4118
3111
2223
1377
406
-490
-1190
-1814
-2493
-2971
-3252
-3500
-3645
-3591
-3289
-2950
-2549
-1995
-1264
-498
225
993
1856
2603
3178
3687
4073
4235
4110
3878
3525
2979
2168
1319
493
-431
-1462
-2501
-3408
-4201
-5035
-5777
-6251
-6700
-7082
-7259
-7185
-7183
-6949
-6292
-5586
-4925
-4073
-2808
-1573
-486
892
2192
3295
4346
5451
6336
6861
7323
7556
7647
7433
6995
6371
5721
4964
4012
3017
2121
1235
260
-615
-1300
-1920
-2595
-3013
-3235
-3417
-3523
-3404
-3051
-2698
-2261
-1651
-912
-176
533
1266
2055
2722
3256
3671
3973
4046
3838
3561
3132
2527
1664
800
-13
-958
-1978
-2965
-3840
-4595
-5397
-6071
-6501
-6905
-7214
-7338
-7192
-7122
-6830
-6112
-5312
-4615
-3699
-2376
-1130
-62
1280
2564
3597
4584
5625
6452
6901
7277
7454
7519
7289
6829
6198
5582
4839
3867
2887
2031
1172
228
-601
-1261
-1868
-2524
-2903
-3059
-3176
-3266
-3125
-2738
-2401
-1987
-1375
-645
48
730
1418
2128
2736
3211
3563
3833
3862
3589
3319
2882
2220
1342
496
-314
-1271
-2274
-3204
-4047
-4797
-5572
-6167
-6550
-6946
-7201
-7284
-7146
-7051
-6767
-6043
-5197
-4499
-3603
-2251
-995
0
1274
2600
3623
4509
5504
6360
6788
7081
7261
7352
7166
6741
6167
5593
4898
3941
2965
2152
1350
422
-401
-1048
-1636
-2283
-2700
-2833
-2924
-3024
-2898
-2517
-2197
-1827
-1266
-559
120
778
1426
2097
2692
3143
3451
3706
3761
3503
3216
2803
2145
1291
470
-345
-1271
-2256
-3178
-4017
-4762
-5521
-6133
-6530
-6892
-7144
-7262
-7180
-7046
-6830
-6223
-5369
-4639
-3850
-2586
-1271
-296
882
2214
3325
4177
5115
6037
6543
6852
7071
7198
7092
6774
6259
5701
5089
4221
3257
2429
1674
770
-97
-780
-1329
-1950
-2457
-2620
-2715
-2823
-2743
-2401
-2059
-1706
-1222
-550
150
804
1431
2075
2698
3141
3469
3695
3789
3601
3288
2864
2261
1435
557
-288
-1192
-2162
-3152
-3998
-4782
-5526
-6174
-6648
-6997
-7229
-7325
-7313
-7105
-6918
-6466
-5642
-4833
-4101
-3091
-1672
-580
431
1770
2972
3902
4701
5702
6380
6677
6955
7123
7095
6784
6376
5789
5210
4490
3598
2707
1955
1146
253
-497
-1046
-1565
-2146
-2406
-2465
-2583
-2607
-2333
-1976
-1642
-1224
-624
52
686
1307
1886
2493
2973
3293
3544
3675
3589
3306
2928
2402
1673
782
-100
-958
-1900
-2889
-3771
-4525
-5282
-5957
-6431
-6803
-7073
-7171
-7122
-6998
-6744
-6453
-5837
-4989
-4243
-3497
-2387
-1017
-101
956
2264
3324
4144
4945
5898
6397
6646
6899
7002
6864
6471
6017
5422
4831
4080
3200
2374
1680
871
39
-596
-1054
-1588
-2065
-2178
-2238
-2345
-2293
-1963
-1657
-1340
-885
-260
331
905
1464
1975
2494
2852
3086
3234
3300
3108
2760
2330
1760
965
77
-757
-1609
-2552
-3478
-4242
-4953
-5630
-6174
-6502
-6778
-6925
-6896
-6764
-6539
-6186
-5797
-5117
-4250
-3517
-2774
-1649
-404
448
1516
2695
3674
4418
5172
5977
6385
6603
6745
6789
6574
6141
5650
5071
4468
3695
2834
2065
1417
663
-77
-631
-1042
-1538
-1902
-1988
-2042
-2089
-2014
-1676
-1380
-1069
-621
-22
531
1040
1524
1985
2409
2668
2823
2903
2886
2616
2231
1775
1177
418
-416
-1229
-2005
-2880
-3726
-4445
-5102
-5680
-6135
-6399
-6586
-6697
-6645
-6447
-6176
-5800
-5432
-4764
-3886
-3145
-2442
-1438
-243
660
1648
2782
3798
4507
5184
5988
6432
6611
6692
6714
6547
6124
5628
5061
4455
3732
2899
2106
1446
741
24
-529
-931
-1388
-1797
-1933
-1973
-2027
-1993
-1707
-1340
-1043
-649
-68
491
997
1421
1864
2255
2498
2596
2647
2629
2298
1905
1467
894
155
-642
-1412
-2158
-2927
-3744
-4432
-5014
-5549
-5955
-6209
-6331
-6407
-6426
-6182
-5904
-5556
-5189
-4725
-3906
-3117
-2450
-1718
-614
437
1220
2248
3350
4174
4737
5509
6207
6417
6538
6613
6566
6287
5882
5385
4798
4212
3521
2737
2044
1414
705
108
-314
-706
-1184
-1484
-1553
-1654
-1756
-1646
-1343
-1087
-851
-410
89
525
932
1290
1661
1915
2029
2065
2100
1915
1484
1101
654
23
-742
-1466
-2163
-2869
-3594
-4299
-4842
-5324
-5762
-6030
-6150
-6184
-6225
-6101
-5769
-5473
-5071
-4701
-4134
-3310
-2581
-1916
-1120
20
933
1715
2776
3773
4486
5046
5854
6386
6493
6596
6658
6536
6189
5788
5224
4648
4086
3381
2604
1982
1362
687
184
-174
-564
-1018
-1205
-1262
-1413
-1520
-1383
-1136
-974
-751
-365
19
380
701
998
1286
1455
1507
1530
1522
1245
843
479
44
-573
-1270
-1911
-2533
-3156
-3809
-4366
-4807
-5210
-5537
-5702
-5758
-5794
-5773
-5585
-5301
-5014
-4650
-4294
-3712
-2978
-2280
-1627
-810
278
1122
1944
2944
3845
4525
5122
5858
6275
6363
6455
6508
6331
5988
5590
5014
4522
3977
3261
2550
2026
1423
785
346
-12
-429
-879
-1017
-1155
-1381
-1477
-1391
-1243
-1120
-910
-621
-262
98
369
655
942
1143
1188
1220
1215
949
603
262
-153
-734
-1364
-1955
-2518
-3092
-3680
-4159
-4550
-4889
-5160
-5303
-5368
-5398
-5365
-5212
-4968
-4726
-4429
-4096
-3564
-2884
-2232
-1612
-816
234
1055
1816
2810
3697
4350
4931
5634
6048
6106
6198
6266
6100
5760
5406
4909
4472
3964
3304
2699
2254
1711
1111
703
365
-67
-554
-719
-905
-1224
-1376
-1352
-1296
-1253
-1089
-850
-516
-210
48
356
652
852
922
998
1004
769
480
192
-204
-735
-1314
-1841
-2352
-2905
-3455
-3904
-4266
-4608
-4911
-5073
-5169
-5268
-5288
-5153
-4952
-4780
-4491
-4147
-3673
-3009
-2347
-1709
-953
84
967
1670
2669
3603
4261
4812
5538
6023
6075
6188
6292
6182
5862
5552
5118
4662
4215
3594
2973
2522
2027
1400
907
555
103
-482
-744
-952
-1344
-1611
-1666
-1665
-1692
-1562
-1380
-1077
-777
-504
-198
135
389
503
653
735
595
376
167
-141
-576
-1086
-1525
-1972
-2484
-2970
-3393
-3759
-4086
-4413
-4608
-4740
-4878
-4935
-4846
-4650
-4501
-4238
-3880
-3458
-2839
-2193
-1556
-867
85
1006
1655
2543
3467
4136
4631
5322
5872
5948
6054
6174
6137
5864
5569
5210
4747
4329
3750
3096
2612
2141
1493
914
530
76
-533
-897
-1137
-1558
-1930
-2060
-2089
-2162
-2077
-1930
-1671
-1351
-1067
-782
-384
-32
137
358
555
530
372
227
35
-296
-743
-1134
-1524
-1993
-2434
-2834
-3211
-3525
-3868
-4132
-4319
-4497
-4614
-4636
-4504
-4398
-4228
-3943
-3629
-3101
-2488
-1856
-1221
-355
649
1356
2171
3134
3916
4448
5123
5807
6023
6137
6288
6312
6120
5833
5522
5054
4606
4069
3374
2791
2292
1633
973
511
45
-542
-996
-1303
-1743
-2183
-2404
-2472
-2572
-2555
-2409
-2192
-1858
-1510
-1211
-768
-302
-23
280
592
687
581
480
371
103
-313
-729
-1127
-1587
-2039
-2455
-2854
-3174
-3507
-3795
-3983
-4153
-4295
-4364
-4264
-4175
-4081
-3846
-3625
-3219
-2619
-1971
-1387
-632
437
1270
2020
3019
3926
4503
5100
5855
6248
6337
6478
6538
6366
6074
5761
5295
4799
4283
3586
2881
2334
1678
934
390
-91
-713
-1264
-1610
-2040
-2531
-2841
-2929
-3010
-3060
-2929
-2707
-2351
-1920
-1560
-1102
-557
-165
175
559
774
705
594
514
286
-139
-606
-1041
-1520
-2010
-2469
-2902
-3258
-3569
-3839
-4014
-4123
-4228
-4306
-4197
-4047
-3976
-3779
-3528
-3212
-2691
-2017
-1405
-777
199
1190
1954
2881
3871
4569
5119
5797
6367
6539
6633
6722
6579
6296
5975
5505
4942
4411
3777
2995
2341
1729
975
333
-183
-801
-1421
-1832
-2212
-2671
-3042
-3176
-3219
-3271
-3163
-2929
-2563
-2068
-1621
-1157
-581
-80
291
658
958
1000
891
796
614
237
-221
-657
-1123
-1604
-2077
-2529
-2932
-3277
-3556
-3786
-3927
-4011
-4126
-4094
-3924
-3835
-3730
-3493
-3218
-2833
-2209
-1550
-1004
-234
789
1635
2432
3377
4222
4817
5378
6032
6377
6456
6568
6511
6281
5995
5567
4975
4411
3876
3132
2369
1762
1087
365
-232
-797
-1422
-1931
-2299
-2669
-3033
-3259
-3298
-3309
-3227
-3016
-2699
-2213
-1700
-1255
-731
-168
255
581
878
1055
1013
876
734
446
36
-373
-800
-1236
-1675
-2126
-2541
-2899
-3228
-3527
-3748
-3856
-3968
-4049
-3952
-3811
-3749
-3597
-3335
-3069
-2593
-1889
-1288
-731
160
1148
1883
2662
3597
4337
4826
5421
5984
6145
6219
6277
6143
5907
5580
5073
4470
3989
3407
2631
1961
1398
709
2
-511
-1020
-1605
-2037
-2337
-2643
-2920
-3042
-3010
-2950
-2788
-2535
-2162
-1649
-1177
-747
-234
263
589
842
1072
1148
1005
814
617
274
-158
-574
-992
-1408
-1833
-2262
-2625
-2944
-3267
-3549
-3726
-3828
-3919
-3939
-3827
-3693
-3618
-3416
-3124
-2819
-2284
-1569
-958
-353
559
1493
2169
2931
3826
4485
4921
5452
5922
6032
6040
6023
5862
5580
5177
4641
4066
3572
2931
2171
1561
1021
327
-318
-737
-1207
-1775
-2150
-2388
-2672
-2909
-2967
-2892
-2820
-2638
-2366
-1986
-1509
-1077
-670
-186
248
494
703
891
903
715
530
348
11
-403
-771
-1134
-1523
-1892
-2235
-2518
-2776
-3027
-3245
-3393
-3476
-3541
-3544
-3433
-3317
-3238
-3012
-2704
-2401
-1917
-1254
-652
-69
749
1594
2225
2918
3726
4313
4688
5148
5549
5633
5608
5582
5414
5110
4736
4259
3726
3239
2648
1967
1428
957
343
-228
-603
-1055
-1588
-1950
-2201
-2499
-2724
-2766
-2731
-2661
-2470
-2217
-1885
-1447
-1026
-639
-201
207
418
587
755
776
621
466
327
50
-279
-571
-882
-1216
-1534
-1815
-2076
-2301
-2504
-2734
-2911
-3024
-3143
-3226
-3182
-3100
-3076
-2908
-2636
-2415
-2069
-1527
-972
-495
152
928
1532
2128
2844
3430
3807
4227
4664
4829
4875
4935
4871
4651
4413
4092
3636
3228
2789
2235
1725
1325
852
334
-83
-473
-973
-1399
-1712
-2024
-2303
-2467
-2492
-2462
-2343
-2178
-1912
-1551
-1178
-826
-413
-25
224
391
580
702
650
549
459
324
72
-140
-361
-620
-898
-1209
-1462
-1726
-1977
-2203
-2431
-2617
-2804
-2986
-3052
-3050
-3022
-2975
-2797
-2592
-2375
-1961
-1475
-1027
-534
167
870
1417
2052
2734
3217
3586
4061
4458
4576
4666
4742
4682
4493
4273
3933
3526
3156
2664
2104
1631
1185
625
105
-297
-760
-1298
-1678
-1983
-2331
-2591
-2698
-2682
-2615
-2475
-2275
-1933
-1554
-1203
-843
-384
-25
184
426
688
813
785
787
753
623
405
257
43
-227
-523
-860
-1153
-1473
-1777
-2030
-2261
-2493
-2737
-2947
-3000
-3047
-3068
-3024
-2844
-2687
-2490
-2064
-1595
-1179
-666
79
773
1322
1999
2686
3158
3576
4090
4477
4607
4757
4858
4811
4663
4478
4134
3734
3368
2828
2214
1673
1137
487
-102
-576
-1132
-1724
-2138
-2489
-2864
-3104
-3161
-3118
-3024
-2835
-2553
-2163
-1759
-1352
-935
-460
-65
248
599
931
1146
1222
1294
1318
1231
1034
862
629
329
-39
-427
-793
-1207
-1605
-1934
-2237
-2561
-2875
-3109
-3206
-3308
-3364
-3326
-3186
-3077
-2881
-2454
-1994
-1596
-1066
-305
395
983
1712
2455
3002
3499
4075
4526
4735
4930
5081
5098
4991
4821
4496
4113
3731
3169
2511
1898
1287
565
-99
-638
-1247
-1889
-2369
-2741
-3104
-3347
-3395
-3332
-3203
-2966
-2638
-2237
-1793
-1328
-882
-400
87
521
927
1330
1660
1821
1909
1975
1939
1734
1477
1197
834
361
-131
-610
-1114
-1617
-2073
-2494
-2888
-3246
-3537
-3684
-3767
-3840
-3843
-3715
-3595
-3447
-3054
-2549
-2150
-1685
-931
-166
435
1183
2061
2735
3275
3922
4499
4788
4997
5200
5256
5160
4992
4673
4258
3851
3309
2626
1980
1362
616
-105
-651
-1229
-1880
-2369
-2703
-3036
-3287
-3334
-3255
-3107
-2844
-2498
-2091
-1616
-1118
-616
-65
488
984
1457
1911
2231
2416
2540
2570
2452
2218
1903
1484
987
434
-157
-771
-1379
-1940
-2439
-2916
-3370
-3720
-3968
-4132
-4198
-4183
-4133
-4025
-3839
-3636
-3303
-2777
-2251
-1785
-1149
-320
383
1048
1911
2734
3319
3883
4506
4901
5074
5222
5294
5190
4975
4662
4208
3729
3209
2540
1847
1221
530
-219
-809
-1314
-1896
-2392
-2699
-2960
-3192
-3255
-3153
-2977
-2717
-2384
-1980
-1482
-959
-441
160
798
1318
1767
2230
2579
2725
2796
2818
2666
2348
1957
1495
935
314
-332
-984
-1613
-2191
-2696
-3142
-3543
-3872
-4100
-4230
-4247
-4186
-4112
-3986
-3759
-3527
-3263
-2789
-2192
-1688
-1162
-412
360
992
1715
2544
3208
3713
4256
4722
4959
5066
5117
5052
4863
4586
4183
3710
3220
2614
1932
1315
711
22
-603
-1073
-1535
-2004
-2334
-2556
-2769
-2900
-2860
-2706
-2507
-2254
-1921
-1494
-1018
-531
26
635
1156
1579
1987
2331
2515
2580
2566
2433
2157
1764
1291
780
231
-390
-1009
-1556
-2076
-2578
-2985
-3301
-3588
-3813
-3932
-3972
-3953
-3896
-3828
-3697
-3499
-3311
-3057
-2601
-2074
-1628
-1091
-358
346
948
1668
2447
3045
3526
4051
4483
4692
4787
4841
4781
4587
4317
3968
3545
3059
2484
1882
1327
766
167
-358
-762
-1153
-1541
-1827
-2025
-2210
-2332
-2296
-2159
-1998
-1778
-1457
-1054
-628
-171
343
853
1287
1654
1994
2256
2377
2384
2302
2102
1779
1352
858
341
-203
-784
-1340
-1831
-2301
-2759
-3125
-3390
-3616
-3791
-3881
-3905
-3885
-3824
-3740
-3615
-3426
-3214
-2983
-2601
-2090
-1606
-1106
-435
301
929
1568
2305
2949
3405
3842
4269
4510
4585
4608
4554
4372
4091
3750
3344
2892
2369
1793
1263
775
248
-249
-613
-935
-1298
-1588
-1738
-1875
-2010
-1998
-1851
-1697
-1507
-1189
-791
-401
3
475
955
1362
1700
2001
2235
2330
2293
2184
1984
1639
1173
680
186
-368
-955
-1481
-1950
-2438
-2902
-3245
-3504
-3744
-3924
-3993
-4002
-3971
-3874
-3726
-3551
-3331
-3069
-2792
-2411
-1899
-1380
-866
-230
484
1105
1704
2380
2996
3443
3832
4215
4450
4527
4528
4441
4247
3972
3610
3176
2742
2264
1685
1132
674
190
-320
-703
-1002
-1337
-1631
-1779
-1869
-1959
-1949
-1824
-1658
-1442
-1130
-747
-330
108
569
1035
1461
1813
2089
2285
2366
2331
2197
1973
1633
1195
703
178
-375
-943
-1501
-2018
-2497
-2963
-3362
-3661
-3908
-4118
-4231
-4243
-4210
-4123
-3940
-3718
-3480
-3166
-2799
-2417
-1932
-1335
-759
-190
496
1198
1778
2358
3003
3531
3896
4264
4586
4707
4692
4642
4487
4201
3855
3437
2954
2466
1947
1352
788
310
-203
-709
-1071
-1355
-1660
-1893
-1979
-2015
-2032
-1939
-1725
-1466
-1169
-785
-325
153
625
1085
1530
1915
2199
2388
2497
2492
2351
2116
1795
1377
866
301
-290
-894
-1508
-2111
-2650
-3132
-3578
-3963
-4240
-4431
-4574
-4633
-4592
-4477
-4304
-4055
-3745
-3389
-2957
-2495
-2022
-1442
-778
-164
425
1125
1835
2393
2924
3513
3991
4278
4541
4774
4819
4714
4564
4354
4018
3599
3124
2627
2139
1608
1025
498
49
-433
-885
-1168
-1382
-1625
-1793
-1813
-1795
-1773
-1626
-1357
-1066
-770
-402
29
453
840
1204
1549
1834
2010
2102
2132
2051
1827
1537
1199
756
228
-321
-871
-1443
-2012
-2541
-3010
-3422
-3778
-4055
-4242
-4342
-4385
-4363
-4255
-4076
-3833
-3536
-3183
-2780
-2328
-1860
-1387
-829
-218
341
873
1497
2135
2634
3090
3580
3973
4189
4365
4522
4524
4387
4198
3977
3652
3235
2777
2320
1878
1376
851
401
4
-417
-793
-1019
-1205
-1409
-1528
-1530
-1515
-1493
-1355
-1127
-889
-643
-346
-11
317
617
891
1151
1359
1476
1521
1522
1417
1194
938
642
244
-224
-673
-1125
-1620
-2088
-2494
-2868
-3213
-3470
-3638
-3752
-3801
-3779
-3690
-3547
-3355
-3099
-2785
-2443
-2086
-1692
-1266
-853
-420
62
533
957
1421
1926
2349
2711
3082
3407
3608
3762
3898
3925
3850
3733
3565
3323
3019
2670
2284
1906
1500
1053
634
264
-111
-473
-737
-947
-1166
-1324
-1373
-1388
-1404
-1342
-1177
-995
-809
-575
-305
-34
218
465
700
897
1020
1078
1103
1048
884
671
448
149
-239
-630
-995
-1381
-1791
-2142
-2437
-2721
-2960
-3099
-3182
-3241
-3230
-3141
-3015
-2853
-2630
-2361
-2072
-1772
-1448
-1104
-753
-413
-49
348
715
1047
1431
1834
2138
2410
2722
2973
3109
3244
3385
3403
3338
3274
3165
2981
2752
2485
2179
1866
1523
1134
774
446
81
-269
-534
-766
-1014
-1193
-1275
-1335
-1380
-1353
-1251
-1118
-969
-789
-566
-321
-99
97
312
502
615
670
709
688
564
398
230
4
-288
-590
-867
-1148
-1445
-1717
-1939
-2127
-2291
-2404
-2468
-2500
-2487
-2421
-2326
-2195
-2036
-1866
-1667
-1457
-1241
-1016
-780
-541
-278
24
318
590
915
1281
1566
1831
2151
2425
2592
2762
2960
3040
3025
3030
3002
2874
2693
2487
2228
1933
1608
1246
888
544
174
-195
-486
-749
-1028
-1243
-1358
-1447
-1528
-1531
-1446
-1335
-1204
-1018
-781
-532
-298
-63
191
417
577
701
804
842
784
682
576
417
182
-72
-300
-543
-823
-1080
-1284
-1478
-1675
-1811
-1886
-1970
-2038
-2038
-1997
-1959
-1912
-1836
-1722
-1604
-1493
-1353
-1175
-994
-807
-553
-248
17
297
671
1024
1306
1622
1962
2213
2407
2630
2794
2841
2867
2877
2797
2648
2466
2223
1943
1639
1290
915
570
222
-166
-495
-756
-1041
-1300
-1443
-1532
-1635
-1665
-1584
-1471
-1339
-1142
-884
-608
-334
-54
242
532
764
948
1110
1231
1258
1210
1145
1042
858
622
386
145
-143
-452
-721
-962
-1220
-1467
-1645
-1797
-1953
-2068
-2122
-2145
-2161
-2156
-2108
-2015
-1918
-1825
-1682
-1485
-1297
-1109
-840
-530
-265
30
410
772
1075
1407
1772
2058
2287
2527
2721
2820
2864
2884
2834
2706
2529
2311
2059
1758
1411
1053
717
353
-37
-376
-667
-979
-1269
-1450
-1585
-1722
-1783
-1725
-1627
-1515
-1320
-1041
-745
-447
-118
240
573
852
1101
1336
1506
1583
1603
1590
1501
1326
1114
878
598
286
-46
-376
-690
-1007
-1320
-1588
-1806
-2010
-2198
-2321
-2388
-2442
-2483
-2469
-2394
-2322
-2250
-2124
-1941
-1760
-1586
-1340
-1023
-727
-447
-79
335
681
1014
1413
1793
2064
2302
2561
2738
2798
2824
2833
2756
2584
2389
2178
1926
1625
1309
1010
703
374
50
-219
-470
-739
-973
-1126
-1255
-1370
-1402
-1345
-1257
-1125
-910
-632
-335
-10
346
702
1029
1314
1562
1750
1874
1923
1889
1786
1616
1379
1085
757
409
31
-369
-753
-1117
-1478
-1816
-2095
-2324
-2528
-2694
-2790
-2839
-2874
-2875
-2813
-2718
-2635
-2526
-2358
-2172
-2004
-1795
-1509
-1207
-909
-551
-117
300
683
1105
1540
1910
2218
2521
2774
2914
2966
2982
2940
2801
2597
2370
2111
1805
1480
1172
879
579
286
35
-169
-368
-562
-703
-801
-907
-990
-993
-940
-865
-738
-531
-284
-21
281
614
943
1239
1501
1726
1886
1974
1980
1912
1772
1546
1251
916
548
143
-277
-681
-1068
-1447
-1806
-2122
-2393
-2618
-2783
-2879
-2933
-2955
-2943
-2884
-2791
-2684
-2567
-2430
-2271
-2117
-1956
-1759
-1533
-1298
-1030
-704
-331
59
457
863
1259
1628
1971
2295
2590
2813
2952
3034
3068
3028
2914
2760
2567
2311
2013
1717
1420
1100
780
503
265
34
-190
-376
-521
-666
-806
-892
-928
-936
-902
-783
-598
-392
-157
131
444
723
972
1205
1392
1493
1524
1507
1416
1228
975
702
400
47
-326
-671
-987
-1295
-1578
-1827
-2062
-2280
-2447
-2542
-2596
-2644
-2671
-2665
-2634
-2584
-2519
-2438
-2342
-2235
-2110
-1958
-1769
-1547
-1300
-1014
-671
-272
143
557
969
1369
1743
2095
2441
2757
2994
3146
3240
3282
3248
3142
2990
2796
2539
2234
1923
1610
1270
928
637
387
126
-138
-360
-545
-725
-888
-1000
-1065
-1111
-1095
-977
-781
-556
-295
24
354
647
908
1150
1331
1415
1423
1382
1262
1039
771
500
205
-140
-495
-804
-1076
-1331
-1551
-1738
-1924
-2114
-2260
-2343
-2413
-2496
-2571
-2621
-2659
-2686
-2689
-2655
-2601
-2524
-2401
-2220
-1996
-1728
-1409
-1045
-636
-187
284
749
1200
1634
2040
2417
2770
3076
3305
3444
3510
3509
3434
3283
3080
2839
2544
2209
1866
1524
1173
825
515
228
-67
-362
-621
-840
-1036
-1208
-1331
-1403
-1431
-1386
-1239
-1002
-720
-399
-35
341
693
1007
1286
1498
1622
1654
1617
1502
1300
1045
767
463
125
-229
-563
-868
-1151
-1415
-1653
-1879
-2098
-2281
-2426
-2546
-2660
-2766
-2849
-2907
-2937
-2932
-2885
-2793
-2655
-2468
-2227
-1930
-1581
-1188
-760
-299
186
671
1142
1598
2030
2418
2759
3060
3302
3467
3552
3568
3517
3386
3183
2928
2628
2286
1917
1543
1178
816
469
145
-160
-459
-743
-988
-1192
-1362
-1502
-1588
-1618
-1589
-1490
-1310
-1051
-737
-385
-1
400
780
1128
1423
1650
1796
1848
1817
1709
1528
1279
989
669
317
-57
-431
-796
-1150
-1488
-1796
-2066
-2302
-2496
-2642
-2756
-2842
-2905
-2938
-2938
-2902
-2824
-2703
-2540
-2334
-2096
-1820
-1511
-1164
-787
-390
24
444
860
1260
1641
1995
2314
2587
2816
2992
3107
3166
3165
3108
2987
2804
2560
2267
1936
1585
1229
881
551
241
-50
-323
-573
-799
-993
-1153
-1275
-1360
-1402
-1393
-1325
-1203
-1015
-759
-447
-91
289
679
1059
1400
1686
1902
2037
2084
2041
1919
1723
1466
1156
810
438
46
-353
-752
-1141
-1506
-1834
-2114
-2341
-2520
-2654
-2751
-2821
-2866
-2878
-2863
-2809
-2719
-2587
-2418
-2218
-1993
-1748
-1480
-1199
-899
-580
-251
84
418
751
1072
1375
1653
1906
2119
2294
2427
2517
2560
2556
2505
2403
2252
2048
1811
1550
1275
1000
732
485
252
37
-156
-325
-474
-600
-696
-763
-799
-804
-764
-671
-529
-335
-88
204
521
842
1158
1446
1688
1867
1978
2017
1974
1853
1669
1431
1143
815
460
91
-288
-671
-1042
-1386
-1697
-1959
-2177
-2351
-2492
-2605
-2691
-2751
-2783
-2788
-2756
-2692
-2594
-2466
-2312
-2136
-1947
-1743
-1526
-1295
-1051
-788
-508
-218
84
392
697
989
1266
1524
1756
1953
2116
2241
2320
2361
2358
2314
2229
2103
1943
1754
1548
1328
1110
899
697
512
343
190
55
-63
-165
-245
-304
-333
-326
-281
-193
-58
118
328
557
795
1023
1226
1394
1512
1575
1572
1502
1371
1181
942
662
351
18
-325
-673
-1012
-1331
-1619
-1870
-2082
-2260
-2404
-2520
-2612
-2674
-2710
-2718
-2701
-2658
-2591
-2505
-2400
-2279
-2142
-1989
-1818
-1630
-1418
-1186
-936
-659
-359
-43
282
607
928
1233
1518
1779
2009
2201
2356
2467
2540
2574
2568
2525
2447
2330
2181
2008
1817
1616
1416
1222
1030
852
690
536
392
266
154
57
-14
-64
-81
-63
-11
77
193
329
480
625
759
866
936
963
940
864
738
564
348
101
-173
-461
-748
-1032
-1301
-1546
-1770
-1960
-2122
-2256
-2358
-2434
-2487
-2517
-2527
-2514
-2482
-2439
-2381
-2314
-2243
-2157
-2053
-1931
-1782
-1611
-1414
-1189
-941
-660
-355
-34
302
641
967
1282
1575
1843
2084
2286
2451
2576
2663
2707
2717
2691
2630
2532
2401
2238
2056
1859
1654
1445
1239
1040
847
666
499
344
209
98
5
-63
-101
-109
-88
-40
30
115
205
294
372
426
456
451
407
329
211
61
-116
-321
-540
-767
-993
-1207
-1407
-1587
-1740
-1871
-1978
-2061
-2120
-2160
-2177
-2179
-2168
-2142
-2106
-2060
-2008
-1954
-1889
-1823
-1735
-1627
-1495
-1337
-1158
-950
-719
-464
-188
101
398
698
988
1264
1526
1764
1978
2162
2312
2430
2512
2561
2580
2569
2525
2450
2346
2213
2059
1884
1699
1502
1301
1098
897
702
517
347
194
59
-51
-143
-207
-247
-265
-261
-240
-206
-164
-120
-76
-38
-13
-3
-10
-40
-94
-172
-274
-397
-540
-702
-870
-1044
-1217
-1381
-1533
-1674
-1799
-1905
-1990
-2051
-2094
-2116
-2118
-2103
-2067
-2020
-1959
-1883
-1793
-1688
-1564
-1417
-1248
-1055
-839
-606
-348
-78
207
497
781
1060
1325
1574
1799
1998
2167
2304
2407
2472
2503
2498
2459
2391
2295
2170
2029
1871
1700
1523
1343
1163
986
814
652
504
368
248
142
50
-23
-80
-125
-155
-173
-185
-193
-196
-203
-208
-221
-239
-263
-295
-339
-390
-449
-517
-589
-667
-747
-831
-922
-1011
-1099
-1188
-1274
-1357
-1429
-1495
-1554
-1603
-1643
-1675
-1695
-1704
-1696
-1678
-1647
-1601
-1541
-1467
-1374
-1263
-1136
-990
-822
-640
-436
-216
18
263
515
774
1029
1278
1515
1733
1929
2097
2231
2336
2407
2440
2442
2403
2335
2234
2104
1949
1771
1573
1365
1151
934
720
515
323
146
-13
-155
-271
-363
-434
-479
-504
-510
-498
-469
-431
-385
-328
-271
-217
-171
-138
-119
-115
-129
-166
-223
-302
-396
-508
-631
-763
-899
-1035
-1171
-1301
-1423
-1532
-1625
-1700
-1756
-1787
-1800
-1792
-1761
-1709
-1633
-1533
-1413
-1269
-1104
-924
-724
-511
-285
-49
191
436
678
915
1140
1351
1538
1703
1841
1950
2027
2071
2084
2063
2009
1925
1813
1679
1521
1350
1166
978
794
618
447
293
154
32
-68
-151
-210
-250
-263
-258
-237
-200
-153
-104
-51
0
47
86
115
135
142
136
118
85
40
-13
-81
-158
-249
-348
-450
-561
-677
-797
-924
-1053
-1181
-1309
-1429
-1542
-1641
-1730
-1799
-1853
-1883
-1889
-1870
-1819
-1739
-1628
-1487
-1317
-1118
-896
-654
-395
-127
150
429
707
974
1222
1449
1652
1826
1968
2078
2146
2183
2183
2146
2079
1979
1853
1703
1530
1341
1143
943
749
564
394
240
106
-6
-91
-155
-194
-204
-192
-162
-115
-58
0
62
118
166
199
222
227
213
179
125
53
-33
-124
-228
-337
-455
-576
-695
-811
-919
-1022
-1120
-1207
-1288
-1363
-1429
-1489
-1541
-1582
-1612
-1626
-1629
-1616
-1587
-1539
-1470
-1380
-1265
-1125
-960
-777
-571
-349
-119
117
354
590
820
1034
1232
1406
1553
1673
1764
1822
1851
1848
1815
1759
1679
1583
1470
1341
1200
1053
902
756
624
502
392
299
220
155
109
78
65
66
79
101
127
154
174
189
193
188
167
138
93
34
-39
-126
-224
-328
-434
-536
-635
-734
-827
-915
-994
-1062
-1125
-1176
-1215
-1247
-1269
-1288
-1303
-1313
-1315
-1306
-1286
-1258
-1221
-1174
-1114
-1042
-955
-850
-729
-588
-436
-268
-92
88
272
452
629
800
958
1101
1223
1328
1409
1467
1504
1515
1503
1468
1420
1357
1284
1205
1118
1021
916
811
714
623
541
469
403
341
285
238
201
173
150
130
112
95
76
56
32
1
-39
-87
-139
-197
-260
-326
-398
-474
-553
-635
-710
-780
-844
-901
-954
-1002
-1044
-1075
-1097
-1110
-1112
-1108
-1093
-1076
-1050
-1014
-972
-921
-862
-795
-722
-642
-555
-461
-359
-254
-145
-29
88
207
322
437
549
650
749
837
913
981
1036
1079
1111
1131
1137
1134
1118
1093
1062
1024
981
932
879
820
757
692
629
566
504
440
376
308
241
176
112
51
-12
-69
-125
-182
-233
-280
-326
-366
-403
-438
-471
-502
-529
-561
-591
-617
-644
-669
-694
-716
-733
-749
-762
-773
-779
-783
-782
-774
-760
-743
-722
-697
-668
-629
-586
-534
-477
-418
-352
-279
-204
-126
-43
42
126
211
297
380
462
537
610
678
739
795
842
884
916
942
959
968
964
951
928
898
856
809
760
701
639
575
508
440
371
303
236
170
106
43
-17
-76
-131
-186
-239
-292
-342
-391
-440
-485
-531
-573
-612
-646
-679
-704
-727
-743
-751
-756
-750
-738
-721
-699
-671
-642
-608
-568
-528
-483
-436
-386
-335
-280
-226
-172
-119
-68
-15
38
85
130
173
217
254
291
326
360
392
420
448
474
500
522
545
566
582
595
608
616
621
622
618
610
597
579
555
527
495
456
415
368
318
263
202
142
82
17
-42
-99
-159
-212
-261
-307
-349
-386
-419
-444
-466
-484
-495
-502
-505
-503
-500
-493
-483
-472
-460
-447
-430
-414
-395
-379
-361
-338
-316
-292
-266
-237
-208
-175
-144
-110
-76
-44
-11
20
54
86
117
147
176
201
225
247
266
283
297
309
317
323
324
323
323
316
309
299
285
274
260
247
231
215
199
183
167
152
137
121
103
86
69
50
31
12
-6
-24
-43
-58
-75
-90
-107
-121
-134
-147
-158
-166
-169
-172
-173
-173
-170
-165
-162
-154
-143
-133
-120
-108
-95
-79
-69
-57
-44
-31
-21
-11
2
12
20
26
31
37
40
43
46
50
52
53
53
51
52
50
48
48
47
43
40
38
33
30
28
23
21
18
14
11
9
6
6
7
2
1
0
-3
-5
-5
-6
-8
-11
-14
-17
-17
-19
-24
-27
-32
-36
-39
-40
-42
-43
-45
-44
-46
-48
-48
-46
-43
-43
-39
-38
-37
-34
-31
-28
-27
-24
-21
-20
-17
-16
-14
-12
-10
-7
-2
3
5
4
7
11
17
21
24
26
28
31
33
34
38
37
36
36
36
38
38
39
39
41
44
44
44
44
44
45
44
44
41
38
33
33
30
26
23
18
18
12
11
10
9
8
6
3
2
2
0
-2
-6
-10
-13
-15
-17
-17
-19
-24
-29
-28
-29
-31
-31
-28
-27
-27
-26
-24
-23
-23
-22
-20
-22
-24
-22
-20
-17
-13
-8
-2
0
5
7
10
11
12
11
12
12
16
16
18
19
17
16
13
11
9
5
2
-3
-6
-10
-13
-13
-16
-17
-9
-10
-7
0
3
8
8
5
4
0
-3
-10
-17
-17
-18
-19
-17
-19
-15
-11
-17
-19
-22
-26
-27
-31
-33
-28
-25
-19
-16
-11
-4
-3
0
-2
-5
-5
-7
-7
-3
0
8
16
22
28
31
35
37
34
28
20
14
10
0
-3
-5
-4
0
1
7
17
22
28
33
37
39
38
32
23
15
12
5
-1
-4
-3
-1
1
2
6
10
12
10
3
0
-3
-7
-10
-9
-7
-1
1
2
2
2
1
-2
-10
-14
-16
-14
-15
-11
-5
1
6
5
3
1
-4
-11
-20
-30
-35
-39
-42
-42
-39
-30
-26
-22
-13
-3
0
4
3
4
2
-3
-8
-14
-13
-12
-11
-5
-1
9
19
24
34
37
39
41
34
32
29
27
26
24
26
26
28
27
25
24
20
18
15
10
7
7
7
10
11
13
13
13
10
7
2
-6
-10
-17
-20
-23
-26
-25
-27
-28
-26
-25
-25
-23
-25
-24
-26
-30
-30
-32
-33
-35
-31
-28
-25
-21
-17
-14
-8
-3
-1
1
3
4
5
6
6
7
10
7
5
0
-1
-1
0
-1
0
4
6
8
12
16
18
20
20
21
20
22
19
18
17
14
15
15
18
19
19
20
18
17
14
10
7
2
-2
-4
-7
-6
-6
-5
-5
-3
0
2
-1
-5
-7
-11
-13
-14
-16
-15
-15
-15
-15
-14
-14
-14
-16
-20
-23
-26
-25
-26
-25
-21
-18
-14
-11
-9
-7
-6
-4
-3
-3
0
3
7
11
13
14
17
19
20
21
21
21
20
17
15
16
16
14
11
12
12
11
9
9
9
7
6
5
6
6
6
4
6
8
10
9
10
9
10
9
7
6
4
3
2
2
3
1
-1
-3
-5
-8
-10
-15
-16
-17
-20
-19
-20
-18
-16
-16
-16
-17
-21
-23
-24
-23
-23
-19
-18
-19
-16
-16
-16
-15
-14
-13
-10
-8
-4
-1
2
6
6
7
5
5
5
3
1
3
3
8
14
19
24
26
27
28
26
24
24
22
19
19
19
19
20
20
18
17
14
11
9
6
2
0
-4
-6
-6
-7
-5
-5
-3
-1
0
0
1
-3
-4
-4
-4
-5
-6
-6
-4
-4
-6
-5
-5
-8
-11
-12
-12
-14
-15
-17
-16
-15
-13
-12
-10
-8
-8
-8
-8
-7
-9
-9
-9
-9
-7
-5
-5
-5
-4
-2
0
0
2
4
4
6
8
9
10
11
11
9
6
6
4
1
2
3
5
8
10
12
14
16
13
14
11
8
7
6
5
5
5
5
6
5
4
3
2
3
-1
-5
-7
-9
-9
-10
-9
-9
-7
-5
-2
0
-1
-2
-4
-4
-5
-6
-6
-7
-6
-6
-6
-5
-3
-5
-3
-3
-4
-3
-3
-4
-6
-7
-4
