SAMPLES:	18544
BITSPERSAMPLE:	16
CHANNELS:	1
SAMPLERATE:	16000
NORMALIZED:	FALSE
0
0
2
0
1
1
1
0
0
1
0
1
1
1
0
0
0
0
0
-1
0
1
-1
-1
-2
-2
-2
-1
-1
-2
-1
-1
0
1
0
2
0
1
1
0
1
0
1
-1
0
1
-1
0
-1
0
-1
0
1
-1
0
1
0
0
1
0
-1
0
0
0
0
0
2
2
3
3
2
1
0
-1
0
-1
-1
-2
-1
0
-2
-2
-2
-1
-2
0
0
2
1
-1
-1
0
0
-1
1
1
1
1
1
2
2
0
0
0
1
-1
0
-1
0
2
2
2
2
1
1
0
-2
1
0
1
0
-1
0
-1
-1
0
0
-2
-2
0
0
1
1
-1
0
1
0
-1
-1
1
-1
-1
-1
-2
-1
0
1
0
0
0
1
1
1
1
0
1
-1
0
0
0
1
0
1
0
0
0
0
2
2
1
2
2
-1
0
-2
-2
-2
-1
1
0
0
0
0
-1
0
-2
-2
-1
-1
0
0
-1
1
1
0
2
2
2
1
0
0
-1
-1
1
1
1
1
1
1
0
0
1
-1
-2
-2
-1
-2
-1
-1
-1
-1
-1
1
-1
1
1
0
1
1
-1
-1
0
-1
0
-1
-2
-1
-1
-1
0
0
0
0
1
2
1
0
0
0
1
1
0
0
-2
-1
0
-1
-1
-1
0
0
0
0
0
0
2
3
3
1
2
2
1
0
1
0
-1
0
1
-1
0
-1
-1
-1
0
1
1
0
0
1
0
-1
-1
-2
-2
-1
0
0
0
1
0
-1
1
0
0
0
-1
1
-1
0
0
0
1
0
0
0
0
0
0
1
1
-1
0
0
1
0
-1
-1
-1
0
-2
0
0
-1
-1
-1
1
-1
0
-1
-2
0
-2
1
2
1
1
1
0
0
1
1
-1
0
0
-2
-1
1
-1
-1
-1
0
0
1
0
1
1
1
0
0
0
0
1
2
2
1
1
0
1
-1
1
-2
-1
-1
-1
-1
0
1
0
0
1
-1
0
1
1
0
-1
-1
-1
0
1
0
1
2
2
0
0
-1
-1
-1
0
-3
-1
-2
-2
-1
-1
1
2
2
0
1
0
-1
0
-1
0
0
0
0
1
2
1
1
2
1
0
0
2
3
1
1
0
1
1
-2
0
-1
0
-1
1
0
0
-1
-1
-1
-1
-1
0
-2
-1
0
-1
0
0
1
3
2
2
1
0
0
-1
-1
0
0
0
-1
-1
-1
-1
-2
-1
-1
0
1
0
1
2
1
0
0
0
0
0
-1
-1
0
0
0
-1
-1
0
0
-1
1
-2
-1
0
1
1
0
-1
0
0
-2
-1
-1
1
1
0
0
-1
0
0
-2
-2
-1
0
0
1
-1
1
1
0
1
1
0
0
1
0
0
0
0
0
0
1
0
0
0
0
-2
1
0
-2
-2
-2
-1
-2
-2
-1
-2
-1
0
0
1
-1
1
0
0
3
2
1
2
0
-1
-1
0
0
1
2
1
0
1
1
1
0
2
2
1
-1
-1
0
-2
-1
1
0
1
0
1
1
1
2
-1
-1
0
-1
-2
-2
-2
-1
-2
0
1
2
1
1
-1
-1
-1
0
1
0
0
1
1
3
1
0
-1
0
0
-1
0
-1
0
-1
-1
-1
-2
-2
0
-1
-1
0
2
2
1
1
0
2
2
1
1
1
1
0
1
0
0
0
-1
0
0
0
0
-1
0
-1
-1
-1
-1
-1
0
1
0
0
0
1
1
0
0
-1
0
-1
-1
0
1
1
1
2
2
1
0
0
-1
0
-1
1
1
1
0
-2
-1
-1
-1
-2
-1
-1
-1
-1
0
1
0
1
1
2
2
0
0
-1
0
-1
-2
0
-1
0
0
1
1
1
0
0
1
1
2
0
-1
-1
-1
-1
-1
-2
0
0
0
-1
0
0
0
2
1
1
-1
-1
0
0
1
0
0
0
-1
-2
0
-1
-2
-1
0
0
1
1
0
2
2
1
1
1
1
0
0
-1
0
0
0
0
-1
0
1
0
1
-1
-1
0
-1
-2
-1
-1
0
-1
0
1
1
-1
-1
-1
-2
-2
-2
-1
0
1
2
1
1
2
1
2
1
1
1
1
0
-1
-1
-1
0
0
1
1
0
-1
-1
-1
-1
-1
-1
0
-1
-1
0
1
1
-1
-1
0
0
0
3
2
0
0
-1
0
0
-1
0
0
0
1
1
2
0
-1
1
0
0
1
1
0
0
1
0
1
0
0
1
1
0
0
3
1
1
2
1
0
0
-1
-2
-1
-1
0
-1
0
1
1
1
1
0
0
0
-2
-1
-2
-2
0
0
-1
0
0
0
1
1
0
0
-1
-1
-3
-2
-1
-1
1
-1
-1
0
0
1
1
1
1
1
3
3
3
2
1
1
1
0
1
-2
-1
-1
-2
-2
-3
0
-1
0
-2
-2
-1
0
1
1
0
1
1
1
1
0
-2
0
0
0
-1
-1
0
1
1
1
1
1
0
0
0
-2
-1
0
-1
-1
0
0
0
1
0
2
0
0
1
-2
-2
-1
-1
-1
-1
-1
-1
-1
0
-1
0
0
0
0
0
0
-1
0
0
-1
1
0
1
1
1
0
0
0
0
0
1
0
-1
0
1
2
2
0
1
-1
-1
0
-2
0
0
1
1
1
2
1
1
0
0
0
1
-1
0
-1
-2
-1
-1
-1
-1
-1
0
0
0
1
1
1
1
1
0
0
0
0
-1
-1
-2
-1
0
1
1
1
1
1
2
0
0
0
2
0
0
0
-1
-1
-1
0
-2
-1
0
0
1
-1
0
-1
-1
0
0
0
1
0
0
0
1
0
1
0
0
0
0
-1
-1
-2
-2
-1
0
0
-1
1
1
1
1
1
0
0
-1
0
1
0
1
0
0
-1
1
-1
0
0
1
1
1
2
2
1
0
0
-1
-1
-2
-1
-3
-2
0
-1
1
-1
-2
0
-1
-1
-1
-1
0
0
1
1
0
0
1
2
1
2
0
2
2
0
1
1
1
1
0
-1
1
1
-2
-1
1
0
1
0
0
1
2
1
0
1
1
0
0
0
-1
-2
0
0
1
0
1
2
1
3
0
-1
0
-1
1
1
-1
0
-1
-1
-1
0
0
-2
0
-2
-2
-1
0
-1
0
0
0
1
2
1
1
0
1
3
1
1
0
-1
-1
-1
0
-1
-1
-1
-1
0
0
-1
1
1
2
0
0
0
0
0
2
2
1
3
1
1
-1
-1
-2
-3
-2
-1
0
-1
-1
0
0
1
1
1
0
1
1
0
-1
0
-1
0
0
0
-1
0
-2
-1
-1
0
0
-1
-1
0
0
0
0
-1
-1
-1
0
1
0
-1
-1
-1
1
0
1
2
3
2
1
0
-1
1
0
1
0
1
0
0
0
0
0
0
0
-1
0
1
1
1
0
0
-1
-2
-2
-1
0
-1
-2
-1
-1
-1
1
2
1
1
1
1
-1
-1
0
-2
-1
0
0
0
0
1
-1
0
1
0
1
1
1
1
1
1
1
0
2
1
0
0
0
0
-1
-1
-1
-1
0
-1
-2
0
-1
-1
0
0
1
1
1
1
0
3
1
1
-1
0
0
0
0
1
0
-1
1
0
0
1
1
0
-1
-1
-1
-2
-2
-2
-1
0
1
0
0
0
0
1
2
1
0
1
0
-1
0
0
1
0
-1
0
2
0
0
0
0
-1
-1
-1
1
1
0
0
0
0
1
1
2
2
2
2
1
2
2
1
1
0
-3
-2
-1
-2
0
-2
-2
0
-1
0
0
1
0
0
-1
0
0
0
0
0
0
-1
-1
-1
-1
-1
-1
1
0
1
1
1
0
0
0
1
0
1
0
0
0
0
0
1
-1
-1
0
0
0
2
2
1
0
-2
0
-1
-2
0
1
2
1
1
3
3
1
3
2
1
1
1
1
-2
0
-1
-2
-2
-1
-3
-3
-4
-3
-4
-5
-5
-3
-3
-2
-1
1
2
2
4
3
3
3
3
4
5
4
4
5
4
5
5
3
1
0
0
-1
-2
-3
-4
-6
-8
-6
-5
-4
-4
-4
-3
-2
-2
-4
-2
-1
0
-1
-1
0
1
2
2
4
4
2
3
1
2
3
2
3
2
3
3
2
1
0
1
2
1
1
1
0
0
-2
-2
-3
-4
-3
-3
-3
-3
-4
-3
-4
-3
-3
-3
-3
-1
-1
-1
0
2
2
4
3
2
1
1
2
2
1
2
4
2
1
1
1
1
0
1
0
0
1
0
0
1
0
-1
1
0
0
0
-2
-1
-2
-3
-3
-4
-4
-2
-3
-4
-4
-3
-2
-2
-4
-3
-3
-2
-2
0
1
2
2
4
5
5
9
12
13
14
16
18
21
22
22
22
21
21
20
19
17
15
10
7
4
-2
-8
-13
-22
-29
-34
-39
-47
-51
-53
-56
-57
-55
-50
-50
-46
-37
-35
-31
-24
-17
-16
-13
-7
-4
-3
6
14
18
29
41
49
60
79
91
97
113
122
122
125
131
123
111
108
94
70
52
36
5
-18
-34
-61
-88
-104
-123
-148
-159
-168
-181
-186
-181
-177
-175
-159
-143
-125
-105
-81
-58
-35
-7
17
41
66
88
106
127
144
152
157
163
162
155
150
144
133
122
114
101
91
84
70
56
49
37
13
-5
-19
-45
-80
-97
-115
-150
-175
-183
-203
-225
-227
-223
-226
-217
-193
-174
-152
-115
-83
-55
-15
25
49
81
120
141
155
182
205
213
222
239
244
243
249
254
246
242
233
216
196
175
136
95
60
12
-46
-89
-133
-194
-234
-260
-301
-338
-335
-342
-368
-348
-307
-311
-301
-239
-199
-198
-139
-70
-57
-33
38
66
71
116
150
130
144
175
152
127
151
137
91
100
116
81
75
112
120
120
163
198
210
251
300
314
338
373
366
346
344
312
240
185
124
22
-76
-152
-253
-354
-419
-481
-547
-577
-588
-610
-598
-551
-519
-487
-412
-348
-313
-244
-157
-116
-66
15
73
103
167
230
256
295
357
379
397
438
460
457
481
497
482
485
506
494
478
490
482
451
436
413
352
291
235
147
36
-65
-190
-327
-448
-566
-697
-804
-886
-963
-1016
-1030
-1034
-1022
-972
-901
-824
-735
-634
-538
-447
-346
-257
-182
-114
-57
-8
35
73
97
118
129
141
150
172
196
235
282
349
422
504
591
698
815
924
1031
1135
1223
1283
1342
1399
1411
1399
1375
1332
1229
1116
979
814
625
435
226
-12
-242
-475
-687
-882
-1061
-1234
-1380
-1496
-1584
-1611
-1608
-1587
-1538
-1457
-1355
-1236
-1101
-986
-856
-732
-643
-581
-515
-466
-468
-456
-438
-436
-402
-297
-212
-138
30
223
375
534
788
901
967
1080
1218
1210
1234
1274
1242
1159
1133
1073
951
931
872
742
665
623
489
369
362
294
169
104
90
9
-8
37
33
102
203
265
300
433
503
470
513
540
396
185
73
-146
-436
-657
-866
-1168
-1447
-1618
-1853
-2068
-2163
-2255
-2403
-2489
-2478
-2529
-2560
-2465
-2375
-2380
-2155
-1664
-1308
-1020
-474
239
625
1135
1865
2376
2480
2810
3153
3175
3090
3130
2949
2605
2454
2154
1706
1444
1253
818
507
451
174
-155
-184
-160
-439
-574
-536
-587
-584
-435
-259
-116
221
499
753
1095
1403
1469
1581
1743
1613
1290
985
644
104
-364
-813
-1326
-1850
-2239
-2643
-2973
-3176
-3357
-3562
-3646
-3602
-3672
-3682
-3547
-3450
-3456
-3161
-2591
-2117
-1711
-995
-202
443
1135
2003
2667
3112
3502
3862
4036
4059
3961
3698
3442
3127
2649
2134
1741
1340
804
450
242
-3
-332
-392
-347
-495
-616
-651
-531
-558
-381
-182
130
418
798
1178
1587
1955
2137
2306
2380
2357
1992
1569
1059
474
-204
-860
-1507
-2168
-2785
-3297
-3700
-4014
-4244
-4448
-4520
-4466
-4379
-4331
-4177
-3965
-3797
-3556
-2889
-2227
-1706
-1084
-120
719
1382
2238
3100
3626
3954
4411
4630
4636
4454
4227
3836
3503
3072
2425
1902
1484
947
366
224
19
-333
-527
-383
-425
-591
-517
-458
-437
-374
-121
72
398
674
934
1265
1686
1838
1807
1938
1892
1495
1012
646
29
-710
-1345
-1921
-2617
-3201
-3692
-4094
-4332
-4491
-4631
-4688
-4437
-4349
-4248
-4011
-3622
-3571
-3115
-2289
-1602
-1172
-351
712
1325
2093
3029
3728
3978
4481
4850
4908
4800
4659
4242
3851
3622
3038
2358
1933
1485
759
411
272
-85
-493
-448
-454
-635
-643
-607
-649
-641
-444
-344
-92
202
427
629
1113
1404
1351
1438
1561
1329
835
550
75
-606
-1242
-1748
-2406
-2982
-3458
-3883
-4179
-4286
-4401
-4552
-4336
-4158
-4095
-3966
-3564
-3494
-3232
-2433
-1674
-1240
-571
561
1227
1949
2912
3706
3956
4445
4942
5026
4928
4836
4512
4059
3907
3414
2689
2202
1838
1129
688
595
274
-215
-286
-249
-533
-667
-708
-783
-857
-739
-683
-531
-229
0
232
706
1135
1125
1225
1435
1320
826
492
114
-548
-1202
-1778
-2416
-3040
-3544
-4014
-4345
-4451
-4594
-4752
-4567
-4317
-4259
-4131
-3754
-3642
-3395
-2553
-1751
-1282
-575
566
1312
2061
3106
3912
4195
4723
5278
5351
5244
5160
4853
4367
4166
3685
2924
2364
1978
1309
819
688
383
-68
-213
-198
-471
-647
-701
-790
-872
-813
-785
-688
-390
-148
95
547
974
1043
1127
1347
1246
830
483
135
-511
-1165
-1787
-2457
-3097
-3645
-4130
-4520
-4652
-4831
-4967
-4831
-4608
-4528
-4379
-3998
-3859
-3440
-2545
-1664
-1184
-339
797
1594
2394
3432
4202
4439
4996
5453
5548
5347
5218
4821
4391
4116
3564
2798
2245
1815
1134
678
446
152
-248
-366
-425
-587
-689
-745
-784
-742
-638
-602
-421
-64
215
481
963
1291
1344
1426
1529
1308
891
502
21
-687
-1336
-2005
-2734
-3350
-3848
-4309
-4668
-4781
-4917
-5002
-4871
-4719
-4620
-4501
-4221
-4000
-3409
-2534
-1710
-1136
-200
871
1706
2618
3528
4230
4509
5044
5361
5448
5207
4947
4515
4195
3831
3194
2578
2094
1619
971
653
419
163
-121
-158
-218
-311
-396
-443
-381
-341
-272
-192
90
385
620
950
1376
1557
1567
1680
1595
1211
625
149
-485
-1316
-2061
-2822
-3515
-4139
-4599
-4985
-5164
-5251
-5298
-5190
-4981
-4803
-4738
-4450
-4396
-3972
-3178
-2315
-1751
-959
343
1218
2104
3319
4403
4686
5333
5982
6256
6033
5943
5603
4964
4685
4058
3224
2611
2143
1304
688
489
165
-372
-434
-349
-697
-793
-815
-802
-862
-784
-663
-523
-150
144
416
957
1447
1481
1702
1994
1865
1247
730
317
-604
-1534
-2310
-3125
-3953
-4657
-5173
-5529
-5684
-5829
-5871
-5634
-5310
-5270
-5023
-4635
-4541
-3920
-2976
-2048
-1597
-441
949
1827
2891
4392
5231
5588
6488
7074
7173
6918
6958
6256
5670
5312
4399
3378
2757
2102
1067
508
231
-311
-965
-905
-1115
-1474
-1555
-1618
-1680
-1702
-1490
-1383
-1100
-618
-275
113
873
1269
1386
1783
2105
1883
1295
1024
460
-525
-1369
-2118
-2987
-3851
-4585
-5198
-5581
-5821
-6080
-6172
-5887
-5750
-5725
-5319
-5036
-4632
-3800
-2746
-1961
-1184
262
1450
2478
3858
5187
5679
6462
7245
7660
7540
7502
7230
6475
6101
5439
4384
3418
2806
1866
1029
515
109
-633
-1041
-1170
-1558
-1802
-1984
-2104
-2171
-2047
-1897
-1693
-1272
-764
-379
268
899
1186
1510
1871
1945
1520
1178
798
-10
-944
-1677
-2482
-3338
-4132
-4814
-5363
-5707
-5987
-6225
-6146
-5978
-5953
-5780
-5552
-5056
-4238
-3397
-2566
-1622
-267
899
2070
3505
4859
5484
6351
7232
7707
7711
7664
7496
6912
6445
5776
4851
3904
3169
2231
1459
928
376
-280
-718
-908
-1359
-1686
-1914
-2107
-2250
-2211
-2100
-1916
-1529
-1087
-575
68
717
1086
1508
1894
1936
1618
1313
911
76
-792
-1589
-2387
-3286
-4039
-4729
-5290
-5622
-5938
-6159
-6132
-5973
-5978
-5840
-5711
-5172
-4409
-3616
-2888
-1837
-473
641
1944
3508
4776
5437
6440
7377
7798
7818
7895
7667
7121
6691
5937
5033
4139
3337
2329
1602
1084
369
-356
-707
-985
-1588
-1886
-2090
-2343
-2576
-2488
-2357
-2163
-1749
-1303
-741
-55
614
998
1520
1928
1926
1639
1425
982
110
-702
-1489
-2341
-3273
-3985
-4675
-5226
-5574
-5899
-6078
-6054
-5954
-5952
-5806
-5660
-5115
-4396
-3604
-2906
-1801
-480
640
2041
3635
4805
5538
6604
7479
7871
7943
8086
7781
7295
6854
6082
5198
4357
3474
2441
1766
1181
369
-424
-773
-1195
-1843
-2143
-2335
-2620
-2865
-2795
-2605
-2319
-1917
-1445
-846
-159
434
887
1447
1813
1749
1517
1337
897
90
-702
-1478
-2317
-3207
-3917
-4562
-5096
-5527
-5840
-5962
-5972
-6000
-5971
-5845
-5647
-5103
-4387
-3644
-2917
-1750
-488
678
2121
3683
4749
5638
6732
7524
7882
8049
8161
7798
7377
6915
6154
5266
4526
3629
2662
2030
1398
584
-150
-545
-1088
-1694
-1998
-2245
-2595
-2801
-2761
-2605
-2301
-1911
-1441
-876
-253
280
759
1308
1589
1478
1282
1096
636
-103
-882
-1669
-2472
-3267
-3970
-4574
-5066
-5482
-5766
-5870
-5926
-6051
-6051
-6014
-5762
-5209
-4520
-3886
-3068
-1816
-619
601
2131
3638
4631
5736
6873
7620
7915
8176
8204
7795
7428
6937
6139
5258
4608
3691
2841
2260
1616
818
215
-214
-892
-1455
-1800
-2117
-2591
-2749
-2741
-2678
-2426
-2031
-1565
-1011
-398
101
612
1146
1393
1227
1096
901
368
-360
-1058
-1854
-2662
-3373
-4031
-4610
-5058
-5353
-5624
-5749
-5838
-5978
-6060
-6074
-5750
-5213
-4581
-3976
-3018
-1750
-557
782
2384
3798
4847
6103
7249
7962
8234
8536
8480
8072
7708
7136
6279
5399
4684
3719
2907
2288
1579
786
218
-309
-1053
-1610
-2061
-2427
-2898
-3058
-3075
-2991
-2735
-2354
-1816
-1180
-549
-38
561
1062
1242
1104
1024
799
219
-442
-1113
-1877
-2655
-3322
-3956
-4486
-4922
-5216
-5466
-5632
-5788
-5977
-6094
-6117
-5716
-5172
-4599
-3968
-2869
-1611
-418
1056
2662
3942
5047
6371
7450
8046
8349
8652
8513
8199
7845
7175
6302
5465
4626
3608
2804
2112
1278
490
-46
-697
-1416
-1935
-2412
-2793
-3159
-3272
-3235
-3052
-2752
-2347
-1730
-1011
-383
179
856
1300
1409
1299
1243
957
338
-270
-981
-1704
-2464
-3151
-3825
-4307
-4794
-5158
-5436
-5643
-5869
-6155
-6284
-6276
-5822
-5309
-4766
-4076
-2868
-1659
-452
1129
2702
3884
5059
6428
7406
7867
8242
8522
8351
8154
7789
7064
6251
5492
4578
3581
2829
2067
1130
409
-79
-861
-1547
-1999
-2442
-2868
-3148
-3188
-3079
-2831
-2517
-2053
-1408
-672
-98
512
1209
1579
1616
1538
1480
1080
418
-213
-961
-1692
-2478
-3216
-3921
-4413
-4939
-5352
-5667
-5909
-6176
-6509
-6639
-6537
-6078
-5612
-5041
-4200
-2947
-1765
-448
1231
2714
3898
5229
6596
7469
7890
8361
8570
8410
8224
7789
7047
6289
5523
4579
3661
2873
2026
1100
465
-142
-1034
-1672
-2119
-2595
-3053
-3253
-3241
-3068
-2797
-2453
-1890
-1207
-517
56
771
1402
1674
1712
1696
1531
1001
342
-349
-1129
-1882
-2681
-3441
-4102
-4642
-5148
-5533
-5805
-6064
-6329
-6591
-6695
-6471
-6004
-5521
-4906
-3896
-2649
-1450
6
1710
3047
4279
5734
6996
7743
8209
8684
8746
8585
8325
7776
6986
6248
5376
4382
3515
2654
1739
863
248
-559
-1453
-2041
-2522
-3014
-3397
-3491
-3430
-3190
-2882
-2449
-1804
-1091
-448
192
954
1456
1656
1724
1706
1405
846
230
-498
-1279
-2041
-2815
-3549
-4145
-4726
-5184
-5524
-5769
-6034
-6279
-6461
-6540
-6189
-5697
-5207
-4573
-3446
-2239
-1023
529
2165
3384
4641
6110
7195
7825
8344
8718
8650
8496
8161
7488
6705
5988
5005
3986
3193
2330
1353
540
-74
-990
-1838
-2387
-2851
-3299
-3565
-3572
-3476
-3189
-2796
-2297
-1622
-879
-260
400
1114
1521
1654
1693
1644
1284
717
131
-571
-1343
-2121
-2851
-3559
-4137
-4708
-5134
-5476
-5737
-5991
-6229
-6368
-6326
-5861
-5396
-4910
-4198
-3015
-1867
-616
970
2466
3599
4877
6255
7160
7681
8193
8452
8338
8177
7753
7054
6338
5614
4583
3651
2924
2056
1105
416
-205
-1134
-1902
-2403
-2838
-3266
-3467
-3460
-3334
-3014
-2568
-2023
-1302
-555
67
779
1449
1774
1854
1886
1775
1339
708
81
-621
-1409
-2222
-2956
-3632
-4225
-4782
-5207
-5532
-5833
-6096
-6325
-6449
-6289
-5765
-5318
-4835
-4001
-2779
-1646
-344
1289
2678
3774
5094
6377
7141
7588
8045
8210
8053
7854
7333
6614
5933
5165
4109
3257
2550
1667
783
180
-440
-1327
-2002
-2452
-2886
-3306
-3464
-3456
-3278
-2894
-2419
-1836
-1068
-314
336
1115
1772
2034
2108
2153
1976
1415
705
5
-767
-1615
-2470
-3211
-3852
-4429
-4966
-5317
-5576
-5823
-6076
-6235
-6334
-6062
-5509
-5029
-4514
-3563
-2308
-1182
206
1842
3176
4220
5577
6727
7393
7783
8179
8215
7993
7745
7108
6333
5618
4805
3698
2866
2141
1236
368
-246
-862
-1716
-2329
-2769
-3174
-3564
-3671
-3615
-3367
-2904
-2407
-1767
-984
-212
437
1224
1842
2042
2114
2132
1914
1269
560
-170
-994
-1879
-2715
-3438
-4052
-4560
-5047
-5332
-5546
-5691
-5923
-6037
-6052
-5642
-5100
-4574
-3981
-2915
-1690
-559
882
2450
3697
4678
5994
6997
7588
7901
8242
8196
7968
7614
6916
6110
5337
4480
3363
2547
1748
842
-39
-679
-1324
-2134
-2720
-3133
-3478
-3815
-3841
-3687
-3350
-2872
-2319
-1600
-798
-19
627
1394
1899
2043
2067
2020
1713
1026
320
-402
-1233
-2111
-2923
-3645
-4211
-4708
-5141
-5413
-5596
-5743
-5926
-6017
-5893
-5400
-4852
-4317
-3633
-2478
-1316
-178
1291
2838
3957
4951
6195
7110
7599
7911
8225
8130
7898
7470
6735
5887
5111
4232
3153
2354
1550
652
-182
-769
-1447
-2249
-2757
-3128
-3469
-3763
-3676
-3455
-3103
-2643
-2042
-1286
-463
331
982
1752
2165
2284
2241
2143
1751
973
249
-505
-1373
-2318
-3130
-3879
-4469
-5013
-5428
-5676
-5886
-6038
-6215
-6253
-6080
-5542
-4999
-4450
-3694
-2497
-1307
-113
1431
2992
4104
5191
6450
7291
7731
8069
8363
8169
7884
7413
6603
5700
4916
4020
2929
2140
1346
494
-281
-781
-1500
-2279
-2693
-3043
-3399
-3666
-3527
-3304
-2929
-2473
-1874
-1132
-297
483
1151
1914
2280
2397
2347
2230
1774
948
217
-614
-1535
-2538
-3361
-4132
-4732
-5283
-5685
-5911
-6090
-6211
-6354
-6329
-6146
-5573
-4999
-4390
-3576
-2316
-1056
216
1771
3347
4458
5607
6876
7640
8036
8348
8578
8252
7903
7361
6487
5519
4706
3744
2623
1829
990
162
-566
-1005
-1746
-2446
-2779
-3089
-3393
-3578
-3431
-3221
-2766
-2285
-1694
-979
-148
571
1224
1940
2238
2324
2274
2128
1599
799
65
-816
-1755
-2736
-3558
-4333
-4874
-5391
-5796
-6014
-6144
-6226
-6309
-6217
-6013
-5407
-4767
-4092
-3222
-1879
-580
724
2270
3820
4883
5980
7197
7851
8177
8439
8550
8116
7730
7136
6215
5222
4393
3347
2199
1417
535
-335
-1037
-1439
-2127
-2726
-2983
-3218
-3403
-3448
-3268
-3033
-2519
-2006
-1421
-732
74
747
1356
2021
2284
2350
2278
2110
1552
777
17
-846
-1780
-2725
-3516
-4274
-4777
-5305
-5713
-5930
-6062
-6158
-6217
-6103
-5969
-5414
-4734
-4029
-3229
-1894
-543
704
2179
3725
4847
5815
6991
7655
7972
8198
8276
7849
7458
6949
6057
5098
4291
3313
2164
1379
564
-312
-1034
-1468
-2039
-2587
-2830
-3057
-3185
-3159
-3015
-2791
-2325
-1801
-1283
-621
166
849
1403
2048
2378
2436
2377
2184
1666
868
77
-766
-1690
-2630
-3411
-4153
-4695
-5210
-5635
-5826
-5966
-6080
-6180
-6103
-6041
-5611
-4916
-4200
-3482
-2296
-872
348
1714
3265
4563
5465
6592
7429
7823
8010
8105
7803
7365
6959
6176
5240
4420
3586
2487
1620
898
98
-695
-1238
-1721
-2275
-2613
-2885
-3045
-3075
-3034
-2868
-2489
-1997
-1520
-911
-112
611
1164
1763
2239
2364
2328
2139
1711
992
183
-609
-1489
-2383
-3208
-3941
-4514
-4977
-5424
-5657
-5774
-5886
-6000
-6027
-5975
-5695
-5034
-4326
-3644
-2649
-1256
-7
1261
2785
4225
5186
6219
7249
7798
7994
8087
7948
7499
7115
6460
5552
4686
3901
2864
1885
1165
377
-486
-1147
-1614
-2219
-2680
-2982
-3191
-3292
-3283
-3145
-2836
-2341
-1819
-1232
-450
339
935
1520
2116
2380
2361
2251
1962
1387
639
-66
-879
-1760
-2606
-3376
-4043
-4565
-5052
-5435
-5642
-5799
-5924
-6044
-6048
-5897
-5347
-4643
-3975
-3144
-1837
-522
687
2141
3702
4829
5756
6883
7643
7933
8026
8062
7693
7262
6724
5868
4953
4130
3194
2096
1307
500
-403
-1163
-1665
-2274
-2875
-3174
-3432
-3543
-3528
-3321
-3072
-2538
-1918
-1328
-574
269
982
1551
2246
2637
2653
2568
2453
1999
1271
612
-169
-1067
-1996
-2803
-3634
-4294
-4863
-5391
-5770
-6003
-6151
-6304
-6319
-6281
-5852
-5139
-4397
-3692
-2508
-1079
174
1554
3186
4558
5449
6545
7480
7926
8011
8118
7874
7386
6890
6093
5115
4203
3352
2197
1289
500
-382
-1220
-1755
-2287
-2932
-3257
-3503
-3606
-3577
-3304
-3057
-2549
-1853
-1242
-529
336
1167
1735
2412
2920
3015
2890
2808
2468
1717
969
189
-715
-1707
-2608
-3488
-4274
-4872
-5464
-5927
-6163
-6300
-6448
-6472
-6381
-6153
-5462
-4634
-3865
-2925
-1467
-67
1262
2868
4423
5468
6383
7471
8069
8212
8228
8106
7576
7027
6367
5340
4305
3419
2403
1257
437
-362
-1257
-1960
-2413
-2935
-3429
-3618
-3727
-3697
-3535
-3174
-2759
-2113
-1427
-730
77
940
1671
2228
2802
3077
3033
2842
2614
2015
1180
370
-458
-1423
-2376
-3265
-4064
-4709
-5238
-5764
-6026
-6115
-6228
-6323
-6226
-6018
-5574
-4704
-3893
-3028
-1834
-290
979
2448
4042
5272
6117
7124
7982
8199
8250
8143
7733
7081
6534
5615
4512
3551
2632
1495
469
-326
-1184
-1983
-2521
-2952
-3417
-3672
-3736
-3722
-3601
-3289
-2895
-2339
-1679
-984
-271
559
1340
1952
2511
2943
3075
2945
2774
2367
1667
857
56
-831
-1781
-2682
-3562
-4276
-4842
-5360
-5792
-5951
-6048
-6194
-6208
-6034
-5731
-5065
-4209
-3390
-2426
-997
400
1700
3176
4614
5609
6489
7470
8001
8152
8122
7891
7305
6766
6013
4949
3928
3057
1998
809
-89
-961
-1816
-2471
-2896
-3367
-3679
-3716
-3700
-3581
-3303
-2883
-2436
-1756
-1054
-392
375
1211
1887
2400
2968
3260
3233
3058
2826
2242
1437
631
-250
-1255
-2268
-3190
-4069
-4773
-5335
-5847
-6168
-6312
-6423
-6492
-6336
-6085
-5643
-4764
-3862
-3017
-1909
-334
949
2237
3677
5004
5865
6765
7610
7928
8019
7913
7570
6949
6440
5515
4426
3532
2666
1452
303
-450
-1345
-2147
-2675
-2983
-3469
-3631
-3582
-3459
-3266
-2898
-2443
-1903
-1153
-530
178
996
1811
2292
2833
3333
3462
3286
3124
2775
2018
1196
364
-589
-1716
-2687
-3614
-4418
-5131
-5684
-6173
-6400
-6532
-6615
-6579
-6361
-6049
-5452
-4460
-3581
-2655
-1404
127
1331
2672
4062
5221
6018
6929
7605
7783
7826
7698
7287
6704
6155
5217
4187
3313
2369
1163
156
-583
-1454
-2216
-2626
-2951
-3395
-3554
-3459
-3336
-3154
-2799
-2331
-1776
-1120
-470
252
1078
1754
2234
2770
3219
3261
3099
2968
2546
1806
999
204
-794
-1838
-2771
-3618
-4382
-5079
-5656
-6115
-6269
-6423
-6499
-6453
-6176
-5841
-5165
-4174
-3265
-2312
-1057
461
1673
2978
4248
5352
6111
6957
7520
7662
7666
7500
7080
6480
5930
4982
3962
3042
2135
970
8
-736
-1530
-2226
-2603
-2903
-3299
-3418
-3341
-3214
-3036
-2686
-2286
-1756
-1109
-468
177
928
1575
2051
2553
2938
2999
2885
2767
2328
1635
838
37
-934
-1891
-2777
-3604
-4362
-5049
-5573
-5977
-6109
-6289
-6301
-6250
-5948
-5580
-4785
-3852
-2991
-2024
-697
763
1881
3175
4412
5461
6114
6942
7419
7560
7502
7309
6895
6307
5699
4687
3753
2856
1934
778
-80
-836
-1655
-2261
-2598
-2886
-3282
-3319
-3250
-3082
-2868
-2494
-2093
-1529
-858
-274
387
1114
1751
2179
2679
3022
3035
2920
2759
2298
1500
666
-177
-1127
-2106
-3033
-3873
-4648
-5287
-5807
-6112
-6239
-6366
-6359
-6212
-5850
-5412
-4542
-3624
-2728
-1738
-350
991
2090
3376
4589
5477
6063
6842
7182
7275
7188
6993
6491
5923
5262
4263
3378
2560
1609
481
-265
-996
-1788
-2314
-2570
-2844
-3163
-3131
-3016
-2803
-2524
-2133
-1708
-1129
-484
64
732
1424
1982
2362
2842
3141
3077
2919
2705
2213
1382
544
-284
-1216
-2195
-3140
-3939
-4696
-5308
-5831
-6060
-6168
-6271
-6252
-6066
-5699
-5300
-4435
-3514
-2590
-1685
-337
968
2085
3296
4472
5329
5913
6624
6934
7055
6979
6774
6235
5702
5060
4088
3220
2430
1522
390
-300
-1018
-1744
-2275
-2496
-2756
-3031
-2978
-2897
-2635
-2396
-1978
-1604
-985
-410
136
788
1458
1995
2342
2869
3133
3080
2865
2668
2171
1379
593
-244
-1156
-2152
-3047
-3869
-4598
-5228
-5730
-5959
-6056
-6137
-6135
-5945
-5633
-5285
-4511
-3554
-2657
-1841
-572
788
1873
3006
4182
5138
5696
6385
6795
6988
6873
6666
6202
5678
5076
4139
3283
2498
1687
584
-137
-795
-1497
-2079
-2319
-2517
-2848
-2877
-2781
-2539
-2386
-2028
-1627
-1095
-563
-14
628
1271
1853
2232
2742
3062
3061
2821
2635
2220
1498
694
-115
-1010
-2008
-2887
-3705
-4422
-5103
-5562
-5869
-5970
-6076
-6062
-5944
-5691
-5372
-4750
-3796
-2948
-2097
-986
425
1498
2625
3795
4839
5489
6141
6734
6938
6881
6661
6354
5812
5248
4410
3520
2761
1957
975
86
-506
-1245
-1842
-2154
-2346
-2718
-2888
-2708
-2565
-2392
-2138
-1645
-1239
-638
-64
556
1200
1827
2306
2697
3118
3117
2942
2687
2386
1648
802
-25
-933
-1931
-2852
-3634
-4439
-5080
-5538
-5839
-6010
-6039
-6017
-5925
-5688
-5350
-4869
-3989
-3096
-2232
-1285
64
1203
2284
3416
4501
5249
5843
6521
6737
6744
6525
6310
5764
5256
4557
3700
2928
2174
1292
346
-238
-908
-1521
-1891
-2053
-2409
-2692
-2598
-2443
-2358
-2150
-1753
-1323
-827
-215
362
998
1634
2128
2545
2908
3096
2910
2749
2439
1860
972
136
-722
-1744
-2643
-3512
-4230
-4968
-5362
-5726
-5885
-5948
-5938
-5847
-5690
-5355
-5023
-4187
-3342
-2499
-1712
-448
747
1777
2906
4034
4906
5500
6259
6601
6693
6549
6390
5944
5481
4924
4114
3347
2596
1783
819
185
-480
-1132
-1585
-1781
-2115
-2468
-2491
-2427
-2349
-2214
-1868
-1517
-1038
-477
108
732
1379
1901
2300
2728
2964
2886
2696
2453
1940
1116
279
-596
-1549
-2522
-3373
-4135
-4819
-5303
-5673
-5880
-5993
-5992
-5949
-5781
-5537
-5193
-4442
-3587
-2798
-2043
-834
378
1445
2539
3729
4648
5299
6070
6544
6713
6609
6509
6157
5749
5215
4483
3703
2980
2205
1260
526
-114
-799
-1368
-1652
-1927
-2316
-2480
-2447
-2368
-2266
-2001
-1630
-1206
-646
-90
519
1134
1731
2157
2562
2860
2866
2683
2418
2010
1263
414
-451
-1330
-2299
-3205
-3985
-4667
-5191
-5619
-5909
-6057
-6099
-6099
-5967
-5717
-5392
-4749
-3883
-3067
-2271
-1132
168
1224
2322
3512
4517
5181
5937
6501
6686
6667
6591
6348
5884
5413
4673
3888
3139
2413
1461
642
41
-631
-1246
-1622
-1836
-2210
-2390
-2360
-2270
-2163
-1911
-1507
-1093
-537
-12
536
1131
1755
2210
2550
2852
2868
2690
2394
1982
1248
395
-441
-1313
-2270
-3190
-3966
-4647
-5163
-5563
-5897
-6039
-6069
-6044
-5957
-5696
-5382
-4809
-3975
-3133
-2298
-1217
75
1072
2141
3297
4323
4971
5724
6298
6502
6506
6472
6272
5820
5392
4677
3909
3159
2468
1516
723
109
-549
-1164
-1562
-1830
-2201
-2350
-2350
-2293
-2210
-1921
-1542
-1121
-584
-58
473
1074
1693
2163
2546
2834
2841
2685
2456
2016
1274
464
-299
-1189
-2156
-3032
-3791
-4496
-5053
-5438
-5790
-5951
-6007
-5965
-5923
-5702
-5426
-4845
-4021
-3171
-2326
-1235
67
1053
2134
3302
4371
4999
5780
6369
6606
6568
6512
6309
5890
5457
4717
3940
3181
2489
1497
722
95
-598
-1239
-1627
-1901
-2325
-2469
-2492
-2403
-2348
-2034
-1683
-1236
-702
-171
391
1009
1622
2030
2477
2763
2780
2565
2393
1973
1239
436
-305
-1137
-2121
-2939
-3711
-4387
-5025
-5438
-5792
-5931
-6016
-6003
-5926
-5728
-5432
-4862
-3981
-3167
-2291
-1205
146
1183
2327
3526
4604
5283
6062
6677
6900
6883
6770
6547
6132
5691
4905
4080
3316
2579
1554
728
89
-684
-1396
-1772
-2046
-2509
-2730
-2717
-2645
-2580
-2292
-1908
-1482
-930
-372
209
856
1475
1894
2310
2673
2700
2480
2282
1934
1200
358
-402
-1231
-2186
-3027
-3764
-4483
-5117
-5585
-5900
-6030
-6103
-6115
-6016
-5746
-5421
-4812
-3943
-3093
-2252
-1135
205
1336
2516
3737
4803
5521
6297
6877
7102
7088
6970
6688
6260
5757
4952
4083
3320
2548
1544
693
50
-694
-1385
-1750
-1995
-2393
-2616
-2580
-2495
-2412
-2143
-1759
-1342
-815
-276
303
941
1562
1982
2354
2669
2702
2498
2256
1859
1101
232
-577
-1441
-2401
-3250
-4004
-4711
-5323
-5763
-6049
-6164
-6241
-6247
-6146
-5862
-5491
-4842
-3994
-3172
-2309
-1151
167
1316
2539
3772
4815
5549
6328
6894
7131
7134
7030
6741
6285
5710
4893
4083
3320
2510
1522
723
86
-594
-1245
-1638
-1926
-2281
-2479
-2495
-2419
-2354
-2120
-1783
-1330
-833
-318
265
940
1552
1973
2365
2633
2660
2501
2273
1791
1024
208
-583
-1484
-2441
-3282
-4046
-4743
-5325
-5768
-6056
-6184
-6273
-6298
-6194
-5899
-5471
-4763
-3931
-3074
-2131
-869
400
1595
2851
4070
5021
5783
6554
7040
7231
7218
7095
6704
6199
5537
4720
3904
3122
2240
1269
520
-111
-756
-1373
-1782
-2120
-2420
-2568
-2602
-2540
-2452
-2206
-1872
-1362
-841
-312
271
960
1543
1967
2341
2559
2561
2408
2149
1597
839
50
-734
-1661
-2579
-3411
-4148
-4838
-5377
-5825
-6081
-6204
-6241
-6252
-6083
-5715
-5164
-4401
-3570
-2608
-1522
-186
1021
2278
3490
4617
5453
6263
6941
7270
7358
7301
7096
6585
6057
5287
4474
3602
2799
1824
930
195
-483
-1129
-1702
-2090
-2495
-2674
-2809
-2802
-2779
-2556
-2284
-1863
-1309
-733
-147
461
1149
1649
2113
2407
2556
2467
2339
1950
1288
511
-284
-1142
-2104
-2973
-3818
-4563
-5224
-5706
-6107
-6295
-6346
-6355
-6291
-6008
-5515
-4804
-3979
-3075
-2027
-714
598
1817
3028
4235
5184
5980
6775
7271
7406
7384
7310
6893
6377
5724
4909
4009
3214
2331
1358
559
-143
-858
-1481
-1864
-2250
-2586
-2708
-2726
-2741
-2619
-2301
-1957
-1489
-908
-299
318
982
1546
1982
2385
2617
2586
2431
2196
1620
824
44
-766
-1737
-2693
-3560
-4353
-5080
-5627
-6077
-6364
-6481
-6502
-6526
-6386
-6010
-5416
-4595
-3734
-2747
-1588
-177
1114
2366
3590
4740
5608
6440
7142
7427
7483
7465
7259
6747
6218
5466
4578
3728
2942
2003
1073
356
-399
-1100
-1614
-1941
-2388
-2647
-2718
-2728
-2710
-2492
-2157
-1801
-1252
-665
-16
646
1315
1780
2222
2594
2728
2589
2403
2020
1307
502
-251
-1139
-2135
-3091
-3945
-4694
-5346
-5853
-6251
-6436
-6566
-6595
-6618
-6367
-5959
-5210
-4376
-3441
-2404
-1114
293
1562
2860
4070
5168
5980
6832
7298
7506
7518
7439
7062
6565
5972
5108
4263
3439
2628
1613
840
95
-639
-1299
-1692
-2101
-2531
-2684
-2741
-2727
-2672
-2386
-2121
-1672
-1116
-488
160
845
1445
1870
2330
2634
2675
2496
2298
1786
1037
277
-491
-1407
-2384
-3291
-4122
-4815
-5422
-5879
-6184
-6326
-6449
-6511
-6455
-6144
-5622
-4858
-3998
-3053
-1980
-625
715
1970
3240
4449
5413
6224
6947
7312
7452
7399
7201
6750
6251
5538
4711
3887
3117
2200
1280
582
-133
-847
-1439
-1802
-2262
-2570
-2687
-2688
-2695
-2548
-2280
-1943
-1430
-859
-235
412
1100
1599
2039
2446
2681
2603
2447
2151
1540
753
-15
-853
-1822
-2780
-3694
-4482
-5136
-5651
-6063
-6234
-6355
-6439
-6465
-6251
-5861
-5255
-4460
-3563
-2642
-1508
-103
1187
2435
3678
4834
5686
6494
7102
7419
7452
7333
7012
6502
5919
5129
4292
3466
2699
1751
946
297
-361
-1052
-1542
-1851
-2244
-2452
-2526
-2521
-2518
-2318
-2041
-1637
-1127
-590
-8
638
1278
1698
2116
2477
2621
2456
2291
1921
1248
428
-375
-1263
-2255
-3200
-4066
-4773
-5359
-5816
-6177
-6282
-6396
-6460
-6434
-6135
-5711
-5054
-4233
-3327
-2404
-1217
219
1513
2767
3961
5083
5901
6718
7271
7539
7510
7400
7036
6492
5861
5036
4178
3356
2597
1660
887
216
-435
-1107
-1515
-1817
-2177
-2371
-2448
-2493
-2474
-2267
-1988
-1590
-1105
-592
-28
622
1232
1649
2052
2410
2492
2317
2135
1752
1062
241
-590
-1481
-2452
-3358
-4142
-4806
-5378
-5835
-6168
-6288
-6399
-6457
-6414
-6085
-5621
-4928
-4097
-3164
-2216
-1004
426
1716
2936
4097
5176
5963
6748
7241
7434
7379
7301
6931
6377
5722
4905
4052
3263
2513
1589
797
111
-531
-1160
-1519
-1815
-2154
-2345
-2395
-2420
-2347
-2128
-1828
-1437
-965
-450
101
743
1318
1738
2105
2418
2426
2237
2006
1580
878
56
-776
-1662
-2570
-3459
-4186
-4861
-5429
-5888
-6177
-6308
-6400
-6414
-6344
-5970
-5492
-4726
-3888
-2928
-1982
-719
645
1884
3086
4231
5238
5964
6740
7147
7280
7171
7106
6705
6176
5511
4699
3860
3089
2343
1392
633
-52
-667
-1271
-1577
-1883
-2198
-2338
-2310
-2248
-2142
-1885
-1538
-1101
-610
-74
461
1080
1615
1998
2321
2570
2496
2238
1940
1446
687
-152
-980
-1887
-2799
-3696
-4414
-5114
-5678
-6129
-6354
-6458
-6486
-6428
-6296
-5894
-5389
-4550
-3665
-2671
-1714
-429
867
2068
3243
4355
5281
5958
6680
7051
7135
6962
6845
6413
5891
5229
4421
3587
2826
2093
1164
473
-162
-732
-1302
-1587
-1885
-2180
-2261
-2206
-2113
-2049
-1782
-1430
-986
-497
23
533
1113
1645
1996
2331
2594
2524
2245
1978
1487
700
-108
-892
-1791
-2704
-3543
-4254
-4955
-5496
-5916
-6130
-6229
-6218
-6164
-6074
-5732
-5272
-4486
-3606
-2624
-1705
-481
811
1976
3088
4169
5084
5722
6398
6823
6932
6774
6643
6239
5729
5114
4349
3550
2820
2116
1219
526
-64
-612
-1180
-1507
-1804
-2104
-2215
-2190
-2128
-2099
-1866
-1533
-1120
-651
-159
341
921
1459
1839
2190
2488
2445
2213
1953
1475
696
-116
-893
-1772
-2639
-3450
-4140
-4823
-5315
-5701
-5908
-5985
-5958
-5906
-5857
-5533
-5105
-4342
-3491
-2521
-1618
-431
853
1981
3067
4108
5034
5640
6308
6730
6868
6729
6591
6205
5699
5094
4329
3574
2833
2132
1236
523
-68
-601
-1163
-1516
-1787
-2080
-2214
-2220
-2157
-2125
-1917
-1615
-1223
-793
-323
202
772
1289
1688
2041
2307
2293
2087
1799
1314
569
-262
-1047
-1870
-2705
-3501
-4174
-4793
-5271
-5620
-5807
-5875
-5855
-5800
-5733
-5413
-4960
-4219
-3397
-2461
-1542
-377
882
2016
3126
4178
5118
5770
6436
6825
6951
6806
6645
6256
5729
5083
4316
3551
2755
2022
1141
428
-154
-679
-1213
-1533
-1739
-2001
-2118
-2102
-2027
-1977
-1754
-1442
-1074
-658
-179
381
928
1430
1811
2143
2342
2315
2060
1718
1202
447
-397
-1216
-2030
-2888
-3663
-4335
-4899
-5374
-5693
-5865
-5928
-5911
-5828
-5708
-5390
-4911
-4200
-3379
-2486
-1570
-449
795
1935
3057
4125
5046
5713
6355
6724
6806
6651
6472
6094
5561
4938
4209
3461
2669
1957
1149
506
-21
-531
-1029
-1319
-1508
-1774
-1889
-1886
-1875
-1867
-1665
-1383
-1057
-667
-196
326
868
1363
1733
2059
2256
2215
1945
1628
1132
407
-389
-1156
-1989
-2811
-3556
-4207
-4768
-5201
-5519
-5719
-5773
-5757
-5672
-5578
-5266
-4853
-4174
-3358
-2483
-1633
-536
707
1829
2937
4024
4936
5554
6204
6586
6687
6540
6408
6053
5547
4973
4276
3548
2776
2089
1289
646
107
-414
-929
-1258
-1495
-1785
-1926
-1950
-1973
-1981
-1802
-1532
-1206
-810
-342
156
701
1203
1585
1902
2119
2092
1863
1566
1113
437
-305
-1026
-1838
-2628
-3373
-4019
-4594
-5010
-5345
-5578
-5633
-5597
-5528
-5474
-5183
-4794
-4121
-3312
-2443
-1650
-590
614
1717
2774
3828
4734
5313
5952
6371
6558
6444
6369
6055
5613
5070
4405
3697
2950
2285
1470
801
219
-282
-813
-1181
-1451
-1741
-1923
-1979
-1996
-2004
-1853
-1602
-1276
-912
-448
50
579
1068
1452
1755
1970
1983
1793
1497
1044
418
-315
-1034
-1814
-2594
-3350
-4011
-4552
-4994
-5322
-5567
-5627
-5606
-5522
-5478
-5203
-4775
-4085
-3278
-2409
-1570
-575
605
1709
2765
3717
4629
5215
5831
6270
6526
6439
6320
6053
5623
5100
4426
3733
2966
2308
1498
795
192
-269
-759
-1149
-1377
-1631
-1810
-1847
-1801
-1782
-1636
-1375
-1056
-710
-260
241
722
1193
1563
1816
2000
2037
1854
1500
998
359
-410
-1178
-1954
-2736
-3493
-4161
-4691
-5158
-5484
-5700
-5770
-5767
-5651
-5567
-5292
-4808
-4107
-3301
-2422
-1511
-566
604
1716
2777
3642
4548
5147
5725
6182
6442
6376
6176
5982
5556
5072
4419
3769
3005
2355
1588
844
244
-207
-665
-1130
-1334
-1568
-1772
-1817
-1733
-1712
-1616
-1348
-1048
-714
-302
191
629
1094
1509
1751
1948
2050
1937
1588
1115
537
-210
-967
-1711
-2460
-3227
-3913
-4478
-4981
-5367
-5627
-5725
-5761
-5684
-5609
-5378
-4927
-4297
-3515
-2654
-1743
-852
308
1435
2491
3360
4298
4943
5500
6029
6320
6307
6094
5989
5605
5159
4559
3941
3205
2553
1844
1058
460
-25
-492
-1045
-1269
-1508
-1761
-1856
-1773
-1745
-1712
-1440
-1166
-824
-441
57
486
959
1409
1678
1895
2062
2003
1685
1282
772
59
-695
-1378
-2125
-2913
-3632
-4221
-4782
-5222
-5529
-5673
-5722
-5690
-5607
-5452
-5034
-4518
-3782
-2947
-2046
-1233
-163
1000
2040
2956
3917
4695
5226
5817
6190
6303
6136
6096
5812
5389
4862
4256
3572
2887
2239
1419
776
239
-230
-825
-1134
-1389
-1682
-1856
-1861
-1841
-1862
-1629
-1380
-1048
-677
-187
268
762
1251
1567
1794
1998
2006
1735
1389
922
254
-520
-1188
-1928
-2730
-3477
-4089
-4667
-5147
-5461
-5673
-5728
-5701
-5576
-5492
-5126
-4657
-3980
-3130
-2245
-1452
-519
692
1759
2735
3691
4587
5116
5686
6147
6369
6262
6179
5981
5531
5029
4405
3720
2969
2324
1488
740
189
-249
-784
-1140
-1344
-1607
-1813
-1855
-1808
-1807
-1611
-1309
-977
-593
-102
390
900
1414
1758
1955
2147
2192
1958
1583
1084
412
-389
-1135
-1906
-2717
-3502
-4164
-4732
-5218
-5553
-5816
-5891
-5845
-5706
-5620
-5333
-4877
-4272
-3416
-2529
-1724
-887
304
1429
2428
3367
4316
4960
5494
6051
6388
6404
6273
6167
5778
5300
4702
4032
3246
2561
1785
908
296
-150
-613
-1080
-1271
-1519
-1757
-1863
-1795
-1793
-1700
-1390
-1084
-705
-250
296
749
1329
1742
1984
2196
2371
2268
1913
1472
816
87
-739
-1500
-2361
-3165
-3937
-4583
-5129
-5542
-5833
-6043
-5999
-5925
-5776
-5615
-5186
-4693
-3944
-3088
-2251
-1431
-427
754
1768
2753
3671
4551
5155
5775
6254
6467
6383
6282
6086
5644
5100
4472
3782
3010
2332
1496
746
222
-188
-698
-1067
-1274
-1508
-1693
-1711
-1672
-1685
-1524
-1234
-910
-529
-22
431
920
1426
1768
2014
2239
2311
2084
1690
1153
512
-256
-1051
-1849
-2689
-3502
-4248
-4863
-5370
-5690
-5949
-6034
-5981
-5839
-5692
-5414
-4945
-4403
-3648
-2830
-1956
-1160
-109
995
2004
2927
3871
4707
5323
5937
6324
6420
6293
6240
5937
5444
4888
4293
3553
2825
2158
1322
665
213
-248
-793
-1053
-1221
-1435
-1554
-1553
-1531
-1540
-1308
-1012
-687
-288
169
582
1057
1542
1829
2063
2199
2163
1834
1390
851
162
-658
-1463
-2267
-3150
-3931
-4624
-5193
-5626
-5889
-6086
-6111
-5971
-5772
-5587
-5207
-4705
-4096
-3302
-2384
-1544
-706
440
1532
2498
3405
4378
5085
5680
6178
6435
6357
6244
6109
5661
5155
4572
3905
3076
2429
1676
866
295
-125
-668
-1109
-1203
-1349
-1470
-1531
-1440
-1395
-1269
-972
-673
-325
61
471
860
1358
1731
1927
2092
2151
1975
1563
1107
512
-263
-1132
-1928
-2768
-3608
-4321
-4941
-5417
-5763
-6006
-6126
-6016
-5772
-5580
-5349
-4872
-4339
-3657
-2786
-1842
-1069
-116
1058
2076
2977
3909
4812
5398
5959
6371
6482
6320
6269
6014
5499
4984
4343
3537
2720
2114
1279
499
-19
-472
-1050
-1360
-1410
-1571
-1650
-1633
-1499
-1430
-1192
-886
-579
-204
191
586
991
1480
1742
1897
2011
2012
1712
1284
802
133
-684
-1544
-2311
-3173
-3934
-4617
-5136
-5536
-5830
-6051
-6035
-5800
-5557
-5372
-5040
-4481
-3947
-3155
-2264
-1387
-645
435
1554
2490
3355
4285
5069
5572
6138
6439
6447
6290
6239
5838
5320
4752
4046
3189
2481
1881
1005
320
-173
-629
-1162
-1370
-1485
-1633
-1663
-1593
-1485
-1385
-1084
-796
-429
-27
376
736
1166
1572
1741
1839
1885
1799
1409
982
440
-249
-1062
-1851
-2621
-3480
-4204
-4847
-5299
-5674
-5928
-6098
-5981
-5746
-5519
-5282
-4834
-4253
-3655
-2809
-1968
-1124
-284
881
1924
2827
3670
4575
5232
5745
6283
6486
6429
6285
6155
5683
5157
4539
3824
2986
2353
1669
817
200
-270
-738
-1222
-1426
-1572
-1666
-1641
-1526
-1424
-1232
-885
-542
-99
300
692
1054
1464
1764
1866
1896
1875
1663
1210
749
140
-572
-1378
-2128
-2972
-3810
-4534
-5131
-5563
-5891
-6115
-6196
-6028
-5814
-5551
-5219
-4650
-4076
-3384
-2550
-1661
-810
154
1309
2287
3135
3963
4802
5350
5875
6278
6376
6217
6093
5864
5363
4829
4222
3488
2695
2101
1311
547
21
-399
-909
-1318
-1430
-1564
-1615
-1515
-1376
-1289
-997
-646
-289
98
455
831
1169
1550
1767
1815
1834
1776
1448
1008
532
-104
-831
-1593
-2356
-3204
-3958
-4635
-5160
-5550
-5826
-6022
-6035
-5879
-5685
-5416
-5004
-4426
-3870
-3099
-2219
-1312
-496
586
1694
2612
3460
4355
5120
5601
6115
6406
6422
6243
6162
5801
5292
4736
4073
3246
2499
1813
927
261
-225
-682
-1241
-1476
-1567
-1730
-1733
-1588
-1500
-1344
-994
-686
-331
38
420
791
1184
1554
1687
1750
1799
1643
1237
796
256
-435
-1189
-1946
-2722
-3502
-4184
-4802
-5258
-5596
-5835
-6007
-5963
-5808
-5606
-5315
-4791
-4239
-3572
-2684
-1761
-932
-17
1189
2210
3130
4044
4951
5511
5995
6437
6626
6529
6405
6210
5715
5190
4555
3782
2919
2226
1408
563
-24
-481
-1012
-1458
-1568
-1726
-1873
-1809
-1692
-1593
-1350
-1012
-712
-319
64
461
861
1285
1548
1631
1734
1712
1421
948
496
-114
-856
-1620
-2338
-3097
-3837
-4474
-5012
-5418
-5701
-5905
-5990
-5882
-5690
-5472
-5065
-4482
-3885
-3074
-2162
-1281
-469
666
1825
2784
3705
4659
5383
5857
6352
6681
6714
6549
6423
6024
5483
4887
4174
3324
2544
1827
934
181
-361
-853
-1363
-1599
-1702
-1896
-1919
-1810
-1659
-1507
-1165
-843
-466
-53
361
774
1197
1570
1706
1821
1842
1673
1201
742
191
-532
-1338
-2101
-2856
-3653
-4342
-4932
-5378
-5721
-5912
-6037
-5946
-5756
-5507
-5221
-4684
-4120
-3437
-2571
-1657
-835
114
1329
2336
3238
4119
5010
5555
6062
6460
6641
6486
6353
6113
5598
5044
4408
3661
2819
2163
1338
509
-160
-640
-1165
-1507
-1623
-1756
-1834
-1782
-1603
-1480
-1215
-881
-525
-135
284
672
1085
1533
1793
1931
2006
1950
1596
1128
618
-59
-863
-1695
-2526
-3359
-4098
-4767
-5319
-5716
-5969
-6141
-6129
-5935
-5692
-5443
-5058
-4502
-3946
-3159
-2224
-1321
-474
678
1840
2790
3666
4611
5383
5916
6410
6722
6713
6526
6408
6000
5433
4841
4161
3308
2548
1813
923
148
-420
-929
-1441
-1666
-1772
-1862
-1895
-1758
-1616
-1454
-1142
-787
-419
-25
356
729
1210
1615
1826
1927
1990
1842
1459
980
406
-326
-1143
-2002
-2845
-3630
-4318
-4978
-5452
-5778
-5989
-6091
-5971
-5765
-5525
-5277
-4839
-4311
-3666
-2783
-1871
-1008
-62
1157
2224
3162
4035
4950
5609
6143
6566
6758
6656
6519
6319
5827
5275
4639
3886
3037
2317
1487
639
-36
-550
-1086
-1513
-1683
-1798
-1901
-1891
-1755
-1634
-1445
-1139
-808
-443
-95
261
696
1177
1478
1617
1726
1755
1545
1138
642
35
-683
-1504
-2312
-3077
-3784
-4444
-4997
-5363
-5629
-5778
-5790
-5626
-5406
-5172
-4902
-4428
-3889
-3199
-2336
-1477
-646
328
1506
2513
3405
4252
5123
5703
6209
6579
6690
6573
6427
6133
5583
5010
4323
3538
2700
1987
1139
352
-231
-678
-1177
-1530
-1646
-1787
-1869
-1826
-1661
-1558
-1336
-1044
-707
-347
12
418
865
1294
1500
1596
1663
1630
1307
833
295
-358
-1115
-1915
-2647
-3380
-4065
-4666
-5106
-5417
-5620
-5715
-5678
-5443
-5186
-4930
-4612
-4059
-3547
-2830
-1975
-1113
-343
665
1817
2785
3650
4545
5392
5891
6424
6740
6795
6610
6446
6010
5392
4763
4054
3215
2381
1701
817
102
-391
-779
-1309
-1588
-1689
-1845
-1910
-1829
-1672
-1600
-1331
-1038
-689
-327
97
508
936
1337
1508
1578
1611
1524
1120
638
85
-597
-1352
-2094
-2813
-3554
-4227
-4785
-5188
-5475
-5653
-5745
-5640
-5382
-5114
-4856
-4460
-3908
-3385
-2600
-1730
-896
-125
953
2057
3016
3896
4845
5625
6141
6663
6911
6917
6691
6483
5938
5304
4617
3890
3007
2224
1532
682
63
-398
-809
-1328
-1542
-1687
-1837
-1908
-1829
-1725
-1630
-1344
-1067
-721
-365
69
447
852
1188
1325
1385
1389
1239
822
379
-175
-828
-1516
-2215
-2950
-3661
-4290
-4800
-5158
-5402
-5554
-5597
-5425
-5185
-4914
-4636
-4166
-3660
-3070
-2251
-1431
-639
151
1231
2218
3134
3963
4889
5560
6071
6504
6715
6686
6462
6243
5705
5133
4432
3742
2863
2185
1496
731
141
-330
-766
-1226
-1393
-1576
-1711
-1813
-1745
-1699
-1561
-1298
-1041
-719
-366
37
367
739
1017
1149
1210
1217
1029
648
234
-298
-911
-1543
-2248
-2977
-3649
-4218
-4707
-5053
-5289
-5438
-5449
-5287
-5056
-4811
-4501
-4019
-3499
-2898
-2096
-1301
-498
287
1332
2292
3151
3984
4876
5512
5950
6364
6577
6492
6282
6082
5592
5032
4369
3664
2792
2161
1492
706
77
-386
-804
-1239
-1400
-1565
-1708
-1789
-1717
-1674
-1544
-1275
-1011
-693
-328
41
338
690
987
1120
1174
1183
1009
637
216
-294
-892
-1527
-2230
-2903
-3544
-4079
-4574
-4921
-5154
-5319
-5363
-5225
-4982
-4772
-4488
-4019
-3487
-2966
-2195
-1383
-579
165
1216
2198
3062
3931
4834
5469
5890
6357
6583
6470
6294
6129
5654
5099
4462
3734
2844
2226
1537
699
50
-373
-786
-1272
-1458
-1623
-1778
-1823
-1739
-1703
-1612
-1331
-1071
-760
-391
-53
207
563
895
1019
1073
1107
972
609
202
-283
-874
-1521
-2186
-2821
-3435
-3954
-4431
-4749
-4957
-5117
-5195
-5041
-4782
-4578
-4335
-3880
-3380
-2923
-2182
-1358
-595
134
1178
2143
3009
3853
4741
5335
5763
6220
6435
6318
6158
6003
5511
4971
4364
3644
2775
2189
1505
696
81
-303
-736
-1244
-1428
-1608
-1755
-1765
-1662
-1641
-1542
-1253
-999
-708
-355
-62
149
497
787
876
927
965
843
508
124
-346
-938
-1588
-2208
-2830
-3392
-3873
-4295
-4563
-4736
-4859
-4914
-4732
-4467
-4255
-4038
-3615
-3167
-2720
-1992
-1191
-477
241
1256
2161
2990
3761
4569
5111
5521
5917
6096
5984
5818
5668
5170
4666
4092
3415
2616
2048
1386
629
50
-335
-771
-1245
-1411
-1592
-1705
-1696
-1596
-1579
-1464
-1187
-946
-661
-349
-99
105
449
704
790
859
925
844
578
244
-201
-783
-1422
-2016
-2633
-3187
-3656
-4069
-4330
-4525
-4656
-4694
-4526
-4299
-4102
-3910
-3551
-3126
-2694
-1984
-1223
-523
156
1144
2072
2863
3607
4367
4945
5343
5703
5887
5795
5608
5486
5024
4529
3968
3345
2612
2015
1375
604
15
-366
-736
-1181
-1348
-1501
-1605
-1628
-1575
-1544
-1470
-1236
-1017
-751
-474
-250
-29
318
609
741
821
925
922
705
412
3
-563
-1189
-1783
-2396
-2983
-3466
-3919
-4219
-4442
-4610
-4679
-4543
-4321
-4135
-3956
-3655
-3213
-2833
-2182
-1434
-715
-96
826
1857
2658
3422
4207
4912
5349
5728
5987
5966
5761
5666
5285
4757
4179
3569
2854
2196
1569
762
101
-312
-627
-1074
-1282
-1422
-1545
-1621
-1608
-1561
-1517
-1315
-1121
-884
-613
-380
-168
166
484
664
729
827
856
656
361
-23
-560
-1168
-1751
-2351
-2945
-3429
-3875
-4227
-4444
-4623
-4702
-4613
-4358
-4154
-3968
-3705
-3261
-2880
-2329
-1585
-862
-249
529
1588
2415
3164
3934
4728
5237
5623
5970
6054
5886
5775
5519
4995
4423
3827
3147
2467
1886
1136
414
-56
-371
-799
-1087
-1239
-1387
-1507
-1535
-1506
-1481
-1340
-1180
-1016
-780
-542
-353
-80
227
450
513
598
641
501
216
-116
-583
-1128
-1662
-2218
-2769
-3235
-3624
-4015
-4226
-4400
-4470
-4452
-4220
-4020
-3868
-3649
-3279
-2876
-2428
-1744
-1064
-425
222
1182
2023
2739
3441
4248
4844
5232
5642
5839
5778
5640
5505
5067
4540
3990
3369
2706
2184
1552
808
288
-53
-459
-865
-1046
-1210
-1372
-1464
-1474
-1484
-1423
-1302
-1204
-1022
-797
-587
-370
-51
224
362
467
582
553
350
82
-290
-757
-1256
-1776
-2308
-2777
-3168
-3557
-3835
-4006
-4115
-4160
-4053
-3877
-3784
-3642
-3390
-3020
-2656
-2135
-1508
-863
-261
535
1443
2184
2853
3621
4338
4758
5186
5503
5560
5424
5331
5040
4564
4093
3541
2902
2387
1900
1185
596
244
-104
-573
-829
-961
-1156
-1300
-1360
-1405
-1435
-1356
-1282
-1164
-960
-724
-528
-231
110
313
436
589
683
561
341
31
-393
-893
-1416
-1954
-2468
-2895
-3289
-3634
-3850
-3962
-4058
-4071
-3934
-3797
-3718
-3558
-3218
-2883
-2525
-1973
-1283
-667
9
940
1817
2514
3251
4044
4567
4975
5380
5546
5431
5313
5132
4710
4258
3777
3172
2580
2141
1538
878
458
149
-282
-643
-787
-963
-1143
-1249
-1321
-1423
-1413
-1364
-1296
-1128
-887
-683
-443
-88
166
297
438
597
567
398
153
-208
-682
-1173
-1698
-2219
-2689
-3091
-3477
-3756
-3885
-4007
-4080
-4013
-3819
-3737
-3603
-3326
-2946
-2665
-2186
-1522
-833
-248
577
1532
2290
2984
3716
4373
4761
5194
5453
5463
5278
5175
4862
4416
3954
3429
2817
2277
1792
1136
612
245
-85
-514
-732
-855
-1031
-1194
-1296
-1399
-1497
-1464
-1414
-1298
-1094
-849
-628
-335
-41
136
269
423
485
388
198
-80
-478
-896
-1349
-1835
-2321
-2749
-3136
-3463
-3643
-3800
-3901
-3910
-3770
-3670
-3556
-3344
-3032
-2747
-2364
-1766
-1111
-513
128
1050
1868
2571
3234
3973
4486
4892
5281
5459
5377
5240
5115
4730
4310
3824
3267
2625
2127
1540
895
410
28
-369
-758
-891
-1083
-1289
-1465
-1587
-1733
-1781
-1719
-1648
-1459
-1196
-937
-704
-349
-75
108
284
426
438
329
137
-150
-499
-868
-1288
-1754
-2196
-2598
-2980
-3255
-3426
-3585
-3674
-3643
-3533
-3466
-3330
-3117
-2868
-2621
-2137
-1558
-964
-421
335
1228
1987
2689
3416
4147
4602
5054
5377
5484
5366
5288
5051
4646
4239
3701
3068
2435
1956
1277
679
205
-197
-646
-956
-1089
-1359
-1560
-1752
-1877
-2022
-2012
-1946
-1801
-1526
-1235
-977
-661
-212
45
276
482
620
590
443
246
-48
-404
-812
-1243
-1705
-2138
-2571
-2971
-3240
-3419
-3582
-3679
-3603
-3510
-3425
-3286
-3044
-2799
-2520
-1994
-1417
-819
-292
553
1423
2173
2843
3642
4323
4743
5167
5402
5434
5286
5186
4844
4465
4008
3443
2765
2204
1696
1000
458
19
-368
-828
-1055
-1225
-1468
-1647
-1807
-1916
-2036
-2002
-1917
-1712
-1431
-1153
-886
-470
-43
192
453
684
800
719
556
340
18
-364
-807
-1249
-1705
-2145
-2594
-3006
-3263
-3454
-3625
-3681
-3576
-3525
-3414
-3267
-2971
-2726
-2411
-1851
-1259
-730
-198
710
1503
2174
2809
3647
4206
4623
5003
5205
5181
5037
4919
4581
4232
3771
3250
2596
2134
1562
912
420
70
-329
-781
-983
-1182
-1373
-1564
-1681
-1787
-1881
-1862
-1764
-1584
-1340
-1113
-840
-423
-87
146
419
699
804
736
593
362
39
-323
-764
-1188
-1627
-2056
-2529
-2928
-3162
-3394
-3579
-3610
-3553
-3546
-3448
-3310
-3006
-2810
-2435
-1872
-1300
-821
-157
759
1481
2125
2838
3672
4152
4616
4969
5178
5127
5033
4896
4579
4222
3782
3233
2625
2154
1474
876
423
90
-405
-807
-1007
-1211
-1414
-1620
-1711
-1847
-1916
-1893
-1789
-1633
-1392
-1189
-869
-455
-121
139
466
783
859
801
627
379
42
-338
-799
-1217
-1667
-2125
-2623
-2940
-3179
-3462
-3629
-3638
-3609
-3616
-3518
-3362
-3084
-2877
-2394
-1819
-1227
-677
156
1051
1784
2481
3291
4046
4478
4952
5251
5407
5297
5217
4966
4593
4170
3664
3025
2444
1886
1163
595
159
-224
-748
-1039
-1243
-1454
-1679
-1837
-1930
-2051
-2067
-2001
-1886
-1682
-1415
-1151
-730
-279
70
354
712
932
930
807
605
306
-77
-513
-978
-1430
-1896
-2387
-2811
-3051
-3321
-3561
-3659
-3610
-3602
-3561
-3444
-3219
-2993
-2667
-2101
-1486
-899
-242
684
1502
2239
2964
3798
4373
4817
5234
5467
5475
5366
5201
4806
4386
3896
3330
2653
2144
1511
810
262
-116
-572
-1028
-1253
-1487
-1698
-1904
-2014
-2125
-2172
-2146
-2043
-1894
-1607
-1321
-980
-492
-69
229
520
832
912
843
688
471
110
-297
-751
-1219
-1686
-2129
-2567
-2875
-3108
-3331
-3457
-3470
-3421
-3408
-3339
-3192
-2963
-2749
-2279
-1676
-1065
-501
310
1188
1929
2632
3403
4105
4547
4991
5304
5406
5294
5198
4864
4432
3980
3506
2898
2330
1848
1162
514
46
-333
-860
-1206
-1461
-1715
-1956
-2103
-2219
-2295
-2274
-2209
-2047
-1792
-1448
-1150
-709
-216
126
406
750
982
958
864
691
407
9
-430
-901
-1389
-1832
-2293
-2666
-2938
-3170
-3331
-3372
-3344
-3335
-3328
-3262
-3071
-2909
-2585
-2036
-1410
-894
-187
742
1537
2249
3000
3788
4284
4747
5135
5360
5322
5253
5085
4684
4268
3809
3264
2648
2183
1538
831
254
-159
-669
-1129
-1409
-1699
-1962
-2191
-2282
-2417
-2422
-2384
-2241
-1979
-1640
-1296
-891
-329
98
412
775
1132
1217
1135
979
694
320
-159
-685
-1202
-1696
-2199
-2697
-3010
-3264
-3494
-3590
-3537
-3490
-3463
-3403
-3228
-3032
-2827
-2356
-1744
-1160
-619
303
1200
1976
2718
3563
4228
4665
5144
5432
5518
5404
5343
5026
4614
4141
3592
2906
2365
1789
1008
368
-111
-555
-1094
-1376
-1636
-1871
-2102
-2209
-2292
-2365
-2313
-2210
-1972
-1672
-1339
-974
-427
84
425
758
1159
1356
1334
1196
931
540
95
-485
-1080
-1607
-2144
-2695
-3147
-3391
-3683
-3846
-3859
-3743
-3696
-3576
-3408
-3144
-2939
-2598
-2021
-1396
-835
-173
798
1591
2383
3141
4000
4522
4990
5386
5588
5540
5408
5249
4824
4403
3843
3209
2519
2022
1289
563
39
-367
-869
-1311
-1494
-1732
-1929
-2091
-2109
-2195
-2190
-2113
-1939
-1682
-1408
-1108
-690
-134
284
604
964
1288
1349
1282
1105
803
374
-118
-720
-1289
-1821
-2365
-2864
-3202
-3466
-3726
-3804
-3778
-3667
-3609
-3455
-3265
-2997
-2781
-2341
-1755
-1144
-601
136
1034
1766
2501
3255
4050
4491
4958
5311
5476
5353
5253
5032
4620
4203
3650
3019
2387
1867
1101
449
-37
-457
-997
-1381
-1577
-1842
-2076
-2227
-2271
-2369
-2337
-2255
-2058
-1786
-1493
-1147
-667
-97
332
701
1079
1368
1398
1325
1146
839
390
-103
-651
-1187
-1712
-2221
-2658
-2966
-3260
-3494
-3589
-3583
-3506
-3478
-3366
-3199
-2977
-2752
-2252
-1688
-1090
-570
232
1105
1835
2538
3326
4076
4500
4979
5347
5479
5317
5253
4999
4608
4139
3621
2964
2337
1774
982
327
-190
-630
-1199
-1550
-1770
-2056
-2315
-2461
-2533
-2620
-2560
-2444
-2194
-1847
-1477
-1047
-477
118
561
946
1346
1612
1618
1501
1278
910
431
-95
-645
-1179
-1725
-2243
-2680
-2997
-3330
-3579
-3709
-3706
-3688
-3676
-3572
-3395
-3173
-2924
-2346
-1752
-1121
-598
300
1208
1971
2699
3551
4298
4721
5203
5547
5646
5459
5382
5052
4648
4105
3565
2863
2244
1639
807
194
-316
-752
-1324
-1608
-1827
-2106
-2333
-2441
-2514
-2566
-2452
-2288
-1992
-1611
-1209
-764
-180
354
729
1076
1453
1660
1614
1450
1201
810
339
-205
-734
-1249
-1805
-2322
-2752
-3077
-3437
-3669
-3787
-3782
-3840
-3837
-3729
-3549
-3322
-3074
-2453
-1854
-1222
-713
217
1127
1886
2634
3514
4253
4653
5134
5466
5574
5403
5342
4992
4619
4081
3556
2885
2297
1701
903
380
-98
-510
-1087
-1336
-1573
-1885
-2112
-2228
-2322
-2390
-2251
-2075
-1768
-1432
-1043
-632
-105
347
652
967
1287
1443
1354
1206
980
621
197
-300
-773
-1259
-1793
-2282
-2698
-3029
-3395
-3604
-3697
-3678
-3772
-3799
-3699
-3556
-3333
-3134
-2540
-1972
-1355
-881
3
915
1647
2395
3274
4051
4419
4919
5286
5467
5317
5327
5062
4734
4277
3787
3188
2590
2034
1263
756
248
-186
-816
-1129
-1418
-1807
-2085
-2266
-2396
-2542
-2429
-2303
-2013
-1709
-1329
-945
-460
3
319
672
991
1190
1157
1118
948
656
306
-101
-537
-1013
-1495
-1964
-2379
-2741
-3082
-3335
-3471
-3485
-3544
-3607
-3549
-3476
-3291
-3138
-2658
-2108
-1496
-1003
-233
711
1446
2184
3023
3874
4283
4755
5160
5394
5282
5271
5130
4797
4408
3931
3379
2757
2207
1452
852
333
-156
-802
-1230
-1506
-1887
-2200
-2377
-2481
-2628
-2548
-2402
-2161
-1839
-1443
-1048
-580
-63
307
672
1045
1307
1340
1328
1216
927
559
159
-277
-791
-1309
-1780
-2208
-2598
-2942
-3222
-3424
-3513
-3544
-3610
-3559
-3494
-3342
-3210
-2840
-2302
-1722
-1192
-535
412
1154
1874
2660
3548
4052
4486
4930
5212
5213
5140
5110
4815
4480
4016
3505
2905
2370
1667
971
463
-37
-626
-1145
-1406
-1738
-2056
-2244
-2325
-2445
-2449
-2299
-2128
-1852
-1523
-1151
-725
-209
182
537
955
1279
1400
1398
1345
1106
739
303
-139
-625
-1154
-1663
-2095
-2450
-2786
-3066
-3256
-3390
-3467
-3557
-3522
-3458
-3344
-3214
-2953
-2478
-1987
-1467
-934
-27
749
1432
2164
3075
3712
4122
4640
4989
5120
5031
5081
4866
4576
4166
3693
3123
2597
2010
1268
737
235
-285
-856
-1148
-1481
-1838
-2073
-2183
-2299
-2417
-2324
-2209
-1997
-1762
-1439
-1074
-570
-145
184
625
1016
1247
1298
1345
1208
917
505
84
-356
-843
-1340
-1807
-2149
-2466
-2745
-2949
-3073
-3183
-3313
-3368
-3338
-3288
-3177
-3024
-2619
-2190
-1734
-1332
-575
248
927
1606
2476
3314
3760
4338
4839
5149
5104
5192
5107
4865
4526
4104
3589
3017
2510
1780
1184
637
146
-485
-890
-1224
-1681
-2033
-2244
-2380
-2607
-2628
-2559
-2367
-2182
-1880
-1523
-1063
-554
-187
237
654
988
1105
1216
1206
1004
664
297
-102
-555
-1020
-1491
-1877
-2217
-2519
-2783
-2920
-3034
-3153
-3264
-3294
-3319
-3255
-3158
-2907
-2460
-1997
-1616
-1098
-269
463
1133
1876
2836
3461
3945
4580
5083
5201
5222
5321
5138
4874
4502
4089
3524
3009
2380
1696
1131
602
39
-553
-893
-1340
-1804
-2112
-2297
-2531
-2701
-2655
-2534
-2322
-2088
-1713
-1300
-791
-338
56
491
819
1029
1118
1224
1099
819
503
161
-284
-745
-1185
-1636
-1996
-2346
-2662
-2910
-3017
-3159
-3269
-3340
-3363
-3407
-3340
-3226
-2922
-2466
-2022
-1627
-1026
-191
504
1185
1994
2915
3391
3953
4598
5005
5047
5186
5273
5069
4812
4454
4068
3511
3041
2377
1764
1192
677
75
-456
-828
-1345
-1766
-2054
-2270
-2547
-2623
-2572
-2451
-2269
-1987
-1614
-1194
-688
-258
150
552
850
1030
1161
1220
1069
801
538
199
-265
-708
-1146
-1570
-1966
-2324
-2658
-2896
-3050
-3199
-3312
-3375
-3402
-3455
-3367
-3258
-2924
-2515
-2075
-1701
-1009
-208
483
1204
2070
2887
3341
4011
4590
4929
4971
5219
5247
5070
4796
4478
4061
3534
3076
2381
1795
1196
653
2
-481
-915
-1449
-1876
-2159
-2406
-2665
-2703
-2672
-2549
-2367
-2062
-1710
-1276
-755
-337
75
513
843
1025
1168
1223
1098
865
645
341
-96
-513
-903
-1316
-1744
-2098
-2443
-2732
-2955
-3121
-3294
-3377
-3457
-3518
-3456
-3336
-3008
-2607
-2187
-1804
-1051
-290
450
1208
2118
2867
3429
4119
4671
4963
5031
5286
5263
5108
4805
4503
4015
3518
2986
2279
1700
1071
471
-209
-661
-1116
-1654
-2086
-2338
-2568
-2801
-2795
-2717
-2533
-2298
-1941
-1552
-1079
-527
-115
341
780
1112
1245
1360
1384
1215
991
734
415
-55
-456
-827
-1266
-1724
-2094
-2458
-2804
-3058
-3291
-3474
-3582
-3699
-3765
-3698
-3523
-3172
-2730
-2296
-1819
-1024
-242
529
1332
2261
2964
3578
4245
4770
4991
5069
5287
5234
5071
4785
4487
3963
3481
2887
2217
1658
1033
417
-261
-679
-1175
-1700
-2093
-2315
-2549
-2759
-2699
-2601
-2406
-2147
-1764
-1410
-939
-416
-18
435
806
1108
1214
1327
1293
1089
906
600
232
-244
-628
-1009
-1461
-1890
-2258
-2613
-2934
-3174
-3425
-3565
-3687
-3819
-3855
-3787
-3572
-3226
-2763
-2315
-1739
-911
-104
676
1507
2424
3062
3691
4327
4830
4991
5109
5291
5216
5056
4821
4537
4004
3554
2930
2303
1750
1175
570
-78
-482
-1023
-1519
-1863
-2052
-2278
-2444
-2389
-2319
-2155
-1919
-1581
-1289
-859
-418
-62
353
680
930
1057
1192
1112
915
755
438
31
-444
-878
-1302
-1733
-2136
-2518
-2859
-3130
-3354
-3598
-3701
-3796
-3911
-3906
-3826
-3569
-3241
-2796
-2349
-1686
-839
-40
730
1597
2469
3051
3705
4328
4827
4975
5175
5330
5247
5090
4885
4563
4017
3577
2927
2294
1717
1193
566
-34
-463
-1035
-1513
-1827
-2006
-2232
-2351
-2321
-2265
-2132
-1933
-1623
-1285
-876
-499
-130
280
624
838
1022
1185
1124
964
798
527
123
-354
-852
-1271
-1666
-2087
-2477
-2805
-3041
-3271
-3503
-3592
-3664
-3787
-3764
-3656
-3401
-3112
-2718
-2299
-1654
-821
-49
719
1586
2422
2998
3662
4282
4785
4948
5203
5373
5284
5136
4913
4544
3959
3490
2855
2181
1569
1053
413
-163
-626
-1171
-1595
-1918
-2122
-2355
-2469
-2436
-2373
-2244
-2054
-1760
-1352
-951
-553
-127
266
631
863
1070
1232
1196
1047
877
643
244
-235
-714
-1098
-1520
-1959
-2319
-2673
-2911
-3145
-3364
-3483
-3584
-3735
-3695
-3571
-3400
-3150
-2768
-2341
-1842
-1053
-257
524
1323
2189
2824
3452
4088
4606
4838
5104
5347
5276
5165
4946
4614
4025
3583
3009
2308
1710
1204
584
-39
-488
-973
-1378
-1741
-1974
-2264
-2438
-2443
-2402
-2269
-2098
-1854
-1489
-1078
-650
-219
171
565
834
1066
1243
1227
1083
947
754
388
-42
-452
-810
-1244
-1687
-2056
-2444
-2727
-2986
-3224
-3408
-3579
-3752
-3747
-3688
-3607
-3397
-3003
-2577
-2208
-1508
-718
52
792
1682
2379
2986
3652
4214
4558
4863
5192
5206
5153
4996
4749
4237
3816
3291
2597
2023
1508
886
199
-241
-683
-1137
-1523
-1797
-2142
-2384
-2415
-2429
-2365
-2223
-2010
-1713
-1292
-853
-453
-21
410
743
997
1247
1307
1161
1059
929
618
246
-72
-420
-830
-1279
-1659
-2056
-2381
-2674
-2937
-3149
-3361
-3535
-3623
-3652
-3642
-3462
-3123
-2721
-2426
-1832
-1096
-379
336
1211
1973
2571
3277
3914
4388
4713
5096
5224
5233
5138
4966
4552
4110
3633
2947
2351
1792
1184
454
-75
-553
-1030
-1478
-1820
-2178
-2506
-2598
-2671
-2704
-2623
-2444
-2195
-1775
-1330
-919
-457
12
403
696
1015
1216
1155
1064
963
729
411
154
-169
-570
-977
-1381
-1752
-2075
-2350
-2662
-2893
-3091
-3277
-3440
-3498
-3558
-3510
-3250
-2899
-2594
-2137
-1408
-706
-23
830
1714
2351
3083
3828
4401
4791
5175
5413
5427
5384
5244
4907
4431
4023
3381
2715
2114
1532
849
213
-315
-844
-1314
-1730
-2073
-2478
-2678
-2779
-2845
-2801
-2666
-2446
-2098
-1634
-1207
-752
-291
154
466
785
1092
1160
1110
1004
843
563
297
10
-402
-832
-1219
-1589
-1944
-2209
-2541
-2837
-3076
-3254
-3467
-3610
-3681
-3751
-3597
-3292
-2940
-2573
-1893
-1131
-418
371
1356
2131
2819
3663
4344
4827
5189
5536
5595
5576
5479
5244
4769
4357
3839
3123
2489
1873
1242
558
-20
-628
-1165
-1657
-2043
-2461
-2792
-2928
-3043
-2995
-2853
-2648
-2329
-1883
-1420
-951
-468
24
425
715
1075
1270
1290
1263
1124
924
630
335
-46
-479
-916
-1295
-1699
-2056
-2408
-2776
-3074
-3338
-3547
-3796
-3898
-3999
-3928
-3650
-3289
-2922
-2347
-1568
-825
-37
888
1827
2521
3349
4141
4699
5097
5482
5687
5685
5657
5518
5164
4714
4301
3637
2916
2293
1683
1001
359
-257
-912
-1488
-1970
-2375
-2794
-3017
-3161
-3231
-3087
-2878
-2594
-2194
-1689
-1224
-738
-204
306
638
943
1264
1337
1360
1286
1120
853
521
163
-243
-661
-1124
-1563
-2010
-2380
-2792
-3133
-3452
-3703
-3967
-4124
-4166
-4199
-3970
-3611
-3228
-2781
-2034
-1253
-486
358
1333
2160
2937
3815
4501
4971
5368
5713
5820
5811
5712
5491
5063
4699
4199
3470
2763
2144
1504
772
172
-474
-1136
-1728
-2176
-2609
-2961
-3117
-3230
-3208
-3023
-2744
-2424
-1927
-1378
-915
-369
221
699
1022
1385
1641
1670
1649
1526
1320
988
627
211
-215
-688
-1246
-1759
-2232
-2648
-3118
-3470
-3817
-4109
-4416
-4501
-4564
-4549
-4269
-3896
-3478
-2950
-2070
-1246
-401
491
1503
2344
3235
4103
4789
5292
5676
5977
6036
5991
5785
5480
4999
4636
4025
3285
2558
1895
1163
372
-225
-898
-1553
-2122
-2531
-2967
-3253
-3355
-3371
-3258
-3004
-2664
-2286
-1702
-1163
-657
-48
537
993
1351
1748
1971
1985
1929
1795
1537
1159
788
344
-112
-671
-1286
-1840
-2343
-2820
-3294
-3646
-3997
-4319
-4627
-4679
-4763
-4697
-4416
-4001
-3564
-2942
-1970
-1113
-227
714
1772
2647
3569
4419
5129
5612
5977
6252
6274
6162
5885
5484
4936
4492
3799
3043
2293
1586
760
-70
-684
-1365
-2000
-2510
-2857
-3243
-3459
-3490
-3405
-3208
-2872
-2444
-1960
-1348
-809
-245
369
939
1380
1741
2106
2258
2236
2151
1991
1653
1214
776
259
-287
-935
-1572
-2170
-2747
-3300
-3751
-4100
-4416
-4704
-4945
-4991
-5046
-4895
-4554
-4072
-3614
-2887
-1893
-1012
-93
951
2037
2921
3860
4709
5385
5814
6190
6430
6422
6296
5997
5502
4898
4363
3616
2806
2032
1298
423
-384
-987
-1627
-2241
-2696
-2987
-3279
-3430
-3400
-3258
-3034
-2679
-2194
-1610
-988
-408
185
825
1410
1855
2219
2539
2630
2562
2437
2215
1833
1323
778
143
-495
-1209
-1879
-2509
-3127
-3735
-4221
-4568
-4857
-5086
-5256
-5277
-5296
-5066
-4611
-4055
-3562
-2792
-1769
-841
127
1248
2377
3261
4199
5030
5649
6021
6365
6526
6462
6296
5935
5383
4721
4109
3272
2385
1560
788
-94
-851
-1417
-2008
-2550
-2951
-3189
-3396
-3436
-3358
-3170
-2905
-2540
-2059
-1446
-772
-165
459
1131
1734
2166
2524
2815
2878
2777
2613
2338
1902
1346
740
45
-662
-1404
-2116
-2766
-3361
-3951
-4457
-4807
-5095
-5301
-5413
-5372
-5333
-5076
-4553
-3928
-3381
-2612
-1545
-549
443
1570
2748
3673
4587
5413
6018
6368
6658
6777
6646
6413
5982
5387
4690
4022
3108
2130
1245
428
-464
-1232
-1779
-2338
-2835
-3182
-3368
-3533
-3511
-3380
-3149
-2832
-2415
-1933
-1342
-643
4
658
1362
1995
2407
2742
3010
3067
2920
2724
2400
1890
1261
619
-94
-854
-1624
-2389
-3071
-3671
-4202
-4694
-5035
-5325
-5542
-5669
-5599
-5489
-5253
-4739
-4085
-3465
-2746
-1675
-613
392
1462
2666
3661
4553
5418
6084
6466
6707
6873
6741
6487
6055
5493
4797
4127
3272
2267
1359
546
-296
-1106
-1661
-2195
-2692
-3040
-3168
-3296
-3301
-3161
-2924
-2581
-2135
-1604
-1045
-372
286
940
1625
2282
2695
2974
3194
3239
3052
2781
2405
1817
1120
381
-370
-1171
-1949
-2775
-3520
-4137
-4649
-5141
-5487
-5707
-5921
-6039
-5962
-5740
-5513
-5000
-4291
-3558
-2833
-1806
-661
375
1433
2586
3668
4521
5411
6122
6569
6765
6922
6833
6534
6143
5575
4876
4120
3381
2394
1464
664
-77
-860
-1476
-1943
-2451
-2802
-2946
-2980
-3021
-2866
-2644
-2325
-1888
-1348
-785
-190
492
1075
1677
2278
2747
2981
3138
3196
3014
2699
2301
1752
1035
275
-529
-1342
-2133
-2928
-3720
-4389
-4900
-5409
-5816
-6025
-6164
-6274
-6206
-5919
-5641
-5204
-4486
-3656
-2872
-1941
-797
302
1354
2443
3559
4459
5292
6016
6519
6751
6859
6831
6559
6192
5672
4993
4181
3461
2605
1677
861
202
-478
-1137
-1609
-2046
-2405
-2623
-2654
-2687
-2571
-2371
-2093
-1730
-1240
-715
-188
437
1013
1523
2002
2490
2763
2906
2942
2845
2546
2159
1685
1063
355
-443
-1231
-2033
-2769
-3534
-4208
-4773
-5253
-5702
-5984
-6104
-6193
-6153
-5945
-5603
-5260
-4667
-3879
-3040
-2228
-1243
-155
864
1875
2915
3928
4714
5443
5997
6352
6474
6504
6362
6046
5630
5042
4318
3560
2860
2011
1215
552
-6
-628
-1146
-1510
-1837
-2077
-2203
-2216
-2190
-2033
-1828
-1509
-1102
-631
-171
342
925
1406
1820
2234
2595
2762
2811
2745
2530
2142
1694
1155
506
-234
-1023
-1802
-2555
-3245
-3927
-4499
-4987
-5379
-5730
-5877
-5941
-5943
-5813
-5526
-5168
-4793
-4119
-3335
-2531
-1769
-756
229
1184
2145
3165
4054
4722
5385
5806
6077
6119
6142
5903
5598
5138
4522
3798
3101
2420
1581
905
298
-229
-816
-1192
-1482
-1724
-1880
-1933
-1903
-1840
-1646
-1412
-1026
-603
-157
280
803
1334
1731
2100
2452
2686
2758
2727
2560
2219
1734
1188
559
-167
-935
-1730
-2484
-3184
-3859
-4481
-4973
-5364
-5668
-5862
-5872
-5833
-5720
-5464
-5105
-4743
-4310
-3612
-2842
-2069
-1291
-299
624
1559
2477
3428
4195
4799
5379
5731
5958
5973
5989
5725
5448
4980
4400
3709
3061
2409
1619
995
389
-119
-679
-993
-1267
-1487
-1620
-1650
-1619
-1568
-1374
-1153
-792
-428
-29
377
860
1319
1634
1962
2252
2405
2422
2353
2145
1759
1246
672
29
-702
-1440
-2185
-2870
-3510
-4167
-4717
-5151
-5473
-5720
-5818
-5758
-5631
-5428
-5142
-4764
-4414
-3951
-3318
-2549
-1792
-1026
-83
826
1745
2574
3481
4172
4772
5279
5655
5867
5891
5911
5656
5410
4946
4425
3747
3148
2503
1778
1163
569
67
-480
-765
-1057
-1275
-1415
-1437
-1428
-1375
-1188
-997
-690
-381
-21
335
773
1150
1390
1662
1892
1981
1926
1830
1596
1204
678
135
-466
-1151
-1827
-2495
-3090
-3678
-4247
-4715
-5057
-5330
-5498
-5555
-5441
-5245
-5016
-4720
-4360
-3983
-3550
-2923
-2183
-1433
-731
182
1064
1903
2682
3519
4196
4720
5209
5563
5769
5756
5764
5515
5255
4819
4310
3699
3099
2509
1810
1242
661
186
-319
-597
-873
-1094
-1210
-1265
-1230
-1191
-996
-836
-562
-285
32
357
719
1031
1194
1407
1531
1564
1443
1307
1053
672
170
-365
-912
-1546
-2173
-2788
-3334
-3886
-4386
-4805
-5093
-5328
-5458
-5488
-5364
-5151
-4904
-4596
-4209
-3775
-3318
-2673
-1942
-1175
-471
414
1285
2097
2870
3671
4348
4836
5307
5636
5830
5795
5761
5515
5222
4800
4315
3756
3166
2620
1951
1406
868
418
-44
-328
-590
-821
-935
-1008
-988
-962
-788
-661
-439
-174
106
362
636
902
1014
1140
1202
1195
1050
889
641
284
-160
-679
-1189
-1772
-2341
-2915
-3425
-3899
-4325
-4702
-4981
-5141
-5270
-5293
-5202
-4985
-4764
-4480
-4102
-3671
-3247
-2729
-2055
-1375
-699
41
894
1681
2427
3181
3891
4423
4872
5275
5528
5615
5598
5499
5244
4927
4539
4092
3562
3083
2529
1955
1471
1044
622
238
-22
-292
-496
-637
-680
-726
-699
-623
-519
-334
-150
43
214
411
527
606
670
670
589
439
255
-24
-380
-809
-1267
-1758
-2279
-2757
-3224
-3616
-3975
-4284
-4570
-4731
-4828
-4898
-4857
-4698
-4470
-4269
-3950
-3577
-3197
-2818
-2261
-1635
-1006
-344
450
1278
2014
2756
3478
4118
4584
5038
5374
5587
5622
5582
5425
5154
4834
4429
3983
3503
3035
2451
1963
1519
1101
661
309
39
-267
-481
-636
-717
-848
-867
-854
-768
-668
-565
-413
-289
-142
-68
50
84
86
7
-102
-253
-509
-800
-1180
-1539
-1987
-2375
-2770
-3113
-3433
-3730
-3972
-4181
-4289
-4416
-4431
-4392
-4243
-4101
-3894
-3613
-3323
-2987
-2580
-2005
-1417
-771
-78
740
1527
2274
3012
3727
4331
4792
5236
5573
5736
5710
5653
5482
5194
4837
4458
4029
3549
3044
2528
2067
1593
1144
703
360
16
-302
-554
-765
-958
-1136
-1197
-1231
-1202
-1160
-1048
-917
-768
-598
-451
-301
-208
-135
-151
-199
-322
-518
-785
-1113
-1446
-1842
-2215
-2599
-2940
-3283
-3596
-3843
-4049
-4177
-4293
-4306
-4291
-4189
-4072
-3892
-3652
-3379
-3024
-2624
-2039
-1445
-787
-108
692
1466
2208
2970
3681
4309
4789
5288
5624
5817
5837
5810
5644
5387
5085
4705
4293
3829
3372
2835
2365
1885
1399
904
502
121
-282
-611
-907
-1172
-1441
-1566
-1652
-1679
-1657
-1546
-1389
-1205
-966
-757
-538
-366
-215
-151
-135
-198
-357
-564
-854
-1173
-1558
-1936
-2342
-2718
-3056
-3401
-3693
-3936
-4073
-4210
-4261
-4268
-4207
-4110
-3956
-3700
-3442
-3086
-2703
-2135
-1525
-846
-157
617
1432
2177
2956
3673
4358
4851
5358
5745
5991
6054
6044
5925
5659
5366
4962
4533
4019
3557
2985
2444
1920
1394
835
336
-73
-533
-928
-1272
-1538
-1850
-2033
-2141
-2176
-2165
-2063
-1881
-1671
-1388
-1136
-867
-640
-423
-305
-227
-204
-279
-434
-656
-916
-1268
-1639
-2011
-2353
-2677
-3001
-3291
-3528
-3695
-3832
-3904
-3916
-3875
-3785
-3627
-3375
-3115
-2788
-2417
-1922
-1339
-704
-39
662
1433
2139
2847
3526
4174
4669
5116
5521
5785
5895
5912
5853
5635
5350
4979
4550
4041
3532
2973
2391
1819
1257
676
120
-347
-815
-1249
-1608
-1881
-2152
-2352
-2446
-2474
-2455
-2347
-2142
-1907
-1625
-1311
-1000
-720
-467
-258
-123
-40
-23
-98
-251
-481
-780
-1139
-1511
-1879
-2228
-2577
-2909
-3196
-3443
-3631
-3776
-3837
-3856
-3792
-3658
-3447
-3181
-2872
-2488
-2063
-1519
-924
-279
379
1095
1804
2474
3127
3755
4306
4748
5167
5487
5684
5760
5771
5643
5422
5115
4724
4259
3742
3202
2589
1988
1375
774
171
-371
-850
-1312
-1697
-2008
-2233
-2423
-2505
-2504
-2439
-2312
-2107
-1827
-1542
-1198
-873
-543
-271
-32
151
248
289
234
109
-115
-396
-748
-1120
-1522
-1914
-2289
-2651
-2971
-3262
-3482
-3668
-3790
-3832
-3824
-3733
-3580
-3355
-3080
-2745
-2339
-1886
-1341
-754
-112
547
1253
1940
2610
3241
3847
4383
4820
5221
5499
5670
5707
5687
5511
5258
4914
4489
3985
3419
2835
2168
1532
874
255
-358
-892
-1376
-1817
-2162
-2441
-2614
-2740
-2728
-2664
-2517
-2312
-2034
-1708
-1380
-990
-660
-314
-36
200
356
431
441
349
196
-39
-318
-672
-1024
-1410
-1777
-2134
-2456
-2735
-3000
-3185
-3341
-3441
-3471
-3447
-3351
-3204
-2985
-2708
-2380
-1976
-1530
-990
-426
202
839
1521
2175
2820
3420
3994
4504
4896
5254
5473
5594
5567
5498
5272
4960
4561
4079
3529
2904
2283
1586
936
275
-330
-920
-1422
-1866
-2260
-2547
-2768
-2877
-2951
-2883
-2764
-2568
-2316
-1991
-1631
-1277
-869
-530
-183
86
308
444
502
479
360
186
-68
-357
-706
-1048
-1418
-1755
-2093
-2384
-2637
-2871
-3030
-3157
-3228
-3234
-3190
-3077
-2912
-2683
-2398
-2060
-1647
-1211
-690
-144
450
1046
1682
2297
2899
3462
3984
4457
4800
5113
5286
5382
5333
5240
5007
4682
4285
3794
3262
2654
2070
1417
809
203
-353
-898
-1369
-1767
-2134
-2399
-2608
-2707
-2785
-2734
-2623
-2446
-2208
-1907
-1569
-1240
-864
-551
-240
9
211
336
393
379
274
119
-102
-360
-667
-967
-1286
-1589
-1884
-2144
-2382
-2600
-2759
-2889
-2973
-2998
-2973
-2890
-2758
-2559
-2319
-2027
-1672
-1285
-839
-351
188
731
1317
1901
2474
3016
3523
3983
4340
4644
4842
4959
4950
4877
4698
4423
4081
3663
3202
2672
2145
1578
1012
452
-71
-577
-1046
-1443
-1799
-2092
-2320
-2450
-2537
-2539
-2452
-2305
-2111
-1855
-1561
-1271
-955
-659
-387
-154
40
173
247
261
211
103
-59
-247
-474
-714
-960
-1205
-1449
-1683
-1898
-2108
-2283
-2432
-2540
-2609
-2630
-2601
-2532
-2409
-2245
-2034
-1777
-1460
-1101
-686
-220
280
806
1349
1894
2413
2907
3354
3739
4040
4278
4432
4497
4476
4380
4210
3956
3654
3282
2865
2390
1907
1388
863
356
-142
-614
-1053
-1424
-1774
-2048
-2257
-2390
-2475
-2469
-2389
-2270
-2078
-1852
-1580
-1308
-1010
-742
-484
-258
-71
76
166
227
215
170
75
-38
-194
-365
-558
-777
-1003
-1247
-1476
-1708
-1903
-2085
-2223
-2329
-2390
-2410
-2389
-2316
-2206
-2035
-1813
-1520
-1179
-777
-332
140
638
1148
1663
2156
2624
3044
3410
3707
3939
4108
4199
4226
4187
4071
3881
3622
3294
2893
2449
1967
1454
938
429
-70
-555
-993
-1402
-1760
-2060
-2286
-2447
-2535
-2539
-2481
-2352
-2170
-1932
-1666
-1362
-1055
-751
-459
-194
47
241
401
510
567
557
496
385
228
30
-204
-464
-755
-1056
-1356
-1637
-1895
-2119
-2302
-2448
-2540
-2582
-2573
-2519
-2415
-2266
-2055
-1785
-1448
-1051
-611
-137
354
868
1388
1908
2404
2862
3256
3582
3839
4020
4137
4181
4159
4058
3886
3633
3306
2910
2458
1966
1444
919
400
-97
-573
-1012
-1414
-1771
-2066
-2298
-2452
-2532
-2530
-2452
-2307
-2107
-1869
-1591
-1289
-962
-629
-300
12
290
527
710
847
922
929
861
726
525
279
2
-313
-646
-997
-1342
-1670
-1963
-2214
-2420
-2575
-2681
-2726
-2715
-2644
-2533
-2381
-2183
-1928
-1612
-1226
-786
-306
199
724
1266
1807
2344
2852
3297
3665
3947
4144
4253
4281
4237
4111
3911
3631
3278
2856
2375
1851
1299
739
188
-332
-817
-1254
-1645
-1985
-2264
-2480
-2622
-2687
-2668
-2567
-2391
-2155
-1871
-1556
-1210
-852
-475
-98
268
606
892
1118
1272
1356
1363
1291
1137
909
616
280
-87
-475
-876
-1272
-1644
-1989
-2285
-2530
-2721
-2855
-2926
-2936
-2881
-2773
-2617
-2421
-2178
-1880
-1520
-1100
-632
-118
418
982
1552
2121
2667
3169
3598
3940
4189
4337
4389
4347
4221
4004
3708
3332
2894
2399
1866
1306
733
171
-370
-873
-1335
-1734
-2075
-2346
-2548
-2673
-2723
-2690
-2574
-2378
-2112
-1794
-1429
-1039
-628
-215
196
593
961
1281
1531
1703
1787
1784
1694
1523
1268
940
550
124
-326
-785
-1231
-1656
-2050
-2403
-2705
-2948
-3127
-3244
-3281
-3254
-3155
-3000
-2794
-2547
-2250
-1906
-1511
-1060
-564
-21
545
1138
1721
2295
2827
3302
3702
4018
4240
4358
4379
4292
4120
3849
3502
3073
2593
2066
1517
959
405
-121
-622
-1080
-1497
-1853
-2151
-2371
-2514
-2576
-2560
-2462
-2286
-2041
-1725
-1362
-947
-513
-62
379
801
1187
1515
1782
1955
2043
2038
1942
1758
1493
1147
736
275
-213
-707
-1190
-1643
-2064
-2436
-2761
-3029
-3237
-3379
-3449
-3452
-3383
-3247
-3059
-2822
-2542
-2226
-1867
-1462
-1004
-500
47
621
1214
1798
2357
2871
3329
3711
4013
4227
4341
4351
4260
4077
3797
3437
2997
2500
1960
1401
842
301
-211
-684
-1113
-1495
-1819
-2080
-2267
-2377
-2404
-2357
-2234
-2040
-1786
-1470
-1102
-685
-243
206
645
1045
1394
1672
1870
1978
1996
1923
1769
1532
1219
838
401
-72
-566
-1054
-1520
-1954
-2344
-2679
-2960
-3179
-3340
-3438
-3471
-3445
-3355
-3214
-3018
-2782
-2510
-2202
-1852
-1463
-1020
-530
4
566
1141
1710
2258
2763
3214
3602
3911
4134
4265
4302
4237
4079
3834
3502
3093
2621
2107
1565
1022
494
-1
-460
-866
-1220
-1522
-1753
-1916
-2006
-2022
-1965
-1847
-1669
-1439
-1157
-829
-457
-59
344
730
1077
1367
1587
1728
1786
1761
1657
1478
1227
908
531
104
-355
-829
-1299
-1752
-2173
-2549
-2868
-3129
-3325
-3454
-3523
-3530
-3481
-3379
-3228
-3033
-2801
-2534
-2228
-1882
-1493
-1057
-576
-59
479
1027
1567
2087
2571
3000
3375
3679
3906
4046
4095
4055
3926
3714
3423
3062
2644
2185
1701
1210
731
276
-145
-523
-850
-1120
-1331
-1476
-1551
-1560
-1509
-1400
-1240
-1035
-786
-501
-181
155
496
821
1113
1355
1535
1647
1684
1647
1536
1351
1094
773
392
-35
-493
-972
-1450
-1912
-2346
-2736
-3068
-3339
-3538
-3670
-3730
-3727
-3668
-3557
-3398
-3196
-2951
-2666
-2345
-1982
-1578
-1133
-654
-146
380
908
1431
1932
2406
2831
3198
3507
3743
3899
3971
3956
3855
3676
3426
3111
2743
2338
1907
1465
1027
597
191
-181
-511
-791
-1014
-1178
-1275
-1308
-1282
-1201
-1069
-896
-682
-437
-165
123
413
696
957
1181
1353
1467
1516
1495
1404
1241
1006
706
348
-57
-494
-951
-1409
-1856
-2278
-2663
-2997
-3271
-3481
-3622
-3696
-3705
-3660
-3559
-3411
-3216
-2975
-2692
-2368
-2007
-1612
-1185
-729
-258
231
727
1219
1700
2154
2573
2949
3266
3523
3707
3811
3835
3780
3650
3450
3195
2895
2552
2184
1797
1397
999
606
232
-112
-418
-677
-884
-1028
-1115
-1143
-1121
-1055
-944
-799
-620
-414
-188
49
295
526
737
913
1042
1116
1132
1088
980
812
582
298
-33
-396
-781
-1177
-1572
-1955
-2315
-2640
-2918
-3136
-3291
-3380
-3406
-3374
-3287
-3147
-2961
-2726
-2449
-2136
-1792
-1429
-1045
-651
-248
164
578
989
1391
1778
2137
2465
2754
2990
3166
3282
3332
3314
3236
3105
2928
2716
2475
2206
1921
1621
1307
995
689
396
124
-117
-321
-479
-599
-680
-725
-741
-724
-678
-606
-510
-388
-248
-92
66
223
361
476
553
586
575
515
409
255
54
-180
-445
-735
-1037
-1347
-1656
-1957
-2237
-2489
-2701
-2856
-2953
-2990
-2971
-2895
-2768
-2595
-2378
-2124
-1845
-1545
-1234
-925
-616
-310
-11
289
591
896
1204
1513
1811
2098
2349
2560
2727
2841
2900
2908
2874
2788
2668
2515
2325
2114
1880
1625
1363
1096
831
582
346
133
-47
-203
-330
-430
-510
-566
-601
-617
-609
-576
-521
-442
-340
-225
-101
24
136
221
279
300
276
215
108
-35
-211
-412
-640
-880
-1129
-1380
-1623
-1854
-2065
-2239
-2373
-2461
-2496
-2482
-2419
-2315
-2172
-1996
-1792
-1569
-1334
-1091
-851
-615
-390
-177
36
251
477
714
968
1231
1500
1757
1999
2211
2384
2519
2612
2661
2665
2627
2542
2419
2259
2062
1839
1597
1341
1079
818
560
321
96
-106
-280
-436
-566
-674
-758
-822
-864
-880
-871
-828
-761
-663
-541
-405
-264
-125
-3
89
150
172
154
95
1
-125
-276
-445
-629
-819
-1008
-1190
-1362
-1510
-1631
-1721
-1771
-1785
-1767
-1719
-1646
-1549
-1431
-1296
-1143
-982
-815
-646
-481
-320
-164
-7
153
324
506
701
902
1107
1311
1502
1675
1825
1946
2035
2091
2115
2103
2058
1973
1858
1716
1546
1359
1161
953
746
541
342
157
-12
-167
-304
-424
-524
-606
-674
-718
-743
-749
-726
-678
-610
-524
-426
-322
-222
-133
-68
-27
-18
-37
-86
-160
-253
-360
-477
-598
-717
-837
-945
-1042
-1126
-1189
-1229
-1250
-1248
-1232
-1201
-1157
-1104
-1039
-959
-869
-769
-658
-542
-421
-295
-168
-39
93
231
374
514
660
801
936
1066
1182
1283
1369
1433
1475
1497
1499
1480
1439
1381
1304
1207
1102
985
861
733
603
476
352
236
133
37
-49
-121
-182
-229
-263
-287
-295
-289
-272
-248
-218
-185
-155
-131
-118
-115
-127
-156
-197
-255
-318
-389
-462
-537
-610
-676
-738
-792
-838
-881
-910
-928
-940
-940
-935
-926
-906
-887
-862
-827
-787
-741
-686
-624
-553
-477
-393
-304
-209
-111
-4
105
217
335
453
573
686
797
899
992
1074
1140
1192
1230
1254
1260
1253
1229
1188
1135
1067
989
901
803
702
601
499
399
301
205
116
32
-46
-117
-179
-234
-281
-321
-354
-378
-398
-410
-421
-426
-427
-424
-419
-410
-401
-397
-391
-394
-399
-414
-436
-466
-506
-551
-603
-658
-715
-773
-827
-877
-917
-946
-961
-957
-936
-898
-840
-764
-670
-562
-442
-306
-162
-12
141
294
444
587
716
835
939
1026
1098
1151
1184
1199
1197
1174
1136
1084
1022
951
872
788
698
609
518
430
345
262
188
120
62
13
-28
-58
-78
-91
-95
-92
-84
-70
-58
-43
-31
-22
-19
-23
-37
-60
-93
-135
-186
-248
-317
-393
-474
-558
-641
-723
-803
-874
-938
-994
-1035
-1067
-1081
-1083
-1071
-1046
-1012
-963
-905
-836
-758
-675
-583
-486
-383
-276
-172
-57
53
166
283
400
515
629
740
840
932
1011
1084
1141
1183
1214
1227
1223
1204
1168
1115
1048
973
894
806
716
628
538
453
373
301
237
184
138
100
73
53
39
37
34
34
37
33
25
9
-16
-46
-86
-138
-195
-264
-343
-423
-511
-600
-689
-782
-874
-959
-1042
-1115
-1177
-1233
-1273
-1301
-1317
-1314
-1295
-1260
-1207
-1142
-1063
-974
-871
-761
-642
-508
-370
-224
-78
69
217
359
494
625
744
854
956
1043
1118
1176
1220
1250
1264
1264
1249
1220
1176
1124
1058
984
899
809
720
630
544
464
388
323
267
221
185
156
138
126
122
119
119
123
124
126
125
111
89
55
6
-46
-112
-192
-276
-373
-474
-578
-683
-785
-882
-979
-1066
-1144
-1214
-1271
-1313
-1347
-1363
-1363
-1348
-1312
-1260
-1194
-1108
-1013
-905
-783
-657
-520
-380
-234
-84
67
219
369
517
654
783
899
1002
1092
1167
1226
1271
1297
1308
1302
1283
1251
1204
1148
1080
1002
915
823
727
630
532
438
348
266
191
126
72
29
-1
-24
-37
-44
-44
-41
-32
-27
-28
-30
-39
-58
-87
-126
-179
-243
-317
-399
-486
-581
-675
-771
-865
-952
-1029
-1096
-1151
-1193
-1221
-1235
-1236
-1225
-1198
-1160
-1107
-1043
-963
-868
-764
-650
-530
-404
-271
-136
-1
135
269
402
529
655
775
886
990
1079
1157
1222
1271
1307
1327
1332
1323
1294
1256
1203
1140
1069
987
898
803
707
603
504
408
317
230
148
76
11
-44
-91
-125
-150
-168
-180
-187
-192
-197
-202
-216
-234
-267
-308
-356
-418
-491
-569
-657
-746
-833
-921
-1001
-1073
-1137
-1186
-1223
-1243
-1246
-1233
-1209
-1170
-1118
-1059
-988
-913
-828
-731
-629
-518
-404
-281
-155
-25
104
235
366
494
619
734
848
952
1050
1137
1211
1274
1322
1359
1379
1387
1377
1353
1317
1267
1203
1129
1047
957
864
765
660
559
454
353
258
169
85
9
-58
-120
-171
-214
-249
-278
-303
-324
-349
-374
-402
-437
-477
-527
-584
-648
-720
-796
-873
-949
-1021
-1086
-1144
-1187
-1217
-1232
-1233
-1218
-1186
-1141
-1084
-1014
-936
-854
-765
-670
-575
-472
-366
-258
-144
-31
87
205
323
443
562
677
791
898
997
1088
1168
1239
1294
1335
1362
1375
1374
1357
1324
1279
1221
1150
1068
978
881
778
675
571
464
358
253
155
59
-32
-112
-187
-255
-316
-367
-410
-446
-479
-506
-531
-559
-584
-612
-641
-674
-711
-748
-791
-836
-880
-923
-962
-995
-1025
-1042
-1050
-1043
-1029
-999
-958
-907
-842
-769
-691
-605
-517
-427
-334
-238
-144
-46
51
146
241
335
429
518
609
696
779
861
937
1004
1064
1114
1156
1184
1203
1205
1198
1178
1145
1102
1047
983
910
829
744
656
566
476
383
290
200
110
21
-64
-144
-216
-285
-346
-400
-449
-488
-519
-547
-574
-596
-618
-641
-663
-686
-708
-730
-753
-774
-795
-812
-826
-836
-841
-839
-828
-813
-789
-756
-718
-671
-620
-561
-495
-426
-355
-281
-204
-129
-54
21
94
168
239
305
370
433
493
550
604
658
705
748
785
817
843
863
874
877
875
864
846
822
793
758
715
669
619
568
516
460
408
350
291
230
166
101
32
-35
-99
-160
-217
-270
-316
-358
-396
-427
-458
-485
-513
-540
-566
-595
-621
-646
-667
-684
-699
-709
-713
-713
-707
-695
-679
-658
-631
-602
-569
-534
-493
-451
-404
-354
-300
-243
-186
-129
-71
-13
46
104
160
217
273
328
382
433
480
527
568
604
636
661
685
703
715
724
728
726
719
707
690
665
634
600
562
522
484
441
400
354
308
260
210
152
94
34
-29
-88
-143
-194
-243
-287
-330
-367
-400
-432
-463
-492
-519
-548
-576
-603
-624
-641
-656
-664
-668
-668
-658
-643
-625
-600
-570
-540
-508
-474
-440
-400
-357
-312
-264
-217
-168
-119
-69
-19
34
83
134
185
234
281
328
374
416
454
490
520
546
569
589
606
620
631
638
641
640
633
619
600
574
544
512
477
445
411
376
339
303
260
216
170
119
66
12
-43
-94
-143
-186
-229
-266
-302
-334
-363
-391
-418
-443
-465
-487
-510
-530
-544
-556
-565
-572
-572
-566
-557
-541
-524
-501
-478
-452
-428
-399
-370
-337
-300
-267
-231
-193
-155
-116
-76
-34
7
48
89
127
167
204
243
278
312
343
373
403
425
450
471
488
502
515
524
531
534
532
524
514
501
483
462
440
418
395
367
341
312
280
245
206
166
125
82
40
1
-43
-79
-115
-150
-181
-212
-244
-274
-300
-326
-350
-374
-397
-417
-436
-451
-463
-473
-479
-482
-483
-478
-473
-466
-456
-444
-429
-413
-394
-375
-348
-324
-297
-271
-242
-212
-177
-142
-109
-72
-37
0
37
74
114
152
187
226
259
293
327
357
386
411
433
455
474
488
502
509
513
513
512
504
495
484
469
451
429
407
382
353
321
291
256
222
184
147
111
73
35
-2
-42
-79
-115
-151
-185
-219
-253
-286
-316
-346
-372
-398
-423
-445
-464
-481
-495
-507
-515
-522
-522
-523
-520
-510
-497
-479
-460
-440
-416
-392
-364
-332
-298
-260
-218
-176
-133
-88
-40
8
56
104
148
192
235
276
316
355
393
429
462
490
516
538
557
567
574
576
573
567
558
545
528
509
485
458
426
392
354
316
277
236
195
152
107
65
20
-24
-68
-114
-154
-192
-231
-269
-305
-338
-369
-397
-424
-448
-469
-489
-505
-519
-530
-536
-539
-540
-538
-530
-519
-504
-485
-465
-441
-415
-389
-356
-321
-288
-251
-212
-170
-126
-81
-35
11
57
102
142
184
223
261
301
337
373
406
438
466
488
510
527
539
549
553
551
549
543
533
520
505
486
465
438
407
373
337
299
259
218
181
141
98
58
15
-28
-69
-108
-147
-186
-220
-254
-288
-318
-346
-371
-393
-413
-430
-445
-461
-469
-478
-487
-489
-489
-485
-481
-475
-466
-453
-436
-415
-392
-368
-342
-314
-285
-254
-220
-186
-148
-111
-74
-38
-1
36
74
112
150
187
220
253
280
310
337
365
390
412
430
445
454
462
468
471
471
469
464
453
440
424
409
390
370
346
321
293
264
235
202
170
136
101
69
39
4
-27
-58
-89
-121
-153
-184
-215
-239
-265
-286
-306
-327
-344
-361
-374
-385
-395
-402
-407
-410
-408
-404
-401
-399
-394
-387
-377
-361
-343
-324
-302
-280
-257
-235
-209
-181
-155
-125
-91
-61
-29
1
30
60
91
122
156
187
217
244
269
294
316
338
358
377
390
401
410
417
421
422
423
420
413
404
393
380
364
345
325
301
278
255
227
200
169
139
106
74
44
14
-16
-47
-79
-111
-141
-173
-204
-234
-263
-288
-310
-334
-351
-369
-387
-402
-413
-422
-427
-429
-426
-422
-417
-412
-406
-396
-384
-367
-348
-325
-302
-275
-248
-222
-194
-162
-131
-96
-60
-27
8
41
76
108
138
171
203
235
266
294
318
341
361
381
399
416
428
436
442
445
445
442
437
431
420
407
393
376
354
330
306
280
252
224
194
164
132
98
64
29
-4
-34
-66
-97
-130
-160
-191
-222
-250
-278
-303
-328
-349
-368
-387
-402
-415
-427
-434
-441
-444
-446
-440
-432
-426
-418
-405
-391
-376
-355
-333
-311
-285
-259
-230
-201
-169
-138
-105
-71
-35
-2
32
68
101
135
167
198
228
256
283
309
332
352
369
387
401
414
425
435
441
443
443
439
432
425
414
402
387
369
349
328
303
276
250
221
192
163
132
104
72
42
9
-24
-55
-89
-119
-149
-178
-207
-232
-258
-281
-303
-323
-341
-355
-366
-378
-387
-394
-397
-397
-399
-400
-394
-388
-378
-366
-352
-336
-318
-300
-280
-258
-238
-212
-185
-157
-134
-105
-74
-48
-19
8
37
67
95
120
148
173
197
218
237
253
270
284
296
305
315
322
326
330
335
336
336
333
330
323
314
307
294
282
270
257
241
223
203
183
163
141
120
99
79
58
37
16
-6
-27
-50
-73
-94
-117
-139
-159
-181
-198
-213
-228
-242
-254
-263
-273
-280
-288
-293
-296
-297
-297
-297
-292
-288
-281
-270
-261
-248
-234
-222
-208
-193
-179
-161
-142
-124
-104
-83
-63
-43
-20
2
25
46
67
87
106
123
137
149
160
170
181
192
203
211
219
225
230
234
237
237
232
229
224
216
209
199
190
182
173
167
159
150
139
124
110
93
75
57
40
23
9
-6
-18
-30
-43
-53
-66
-81
-96
-112
-128
-143
-155
-165
-170
-173
-173
-172
-171
-171
-175
-177
-179
-179
-179
-176
-171
-162
-150
-139
-128
-115
-103
-92
-83
-75
-64
-56
-46
-34
-23
-8
6
22
39
53
64
76
83
91
95
98
102
107
111
115
120
126
132
138
141
144
143
143
138
131
124
116
108
100
94
87
85
82
76
74
72
65
58
48
36
25
12
-1
-16
-31
-43
-54
-59
-60
-61
-62
-63
-66
-72
-79
-86
-94
-103
-109
-114
-116
-112
-106
-100
-95
-91
-88
-89
-90
-91
-94
-91
-88
-77
-67
-55
-42
-32
-27
-23
-20
-19
-19
-16
-13
-7
2
11
22
31
38
43
45
43
40
38
36
34
35
38
44
51
56
64
71
72
71
66
60
54
44
39
35
32
33
35
38
42
46
48
51
51
48
43
37
30
23
16
10
5
4
6
9
12
15
16
19
18
15
11
6
-3
-15
-23
-33
-43
-49
-49
-48
-43
-39
-35
-32
-32
-35
-39
-45
-53
-60
-65
-67
-63
-58
-52
-46
-42
-39
-41
-43
-47
-51
-52
-50
-45
-38
-29
-21
-13
-8
-6
-7
-8
-9
-9
-9
-6
0
6
13
21
26
31
32
32
31
29
29
28
31
37
40
46
51
56
58
59
58
53
49
43
41
39
36
37
40
41
42
47
47
50
54
53
48
47
45
41
38
36
33
33
31
31
32
34
36
37
36
34
32
27
22
17
14
7
2
-3
-9
-10
-14
-17
-16
-18
-19
-20
-19
-19
-22
-24
-25
-29
-33
-37
-39
-43
-46
-47
-47
-47
-47
-47
-45
-45
-42
-43
-43
-45
-47
-50
-53
-55
-60
-58
-54
-50
-45
-41
-39
-38
-39
-44
-46
-52
-54
-53
-52
-49
-45
-44
-40
-37
-36
-36
-36
-40
-42
-42
-42
-40
-36
-32
-31
-26
-24
-23
-23
-25
-27
-27
-25
-22
-17
-12
-8
-2
2
6
7
10
7
9
9
12
16
20
26
30
35
40
42
42
45
44
44
47
49
51
54
59
60
62
63
65
65
64
62
65
66
69
69
72
74
73
73
72
70
70
68
65
65
63
62
63
65
65
66
64
61
58
53
49
46
43
38
33
34
30
29
30
28
27
22
18
12
6
0
-7
-13
-16
-17
-16
-15
-13
-13
-12
-14
-19
-23
-31
-38
-43
-50
-52
-50
-50
-47
-44
-42
-40
-39
-37
-43
-48
-52
-59
-63
-63
-64
-62
-55
-52
-47
-42
-42
-43
-44
-47
-53
-57
-57
-58
-55
-55
-51
-47
-43
-37
-34
-34
-35
-38
-41
-42
-42
-41
-38
-35
-32
-27
-25
-22
-21
-19
-19
-19
-18
-20
-19
-14
-12
-7
-2
4
5
7
7
6
5
5
4
5
7
10
14
21
28
30
33
33
32
32
29
26
24
24
23
27
29
31
35
38
41
41
42
41
40
37
33
30
27
28
26
28
29
30
33
32
34
33
32
31
28
26
23
22
19
17
16
15
14
15
17
18
17
15
14
11
6
3
0
-4
-4
-7
-7
-8
-5
-3
-1
1
-1
-2
-5
-8
-13
-17
-22
-25
-26
-24
-20
-15
-10
-4
1
4
4
2
-3
-9
-15
-24
-29
-30
-30
-23
-16
-6
3
11
16
18
14
7
0
-10
-16
-22
-22
-19
-13
-5
0
8
15
17
17
14
9
3
-1
-5
-9
-10
-7
-6
-3
1
4
6
6
7
7
6
3
0
-2
-5
-6
-6
-7
-10
-8
-6
-5
-3
1
3
4
5
4
1
-2
-6
-9
-11
-12
-13
-12
-10
-8
-3
1
4
5
4
0
-2
-6
-9
-11
-14
-13
-9
-5
1
5
9
12
11
11
7
2
-4
-9
-12
-13
-12
-9
-3
3
9
15
18
19
16
12
6
0
-4
-8
-10
-10
-7
-2
4
10
14
16
16
13
10
4
0
-3
-5
-5
-5
-3
1
2
3
5
5
4
3
1
-1
-3
-4
-5
-3
-3
-4
-3
-2
-2
-1
-1
2
3
2
4
4
2
0
-3
-6
-6
-10
-8
-8
-6
-3
2
5
9
11
10
7
4
-3
-9
-12
-14
-15
-12
-6
1
9
12
15
13
10
3
-4
-8
-13
-15
-14
-8
-1
4
12
14
14
14
8
1
-5
-8
-11
-10
-6
-2
5
11
14
15
13
10
4
-2
-9
-13
-15
-15
-12
-6
-1
4
10
14
14
11
6
2
-4
-8
-14
-17
-17
-15
-10
-5
2
8
14
20
20
17
10
1
-9
-18
-23
-25
-22
-16
-7
5
18
26
31
31
25
13
1
-13
-24
-28
-29
-22
-10
1
15
23
28
27
20
9
-3
-15
-25
-30
-27
-22
-11
2
12
23
26
26
20
9
-2
-13
-20
-25
-25
-22
-18
-10
0
8
15
20
23
23
22
18
8
-1
-11
-22
-27
-29
-27
-21
-10
3
16
30
39
39
34
25
13
-2
-17
-29
-36
-34
-28
-16
-2
11
20
26
25
20
11
-1
-12
-20
-24
-21
-17
-6
4
12
19
20
17
9
1
-6
-14
-18
-20
-19
-14
-5
1
8
15
18
20
17
14
10
3
-5
-11
-17
-22
-21
-17
-12
-6
3
12
21
27
28
27
21
13
4
-5
-15
-22
-25
-24
-20
-11
-1
9
16
20
22
17
11
4
-4
-11
-14
-16
-13
-9
-4
2
4
8
9
10
7
6
4
-2
-6
-9
-12
-9
-9
-7
-2
4
9
12
14
13
7
0
-6
-12
-17
-18
-17
-14
-8
-2
4
12
14
14
15
10
7
1
-5
-8
-12
-12
-11
-10
-9
-5
0
4
7
8
6
6
5
2
-1
-3
-4
-3
-4
-3
-2
-2
-1
1
3
4
3
6
4
2
1
0
-2
-4
-3
-1
1
4
6
6
4
3
2
-2
-6
-5
-4
-2
0
1
2
3
4
3
1
-1
0
0
0
2
4
6
3
4
2
-2
-4
-3
-2
-1
-2
-1
-2
-1
0
1
1
0
-1
-1
1
-2
-1
1
1
0
0
0
1
0
2
0
0
0
-2
-2
-1
0
1
1
3
2
2
1
0
0
0
1
0
0
1
1
2
1
1
1
0
-3
-1
0
-1
-2
-3
-3
-3
-1
1
0
-1
0
-2
-2
-2
-1
-1
0
-1
1
1
1
1
1
2
-1
-1
-2
-2
-1
0
1
0
1
1
1
0
0
1
1
0
2
1
-1
0
-1
-1
-2
-1
-1
0
1
0
2
-1
0
1
-1
-1
1
1
0
-1
-1
-1
0
-1
0
-1
-1
-2
0
0
-1
1
2
2
3
2
1
2
0
-1
-2
0
-1
-1
0
0
0
1
0
0
1
1
0
0
0
-1
0
-1
-1
0
0
1
-1
1
1
2
0
0
1
0
0
-1
1
1
1
0
-2
-1
-1
-1
0
0
-1
-1
-1
0
-1
-1
0
0
1
2
3
2
2
3
1
0
2
1
0
1
0
1
-1
0
0
2
1
0
1
0
0
-1
0
-1
0
1
0
1
0
0
-1
-1
-2
-1
0
-1
-2
-1
-2
0
-1
-1
1
1
2
2
2
2
1
0
-1
-2
0
-1
-1
-1
-2
-1
-2
-1
1
0
1
2
1
2
3
1
1
2
1
-2
-2
-1
-2
-1
0
1
2
1
1
1
0
1
-1
-2
-3
0
1
0
-1
-1
-1
-1
0
-1
2
2
3
2
0
2
0
0
-2
-3
-3
-3
-3
-3
-1
1
1
2
3
1
0
-1
-2
-3
-2
-2
-1
-1
0
1
2
2
3
1
1
0
-2
-2
-1
1
0
0
1
1
0
0
0
-1
-1
-1
-1
-1
0
0
1
1
0
0
-1
0
0
-3
-4
-2
-1
0
-1
1
2
2
3
4
4
2
2
1
1
1
-1
-1
0
1
1
1
-1
0
-1
0
-1
-1
-1
-1
0
0
1
2
2
2
-1
1
1
1
2
1
1
0
0
-1
-2
-2
0
2
-1
2
2
1
3
3
-1
-2
-3
-5
-5
-3
0
3
5
4
4
4
3
0
0
-2
-4
-7
-7
-6
-5
-2
1
4
6
4
5
3
0
-3
-5
-6
-6
-5
-2
2
3
4
5
5
3
1
-1
-3
-3
-2
-2
-1
1
1
0
0
-1
-2
-1
-2
-2
-1
-1
0
-1
1
1
2
1
0
2
-1
-1
-2
-1
1
3
4
1
2
2
-1
-3
-5
-7
-6
-4
-1
-1
1
3
3
2
1
1
0
0
-1
-1
0
2
3
4
3
0
-2
-3
-1
-1
1
1
3
2
0
0
-1
-4
-3
-4
-2
1
4
8
8
7
3
-1
-7
-10
-9
-7
-5
0
4
6
8
8
5
-1
-5
-7
-10
-7
-2
1
6
9
12
11
10
5
-2
-6
-9
-11
-12
-10
-6
0
6
8
10
8
5
0
-2
-7
-9
-10
-10
-6
-1
4
8
10
8
6
4
0
-3
-5
-4
-4
-2
1
4
4
6
4
1
-2
-5
-6
-6
-5
-2
0
3
5
8
7
5
4
0
-2
-4
-5
-4
-2
2
6
7
6
4
2
-2
-7
-10
-10
-8
-4
-2
2
3
5
4
4
0
-1
-3
-4
-3
-1
0
1
4
3
2
3
0
1
2
2
1
0
1
-2
-1
-3
-3
-2
-3
0
1
4
5
5
3
0
-5
-8
-10
-10
-8
-5
0
4
7
8
7
5
2
-3
-6
-4
-3
-1
1
5
8
8
10
6
3
1
-3
-5
-7
-7
-6
-4
0
1
4
6
5
4
1
-1
-3
-3
-5
-6
-3
-2
0
3
4
5
4
2
2
1
-2
-1
-2
-1
0
1
2
3
1
-1
-1
-3
-3
-3
-3
-3
-1
0
1
4
5
3
3
2
-1
-3
-4
-3
-3
-1
0
-1
2
2
1
1
0
-2
-2
-2
-2
-1
0
0
1
2
-1
-1
-3
-2
-2
-2
0
1
1
1
1
0
-2
-1
-3
-1
-2
-1
0
1
1
3
2
2
1
-1
0
-4
-2
-3
-1
0
1
1
2
3
1
1
0
0
-1
-2
0
0
2
0
1
0
1
2
1
1
1
2
-1
-1
-1
-3
-2
-3
-4
-2
-2
0
2
3
2
1
0
-2
-2
-2
-2
-1
0
0
2
3
5
4
4
3
2
0
0
0
-1
0
0
1
1
2
2
0
-1
-1
0
-3
-2
0
-2
-2
-1
-2
-1
0
1
2
2
2
1
0
-1
-1
-1
0
-1
-2
-2
-3
-2
-3
-3
-1
0
1
2
2
3
3
2
3
2
1
0
-1
-1
0
1
0
-2
0
0
-1
1
1
0
0
1
1
0
1
0
0
0
-2
-2
-2
-2
-1
0
0
2
1
2
3
4
2
1
1
1
-1
-2
-3
-2
-3
-1
0
1
1
2
1
0
-1
-1
1
0
0
0
0
-1
-3
-1
-2
-2
-1
0
0
0
1
2
4
2
3
2
0
-1
-2
-3
-3
-2
-1
0
-1
-1
-1
-1
-1
0
0
-1
0
-1
1
2
1
1
1
0
1
0
-1
-2
-1
-1
-1
1
4
2
3
2
1
1
1
2
1
1
0
-2
-5
-3
-3
-3
-2
0
1
1
0
0
0
1
2
2
2
3
3
0
-3
-3
-3
-2
-1
