SAMPLES:	19002
BITSPERSAMPLE:	16
CHANNELS:	1
SAMPLERATE:	16000
NORMALIZED:	FALSE
0
-1
0
0
0
-1
1
1
-1
0
0
-1
0
0
0
0
-1
1
1
1
0
1
1
1
1
2
0
0
1
0
1
0
0
0
1
0
0
0
-1
0
0
0
-1
0
0
-2
0
-1
-1
-1
0
1
0
0
0
-1
-1
-1
-1
0
0
-1
0
1
1
1
0
1
0
1
0
0
1
0
0
0
1
0
0
0
0
0
1
0
0
2
1
0
0
0
-2
-1
0
-1
1
0
0
-1
-1
0
-1
0
1
0
-1
-1
-1
-1
0
0
0
-1
-1
-1
0
-1
-1
-1
1
0
0
0
-1
0
-2
0
0
2
1
1
1
0
2
2
2
3
1
2
1
0
1
0
-2
-1
0
-1
-1
-1
-2
-1
-1
-1
1
-1
-1
0
0
1
0
0
0
0
0
-1
-2
-1
0
0
0
-1
0
1
0
0
-1
-1
1
1
1
1
2
1
1
1
1
2
1
0
0
0
0
0
1
-1
0
0
-1
-1
-1
-2
-2
-3
-2
-1
0
0
1
2
1
0
-1
1
1
0
0
0
-1
-1
0
0
-1
-1
-1
0
1
1
1
1
1
0
0
1
1
1
1
0
1
1
0
-1
-1
-1
-2
-1
-1
-1
0
0
0
0
-1
0
0
0
1
0
1
1
0
1
1
1
0
-1
-1
0
-1
-2
1
0
1
-1
1
-1
0
0
-1
1
1
1
1
-1
0
0
0
0
0
0
0
0
0
0
1
0
-1
-1
0
0
0
-1
0
-1
0
0
0
1
0
2
2
0
0
1
1
1
1
0
-1
-1
-1
-1
-1
-1
0
-1
-1
-1
-1
1
-1
0
-1
-1
0
0
0
-1
1
1
1
1
0
0
0
1
2
2
-1
0
0
1
0
1
1
-1
0
1
1
0
1
1
1
2
1
1
0
0
0
-1
-2
0
-1
0
-1
-1
1
0
-1
0
-2
-3
-2
-3
-1
0
0
-1
0
0
0
1
1
1
1
2
1
1
0
1
0
0
1
1
1
1
0
-1
-1
-2
-1
-2
-1
-2
-2
0
0
0
0
0
-1
0
0
0
0
2
1
2
1
2
1
2
0
0
0
0
0
0
0
-1
0
-1
0
-1
0
0
-2
0
1
0
0
1
0
0
0
0
-1
0
1
0
0
-1
-1
0
0
0
1
0
0
-1
0
-2
1
1
0
1
0
1
1
0
0
1
0
0
0
-1
-1
-2
0
-1
-1
0
0
0
1
1
0
-1
-1
0
0
-1
-1
0
0
-2
1
2
0
3
1
1
1
1
1
0
0
0
0
0
0
-1
-1
-1
-1
0
-1
-1
-1
-1
1
0
-1
0
-1
1
1
0
1
-1
1
0
1
1
-1
-1
0
0
0
0
-1
1
0
0
1
1
1
0
0
1
1
0
1
-1
-1
-1
-1
0
0
0
0
0
0
1
-1
0
-1
1
0
0
-1
0
1
0
2
1
2
0
1
1
0
-1
-1
0
0
0
-1
-2
-1
0
0
1
1
0
0
1
1
0
1
1
1
-1
0
0
0
-1
0
0
-1
0
-1
0
0
0
0
-1
0
1
-1
0
0
-1
0
-1
-1
-1
0
0
-1
0
-1
0
0
0
0
1
1
2
2
0
1
-1
0
0
1
0
1
2
0
1
0
0
0
0
0
-1
0
-1
-1
-2
0
0
0
0
0
-1
0
0
1
0
0
0
0
1
1
1
0
0
2
0
0
-1
-1
0
-1
0
0
1
1
0
1
2
1
1
1
1
0
0
0
-1
1
0
-2
-2
1
0
-1
0
-1
0
0
-1
0
-1
1
1
-1
-1
-1
-2
0
-1
1
3
2
3
1
2
2
2
1
-2
-2
-2
-1
-2
-2
-1
-1
-2
-1
-1
-1
-1
0
1
1
1
1
1
0
0
0
0
-1
-2
0
1
0
1
1
2
1
1
1
0
0
0
-1
-1
-1
-1
-1
-1
0
1
0
0
1
2
2
2
1
1
0
-1
0
0
-1
-1
0
-2
-1
-2
-1
0
-1
0
0
-1
0
1
3
2
1
2
1
2
2
0
-1
-2
-2
-1
-1
-2
-2
0
1
0
1
1
2
1
1
0
2
1
1
0
-1
0
-1
0
-1
-2
-3
-2
-1
-1
0
-2
0
0
-1
0
1
0
1
1
1
1
0
0
-1
-1
-1
-1
0
0
0
0
0
1
-1
-1
0
1
0
0
-1
0
1
0
1
0
0
-1
0
-1
-1
0
0
0
0
0
0
1
0
0
0
1
0
1
-1
-2
0
-1
0
-1
0
0
1
0
1
-1
0
1
0
0
-1
0
-2
-1
-1
0
0
-2
-1
-2
0
2
1
2
2
2
3
2
2
1
2
1
0
0
0
-2
-1
0
0
0
-1
0
0
-1
-1
-1
-1
0
2
1
1
0
1
-1
-1
0
-1
-1
0
0
0
0
0
0
0
1
1
2
0
1
0
-1
0
0
0
-1
0
0
1
1
1
0
0
1
2
2
1
-1
1
-2
-1
0
-2
-1
-1
0
-1
-1
0
1
1
-1
-1
-2
-2
-2
0
-1
-1
0
-1
-1
1
-1
1
1
0
0
-1
0
0
0
0
0
0
0
2
-1
1
-1
-1
-1
-2
-1
1
0
0
-1
0
-1
1
0
1
1
-1
1
1
-1
-1
-1
0
0
-1
1
1
0
0
2
1
-1
-1
1
2
3
0
1
1
2
0
-1
1
0
0
0
-1
-1
0
1
1
0
0
1
1
1
0
0
0
-1
1
-1
0
1
1
1
1
1
-2
0
0
-1
-1
-1
0
0
-2
-2
0
-1
0
-1
0
0
1
1
0
0
1
1
-1
0
-1
0
0
-2
-1
0
2
1
-1
-2
-1
0
1
-1
-1
0
0
0
-1
1
-1
-1
1
1
1
-1
0
2
0
-1
1
0
-1
-2
-1
1
-1
-1
-1
-1
1
1
-1
-1
2
1
-1
0
1
-1
-1
0
-1
-1
0
1
-2
-2
-2
1
-1
-3
-1
1
1
0
-1
0
1
0
1
1
0
0
2
1
-1
0
1
3
0
-3
2
1
0
0
-3
1
1
0
-2
-2
5
2
-4
1
0
4
-1
-5
5
1
0
-1
-1
7
-4
-2
7
-2
0
1
3
-1
-4
6
1
-4
1
0
3
-1
-4
1
0
1
-3
-4
6
0
-4
3
3
0
-3
2
3
-3
3
3
-2
-1
2
2
-1
1
2
1
-1
1
2
1
-1
-3
-2
2
-1
-4
2
0
-3
-1
1
-2
0
-1
0
2
-1
-1
-1
0
2
-4
-1
4
1
-3
-2
3
0
-2
3
1
1
-1
1
2
-2
-1
1
1
-1
-1
1
-1
-3
1
0
-3
-1
0
-1
1
1
-1
-1
0
0
-1
-2
0
-1
-3
-1
-1
-4
-1
0
-3
-2
0
0
1
0
1
3
1
1
-1
1
2
-2
-1
1
1
-1
-1
1
0
1
3
0
0
0
1
2
1
1
0
0
-1
0
-2
0
0
1
0
0
2
-1
1
3
-1
-2
0
3
0
-4
1
2
0
0
-2
2
0
-1
-1
0
0
-2
2
1
-3
0
2
2
-2
-1
3
0
-2
1
-1
1
-3
-2
0
-2
-2
-4
2
-1
-2
2
1
-1
-1
2
3
2
1
2
-1
-1
2
2
1
-2
0
2
0
-1
0
1
0
-2
-1
0
0
-1
0
0
-3
0
2
0
-2
1
0
-1
-1
0
-1
-1
0
-2
-1
0
0
1
2
-1
-1
2
3
-1
-1
2
1
0
-1
-2
2
1
0
-1
-1
2
0
-1
-1
-1
2
-1
0
0
0
-2
-2
1
1
-3
1
1
1
-2
-2
0
-1
0
-1
-1
3
-1
-2
3
1
0
0
2
1
-1
1
-1
-1
2
1
-1
1
-1
0
-1
1
0
0
3
2
-1
0
1
0
-3
-2
-1
-2
-2
-1
-1
-1
0
-1
1
2
-1
-1
1
1
-2
-2
0
1
-2
-2
0
3
0
0
0
-1
0
-2
0
1
0
2
1
0
-1
-1
1
0
-1
-1
-1
2
0
-1
2
2
1
2
0
3
1
0
0
0
2
0
-2
0
0
1
0
0
1
0
1
0
0
-1
0
0
-1
-1
1
0
1
0
-1
0
0
2
1
0
1
1
0
0
0
1
0
0
0
0
2
0
1
1
0
-1
-1
-1
0
-1
-1
-1
0
0
-2
0
1
-2
0
0
-1
1
1
-1
0
-1
-2
-2
0
1
-1
-2
1
-1
-2
-1
0
0
-1
-1
0
0
-3
-1
1
0
-1
0
1
-2
-1
0
1
-1
-1
-1
-1
0
1
-1
1
2
0
0
2
2
1
1
1
0
3
2
0
-1
-1
-1
0
-1
-2
-3
-1
-2
-4
-1
1
2
1
2
2
1
1
0
0
0
-1
0
1
1
1
2
2
0
1
3
0
1
0
2
4
0
0
1
1
2
1
-1
-1
0
-1
0
0
-3
-1
2
-1
-2
-1
-1
0
1
0
-1
0
1
-1
-2
-1
-1
0
0
0
0
1
1
0
-3
0
0
-1
-1
-1
0
1
0
-1
-1
-1
0
1
0
-2
0
2
0
-2
0
1
1
-1
0
1
0
0
0
-2
-3
-1
0
-1
-1
0
0
0
0
-1
2
2
-1
2
1
2
-2
-1
1
-1
-1
1
0
-2
1
-3
-1
0
1
0
-1
-2
-3
-2
-1
-3
-1
1
-1
-1
1
2
0
0
2
-1
-1
1
2
-1
-1
1
0
0
1
0
0
0
0
0
0
1
-1
-1
1
0
1
1
0
-1
0
1
0
-1
1
2
-1
-1
0
-1
-1
1
2
1
-1
2
1
1
1
1
2
3
1
0
0
1
2
2
1
2
1
3
3
2
2
3
0
0
1
2
1
0
1
1
1
3
2
2
1
0
0
-1
1
-2
-1
0
0
-2
1
2
1
0
-1
-1
0
1
0
0
1
1
-1
-1
-1
0
-1
-1
-1
-1
-1
0
-1
-2
0
-1
0
0
-2
-2
-3
-1
-2
-1
-2
-2
-1
0
-1
-3
-2
-3
-3
0
-3
-2
-2
-1
-2
-3
-1
-2
-1
0
0
1
-1
0
-1
-1
1
-1
-2
-1
-1
-1
0
0
0
0
-1
-1
0
-1
-1
0
0
-1
-1
0
0
-1
0
1
1
2
1
-1
2
2
2
1
1
2
1
3
3
1
3
3
2
1
1
1
1
2
2
1
1
2
1
3
2
0
0
2
1
1
0
1
1
0
1
1
1
2
1
0
1
2
1
0
2
0
0
1
-1
-1
-1
1
-1
-1
0
-2
0
0
0
-1
0
1
3
2
1
1
2
1
1
2
1
-1
0
-1
0
-1
-1
-1
0
1
-1
-1
-1
-1
-1
-2
-2
0
-1
-3
-2
-3
-2
-2
0
0
-2
-1
-1
-1
2
1
0
-1
1
0
0
2
0
-1
-1
-1
-2
1
3
0
0
1
1
0
1
1
1
1
1
0
1
1
0
0
-1
-2
0
0
-1
-1
-2
-4
-4
-1
0
0
0
0
-2
-1
1
2
3
1
1
-2
1
1
1
1
-1
-1
-2
0
-1
0
-1
0
2
1
1
1
0
-1
2
2
0
1
2
0
-2
0
1
-1
-1
-1
-3
-2
-2
-3
-3
-2
-3
-1
-1
-2
-2
-1
-1
0
1
1
-1
0
1
0
0
1
0
0
2
0
1
2
1
1
1
4
4
3
4
4
2
3
5
5
2
1
3
3
3
4
2
1
0
2
-1
0
1
-3
-3
-3
-2
-2
-1
0
2
-1
-1
0
0
-1
-2
0
1
-2
-3
-2
0
0
1
0
-2
-1
1
1
-3
-6
-6
-3
-6
-5
-4
-6
-10
-11
-3
-3
-5
-3
-2
-1
3
9
11
8
7
11
16
18
18
18
17
17
19
18
13
10
9
3
1
-6
-9
-10
-16
-26
-28
-29
-28
-26
-30
-40
-42
-33
-27
-19
-7
-5
-6
-2
8
22
35
42
51
60
57
59
71
76
74
88
93
77
64
65
62
64
65
48
25
19
11
-2
-16
-34
-43
-51
-70
-79
-72
-91
-112
-107
-102
-97
-58
-50
-74
-90
-121
-102
88
204
45
-105
-39
46
124
247
242
63
-77
-49
118
259
185
9
-63
-109
-135
0
96
-57
-215
-196
-179
-218
-165
-67
-81
-172
-184
-131
-114
-74
59
115
13
-41
40
94
115
178
198
106
36
63
117
110
75
46
4
-53
-45
-14
-40
-69
-53
-78
-122
-107
-70
-58
-30
-22
-43
-42
-18
8
58
86
53
27
31
21
46
99
81
3
-20
-6
-14
-30
-35
-51
-79
-93
-82
-76
-88
-85
-47
-41
-62
-41
13
28
36
61
72
67
97
131
122
98
106
119
103
70
61
51
17
-2
1
-33
-95
-109
-112
-145
-147
-106
-138
-207
-207
-160
-161
-138
-97
-93
-106
-60
-33
-31
19
118
165
175
170
165
191
282
343
338
322
305
256
246
308
334
262
168
118
94
79
57
16
-59
-133
-170
-169
-195
-214
-211
-221
-262
-254
-221
-196
-158
-116
-125
-121
-70
-6
24
37
33
76
138
147
109
142
156
129
135
171
136
96
58
31
53
96
27
-42
-48
-65
-101
-36
-44
-140
-160
-94
-110
-97
-54
-81
-108
-43
-1
-7
0
48
103
113
49
35
106
116
73
110
101
-31
-97
-12
29
-68
-154
-199
-265
-304
-259
-258
-335
-408
-435
-440
-431
-394
-355
-363
-380
-358
-310
-245
-121
-34
-25
-56
-29
48
167
243
264
236
229
284
399
467
433
335
301
303
317
367
350
200
133
180
181
155
154
77
-43
-78
-61
6
83
64
-30
-34
5
89
231
307
270
239
273
358
509
634
606
515
457
492
574
610
486
367
233
100
5
-28
-195
-469
-640
-713
-901
-1146
-1229
-1314
-1432
-1526
-1531
-1579
-1717
-1863
-1706
-1344
-1110
-1035
-1151
-1461
-1472
-550
737
1134
493
-102
-73
611
1840
2881
2756
1617
788
1183
2303
3106
3088
2316
1294
767
1059
1735
1928
1330
513
-113
-498
-490
-76
110
-306
-910
-1210
-1286
-1087
-539
-110
-288
-690
-725
-451
-35
533
928
799
514
424
528
831
1167
1054
584
186
-7
-104
-226
-430
-796
-1371
-1856
-1989
-2191
-2483
-2558
-2833
-3222
-3310
-3244
-3404
-3229
-2725
-2384
-2472
-2361
-2421
-2366
-409
1871
1130
-497
286
1341
1818
3566
4952
3697
1899
1949
3423
4936
4859
3646
2814
1950
1116
1988
3020
1770
234
-65
-591
-1396
-1006
-293
-683
-1615
-2020
-1979
-1877
-1235
-156
340
-82
-424
-34
671
1411
2073
2328
1909
1413
1437
1818
1829
1503
1112
323
-604
-990
-1164
-1544
-2137
-2922
-3652
-4126
-4496
-4656
-4476
-4523
-4879
-5055
-4799
-4905
-3934
-1353
-74
-1466
-1819
-360
725
2021
4166
4821
3475
2622
3392
5255
6551
6158
5068
4209
3028
2712
3906
4056
2298
940
238
-801
-1266
-742
-694
-1648
-2567
-2987
-2947
-2710
-2094
-1184
-625
-1000
-1121
-133
939
1509
2135
2625
2317
2258
2899
3117
2576
2172
1885
1379
937
437
-409
-1466
-2237
-2785
-3355
-3972
-4595
-5293
-5855
-5890
-5758
-5780
-5709
-5379
-5571
-4477
-1502
-395
-2218
-1931
447
1295
2227
4745
5367
3661
3158
4533
6391
7139
6140
5011
4398
3194
2983
4322
3832
1312
73
-198
-1274
-1744
-1052
-1288
-2738
-3518
-3256
-2910
-2804
-2109
-829
-631
-1202
-479
929
1253
1710
2860
3147
2627
2679
3004
2860
2560
2439
2272
1382
132
-591
-1140
-1831
-2285
-2894
-4086
-5114
-5569
-5864
-5752
-5538
-5779
-6221
-5995
-6263
-4917
-1178
103
-2451
-2516
-50
798
2361
5575
6062
3619
2767
4323
6778
8060
7072
5658
4666
3187
3128
5041
4732
1851
357
-143
-1428
-1830
-760
-958
-2769
-3795
-3698
-3551
-3253
-2165
-1151
-1016
-1375
-1079
-65
798
1706
2590
2734
2286
2249
2423
2541
2737
2657
1961
762
-168
-656
-913
-1330
-2219
-3351
-4417
-4949
-5259
-5258
-5238
-5444
-6181
-6383
-5964
-5378
-2708
212
-916
-3514
-1972
602
1861
4281
6175
4498
2259
3036
5691
8112
8126
6128
4642
3759
3077
4230
5628
3732
829
-27
-565
-1478
-1148
-481
-1555
-3307
-3955
-3717
-3205
-2635
-1663
-1095
-1427
-1856
-877
517
1033
1498
2273
2423
1662
1660
2311
2481
2031
1802
1224
13
-743
-812
-1177
-2113
-3012
-3735
-4396
-5029
-5133
-4780
-5167
-5929
-5899
-5914
-5077
-1433
590
-2032
-3685
-1464
498
2269
4958
5476
3137
1639
3092
6398
8407
7102
5115
4204
3201
3203
5137
5378
2719
754
256
-543
-1023
-471
-380
-1626
-2994
-3470
-3117
-2610
-1828
-735
-612
-1625
-1672
-160
1254
1818
2030
1997
1765
1599
2108
2770
2464
1469
937
455
-463
-806
-916
-1972
-3382
-3989
-4403
-5096
-5598
-5739
-5932
-6420
-6550
-6666
-6426
-4221
-1455
-1681
-3157
-2352
-743
600
3113
5305
4595
2859
2987
5163
7679
8150
6850
5750
4846
4115
5047
6163
4633
2317
1525
809
-424
-492
-85
-1123
-2561
-3120
-3135
-3151
-2745
-1908
-1344
-1523
-1777
-926
350
1187
1639
2018
2081
2058
2445
2858
2793
2299
1941
1381
721
90
-490
-1148
-2081
-3055
-3887
-4446
-5255
-6031
-6405
-6381
-6761
-7084
-7069
-7317
-5510
-2088
-1549
-3831
-3304
-1107
209
2374
5050
4912
2953
2755
4826
7741
8620
7199
6016
5378
4453
5039
6607
5486
2644
1495
1126
-53
-648
-183
-803
-2449
-3432
-3446
-3403
-3163
-2304
-1629
-1720
-2050
-1465
17
1236
1720
1823
2085
2298
2638
3076
3156
2604
2210
1958
1257
582
-45
-712
-1615
-2591
-3495
-4025
-4557
-5617
-6374
-6490
-6478
-6860
-6709
-7190
-6625
-3396
-1073
-2884
-3745
-1662
-120
1273
4149
5469
3908
2874
3941
6467
8412
7920
6415
5724
4710
4199
5615
5932
3397
1432
908
160
-822
-950
-1185
-2090
-3275
-3727
-3479
-3386
-3099
-2172
-1695
-2020
-1575
-226
621
1284
1908
2118
2182
2719
3280
3317
2853
2221
2019
1763
1238
576
-349
-1514
-2364
-2894
-3597
-4227
-4966
-6116
-6674
-6491
-6353
-6755
-6609
-6999
-6356
-2931
-390
-2246
-3523
-1238
639
2124
4955
6325
4516
3160
4319
7147
9248
8483
6566
5626
4695
4343
5849
6023
3140
946
453
-213
-1011
-1171
-1580
-2723
-3889
-4166
-3660
-3436
-3257
-2594
-2311
-2171
-1213
33
357
878
1697
2206
2419
2885
3406
3231
2576
2020
2121
1883
1238
485
-587
-1874
-2724
-3195
-3855
-4447
-5349
-6500
-6898
-6726
-6761
-7090
-6705
-7151
-6535
-2677
33
-2333
-3769
-995
1133
2558
5534
6903
4663
3041
4498
7718
9888
8857
6605
5642
4743
4461
6173
6550
3259
727
326
-193
-772
-811
-1569
-3121
-4070
-4217
-3659
-3426
-3351
-2720
-2282
-2258
-1367
174
415
723
1883
2434
2191
2741
3653
3294
2499
2060
1977
1618
1145
561
-614
-2059
-3036
-3326
-3863
-4651
-5404
-6469
-7193
-7125
-6716
-7092
-6977
-7139
-6654
-3067
-17
-1922
-3972
-1286
1359
2694
5387
7041
4978
3046
4470
7784
10280
9258
6653
5741
5256
4699
6097
6966
3781
801
527
267
-780
-1126
-1477
-2843
-4030
-4355
-3910
-3814
-3779
-2966
-2180
-2047
-1749
-572
161
858
1795
2407
2356
2523
3110
3124
2768
2259
1963
1550
1047
386
-654
-1780
-2761
-3225
-3857
-4622
-5417
-6492
-7067
-7014
-6746
-7222
-7070
-7546
-6437
-2371
-173
-2916
-3971
-777
1346
2844
5684
6594
4272
3131
5023
8388
10303
8689
6502
6002
5287
4947
6690
6792
3377
1155
1034
252
-1101
-1230
-1202
-2527
-4141
-4498
-4015
-4066
-3832
-2782
-2298
-2447
-2036
-714
79
711
1437
2136
2208
2476
3139
3133
2443
2024
2200
1976
1299
419
-687
-1794
-2494
-2768
-3359
-4322
-5549
-6636
-6762
-6582
-6700
-7087
-6935
-7804
-6424
-1994
-284
-3461
-3936
-600
1161
2678
5626
6284
3755
3069
5496
8750
9874
8154
6522
6009
5203
5266
6962
6346
3022
1259
1141
291
-917
-1096
-1367
-2737
-4041
-4126
-3871
-4015
-3628
-2718
-2448
-2222
-1546
-742
-234
612
1395
2046
2440
2686
2760
2545
2242
2117
2244
1887
933
-156
-1112
-1807
-2349
-2841
-3589
-4498
-5666
-6323
-6350
-6373
-6660
-6684
-7073
-7549
-4493
-637
-1549
-4427
-2686
171
1189
3480
6146
5067
2752
3563
6548
9099
9165
7307
6222
5540
4795
5829
7165
5137
2250
1510
965
-141
-537
-686
-1830
-3136
-3762
-3898
-3871
-3655
-2952
-2609
-2569
-2235
-1443
-766
-95
715
1317
1829
2034
2262
2555
2485
1934
1828
1773
1088
375
-291
-1269
-2294
-2807
-3114
-3602
-4768
-5881
-6096
-6133
-6561
-6501
-6473
-7611
-5559
-1045
-786
-4303
-3586
-561
662
2810
5977
5401
2686
2824
5671
8878
9709
7738
6255
5752
4920
5574
7345
5980
2827
1613
1312
347
-497
-762
-1369
-2602
-3798
-4038
-3806
-3756
-3297
-2692
-2641
-2582
-1935
-1009
-167
501
885
1522
1904
1977
2415
2758
2111
1516
1566
1248
572
-15
-926
-2113
-2900
-3205
-3503
-4468
-5617
-6114
-6114
-6528
-6558
-6890
-7439
-4893
-1064
-1678
-4364
-3134
-813
636
3489
6092
4843
2627
3148
6182
9333
9775
7648
6187
5639
5237
6233
7430
5437
2417
1639
1362
81
-724
-900
-1875
-3199
-3945
-4130
-4158
-4033
-3456
-2838
-2769
-2929
-2110
-613
172
422
1039
1767
1876
2219
2835
2764
2120
1942
1885
1207
439
-139
-993
-2110
-2832
-3380
-4126
-5218
-5976
-6202
-6273
-6842
-7117
-7564
-7053
-3693
-948
-2778
-4694
-2513
-152
1600
4608
6218
4216
2715
4272
7587
10053
9507
7331
6270
5754
5579
6861
7343
4782
2159
1292
811
9
-625
-1231
-2254
-3644
-4515
-4239
-3732
-3683
-3340
-2852
-2901
-2896
-1586
-78
600
893
1258
1626
1757
2311
2871
2715
1946
1704
1487
729
70
-585
-1664
-2695
-3177
-3831
-5067
-5940
-6326
-6564
-7169
-6983
-7541
-7565
-4527
-1457
-3192
-5018
-2733
-557
864
3943
5806
3808
2405
4183
7573
9870
9141
7184
6661
6372
5975
7200
7796
4994
2365
2162
1768
143
-669
-845
-1914
-3495
-4262
-4046
-3946
-4011
-3224
-2539
-2946
-3223
-1862
-445
403
1149
1679
1468
1179
2024
2969
2839
2208
2036
1515
577
268
-250
-1423
-2495
-2917
-3922
-5305
-6081
-6413
-6732
-7379
-7415
-8171
-7188
-3941
-2291
-4426
-4702
-2316
-804
1222
4487
5199
2995
2639
4899
8253
10268
9168
7066
6431
6404
6797
8227
7784
4432
2167
2062
1630
419
-412
-1292
-2682
-3845
-4318
-4039
-3942
-3992
-3511
-2985
-2975
-2772
-1629
-594
483
1341
1772
1491
1529
2308
2992
2839
2320
1945
1300
704
457
-288
-1629
-2700
-3322
-4275
-5259
-6046
-6728
-7352
-7816
-7946
-8395
-6431
-3294
-3161
-5497
-4461
-1680
-201
2114
4945
4684
2702
3245
6012
9278
10497
8913
7189
6712
6430
7078
8668
7586
4000
2121
1818
869
-158
-356
-1295
-3261
-4617
-4895
-4265
-3878
-3778
-3527
-3326
-3525
-2777
-928
-14
450
1295
2010
1722
2059
3027
3363
2964
2527
2034
1236
853
626
-308
-1849
-2897
-3622
-4790
-5590
-6088
-6868
-8071
-8340
-8645
-8658
-5830
-2914
-4343
-6482
-4380
-1523
224
3094
5122
3672
2315
3863
7171
10298
10525
8232
7013
7019
6889
7875
8954
6698
3465
2464
1989
816
-108
-696
-2000
-3560
-4687
-4814
-4146
-4038
-4011
-3430
-3192
-3446
-2237
-558
100
751
1841
2246
1998
2650
3487
3477
3225
3106
2314
1202
920
572
-458
-1700
-2772
-3958
-5297
-6100
-6665
-7124
-8171
-8808
-9813
-8929
-5294
-3375
-5795
-6584
-3969
-2119
25
3898
5064
2672
2155
4561
8094
10686
10214
8154
7439
7110
7210
8900
9216
6007
3420
2590
1759
1164
609
-1059
-3012
-4093
-4807
-4656
-3983
-4170
-4488
-4038
-3440
-2909
-1587
-726
-82
990
2085
2370
2413
2974
3500
3494
3445
3396
2555
1477
1206
601
-611
-1661
-2627
-3919
-5234
-6087
-7011
-7653
-8495
-8796
-9699
-8985
-5798
-3909
-5959
-6587
-3899
-1814
2
3240
4731
3120
2601
4676
8114
10511
10049
8440
7931
7504
7404
8809
9080
6170
3654
2761
1952
955
258
-922
-2717
-4251
-5071
-4762
-4288
-4413
-4338
-3943
-3791
-3376
-1805
-653
33
892
1854
2109
2196
2945
3651
3568
3272
3200
2653
1770
1420
745
-545
-1697
-2514
-3611
-4919
-5879
-6818
-7620
-8496
-8594
-9258
-8835
-5987
-3923
-5727
-6579
-3876
-1575
7
2843
4461
3285
2720
4493
7812
10381
9778
8061
7912
7800
7334
8560
9017
6090
3522
3024
2301
754
-77
-797
-2301
-4025
-5032
-4803
-4461
-4524
-4097
-3553
-3852
-3847
-2060
-485
82
740
1710
1893
1973
2936
3704
3544
3134
3016
2721
2028
1343
636
-272
-1534
-2565
-3421
-4710
-5980
-6621
-7155
-8275
-8604
-9234
-8934
-5956
-3644
-5622
-6758
-4153
-2005
-202
3082
4584
2884
2146
4169
7698
10297
9628
7877
7578
7394
7218
8756
9111
6104
3565
2998
2191
928
309
-645
-2304
-3768
-4672
-4669
-4361
-4333
-4015
-3347
-3347
-3420
-2105
-615
183
1103
2079
2109
2014
2827
3599
3603
3358
3261
2787
1771
1084
678
-149
-1447
-2435
-3459
-4999
-6193
-6697
-7128
-8097
-8611
-9517
-9428
-6570
-3978
-5273
-6499
-4593
-2716
-772
2632
4676
3410
2332
3660
6991
9966
10045
8474
7816
7325
6995
8451
9329
6909
3997
3029
2277
930
163
-381
-1855
-3643
-4701
-4743
-4548
-4445
-4116
-3432
-3229
-3350
-2477
-861
226
968
1940
2380
2185
2514
3482
3751
3310
3135
3022
2119
1181
639
-187
-1388
-2253
-2982
-4547
-6211
-7013
-7167
-7865
-8410
-8992
-9530
-7730
-4465
-4225
-6166
-5203
-2804
-1072
1618
4541
4243
2555
3185
6320
9577
10368
8865
7846
7573
7132
7911
9163
7581
4430
3047
2357
1112
252
-481
-1922
-3357
-4442
-4982
-4742
-4457
-4319
-3761
-3584
-3664
-2567
-938
-214
590
1719
2115
2167
2790
3503
3544
3300
3254
3137
2367
1517
982
18
-1289
-2085
-2610
-4113
-5738
-6614
-7095
-7911
-8246
-8585
-9184
-7488
-4393
-4366
-6372
-5109
-2496
-1016
1420
4287
3926
2320
3226
6368
9409
10098
8510
7531
7557
7191
7723
8926
7382
4054
2958
2755
1194
-294
-669
-1617
-3294
-4473
-4785
-4698
-4781
-4497
-3617
-3265
-3735
-3110
-1241
-21
651
1688
2263
2042
2517
3622
3837
3405
3354
3194
2291
1468
1023
252
-967
-1945
-2744
-4203
-5574
-6324
-6819
-7699
-8120
-8883
-9201
-7016
-4208
-4799
-6245
-4844
-2887
-1301
1752
4241
3483
2233
3118
6081
9199
9973
8430
7487
7160
6875
7924
8996
7061
4003
2996
2616
1245
-103
-652
-1592
-3159
-4377
-4623
-4487
-4623
-4357
-3520
-3090
-3451
-2946
-1345
19
875
1857
2286
2017
2380
3469
3900
3473
3232
3003
2234
1382
892
95
-1083
-2002
-2792
-4226
-5732
-6454
-6792
-7489
-8013
-8476
-9043
-7651
-4482
-3720
-5481
-5162
-2907
-1124
1349
4198
4420
2816
2784
5333
8829
10292
8889
7475
7107
6724
7219
8628
7664
4352
2479
2198
1218
-219
-780
-1512
-3033
-4380
-4714
-4509
-4477
-4235
-3506
-2901
-3123
-2865
-1504
-134
851
1953
2421
1845
1902
2914
3433
3374
3345
2769
1619
926
520
-154
-1021
-1961
-3206
-4672
-5763
-6286
-6593
-7212
-7834
-8795
-8759
-6180
-3565
-4325
-5396
-4019
-2430
-708
2639
4720
3659
2540
3490
6300
9295
9833
8237
7366
6925
6504
7491
8423
6449
3687
2617
1827
396
-511
-832
-1833
-3316
-4474
-4758
-4509
-4232
-3858
-3202
-2827
-3006
-2424
-1059
59
1033
2223
2369
1697
2045
2880
3018
3161
3286
2329
1067
473
43
-491
-1201
-2391
-3810
-5107
-5989
-6245
-6387
-7158
-8004
-8809
-8024
-4969
-3017
-4441
-5025
-3201
-1588
462
3724
4850
3332
2693
4215
7294
9735
9294
7615
7117
6633
6372
7694
7931
5280
3011
2408
1350
-77
-666
-1126
-2338
-3717
-4579
-4664
-4387
-4128
-3495
-2797
-2746
-2881
-1914
-566
439
1436
2406
2285
1779
2256
2963
3049
3049
2931
1948
809
234
-231
-842
-1584
-2726
-4220
-5517
-6278
-6398
-6516
-7259
-8293
-8976
-7674
-4574
-3034
-4346
-4734
-3086
-1272
1159
4153
4782
3251
2793
4517
7610
9749
9125
7487
6852
6400
6416
7715
7687
5073
2769
2054
1140
-1
-621
-1232
-2580
-3989
-4646
-4428
-4092
-3810
-3180
-2650
-2656
-2535
-1449
-101
932
1757
2366
2196
1968
2523
3102
3100
2952
2539
1553
726
279
-432
-1262
-2092
-3210
-4548
-5630
-6393
-6700
-7068
-7711
-8403
-8751
-7302
-4250
-3047
-4415
-4425
-2455
-648
1737
4648
5044
3422
3074
5021
8088
9926
9007
7341
6683
6245
6371
7639
7369
4593
2372
1691
755
-375
-907
-1501
-2847
-4287
-4876
-4471
-3978
-3577
-2932
-2485
-2617
-2337
-975
367
1216
2081
2594
2089
1923
2752
3159
2877
2746
2315
1190
355
-170
-921
-1711
-2555
-3729
-5066
-6112
-6705
-6890
-7393
-7948
-8510
-8431
-6277
-3364
-3297
-4578
-3593
-1535
235
3116
5447
4724
3388
3990
6301
9007
10015
8507
6994
6508
6233
6718
7545
6248
3530
2039
1260
110
-790
-1340
-2236
-3424
-4519
-5006
-4651
-4083
-3482
-2828
-2446
-2482
-2010
-725
676
1748
2487
2594
2107
2210
2852
3085
2902
2689
1909
811
66
-656
-1419
-2027
-2915
-4315
-5555
-6401
-6820
-6975
-7392
-8054
-8577
-7542
-4733
-2964
-3908
-4316
-2629
-704
1464
4392
5378
4030
3494
5098
7686
9695
9511
7801
6668
6285
6357
7174
7161
4915
2621
1689
815
-260
-836
-1584
-2875
-3974
-4661
-4857
-4416
-3768
-3267
-2905
-2574
-2273
-1467
-222
1103
2043
2574
2452
2257
2676
3138
3065
2832
2461
1507
590
-71
-871
-1686
-2469
-3572
-4875
-5882
-6576
-6820
-7227
-7887
-8607
-8628
-6610
-3722
-3427
-4959
-4304
-2170
-279
2411
5024
4776
3344
3622
5910
8857
10244
9076
7409
6654
6194
6732
7890
7026
4117
2282
1464
408
-357
-626
-1639
-3293
-4417
-4847
-4704
-4169
-3363
-2962
-2950
-2890
-2200
-1001
302
1529
2347
2517
2140
2367
3140
3473
3275
2890
2151
1066
514
-73
-968
-1980
-2935
-4259
-5461
-6203
-6637
-7052
-7792
-8581
-9255
-7809
-4736
-3440
-5142
-5448
-3486
-1431
1010
4165
4978
3417
2935
4784
7924
10118
9819
8114
7024
6326
6582
7985
8024
5472
3206
2120
794
-191
-191
-710
-2453
-4032
-4806
-4928
-4605
-3724
-2891
-2798
-3295
-3187
-1899
-364
971
1990
2280
1703
1763
2734
3474
3569
3187
2296
1257
779
357
-409
-1327
-2333
-3718
-5040
-5770
-6259
-6721
-7323
-8081
-9101
-8166
-5184
-3594
-5013
-5528
-3884
-1975
366
3484
4604
3289
2839
4585
7448
9436
9439
8175
7203
6556
6654
7773
7834
5735
3612
2582
1302
4
-343
-620
-1918
-3597
-4594
-4780
-4513
-3931
-3130
-2737
-3001
-3188
-2283
-788
602
1617
2047
1599
1512
2342
3140
3360
3198
2373
1145
520
367
-159
-1102
-2099
-3448
-4956
-5692
-5801
-6173
-6987
-7780
-8608
-7807
-5198
-3642
-4693
-5143
-3879
-2167
213
3187
4250
3156
2777
4393
7133
8996
8996
8009
7181
6436
6522
7636
7627
5715
3898
2691
1276
220
25
-477
-1714
-3235
-4419
-4762
-4353
-3786
-3197
-2813
-3003
-3203
-2450
-1061
441
1548
1825
1322
1257
2018
2898
3403
3277
2395
1164
375
237
215
-474
-1826
-3397
-4753
-5580
-5599
-5644
-6453
-7900
-8709
-7243
-4643
-3977
-5247
-5203
-3845
-2333
194
3135
3617
2260
2373
4643
7296
8602
8371
7731
7084
6440
6824
7940
7333
5315
4169
3183
1378
314
466
-183
-1749
-3139
-4127
-4632
-4435
-3706
-3118
-3032
-3385
-3198
-2224
-1095
179
1335
1690
1271
1334
1938
2561
3011
3068
2465
1382
303
-162
-43
-277
-1601
-3313
-4668
-5537
-5746
-5672
-6205
-7784
-8428
-6650
-4341
-4290
-5303
-4898
-3513
-1842
810
3242
3309
2130
2607
5188
7806
8613
8019
7409
6900
6518
7156
7999
6969
4887
3725
2867
1507
630
374
-572
-2108
-3349
-4049
-4286
-4201
-3806
-3415
-3207
-3321
-2860
-1915
-937
77
1127
1504
1411
1696
2002
2233
2587
2744
2187
1389
468
-275
-651
-839
-1802
-3278
-4617
-5493
-5950
-6218
-6550
-7638
-7790
-6095
-4326
-4816
-5451
-4507
-2891
-1186
1167
2993
2958
2373
3251
5798
7988
8317
7772
7476
6969
6501
7154
7836
6770
4860
3634
2667
1360
524
384
-401
-2039
-3471
-4047
-4183
-3925
-3374
-3156
-3326
-3428
-2859
-1852
-546
469
980
887
1013
1572
2095
2338
2449
2243
1587
1032
551
-29
-700
-1261
-2175
-3309
-4376
-5201
-5793
-6203
-6749
-7589
-7000
-5106
-4288
-5368
-5566
-4262
-2587
-676
1524
2586
2182
2043
3588
6318
7981
7824
7278
7089
6772
6721
7451
7585
6359
4838
3846
2702
1383
714
555
-293
-1917
-3195
-3796
-3999
-3823
-3195
-2931
-3252
-3579
-2987
-1820
-546
436
791
524
546
1184
1931
2344
2309
1845
1316
892
359
-38
-377
-1258
-2557
-3382
-4078
-4969
-5687
-6236
-7283
-7044
-5006
-4137
-5597
-6171
-4902
-3522
-1773
630
1885
1311
954
2453
5420
7491
7457
6819
6736
6648
6870
7808
7859
6567
5338
4593
3567
2368
1472
859
80
-1154
-2381
-3203
-3758
-3993
-3557
-3168
-3384
-3736
-3337
-2484
-1509
-592
167
375
242
522
1306
1849
1887
1814
1564
1025
521
237
-54
-760
-1861
-2792
-3413
-4110
-5003
-5834
-6919
-6631
-4657
-3674
-5082
-5954
-5157
-3891
-1867
695
1760
991
566
1831
4673
7131
7438
6636
6295
6165
6529
7697
8051
6711
5282
4495
3722
2857
2089
1210
275
-724
-1763
-2669
-3277
-3554
-3316
-3041
-3202
-3529
-3303
-2705
-1919
-1036
-386
-274
-259
104
561
906
1133
1204
929
431
60
-165
-401
-990
-1786
-2491
-3110
-3891
-4573
-5172
-6348
-5987
-3839
-3075
-4893
-5441
-4335
-3453
-1867
769
1848
945
510
1641
4276
6526
6740
6186
6143
5809
5852
7196
7730
6388
5237
4709
3767
2792
2328
1861
1043
-81
-1201
-1968
-2516
-2830
-2501
-2177
-2656
-3334
-3080
-2357
-1696
-1185
-773
-757
-872
-618
-4
337
233
253
136
-458
-864
-805
-885
-1448
-2014
-2518
-3034
-3723
-4161
-4809
-5695
-4704
-2604
-2802
-4848
-4755
-3519
-2699
-967
1215
1266
123
283
2107
4657
5922
5435
5047
5241
5278
5967
7153
6713
5224
4652
4532
3880
3123
2515
1906
1184
312
-542
-1114
-1689
-1973
-1693
-1596
-2256
-2718
-2320
-1738
-1320
-1026
-905
-1046
-927
-542
-323
-404
-432
-285
-489
-1023
-1396
-1518
-1755
-2097
-2271
-2602
-3209
-3907
-4210
-5047
-5135
-3237
-1758
-3183
-4643
-3916
-2947
-1826
287
1574
691
-272
398
2721
5111
5569
4677
4332
4297
4561
5953
7002
5845
4260
3787
3561
3233
3204
2794
1626
551
9
-320
-523
-846
-1135
-1275
-1348
-1629
-1542
-1165
-817
-594
-470
-564
-534
-162
-84
-445
-752
-793
-743
-898
-1259
-1867
-2471
-2911
-3008
-3006
-3288
-3786
-4397
-4833
-5743
-5318
-2927
-1454
-3074
-4378
-3480
-2431
-1086
1181
2301
1226
264
1026
3320
5587
5850
4923
4480
4248
4296
5548
6445
5228
3799
3357
2908
2315
2345
2152
1217
319
-116
-450
-750
-1000
-836
-564
-679
-1114
-928
-450
-156
171
511
314
-66
121
258
-209
-810
-896
-857
-1318
-2031
-2607
-3046
-3603
-3891
-3836
-4035
-4619
-5169
-5448
-6154
-5302
-2721
-1627
-3330
-4046
-2928
-1894
-177
2192
2810
1497
840
1943
4327
6168
5922
4929
4507
4236
4441
5555
5722
4309
3295
2909
2386
2001
1789
1175
541
207
-83
-398
-772
-1079
-711
-156
-191
-544
-377
-45
262
743
1063
786
370
424
391
-103
-698
-858
-970
-1635
-2497
-3157
-3653
-4226
-4267
-4165
-4649
-5484
-5889
-6217
-6485
-4698
-2224
-2340
-4236
-4020
-2501
-1221
785
2898
2800
1312
1180
3011
5521
6626
5948
5061
4579
4187
4737
6006
5641
3889
2832
2452
1903
1703
1697
1073
74
-439
-519
-579
-693
-686
-487
-366
-367
-313
92
455
785
1119
1228
933
816
937
703
107
-315
-542
-1034
-1876
-2698
-3404
-3977
-4471
-4501
-4698
-5325
-6099
-6502
-7106
-6437
-3738
-2219
-3809
-4961
-3721
-2293
-557
1977
3036
1706
883
2030
4423
6450
6645
5599
4976
4678
4595
5541
6138
4833
3404
2811
1998
1263
1478
1357
401
-423
-742
-1076
-1124
-969
-632
-350
-316
-508
-288
319
860
1431
1713
1538
1233
1399
1446
1081
574
343
-26
-884
-1951
-2861
-3453
-4027
-4437
-4729
-5279
-6221
-6722
-6950
-7241
-5918
-3511
-3292
-4865
-4691
-3186
-1865
155
2313
2481
1401
1374
3014
5525
6897
6337
5448
5193
4926
5297
6270
5806
3995
2947
2437
1824
1525
1210
337
-515
-857
-1075
-1051
-1171
-1268
-944
-562
-476
-257
310
612
1010
1470
1719
1595
1708
1935
1665
904
377
380
18
-893
-1995
-3000
-4011
-4588
-4560
-4750
-5625
-6638
-7158
-7710
-6823
-4190
-2983
-4623
-5348
-3892
-2392
-685
1705
2586
1450
872
2244
4845
6709
6480
5362
5034
4979
5144
6108
6262
4396
2839
2532
2174
1582
1238
624
-346
-1000
-1213
-1053
-903
-1101
-984
-616
-534
-424
306
1030
1309
1497
1582
1485
1607
2216
2318
1483
539
214
27
-560
-1221
-2131
-3390
-4598
-4968
-4909
-5135
-5995
-6969
-7964
-7693
-5123
-3109
-4138
-5468
-4574
-3232
-1522
1219
2685
1561
621
1543
3908
6325
6924
5709
4864
4777
4947
5912
6496
4927
3092
2649
2187
1475
1271
768
-352
-1035
-1274
-1460
-1224
-1075
-1084
-857
-571
-379
208
1002
1427
1781
2061
1983
1993
2522
2747
2081
1316
935
686
-33
-780
-1628
-2698
-3916
-4545
-4781
-5151
-6017
-7030
-8057
-8198
-6061
-3945
-4499
-5855
-5096
-3883
-2490
113
2241
1696
667
1188
3149
5593
6826
6161
5220
4833
4724
5594
6602
5557
3544
2654
2066
1397
1424
1079
-264
-1411
-1757
-1910
-1476
-1078
-1152
-1259
-1142
-826
68
1167
1530
1719
2094
2210
2244
2903
3412
2875
1893
1378
1243
730
15
-759
-1878
-3290
-4241
-4542
-4873
-5621
-6663
-7768
-8631
-7219
-4787
-4591
-6106
-5658
-4213
-3235
-1179
1460
1868
836
1111
2757
5019
6537
6350
5557
5222
4953
5263
6377
6018
4094
2801
2154
1263
1112
1191
102
-1462
-2215
-2412
-2068
-1440
-1281
-1337
-1440
-1326
-487
994
1701
1796
2132
2335
2277
2908
3823
3508
2331
1695
1686
1264
470
-312
-1430
-2744
-3720
-4121
-4655
-5500
-6559
-7434
-8314
-7292
-5026
-4802
-6581
-6263
-4373
-3350
-1574
1054
1527
349
844
2805
4975
6450
6377
5543
5172
5058
5422
6528
6183
4120
2843
2459
1532
967
986
26
-1445
-2174
-2383
-2433
-2087
-1918
-1703
-1557
-1454
-919
364
1217
1527
2094
2443
2301
2719
3761
3751
2755
2106
2039
1636
948
268
-917
-2335
-3181
-3494
-4111
-5081
-6218
-7371
-8116
-6797
-4640
-4820
-6733
-6718
-5086
-3722
-1569
931
1065
-343
60
2404
5002
6465
6281
5384
4867
4794
5602
6939
6436
4141
2755
2375
1650
1275
1298
108
-1727
-2580
-2546
-2335
-2075
-2107
-2159
-2170
-2000
-1145
326
1113
1253
1711
2148
2351
2980
3960
3869
3001
2409
2326
2089
1516
739
-458
-1860
-2829
-3167
-3654
-4688
-5914
-7227
-7959
-6486
-4425
-4828
-6610
-6532
-5373
-4031
-1580
723
498
-604
-45
2053
4590
6225
6037
5184
4751
4645
5493
6946
6421
4217
2872
2165
1368
1515
1726
168
-1894
-2739
-2867
-2543
-1930
-1804
-2217
-2673
-2619
-1471
286
1104
1192
1446
1630
1922
3027
4123
3849
2941
2469
2386
2287
1906
1125
-135
-1493
-2319
-2614
-3269
-4587
-5626
-6730
-7457
-6008
-4139
-4986
-6786
-6221
-4998
-3921
-1623
451
-110
-1035
-32
2135
4338
5657
5485
4952
4715
4610
5474
6835
6126
4226
3195
2328
1346
1558
1680
174
-1580
-2456
-2962
-2745
-2077
-1894
-2224
-2624
-2692
-1755
-185
665
1008
1385
1415
1543
2765
3865
3530
2746
2573
2534
2333
1931
1239
55
-1216
-1905
-2096
-2782
-4247
-5376
-6495
-7029
-5350
-3616
-4888
-6765
-6053
-4808
-3702
-1343
494
-350
-1298
-228
2064
4403
5489
4977
4431
4406
4504
5493
6680
5722
3925
3042
2291
1502
1643
1447
-5
-1485
-2362
-2812
-2535
-2086
-2085
-2357
-2647
-2650
-1749
-346
425
722
1046
1203
1488
2669
3671
3356
2575
2472
2622
2520
2101
1406
223
-1054
-1732
-1851
-2337
-3601
-4881
-6368
-6960
-5091
-3304
-4590
-6297
-5758
-4971
-3936
-1210
679
-279
-1193
-278
1725
4169
5549
4948
4192
4130
4236
5285
6553
5504
3646
2924
2164
1284
1602
1463
-172
-1585
-2310
-2833
-2533
-1963
-2074
-2489
-2729
-2713
-1781
-284
462
621
853
1020
1433
2777
3766
3340
2464
2213
2412
2609
2376
1450
22
-1237
-1768
-1783
-2219
-3433
-4697
-6240
-6918
-5002
-3102
-4352
-6030
-5453
-4745
-3816
-1113
779
-133
-894
28
1853
4065
5464
5045
4400
4209
4148
5077
6278
5337
3655
2936
1966
1013
1418
1308
-271
-1537
-2241
-2916
-2666
-2017
-2018
-2421
-2723
-2704
-1705
-385
229
620
938
896
1238
2668
3587
3136
2346
2045
2108
2340
2314
1448
-79
-1330
-1703
-1722
-2234
-3313
-4456
-6017
-6668
-4716
-2945
-4200
-5775
-5231
-4583
-3565
-967
727
-125
-778
73
1893
4065
5303
4901
4404
4199
4151
5086
6117
5120
3585
2978
2031
998
1183
1143
-217
-1530
-2289
-2834
-2712
-2276
-2088
-2214
-2626
-2796
-1803
-480
132
652
1064
946
1110
2467
3507
3226
2481
2149
2078
2143
2167
1615
240
-1172
-1744
-1783
-2259
-3206
-4275
-5810
-6607
-4844
-3055
-4050
-5552
-5177
-4593
-3548
-942
811
49
-658
130
1906
4101
5358
4955
4385
4188
4200
5140
6103
5038
3400
2856
2067
1015
976
950
-382
-1742
-2464
-2941
-2930
-2518
-2227
-2265
-2722
-2992
-2052
-580
182
645
991
914
1099
2385
3588
3520
2726
2160
2113
2327
2327
1777
565
-859
-1716
-1796
-2149
-3022
-4051
-5488
-6678
-5337
-3190
-3679
-5414
-5287
-4572
-3818
-1437
833
434
-637
-55
1622
3829
5405
5263
4512
4303
4278
5016
6174
5518
3655
2896
2300
1228
916
973
-248
-1684
-2421
-3065
-3338
-2915
-2465
-2397
-2787
-3254
-2663
-1152
-56
550
958
869
898
2002
3468
3871
3185
2310
2102
2466
2535
2039
1003
-445
-1696
-1864
-1967
-2758
-3900
-5177
-6714
-6142
-3699
-3201
-5153
-5675
-4709
-4070
-2262
483
895
-446
-252
1271
3298
5268
5740
4891
4577
4578
4875
6012
6154
4432
3263
2719
1575
920
1135
232
-1295
-2116
-2967
-3673
-3288
-2694
-2569
-2751
-3291
-3283
-1962
-537
219
739
791
600
1383
2946
3762
3385
2512
2031
2335
2610
2265
1325
3
-1360
-1743
-1740
-2314
-3495
-4766
-6373
-6386
-4154
-2963
-4599
-5722
-4998
-4268
-2749
-37
896
-297
-449
875
2706
4804
5773
5085
4612
4630
4780
5746
6343
4987
3595
2983
1939
1073
1282
687
-889
-1911
-2712
-3658
-3495
-2806
-2658
-2844
-3279
-3472
-2495
-948
3
573
713
496
1028
2546
3632
3555
2757
2093
2206
2558
2469
1670
366
-1058
-1572
-1700
-2239
-3184
-4308
-6012
-6608
-4691
-3132
-4234
-5499
-5073
-4508
-3234
-552
851
-15
-407
595
2240
4323
5655
5279
4727
4580
4615
5452
6322
5337
3819
2992
2036
1130
1272
990
-508
-1895
-2728
-3517
-3504
-2841
-2673
-2924
-3332
-3473
-2692
-1149
-70
477
692
626
1067
2349
3531
3717
3079
2231
2208
2645
2696
1953
732
-690
-1469
-1554
-1978
-2920
-4148
-5545
-6681
-5471
-3475
-3637
-5393
-5565
-4819
-3769
-1453
651
315
-612
-11
1561
3684
5457
5533
4681
4440
4508
5108
6219
6025
4348
3079
2281
1396
1241
1431
359
-1428
-2616
-3326
-3500
-2831
-2486
-2790
-3329
-3584
-3197
-1666
-238
323
480
577
853
1835
3245
3875
3390
2380
2057
2483
2790
2355
1288
-202
-1467
-1686
-1723
-2439
-3784
-5041
-6552
-6472
-4236
-3010
-4739
-6003
-5247
-4217
-2464
203
938
-340
-464
969
3080
5300
6035
5062
4511
4675
4940
6019
6658
5159
3320
2616
1856
1173
1366
915
-850
-2378
-3195
-3659
-3242
-2719
-2819
-3317
-3673
-3715
-2566
-893
-67
160
409
593
1176
2562
3694
3579
2662
2059
2284
2686
2623
1843
544
-971
-1641
-1593
-1895
-3083
-4379
-5808
-6715
-5193
-3049
-3639
-5692
-5606
-4505
-3251
-822
1166
401
-622
327
2338
4636
6157
5749
4747
4644
4840
5616
6764
5997
3819
2738
2259
1325
1163
1103
-321
-2131
-3049
-3675
-3665
-3150
-2998
-3328
-3651
-3820
-3207
-1624
-488
-42
344
618
904
2013
3422
3786
3137
2444
2279
2544
2832
2458
1193
-369
-1454
-1631
-1700
-2392
-3876
-5299
-6616
-6320
-4126
-2994
-4773
-6126
-5204
-3969
-2275
357
1213
-245
-380
1413
3624
5599
6388
5491
4748
4841
5317
6357
6752
5031
3195
2593
1878
1211
1231
500
-1352
-2672
-3379
-3752
-3421
-3017
-3180
-3521
-3672
-3515
-2368
-939
-207
117
497
771
1407
2765
3689
3392
2634
2293
2293
2603
2710
1814
137
-1182
-1668
-1682
-2012
-3135
-4652
-6101
-6988
-5466
-3092
-3528
-5922
-5948
-4587
-3464
-1128
1224
536
-747
318
2394
4620
6287
6013
4868
4846
5160
5805
6885
6236
3982
2921
2630
1777
1400
1171
-241
-1894
-2780
-3395
-3455
-3055
-3069
-3352
-3468
-3559
-3054
-1684
-613
-168
247
604
927
1890
3165
3481
2919
2358
2237
2444
2697
2258
939
-476
-1398
-1585
-1735
-2520
-4000
-5189
-6485
-6488
-4284
-2850
-4726
-6273
-5258
-4031
-2596
40
1071
-280
-522
1062
3292
5563
6274
5180
4680
5003
5319
6346
6919
5147
3251
2814
2277
1560
1456
662
-1067
-2350
-3024
-3408
-3172
-3015
-3257
-3441
-3542
-3422
-2434
-1172
-534
-70
414
691
1245
2462
3291
3137
2610
2231
2298
2624
2571
1654
378
-759
-1385
-1463
-1889
-3128
-4506
-5384
-6318
-5569
-3481
-3238
-5347
-5776
-4475
-3362
-1547
679
668
-456
105
1897
4107
5898
5841
4835
4737
5072
5543
6503
6230
4260
2982
2575
1812
1242
1019
-153
-1741
-2639
-3132
-3437
-3252
-3116
-3229
-3351
-3332
-2946
-1897
-839
-209
276
670
966
1742
2899
3334
2886
2300
2061
2246
2426
2058
930
-445
-1485
-1668
-1724
-2535
-3942
-5007
-5893
-6367
-4797
-2991
-3851
-5689
-5144
-3748
-2524
-407
1142
481
-80
1066
2936
4968
6113
5549
4910
5039
5267
5753
6399
5458
3690
2938
2407
1409
893
499
-791
-2000
-2591
-3140
-3466
-3215
-2946
-2937
-2927
-2801
-2340
-1409
-452
249
708
959
1308
2160
2993
3116
2654
2074
1758
1847
1867
1309
81
-1245
-2050
-2096
-2380
-3279
-4458
-5341
-6300
-6421
-4448
-2849
-4096
-5650
-4746
-3281
-1975
159
1462
700
177
1389
3410
5377
6130
5431
4885
4933
5142
5679
6170
5058
3423
2733
2160
1197
734
372
-803
-1967
-2608
-3070
-3215
-2870
-2611
-2611
-2576
-2407
-1900
-925
2
535
883
1237
1719
2418
2997
3048
2578
2022
1773
1756
1513
839
-273
-1437
-2220
-2442
-2833
-3601
-4656
-5531
-6466
-6544
-4655
-3036
-4056
-5460
-4698
-3407
-2055
332
1788
894
186
1401
3401
5368
6315
5694
4867
4718
4948
5557
6116
5037
3347
2482
1815
869
602
414
-715
-2102
-2859
-3267
-3201
-2707
-2442
-2502
-2570
-2435
-1795
-588
323
703
1037
1429
1894
2608
3243
3193
2596
2053
1883
1831
1574
893
-263
-1463
-2251
-2484
-2859
-3543
-4613
-5561
-6538
-6642
-4853
-3130
-3875
-5223
-4667
-3584
-2214
311
1926
1019
330
1494
3290
5165
6363
5884
4987
4796
4870
5346
5957
5012
3324
2421
1592
548
360
203
-860
-2164
-2950
-3483
-3323
-2819
-2582
-2442
-2354
-2330
-1717
-453
416
897
1411
1731
2076
2828
3354
3250
2834
2270
1804
1711
1637
957
-288
-1526
-2418
-2782
-2957
-3443
-4570
-5785
-6635
-6905
-5485
-3440
-3355
-4942
-5013
-3833
-2391
-128
1881
1480
483
1286
2998
4808
6261
6210
5167
4811
4843
5079
5692
5360
3709
2505
1690
678
230
236
-522
-1770
-2601
-3163
-3278
-2817
-2392
-2086
-1959
-2024
-1700
-639
380
1034
1585
1836
1996
2532
3018
3055
2868
2316
1595
1312
1316
794
-320
-1517
-2484
-2994
-3052
-3419
-4444
-5719
-6446
-6895
-5949
-3812
-2947
-4447
-5219
-4069
-2508
-595
1536
1867
735
874
2411
4367
6043
6371
5256
4587
4646
4847
5465
5717
4251
2568
1730
1063
458
444
15
-1181
-2219
-2702
-2942
-2629
-2159
-1791
-1749
-1880
-1734
-884
251
968
1409
1652
1843
2169
2619
2817
2727
2147
1454
1181
1086
558
-405
-1420
-2353
-2902
-2972
-3460
-4509
-5619
-6094
-6656
-6053
-3980
-2901
-4365
-5246
-3969
-2480
-864
1301
1928
806
725
2203
4153
5852
6291
5194
4455
4620
4877
5474
5764
4322
2586
1894
1373
681
598
230
-957
-2010
-2396
-2661
-2524
-2135
-1777
-1767
-1902
-1714
-888
118
683
1085
1450
1696
1983
2443
2617
2374
1830
1319
1155
984
441
-509
-1381
-2126
-2601
-2784
-3356
-4368
-5349
-5705
-6289
-5944
-4015
-2792
-4096
-5031
-3825
-2427
-986
1166
2003
947
666
2040
3968
5619
6065
5037
4306
4498
4795
5367
5565
4100
2422
1900
1462
694
484
87
-1035
-1939
-2236
-2505
-2470
-2131
-1806
-1707
-1682
-1398
-648
209
734
1175
1606
1850
2134
2526
2597
2284
1822
1341
1056
785
308
-503
-1342
-2118
-2670
-2912
-3393
-4230
-5142
-5607
-6165
-6160
-4545
-2899
-3456
-4745
-4193
-2692
-1151
752
1985
1404
690
1555
3505
5325
5923
5059
4237
4292
4589
5028
5348
4270
2552
1825
1612
959
430
46
-726
-1556
-1991
-2217
-2228
-2018
-1767
-1456
-1275
-1101
-613
230
883
1306
1708
1997
2156
2359
2472
2288
1877
1337
901
579
209
-497
-1352
-2127
-2729
-3065
-3367
-4042
-5024
-5632
-5960
-6174
-4942
-3071
-3062
-4599
-4496
-2947
-1457
272
1824
1556
576
1148
2912
4752
5725
5156
4139
4045
4345
4618
5147
4640
2893
1904
1832
1263
602
427
-97
-1017
-1582
-1813
-1928
-1755
-1511
-1117
-946
-1005
-742
122
886
1299
1681
1882
1824
2026
2338
2246
1896
1345
690
327
208
-320
-1191
-1966
-2668
-3209
-3378
-3782
-4676
-5485
-5841
-6256
-5441
-3525
-2911
-4303
-4709
-3456
-2063
-385
1455
1601
530
764
2280
4037
5372
5366
4344
3979
4226
4445
4972
4967
3508
2313
2051
1515
837
813
493
-419
-1115
-1518
-1838
-1601
-1197
-833
-758
-994
-957
-208
738
1277
1551
1541
1387
1640
2145
2211
1906
1280
478
105
160
-110
-878
-1733
-2575
-3186
-3311
-3578
-4260
-5035
-5590
-6280
-5953
-4056
-2734
-3711
-4678
-3840
-2503
-1050
1008
1901
840
422
1750
3538
4956
5502
4797
4024
4029
4360
4841
5082
4022
2649
2111
1701
955
790
735
-7
-867
-1361
-1753
-1664
-1163
-679
-566
-806
-946
-463
527
1285
1599
1534
1371
1469
1923
2160
2003
1416
549
-26
-87
-191
-740
-1554
-2488
-3289
-3540
-3655
-4099
-4706
-5281
-6084
-6478
-4997
-2900
-2930
-4314
-4194
-2969
-1755
202
1967
1550
516
1084
2708
4360
5480
5230
4250
3930
4085
4421
5030
4668
3205
2289
1987
1269
832
1022
616
-360
-1015
-1421
-1562
-1138
-600
-404
-537
-760
-639
174
993
1364
1499
1502
1348
1503
1820
1811
1477
850
96
-376
-464
-725
-1294
-2069
-2991
-3656
-3790
-3879
-4249
-4803
-5517
-6439
-5928
-3583
-2287
-3502
-4397
-3576
-2480
-876
1405
2074
846
404
1543
3354
5065
5479
4439
3743
3799
3974
4650
5110
3991
2573
2179
1757
1179
1321
1260
313
-498
-860
-1232
-1101
-522
-230
-353
-601
-727
-228
568
1025
1294
1453
1210
1110
1528
1706
1464
1049
392
-302
-435
-438
-881
-1656
-2521
-3259
-3494
-3481
-3795
-4449
-5199
-6088
-6249
-4365
-2403
-2992
-4614
-4401
-3120
-1733
359
1823
960
-233
498
2478
4399
5296
4620
3597
3517
3911
4506
5188
4643
3089
2337
2215
1752
1552
1650
998
-40
-541
-856
-1021
-654
-221
-280
-665
-934
-648
97
684
1021
1151
960
798
1236
1667
1576
1154
559
-114
-281
-161
-361
-1079
-2024
-2891
-3229
-3083
-3202
-3875
-4856
-5747
-6339
-5171
-2785
-2271
-4151
-5028
-3837
-2357
-502
1520
1451
-229
-286
1578
3711
5125
5040
3870
3379
3774
4239
5006
5157
3802
2622
2455
2021
1451
1709
1589
543
-341
-817
-1156
-864
-283
-172
-527
-1027
-1162
-407
562
930
956
868
646
816
1456
1678
1277
622
-69
-388
-304
-284
-715
-1574
-2646
-3325
-3228
-3027
-3409
-4360
-5325
-6210
-6055
-3843
-1934
-2961
-4895
-4560
-3002
-1411
729
1914
622
-523
566
2737
4631
5332
4499
3592
3719
3998
4561
5366
4799
3333
2768
2495
1701
1612
1982
1419
327
-503
-1104
-1063
-472
-148
-289
-810
-1368
-1054
53
689
769
800
648
491
937
1432
1299
764
121
-366
-523
-458
-557
-1168
-2202
-3020
-3233
-3165
-3304
-3842
-4758
-5588
-6111
-5135
-2948
-2228
-3899
-4827
-3648
-2230
-716
1201
1429
24
-53
1621
3495
4794
4964
4089
3668
3910
4200
4882
5251
4312
3200
2786
2292
1779
1975
1984
1191
177
-643
-1047
-707
-261
-145
-435
-1002
-1277
-659
200
626
814
831
538
535
1006
1293
1130
680
30
-497
-583
-426
-623
-1359
-2262
-2920
-3176
-3182
-3379
-4091
-4979
-5686
-5961
-4677
-2788
-2875
-4606
-4812
-3414
-2157
-507
1030
664
-476
139
2007
3790
4760
4504
3726
3720
4150
4560
5234
5206
4070
3183
2963
2517
2116
2248
2046
1122
77
-684
-885
-460
-155
-228
-673
-1191
-1263
-550
273
676
814
660
341
550
1155
1394
1205
705
-42
-564
-396
-172
-485
-1270
-2212
-2987
-3072
-2946
-3396
-4347
-5177
-5858
-6023
-4483
-2768
-3281
-5086
-5037
-3476
-2027
-405
821
300
-671
104
2275
4183
4812
4304
3808
4017
4383
4869
5626
5348
4071
3347
3234
2670
2292
2515
2207
962
-222
-820
-765
-307
-143
-432
-1073
-1502
-1269
-374
350
625
608
334
153
625
1199
1334
1115
521
-301
-668
-356
-168
-532
-1410
-2507
-3158
-2991
-2965
-3553
-4509
-5341
-6113
-6021
-4237
-2663
-3516
-5342
-5021
-3289
-1856
-262
901
219
-747
262
2586
4363
4922
4467
4017
4162
4509
5127
5964
5556
4203
3577
3421
2759
2601
2899
2216
683
-343
-796
-675
-224
-226
-791
-1402
-1655
-1294
-333
302
360
225
61
-6
549
1115
1183
809
200
-504
-695
-357
-218
-686
-1597
-2612
-3097
-2939
-3000
-3492
-4418
-5319
-6148
-5797
-3901
-2550
-3627
-5251
-4745
-3156
-1738
72
1129
141
-731
436
2698
4458
5128
4621
3992
4010
4433
5265
6135
5594
4234
3610
3295
2786
2872
2988
2022
596
-331
-839
-696
-253
-343
-894
-1381
-1655
-1306
-391
173
260
226
6
-109
495
1074
1052
689
174
-499
-668
-292
-167
-693
-1552
-2444
-2938
-2912
-2924
-3392
-4370
-5328
-6160
-5823
-3866
-2595
-3870
-5483
-4826
-3349
-1966
-22
956
-248
-994
361
2620
4365
5059
4559
3900
3924
4456
5423
6234
5611
4339
3754
3361
2976
3129
3084
2026
742
-209
-800
-669
-199
-327
-827
-1273
-1575
-1249
-413
94
314
438
124
-70
529
1125
1107
925
471
-328
-574
-131
46
-428
-1276
-2292
-2967
-3014
-2919
-3376
-4419
-5549
-6398
-6291
-4523
-2968
-3785
-5616
-5447
-3933
-2368
-436
777
-80
-1004
2
2251
4326
5341
4925
4092
4078
4648
5543
6482
6146
4770
3925
3630
3280
3216
3194
2284
935
-188
-860
-805
-271
-377
-887
-1292
-1638
-1528
-698
21
267
382
132
-121
309
981
1190
1168
721
-156
-532
-169
130
-112
-871
-2094
-2994
-3201
-3100
-3279
-4095
-5437
-6493
-6786
-5546
-3555
-3220
-5076
-6015
-4739
-2976
-1052
718
668
-731
-665
1481
4055
5569
5492
4529
4164
4583
5449
6656
6873
5537
4277
3922
3549
3205
3318
2863
1449
-57
-930
-1058
-564
-428
-795
-1295
-1875
-2102
-1358
-272
186
212
-61
-416
-200
644
1278
1357
824
-65
-623
-382
199
257
-526
-1869
-2942
-3307
-3109
-2927
-3592
-5074
-6297
-7006
-6224
-3851
-2663
-4489
-6229
-5278
-3424
-1480
656
1165
-395
-1005
811
3578
5534
5864
4895
4187
4385
5242
6627
7348
6260
4753
4095
3652
3228
3487
3410
2040
207
-959
-1254
-790
-371
-572
-1214
-2058
-2484
-1817
-504
144
76
-273
-650
-519
440
1338
1386
698
-114
-653
-445
280
450
-448
-1757
-2752
-3161
-2977
-2694
-3292
-4893
-6165
-6977
-6492
-4166
-2599
-4304
-6450
-5708
-3707
-1872
221
1030
-414
-1265
354
3149
5279
5842
4909
4119
4342
5236
6606
7637
6727
4999
4202
3942
3519
3699
3796
2406
367
-868
-1109
-711
-261
-480
-1228
-2105
-2449
-1773
-497
26
-180
-425
-603
-484
379
1243
1176
467
-161
-503
-363
244
414
-491
-1728
-2560
-2908
-2940
-2880
-3411
-4812
-6149
-6928
-6830
-4901
-2970
-3928
-6290
-6047
-3933
-2174
-289
1072
194
-1045
96
2898
5245
6097
5436
4544
4618
5428
6664
7818
7293
5433
4356
4135
3782
3638
3760
2627
626
-794
-1185
-934
-468
-677
-1385
-2092
-2411
-2006
-953
-321
-456
-544
-548
-478
12
760
895
548
60
-320
-404
-66
235
-244
-1281
-2254
-2812
-3084
-3131
-3460
-4457
-5790
-6668
-7148
-6134
-3856
-3287
-5328
-6256
-4576
-2743
-1121
772
1131
-181
-208
2032
4691
6171
6164
5345
4995
5441
6420
7668
7884
6331
4836
4355
4068
3631
3594
2957
1269
-349
-1134
-1248
-893
-886
-1468
-2025
-2371
-2399
-1788
-918
-663
-617
-493
-525
-405
218
750
790
577
105
-335
-371
61
164
-526
-1652
-2619
-3207
-3413
-3394
-3835
-5048
-6293
-7099
-7283
-5488
-3225
-3690
-5899
-5855
-3915
-2199
-207
1496
980
-348
496
3147
5605
6690
6230
5221
5146
5910
7093
8174
7624
5717
4519
4361
3990
3623
3460
2361
502
-776
-1240
-1168
-917
-1168
-1751
-2250
-2577
-2504
-1557
-700
-554
-538
-528
-679
-299
650
1141
967
526
-49
-397
-16
587
320
-823
-2124
-2970
-3273
-3190
-3278
-4188
-5761
-6964
-7595
-6948
-4420
-2956
-4802
-6835
-5716
-3444
-1601
447
1362
-16
-821
1009
3977
6231
6829
5785
4854
5345
6448
7743
8470
7263
5257
4462
4391
3952
3751
3404
1877
30
-984
-1303
-1079
-888
-1275
-1943
-2484
-2807
-2363
-1173
-553
-571
-565
-684
-724
47
1020
1188
857
322
-270
-271
440
725
-105
-1401
-2546
-3063
-3089
-3085
-3744
-5030
-6490
-7473
-7602
-5812
-3473
-3753
-6227
-6696
-4610
-2546
-651
1129
922
-562
-62
2562
5343
6918
6788
5595
5273
6093
7262
8426
8414
6590
4914
4447
4192
3801
3654
2805
973
-601
-1432
-1543
-1131
-1096
-1745
-2480
-2925
-2917
-2053
-1033
-730
-737
-807
-981
-589
432
1044
939
544
-107
-534
-93
608
295
-967
-2202
-3007
-3253
-3090
-3282
-4449
-6046
-7122
-7639
-6841
-4322
-2983
-4894
-6875
-5626
-3160
-1249
720
1670
447
-361
1443
4548
6848
7375
6417
5558
5852
6790
8069
8883
7775
5617
4527
4263
3862
3621
3256
1798
-165
-1461
-1904
-1567
-1214
-1622
-2422
-3037
-3300
-2830
-1643
-943
-888
-940
-1104
-1073
-168
918
1132
767
185
-388
-425
296
644
-222
-1686
-2743
-3285
-3370
-3171
-3650
-5149
-6703
-7316
-7471
-5998
-3461
-3129
-5716
-6669
-4503
-2156
-369
1506
1710
167
163
2706
5828
7476
7204
5970
5602
6235
7296
8513
8669
6810
4916
4388
4189
3682
3419
2653
884
-899
-1753
-1765
-1312
-1387
-2081
-2705
-3077
-3154
-2369
-1219
-946
-999
-886
-925
-679
435
1319
1176
717
270
-75
88
627
533
-502
-1787
-2725
-3205
-3394
-3413
-4075
-5453
-6810
-7300
-7514
-6230
-3797
-3308
-5784
-6689
-4433
-2140
-542
1350
1805
313
211
2643
5761
7434
7203
5911
5576
6264
7271
8405
8606
6709
4777
4352
4199
3576
3264
2479
643
-1031
-1699
-1767
-1429
-1439
-2110
-2787
-3076
-3053
-2322
-1178
-849
-936
-842
-727
-364
725
1492
1277
822
511
238
368
710
495
-490
-1737
-2710
-3113
-3287
-3532
-4235
-5501
-6827
-7351
-7564
-6853
-4578
-3260
-5153
-6807
-4984
-2323
-706
1139
2323
1157
244
2126
5586
7835
7901
6554
5889
6431
7361
8428
9025
7534
5150
4233
4324
3797
3108
2404
840
-1040
-1991
-2079
-1929
-1989
-2524
-3125
-3492
-3515
-2951
-1790
-1184
-1203
-1125
-846
-477
410
1362
1408
890
598
548
546
597
502
-223
-1510
-2530
-2791
-2987
-3481
-4128
-5184
-6515
-7154
-7334
-7193
-5401
-3446
-4361
-6452
-5439
-2778
-1059
753
2539
1908
496
1675
5040
7789
8462
7357
6310
6613
7465
8407
9281
8403
5851
4378
4418
3978
3063
2461
1164
-833
-2069
-2367
-2476
-2521
-2838
-3453
-3937
-4026
-3658
-2588
-1652
-1483
-1466
-1146
-766
13
1203
1602
1040
686
753
741
685
715
213
-974
-2099
-2490
-2651
-3162
-3888
-4826
-6014
-6864
-7020
-7246
-6417
-4371
-3689
-5584
-5957
-3565
-1473
-181
1844
2590
1229
1234
4017
7037
8376
8123
6997
6629
7301
8173
8981
8927
6892
4683
4186
4076
3143
2340
1406
-365
-1984
-2623
-2883
-2876
-2976
-3538
-4045
-4040
-3828
-3124
-1923
-1292
-1241
-993
-486
149
1202
1911
1630
1164
1182
1219
1047
869
505
-283
-1410
-2160
-2554
-3164
-4068
-4651
-5438
-6565
-7176
-7278
-7641
-6576
-4150
-3753
-5555
-5306
-2738
-1036
417
2562
2998
1671
2212
5103
7821
8847
8274
7080
6885
7577
8313
8960
8420
5965
3971
3719
3363
2350
1640
475
-1554
-2886
-3196
-3411
-3418
-3478
-3989
-4282
-4058
-3632
-2697
-1469
-1011
-936
-430
204
856
1788
2166
1680
1451
1608
1512
1139
693
122
-527
-1402
-2273
-2894
-3606
-4590
-5112
-5550
-6437
-7216
-7471
-7835
-6731
-3980
-2906
-4511
-4904
-2659
-653
987
3197
3998
2628
2581
5208
8093
9145
8592
7440
7016
7424
8034
8495
7999
5767
3691
3170
2804
1728
794
-191
-1865
-3142
-3601
-3925
-4027
-3886
-4010
-4144
-4015
-3680
-2828
-1518
-813
-636
-232
345
884
1679
2241
2020
1654
1488
1344
1092
664
115
-449
-1334
-2453
-3130
-3529
-4287
-4924
-5386
-6197
-7042
-7218
-7354
-6390
-3765
-2346
-3889
-4757
-2585
-226
1262
3177
4246
3140
2774
4948
7698
8892
8524
7422
6877
7074
7404
7753
7590
5727
3525
2758
2400
1244
243
-410
-1716
-3106
-3775
-4066
-4106
-3840
-3706
-3802
-3887
-3631
-2694
-1326
-631
-499
-212
328
902
1759
2399
2133
1526
1306
1313
1115
670
174
-465
-1509
-2597
-3117
-3447
-4182
-4815
-5315
-6146
-6911
-6968
-6951
-6134
-3789
-2319
-3618
-4545
-2520
9
1466
3131
4326
3504
2879
4672
7458
8887
8574
7383
6585
6577
6904
7356
7309
5532
3105
2047
1772
842
-10
-548
-1884
-3526
-4103
-3989
-3873
-3657
-3484
-3622
-3703
-3224
-2140
-888
-293
-200
107
769
1425
2159
2639
2295
1606
1422
1534
1318
705
17
-674
-1622
-2643
-3155
-3457
-4262
-5090
-5499
-6040
-6657
-6723
-6702
-6337
-4400
-2417
-2881
-3896
-2490
-215
1153
2865
4576
4139
3042
4173
6803
8478
8531
7549
6503
6134
6344
6826
6955
5543
3086
1692
1380
636
-204
-593
-1710
-3446
-4150
-3899
-3799
-3688
-3451
-3512
-3547
-3022
-2124
-1132
-393
-148
161
903
1584
1974
2333
2279
1755
1510
1684
1480
751
-80
-713
-1292
-2038
-2758
-3248
-3936
-4868
-5289
-5340
-5755
-6279
-6478
-6508
-5221
-2589
-1540
-2901
-3017
-1053
583
2088
4400
4996
3401
3149
5354
7547
8319
7835
6624
5781
5640
5940
6391
5910
3713
1676
1066
651
-147
-528
-1197
-2725
-3826
-3882
-3730
-3562
-3279
-3275
-3331
-2969
-2307
-1442
-507
-11
217
734
1302
1623
2016
2292
1989
1549
1473
1322
742
49
-401
-866
-1714
-2604
-3090
-3571
-4309
-4732
-4852
-5383
-6033
-6206
-6255
-5446
-2917
-1149
-2286
-3284
-1702
237
1587
3704
4948
3561
2550
4212
6619
7786
7676
6521
5384
5095
5405
5892
5853
4126
1839
946
866
365
-159
-740
-2064
-3271
-3520
-3313
-3137
-2874
-2917
-3079
-2878
-2247
-1409
-413
96
129
399
916
1331
1821
2312
2049
1380
1061
1082
867
388
-185
-736
-1513
-2462
-2950
-3157
-3676
-4468
-4783
-5129
-5673
-5924
-5781
-5669
-4224
-1785
-1303
-2863
-2736
-565
1077
2501
4230
4266
2739
2942
5102
7026
7595
6846
5436
4791
5062
5433
5622
4844
2711
1074
969
940
220
-459
-1396
-2600
-3132
-2917
-2896
-2869
-2800
-2907
-2856
-2201
-1353
-691
-169
-43
170
697
1317
1764
2172
2073
1452
1086
1216
1295
870
138
-601
-1098
-1712
-2311
-2628
-3087
-3983
-4652
-4715
-4989
-5434
-5568
-5652
-5588
-3696
-1313
-1509
-3206
-2464
-150
1161
2511
4209
3859
2253
2802
5150
6890
7146
6245
5022
4669
4897
5185
5451
4615
2445
1137
1199
848
-6
-426
-1207
-2378
-2865
-2839
-2977
-2822
-2684
-2771
-2561
-1908
-1429
-938
-310
-28
316
881
1330
1614
1941
1797
1365
1273
1383
1190
655
-3
-592
-996
-1546
-2078
-2438
-3096
-3969
-4345
-4415
-4872
-5242
-5336
-5650
-5105
-2728
-1180
-2351
-3296
-1712
54
1073
2915
4126
2860
1704
3118
5389
6593
6548
5506
4475
4402
4730
5122
5257
3997
1958
1159
1187
644
122
-211
-1286
-2433
-2654
-2615
-2607
-2385
-2373
-2487
-2188
-1654
-1191
-521
10
181
547
984
1231
1644
2004
1654
1167
1175
1218
854
309
-188
-610
-1171
-1846
-2209
-2523
-3348
-3982
-4029
-4317
-4938
-5176
-5483
-5654
-3902
-1566
-1737
-3279
-2831
-1209
-62
1749
3745
3185
1322
1579
3874
5851
6505
5842
4610
4020
4267
4881
5524
4916
2937
1575
1368
1101
674
523
-323
-1691
-2408
-2397
-2389
-2162
-2094
-2295
-2346
-1999
-1481
-763
-102
113
261
631
1054
1533
2033
1950
1473
1240
1347
1349
1040
391
-262
-684
-1179
-1728
-2117
-2678
-3559
-3970
-4023
-4553
-5237
-5513
-5785
-5668
-3679
-1669
-2241
-3837
-3132
-1205
161
1833
3292
2406
773
1659
4292
6141
6377
5500
4364
4091
4587
5291
5747
4809
2762
1601
1567
1309
848
611
-338
-1775
-2417
-2254
-2212
-2139
-2157
-2291
-2278
-1912
-1388
-732
-108
153
414
879
1317
1650
2025
2032
1729
1606
1692
1534
1040
419
-110
-453
-980
-1656
-2234
-2785
-3558
-4017
-4207
-4826
-5603
-5883
-6071
-5916
-3882
-1881
-2689
-4462
-3412
-1212
-5
1491
2990
2127
630
1781
4502
6335
6533
5574
4469
4457
4986
5589
6074
5171
2998
1771
1814
1524
998
707
-281
-1769
-2390
-2300
-2349
-2282
-2211
-2267
-2275
-2033
-1605
-821
-28
296
538
878
1144
1561
2229
2325
1890
1580
1472
1204
911
546
45
-613
-1464
-2152
-2470
-2883
-3668
-4210
-4690
-5377
-5861
-5960
-6298
-5511
-3182
-2176
-3698
-4400
-2694
-1103
195
2229
2976
1376
779
2816
5347
6648
6530
5380
4482
4670
5322
6111
6256
4627
2547
1914
1950
1477
1144
654
-761
-2098
-2276
-2180
-2264
-2221
-2207
-2315
-2252
-1884
-1258
-460
27
235
536
869
1246
1941
2434
2108
1564
1341
1300
1209
911
259
-439
-1109
-1914
-2411
-2601
-3219
-4222
-4744
-5098
-5555
-5876
-6070
-6307
-5018
-2860
-2535
-3921
-3877
-2214
-942
727
2763
2810
1168
1326
3678
5927
6852
6416
5181
4497
4834
5585
6324
5979
3999
2259
1954
1851
1339
1124
408
-1175
-2228
-2220
-2227
-2209
-2037
-2082
-2238
-2087
-1705
-1018
-92
336
412
658
1052
1513
2301
2616
2074
1517
1383
1364
1285
855
-68
-852
-1424
-2171
-2620
-2793
-3636
-4801
-5195
-5323
-5776
-6070
-6212
-6474
-5205
-2991
-2639
-3971
-3749
-2039
-866
803
2833
2866
1349
1626
3970
6196
7042
6424
5226
4739
5067
5724
6444
5999
3892
2243
2090
1946
1361
1101
382
-1225
-2267
-2220
-2109
-2035
-1926
-1995
-2136
-2052
-1688
-852
147
439
372
630
1068
1510
2246
2519
1898
1231
1129
1219
1063
516
-371
-1057
-1684
-2413
-2765
-2966
-3874
-4910
-5238
-5416
-5917
-6212
-6381
-6496
-4983
-2865
-2804
-4156
-3674
-1891
-617
1211
3088
2752
1330
1976
4425
6548
7307
6565
5315
4935
5421
6142
6723
6016
3835
2366
2249
2028
1461
1086
172
-1335
-2184
-2164
-2121
-2041
-1993
-2069
-2095
-1945
-1540
-738
73
299
388
668
1007
1474
2081
2141
1550
1012
874
968
782
105
-758
-1282
-1929
-2645
-2870
-3132
-4137
-5077
-5329
-5491
-5860
-6177
-6469
-6492
-4836
-2804
-2708
-3900
-3472
-1861
-456
1537
3367
2903
1511
2202
4583
6621
7439
6761
5421
4978
5583
6361
6791
5990
3878
2491
2365
2139
1528
1064
121
-1213
-1929
-1983
-2116
-2090
-2029
-2088
-1968
-1708
-1445
-920
-232
64
282
654
942
1281
1729
1703
1213
957
878
788
507
-157
-1030
-1485
-1884
-2542
-2941
-3331
-4274
-5151
-5268
-5271
-5594
-6045
-6397
-6534
-5114
-2829
-2122
-3332
-3550
-2051
-429
1411
3337
3447
2009
1978
4056
6430
7527
6966
5613
5059
5427
6071
6669
6292
4294
2596
2333
2185
1532
1155
512
-826
-1830
-2030
-2160
-2178
-1994
-1953
-1909
-1841
-1765
-1335
-535
-64
173
514
743
901
1360
1616
1289
1010
880
679
411
-117
-893
-1359
-1596
-2248
-2940
-3424
-4128
-4805
-4895
-4950
-5469
-6036
-6267
-6340
-5483
-3275
-1824
-2748
-3716
-2445
-513
959
2721
3741
2702
1897
3376
5793
7171
7147
6143
5339
5290
5661
6249
6500
5198
3170
2348
2196
1577
1198
1035
-115
-1625
-2225
-2268
-2297
-2060
-1876
-1929
-2053
-2120
-1841
-1015
-245
90
327
531
556
884
1424
1438
1112
883
586
279
-60
-601
-1150
-1429
-1961
-2774
-3285
-3782
-4394
-4701
-4774
-5228
-5811
-6063
-6050
-5783
-4362
-2307
-1942
-3102
-3049
-1166
454
1780
3356
3677
2571
2610
4511
6465
7242
6841
5932
5314
5273
5678
6329
6124
4403
2692
2104
1743
1312
1217
671
-788
-1990
-2337
-2341
-2127
-1800
-1775
-1932
-2169
-2218
-1655
-617
53
243
283
148
206
855
1377
1207
787
283
-141
-313
-467
-921
-1339
-1810
-2674
-3245
-3394
-3712
-4268
-4525
-4778
-5260
-5616
-5568
-5430
-4739
-2827
-1571
-2285
-3059
-1664
102
1142
2608
3842
3053
2194
3442
5590
6791
6826
6056
5196
4977
5296
5916
6233
5123
3119
2129
1946
1586
1356
1126
-153
-1621
-2059
-1978
-1972
-1707
-1619
-1887
-2132
-2101
-1788
-1021
-309
-116
-79
-52
-51
272
806
872
553
100
-310
-509
-630
-1040
-1437
-1600
-2251
-3070
-3284
-3179
-3602
-4069
-4266
-4612
-5128
-5167
-4893
-4557
-3154
-1556
-1735
-2873
-2006
-140
746
1786
3463
3362
2146
2715
4787
6214
6521
6031
5279
5016
5172
5508
6010
5518
3705
2436
2303
1930
1423
1285
418
-1080
-1764
-1715
-1851
-1797
-1730
-1964
-2262
-2196
-2001
-1467
-869
-611
-565
-466
-398
-132
321
475
317
-1
-380
-546
-521
-868
-1329
-1451
-1804
-2571
-2887
-2791
-3017
-3475
-3753
-4132
-4611
-4763
-4523
-4281
-3582
-2067
-1257
-2087
-2527
-959
597
1316
2514
3569
2808
2102
3386
5473
6467
6171
5325
4916
5050
5169
5554
5848
4706
2830
2232
2284
1754
1272
952
-176
-1376
-1723
-1759
-1915
-1812
-1867
-2220
-2453
-2375
-2064
-1408
-824
-732
-800
-780
-624
-139
516
588
60
-418
-502
-342
-322
-582
-1036
-1515
-2088
-2420
-2355
-2363
-2839
-3459
-3843
-4149
-4302
-4274
-4125
-4041
-3275
-2038
-1565
-2058
-1805
-593
323
1263
2690
3204
2342
2263
3709
5351
5954
5668
5084
4818
4845
5123
5652
5481
4092
2835
2519
2222
1786
1550
873
-279
-1063
-1457
-1838
-1810
-1636
-1938
-2318
-2467
-2533
-2259
-1452
-954
-943
-1044
-1038
-830
-104
509
324
-133
-301
-252
-104
138
-229
-1001
-1523
-1585
-1684
-1762
-2059
-2791
-3493
-3731
-3622
-3685
-3838
-4211
-4443
-4216
-2651
-1022
-1089
-2289
-1887
-368
709
2059
3493
3010
1659
2460
4535
5853
6138
5703
4741
4496
4946
5487
5819
5179
3493
2455
2432
2147
1706
1475
508
-896
-1627
-1834
-1946
-1723
-1866
-2466
-2876
-2968
-2853
-2059
-1188
-1184
-1514
-1517
-1241
-631
224
459
83
-197
-170
64
366
173
-441
-820
-878
-1117
-1387
-1771
-2314
-2869
-3077
-3164
-3470
-4038
-4684
-4889
-4286
-2423
-1106
-1898
-3369
-2511
-631
528
1855
3088
2245
975
2241
4710
6094
6158
5481
4725
4792
5404
5999
6352
5464
3692
2846
2934
2532
1983
1695
602
-906
-1781
-2015
-2158
-1967
-2263
-2890
-3344
-3502
-3332
-2386
-1546
-1676
-1895
-1798
-1457
-628
472
574
83
-41
165
473
823
671
67
-209
-336
-736
-975
-1204
-1747
-2424
-2713
-3026
-3603
-4272
-4693
-4735
-4115
-2614
-1727
-2535
-3524
-2417
-665
339
1489
2502
1852
1121
2499
4652
5798
5880
5338
4826
4997
5513
5943
6194
5312
3715
2909
2855
2343
1805
1435
327
-1188
-2061
-2333
-2418
-2228
-2548
-3100
-3426
-3495
-3335
-2387
-1563
-1606
-1773
-1570
-1124
-211
751
695
287
290
540
821
1101
830
167
-117
-289
-670
-810
-970
-1658
-2512
-2915
-3210
-3619
-4101
-4426
-4715
-4310
-2917
-1860
-2431
-3198
-2278
-905
-2
1387
2614
2025
1296
2458
4401
5542
5869
5479
4875
4856
5245
5764
6127
5236
3552
2725
2667
2154
1689
1283
67
-1463
-2084
-2277
-2477
-2397
-2516
-2886
-3181
-3214
-3044
-2222
-1422
-1203
-1259
-1105
-773
77
932
998
726
718
816
900
1129
907
255
-259
-405
-669
-895
-1235
-1924
-2736
-3276
-3500
-3727
-3967
-4434
-4784
-4837
-3860
-2358
-1836
-2777
-3004
-1648
-313
819
2282
2708
1572
1596
3453
5249
5939
5873
5089
4582
4960
5603
5962
5663
4230
2842
2572
2475
1863
1351
581
-735
-1715
-2135
-2395
-2278
-2197
-2618
-2997
-3152
-3195
-2626
-1515
-1076
-1222
-1206
-987
-417
616
1161
988
737
700
751
1020
1113
625
82
-178
-420
-759
-1137
-1651
-2213
-2789
-3306
-3528
-3704
-4236
-4768
-4772
-4409
-3273
-2020
-2223
-3367
-2853
-1025
219
1331
2438
2003
1026
2036
4337
5858
6107
5403
4609
4805
5532
5962
6163
5482
3718
2708
2872
2569
1818
1411
469
-1093
-2080
-2240
-2196
-2039
-2353
-3008
-3467
-3557
-3255
-2253
-1324
-1350
-1622
-1461
-959
-114
897
1190
843
534
594
904
1317
1239
610
137
-89
-497
-882
-1055
-1561
-2355
-3016
-3314
-3694
-4083
-4516
-4696
-4814
-4341
-2943
-2082
-3015
-3708
-2189
-500
293
1459
2282
1298
986
2950
5184
6025
5825
5005
4577
5185
5915
6269
6196
4891
3147
2773
3028
2408
1791
1194
-264
-1796
-2151
-2069
-2123
-2224
-2769
-3366
-3558
-3313
-2754
-1801
-1377
-1506
-1438
-950
-382
465
1192
1160
876
935
1203
1396
1584
1328
675
176
4
-347
-790
-1144
-1816
-2690
-3314
-3449
-3863
-4293
-4697
-4816
-5085
-4457
-3004
-2406
-3325
-3538
-1976
-696
131
1338
1955
1185
1459
3314
5110
5761
5551
4857
4752
5447
5984
6114
5779
4397
3066
2877
2861
2103
1493
655
-808
-1979
-2139
-2168
-2274
-2445
-2957
-3316
-3311
-3003
-2451
-1566
-1288
-1286
-1028
-464
95
906
1475
1435
1324
1508
1724
1838
1940
1575
935
389
112
-201
-697
-1332
-2068
-2682
-3360
-3714
-4003
-4348
-5019
-5235
-5319
-4717
-3278
-2471
-3334
-3985
-2503
-899
154
1282
2044
1319
1316
3067
5176
6016
5695
4965
4933
5704
6179
6210
5915
4617
3116
2810
2939
2138
1208
410
-797
-2039
-2450
-2380
-2331
-2458
-3064
-3469
-3554
-3188
-2550
-1495
-1229
-1475
-1348
-661
86
1007
1681
1450
1059
1217
1801
2120
2162
1522
660
160
112
-128
-691
-1428
-2217
-2809
-3387
-3680
-3990
-4423
-5163
-5284
-5207
-4651
-3308
-2378
-3164
-3951
-2457
-587
434
1426
2241
1607
1506
3248
5327
6144
5940
5310
5124
5768
6229
6211
5909
4708
3143
2678
2772
1998
1075
354
-815
-2054
-2429
-2360
-2374
-2499
-3068
-3444
-3344
-2876
-2369
-1619
-1268
-1367
-1098
-384
259
895
1426
1334
1128
1281
1682
1875
1784
1238
499
25
-97
-297
-861
-1672
-2423
-2921
-3459
-3856
-4012
-4302
-5001
-5402
-5145
-4754
-3539
-2317
-2396
-3573
-2856
-762
608
1394
2296
2159
1569
2687
4775
6115
6120
5518
4870
5184
5764
5958
5789
4902
3253
2327
2410
2086
1278
622
-422
-1700
-2280
-2160
-2196
-2289
-2693
-3052
-2996
-2679
-2321
-1810
-1245
-1067
-792
-328
139
543
1136
1372
1326
1320
1455
1569
1516
1213
746
390
41
-356
-806
-1369
-2030
-2529
-2954
-3569
-3953
-4153
-4464
-5011
-4879
-4700
-4153
-2996
-2183
-2825
-3223
-1656
-102
670
1433
2072
1636
1916
3441
5079
5674
5356
4662
4628
5309
5612
5515
5056
3852
2678
2521
2565
1919
1124
221
-871
-1602
-1747
-1798
-1985
-2331
-2874
-2908
-2578
-2210
-2032
-1612
-1272
-976
-538
-66
277
619
965
1166
1332
1334
1333
1321
1243
1002
674
325
-102
-558
-991
-1509
-2005
-2495
-3064
-3697
-3969
-4150
-4397
-4846
-4789
-4784
-4108
-2743
-1917
-2751
-3094
-1639
-262
637
1651
2184
1601
1904
3286
4864
5625
5463
4686
4645
5238
5511
5565
5327
4110
2996
2829
2761
2033
1338
473
-603
-1303
-1563
-1813
-2043
-2351
-2795
-2708
-2535
-2330
-2175
-1657
-1343
-1014
-529
-149
78
473
898
1053
1311
1424
1417
1298
1190
994
761
436
12
-340
-718
-1366
-2068
-2500
-2974
-3592
-3851
-4052
-4589
-5240
-5190
-5011
-4445
-3007
-2137
-3000
-3690
-2250
-633
423
1517
2054
1305
1342
2937
4772
5775
5596
4761
4482
5181
5672
5924
5864
4636
3179
2833
2892
2292
1648
873
-347
-1424
-1847
-2013
-2118
-2277
-2814
-2946
-2965
-2832
-2468
-1736
-1360
-1240
-947
-552
-80
571
1181
1349
1462
1548
1752
1927
1898
1631
1416
1057
588
252
28
-583
-1424
-2121
-2691
-3279
-3685
-3940
-4511
-5261
-5605
-5501
-5346
-4119
-2830
-3092
-4199
-3297
-1510
-538
603
1860
1584
1036
2350
4293
5602
5888
5379
4810
5290
5863
6046
6281
5598
3888
3045
3118
2573
1850
1298
120
-1278
-1962
-2188
-2417
-2473
-3008
-3402
-3358
-3198
-2926
-2220
-1713
-1714
-1351
-697
-101
529
1256
1465
1604
1895
2245
2478
2509
2204
1871
1676
1322
824
414
-109
-1006
-1760
-2336
-2963
-3775
-4295
-4655
-5277
-5935
-5974
-5979
-5918
-4674
-3229
-3490
-4400
-3284
-1577
-523
899
2325
2011
1590
2848
4879
6268
6601
5916
5266
5623
6109
6423
6647
5640
3758
2960
2955
2434
1793
1078
-363
-1751
-2255
-2392
-2597
-2703
-3189
-3418
-3326
-3095
-2726
-1941
-1424
-1219
-671
-105
399
1098
1899
2079
2159
2384
2553
2599
2577
2344
1853
1382
799
267
-149
-734
-1708
-2655
-3316
-3914
-4614
-5048
-5413
-6073
-6719
-6644
-6496
-6020
-4482
-3106
-3762
-4483
-2955
-999
251
1819
2930
2192
1909
3503
5733
7056
7144
6020
5340
5791
6344
6703
6815
5354
3304
2660
2718
2148
1554
689
-940
-2249
-2610
-2704
-2761
-2742
-3272
-3523
-3399
-3061
-2517
-1473
-975
-827
-374
212
825
1717
2469
2447
2408
2555
2692
2729
2745
2316
1676
1119
537
-27
-459
-1089
-2194
-3224
-3894
-4349
-5001
-5470
-5912
-6450
-6950
-6779
-6533
-5992
-4396
-3051
-3558
-4063
-2373
-494
618
2149
3319
2660
2451
4100
6132
7286
7306
6333
5761
6209
6535
6681
6738
5250
3171
2641
2707
1812
1043
273
-1224
-2468
-2802
-3035
-3193
-3080
-3508
-3759
-3431
-3027
-2603
-1552
-869
-748
-310
440
1111
1885
2544
2538
2461
2593
2689
2715
2716
2190
1401
905
390
-278
-860
-1430
-2480
-3532
-4251
-4677
-5217
-5786
-6099
-6465
-6787
-6818
-6322
-6063
-4751
-3006
-2616
-3507
-2530
-415
751
2053
3631
3663
2789
3869
5832
7289
7570
6925
5987
6005
6353
6494
6681
5660
3506
2376
2432
1795
993
475
-852
-2339
-2878
-2939
-3179
-2992
-3137
-3544
-3395
-2824
-2317
-1529
-652
-417
-74
557
1268
1889
2580
2682
2484
2454
2567
2561
2511
2157
1346
633
46
-548
-1184
-1735
-2660
-3748
-4578
-5071
-5464
-5919
-6158
-6521
-6912
-7088
-6465
-6006
-5381
-3714
-2294
-2755
-3145
-1201
781
1863
3150
4243
3627
3474
5081
6958
7775
7404
6345
5785
6191
6449
6461
6108
4416
2493
1953
1910
1155
526
-217
-1642
-2801
-3195
-3153
-2967
-2663
-3022
-3131
-2846
-2351
-1676
-485
186
178
456
1080
1804
2460
2939
2689
2373
2275
2378
2360
2169
1490
583
-60
-610
-1210
-1878
-2581
-3586
-4525
-5054
-5373
-5692
-6145
-6333
-6617
-6760
-6621
-5838
-5319
-4739
-3011
-1582
-1902
-2300
-224
1676
2528
3632
4850
4171
3737
5305
7062
7607
7046
6072
5438
5855
6104
5918
5466
3893
1943
1358
1598
914
72
-635
-1861
-2970
-3228
-2902
-2741
-2517
-2796
-2795
-2494
-1869
-1140
-102
407
278
575
1235
1946
2399
2772
2381
1943
1827
2017
1978
1598
828
-128
-673
-1164
-1695
-2410
-3118
-4116
-4899
-5217
-5447
-5755
-6146
-6232
-6369
-6241
-5924
-5265
-4779
-4214
-2559
-900
-769
-1316
157
1999
2864
3860
5177
4779
3861
4900
6566
7308
6943
6159
5281
5285
5466
5405
5188
3959
2007
1092
1344
862
126
-461
-1506
-2683
-2897
-2521
-2353
-2108
-2286
-2412
-2152
-1464
-870
-52
531
464
576
1129
1747
2059
2378
2103
1580
1331
1471
1349
952
322
-499
-1216
-1711
-2089
-2655
-3292
-4030
-4670
-5099
-5258
-5411
-5623
-5813
-5740
-5551
-5267
-4908
-4240
-3771
-3030
-1337
-68
-368
-530
1081
2371
2991
4138
4912
4004
3620
4786
5972
6473
6196
5196
4465
4613
4670
4639
4537
3201
1461
1103
1262
761
350
-91
-1224
-2069
-2003
-1735
-1485
-1253
-1591
-1706
-1298
-825
-382
373
717
506
659
1113
1454
1707
1837
1412
996
862
819
598
265
-353
-1094
-1613
-1945
-2246
-2722
-3280
-3797
-4175
-4456
-4583
-4611
-4781
-4923
-4769
-4585
-4403
-4085
-3369
-3146
-2328
-734
64
-708
-506
1149
2043
2572
3660
3842
2730
3001
4293
5302
5603
5150
4079
3796
4230
4378
4510
4273
2726
1489
1650
1706
1209
1025
427
-811
-1417
-1196
-1048
-881
-894
-1439
-1496
-1190
-828
-406
161
46
-204
33
434
703
1004
948
358
134
218
305
155
-147
-812
-1362
-1581
-1728
-2029
-2522
-3007
-3351
-3596
-3836
-3970
-4041
-4306
-4392
-4218
-4103
-4092
-3844
-3223
-3064
-2084
-656
-285
-1230
-656
1042
1794
2316
3324
3265
2312
3006
4427
5405
5507
4986
4169
4258
4768
4900
5053
4640
3087
2209
2558
2442
1794
1477
728
-461
-991
-766
-776
-875
-1199
-1704
-1732
-1603
-1384
-976
-596
-898
-1025
-743
-373
-87
314
244
-224
-244
-23
177
228
57
-519
-929
-1033
-1126
-1385
-1791
-2218
-2618
-2965
-3215
-3302
-3432
-3797
-3987
-3963
-3976
-4034
-3772
-3309
-3316
-2449
-1107
-791
-1689
-1000
541
1137
1761
2960
3056
2208
2887
4283
5397
5652
5368
4738
4801
5165
5307
5639
5238
3671
2717
2944
2681
1996
1567
633
-645
-1252
-1116
-1340
-1639
-2092
-2579
-2643
-2512
-2344
-2017
-1672
-1840
-1763
-1358
-896
-580
-109
20
-137
37
342
614
714
611
185
-124
-241
-395
-718
-1201
-1707
-2238
-2684
-2989
-3155
-3498
-4021
-4277
-4353
-4366
-4397
-4067
-3865
-3810
-2746
-1404
-1348
-1999
-942
419
1047
1999
3297
3198
2684
3632
5107
6209
6475
6153
5669
5858
6128
6266
6509
5707
4033
3241
3335
2776
2043
1381
142
-1139
-1670
-1712
-2130
-2442
-2967
-3369
-3351
-3134
-2969
-2581
-2180
-2184
-1944
-1424
-906
-517
28
218
224
439
781
1044
1035
860
471
181
-36
-309
-769
-1365
-1949
-2571
-3105
-3498
-3747
-4210
-4645
-4808
-4981
-4941
-4797
-4285
-4251
-3685
-2254
-1205
-1616
-1552
17
1091
1827
3072
4080
3474
3585
4843
6204
6910
6928
6377
6020
6247
6343
6488
6329
4945
3325
2924
2757
1916
1265
410
-984
-2116
-2402
-2477
-2775
-2989
-3507
-3654
-3530
-3243
-2914
-2256
-1966
-1935
-1615
-1067
-576
-34
492
433
407
568
962
1136
1071
718
244
-118
-351
-599
-1065
-1684
-2380
-3009
-3543
-3788
-3946
-4321
-4661
-4793
-4894
-4764
-4384
-3806
-3724
-2992
-1440
-591
-1036
-579
1049
1950
2655
4001
4730
3993
4252
5504
6612
7080
6948
6271
5826
5927
5950
6025
5610
4025
2492
2161
1878
1069
435
-513
-1896
-2897
-3004
-2989
-3091
-3295
-3762
-3756
-3469
-3081
-2574
-1854
-1654
-1600
-1225
-642
-122
450
751
546
523
710
1035
1114
964
488
-54
-408
-628
-894
-1344
-1978
-2686
-3218
-3634
-3754
-3848
-4107
-4406
-4431
-4325
-4173
-3741
-3094
-2962
-2443
-910
32
-324
-14
1507
2316
2795
4057
4834
4180
4174
5204
6148
6588
6443
5785
5273
5248
5150
5141
4870
3418
1909
1555
1389
632
8
-761
-1972
-2866
-2915
-2845
-2940
-3090
-3462
-3343
-3012
-2672
-2291
-1693
-1483
-1359
-954
-463
-118
255
532
451
524
646
833
801
674
326
-58
-391
-667
-968
-1385
-1857
-2428
-2787
-3137
-3268
-3412
-3566
-3761
-3740
-3536
-3455
-3184
-2746
-2360
-1950
-680
217
17
-70
1109
2127
2597
3528
4220
3787
3473
4393
5398
5893
5762
5188
4632
4582
4673
4656
4415
3277
1839
1333
1298
747
121
-534
-1623
-2481
-2554
-2426
-2606
-2726
-2973
-3023
-2744
-2466
-2250
-1877
-1642
-1536
-1189
-748
-482
-290
48
147
231
376
529
562
476
282
7
-278
-584
-798
-1101
-1507
-1959
-2281
-2542
-2716
-2797
-2955
-3123
-3129
-3137
-3012
-2703
-2373
-2391
-1708
-419
193
-317
-77
1010
1549
2172
3360
3808
2989
3045
4004
4985
5407
5391
4786
4336
4366
4482
4745
4432
3131
1916
1681
1460
917
556
-221
-1425
-2192
-2260
-2264
-2355
-2629
-2974
-3027
-2939
-2807
-2474
-2003
-2074
-2022
-1601
-1235
-920
-427
-79
-100
17
256
595
842
903
637
361
175
-60
-129
-321
-760
-1421
-1723
-1932
-2062
-2191
-2385
-2755
-3068
-3001
-2936
-2705
-2535
-2346
-2401
-1527
-390
-212
-802
-80
1023
1247
2066
3267
3159
2367
3132
4235
4924
5231
5056
4375
4230
4494
4510
4656
4017
2568
1830
1893
1365
726
441
-694
-1882
-2202
-2135
-2524
-2690
-2949
-3354
-3349
-3143
-2972
-2585
-2188
-2297
-1990
-1476
-1044
-595
88
245
297
634
1024
1330
1551
1539
1157
994
819
669
473
116
-610
-1172
-1399
-1665
-1885
-2166
-2605
-3180
-3330
-3262
-3174
-3104
-3068
-3129
-2951
-1786
-860
-1064
-1436
-365
450
957
2146
3088
2529
2230
3374
4422
5187
5401
4974
4296
4492
4720
4811
4758
3783
2462
2076
1933
1192
677
84
-1196
-2024
-2196
-2463
-2902
-2990
-3349
-3605
-3395
-3233
-3029
-2587
-2215
-2119
-1555
-1092
-612
7
631
752
1017
1444
1688
1899
2017
1946
1532
1333
1044
868
499
-68
-760
-1223
-1643
-2059
-2254
-2601
-3204
-3667
-3685
-3781
-3714
-3483
-3484
-3656
-2681
-1454
-1299
-1721
-880
132
592
1642
2939
2890
2318
3088
4290
5186
5524
5279
4668
4551
4689
4870
4958
4173
2731
2057
1919
1293
604
85
-943
-1972
-2393
-2617
-2914
-3073
-3382
-3600
-3491
-3327
-3158
-2616
-2144
-1945
-1516
-1004
-530
59
829
1129
1347
1615
1892
2123
2320
2277
1931
1611
1236
943
688
256
-434
-1044
-1586
-2154
-2448
-2675
-3104
-3664
-3900
-4090
-4180
-3932
-3586
-3773
-3426
-2123
-1399
-1794
-1471
-93
464
991
2355
3108
2438
2667
3934
4952
5448
5419
4867
4550
4745
4801
4961
4643
3253
2079
1918
1582
763
221
-546
-1692
-2340
-2578
-2810
-3027
-3204
-3537
-3495
-3349
-3232
-2802
-2159
-1792
-1494
-998
-577
-19
750
1345
1575
1790
1969
2179
2474
2597
2294
1898
1533
1132
774
449
-117
-750
-1340
-2019
-2520
-2807
-3173
-3648
-3921
-4144
-4431
-4459
-4154
-3940
-3988
-3131
-1994
-1711
-2072
-1175
28
495
1321
2591
2767
2268
3077
4312
5208
5506
5372
4771
4716
4976
5060
5098
4447
3058
2227
2075
1535
816
283
-630
-1679
-2186
-2416
-2713
-2858
-3123
-3391
-3257
-3211
-3100
-2605
-2005
-1671
-1237
-781
-404
130
881
1435
1705
1881
2032
2282
2507
2545
2304
1901
1493
1097
731
332
-260
-919
-1504
-2105
-2657
-3063
-3452
-3842
-4221
-4434
-4609
-4639
-4609
-4306
-4227
-3620
-2357
-1649
-2017
-1694
-323
413
1150
2482
3091
2446
2841
4163
5204
5741
5781
5147
4724
5026
5137
5173
4884
3544
2266
2006
1657
766
275
-381
-1542
-2338
-2562
-2878
-3059
-3037
-3323
-3310
-3149
-3113
-2749
-1863
-1362
-1039
-516
-93
294
1100
1856
2047
2182
2254
2405
2683
2793
2460
1995
1508
1034
658
313
-288
-1154
-1837
-2406
-2901
-3301
-3666
-4124
-4567
-4808
-4914
-4840
-4739
-4568
-4342
-4135
-3039
-1718
-1301
-1634
-807
335
1060
2127
3452
3457
2906
3738
4899
5792
6124
5888
5041
4849
4994
4996
5016
4328
2757
1781
1527
800
107
-269
-1171
-2288
-2845
-3107
-3371
-3266
-3268
-3431
-3299
-3164
-2933
-2202
-1313
-870
-392
38
462
1087
1971
2374
2499
2568
2534
2680
2909
2757
2181
1655
1145
699
246
-194
-988
-1866
-2562
-2955
-3347
-3767
-4163
-4567
-4947
-5102
-4924
-4728
-4666
-4533
-4114
-3726
-2566
-1316
-891
-1067
-314
781
1619
2748
3813
3783
3358
4077
5072
5952
6248
5827
5021
4723
4740
4762
4779
3955
2421
1434
986
409
-35
-477
-1551
-2514
-2949
-3170
-3262
-3106
-3208
-3416
-3141
-2840
-2460
-1786
-1008
-597
-83
438
887
1450
2097
2389
2495
2655
2574
2571
2562
2359
1853
1367
873
301
-215
-716
-1412
-2145
-2753
-3214
-3625
-4026
-4366
-4626
-4872
-4982
-4862
-4680
-4652
-4476
-3805
-3397
-2667
-1249
-437
-712
-460
947
1879
2618
3740
4189
3520
3684
4831
5751
6171
5884
5114
4473
4562
4573
4561
4182
2676
1178
803
618
-83
-464
-1189
-2367
-2972
-2914
-2991
-3039
-2873
-3130
-3010
-2560
-2226
-1791
-889
-345
-31
536
995
1330
1863
2452
2482
2525
2432
2292
2284
2230
1800
1240
751
72
-504
-845
-1241
-2127
-2788
-3271
-3653
-4044
-4293
-4458
-4714
-4875
-4851
-4541
-4451
-4312
-3955
-3251
-2897
-1751
-338
2
-339
430
1691
2331
3397
4387
4163
3545
4235
5104
5784
6094
5572
4595
4273
4341
4248
4275
3468
1725
706
514
39
-452
-819
-1920
-2847
-3006
-3036
-3118
-2884
-2909
-3103
-2712
-2335
-2013
-1349
-514
-123
369
799
1101
1520
2126
2473
2547
2505
2206
2111
2168
2018
1538
1028
329
-337
-728
-1048
-1647
-2386
-2970
-3541
-3879
-4050
-4228
-4457
-4628
-4640
-4586
-4246
-3996
-3760
-3444
-2729
-2203
-1303
-3
693
511
772
2006
2794
3498
4308
4547
3934
3997
4670
5315
5612
5181
4268
3689
3619
3433
3364
2888
1469
225
-171
-380
-808
-1121
-1761
-2564
-2950
-2942
-2758
-2532
-2343
-2407
-2173
-1831
-1419
-862
-100
421
693
1013
1283
1590
1968
2341
2334
2170
1885
1653
1572
1425
1049
458
-115
-736
-1168
-1558
-2011
-2559
-3103
-3634
-3948
-3992
-4130
-4200
-4235
-4117
-4092
-3779
-3410
-3029
-2656
-2086
-1597
-937
302
1163
1146
1149
2054
2621
3131
4040
4461
3782
3433
3890
4401
4817
4639
3815
3048
2844
2666
2687
2541
1396
126
-394
-555
-851
-905
-1321
-2071
-2452
-2407
-2250
-2009
-1700
-1730
-1495
-1168
-818
-462
133
607
1029
1351
1404
1522
1805
2084
2074
2026
1698
1239
976
924
649
152
-399
-1004
-1518
-1839
-2124
-2532
-3019
-3511
-3872
-3929
-3884
-3861
-3820
-3720
-3667
-3514
-3075
-2617
-2239
-1835
-1356
-1026
-188
993
1561
1313
1562
2133
2454
3094
3993
3906
3109
3003
3424
3970
4295
3925
3043
2562
2357
2261
2479
2065
771
-119
-297
-570
-703
-672
-1315
-1946
-1973
-1792
-1806
-1477
-1356
-1340
-1013
-598
-418
-142
343
718
1189
1362
1326
1337
1611
1666
1719
1638
1198
703
533
436
117
-258
-827
-1405
-1800
-1954
-2214
-2544
-2981
-3360
-3549
-3474
-3369
-3295
-3210
-3127
-3052
-2871
-2388
-1939
-1620
-1334
-882
-610
155
1217
1703
1291
1391
1894
2159
2710
3470
3312
2396
2341
2792
3343
3562
3272
2422
1973
1868
1907
2138
1795
715
-44
-103
-264
-289
-200
-693
-1293
-1331
-1159
-1119
-823
-725
-812
-645
-391
-293
-58
397
585
737
732
675
686
906
899
821
678
302
4
-46
-114
-413
-696
-1124
-1520
-1696
-1722
-1901
-2161
-2394
-2592
-2642
-2532
-2411
-2373
-2262
-2152
-2168
-2046
-1644
-1323
-1161
-861
-612
-547
173
1097
1280
789
925
1267
1529
2100
2726
2422
1691
1766
2302
2933
3127
2842
2176
1897
1885
2110
2375
2000
1062
495
418
293
286
280
-242
-830
-1053
-998
-904
-699
-774
-927
-908
-890
-789
-456
-71
-35
-3
-34
-28
97
392
456
379
242
32
-7
90
56
-144
-360
-704
-1014
-1078
-1087
-1263
-1481
-1695
-1895
-2024
-1985
-1967
-1963
-1979
-1931
-2040
-1975
-1735
-1526
-1412
-1135
-971
-1005
-332
571
765
326
522
907
1239
1845
2552
2382
1814
1940
2529
3208
3496
3232
2655
2409
2378
2502
2748
2341
1352
742
603
309
145
55
-520
-1167
-1510
-1608
-1630
-1435
-1513
-1651
-1605
-1567
-1474
-1090
-631
-466
-325
-246
-123
111
504
704
757
724
614
663
824
836
643
458
142
-185
-329
-424
-680
-988
-1252
-1556
-1781
-1885
-1961
-2055
-2147
-2170
-2237
-2233
-2101
-1960
-1831
-1617
-1324
-1310
-883
-76
449
198
263
759
1099
1526
2270
2560
2063
2042
2472
3045
3387
3383
2882
2509
2394
2302
2421
2288
1502
721
486
172
-136
-177
-491
-1106
-1537
-1715
-1829
-1667
-1567
-1650
-1609
-1527
-1462
-1158
-676
-406
-228
-82
40
228
587
853
963
1020
986
978
1055
1096
952
814
581
242
-24
-229
-465
-771
-1013
-1359
-1641
-1845
-1918
-2000
-2059
-2117
-2203
-2239
-2184
-2030
-1913
-1722
-1537
-1428
-1257
-605
43
149
23
389
762
1042
1693
2295
2126
1809
2056
2443
2862
3087
2866
2367
2124
1981
1960
2097
1709
938
455
219
-120
-190
-244
-698
-1183
-1459
-1600
-1549
-1307
-1306
-1303
-1242
-1207
-1024
-577
-205
1
208
278
387
681
1022
1163
1268
1245
1137
1121
1167
1064
907
735
370
34
-227
-468
-787
-1012
-1335
-1669
-1939
-2089
-2150
-2178
-2194
-2272
-2288
-2305
-2153
-2005
-1833
-1705
-1481
-1419
-1108
-393
175
97
103
514
806
1219
1947
2321
1979
1800
1972
2394
2837
2959
2532
2110
1871
1739
1891
2003
1433
675
303
49
-181
-161
-369
-915
-1329
-1503
-1528
-1327
-1166
-1274
-1266
-1169
-1042
-734
-223
50
241
453
603
796
1127
1383
1477
1551
1484
1370
1337
1294
1093
907
654
251
-107
-360
-661
-999
-1278
-1610
-1969
-2241
-2373
-2399
-2436
-2484
-2518
-2474
-2423
-2250
-2082
-1956
-1767
-1497
-1356
-1031
-310
142
87
137
585
885
1290
1913
2214
1926
1726
1898
2314
2729
2743
2386
2012
1802
1707
1928
1975
1408
718
409
205
37
26
-236
-758
-1109
-1172
-1128
-959
-923
-1047
-1021
-850
-676
-396
-27
158
331
567
755
900
1118
1263
1343
1412
1349
1189
1071
959
766
588
309
-78
-429
-683
-963
-1237
-1507
-1821
-2121
-2304
-2353
-2332
-2371
-2419
-2395
-2298
-2187
-2000
-1858
-1773
-1555
-1276
-1089
-753
-164
102
34
144
557
822
1154
1611
1791
1567
1444
1653
2028
2339
2304
2045
1795
1701
1703
1896
1864
1382
855
666
543
416
353
121
-280
-524
-548
-553
-499
-496
-552
-538
-397
-313
-210
-27
159
308
447
521
539
621
749
876
895
782
578
450
382
305
140
-139
-481
-768
-950
-1110
-1276
-1505
-1757
-1955
-2005
-1976
-1952
-1995
-2017
-2001
-1945
-1804
-1650
-1599
-1537
-1319
-1129
-935
-546
-170
-155
-168
117
468
730
1107
1420
1409
1321
1468
1810
2163
2317
2191
2016
1948
1963
2050
2122
1861
1350
1025
909
768
647
484
137
-210
-367
-440
-482
-470
-514
-599
-581
-508
-464
-360
-189
-57
26
103
159
246
394
552
625
580
476
407
387
345
222
-14
-317
-577
-746
-907
-1094
-1282
-1508
-1727
-1834
-1847
-1874
-1920
-1937
-1957
-2000
-1958
-1832
-1757
-1691
-1528
-1368
-1239
-928
-497
-296
-269
-48
312
620
1021
1465
1626
1581
1705
2045
2418
2654
2641
2470
2346
2325
2376
2420
2232
1752
1311
1089
915
739
555
202
-218
-475
-592
-664
-691
-762
-896
-935
-871
-799
-700
-562
-463
-384
-261
-123
11
170
316
419
471
471
461
451
402
292
127
-100
-340
-526
-708
-924
-1096
-1254
-1469
-1647
-1723
-1766
-1804
-1802
-1817
-1897
-1935
-1867
-1765
-1664
-1512
-1382
-1299
-1074
-648
-295
-157
-14
260
556
923
1396
1711
1755
1790
2017
2335
2604
2705
2595
2407
2293
2284
2298
2200
1854
1385
1041
831
655
473
199
-186
-502
-672
-744
-770
-818
-935
-1011
-979
-899
-799
-683
-590
-523
-403
-238
-87
50
172
272
356
407
427
418
366
270
156
13
-167
-356
-542
-729
-895
-1025
-1188
-1375
-1495
-1545
-1561
-1569
-1600
-1670
-1730
-1711
-1615
-1501
-1390
-1299
-1214
-1033
-694
-319
-80
48
206
439
752
1143
1482
1632
1670
1770
1976
2214
2384
2385
2237
2077
1996
1975
1936
1766
1425
1053
775
581
417
223
-44
-343
-578
-707
-751
-773
-823
-885
-897
-858
-780
-669
-556
-463
-361
-225
-97
15
132
238
323
389
423
422
382
313
231
139
18
-138
-313
-485
-647
-794
-936
-1102
-1263
-1377
-1437
-1480
-1525
-1581
-1645
-1680
-1650
-1567
-1470
-1378
-1286
-1156
-935
-637
-335
-90
94
264
487
783
1105
1377
1550
1646
1748
1903
2089
2230
2254
2164
2030
1926
1865
1793
1637
1373
1055
762
528
340
152
-69
-317
-544
-698
-781
-822
-838
-847
-848
-830
-776
-685
-564
-431
-305
-198
-106
-11
100
219
327
395
414
396
358
317
267
195
87
-55
-217
-376
-523
-660
-802
-960
-1118
-1252
-1345
-1403
-1445
-1496
-1553
-1595
-1592
-1534
-1440
-1339
-1244
-1126
-958
-729
-459
-200
10
181
365
602
878
1146
1346
1472
1563
1677
1830
1972
2042
2010
1908
1795
1716
1650
1543
1356
1098
827
593
412
256
87
-112
-315
-479
-578
-619
-623
-618
-624
-625
-599
-532
-425
-305
-205
-133
-78
-15
69
163
243
279
274
243
206
171
129
61
-36
-154
-287
-411
-525
-638
-758
-884
-1006
-1113
-1193
-1247
-1281
-1308
-1332
-1343
-1332
-1288
-1211
-1117
-1016
-908
-781
-621
-430
-227
-32
139
295
464
651
849
1019
1151
1244
1319
1403
1483
1541
1548
1498
1417
1336
1266
1187
1080
931
762
603
476
377
283
178
60
-40
-105
-130
-131
-128
-131
-133
-123
-86
-37
12
44
54
56
61
72
76
62
22
-36
-102
-169
-236
-312
-402
-495
-589
-678
-758
-831
-904
-975
-1035
-1079
-1115
-1139
-1155
-1161
-1155
-1137
-1108
-1068
-1023
-965
-893
-807
-706
-596
-476
-348
-210
-66
78
218
355
490
622
751
866
962
1044
1112
1170
1216
1242
1252
1242
1222
1194
1162
1119
1061
996
925
859
794
724
643
561
478
400
329
266
202
140
82
33
-4
-35
-65
-98
-128
-154
-179
-204
-230
-264
-303
-348
-394
-445
-498
-554
-610
-665
-718
-767
-811
-852
-885
-912
-931
-946
-955
-952
-944
-929
-906
-878
-843
-798
-742
-677
-603
-521
-434
-341
-241
-136
-31
73
174
275
377
479
576
667
748
822
890
949
1001
1039
1064
1076
1077
1068
1050
1026
988
937
878
814
747
679
613
540
470
403
343
288
238
189
145
107
73
45
24
4
-19
-42
-68
-96
-126
-161
-200
-249
-305
-362
-422
-484
-548
-614
-686
-754
-818
-875
-927
-974
-1016
-1051
-1077
-1089
-1091
-1082
-1066
-1044
-1011
-969
-920
-863
-802
-731
-653
-567
-477
-383
-280
-173
-62
58
174
289
407
521
634
742
840
929
1005
1070
1125
1169
1200
1211
1207
1193
1167
1135
1093
1041
983
920
854
790
722
658
593
527
462
399
337
278
220
164
107
55
3
-51
-102
-150
-197
-247
-294
-342
-389
-443
-496
-552
-606
-661
-720
-784
-846
-903
-958
-1003
-1046
-1081
-1108
-1126
-1131
-1125
-1108
-1082
-1049
-1005
-948
-884
-809
-724
-635
-539
-435
-321
-205
-84
37
160
280
399
517
624
728
826
911
987
1055
1115
1163
1201
1220
1233
1230
1214
1186
1150
1104
1047
980
905
826
746
667
586
506
425
347
275
208
146
87
35
-18
-68
-117
-161
-202
-243
-285
-326
-366
-405
-445
-486
-529
-572
-615
-657
-693
-734
-770
-808
-841
-867
-891
-910
-926
-939
-945
-941
-929
-909
-879
-843
-800
-750
-685
-617
-541
-461
-386
-300
-211
-117
-21
75
172
268
367
462
554
641
723
798
867
929
982
1026
1058
1084
1099
1104
1103
1095
1076
1050
1010
962
909
847
779
708
628
544
456
369
285
200
117
34
-46
-119
-190
-255
-317
-377
-431
-482
-528
-574
-618
-656
-691
-718
-745
-771
-790
-809
-823
-835
-845
-850
-851
-847
-840
-828
-814
-794
-769
-738
-703
-662
-622
-576
-524
-464
-397
-325
-249
-173
-91
-3
87
179
266
351
436
515
595
673
744
812
873
925
972
1010
1039
1061
1074
1080
1076
1061
1036
1004
964
916
860
801
737
669
596
517
435
349
262
176
88
0
-86
-173
-255
-335
-408
-478
-546
-605
-661
-709
-753
-792
-825
-853
-877
-892
-901
-909
-910
-906
-897
-880
-859
-834
-803
-770
-733
-691
-648
-598
-548
-493
-435
-377
-315
-254
-191
-127
-64
0
67
132
195
262
326
391
457
520
580
637
689
740
784
822
856
881
906
925
935
941
940
930
915
891
862
831
792
746
696
636
575
507
436
366
289
215
139
60
-17
-97
-172
-249
-325
-397
-466
-535
-595
-652
-706
-753
-796
-833
-863
-888
-905
-912
-923
-921
-915
-909
-888
-864
-837
-803
-763
-722
-674
-622
-564
-504
-445
-380
-315
-247
-175
-108
-39
29
99
168
236
299
360
418
475
532
583
628
669
710
744
775
805
824
839
850
855
861
856
845
831
810
784
757
721
681
637
587
536
479
416
358
292
228
162
89
20
-51
-119
-187
-256
-319
-383
-446
-504
-557
-607
-653
-696
-735
-770
-800
-820
-838
-848
-855
-858
-854
-844
-827
-803
-777
-746
-708
-673
-627
-577
-525
-469
-412
-351
-286
-222
-155
-83
-17
52
118
184
255
314
376
438
489
543
594
636
680
713
742
771
788
807
820
819
819
810
798
786
758
734
703
664
625
578
530
484
428
374
315
253
193
131
68
9
-54
-118
-175
-234
-288
-340
-391
-439
-485
-527
-564
-599
-628
-653
-676
-695
-705
-712
-717
-715
-711
-704
-689
-672
-651
-624
-599
-566
-530
-494
-450
-407
-363
-317
-270
-222
-169
-119
-69
-20
30
82
132
182
230
275
319
362
401
440
475
503
533
556
578
597
609
621
626
626
623
617
609
596
579
558
535
510
480
449
412
378
343
305
263
222
182
137
97
54
13
-27
-68
-106
-146
-181
-215
-249
-279
-311
-339
-366
-391
-410
-433
-448
-461
-476
-485
-493
-498
-499
-499
-495
-491
-481
-470
-458
-441
-424
-406
-386
-363
-337
-313
-284
-257
-228
-198
-167
-134
-104
-74
-41
-7
26
57
89
120
150
181
208
236
260
284
310
330
350
365
380
395
407
418
427
431
430
431
430
427
422
416
407
395
383
366
349
331
313
292
267
244
218
191
164
135
106
78
48
20
-8
-38
-65
-94
-122
-147
-175
-201
-226
-250
-271
-292
-312
-330
-345
-359
-369
-380
-384
-394
-399
-399
-398
-395
-388
-382
-373
-362
-350
-334
-317
-298
-276
-256
-234
-209
-185
-158
-129
-105
-79
-52
-24
3
31
56
80
104
128
151
174
196
215
232
246
260
273
285
293
301
305
308
312
313
312
310
305
299
290
282
272
262
251
238
222
206
187
169
153
131
112
91
71
51
33
12
-11
-29
-50
-68
-86
-104
-123
-142
-160
-175
-187
-201
-211
-220
-228
-234
-238
-242
-244
-245
-246
-243
-240
-235
-228
-219
-209
-199
-187
-174
-159
-142
-126
-110
-92
-74
-56
-37
-19
-3
14
34
51
66
81
95
109
123
134
146
157
165
173
180
185
191
194
196
197
196
194
193
189
184
175
169
161
153
142
131
121
110
97
85
72
59
44
29
16
1
-13
-30
-42
-54
-68
-81
-93
-105
-115
-123
-134
-143
-151
-157
-162
-168
-169
-171
-173
-173
-172
-169
-167
-162
-156
-151
-144
-136
-128
-116
-108
-96
-83
-72
-59
-47
-35
-22
-8
5
16
29
39
50
60
71
79
87
95
104
109
115
119
126
128
132
134
135
137
136
137
134
133
131
128
122
117
111
105
100
93
84
77
68
60
52
43
35
26
16
8
-1
-8
-16
-25
-33
-40
-46
-50
-57
-65
-68
-74
-78
-83
-88
-93
-96
-100
-102
-105
-106
-109
-109
-109
-110
-110
-111
-110
-109
-106
-104
-101
-98
-93
-90
-87
-80
-75
-69
-63
-56
-49
-44
-35
-30
-22
-16
-9
-1
6
15
24
30
38
45
53
61
66
72
77
83
87
93
96
99
101
102
105
106
107
109
111
111
112
112
109
106
102
99
93
91
86
82
78
71
65
59
52
47
39
34
30
25
21
14
7
-2
-10
-18
-24
-30
-36
-39
-42
-43
-47
-52
-57
-60
-66
-70
-72
-76
-76
-76
-77
-80
-82
-82
-81
-80
-78
-77
-74
-72
-72
-72
-72
-71
-69
-66
-59
-54
-49
-44
-40
-35
-32
-29
-25
-19
-12
-6
-1
4
11
13
18
19
22
28
30
35
40
47
53
58
60
61
61
56
53
49
47
48
48
50
52
55
53
52
49
43
38
33
29
27
26
24
21
19
15
11
7
4
1
-3
-5
-6
-8
-11
-16
-20
-25
-27
-31
-30
-29
-28
-26
-27
-28
-32
-35
-37
-40
-42
-42
-42
-39
-39
-37
-35
-33
-29
-26
-23
-20
-20
-20
-19
-20
-19
-19
-14
-10
-2
5
7
7
7
7
9
11
15
20
24
29
31
33
32
30
30
28
29
30
33
36
40
44
45
47
47
45
40
37
32
26
23
20
16
16
17
16
17
15
12
9
3
-2
-6
-8
-9
-9
-10
-9
-11
-15
-17
-20
-21
-23
-25
-26
-25
-23
-24
-25
-26
-27
-28
-29
-28
-28
-24
-24
-23
-22
-25
-24
-25
-27
-28
-29
-27
-26
-23
-20
-18
-14
-12
-11
-13
-13
-11
-13
-13
-11
-11
-6
-1
2
5
4
4
1
1
0
4
5
9
12
13
15
14
15
13
13
12
13
16
18
22
23
25
27
28
29
27
25
24
23
22
20
19
18
16
17
16
17
16
16
15
16
13
11
10
10
9
7
9
9
5
5
5
3
1
-1
-2
-1
-1
-2
0
-1
-3
-3
-4
-6
-6
-7
-10
-9
-10
-10
-12
-13
-13
-14
-15
-18
-17
-16
-17
-15
-14
-15
-14
-15
-18
-18
-20
-22
-22
-21
-19
-17
-14
-13
-15
-14
-16
-16
-16
-14
-11
-9
-7
-7
-5
-5
-5
-3
-2
-1
1
2
5
8
9
11
12
12
14
14
14
14
13
15
15
15
13
13
13
13
13
15
14
15
16
14
15
15
13
13
12
10
10
9
9
8
7
7
6
6
4
6
4
2
3
2
2
2
1
0
0
0
-2
-2
-2
-3
-3
-5
-4
-5
-6
-7
-7
-9
-9
-7
-9
-8
-6
-7
-6
-6
-6
-6
-6
-6
-5
-5
-6
-5
-4
-4
-5
-5
-4
-5
-5
-3
-4
-2
-2
-2
-3
-3
-2
-1
-4
-2
-1
-1
0
-1
-1
0
-1
0
0
1
2
3
2
1
3
2
0
0
0
2
2
2
3
4
5
4
5
5
4
6
6
3
1
1
2
1
1
-1
-3
-4
-2
0
-2
1
0
2
3
4
3
4
4
1
2
0
0
-2
-1
-1
-1
-2
-1
-1
0
0
1
1
1
2
2
0
1
3
2
0
0
-2
-2
-1
-2
-1
-2
1
2
1
1
1
1
1
1
-2
-1
-1
-2
-3
-2
-3
-3
-2
-1
-1
-1
0
1
-1
-2
-3
-2
-4
-3
-4
-1
1
0
1
0
1
1
0
1
1
0
0
-3
-3
-3
-2
-1
0
1
1
1
2
0
0
-1
-1
-1
-1
0
0
0
0
0
1
0
-1
-1
0
0
-1
1
1
1
1
0
0
0
0
0
-1
0
1
0
0
1
1
1
1
0
-1
-1
-1
-2
-1
-1
0
0
0
1
1
2
1
0
0
0
1
1
1
0
1
0
0
-2
0
0
-1
0
0
1
1
-1
0
0
3
1
0
1
-1
1
1
1
0
0
1
2
1
1
2
0
3
3
0
1
0
0
-1
0
0
0
-1
-1
-1
1
0
2
0
-1
-1
-1
1
3
2
1
-1
-1
-1
-3
-2
-4
-2
-2
-3
-1
0
0
0
0
-1
2
2
1
1
0
-1
-1
-1
-1
-1
-1
-1
0
2
-1
-1
0
2
1
0
0
-1
0
0
0
0
1
1
1
2
0
1
2
1
1
2
3
3
0
1
3
1
2
2
1
1
1
1
1
0
1
1
1
0
0
1
0
-2
-2
-3
-2
-1
-2
-1
-2
-2
-3
-3
-3
-4
-3
-4
-3
-1
-1
0
1
1
3
2
2
3
0
-1
-2
-2
-2
-3
-3
-1
-1
-2
2
1
1
1
1
1
0
-1
-1
-2
-2
0
1
1
1
2
3
4
2
2
1
3
2
0
-1
1
2
1
1
1
1
1
0
2
2
2
1
2
2
0
1
2
3
1
2
0
2
2
1
1
-1
1
-1
0
-2
-2
0
-1
-1
0
0
0
-1
-2
1
1
-1
0
0
-1
-1
0
0
-1
0
0
-2
-1
0
0
-1
0
-1
1
0
0
-1
0
0
0
0
0
-1
-1
-1
0
1
-1
-1
0
1
-1
0
1
0
1
1
0
-1
0
0
-1
-2
-2
-2
0
-1
1
0
0
0
-1
-2
-2
-2
-1
-2
-2
-2
-1
-1
-1
1
0
1
1
3
1
1
1
2
2
0
1
0
-1
-1
-1
0
-1
-1
1
0
2
1
2
2
3
2
2
1
1
0
-1
0
1
1
1
0
-2
0
0
-1
-1
-1
0
0
1
0
2
1
1
1
0
-1
0
1
1
2
1
2
0
1
0
2
1
1
1
1
1
1
2
0
0
1
0
0
0
-2
-2
-1
-2
0
0
0
0
-1
0
-1
-2
-2
-2
-3
-2
-2
1
1
1
0
-1
0
0
-1
-1
0
0
0
0
-1
-1
0
-2
0
1
1
1
0
-1
-2
0
2
0
1
0
-3
-1
0
-1
-2
0
-2
-1
0
0
0
2
1
2
2
1
2
2
1
0
1
-1
-1
1
0
0
1
-1
-1
-1
-2
0
-1
-1
0
1
1
1
-1
0
1
-1
0
-1
-1
0
0
1
2
1
2
1
2
1
2
1
1
0
-1
-1
0
0
0
0
1
0
-1
-1
0
0
1
0
1
0
0
-1
0
1
0
0
-1
-1
-1
-2
-2
-2
-1
-1
-1
0
-1
1
0
-1
-1
0
0
0
1
0
0
0
1
0
1
-1
-1
0
-2
0
-1
-2
0
-1
0
-1
-1
0
0
1
0
0
0
0
-1
-1
0
-1
0
0
0
-1
0
0
0
-1
-1
0
0
0
-1
-1
0
-2
1
1
0
-1
0
-1
0
0
1
1
0
1
0
0
1
0
0
0
0
2
0
1
1
0
1
1
1
2
2
1
2
1
0
0
0
0
-1
0
-1
-1
-1
-2
0
-1
1
0
0
1
2
0
1
0
0
0
1
1
1
2
1
2
2
2
2
0
-1
-1
-1
-1
0
-1
0
0
-1
-2
1
1
1
2
1
