SAMPLES:	17237
BITSPERSAMPLE:	16
CHANNELS:	1
SAMPLERATE:	16000
NORMALIZED:	FALSE
-1
-1
-2
0
1
1
0
-2
-1
-1
0
0
0
0
-1
0
1
-1
1
2
-1
2
1
-1
0
1
-1
0
1
1
-2
0
-1
-3
1
1
0
0
0
0
-1
1
0
-2
-2
0
0
1
1
1
-1
0
2
-1
0
-1
-1
1
1
2
0
-1
2
0
1
4
2
0
1
1
1
1
3
1
0
3
2
1
3
1
-1
1
1
-1
0
1
-1
0
0
0
1
1
-1
1
1
1
1
0
-1
0
1
1
0
0
2
1
1
1
0
-1
1
1
-1
0
-1
1
0
0
1
-2
0
-2
0
1
0
-1
-1
1
0
0
0
-3
-1
-1
-1
0
-1
-2
-1
0
0
-2
0
0
-2
-2
1
-1
0
0
-1
-1
1
1
-1
-2
0
-2
0
2
1
-1
-1
-2
-1
0
0
-1
-1
1
1
2
1
-1
0
1
0
0
-1
1
-1
-2
1
0
-2
-1
0
0
-1
0
0
-1
-1
0
1
-1
-1
0
-2
-1
-1
-1
-1
0
1
1
-1
1
-1
1
0
0
1
0
1
-1
1
0
0
1
-1
0
0
0
-1
0
1
-1
1
1
1
1
1
1
1
1
1
1
1
0
0
-1
0
1
2
0
1
0
0
1
2
-1
0
1
1
1
1
2
-1
-1
1
2
0
-1
0
-1
0
1
1
-1
-1
1
2
2
2
0
-1
0
0
1
0
-1
0
0
0
0
-2
-1
0
1
0
-1
1
0
-1
0
-1
0
-1
1
1
1
-1
-1
-1
-1
0
0
-1
-1
-2
0
0
-1
-1
0
-2
-1
-1
0
-1
-1
1
0
-1
0
0
-2
-1
0
-1
-1
0
1
0
-1
0
0
-2
0
-1
0
0
-1
0
1
0
-1
1
0
-1
0
0
0
0
0
-1
-1
0
0
0
2
0
-1
0
1
-1
-1
0
1
-2
-1
0
-1
-1
1
0
1
2
2
1
-1
-1
0
-1
-1
-2
1
0
0
1
0
-1
-1
-1
0
0
-1
0
0
0
0
0
1
0
0
0
2
1
2
1
0
1
1
1
1
0
2
0
2
0
-1
-1
-1
0
1
1
0
0
1
-1
-1
2
0
0
0
1
1
0
-2
-1
-2
-1
0
0
-1
-2
2
1
1
1
0
-1
0
1
1
-1
0
0
0
2
1
0
0
0
0
0
1
0
0
0
1
1
0
-1
0
-1
-1
1
0
-2
-1
0
0
1
1
-1
-2
-2
2
2
0
0
0
-2
-3
-1
1
0
-1
0
0
0
-1
-2
0
-1
-1
0
0
-2
-1
0
0
0
-1
2
0
-1
1
0
-1
1
3
0
-2
-1
-1
0
0
1
-1
-2
-1
1
-1
-2
-1
-2
-1
-1
1
0
-2
0
4
3
1
3
2
1
1
4
2
-1
-1
3
2
-1
0
2
-3
-2
1
0
-4
-7
-2
-4
-5
-5
-5
-5
-5
-1
-1
-2
-1
1
2
5
4
3
4
4
5
5
5
6
3
2
5
4
2
1
0
1
-1
-2
-2
-3
-6
-4
-2
-3
-4
-3
-4
-4
-2
-2
-2
-3
-2
-2
-1
0
0
-1
1
2
2
3
4
4
3
3
5
3
4
4
1
2
3
2
1
2
2
0
0
0
0
0
-2
-2
-2
-2
-2
-2
-3
-3
-4
-1
-2
-4
-3
-4
-1
-2
-1
-1
-2
-2
1
2
0
0
1
2
0
3
3
-1
1
2
4
2
2
1
1
2
2
2
1
0
2
1
-1
-1
0
1
1
1
-1
0
0
0
0
0
-1
-1
0
0
0
-1
0
-1
-1
0
1
1
-2
-1
-1
-2
-2
-1
-1
0
2
1
0
0
1
-2
-1
-1
-1
0
0
1
1
2
1
1
0
0
0
-1
-1
-1
0
0
-1
-1
0
1
1
0
-1
-2
0
0
1
-1
-1
-2
0
0
0
-1
0
0
-2
-1
0
0
0
1
1
0
-1
-2
0
1
1
1
1
-1
2
0
-1
1
1
1
-1
1
3
1
0
-1
1
-1
1
2
2
1
1
1
1
2
1
0
1
1
1
1
0
1
0
1
0
-1
-2
-1
-2
-2
-3
-2
-2
-2
-2
-2
-3
-1
-2
-2
-3
-2
-1
-2
0
-1
-1
-2
-1
0
0
0
1
0
0
-1
0
1
-1
0
-1
-1
0
1
1
0
0
1
2
2
0
1
1
3
3
3
3
2
1
2
3
1
1
1
0
0
-1
0
0
-2
-2
-1
-2
0
-2
-1
1
0
-1
-1
-1
-1
-1
0
1
0
1
2
1
0
1
2
3
2
1
2
0
0
1
1
1
2
1
2
0
0
0
0
-1
0
-1
-2
-1
-1
0
-1
-2
-2
-2
-1
-2
-2
-1
-1
0
-1
0
0
-1
-1
-1
0
0
0
1
1
1
0
0
1
-1
-1
0
0
0
-1
-1
-1
-1
-1
-2
-1
-1
0
-2
-2
0
0
-1
-1
0
0
-1
0
0
0
1
1
0
1
1
1
2
1
1
2
1
1
4
4
2
2
2
-1
2
1
0
1
1
1
1
2
2
1
-1
1
1
0
1
1
-1
-1
0
-1
0
-1
-2
-1
-1
-3
-2
-2
-2
-1
-1
-1
-1
-1
0
-1
-2
-2
-2
-1
-2
-2
0
-1
-2
-2
-2
-1
1
-1
-2
-2
-1
-1
-1
-3
-2
-1
0
-1
0
0
0
-1
-1
0
0
1
-1
1
0
1
2
1
2
2
2
2
3
1
0
-1
-1
0
0
1
2
0
2
1
1
0
-2
0
-1
0
1
0
0
-1
-1
-1
0
-1
1
-1
0
0
1
2
1
2
3
2
3
3
5
4
3
3
4
5
4
4
4
3
4
2
3
3
2
2
0
-1
-1
-1
-2
-1
-3
-5
-5
-7
-7
-7
-8
-8
-8
-8
-8
-8
-7
-7
-7
-7
-5
-3
-5
-3
-3
-4
-6
-7
-7
-8
-6
-5
-2
0
1
5
10
12
16
22
26
30
35
39
44
45
48
49
50
50
50
49
46
44
40
36
30
25
19
11
4
-2
-11
-22
-31
-40
-52
-60
-69
-77
-88
-94
-100
-105
-112
-113
-112
-110
-111
-107
-99
-95
-87
-79
-65
-53
-41
-26
-6
4
19
36
53
67
81
98
112
121
133
146
154
157
162
166
162
159
156
150
138
127
115
101
83
68
50
31
11
-6
-26
-44
-56
-71
-88
-100
-108
-120
-134
-143
-147
-161
-169
-173
-176
-184
-188
-186
-182
-183
-177
-171
-163
-158
-150
-140
-131
-123
-109
-94
-75
-53
-31
-4
24
56
84
113
146
176
205
229
256
276
293
307
323
326
332
333
333
324
320
311
299
279
272
257
237
220
211
195
169
151
138
114
77
49
22
-24
-82
-121
-170
-234
-300
-344
-396
-457
-509
-536
-573
-612
-634
-633
-651
-664
-660
-642
-644
-632
-603
-566
-548
-506
-448
-393
-345
-274
-194
-130
-61
21
98
150
226
304
372
413
502
571
627
675
777
839
884
945
1045
1084
1106
1160
1227
1217
1201
1233
1240
1173
1110
1097
1023
896
787
712
558
369
212
75
-148
-369
-554
-733
-972
-1181
-1350
-1520
-1722
-1878
-1993
-2113
-2243
-2316
-2356
-2403
-2434
-2390
-2323
-2245
-2138
-1946
-1732
-1510
-1251
-914
-586
-265
76
468
816
1118
1433
1761
2020
2205
2405
2589
2696
2721
2778
2795
2739
2606
2522
2391
2194
1942
1750
1519
1249
958
734
494
241
4
-165
-318
-478
-607
-686
-732
-797
-841
-875
-864
-905
-956
-998
-1005
-1086
-1189
-1272
-1313
-1438
-1575
-1658
-1700
-1818
-1932
-1947
-1936
-1996
-2017
-1919
-1805
-1754
-1652
-1416
-1204
-1049
-826
-492
-209
4
286
656
934
1140
1400
1714
1901
2025
2195
2385
2435
2421
2475
2512
2419
2293
2227
2135
1933
1745
1615
1442
1227
1022
896
722
546
402
298
178
67
-25
-120
-221
-312
-435
-563
-679
-824
-1004
-1199
-1356
-1538
-1749
-1949
-2067
-2223
-2384
-2491
-2521
-2573
-2644
-2605
-2506
-2413
-2330
-2157
-1896
-1692
-1456
-1149
-773
-462
-170
209
618
940
1211
1541
1877
2086
2256
2463
2657
2698
2696
2777
2788
2677
2537
2485
2351
2115
1930
1792
1584
1330
1128
1018
798
609
474
376
226
96
14
-94
-237
-374
-505
-638
-824
-1018
-1202
-1407
-1615
-1826
-2015
-2206
-2359
-2511
-2609
-2705
-2755
-2796
-2803
-2746
-2662
-2529
-2414
-2211
-1978
-1724
-1431
-1115
-746
-392
-44
354
754
1112
1412
1726
2052
2282
2460
2634
2791
2835
2832
2854
2844
2710
2567
2460
2307
2092
1883
1718
1527
1285
1110
960
781
605
466
364
231
116
-9
-124
-243
-384
-516
-646
-810
-988
-1166
-1338
-1510
-1712
-1886
-2045
-2186
-2343
-2456
-2550
-2646
-2734
-2770
-2757
-2777
-2742
-2690
-2525
-2442
-2246
-1981
-1700
-1420
-1082
-640
-226
136
573
1018
1407
1747
2096
2497
2712
2927
3131
3313
3371
3387
3431
3428
3281
3160
3052
2902
2644
2431
2257
1999
1712
1483
1300
1044
777
597
432
180
-19
-169
-313
-549
-718
-873
-1055
-1293
-1495
-1668
-1895
-2140
-2321
-2509
-2704
-2896
-3038
-3158
-3302
-3361
-3435
-3459
-3474
-3425
-3286
-3220
-2977
-2722
-2408
-2097
-1686
-1162
-767
-304
198
743
1193
1596
2087
2552
2827
3136
3444
3721
3785
3899
4017
4033
3894
3779
3707
3503
3219
2999
2775
2448
2106
1843
1592
1259
967
739
518
253
51
-110
-304
-512
-686
-864
-1083
-1336
-1550
-1795
-2067
-2345
-2575
-2831
-3054
-3269
-3417
-3592
-3702
-3802
-3864
-3896
-3919
-3812
-3721
-3538
-3344
-3007
-2677
-2315
-1844
-1354
-870
-408
121
722
1220
1686
2170
2676
3050
3365
3737
4004
4188
4238
4395
4430
4315
4158
4045
3882
3588
3321
3054
2767
2358
2017
1729
1416
1053
757
533
296
44
-152
-318
-515
-747
-947
-1168
-1423
-1684
-1952
-2227
-2529
-2806
-3036
-3244
-3438
-3585
-3714
-3745
-3867
-3832
-3906
-3797
-3709
-3550
-3349
-3161
-2753
-2505
-2045
-1600
-1092
-642
-224
355
926
1380
1847
2316
2847
3132
3491
3836
4090
4190
4222
4436
4376
4231
4070
3974
3755
3419
3166
2950
2564
2128
1785
1515
1103
692
440
189
-77
-372
-486
-679
-928
-1148
-1321
-1542
-1817
-2060
-2294
-2608
-2909
-3161
-3345
-3568
-3730
-3836
-3867
-3895
-3913
-3852
-3880
-3654
-3562
-3269
-3183
-2808
-2505
-2187
-1717
-1232
-673
-323
168
798
1337
1755
2231
2802
3249
3478
3904
4223
4462
4407
4604
4713
4574
4400
4278
4169
3809
3491
3314
3010
2550
2126
1874
1484
1004
684
443
150
-210
-400
-548
-827
-1107
-1284
-1485
-1783
-2053
-2265
-2553
-2899
-3179
-3405
-3626
-3855
-3983
-4057
-4071
-4070
-3992
-4006
-3870
-3654
-3425
-3223
-3020
-2586
-2366
-1984
-1513
-931
-518
-160
453
1073
1499
1909
2493
3065
3323
3656
4100
4399
4440
4492
4740
4655
4453
4297
4245
3944
3526
3335
3105
2671
2175
1917
1616
1118
743
526
305
-69
-324
-440
-683
-987
-1195
-1317
-1604
-1906
-2122
-2341
-2657
-2989
-3218
-3459
-3706
-3909
-4039
-4080
-4157
-4081
-4109
-4056
-3838
-3644
-3341
-3250
-2756
-2513
-2159
-1747
-1148
-654
-339
215
882
1381
1756
2257
2930
3278
3517
3974
4339
4485
4401
4680
4703
4510
4245
4226
4025
3587
3264
3108
2737
2174
1815
1606
1157
697
430
287
-34
-368
-478
-641
-930
-1171
-1232
-1410
-1720
-1980
-2118
-2372
-2694
-2943
-3120
-3377
-3611
-3732
-3754
-3852
-3852
-3844
-3832
-3655
-3511
-3175
-3143
-2734
-2456
-2125
-1748
-1235
-672
-411
90
729
1276
1637
2022
2707
3142
3302
3713
4105
4360
4179
4442
4595
4465
4159
4100
4067
3645
3259
3122
2872
2296
1842
1681
1322
797
474
340
75
-350
-473
-575
-852
-1149
-1220
-1316
-1649
-1971
-2125
-2366
-2719
-3033
-3199
-3480
-3777
-3890
-3918
-3969
-4037
-4000
-3988
-3821
-3680
-3371
-3300
-2967
-2650
-2321
-1928
-1441
-828
-536
-39
613
1228
1604
1988
2660
3179
3340
3726
4143
4457
4297
4511
4736
4662
4351
4216
4256
3856
3418
3226
3032
2474
1958
1780
1494
947
580
451
224
-227
-398
-454
-705
-1065
-1185
-1257
-1595
-1981
-2196
-2412
-2805
-3179
-3380
-3648
-3971
-4149
-4183
-4198
-4274
-4239
-4202
-3986
-3854
-3560
-3419
-3058
-2716
-2369
-1933
-1431
-819
-466
53
715
1356
1754
2185
2840
3392
3595
3975
4387
4702
4599
4772
4946
4870
4527
4318
4321
3901
3409
3116
2880
2346
1799
1596
1333
804
421
316
127
-276
-466
-497
-686
-1055
-1203
-1269
-1572
-1977
-2218
-2385
-2757
-3162
-3361
-3582
-3862
-4127
-4162
-4189
-4251
-4261
-4201
-3948
-3831
-3565
-3399
-2940
-2622
-2228
-1778
-1223
-657
-281
257
934
1550
1922
2392
3034
3528
3747
4108
4478
4741
4623
4792
4874
4753
4353
4167
4104
3621
3121
2770
2491
1937
1401
1216
930
440
85
22
-125
-478
-624
-632
-760
-1085
-1215
-1257
-1535
-1894
-2103
-2210
-2556
-2926
-3076
-3239
-3458
-3728
-3736
-3812
-3834
-3942
-3804
-3605
-3466
-3292
-3108
-2612
-2378
-1966
-1575
-980
-552
-236
284
933
1406
1727
2173
2825
3154
3403
3710
4109
4257
4132
4351
4392
4227
3847
3780
3656
3152
2696
2394
2108
1524
1066
911
601
183
-139
-108
-264
-537
-645
-609
-724
-1006
-1106
-1162
-1439
-1765
-1950
-2088
-2443
-2787
-2946
-3105
-3310
-3540
-3595
-3649
-3708
-3853
-3648
-3530
-3301
-3275
-2911
-2473
-2231
-1799
-1384
-686
-422
-19
555
1168
1542
1859
2422
3023
3224
3546
3855
4293
4242
4250
4467
4409
4205
3879
3896
3578
3083
2670
2407
2017
1440
1059
871
499
119
-120
-89
-306
-521
-567
-555
-717
-966
-1016
-1143
-1435
-1721
-1884
-2088
-2446
-2749
-2902
-3080
-3272
-3457
-3528
-3535
-3739
-3685
-3611
-3415
-3324
-3234
-2734
-2510
-2121
-1783
-1139
-667
-358
203
815
1302
1673
2092
2784
3122
3425
3753
4147
4382
4274
4506
4496
4408
4103
3957
3811
3340
2906
2548
2211
1737
1206
948
576
215
-130
-254
-354
-634
-735
-784
-858
-1091
-1238
-1292
-1542
-1818
-2046
-2238
-2513
-2860
-3054
-3254
-3434
-3603
-3728
-3706
-3866
-3887
-3748
-3665
-3448
-3456
-2997
-2728
-2406
-2037
-1493
-909
-617
-54
613
1163
1588
2042
2709
3214
3474
3893
4250
4574
4494
4678
4750
4628
4397
4158
4049
3610
3127
2751
2384
1928
1363
1040
676
223
-120
-345
-441
-739
-902
-922
-977
-1134
-1312
-1305
-1454
-1703
-1894
-2067
-2281
-2592
-2814
-2980
-3168
-3338
-3487
-3466
-3563
-3711
-3510
-3427
-3199
-3216
-2888
-2507
-2293
-1934
-1522
-894
-604
-205
473
1045
1476
1841
2450
3072
3298
3675
4033
4408
4372
4424
4592
4489
4305
4005
3931
3604
3074
2665
2288
1912
1308
933
605
149
-239
-517
-588
-848
-1091
-1128
-1137
-1222
-1407
-1429
-1470
-1681
-1843
-2005
-2148
-2421
-2623
-2801
-2919
-3074
-3230
-3261
-3275
-3490
-3400
-3258
-3073
-3004
-2919
-2447
-2262
-1916
-1610
-1030
-609
-339
267
888
1394
1749
2205
2928
3264
3554
3919
4310
4478
4371
4560
4527
4416
4073
3930
3754
3269
2783
2343
2006
1446
945
622
209
-225
-567
-676
-828
-1114
-1213
-1219
-1229
-1398
-1462
-1462
-1600
-1772
-1918
-2013
-2261
-2460
-2630
-2728
-2859
-2995
-3087
-3054
-3244
-3326
-3170
-3088
-2908
-3011
-2600
-2394
-2138
-1825
-1418
-873
-654
-162
459
1003
1444
1818
2489
3009
3285
3675
4013
4417
4356
4503
4586
4532
4305
4056
3957
3614
3148
2699
2315
1853
1252
859
495
1
-384
-639
-741
-1033
-1242
-1291
-1309
-1455
-1596
-1606
-1677
-1896
-2039
-2132
-2314
-2568
-2721
-2782
-2921
-3011
-3124
-3065
-3122
-3319
-3132
-3101
-2863
-2959
-2703
-2324
-2219
-1827
-1547
-934
-661
-300
359
902
1377
1757
2347
2963
3242
3640
3938
4366
4431
4467
4664
4575
4434
4133
4024
3757
3316
2927
2512
2111
1510
1034
714
202
-221
-583
-730
-976
-1289
-1383
-1421
-1521
-1702
-1743
-1760
-1962
-2131
-2232
-2351
-2597
-2783
-2843
-2946
-3050
-3133
-3150
-3069
-3264
-3160
-3042
-2901
-2821
-2816
-2298
-2193
-1861
-1574
-1067
-621
-407
217
817
1274
1648
2116
2769
3085
3396
3723
4063
4282
4198
4427
4382
4273
3992
3848
3685
3259
2902
2516
2166
1672
1155
857
414
-20
-437
-641
-801
-1149
-1307
-1368
-1382
-1565
-1633
-1640
-1733
-1917
-2056
-2124
-2322
-2528
-2650
-2708
-2805
-2906
-2986
-2930
-2970
-3083
-2874
-2823
-2655
-2724
-2397
-2054
-1909
-1553
-1238
-653
-431
-9
650
1142
1546
1902
2493
3009
3231
3606
3882
4263
4238
4340
4446
4345
4200
3920
3865
3502
3099
2703
2311
1941
1375
988
584
125
-304
-690
-803
-1137
-1400
-1541
-1587
-1680
-1857
-1873
-1935
-2045
-2224
-2332
-2432
-2654
-2796
-2883
-2923
-3004
-3082
-3090
-2985
-3119
-2984
-2856
-2712
-2631
-2554
-2065
-1922
-1563
-1309
-785
-396
-153
447
977
1439
1788
2235
2859
3161
3492
3782
4125
4322
4271
4454
4364
4302
4020
3880
3677
3219
2844
2400
2064
1556
1053
684
196
-192
-647
-857
-1089
-1443
-1615
-1779
-1811
-1994
-2062
-2113
-2204
-2336
-2491
-2558
-2714
-2876
-2968
-3010
-3071
-3087
-3118
-2989
-3031
-2987
-2798
-2696
-2483
-2477
-2047
-1814
-1502
-1174
-797
-291
-74
424
973
1479
1900
2299
2884
3296
3600
3942
4201
4496
4453
4562
4540
4441
4236
3989
3822
3420
2990
2566
2168
1718
1153
760
298
-123
-534
-849
-1039
-1412
-1628
-1818
-1875
-2017
-2125
-2174
-2256
-2396
-2528
-2615
-2709
-2888
-3007
-3040
-3106
-3124
-3129
-3039
-2998
-3023
-2805
-2696
-2461
-2404
-2099
-1756
-1533
-1121
-808
-282
7
411
978
1490
1949
2361
2870
3358
3625
3992
4236
4525
4549
4559
4603
4467
4308
4037
3828
3510
3066
2636
2206
1760
1234
763
362
-96
-488
-854
-1080
-1393
-1671
-1851
-1949
-2062
-2181
-2259
-2314
-2473
-2611
-2724
-2802
-2949
-3109
-3139
-3187
-3211
-3233
-3168
-3082
-3106
-2943
-2783
-2583
-2448
-2283
-1872
-1680
-1278
-969
-474
-70
248
802
1295
1779
2173
2638
3167
3507
3849
4145
4447
4598
4573
4666
4562
4438
4186
3936
3690
3255
2804
2341
1890
1395
860
448
-39
-481
-896
-1203
-1467
-1801
-2003
-2156
-2271
-2383
-2485
-2526
-2678
-2816
-2938
-3009
-3100
-3242
-3258
-3274
-3276
-3268
-3208
-3075
-3052
-2927
-2709
-2543
-2314
-2227
-1799
-1596
-1230
-891
-453
46
306
838
1303
1777
2172
2606
3154
3567
3899
4231
4521
4785
4759
4885
4813
4690
4457
4161
3941
3511
3057
2578
2137
1668
1113
704
236
-221
-637
-984
-1199
-1554
-1773
-1953
-2070
-2184
-2324
-2400
-2545
-2696
-2822
-2929
-3016
-3160
-3220
-3237
-3251
-3207
-3185
-3046
-3017
-2929
-2693
-2558
-2285
-2243
-1848
-1627
-1308
-942
-565
-44
190
680
1149
1593
2010
2419
2985
3435
3755
4110
4380
4689
4676
4807
4768
4627
4399
4087
3859
3438
2980
2519
2062
1595
1030
601
176
-299
-708
-1080
-1291
-1652
-1903
-2078
-2199
-2310
-2492
-2601
-2727
-2892
-3008
-3148
-3244
-3402
-3505
-3506
-3518
-3454
-3422
-3269
-3204
-3161
-2879
-2723
-2413
-2347
-1996
-1665
-1399
-982
-657
-123
127
564
1077
1504
1959
2327
2886
3381
3673
4052
4297
4617
4651
4725
4751
4584
4405
4092
3896
3545
3098
2680
2190
1762
1204
755
381
-85
-480
-877
-1095
-1422
-1684
-1835
-1955
-2035
-2233
-2355
-2457
-2620
-2745
-2921
-3021
-3186
-3322
-3344
-3363
-3312
-3289
-3159
-3050
-3041
-2738
-2587
-2264
-2168
-1877
-1467
-1258
-805
-547
-40
241
629
1163
1565
2049
2396
2900
3440
3723
4155
4369
4689
4796
4807
4870
4659
4527
4198
4010
3690
3237
2806
2268
1851
1291
803
409
-63
-495
-930
-1181
-1491
-1772
-1941
-2093
-2179
-2391
-2532
-2640
-2804
-2960
-3152
-3256
-3428
-3571
-3638
-3657
-3631
-3613
-3502
-3352
-3322
-3000
-2824
-2503
-2372
-2087
-1639
-1439
-975
-703
-214
81
459
1013
1442
1913
2279
2765
3343
3648
4116
4367
4704
4878
4891
4990
4792
4661
4334
4158
3832
3374
2913
2388
1970
1424
947
538
78
-375
-793
-1049
-1337
-1623
-1797
-1967
-2083
-2299
-2452
-2576
-2757
-2951
-3160
-3278
-3483
-3630
-3761
-3795
-3802
-3800
-3713
-3561
-3504
-3194
-2992
-2710
-2560
-2289
-1819
-1616
-1155
-822
-320
-6
371
958
1456
1921
2316
2817
3396
3731
4187
4490
4847
5033
5088
5204
5049
4911
4566
4413
4058
3594
3119
2600
2171
1570
1088
645
176
-295
-722
-971
-1299
-1612
-1806
-1962
-2103
-2365
-2522
-2654
-2844
-3068
-3299
-3404
-3630
-3764
-3917
-3945
-3955
-3962
-3849
-3686
-3596
-3302
-3061
-2766
-2586
-2314
-1799
-1557
-1080
-701
-159
190
570
1162
1703
2178
2586
3088
3628
3972
4388
4680
5020
5178
5237
5346
5188
5063
4665
4505
4138
3666
3204
2651
2240
1581
1061
595
111
-332
-794
-1023
-1359
-1678
-1886
-2030
-2136
-2424
-2589
-2708
-2894
-3114
-3370
-3466
-3699
-3840
-3983
-4027
-4029
-4076
-3968
-3800
-3729
-3473
-3247
-2938
-2739
-2508
-1970
-1714
-1239
-867
-299
67
440
1038
1588
2083
2504
3030
3585
3940
4350
4659
4981
5143
5186
5307
5165
5054
4643
4457
4118
3655
3193
2642
2256
1637
1084
627
160
-244
-710
-932
-1218
-1515
-1733
-1907
-1984
-2245
-2433
-2557
-2761
-2975
-3251
-3383
-3595
-3767
-3883
-3971
-3937
-4000
-3933
-3769
-3720
-3484
-3321
-3021
-2815
-2631
-2123
-1887
-1412
-1082
-519
-141
217
836
1369
1913
2333
2863
3473
3840
4278
4585
4906
5078
5095
5201
5081
4975
4584
4369
4047
3616
3127
2620
2222
1677
1123
673
233
-170
-631
-854
-1131
-1383
-1628
-1822
-1929
-2163
-2338
-2478
-2675
-2927
-3153
-3316
-3497
-3696
-3795
-3869
-3804
-3821
-3752
-3600
-3541
-3341
-3156
-2899
-2666
-2506
-2043
-1809
-1389
-1042
-548
-127
185
808
1341
1870
2324
2808
3453
3834
4267
4612
4884
5118
5090
5199
5090
4966
4648
4391
4128
3713
3256
2805
2400
1926
1374
935
498
69
-396
-679
-965
-1254
-1523
-1765
-1921
-2159
-2354
-2491
-2670
-2966
-3206
-3379
-3548
-3786
-3925
-4013
-3958
-3959
-3915
-3780
-3706
-3593
-3358
-3112
-2834
-2700
-2268
-1964
-1618
-1223
-782
-239
54
617
1186
1692
2168
2624
3258
3693
4066
4454
4672
4971
4945
5038
4971
4820
4578
4245
4031
3639
3224
2801
2407
1995
1436
1012
574
144
-304
-644
-880
-1219
-1453
-1695
-1833
-2008
-2224
-2324
-2428
-2643
-2885
-3064
-3193
-3417
-3569
-3695
-3674
-3660
-3670
-3579
-3504
-3472
-3284
-3073
-2789
-2688
-2371
-2000
-1732
-1338
-979
-375
-12
456
1032
1525
1997
2434
3018
3519
3883
4271
4486
4769
4830
4893
4913
4760
4604
4254
4037
3696
3285
2887
2468
2132
1551
1115
675
224
-214
-628
-827
-1174
-1453
-1671
-1836
-1947
-2188
-2342
-2419
-2602
-2795
-3017
-3133
-3356
-3516
-3656
-3700
-3677
-3707
-3662
-3573
-3580
-3411
-3262
-2997
-2866
-2669
-2230
-2009
-1575
-1282
-702
-269
176
775
1273
1777
2211
2750
3296
3709
4140
4409
4682
4832
4876
5003
4862
4788
4486
4290
4011
3603
3224
2762
2459
1922
1450
1031
562
133
-340
-566
-843
-1174
-1369
-1569
-1637
-1860
-2063
-2167
-2363
-2531
-2778
-2918
-3149
-3361
-3522
-3631
-3635
-3685
-3698
-3611
-3657
-3495
-3364
-3163
-2972
-2856
-2394
-2172
-1730
-1432
-932
-469
-85
528
1038
1552
1998
2488
3062
3501
3974
4303
4580
4827
4836
4999
4891
4833
4577
4373
4142
3733
3342
2864
2507
2038
1537
1115
647
226
-258
-560
-792
-1123
-1327
-1553
-1625
-1836
-2058
-2207
-2407
-2593
-2874
-3064
-3298
-3564
-3751
-3902
-3924
-3979
-4022
-3935
-3963
-3833
-3635
-3448
-3180
-3057
-2605
-2311
-1892
-1511
-1074
-531
-204
398
930
1451
1930
2405
3034
3514
4003
4391
4652
4983
5038
5168
5116
5033
4839
4569
4358
3946
3549
3067
2652
2204
1681
1231
744
319
-151
-496
-747
-1042
-1260
-1483
-1569
-1761
-1999
-2166
-2343
-2510
-2806
-3026
-3230
-3499
-3680
-3830
-3844
-3887
-3923
-3852
-3811
-3751
-3537
-3344
-3083
-2954
-2588
-2244
-1926
-1529
-1159
-610
-289
243
781
1287
1754
2220
2851
3371
3827
4247
4507
4837
4985
5096
5101
5008
4870
4577
4380
4004
3622
3141
2711
2280
1737
1271
792
363
-99
-468
-749
-1023
-1265
-1495
-1593
-1755
-2007
-2194
-2377
-2525
-2801
-3031
-3186
-3430
-3599
-3749
-3762
-3791
-3791
-3730
-3626
-3591
-3415
-3198
-2976
-2821
-2540
-2132
-1865
-1487
-1122
-619
-233
231
787
1332
1786
2252
2814
3361
3780
4186
4493
4779
4976
5048
5091
4990
4854
4550
4331
4019
3630
3142
2670
2254
1707
1208
771
349
-96
-501
-824
-1090
-1367
-1607
-1721
-1844
-2079
-2284
-2462
-2624
-2843
-3082
-3211
-3427
-3619
-3792
-3847
-3871
-3852
-3788
-3674
-3638
-3513
-3282
-3115
-2911
-2729
-2300
-2034
-1721
-1341
-936
-484
-81
471
1067
1544
2046
2554
3125
3594
4011
4425
4716
4980
5039
5124
5073
4960
4713
4464
4229
3846
3389
2879
2466
1956
1427
1016
587
158
-278
-644
-918
-1232
-1488
-1639
-1752
-1957
-2197
-2364
-2542
-2715
-2948
-3102
-3280
-3503
-3686
-3799
-3811
-3812
-3754
-3651
-3604
-3508
-3267
-3116
-2875
-2745
-2363
-2020
-1757
-1350
-1004
-502
-125
401
1031
1544
2079
2574
3143
3667
4084
4540
4840
5142
5208
5258
5241
5107
4917
4621
4410
4037
3596
3069
2608
2144
1586
1149
681
226
-232
-659
-940
-1285
-1553
-1741
-1878
-2028
-2271
-2438
-2599
-2738
-2931
-3117
-3255
-3462
-3625
-3772
-3785
-3784
-3776
-3694
-3656
-3582
-3387
-3220
-2992
-2865
-2627
-2242
-1991
-1627
-1304
-812
-408
17
627
1153
1676
2154
2695
3268
3696
4141
4464
4794
4957
4989
5021
4912
4784
4530
4333
4056
3662
3217
2744
2340
1833
1369
924
439
0
-481
-790
-1118
-1402
-1611
-1791
-1918
-2115
-2310
-2458
-2592
-2751
-2955
-3092
-3257
-3411
-3558
-3619
-3591
-3612
-3569
-3537
-3477
-3359
-3167
-2962
-2769
-2648
-2322
-2036
-1743
-1407
-984
-500
-136
401
941
1452
1921
2420
3012
3502
3924
4277
4599
4866
4943
5012
4967
4857
4669
4446
4249
3888
3517
3069
2650
2188
1687
1243
754
298
-191
-582
-905
-1216
-1468
-1672
-1823
-1980
-2197
-2361
-2498
-2658
-2869
-3013
-3157
-3308
-3467
-3567
-3559
-3563
-3536
-3503
-3403
-3345
-3162
-2956
-2720
-2593
-2375
-2044
-1793
-1481
-1122
-640
-248
171
693
1210
1671
2124
2671
3218
3629
3985
4294
4593
4752
4829
4859
4767
4642
4413
4231
3920
3568
3201
2773
2351
1832
1359
889
431
-16
-445
-781
-1105
-1397
-1615
-1787
-1906
-2106
-2291
-2435
-2592
-2779
-2961
-3088
-3262
-3417
-3568
-3640
-3643
-3656
-3630
-3551
-3473
-3388
-3192
-2983
-2799
-2638
-2337
-2041
-1772
-1441
-1012
-553
-159
327
879
1413
1869
2404
2979
3489
3869
4239
4546
4803
4925
4980
4960
4858
4699
4456
4207
3828
3484
3053
2641
2171
1623
1123
647
227
-229
-614
-961
-1295
-1557
-1777
-1914
-2052
-2252
-2403
-2537
-2662
-2821
-2969
-3115
-3269
-3366
-3512
-3517
-3512
-3496
-3447
-3356
-3278
-3151
-2951
-2761
-2549
-2348
-2018
-1769
-1482
-1148
-727
-308
93
617
1142
1614
2101
2637
3195
3619
4009
4373
4629
4854
4901
4954
4885
4791
4592
4321
4036
3636
3273
2830
2440
1949
1390
905
463
42
-418
-791
-1140
-1454
-1720
-1941
-2090
-2244
-2448
-2574
-2701
-2810
-2961
-3118
-3262
-3377
-3469
-3565
-3534
-3524
-3497
-3447
-3363
-3289
-3104
-2940
-2697
-2510
-2236
-1923
-1663
-1333
-1012
-564
-195
276
800
1281
1755
2246
2789
3295
3651
4070
4370
4645
4783
4838
4868
4771
4683
4419
4201
3839
3458
3064
2648
2265
1739
1246
791
379
-48
-472
-786
-1122
-1384
-1624
-1809
-1929
-2097
-2240
-2371
-2467
-2604
-2755
-2906
-3054
-3160
-3285
-3337
-3340
-3347
-3331
-3287
-3238
-3170
-3002
-2835
-2616
-2464
-2184
-1892
-1600
-1270
-936
-493
-135
361
854
1338
1806
2267
2805
3236
3590
3955
4245
4516
4624
4683
4679
4607
4484
4225
4007
3607
3239
2806
2401
1986
1456
1011
531
142
-304
-659
-969
-1268
-1491
-1716
-1836
-1960
-2086
-2208
-2305
-2395
-2566
-2716
-2855
-2987
-3110
-3257
-3276
-3328
-3332
-3313
-3272
-3248
-3214
-3016
-2856
-2661
-2560
-2277
-1979
-1682
-1325
-944
-474
-113
380
920
1427
1915
2396
2955
3405
3742
4113
4416
4723
4826
4880
4909
4833
4686
4424
4195
3816
3407
2948
2514
2059
1506
1014
526
87
-381
-744
-1032
-1324
-1580
-1785
-1911
-2041
-2172
-2279
-2331
-2459
-2633
-2778
-2887
-3011
-3134
-3238
-3245
-3277
-3254
-3214
-3163
-3161
-3074
-2843
-2686
-2509
-2437
-2131
-1890
-1604
-1252
-847
-402
-106
395
908
1383
1840
2325
2891
3283
3597
3951
4257
4559
4639
4739
4761
4687
4509
4275
4064
3684
3290
2817
2392
1916
1352
865
376
-63
-550
-879
-1127
-1430
-1657
-1855
-1967
-2109
-2242
-2326
-2381
-2507
-2678
-2804
-2914
-3051
-3153
-3244
-3244
-3251
-3214
-3186
-3134
-3123
-2984
-2757
-2601
-2424
-2337
-2010
-1817
-1520
-1186
-750
-327
-23
523
1018
1504
1921
2434
2994
3346
3684
4022
4340
4615
4704
4851
4844
4779
4574
4373
4135
3715
3343
2836
2414
1898
1344
853
348
-67
-556
-841
-1113
-1402
-1574
-1763
-1840
-2004
-2118
-2201
-2273
-2364
-2537
-2625
-2769
-2920
-3035
-3148
-3144
-3173
-3145
-3151
-3091
-3093
-2978
-2775
-2647
-2475
-2394
-2080
-1918
-1647
-1340
-912
-496
-167
396
893
1369
1743
2255
2795
3149
3509
3836
4150
4424
4534
4715
4696
4627
4448
4235
3995
3552
3200
2680
2250
1737
1178
691
180
-191
-651
-931
-1207
-1462
-1588
-1754
-1790
-1947
-2042
-2106
-2199
-2251
-2407
-2457
-2598
-2751
-2861
-2983
-2979
-3034
-3013
-3030
-2970
-2988
-2910
-2715
-2618
-2448
-2364
-2059
-1888
-1636
-1323
-892
-447
-95
473
987
1453
1823
2359
2900
3308
3667
3996
4322
4597
4728
4889
4868
4770
4608
4347
4124
3661
3276
2742
2285
1766
1149
666
141
-240
-713
-1027
-1292
-1546
-1695
-1854
-1897
-2039
-2148
-2204
-2309
-2359
-2518
-2571
-2666
-2820
-2905
-3037
-3037
-3093
-3089
-3108
-3045
-3073
-2989
-2798
-2701
-2541
-2443
-2114
-1939
-1662
-1340
-874
-435
-91
463
951
1394
1761
2307
2825
3228
3556
3883
4228
4495
4630
4766
4763
4692
4534
4311
4112
3662
3245
2729
2299
1759
1147
688
195
-203
-691
-980
-1229
-1465
-1639
-1774
-1813
-1954
-2061
-2108
-2170
-2251
-2421
-2478
-2554
-2715
-2810
-2950
-2957
-3024
-3058
-3068
-3003
-3058
-2960
-2774
-2653
-2527
-2417
-2060
-1897
-1580
-1276
-774
-380
-39
502
972
1410
1779
2319
2815
3217
3535
3881
4243
4508
4626
4739
4766
4714
4534
4337
4080
3614
3137
2626
2190
1623
1029
558
86
-350
-823
-1083
-1317
-1527
-1701
-1797
-1823
-1970
-2032
-2043
-2043
-2143
-2288
-2339
-2433
-2597
-2706
-2833
-2861
-2947
-2977
-2974
-2928
-3013
-2907
-2719
-2612
-2515
-2405
-2052
-1914
-1609
-1332
-859
-518
-184
353
826
1246
1621
2138
2637
3060
3407
3804
4176
4460
4566
4706
4773
4732
4565
4360
4067
3583
3117
2620
2190
1654
1060
601
101
-347
-818
-1062
-1285
-1490
-1650
-1762
-1800
-1959
-1988
-1974
-1967
-2061
-2193
-2266
-2405
-2576
-2690
-2821
-2870
-2975
-2967
-2997
-2987
-3080
-2963
-2788
-2693
-2591
-2482
-2117
-1989
-1678
-1404
-941
-597
-250
317
805
1239
1634
2181
2730
3170
3581
4016
4408
4692
4787
4939
4984
4918
4705
4443
4103
3582
3121
2595
2154
1629
1013
560
37
-382
-853
-1091
-1283
-1496
-1639
-1774
-1816
-1946
-1975
-1960
-1967
-2033
-2181
-2266
-2419
-2589
-2711
-2844
-2855
-2960
-2928
-2979
-2962
-3055
-2939
-2791
-2692
-2602
-2526
-2162
-2030
-1718
-1458
-988
-651
-315
245
723
1164
1536
2092
2666
3082
3494
3918
4321
4600
4690
4834
4851
4782
4538
4276
3947
3459
3010
2485
2072
1558
970
533
64
-310
-763
-1007
-1166
-1378
-1532
-1638
-1663
-1763
-1799
-1810
-1829
-1891
-2061
-2132
-2291
-2479
-2616
-2765
-2739
-2845
-2825
-2869
-2838
-2943
-2863
-2721
-2663
-2598
-2582
-2238
-2111
-1823
-1580
-1111
-781
-482
83
558
1010
1372
1934
2525
2958
3350
3777
4195
4495
4606
4788
4809
4768
4547
4317
4045
3597
3159
2634
2233
1704
1125
656
224
-157
-625
-917
-1084
-1299
-1500
-1586
-1581
-1680
-1720
-1753
-1782
-1853
-2023
-2091
-2240
-2453
-2595
-2737
-2723
-2815
-2825
-2833
-2802
-2904
-2862
-2702
-2672
-2608
-2634
-2287
-2163
-1914
-1659
-1221
-858
-620
-42
431
886
1249
1791
2385
2840
3216
3636
4047
4361
4466
4679
4705
4666
4493
4272
4068
3645
3238
2722
2318
1785
1211
720
303
-100
-568
-880
-1063
-1263
-1476
-1579
-1551
-1615
-1667
-1682
-1717
-1780
-1934
-2030
-2152
-2373
-2507
-2650
-2678
-2782
-2847
-2828
-2831
-2916
-2947
-2779
-2741
-2670
-2719
-2401
-2235
-2035
-1740
-1361
-931
-727
-178
322
795
1185
1706
2302
2815
3211
3647
4067
4433
4557
4747
4806
4761
4623
4371
4183
3745
3333
2805
2367
1853
1284
769
345
-75
-535
-833
-1022
-1191
-1375
-1512
-1495
-1505
-1553
-1548
-1566
-1606
-1757
-1895
-1996
-2198
-2330
-2506
-2575
-2693
-2817
-2817
-2860
-2917
-3017
-2861
-2816
-2742
-2808
-2554
-2337
-2192
-1900
-1589
-1117
-919
-446
63
553
950
1450
2037
2586
3008
3463
3903
4309
4494
4632
4727
4690
4586
4321
4134
3712
3312
2814
2372
1935
1387
869
437
48
-403
-709
-880
-1039
-1214
-1370
-1392
-1397
-1464
-1484
-1506
-1546
-1710
-1871
-1941
-2119
-2248
-2429
-2508
-2604
-2730
-2757
-2816
-2845
-2985
-2828
-2798
-2739
-2794
-2601
-2340
-2247
-1968
-1707
-1199
-980
-568
-24
470
876
1351
1972
2531
2946
3414
3876
4289
4513
4647
4787
4736
4654
4397
4217
3825
3412
2965
2497
2102
1515
984
531
137
-298
-673
-832
-1014
-1201
-1354
-1410
-1424
-1522
-1564
-1605
-1661
-1805
-1961
-1996
-2143
-2274
-2429
-2517
-2582
-2692
-2724
-2787
-2789
-2967
-2820
-2784
-2749
-2759
-2625
-2313
-2236
-1956
-1723
-1201
-928
-568
8
493
889
1324
1947
2502
2885
3301
3753
4140
4362
4496
4674
4608
4524
4281
4089
3745
3320
2907
2422
2030
1421
881
422
28
-358
-756
-910
-1090
-1260
-1381
-1418
-1398
-1489
-1522
-1534
-1594
-1697
-1823
-1844
-1972
-2128
-2272
-2400
-2456
-2574
-2590
-2657
-2650
-2866
-2773
-2721
-2714
-2691
-2634
-2301
-2232
-1950
-1752
-1267
-949
-619
-30
470
876
1281
1893
2486
2910
3274
3723
4116
4367
4506
4703
4689
4624
4394
4189
3891
3473
3029
2529
2116
1507
942
454
65
-302
-695
-899
-1070
-1217
-1341
-1378
-1324
-1389
-1439
-1437
-1489
-1584
-1713
-1764
-1897
-2091
-2269
-2449
-2508
-2636
-2675
-2752
-2738
-2956
-2927
-2862
-2831
-2792
-2802
-2448
-2390
-2113
-1958
-1529
-1196
-915
-343
150
577
947
1547
2155
2642
3005
3442
3854
4153
4282
4475
4524
4495
4293
4116
3873
3494
3069
2582
2212
1653
1112
654
284
-55
-421
-649
-807
-950
-1078
-1134
-1094
-1160
-1214
-1233
-1281
-1377
-1533
-1605
-1747
-1947
-2135
-2337
-2391
-2524
-2593
-2705
-2698
-2887
-2892
-2811
-2788
-2727
-2785
-2401
-2348
-2102
-1935
-1546
-1196
-986
-438
39
472
823
1411
2024
2522
2928
3372
3788
4136
4254
4457
4531
4517
4343
4183
3986
3613
3222
2718
2363
1819
1274
827
421
79
-306
-557
-717
-887
-1013
-1090
-1079
-1167
-1216
-1253
-1284
-1362
-1532
-1616
-1756
-1945
-2125
-2316
-2364
-2507
-2598
-2738
-2759
-2910
-2947
-2843
-2874
-2801
-2886
-2511
-2426
-2223
-2003
-1645
-1256
-1088
-561
-82
359
716
1266
1873
2361
2791
3247
3645
4039
4154
4359
4438
4437
4288
4109
3926
3560
3165
2630
2255
1716
1164
702
284
-64
-459
-730
-861
-1014
-1108
-1175
-1155
-1225
-1276
-1284
-1264
-1294
-1436
-1539
-1643
-1808
-1984
-2152
-2207
-2334
-2458
-2583
-2624
-2744
-2818
-2716
-2767
-2727
-2842
-2541
-2432
-2280
-2046
-1734
-1312
-1152
-643
-139
338
728
1246
1865
2363
2819
3280
3701
4139
4290
4496
4605
4628
4528
4325
4152
3783
3370
2814
2406
1871
1281
791
336
-37
-460
-766
-897
-1029
-1117
-1203
-1195
-1254
-1330
-1337
-1317
-1362
-1490
-1634
-1718
-1869
-2050
-2236
-2320
-2415
-2564
-2646
-2680
-2744
-2863
-2753
-2755
-2692
-2806
-2572
-2408
-2309
-2045
-1795
-1321
-1141
-668
-146
350
741
1205
1819
2315
2764
3180
3593
4020
4193
4370
4503
4513
4476
4247
4093
3739
3340
2824
2419
1972
1367
883
415
54
-356
-652
-789
-893
-982
-1092
-1077
-1110
-1177
-1175
-1164
-1256
-1410
-1562
-1646
-1797
-1975
-2199
-2337
-2435
-2596
-2640
-2692
-2720
-2922
-2824
-2810
-2731
-2809
-2672
-2421
-2433
-2141
-1963
-1466
-1251
-856
-320
162
567
962
1592
2115
2583
2988
3412
3855
4094
4266
4444
4447
4463
4256
4112
3810
3434
2976
2562
2197
1604
1084
600
222
-181
-514
-693
-811
-913
-1058
-1076
-1051
-1108
-1092
-1045
-1121
-1283
-1442
-1509
-1643
-1809
-2037
-2215
-2321
-2514
-2538
-2623
-2625
-2876
-2819
-2791
-2767
-2779
-2777
-2424
-2497
-2232
-2094
-1625
-1344
-1061
-506
-53
397
726
1344
1914
2396
2789
3226
3683
3996
4141
4347
4354
4371
4216
4039
3801
3411
3015
2567
2245
1676
1107
633
220
-136
-534
-731
-867
-981
-1096
-1182
-1089
-1142
-1127
-1044
-1066
-1179
-1356
-1413
-1535
-1695
-1911
-2113
-2206
-2425
-2469
-2559
-2561
-2798
-2798
-2717
-2770
-2717
-2816
-2434
-2437
-2251
-2090
-1701
-1310
-1128
-559
-98
398
739
1302
1947
2444
2869
3313
3779
4158
4299
4527
4571
4572
4469
4250
4052
3612
3221
2707
2373
1836
1192
725
232
-91
-546
-768
-911
-1061
-1144
-1291
-1181
-1238
-1260
-1207
-1204
-1282
-1479
-1551
-1674
-1841
-2054
-2297
-2373
-2561
-2643
-2715
-2733
-2916
-3008
-2834
-2909
-2806
-2928
-2638
-2471
-2388
-2144
-1857
-1362
-1221
-688
-157
344
751
1238
1936
2445
2901
3342
3804
4189
4342
4578
4667
4640
4591
4353
4191
3746
3345
2812
2417
1978
1312
864
332
11
-416
-676
-793
-941
-994
-1146
-1072
-1104
-1160
-1158
-1167
-1235
-1424
-1530
-1648
-1828
-2023
-2306
-2419
-2543
-2654
-2706
-2765
-2870
-3077
-2883
-2922
-2831
-2921
-2825
-2518
-2526
-2252
-2051
-1534
-1354
-941
-327
154
619
1062
1764
2323
2783
3224
3709
4118
4302
4531
4708
4650
4640
4432
4317
3930
3511
3042
2545
2184
1517
1045
519
134
-249
-583
-713
-857
-911
-1033
-1029
-1022
-1124
-1154
-1165
-1229
-1379
-1520
-1597
-1794
-1960
-2223
-2395
-2488
-2623
-2640
-2750
-2786
-3040
-2921
-2881
-2859
-2871
-2952
-2588
-2608
-2363
-2184
-1716
-1418
-1158
-507
-46
452
876
1522
2141
2586
3003
3489
3951
4214
4375
4625
4595
4592
4434
4321
4073
3625
3255
2689
2343
1725
1161
677
213
-131
-536
-704
-856
-945
-1023
-1089
-1036
-1164
-1229
-1226
-1261
-1363
-1545
-1604
-1800
-1982
-2195
-2396
-2481
-2662
-2685
-2800
-2817
-3015
-3036
-2889
-2909
-2851
-2994
-2636
-2559
-2377
-2128
-1752
-1306
-1150
-512
-34
478
920
1483
2164
2636
3052
3512
4007
4390
4533
4759
4805
4776
4687
4477
4325
3864
3492
2924
2484
1969
1288
803
286
-71
-506
-767
-923
-1084
-1148
-1256
-1196
-1284
-1358
-1341
-1335
-1391
-1579
-1667
-1828
-2030
-2228
-2449
-2533
-2705
-2814
-2913
-2970
-3081
-3238
-3044
-3052
-2966
-3091
-2838
-2584
-2485
-2150
-1885
-1347
-1207
-655
-104
384
864
1318
2026
2561
3012
3439
3925
4381
4579
4755
4861
4801
4790
4522
4363
3955
3525
3021
2508
2098
1391
896
386
21
-383
-716
-858
-1049
-1117
-1245
-1193
-1216
-1292
-1264
-1234
-1284
-1452
-1577
-1689
-1893
-2096
-2329
-2463
-2569
-2764
-2857
-2965
-3027
-3255
-3077
-3035
-2970
-3011
-2929
-2544
-2517
-2181
-1999
-1488
-1288
-888
-247
195
693
1066
1748
2336
2837
3255
3729
4220
4498
4685
4853
4807
4815
4603
4410
4073
3596
3144
2605
2232
1543
1013
506
113
-250
-621
-771
-963
-1038
-1165
-1154
-1113
-1193
-1184
-1152
-1214
-1361
-1541
-1612
-1801
-2022
-2237
-2443
-2517
-2734
-2825
-2948
-2985
-3219
-3106
-2978
-2957
-2903
-2956
-2520
-2492
-2223
-2051
-1639
-1310
-1074
-371
87
597
929
1569
2192
2704
3139
3574
4078
4404
4589
4798
4795
4762
4593
4379
4102
3573
3143
2585
2214
1568
986
493
60
-255
-642
-816
-1006
-1091
-1163
-1191
-1090
-1145
-1149
-1120
-1174
-1273
-1510
-1575
-1725
-1928
-2134
-2379
-2451
-2656
-2742
-2862
-2874
-3077
-3098
-2892
-2914
-2806
-2954
-2564
-2466
-2302
-2070
-1788
-1317
-1201
-517
7
544
886
1455
2140
2634
3116
3544
4056
4446
4636
4867
4943
4888
4771
4535
4340
3777
3332
2749
2328
1755
1088
612
106
-192
-617
-855
-1037
-1186
-1215
-1290
-1177
-1225
-1275
-1264
-1340
-1412
-1660
-1785
-1903
-2070
-2252
-2500
-2565
-2727
-2817
-2897
-2905
-3008
-3186
-2930
-2956
-2830
-2983
-2736
-2487
-2430
-2087
-1904
-1314
-1224
-665
-48
471
883
1297
2027
2492
2972
3383
3859
4302
4487
4681
4813
4756
4672
4440
4310
3805
3321
2775
2300
1849
1153
696
197
-84
-469
-755
-873
-1024
-1018
-1072
-956
-949
-1040
-1016
-1032
-1104
-1288
-1462
-1553
-1699
-1866
-2102
-2228
-2353
-2535
-2591
-2692
-2723
-3049
-2891
-2864
-2848
-2910
-2961
-2557
-2615
-2245
-2135
-1585
-1337
-1087
-344
83
634
907
1607
2167
2623
3093
3509
4064
4334
4517
4730
4742
4730
4528
4444
4107
3600
3144
2590
2250
1555
1019
527
178
-153
-540
-668
-837
-884
-935
-909
-847
-986
-1014
-980
-1041
-1192
-1431
-1514
-1683
-1860
-2105
-2310
-2424
-2673
-2734
-2883
-2887
-3169
-3197
-3018
-3083
-2997
-3216
-2811
-2752
-2508
-2287
-1962
-1424
-1406
-677
-214
359
703
1209
1940
2377
2922
3296
3859
4260
4424
4663
4717
4734
4543
4382
4190
3673
3259
2653
2277
1705
1036
556
128
-148
-552
-752
-880
-996
-1006
-1059
-953
-1018
-1109
-1050
-1062
-1135
-1397
-1509
-1656
-1837
-2027
-2278
-2365
-2573
-2678
-2763
-2832
-2913
-3140
-2889
-2945
-2857
-3025
-2882
-2559
-2545
-2163
-2060
-1421
-1338
-838
-202
260
784
1100
1892
2406
2959
3391
3876
4397
4605
4846
4987
4984
4902
4622
4499
4062
3605
3054
2499
2095
1339
829
331
18
-317
-654
-755
-940
-947
-1043
-996
-948
-1093
-1088
-1104
-1119
-1343
-1549
-1673
-1879
-2029
-2302
-2445
-2564
-2762
-2812
-2954
-2922
-3216
-3150
-3048
-3095
-3072
-3253
-2783
-2802
-2486
-2319
-1861
-1444
-1244
-462
-31
584
873
1534
2185
2704
3219
3633
4182
4501
4700
4929
4939
4910
4685
4469
4220
3696
3252
2598
2231
1599
969
496
85
-170
-556
-689
-853
-900
-960
-1007
-884
-974
-1017
-1063
-1050
-1170
-1405
-1528
-1688
-1831
-2072
-2292
-2367
-2547
-2657
-2775
-2789
-2888
-3159
-2903
-3003
-2859
-3085
-2881
-2614
-2608
-2262
-2156
-1455
-1375
-769
-221
315
756
1126
1876
2351
2916
3293
3784
4236
4450
4667
4785
4739
4659
4379
4266
3804
3394
2795
2331
1906
1217
730
206
-33
-442
-637
-801
-887
-929
-1046
-967
-955
-1005
-1045
-1081
-1114
-1307
-1479
-1596
-1771
-1951
-2252
-2366
-2492
-2648
-2732
-2847
-2783
-3071
-3049
-2931
-2933
-2848
-3038
-2625
-2617
-2375
-2235
-1837
-1318
-1174
-432
-28
604
907
1499
2135
2602
3103
3440
3978
4311
4516
4695
4689
4649
4464
4269
4060
3559
3154
2518
2211
1653
1079
594
145
-73
-466
-553
-734
-741
-832
-910
-765
-819
-795
-856
-888
-963
-1195
-1307
-1518
-1677
-1954
-2235
-2313
-2510
-2622
-2763
-2814
-2853
-3164
-3009
-3062
-2924
-3045
-3069
-2695
-2746
-2407
-2388
-1739
-1502
-1127
-495
-61
584
852
1617
2141
2668
3082
3491
4026
4312
4542
4659
4627
4602
4354
4214
3877
3427
2968
2387
2132
1503
1061
517
185
-75
-436
-524
-704
-651
-814
-801
-694
-751
-716
-815
-798
-955
-1180
-1331
-1571
-1734
-2088
-2280
-2389
-2585
-2693
-2854
-2843
-3000
-3188
-3052
-3095
-2928
-3184
-2967
-2707
-2655
-2373
-2268
-1561
-1468
-905
-392
168
690
1031
1871
2340
2908
3274
3749
4232
4451
4682
4714
4716
4608
4316
4150
3698
3304
2728
2266
1915
1320
915
390
176
-165
-480
-598
-708
-663
-843
-772
-725
-791
-796
-893
-860
-1114
-1334
-1525
-1744
-1961
-2314
-2434
-2591
-2747
-2866
-2982
-2940
-3194
-3199
-3117
-3066
-2999
-3227
-2780
-2713
-2477
-2344
-2011
-1431
-1349
-629
-220
447
767
1330
2092
2574
3176
3505
4082
4424
4637
4830
4807
4828
4589
4347
4058
3588
3193
2522
2161
1635
1134
668
280
99
-285
-490
-632
-634
-673
-804
-701
-715
-741
-815
-858
-872
-1158
-1327
-1553
-1705
-1998
-2265
-2389
-2562
-2673
-2824
-2858
-2896
-3165
-3066
-3073
-2943
-3059
-3124
-2695
-2738
-2398
-2392
-1834
-1501
-1253
-555
-179
494
714
1444
2034
2600
3126
3471
4063
4255
4488
4587
4565
4555
4243
4043
3640
3257
2813
2190
1880
1280
882
413
202
4
-305
-388
-485
-421
-540
-590
-506
-530
-514
-649
-648
-771
-1034
-1188
-1418
-1545
-1910
-2112
-2294
-2438
-2581
-2740
-2749
-2874
-3100
-3020
-3041
-2912
-3107
-3040
-2723
-2753
-2448
-2417
-1752
-1557
-1152
-576
-113
503
768
1540
2061
2694
3100
3547
4065
4222
4433
4498
4542
4471
4158
3949
3547
3214
2729
2186
1870
1263
894
449
312
63
-190
-224
-289
-233
-405
-401
-349
-337
-344
-503
-485
-699
-955
-1139
-1355
-1541
-1951
-2134
-2340
-2493
-2706
-2841
-2859
-2981
-3216
-3171
-3166
-3096
-3278
-3214
-2917
-2968
-2713
-2600
-1926
-1722
-1313
-722
-188
412
724
1518
2056
2655
3013
3500
3956
4118
4310
4391
4452
4329
4057
3855
3525
3178
2723
2248
1939
1372
1019
617
467
199
-41
-70
-143
-120
-277
-247
-200
-186
-255
-387
-395
-613
-871
-1087
-1309
-1566
-1946
-2147
-2320
-2524
-2746
-2833
-2863
-2915
-3202
-3150
-3144
-3127
-3255
-3295
-2968
-3072
-2819
-2676
-2052
-1790
-1464
-762
-243
401
697
1494
2058
2606
3005
3445
3930
4106
4304
4412
4439
4307
4073
3900
3634
3251
2850
2394
2138
1604
1269
886
680
430
160
139
4
9
-109
-73
-28
-81
-189
-295
-355
-541
-799
-1043
-1314
-1602
-1939
-2205
-2383
-2619
-2844
-2936
-3003
-3031
-3333
-3358
-3329
-3399
-3435
-3608
-3320
-3351
-3161
-2941
-2471
-2054
-1820
-1071
-533
126
500
1178
1856
2365
2863
3267
3770
4050
4223
4385
4386
4301
4133
3966
3781
3390
3055
2619
2408
1943
1573
1214
927
738
431
371
195
169
95
83
130
8
-103
-189
-284
-452
-711
-950
-1259
-1541
-1877
-2188
-2396
-2629
-2817
-2955
-3009
-3064
-3288
-3430
-3351
-3446
-3440
-3626
-3476
-3323
-3231
-2911
-2623
-2102
-1885
-1248
-646
-52
460
953
1710
2221
2756
3155
3571
3956
4109
4263
4285
4218
4121
3927
3792
3431
3132
2770
2493
2168
1747
1441
1117
960
718
551
416
338
340
267
267
163
4
-56
-184
-323
-571
-830
-1106
-1399
-1734
-2094
-2335
-2548
-2734
-2911
-3003
-3112
-3245
-3498
-3444
-3502
-3534
-3656
-3695
-3377
-3371
-3031
-2845
-2348
-2004
-1596
-900
-369
301
687
1410
2021
2539
2955
3295
3723
3932
4060
4138
4118
4062
3864
3725
3506
3208
2963
2607
2403
2018
1734
1426
1225
1070
815
704
568
581
461
355
258
86
-33
-173
-311
-519
-801
-1077
-1379
-1690
-2070
-2354
-2572
-2745
-2947
-3098
-3202
-3337
-3479
-3651
-3546
-3661
-3677
-3826
-3625
-3426
-3368
-3007
-2777
-2162
-1925
-1294
-667
-12
546
1008
1811
2303
2787
3080
3507
3854
3958
4089
4127
4099
3950
3749
3704
3450
3224
2882
2648
2422
2031
1787
1475
1349
1078
888
797
674
600
360
306
166
-2
-137
-307
-430
-729
-1002
-1327
-1612
-1939
-2281
-2482
-2693
-2852
-3057
-3148
-3263
-3349
-3544
-3586
-3564
-3669
-3711
-3816
-3520
-3513
-3257
-2995
-2563
-2070
-1756
-995
-446
270
646
1316
1962
2408
2810
3123
3582
3778
3894
4021
4048
4002
3882
3823
3781
3485
3295
2975
2860
2520
2187
1939
1668
1520
1203
1082
915
752
579
416
387
194
8
-147
-316
-504
-854
-1119
-1439
-1700
-2038
-2303
-2486
-2710
-2850
-3028
-3092
-3229
-3337
-3559
-3538
-3606
-3687
-3770
-3797
-3514
-3510
-3163
-2927
-2399
-2011
-1562
-851
-335
296
663
1374
1870
2289
2644
3004
3381
3544
3686
3819
3864
3881
3844
3822
3730
3499
3365
3115
2989
2619
2348
2105
1873
1677
1342
1192
978
814
653
518
431
171
-35
-226
-429
-691
-1042
-1299
-1615
-1904
-2263
-2504
-2725
-2942
-3083
-3249
-3350
-3522
-3659
-3851
-3796
-3917
-3960
-4053
-3967
-3685
-3622
-3216
-2968
-2374
-2041
-1493
-860
-341
246
661
1371
1788
2213
2572
2962
3292
3477
3661
3814
3901
3967
3958
3976
3876
3767
3635
3413
3241
2881
2662
2358
2137
1847
1530
1339
1108
978
774
629
487
248
30
-202
-418
-694
-1023
-1313
-1640
-1948
-2313
-2538
-2769
-2958
-3123
-3283
-3394
-3563
-3716
-3895
-3834
-3983
-3993
-4120
-3971
-3735
-3626
-3212
-2942
-2311
-2021
-1416
-815
-242
311
763
1474
1897
2338
2698
3123
3465
3659
3884
4068
4190
4250
4249
4326
4216
4140
3949
3753
3534
3147
2893
2517
2272
1893
1578
1337
1062
881
599
450
259
7
-243
-505
-744
-1059
-1385
-1699
-2036
-2349
-2688
-2888
-3117
-3270
-3424
-3552
-3641
-3766
-3886
-4039
-3933
-4049
-4014
-4148
-3964
-3742
-3613
-3199
-2893
-2252
-1977
-1349
-744
-154
354
819
1507
1928
2356
2722
3164
3518
3713
3981
4201
4330
4404
4405
4518
4390
4305
4076
3891
3639
3210
2916
2496
2230
1805
1481
1229
939
729
403
263
50
-218
-465
-729
-940
-1283
-1595
-1907
-2226
-2521
-2837
-2995
-3220
-3348
-3504
-3597
-3658
-3737
-3826
-3933
-3772
-3861
-3800
-3907
-3698
-3500
-3381
-2992
-2682
-2095
-1836
-1215
-624
-75
394
858
1509
1920
2333
2730
3174
3542
3756
4061
4304
4434
4551
4565
4684
4529
4412
4205
3999
3723
3248
2949
2536
2223
1797
1458
1227
907
699
377
221
-38
-345
-562
-831
-1027
-1404
-1704
-2016
-2341
-2624
-2934
-3087
-3343
-3481
-3644
-3742
-3814
-3892
-3990
-4063
-3904
-3978
-3910
-3995
-3750
-3579
-3457
-3117
-2809
-2258
-1998
-1362
-786
-239
227
736
1398
1844
2306
2762
3263
3654
3922
4275
4538
4705
4849
4891
5001
4844
4719
4523
4303
3990
3490
3177
2768
2402
1940
1598
1360
1006
775
431
251
-75
-407
-608
-869
-1076
-1496
-1778
-2087
-2414
-2711
-2995
-3127
-3394
-3545
-3703
-3785
-3879
-3965
-4070
-4107
-3977
-4051
-3973
-4041
-3762
-3612
-3473
-3162
-2846
-2294
-2039
-1377
-810
-242
219
756
1440
1918
2424
2887
3420
3821
4126
4500
4744
4933
5066
5099
5188
5040
4925
4669
4429
4083
3591
3226
2771
2409
1902
1559
1270
904
644
250
65
-260
-583
-805
-1084
-1299
-1733
-2018
-2331
-2651
-2940
-3199
-3298
-3534
-3671
-3819
-3872
-3937
-4020
-4114
-4156
-4036
-4113
-4036
-4094
-3852
-3713
-3594
-3279
-2966
-2427
-2163
-1505
-923
-344
130
687
1399
1926
2462
2932
3482
3926
4263
4633
4891
5086
5213
5224
5320
5180
5043
4737
4466
4111
3601
3195
2719
2366
1859
1484
1170
795
522
138
-32
-307
-644
-895
-1196
-1397
-1801
-2093
-2374
-2671
-2927
-3171
-3249
-3445
-3565
-3702
-3745
-3790
-3889
-3976
-4072
-3964
-4047
-3996
-4054
-3920
-3751
-3650
-3326
-3061
-2551
-2246
-1638
-1047
-476
57
624
1366
1936
2506
3006
3566
4084
4455
4824
5126
5314
5465
5479
5593
5461
5288
5005
4700
4375
3845
3467
3005
2616
2124
1682
1348
916
602
228
-10
-334
-744
-1015
-1344
-1585
-1950
-2233
-2485
-2789
-3029
-3273
-3370
-3554
-3666
-3772
-3851
-3904
-4014
-4074
-4208
-4111
-4161
-4129
-4148
-4068
-3804
-3705
-3374
-3148
-2630
-2250
-1733
-1121
-561
60
601
1345
1932
2522
3062
3609
4167
4556
4896
5216
5388
5541
5549
5612
5478
5262
5021
4661
4379
3861
3513
3052
2622
2167
1679
1347
877
550
154
-167
-520
-930
-1189
-1511
-1751
-2055
-2311
-2550
-2852
-3064
-3316
-3439
-3581
-3699
-3795
-3915
-3962
-4082
-4141
-4291
-4200
-4211
-4228
-4182
-4111
-3800
-3743
-3414
-3137
-2633
-2185
-1746
-1065
-508
154
694
1428
2068
2648
3225
3758
4313
4715
5031
5355
5523
5655
5648
5654
5546
5293
5059
4674
4427
3932
3531
3061
2616
2174
1637
1288
821
468
32
-331
-655
-1036
-1306
-1603
-1813
-2087
-2352
-2572
-2856
-3051
-3277
-3409
-3515
-3636
-3722
-3839
-3880
-4003
-4047
-4166
-4131
-4097
-4137
-4040
-4026
-3744
-3651
-3366
-3013
-2598
-2082
-1690
-996
-439
193
772
1451
2142
2671
3235
3770
4308
4709
5010
5359
5533
5625
5646
5642
5568
5280
5069
4739
4455
3959
3503
3071
2584
2123
1605
1242
779
367
-26
-391
-715
-1090
-1362
-1631
-1880
-2149
-2421
-2634
-2901
-3120
-3310
-3464
-3580
-3713
-3798
-3901
-3962
-4052
-4117
-4180
-4229
-4154
-4185
-4094
-4089
-3888
-3673
-3457
-3072
-2733
-2170
-1764
-1155
-556
67
704
1298
2000
2557
3114
3614
4127
4583
4910
5229
5436
5555
5613
5589
5546
5335
5130
4830
4511
4089
3608
3146
2652
2207
1735
1306
864
445
86
-291
-632
-969
-1259
-1532
-1815
-2052
-2319
-2545
-2796
-3001
-3164
-3338
-3472
-3602
-3677
-3770
-3860
-3903
-3977
-4011
-4129
-4087
-4079
-4054
-4026
-3941
-3645
-3491
-3136
-2813
-2285
-1833
-1331
-675
-54
607
1151
1847
2469
3020
3512
4011
4509
4873
5168
5438
5574
5690
5657
5662
5523
5302
5045
4688
4359
3826
3376
2843
2409
1919
1425
984
514
142
-289
-640
-1002
-1321
-1618
-1900
-2132
-2398
-2644
-2873
-3078
-3233
-3401
-3533
-3663
-3760
-3830
-3917
-3953
-4006
-4031
-4091
-4137
-4065
-4056
-3981
-3946
-3714
-3457
-3206
-2824
-2431
-1871
-1444
-816
-202
449
1024
1618
2301
2858
3375
3838
4334
4754
5059
5317
5532
5641
5716
5663
5627
5409
5182
4860
4506
4102
3587
3119
2613
2167
1652
1152
697
271
-128
-545
-916
-1231
-1559
-1825
-2104
-2319
-2596
-2847
-3043
-3227
-3360
-3558
-3676
-3809
-3902
-3987
-4078
-4088
-4148
-4163
-4223
-4195
-4106
-4089
-3960
-3865
-3527
-3306
-2954
-2554
-2080
-1528
-1085
-390
166
832
1342
2002
2618
3135
3625
4075
4562
4897
5168
5403
5590
5682
5687
5632
5539
5284
5035
4661
4331
3847
3369
2876
2400
1907
1349
892
438
47
-403
-782
-1111
-1423
-1718
-1969
-2183
-2418
-2678
-2862
-3009
-3173
-3340
-3499
-3589
-3742
-3845
-3929
-3998
-4039
-4122
-4108
-4168
-4129
-4083
-4009
-3866
-3758
-3409
-3195
-2789
-2410
-1905
-1364
-914
-215
324
1005
1500
2178
2775
3277
3785
4239
4728
5022
5290
5557
5724
5794
5773
5743
5627
5330
5084
4682
4327
3779
3299
2804
2249
1719
1155
725
229
-207
-631
-1006
-1324
-1667
-1910
-2147
-2383
-2601
-2837
-2953
-3152
-3297
-3447
-3580
-3658
-3831
-3888
-3963
-4033
-4083
-4140
-4092
-4166
-4098
-4058
-3948
-3808
-3716
-3346
-3152
-2733
-2380
-1873
-1338
-887
-197
323
1019
1528
2191
2784
3305
3846
4285
4762
5089
5380
5643
5789
5896
5878
5833
5711
5428
5184
4722
4336
3786
3268
2719
2122
1618
1037
582
57
-354
-764
-1174
-1464
-1776
-1999
-2278
-2493
-2666
-2901
-3040
-3263
-3356
-3495
-3659
-3716
-3847
-3903
-4013
-4055
-4081
-4118
-4071
-4138
-4019
-3969
-3873
-3691
-3587
-3214
-3016
-2610
-2225
-1730
-1177
-750
-28
496
1185
1724
2365
2999
3491
4046
4472
4954
5276
5550
5806
5929
6029
5982
5911
5778
5474
5185
4706
4284
3725
3148
2579
1974
1463
854
394
-113
-532
-938
-1315
-1568
-1867
-2086
-2335
-2511
-2692
-2907
-3023
-3217
-3337
-3457
-3582
-3643
-3778
-3842
-3920
-3952
-3989
-3999
-3929
-3979
-3899
-3798
-3690
-3498
-3400
-3073
-2809
-2475
-2084
-1637
-1074
-685
-39
528
1167
1721
2281
2933
3411
3925
4349
4803
5127
5358
5601
5722
5791
5737
5638
5506
5193
4876
4434
3969
3432
2826
2284
1678
1151
568
87
-374
-805
-1154
-1485
-1699
-1944
-2146
-2333
-2484
-2630
-2813
-2914
-3050
-3173
-3294
-3410
-3466
-3578
-3670
-3720
-3722
-3746
-3768
-3716
-3684
-3664
-3579
-3481
-3287
-3185
-3003
-2698
-2427
-2057
-1709
-1168
-718
-214
371
963
1590
2081
2723
3258
3773
4212
4628
5031
5279
5508
5664
5742
5717
5593
5463
5201
4870
4481
3994
3520
2903
2352
1760
1203
654
123
-317
-774
-1107
-1425
-1651
-1842
-2031
-2187
-2332
-2457
-2611
-2715
-2833
-2951
-3062
-3185
-3271
-3361
-3454
-3526
-3524
-3544
-3547
-3522
-3484
-3440
-3423
-3336
-3233
-3082
-3000
-2776
-2511
-2250
-1880
-1507
-933
-476
82
662
1285
1866
2384
3018
3547
4061
4458
4853
5218
5423
5590
5712
5750
5677
5475
5284
4958
4586
4103
3622
3126
2502
1934
1340
810
245
-270
-695
-1102
-1426
-1754
-1962
-2153
-2358
-2517
-2663
-2777
-2939
-3045
-3149
-3246
-3334
-3441
-3473
-3542
-3608
-3633
-3606
-3585
-3542
-3463
-3374
-3304
-3237
-3118
-2965
-2795
-2649
-2350
-2104
-1788
-1424
-968
-396
91
706
1276
1894
2394
2942
3507
3990
4451
4801
5156
5389
5520
5622
5660
5623
5465
5230
4938
4519
4076
3532
3046
2487
1923
1368
822
322
-194
-619
-1011
-1328
-1623
-1884
-2079
-2265
-2441
-2593
-2718
-2821
-2954
-3041
-3130
-3199
-3258
-3318
-3325
-3382
-3410
-3417
-3382
-3346
-3291
-3211
-3122
-3072
-2977
-2868
-2694
-2540
-2329
-2021
-1800
-1437
-1102
-573
-83
464
1070
1627
2196
2646
3225
3673
4132
4501
4835
5106
5240
5330
5362
5324
5211
5005
4739
4362
3901
3418
2861
2367
1775
1277
748
286
-175
-613
-958
-1293
-1522
-1787
-1950
-2120
-2286
-2428
-2546
-2627
-2716
-2800
-2854
-2917
-2974
-3012
-3007
-3011
-3055
-3051
-3038
-3007
-2987
-2922
-2876
-2827
-2832
-2746
-2670
-2537
-2406
-2186
-1880
-1673
-1296
-957
-396
49
621
1211
1783
2329
2757
3335
3742
4180
4467
4786
5002
5119
5185
5186
5111
4950
4718
4431
4057
3591
3133
2608
2128
1549
1062
558
136
-285
-687
-1009
-1325
-1535
-1768
-1912
-2055
-2212
-2337
-2439
-2505
-2580
-2641
-2676
-2747
-2809
-2863
-2846
-2860
-2911
-2921
-2905
-2880
-2891
-2818
-2774
-2737
-2770
-2700
-2607
-2507
-2371
-2185
-1839
-1606
-1246
-890
-353
121
621
1206
1764
2329
2719
3233
3640
4024
4277
4525
4731
4839
4889
4885
4795
4619
4362
4085
3764
3329
2918
2445
2027
1470
978
486
78
-314
-711
-1021
-1347
-1574
-1806
-1947
-2059
-2196
-2308
-2384
-2416
-2462
-2500
-2497
-2531
-2562
-2622
-2593
-2585
-2616
-2644
-2628
-2571
-2597
-2524
-2462
-2387
-2415
-2393
-2267
-2178
-2033
-1927
-1605
-1342
-1041
-711
-287
211
611
1134
1611
2158
2555
2951
3347
3672
3932
4107
4291
4412
4441
4434
4337
4197
3957
3663
3403
3042
2700
2250
1887
1422
931
448
30
-288
-684
-1007
-1322
-1539
-1763
-1948
-2025
-2108
-2187
-2264
-2263
-2249
-2276
-2271
-2265
-2235
-2277
-2296
-2273
-2275
-2295
-2314
-2257
-2246
-2221
-2184
-2124
-2098
-2115
-2032
-1956
-1833
-1746
-1547
-1294
-1046
-743
-417
15
379
825
1253
1710
2129
2494
2879
3175
3455
3655
3836
3975
4026
4056
3994
3874
3700
3459
3223
2917
2626
2262
1896
1510
1067
649
215
-110
-445
-771
-1067
-1311
-1481
-1679
-1782
-1850
-1902
-1947
-1979
-1947
-1970
-1980
-1988
-1976
-1977
-2040
-2061
-2084
-2115
-2134
-2127
-2101
-2119
-2110
-2104
-2076
-2085
-2057
-1975
-1910
-1803
-1700
-1461
-1256
-978
-685
-313
69
422
882
1272
1724
2055
2444
2773
3041
3283
3460
3638
3717
3755
3752
3673
3538
3359
3139
2907
2600
2314
1962
1627
1238
865
496
137
-152
-474
-717
-961
-1133
-1286
-1410
-1477
-1532
-1572
-1599
-1611
-1609
-1661
-1679
-1695
-1736
-1787
-1852
-1887
-1945
-1986
-2011
-1990
-2004
-2048
-2023
-2034
-2015
-2023
-1952
-1881
-1829
-1707
-1605
-1348
-1197
-909
-639
-291
55
380
840
1162
1581
1867
2237
2522
2755
2963
3123
3272
3322
3351
3353
3274
3142
2986
2779
2582
2282
2032
1707
1413
1054
734
424
102
-148
-434
-618
-824
-966
-1074
-1161
-1199
-1240
-1253
-1261
-1284
-1275
-1322
-1336
-1374
-1423
-1476
-1535
-1586
-1641
-1676
-1723
-1734
-1755
-1805
-1803
-1826
-1820
-1822
-1808
-1756
-1750
-1638
-1600
-1410
-1294
-1089
-867
-619
-280
-19
389
670
1049
1347
1672
1968
2206
2436
2607
2786
2898
2966
3015
3000
2941
2861
2721
2595
2373
2188
1917
1672
1371
1078
807
510
285
6
-185
-384
-530
-644
-750
-802
-866
-910
-953
-1006
-1029
-1109
-1160
-1233
-1305
-1399
-1480
-1560
-1633
-1692
-1764
-1798
-1832
-1859
-1876
-1871
-1887
-1872
-1880
-1827
-1820
-1738
-1695
-1591
-1458
-1340
-1120
-935
-613
-374
-33
260
577
898
1181
1498
1740
2011
2210
2427
2592
2715
2810
2871
2889
2879
2816
2730
2583
2421
2209
1972
1723
1444
1192
905
668
398
182
-22
-185
-311
-435
-523
-612
-688
-749
-817
-874
-949
-1024
-1097
-1187
-1276
-1374
-1462
-1560
-1639
-1733
-1788
-1838
-1863
-1891
-1903
-1926
-1937
-1931
-1919
-1879
-1860
-1791
-1759
-1642
-1545
-1364
-1178
-941
-671
-419
-99
163
494
755
1067
1331
1614
1870
2097
2315
2480
2635
2749
2840
2886
2892
2848
2766
2639
2482
2279
2070
1816
1571
1291
1038
770
533
315
128
-19
-163
-270
-390
-480
-586
-660
-754
-827
-917
-992
-1086
-1182
-1283
-1394
-1491
-1604
-1685
-1776
-1816
-1881
-1899
-1950
-1965
-2008
-2017
-2026
-2023
-1999
-2013
-1969
-1971
-1854
-1767
-1569
-1409
-1166
-923
-635
-306
-8
343
617
974
1258
1605
1867
2146
2365
2579
2761
2908
3026
3082
3116
3072
3022
2884
2754
2535
2332
2062
1801
1523
1246
994
737
541
347
217
65
-56
-197
-311
-430
-538
-647
-758
-866
-981
-1095
-1230
-1354
-1498
-1606
-1732
-1812
-1908
-1966
-2041
-2090
-2148
-2201
-2254
-2300
-2322
-2359
-2363
-2419
-2400
-2409
-2284
-2180
-1983
-1805
-1546
-1247
-914
-521
-187
211
532
950
1293
1683
1987
2296
2566
2812
3033
3195
3327
3389
3425
3388
3328
3190
3030
2805
2571
2295
2023
1738
1463
1205
966
762
582
415
254
98
-44
-186
-318
-452
-595
-724
-872
-997
-1145
-1281
-1427
-1552
-1672
-1780
-1872
-1965
-2030
-2106
-2161
-2233
-2301
-2378
-2456
-2526
-2599
-2660
-2715
-2718
-2684
-2574
-2448
-2254
-2033
-1735
-1383
-1004
-580
-199
225
602
1028
1406
1780
2121
2435
2738
2988
3209
3369
3492
3563
3592
3579
3511
3398
3244
3033
2806
2517
2238
1913
1626
1319
1059
805
573
359
139
-38
-229
-379
-553
-699
-864
-1007
-1153
-1292
-1428
-1551
-1658
-1765
-1859
-1963
-2045
-2130
-2179
-2229
-2248
-2286
-2313
-2363
-2422
-2480
-2565
-2600
-2669
-2631
-2611
-2494
-2357
-2179
-1917
-1670
-1286
-955
-510
-105
331
755
1128
1534
1849
2214
2497
2791
3032
3231
3409
3520
3613
3649
3652
3621
3533
3422
3246
3035
2783
2487
2191
1851
1546
1206
921
631
377
144
-79
-267
-462
-628
-805
-962
-1122
-1270
-1417
-1542
-1663
-1759
-1864
-1954
-2061
-2168
-2261
-2352
-2396
-2452
-2456
-2496
-2500
-2543
-2578
-2606
-2658
-2641
-2676
-2589
-2549
-2385
-2228
-2009
-1728
-1470
-1069
-736
-251
157
629
1051
1437
1827
2134
2485
2745
3021
3242
3421
3579
3672
3748
3780
3764
3731
3609
3484
3263
3028
2741
2432
2125
1767
1454
1089
785
465
207
-42
-260
-463
-653
-833
-1010
-1169
-1331
-1471
-1619
-1732
-1855
-1943
-2046
-2132
-2229
-2323
-2410
-2490
-2527
-2565
-2559
-2570
-2557
-2564
-2566
-2556
-2555
-2491
-2468
-2358
-2282
-2108
-1938
-1719
-1445
-1186
-807
-475
-13
385
835
1235
1605
1974
2281
2617
2884
3154
3368
3539
3681
3767
3831
3860
3830
3777
3637
3475
3223
2947
2626
2282
1947
1582
1241
869
534
206
-75
-334
-557
-766
-950
-1135
-1300
-1462
-1616
-1755
-1901
-2016
-2133
-2218
-2302
-2363
-2421
-2466
-2499
-2513
-2512
-2499
-2474
-2439
-2399
-2357
-2318
-2282
-2243
-2183
-2125
-2030
-1934
-1787
-1619
-1413
-1170
-920
-599
-282
120
499
908
1290
1648
2002
2319
2641
2920
3196
3425
3608
3740
3822
3864
3875
3841
3771
3631
3452
3206
2920
2596
2233
1864
1476
1104
726
362
18
-302
-581
-827
-1043
-1224
-1397
-1541
-1688
-1808
-1926
-2036
-2137
-2224
-2287
-2336
-2350
-2355
-2326
-2292
-2227
-2161
-2084
-2016
-1944
-1879
-1811
-1758
-1724
-1695
-1676
-1642
-1612
-1557
-1498
-1395
-1257
-1071
-871
-637
-373
-73
274
624
984
1317
1653
1977
2292
2574
2826
3050
3238
3390
3481
3520
3510
3471
3396
3289
3126
2922
2666
2389
2079
1735
1372
994
633
275
-63
-400
-705
-976
-1210
-1403
-1575
-1725
-1858
-1967
-2054
-2125
-2193
-2251
-2292
-2305
-2297
-2268
-2222
-2158
-2080
-1984
-1881
-1781
-1686
-1599
-1513
-1440
-1387
-1350
-1323
-1289
-1255
-1210
-1167
-1108
-1015
-880
-704
-512
-293
-55
226
540
866
1188
1496
1803
2108
2401
2656
2871
3045
3191
3300
3352
3348
3291
3197
3079
2927
2728
2487
2207
1914
1604
1276
927
570
229
-94
-393
-679
-939
-1167
-1352
-1497
-1616
-1714
-1799
-1859
-1889
-1894
-1890
-1882
-1861
-1822
-1763
-1687
-1607
-1529
-1444
-1357
-1270
-1197
-1136
-1088
-1052
-1037
-1037
-1053
-1071
-1089
-1104
-1107
-1109
-1078
-1022
-923
-793
-626
-433
-213
47
330
630
933
1236
1539
1838
2121
2371
2581
2756
2896
2995
3041
3034
2977
2879
2744
2572
2357
2098
1812
1513
1201
879
552
221
-87
-378
-633
-866
-1065
-1231
-1358
-1448
-1515
-1557
-1594
-1606
-1599
-1567
-1523
-1475
-1426
-1368
-1299
-1218
-1138
-1068
-1006
-956
-914
-886
-869
-875
-898
-947
-1007
-1077
-1152
-1232
-1308
-1371
-1422
-1433
-1411
-1344
-1242
-1087
-892
-657
-383
-84
238
564
899
1231
1551
1850
2115
2343
2532
2682
2790
2856
2874
2851
2784
2681
2534
2345
2117
1859
1584
1297
1004
709
421
146
-112
-341
-538
-703
-833
-928
-994
-1033
-1060
-1074
-1070
-1059
-1034
-1003
-969
-938
-907
-872
-836
-798
-773
-757
-760
-773
-799
-832
-881
-947
-1028
-1125
-1225
-1335
-1440
-1543
-1629
-1699
-1732
-1729
-1683
-1590
-1445
-1251
-1019
-743
-441
-116
226
573
918
1248
1560
1839
2082
2285
2449
2572
2654
2700
2710
2682
2619
2517
2378
2201
1993
1756
1501
1235
965
701
449
210
-15
-210
-377
-511
-611
-683
-730
-759
-774
-779
-769
-759
-741
-726
-715
-710
-710
-714
-725
-738
-766
-804
-861
-927
-1007
-1094
-1192
-1293
-1406
-1526
-1643
-1756
-1857
-1946
-2006
-2038
-2029
-1986
-1895
-1755
-1571
-1341
-1075
-777
-458
-116
235
592
944
1281
1596
1881
2129
2340
2514
2648
2747
2806
2830
2817
2770
2683
2557
2395
2199
1974
1726
1470
1208
958
714
486
275
88
-66
-196
-295
-367
-420
-460
-486
-501
-509
-513
-511
-514
-521
-535
-556
-585
-623
-667
-729
-798
-886
-988
-1105
-1240
-1386
-1546
-1710
-1879
-2041
-2192
-2326
-2436
-2516
-2566
-2571
-2531
-2447
-2309
-2124
-1893
-1624
-1316
-983
-625
-250
133
518
898
1268
1611
1928
2207
2452
2658
2823
2945
3029
3070
3070
3028
2942
2813
2641
2435
2199
1949
1687
1428
1177
935
709
504
320
161
29
-80
-174
-257
-324
-380
-425
-461
-489
-515
-543
-575
-613
-659
-713
-778
-851
-931
-1028
-1134
-1254
-1393
-1551
-1722
-1906
-2091
-2267
-2432
-2572
-2685
-2766
-2810
-2811
-2764
-2667
-2517
-2317
-2061
-1762
-1423
-1049
-648
-233
190
614
1036
1444
1832
2192
2516
2797
3035
3222
3365
3462
3510
3520
3483
3400
3268
3091
2873
2619
2346
2058
1767
1484
1206
943
698
478
277
106
-44
-176
-290
-392
-484
-565
-628
-686
-735
-780
-827
-875
-936
-1002
-1077
-1162
-1253
-1354
-1469
-1592
-1729
-1880
-2045
-2222
-2403
-2578
-2739
-2880
-2992
-3068
-3103
-3092
-3034
-2924
-2759
-2539
-2266
-1947
-1583
-1178
-744
-288
177
642
1095
1534
1951
2336
2682
2982
3233
3434
3581
3678
3724
3722
3675
3580
3441
3255
3025
2757
2457
2142
1816
1494
1179
885
612
362
145
-42
-199
-328
-433
-521
-597
-662
-720
-768
-807
-845
-882
-921
-968
-1023
-1090
-1165
-1250
-1348
-1458
-1577
-1708
-1848
-2002
-2160
-2325
-2488
-2641
-2777
-2885
-2962
-2999
-2994
-2943
-2840
-2686
-2480
-2223
-1921
-1573
-1184
-761
-310
158
628
1099
1556
1992
2401
2770
3088
3357
3569
3730
3837
3891
3897
3854
3764
3630
3451
3229
2969
2672
2353
2016
1672
1333
1004
691
405
151
-70
-254
-403
-523
-621
-706
-776
-840
-896
-951
-999
-1048
-1092
-1142
-1198
-1257
-1324
-1398
-1481
-1571
-1671
-1781
-1897
-2023
-2156
-2295
-2431
-2561
-2679
-2773
-2841
-2873
-2873
-2834
-2753
-2628
-2457
-2243
-1980
-1678
-1335
-955
-548
-119
326
777
1224
1664
2081
2462
2801
3091
3331
3523
3663
3753
3799
3798
3751
3662
3530
3360
3152
2911
2641
2349
2041
1724
1409
1100
805
534
288
77
-105
-261
-399
-524
-639
-747
-848
-939
-1022
-1096
-1167
-1242
-1315
-1388
-1457
-1530
-1602
-1679
-1760
-1845
-1936
-2030
-2127
-2226
-2327
-2428
-2520
-2596
-2650
-2678
-2680
-2655
-2597
-2505
-2374
-2199
-1983
-1725
-1429
-1101
-744
-362
43
457
878
1295
1694
2068
2410
2715
2980
3198
3371
3501
3584
3623
3618
3571
3479
3347
3177
2975
2744
2484
2202
1906
1605
1307
1015
740
485
254
50
-135
-303
-458
-606
-743
-867
-978
-1077
-1164
-1247
-1326
-1404
-1479
-1550
-1615
-1681
-1744
-1808
-1873
-1939
-2005
-2072
-2141
-2216
-2295
-2366
-2431
-2476
-2503
-2517
-2509
-2478
-2418
-2325
-2194
-2020
-1810
-1564
-1286
-978
-639
-279
99
492
886
1275
1651
2013
2350
2657
2928
3162
3356
3505
3612
3674
3688
3658
3584
3469
3318
3130
2911
2660
2386
2101
1811
1519
1235
957
697
452
226
14
-183
-369
-547
-704
-852
-986
-1111
-1222
-1327
-1427
-1517
-1600
-1674
-1738
-1796
-1851
-1898
-1942
-1981
-2019
-2059
-2107
-2160
-2210
-2254
-2288
-2315
-2328
-2336
-2328
-2301
-2251
-2172
-2066
-1927
-1759
-1559
-1331
-1070
-784
-472
-143
201
551
908
1266
1609
1944
2257
2546
2808
3036
3229
3377
3486
3548
3569
3550
3484
3382
3240
3064
2856
2622
2367
2097
1818
1533
1243
959
680
411
153
-101
-339
-565
-775
-970
-1152
-1317
-1464
-1597
-1715
-1812
-1891
-1954
-2005
-2043
-2064
-2075
-2074
-2064
-2052
-2038
-2025
-2011
-1996
-1981
-1966
-1954
-1940
-1927
-1912
-1890
-1858
-1816
-1758
-1685
-1592
-1475
-1330
-1162
-969
-749
-507
-243
44
346
659
982
1303
1624
1938
2243
2526
2785
3014
3209
3369
3488
3566
3599
3588
3533
3433
3292
3109
2886
2633
2356
2056
1740
1414
1087
757
438
127
-164
-439
-695
-926
-1133
-1313
-1466
-1587
-1687
-1762
-1813
-1849
-1860
-1858
-1845
-1822
-1791
-1757
-1722
-1686
-1656
-1630
-1615
-1611
-1615
-1637
-1666
-1706
-1752
-1801
-1850
-1889
-1924
-1941
-1940
-1914
-1859
-1771
-1650
-1496
-1300
-1070
-805
-503
-173
181
556
943
1338
1733
2116
2484
2828
3139
3412
3643
3823
3956
4030
4045
4005
3906
3755
3550
3295
3001
2673
2320
1948
1566
1180
797
422
63
-276
-592
-882
-1140
-1368
-1565
-1727
-1858
-1958
-2032
-2081
-2109
-2114
-2102
-2073
-2028
-1975
-1913
-1849
-1787
-1723
-1668
-1626
-1594
-1575
-1570
-1576
-1591
-1610
-1636
-1666
-1692
-1716
-1731
-1729
-1707
-1661
-1590
-1488
-1354
-1185
-981
-743
-473
-171
156
509
880
1263
1648
2026
2387
2723
3027
3292
3516
3695
3818
3891
3903
3860
3760
3603
3394
3135
2837
2504
2148
1775
1394
1012
633
266
-85
-417
-719
-990
-1232
-1435
-1603
-1736
-1835
-1906
-1952
-1975
-1981
-1963
-1929
-1876
-1811
-1737
-1658
-1578
-1497
-1424
-1357
-1305
-1265
-1240
-1227
-1225
-1229
-1244
-1271
-1307
-1350
-1394
-1436
-1469
-1492
-1497
-1481
-1442
-1374
-1272
-1140
-973
-772
-536
-264
42
379
739
1108
1479
1848
2197
2525
2824
3085
3306
3481
3605
3675
3690
3648
3549
3395
3193
2944
2661
2345
2007
1647
1282
916
548
189
-153
-477
-776
-1042
-1275
-1471
-1635
-1764
-1863
-1931
-1973
-1987
-1976
-1941
-1882
-1806
-1714
-1610
-1502
-1396
-1295
-1203
-1125
-1058
-1004
-964
-931
-915
-909
-919
-948
-989
-1039
-1096
-1156
-1207
-1250
-1282
-1293
-1281
-1242
-1174
-1077
-948
-779
-574
-327
-46
259
587
922
1265
1601
1923
2224
2498
2733
2929
3083
3185
3242
3249
3207
3115
2977
2798
2582
2327
2043
1740
1417
1083
748
408
79
-236
-534
-811
-1056
-1270
-1451
-1602
-1716
-1799
-1852
-1870
-1861
-1825
-1760
-1676
-1575
-1461
-1337
-1214
-1093
-981
-882
-796
-720
-651
-596
-550
-520
-508
-512
-536
-577
-631
-696
-770
-846
-918
-986
-1041
-1080
-1101
-1101
-1074
-1012
-916
-780
-608
-402
-166
92
370
660
953
1244
1524
1788
2026
2238
2418
2563
2673
2750
2783
2775
2725
2634
2504
2336
2133
1900
1644
1369
1082
787
491
198
-86
-356
-606
-833
-1033
-1207
-1350
-1464
-1544
-1593
-1614
-1606
-1576
-1528
-1464
-1383
-1293
-1195
-1098
-1000
-905
-813
-720
-634
-549
-477
-417
-372
-345
-337
-348
-375
-423
-485
-562
-648
-742
-837
-930
-1018
-1093
-1143
-1170
-1165
-1123
-1050
-940
-797
-619
-412
-178
78
346
628
913
1193
1465
1721
1956
2166
2345
2487
2590
2651
2668
2636
2562
2442
2279
2083
1856
1603
1335
1051
760
471
185
-89
-345
-579
-791
-972
-1122
-1242
-1325
-1378
-1401
-1397
-1370
-1324
-1258
-1176
-1081
-974
-856
-739
-618
-499
-385
-276
-183
-106
-50
-17
-6
-22
-60
-125
-216
-326
-456
-600
-755
-916
-1075
-1228
-1363
-1475
-1560
-1611
-1627
-1601
-1531
-1421
-1267
-1076
-845
-588
-300
12
333
663
989
1307
1607
1882
2128
2330
2495
2616
2687
2706
2680
2605
2483
2317
2114
1877
1617
1341
1051
760
470
188
-76
-320
-540
-731
-893
-1019
-1111
-1171
-1196
-1186
-1148
-1084
-1001
-900
-789
-668
-541
-413
-287
-170
-66
24
94
144
166
160
128
66
-21
-130
-266
-419
-590
-772
-957
-1148
-1330
-1502
-1656
-1786
-1885
-1949
-1972
-1952
-1888
-1779
-1624
-1430
-1200
-934
-644
-331
-4
332
666
992
1300
1586
1843
2062
2245
2384
2478
2527
2530
2489
2405
2281
2121
1929
1715
1483
1236
986
737
494
266
52
-141
-311
-454
-569
-656
-715
-747
-747
-724
-676
-614
-539
-453
-364
-272
-182
-93
-16
52
106
144
161
157
131
79
2
-93
-206
-337
-482
-642
-808
-981
-1154
-1322
-1483
-1630
-1760
-1865
-1943
-1991
-2006
-1983
-1922
-1828
-1694
-1527
-1329
-1102
-853
-581
-300
-9
285
574
855
1118
1363
1583
1775
1933
2060
2152
2205
2226
2211
2164
2084
1979
1854
1707
1547
1377
1203
1027
855
692
536
393
265
155
62
-14
-71
-114
-140
-154
-155
-148
-139
-124
-107
-95
-88
-84
-91
-105
-132
-175
-230
-297
-376
-467
-565
-674
-788
-908
-1033
-1157
-1280
-1395
-1508
-1610
-1701
-1779
-1835
-1874
-1896
-1892
-1867
-1817
-1743
-1644
-1524
-1379
-1212
-1028
-828
-613
-387
-155
82
320
554
784
1002
1208
1399
1571
1721
1851
1955
2039
2094
2126
2134
2119
2082
2024
1949
1858
1753
1637
1514
1384
1251
1116
982
851
723
599
485
379
275
183
93
10
-62
-134
-200
-262
-322
-383
-439
-497
-557
-614
-674
-738
-804
-869
-939
-1009
-1083
-1157
-1234
-1312
-1389
-1465
-1536
-1608
-1673
-1730
-1781
-1822
-1848
-1861
-1860
-1843
-1806
-1752
-1676
-1578
-1457
-1317
-1156
-973
-774
-557
-324
-83
168
428
686
945
1199
1443
1673
1884
2077
2247
2392
2508
2594
2654
2679
2675
2644
2583
2493
2385
2252
2103
1933
1748
1557
1354
1145
938
729
525
327
133
-48
-220
-379
-527
-663
-789
-901
-998
-1083
-1157
-1218
-1271
-1312
-1341
-1365
-1379
-1388
-1392
-1390
-1386
-1380
-1376
-1373
-1371
-1369
-1374
-1379
-1392
-1404
-1415
-1429
-1438
-1443
-1444
-1436
-1413
-1381
-1328
-1261
-1177
-1068
-941
-791
-621
-430
-220
10
250
504
763
1024
1283
1531
1773
1990
2189
2363
2509
2622
2706
2752
2769
2748
2698
2616
2504
2369
2206
2020
1813
1591
1350
1108
850
597
337
92
-152
-374
-584
-769
-940
-1085
-1209
-1311
-1387
-1445
-1474
-1488
-1481
-1460
-1420
-1369
-1308
-1236
-1162
-1080
-1003
-922
-850
-782
-726
-678
-644
-624
-617
-627
-647
-687
-731
-789
-848
-916
-978
-1042
-1089
-1130
-1158
-1164
-1154
-1108
-1046
-945
-825
-662
-485
-266
-38
213
474
746
1019
1288
1546
1789
2013
2207
2378
2506
2604
2658
2680
2657
2604
2506
2379
2214
2017
1788
1534
1257
967
662
359
60
-232
-499
-744
-955
-1141
-1287
-1401
-1476
-1520
-1531
-1511
-1459
-1386
-1290
-1179
-1047
-916
-775
-639
-502
-371
-253
-148
-60
12
60
90
92
81
38
-21
-107
-210
-333
-466
-614
-763
-913
-1060
-1197
-1323
-1427
-1508
-1560
-1579
-1562
-1510
-1417
-1285
-1120
-916
-694
-436
-166
124
418
712
1001
1275
1531
1765
1971
2136
2274
2367
2427
2439
2421
2357
2256
2118
1938
1734
1499
1247
979
707
428
167
-85
-310
-506
-677
-812
-911
-979
-1014
-1015
-994
-932
-858
-749
-632
-497
-360
-214
-77
55
188
290
396
458
524
547
563
543
515
446
360
250
108
-47
-233
-416
-641
-843
-1071
-1281
-1498
-1686
-1863
-2015
-2133
-2218
-2268
-2283
-2250
-2185
-2080
-1938
-1759
-1551
-1318
-1052
-771
-491
-183
116
407
695
969
1219
1440
1647
1815
1955
2051
2130
2160
2156
2113
2056
1958
1827
1703
1537
1379
1210
1042
887
735
578
464
349
228
162
90
41
9
1
12
25
55
95
149
176
230
280
305
334
360
363
358
339
299
257
177
87
-6
-142
-285
-431
-606
-786
-960
-1155
-1343
-1506
-1698
-1841
-1976
-2110
-2182
-2269
-2294
-2304
-2285
-2232
-2123
-2031
-1864
-1675
-1487
-1249
-999
-729
-467
-165
99
404
661
918
1185
1385
1589
1774
1896
2029
2099
2128
2178
2152
2094
2037
1989
1818
1728
1603
1454
1296
1151
988
921
642
590
562
246
336
195
134
80
79
-9
140
-125
150
9
21
91
49
82
44
67
5
55
-142
14
-286
-158
-419
-422
-574
-704
-824
-963
-1100
-1268
-1354
-1578
-1606
-1822
-1867
-1995
-2063
-2133
-2167
-2203
-2198
-2150
-2137
-2039
-1928
-1820
-1660
-1482
-1278
-1071
-838
-579
-312
-62
227
508
770
1041
1289
1553
1756
1958
2165
2292
2440
2527
2604
2647
2643
2632
2588
2496
2409
2292
2134
2001
1815
1650
1462
1273
1096
900
726
551
391
221
103
-22
-161
-229
-321
-399
-452
-485
-537
-555
-592
-594
-613
-645
-634
-665
-687
-713
-739
-794
-844
-895
-974
-1052
-1135
-1217
-1326
-1414
-1518
-1625
-1722
-1828
-1907
-2003
-2066
-2118
-2148
-2176
-2150
-2116
-2071
-1973
-1861
-1724
-1553
-1357
-1138
-898
-629
-357
-53
245
555
867
1163
1463
1732
2002
2225
2444
2614
2754
2870
2935
2971
2968
2939
2846
2767
2612
2460
2280
2062
1860
1631
1393
1177
954
720
536
340
155
7
-135
-255
-350
-447
-487
-551
-588
-603
-606
-634
-621
-624
-643
-648
-666
-680
-731
-760
-816
-878
-959
-1041
-1129
-1256
-1369
-1491
-1634
-1777
-1895
-2026
-2145
-2238
-2321
-2374
-2411
-2411
-2382
-2335
-2243
-2118
-1965
-1780
-1552
-1293
-1015
-694
-363
-11
348
713
1063
1412
1736
2040
2322
2562
2788
2948
3091
3179
3227
3232
3190
3115
2991
2839
2655
2444
2208
1968
1711
1455
1201
948
713
476
270
75
-101
-244
-367
-460
-540
-591
-626
-647
-653
-648
-643
-635
-629
-630
-634
-646
-656
-677
-712
-751
-810
-880
-964
-1062
-1173
-1303
-1446
-1594
-1747
-1896
-2032
-2162
-2276
-2372
-2444
-2490
-2507
-2492
-2453
-2382
-2278
-2138
-1967
-1759
-1514
-1233
-924
-587
-230
137
511
880
1238
1582
1910
2206
2475
2715
2914
3077
3196
3270
3301
3289
3231
3134
2996
2828
2630
2407
2171
1924
1674
1419
1170
922
682
456
248
60
-105
-245
-362
-458
-532
-584
-619
-646
-659
-668
-673
-680
-687
-691
-697
-702
-711
-728
-754
-789
-838
-898
-972
-1061
-1166
-1279
-1403
-1528
-1650
-1769
-1878
-1979
-2066
-2135
-2183
-2211
-2218
-2200
-2158
-2089
-1996
-1873
-1717
-1535
-1319
-1075
-804
-517
-213
95
406
713
1011
1298
1566
1819
2045
2251
2426
2570
2681
2757
2796
2800
2768
2705
2607
2482
2336
2171
1991
1802
1612
1414
1212
1012
818
631
455
294
148
16
-97
-197
-282
-349
-407
-456
-500
-538
-574
-603
-628
-649
-666
-681
-697
-720
-745
-780
-826
-879
-944
-1019
-1101
-1192
-1284
-1378
-1469
-1554
-1633
-1704
-1766
-1814
-1849
-1872
-1877
-1866
-1836
-1789
-1720
-1629
-1513
-1374
-1207
-1018
-810
-588
-357
-119
124
367
608
840
1066
1282
1485
1674
1845
1992
2116
2214
2287
2329
2347
2337
2301
2245
2174
2084
1979
1866
1737
1600
1451
1297
1136
975
814
659
512
375
252
139
36
-57
-143
-221
-295
-367
-434
-497
-554
-608
-654
-697
-734
-768
-801
-835
-874
-917
-966
-1018
-1074
-1137
-1203
-1268
-1329
-1385
-1437
-1484
-1524
-1554
-1576
-1589
-1590
-1579
-1557
-1525
-1478
-1423
-1351
-1261
-1156
-1033
-897
-744
-579
-406
-225
-40
145
326
506
683
854
1019
1174
1319
1457
1580
1684
1771
1836
1879
1902
1906
1894
1868
1828
1778
1720
1654
1577
1488
1390
1280
1162
1038
908
778
647
524
407
303
207
119
36
-42
-116
-189
-259
-330
-400
-465
-530
-591
-645
-693
-736
-779
-824
-868
-918
-971
-1030
-1090
-1152
-1215
-1274
-1329
-1378
-1421
-1456
-1485
-1504
-1518
-1521
-1511
-1491
-1455
-1411
-1352
-1284
-1199
-1103
-995
-868
-730
-578
-416
-247
-69
110
289
466
636
801
958
1105
1245
1374
1495
1603
1699
1779
1839
1878
1895
1894
1876
1840
1793
1736
1670
1593
1509
1420
1322
1215
1103
982
859
733
603
478
358
244
140
41
-51
-136
-221
-300
-379
-455
-530
-609
-684
-757
-828
-893
-954
-1013
-1069
-1125
-1177
-1234
-1289
-1345
-1402
-1456
-1503
-1545
-1578
-1602
-1616
-1619
-1611
-1593
-1564
-1524
-1469
-1405
-1325
-1230
-1125
-1009
-880
-740
-592
-430
-262
-86
92
274
457
638
814
983
1143
1294
1434
1561
1672
1769
1853
1925
1980
2019
2042
2049
2037
2001
1953
1889
1814
1727
1629
1525
1412
1293
1168
1042
911
780
647
512
379
247
121
0
-115
-226
-331
-428
-521
-608
-693
-773
-853
-931
-1007
-1082
-1151
-1220
-1285
-1344
-1403
-1460
-1513
-1563
-1609
-1651
-1688
-1717
-1736
-1748
-1750
-1738
-1715
-1678
-1629
-1567
-1493
-1405
-1303
-1190
-1063
-923
-772
-613
-446
-271
-91
92
277
459
641
816
985
1144
1294
1433
1557
1672
1770
1851
1917
1965
1997
2014
2013
1996
1965
1925
1869
1798
1718
1627
1528
1420
1310
1193
1072
951
826
700
573
448
326
203
83
-32
-145
-255
-358
-460
-556
-650
-740
-827
-907
-985
-1059
-1129
-1196
-1261
-1321
-1376
-1429
-1474
-1517
-1551
-1584
-1611
-1626
-1634
-1635
-1627
-1608
-1582
-1541
-1491
-1431
-1359
-1275
-1180
-1073
-956
-827
-691
-546
-393
-235
-72
95
266
437
603
767
926
1079
1223
1359
1484
1593
1691
1774
1842
1893
1931
1954
1958
1950
1923
1882
1826
1759
1676
1585
1486
1374
1256
1129
998
865
727
586
449
313
174
36
-96
-225
-347
-467
-581
-690
-794
-891
-982
-1067
-1144
-1217
-1283
-1343
-1395
-1442
-1483
-1515
-1540
-1559
-1573
-1576
-1577
-1569
-1552
-1527
-1492
-1450
-1399
-1338
-1265
-1185
-1094
-997
-890
-773
-648
-516
-376
-233
-84
69
224
380
535
689
841
985
1122
1250
1368
1477
1571
1654
1723
1773
1808
1828
1831
1819
1791
1748
1691
1618
1534
1438
1333
1221
1101
975
847
717
584
452
321
195
71
-48
-162
-269
-367
-460
-546
-624
-695
-761
-820
-872
-916
-956
-992
-1021
-1049
-1071
-1092
-1109
-1122
-1133
-1143
-1149
-1154
-1155
-1153
-1150
-1143
-1131
-1117
-1097
-1072
-1042
-1005
-963
-910
-852
-787
-713
-634
-548
-458
-357
-251
-139
-22
95
216
337
458
578
697
813
922
1025
1122
1208
1286
1354
1408
1455
1488
1510
1520
1517
1501
1474
1436
1388
1328
1262
1190
1107
1020
926
827
724
622
517
412
309
207
104
3
-93
-186
-271
-355
-433
-506
-580
-645
-704
-759
-807
-851
-888
-925
-954
-982
-1005
-1024
-1039
-1051
-1062
-1069
-1073
-1071
-1068
-1060
-1051
-1038
-1023
-1003
-975
-946
-908
-868
-822
-767
-711
-648
-582
-509
-431
-347
-260
-165
-68
30
132
232
335
438
537
635
728
819
902
980
1051
1114
1172
1219
1260
1290
1311
1320
1322
1313
1296
1271
1237
1197
1150
1095
1033
967
899
821
742
665
583
498
413
323
234
145
57
-28
-112
-195
-280
-361
-441
-515
-589
-659
-726
-790
-847
-904
-953
-1003
-1043
-1083
-1114
-1146
-1169
-1188
-1199
-1204
-1206
-1200
-1191
-1169
-1148
-1114
-1078
-1030
-978
-916
-849
-779
-702
-622
-530
-440
-337
-239
-131
-27
83
189
301
407
516
618
713
806
892
977
1048
1117
1173
1228
1266
1300
1322
1339
1342
1341
1327
1304
1274
1235
1191
1137
1081
1015
947
869
793
711
627
538
447
354
260
164
70
-21
-113
-204
-294
-385
-472
-554
-637
-711
-786
-851
-917
-977
-1034
-1080
-1126
-1160
-1194
-1217
-1236
-1249
-1255
-1253
-1242
-1227
-1200
-1172
-1131
-1087
-1032
-975
-908
-838
-761
-680
-592
-500
-406
-311
-212
-111
-7
97
202
304
404
500
596
689
777
859
936
1006
1069
1126
1178
1220
1255
1281
1300
1313
1315
1313
1296
1278
1246
1212
1166
1121
1064
1004
936
863
787
706
623
533
440
343
248
149
56
-44
-141
-242
-338
-435
-524
-611
-697
-778
-857
-927
-996
-1054
-1111
-1160
-1204
-1239
-1266
-1290
-1299
-1308
-1305
-1299
-1282
-1259
-1221
-1183
-1134
-1087
-1027
-966
-893
-818
-735
-646
-558
-463
-371
-270
-173
-68
34
138
239
343
436
534
626
717
800
877
954
1018
1082
1132
1185
1220
1250
1271
1299
1300
1303
1297
1283
1254
1219
1191
1147
1093
1040
984
911
841
764
691
599
507
426
325
231
138
51
-55
-140
-240
-321
-419
-492
-581
-656
-731
-810
-866
-942
-977
-1053
-1069
-1129
-1131
-1200
-1158
-1208
-1192
-1206
-1168
-1175
-1138
-1112
-1070
-1028
-998
-911
-885
-789
-751
-633
-592
-467
-422
-302
-234
-137
-54
40
135
221
305
383
496
532
635
692
774
800
877
915
962
987
1024
1041
1061
1068
1059
1074
1047
1035
1006
984
936
911
863
817
767
729
656
605
553
478
406
335
264
187
115
46
-24
-94
-156
-240
-296
-353
-426
-483
-531
-597
-653
-706
-755
-803
-840
-868
-908
-915
-934
-974
-964
-971
-991
-957
-953
-951
-907
-900
-869
-811
-779
-733
-670
-619
-554
-469
-392
-322
-236
-162
-94
7
76
155
255
309
391
492
532
616
687
713
784
818
844
905
920
929
958
964
953
952
959
923
897
888
838
804
780
728
693
638
593
566
493
437
411
323
251
211
132
71
19
-52
-105
-153
-232
-283
-317
-388
-439
-474
-534
-580
-624
-685
-720
-749
-787
-820
-834
-838
-888
-911
-878
-904
-927
-876
-880
-873
-839
-821
-768
-727
-718
-637
-585
-554
-452
-378
-322
-239
-174
-99
-9
48
143
216
280
362
431
502
584
606
668
733
736
780
834
829
856
872
853
877
865
831
824
811
767
726
711
687
607
584
572
497
449
441
375
311
286
225
143
113
62
-10
-44
-100
-155
-191
-253
-294
-312
-375
-413
-433
-480
-521
-550
-587
-601
-639
-659
-638
-686
-704
-682
-712
-702
-692
-693
-660
-655
-639
-605
-573
-543
-513
-477
-424
-381
-322
-269
-212
-143
-118
-52
9
68
128
154
233
306
304
372
435
437
494
505
524
565
566
596
598
581
593
597
575
549
531
548
496
469
475
445
397
391
375
337
297
281
266
218
179
172
126
73
74
18
-26
-21
-93
-117
-129
-182
-201
-209
-255
-272
-303
-347
-347
-366
-407
-415
-430
-446
-431
-497
-497
-453
-488
-518
-463
-465
-481
-444
-445
-461
-410
-372
-383
-342
-303
-239
-244
-215
-119
-129
-131
-26
27
-13
65
156
144
142
229
270
210
274
424
390
66
584
754
-39
345
881
347
156
379
849
309
-3
775
544
212
205
708
449
63
281
692
234
-46
444
448
98
-23
371
240
-40
-44
224
20
-183
-42
40
-140
-253
-93
-149
-324
-282
-226
-337
-389
-358
-373
-438
-442
-427
-470
-469
-443
-481
-481
-469
-464
-496
-468
-437
-441
-383
-365
-372
-307
-251
-285
-244
-165
-159
-152
-91
-17
-14
-17
51
116
74
105
216
184
203
299
322
303
341
371
378
366
365
409
395
380
431
444
416
424
435
439
401
388
383
372
357
341
302
324
290
238
247
195
159
128
92
46
24
-5
-18
-69
-90
-106
-134
-205
-214
-232
-288
-319
-330
-357
-389
-378
-421
-390
-439
-427
-396
-454
-438
-434
-410
-427
-422
-372
-350
-323
-346
-281
-231
-259
-199
-179
-149
-125
-92
-32
-40
-3
46
74
74
108
156
194
199
215
289
287
284
311
329
343
311
345
354
328
356
378
352
363
368
346
352
316
310
303
274
244
255
235
177
181
170
130
88
47
47
2
-50
-45
-56
-116
-121
-109
-166
-198
-200
-225
-262
-283
-292
-304
-334
-336
-331
-355
-372
-347
-356
-367
-357
-339
-336
-313
-294
-282
-256
-233
-213
-187
-160
-144
-114
-87
-71
-58
-23
-4
25
37
63
104
121
136
173
199
218
229
268
268
275
295
307
305
299
321
320
307
316
328
316
312
308
305
289
269
270
257
229
214
207
178
151
140
117
86
62
40
16
-17
-41
-55
-90
-120
-134
-157
-191
-202
-215
-240
-260
-259
-274
-294
-304
-300
-311
-328
-324
-319
-335
-343
-326
-329
-337
-319
-296
-293
-277
-246
-215
-208
-183
-145
-127
-114
-84
-47
-40
-24
5
29
31
52
88
107
116
149
180
190
198
234
253
254
264
292
294
285
295
311
301
290
303
308
291
286
300
288
267
262
264
239
213
209
197
162
140
132
108
70
50
40
10
-21
-33
-47
-81
-106
-119
-146
-178
-197
-210
-234
-257
-268
-273
-290
-296
-298
-304
-310
-307
-305
-305
-301
-296
-293
-289
-282
-277
-265
-252
-231
-214
-190
-161
-138
-114
-89
-60
-37
-14
16
43
57
80
98
113
127
150
171
190
211
231
242
255
269
284
296
305
309
310
308
304
299
295
288
279
270
262
249
230
222
210
195
175
163
143
116
94
75
47
18
-1
-24
-57
-85
-99
-123
-151
-164
-175
-199
-218
-223
-240
-267
-275
-273
-290
-305
-301
-301
-317
-314
-296
-296
-305
-283
-261
-265
-259
-227
-213
-218
-194
-157
-151
-151
-112
-78
-70
-51
-2
24
26
57
99
109
115
153
184
186
194
230
243
236
249
276
277
268
283
296
289
281
294
295
278
268
267
261
246
242
240
225
202
183
165
145
125
104
91
69
42
18
1
-19
-38
-49
-65
-86
-110
-131
-148
-170
-187
-197
-210
-232
-246
-259
-273
-279
-279
-280
-281
-278
-274
-275
-274
-261
-253
-246
-232
-215
-212
-201
-180
-162
-153
-136
-107
-89
-78
-57
-34
-23
-10
21
48
58
72
95
110
113
131
161
171
176
194
213
209
208
226
233
225
228
240
236
220
220
221
206
192
191
189
171
162
161
145
125
116
110
88
72
73
65
48
34
24
5
-20
-29
-35
-52
-69
-79
-88
-104
-117
-117
-119
-127
-135
-138
-144
-156
-164
-162
-160
-167
-174
-170
-175
-185
-180
-169
-165
-169
-157
-140
-142
-140
-120
-105
-101
-95
-70
-56
-64
-49
-21
-16
-18
5
28
27
24
51
65
52
61
96
102
86
102
122
109
101
125
142
125
124
151
144
121
128
142
124
110
122
124
100
91
99
84
58
58
66
50
36
38
31
10
0
0
-10
-27
-31
-28
-37
-45
-40
-49
-60
-64
-69
-72
-75
-77
-80
-85
-82
-78
-77
-71
-62
-64
-69
-65
-59
-61
-62
-48
-38
-48
-43
-26
-32
-36
-25
-18
-16
-16
-3
8
0
3
17
19
17
24
34
39
35
36
47
47
42
44
52
48
37
44
55
41
36
53
46
25
28
45
34
18
32
40
14
8
27
19
-5
3
9
-12
-21
-3
-2
-28
-29
-20
-37
-51
-32
-21
-38
-46
-37
-44
-53
-46
-39
-48
-58
-47
-40
-51
-36
-18
-31
-35
-28
-27
-27
-26
-9
-6
-16
-2
15
11
14
27
23
13
14
27
28
21
38
46
31
36
48
39
30
33
36
35
36
44
39
28
29
25
20
24
23
17
15
14
12
10
12
10
-2
3
5
-5
-6
4
-4
-15
-8
-4
-18
-17
-2
-11
-24
-12
-9
-26
-25
-9
-17
-28
-19
-12
-28
-30
-10
-19
-37
-27
-15
-32
-31
-9
-9
-26
-25
-12
-20
-29
-14
-11
-27
-25
-10
-11
-21
-3
4
-16
-13
-2
-3
-7
-3
11
6
-2
19
27
12
20
25
15
7
14
26
15
15
38
33
23
31
33
24
16
24
33
21
28
41
18
17
32
23
18
17
20
23
12
22
21
6
20
14
0
15
11
2
0
-4
4
1
-5
0
-6
-8
-2
-15
-11
-6
-14
-16
-15
-26
-13
-5
-29
-24
-11
-19
-30
-33
-20
-18
-35
-19
-16
-28
-4
-16
-35
-15
-10
-20
-31
-27
0
-13
-25
-15
-23
-7
-5
-30
-4
4
-17
-16
-13
4
6
-11
1
-10
-1
27
-6
-1
12
-5
10
6
14
43
4
6
13
3
32
4
4
43
-7
17
51
-4
26
21
10
22
-15
48
48
-35
40
29
-9
32
6
25
7
2
55
-22
-7
50
-20
0
17
6
22
-14
4
11
-15
6
-4
-9
-3
-12
3
-4
-17
5
2
-30
-39
17
-6
-43
7
13
-21
-21
-11
-6
-21
-15
8
-28
-8
20
-19
-31
11
10
-22
-30
-1
8
-10
-1
-9
-14
6
-4
-32
6
19
-15
-27
1
1
2
7
-12
-28
-2
14
-16
-8
20
5
-33
2
27
4
-4
15
-7
-17
15
22
-6
-5
15
5
-2
14
25
-5
1
12
2
8
15
15
19
-4
3
22
12
9
1
24
20
-3
11
1
-8
20
0
4
17
6
12
-2
-12
3
8
3
-13
-13
21
5
-14
6
5
-17
-15
-11
-14
-3
4
-1
-14
-7
-5
-8
-4
-13
-11
3
-11
-9
-4
-11
7
-5
-17
-9
-4
-2
-9
-8
2
-16
-8
7
-15
-4
10
-12
-20
-9
10
8
-11
-4
-6
-11
0
-4
3
8
-9
-5
7
8
10
7
3
-5
-1
22
12
-10
7
7
-3
11
25
20
-1
1
14
5
9
15
4
2
0
8
16
8
7
7
1
5
11
7
2
-6
-1
5
1
1
9
8
0
-7
-5
-1
-3
5
1
-1
0
-6
-3
-2
-9
-9
-11
-18
-8
3
3
-10
-14
-8
-6
-3
2
-6
-11
-9
-6
-4
-2
0
-10
-17
-5
2
1
-2
-9
-9
-5
0
1
-6
-9
-5
-1
2
5
3
3
-2
1
6
4
1
0
2
2
5
8
7
2
2
4
3
-1
-2
1
7
8
11
8
-1
-2
2
6
5
0
-5
-5
-2
7
14
10
1
-6
-7
-2
5
4
-1
-4
-3
0
3
7
6
-1
-4
-4
0
3
0
-5
-7
-5
-3
2
1
2
-2
-1
-1
2
-2
-5
-9
-8
0
3
4
1
-1
0
2
2
-2
-6
-8
-8
2
8
9
4
3
-1
0
2
3
-1
-4
-5
-1
3
5
6
0
-3
-2
0
2
4
1
-2
-2
3
3
4
2
-6
-7
-3
1
6
7
4
0
-1
2
3
2
-3
-7
-7
-6
-1
2
3
3
0
0
2
2
-1
-1
-3
-4
-1
0
1
4
4
-1
-4
-5
-1
0
3
2
0
-2
-1
3
5
3
-1
-4
-4
1
1
2
0
-3
-1
3
3
2
0
-4
-4
-1
1
2
1
1
1
1
1
0
-3
-5
-8
-4
-4
-3
0
0
2
3
2
0
-2
-2
-4
-4
-1
1
5
5
1
1
2
2
1
1
-3
-8
-8
-3
4
8
9
2
0
0
-3
-1
-1
-3
-6
-3
-1
2
7
5
2
1
-2
-1
0
-1
0
-1
0
2
4
6
4
2
1
0
-1
1
3
0
2
2
1
2
4
3
1
-1
0
-2
-1
2
1
1
-1
-2
-1
5
5
2
1
-3
-6
-6
0
0
-2
0
0
-1
2
6
2
-3
-5
-5
-6
-2
2
1
1
0
-3
-2
2
2
-1
-1
-5
-7
-2
-1
-3
-4
-3
-6
-4
0
-1
0
2
1
-3
-4
-3
-4
0
4
3
1
0
-2
0
2
2
2
0
-5
-4
0
1
4
8
6
2
2
3
-1
0
2
-2
-1
1
1
3
5
3
3
3
1
0
-1
-1
0
1
2
1
5
6
4
1
1
-1
-4
-1
-1
-1
1
1
1
2
3
2
0
-2
-3
-4
0
0
1
2
0
0
3
4
3
1
1
-2
-4
-4
-1
0
-2
-1
-1
0
0
1
-1
-1
0
-5
-3
-1
-1
1
1
1
-4
0
3
0
0
0
0
-1
-1
-1
-3
-2
-2
-3
-4
-2
-3
-1
1
4
1
0
-1
-2
-1
2
2
-1
-2
-3
1
2
5
3
0
-2
-2
1
1
0
1
1
-1
1
4
3
0
1
-1
-4
-2
-1
-1
1
1
1
0
0
1
0
2
2
2
-2
0
2
0
1
-2
0
-1
-2
0
1
1
1
2
2
2
2
1
-1
0
-1
0
1
1
1
1
-1
0
0
0
-2
0
0
0
0
0
-1
-1
-1
-2
-1
-1
-2
0
-1
0
2
2
0
-1
-1
-1
-1
-2
-1
0
-1
1
3
1
0
0
0
-1
-1
-1
-2
-2
0
1
2
2
0
1
-1
-2
-2
-2
-1
-1
-1
-1
0
2
1
1
1
-1
-3
-3
-2
-3
-4
0
0
0
1
2
3
1
0
-1
-1
0
-1
0
-1
-1
2
3
1
1
0
0
1
-1
-1
-1
-2
-2
0
3
1
1
2
0
-1
-1
0
-1
1
3
2
2
1
-1
0
1
0
0
-2
-1
-1
-3
-2
0
0
3
4
1
1
-2
-2
-3
0
0
0
1
0
-3
-3
-1
1
2
4
2
1
0
-1
0
2
3
3
2
0
-2
-1
0
2
5
3
1
0
-2
-2
2
2
2
1
-2
-6
-6
-4
-2
1
2
1
-2
-1
2
4
5
6
4
-1
-5
-7
-6
-5
-2
1
2
0
-2
-3
2
4
5
5
1
-3
-6
-5
-3
-3
-3
-1
-1
0
0
0
1
2
2
0
-2
-5
-6
-4
-1
3
6
6
6
3
-2
-4
-5
-3
-1
1
-1
-2
-6
-8
-6
-1
5
8
7
3
-3
-10
-12
-7
-2
2
4
2
-1
-2
-3
-2
2
8
9
5
2
-2
-5
-3
1
4
5
3
1
-3
-3
-2
-2
2
1
1
1
0
0
0
-1
1
1
2
5
7
6
4
-2
-4
-6
-5
0
2
2
-1
-5
-8
-8
-1
6
11
12
6
-1
-7
-7
-4
3
7
7
3
-3
-8
-9
-4
6
12
13
8
1
-5
-5
-1
7
11
8
3
-6
-11
-8
-1
7
10
7
2
-5
-7
-4
2
8
9
2
-5
-13
-11
-6
2
7
6
3
-3
-4
-3
1
8
10
6
2
-7
-12
-10
-6
0
4
4
1
-3
-3
-3
3
6
7
6
0
-7
-8
-8
-5
-1
-1
1
-1
-4
-5
-3
-1
3
4
3
-2
-5
-5
-3
2
7
9
7
3
-3
-7
-5
0
4
5
3
-2
-8
-10
-9
-3
4
7
8
3
-3
-8
-10
-7
-2
4
8
7
1
-3
-6
-5
0
5
9
8
4
-2
-5
-7
-5
2
4
7
5
0
-6
-7
-6
1
2
6
5
2
-1
-4
-4
-2
0
4
5
4
1
-3
-6
-6
-3
-1
1
2
1
1
0
-1
-1
1
4
8
7
3
-2
-7
-7
-7
-3
1
1
0
-2
-3
-4
1
3
8
9
8
6
4
3
3
5
4
3
0
-2
-2
-1
0
1
2
0
-2
-2
-3
-1
0
1
2
-1
-3
-5
-5
-3
1
3
3
3
2
2
2
3
4
2
0
-2
-6
-9
-10
-8
-4
-2
-1
0
4
6
6
3
4
3
4
4
