SAMPLES:	19032
BITSPERSAMPLE:	16
CHANNELS:	1
SAMPLERATE:	16000
NORMALIZED:	FALSE
0
0
0
-1
0
-1
1
0
1
0
1
0
1
1
2
2
0
0
0
-1
-1
0
0
0
0
1
0
0
0
-1
0
-1
-1
-1
0
0
-1
1
0
1
1
0
-1
-1
-1
0
1
0
0
0
0
-1
-1
0
2
2
0
1
0
0
0
0
0
0
1
0
-2
-1
1
0
0
0
1
0
1
0
0
-1
-1
0
0
1
-1
-1
0
-1
-1
0
0
0
-1
0
1
0
0
-1
-2
-1
0
0
1
1
0
1
0
0
0
1
1
0
0
0
1
0
1
0
0
0
-1
0
0
0
-2
-1
1
-2
0
0
0
0
0
0
1
0
0
-1
-1
0
0
1
0
0
1
-1
0
1
1
0
1
2
-1
-1
-1
0
1
0
0
-1
-1
1
1
1
0
0
-1
-1
0
-1
-1
0
-1
-1
-1
-1
0
1
2
0
0
0
0
0
0
0
1
0
-1
0
1
0
0
0
0
0
-1
1
-1
0
0
0
1
0
1
-1
0
1
1
0
1
0
2
1
1
0
0
0
1
-1
1
0
1
1
1
1
0
0
1
0
1
0
-1
1
1
0
-1
0
0
1
1
0
-2
0
1
-1
1
0
0
1
-1
-1
-1
-1
-1
-1
0
1
-1
0
-1
-1
-1
-1
-1
0
-1
-1
0
1
0
1
1
1
0
-2
-1
0
-1
-2
0
0
-1
-1
-2
0
-1
-1
0
0
0
-1
-1
0
0
-2
0
1
1
-1
1
0
-1
0
-1
0
0
1
0
1
1
1
0
-1
0
1
0
0
1
0
1
0
1
1
-1
1
1
0
1
1
1
1
1
0
0
0
0
1
1
0
-1
1
0
1
1
0
0
0
1
0
0
-1
1
0
0
2
0
-1
0
0
-1
1
1
0
0
0
0
0
0
1
0
0
1
1
0
1
0
1
1
0
1
1
0
1
1
1
0
0
-1
0
0
0
1
2
1
0
-1
0
0
1
1
-1
0
-1
-1
-1
0
-1
-1
0
-1
-1
0
0
0
0
0
0
-1
0
0
-1
0
-1
0
-1
0
0
0
0
-1
-1
-2
-1
-1
-1
-1
0
-1
0
-1
1
1
0
-1
-2
-2
0
-1
1
0
0
0
-1
-1
0
0
0
2
1
1
2
0
1
-1
-1
0
0
0
1
1
-1
0
0
0
0
0
1
0
0
0
-1
0
1
0
-1
0
-1
1
-1
-2
-1
1
0
0
0
0
-1
-1
0
-1
0
1
-1
0
0
-1
-1
-1
-1
0
0
0
0
-1
0
0
0
0
0
0
-2
0
1
1
0
0
-1
2
1
0
1
1
1
0
0
1
0
1
2
2
-1
-1
0
-2
0
0
1
1
1
1
1
1
1
1
1
1
0
0
0
0
0
0
1
0
1
1
0
-1
-1
0
-1
-2
-2
-2
0
2
0
0
0
-1
-1
-1
-1
0
-1
0
0
-1
-2
-2
0
0
-1
1
-1
0
0
0
1
0
0
0
-1
0
0
1
1
2
1
1
0
0
1
0
0
1
0
1
0
-1
1
1
1
0
0
1
1
1
1
2
1
0
1
0
-1
0
0
0
-1
-1
0
1
0
0
0
-1
1
0
1
1
0
0
0
-1
0
-1
-1
-1
1
-1
-1
-1
-1
-1
0
-1
-1
0
0
-1
-1
1
-1
-1
-2
0
0
-1
0
1
0
0
0
0
1
0
0
-2
-2
0
-1
0
0
-1
-1
0
0
0
0
1
-1
2
0
1
-1
-1
0
1
1
0
1
1
2
2
1
1
1
1
1
0
1
1
0
0
0
0
0
1
0
-1
0
-1
-3
-2
-1
-1
-1
-1
-2
-2
-3
-2
-1
-2
-2
-2
-1
-2
-2
-1
-2
-1
-2
-1
0
-1
0
1
-1
0
2
1
-1
-1
1
-2
1
1
0
1
1
3
1
1
1
2
1
1
1
3
2
1
2
2
3
2
2
1
0
2
3
1
1
2
2
1
1
1
1
2
1
2
0
1
1
2
2
1
0
1
0
1
2
-1
0
-1
0
2
1
1
-2
0
-1
-1
0
-1
-1
-1
-1
-3
-1
-1
-1
0
-1
-1
-1
-1
-2
-2
-3
-1
-2
-2
-2
-1
-1
-2
-1
0
-2
1
0
-1
-1
-1
-1
0
0
0
0
-1
1
1
1
0
0
0
0
0
0
1
2
1
-1
-1
1
0
-1
0
1
1
1
1
1
1
0
0
1
0
1
1
0
1
1
1
0
-1
0
0
-1
-1
0
-1
-2
0
1
0
-1
-1
1
0
-1
-1
-1
-1
0
-1
-1
-1
-1
-1
-2
-2
-1
-1
0
-2
-1
-1
-1
-1
-1
0
1
1
-1
0
-1
-1
0
0
1
0
-1
0
2
0
1
1
0
2
0
0
0
0
1
1
2
2
2
1
2
1
1
1
1
1
0
0
1
1
0
1
1
2
1
2
2
1
1
0
0
2
0
0
1
1
0
-1
-1
-1
-1
-1
0
1
0
0
0
0
2
0
0
0
1
2
1
1
1
0
-1
-1
-2
-1
-1
-1
-1
-1
2
2
2
3
2
3
2
1
0
-1
-3
-3
-1
0
-2
-2
-1
1
2
3
4
5
4
4
4
3
3
2
1
1
-2
-3
-4
-4
-4
-4
-3
-4
-3
-2
-2
0
1
5
7
8
13
15
17
19
21
21
23
25
24
25
23
22
21
17
16
12
11
8
4
0
-5
-12
-18
-23
-28
-36
-42
-48
-54
-60
-65
-68
-72
-73
-72
-69
-65
-60
-55
-48
-40
-34
-26
-16
-7
2
9
16
26
32
38
43
49
52
53
57
59
59
60
62
65
68
74
79
83
87
89
93
94
93
86
76
63
46
29
10
-11
-32
-57
-80
-98
-114
-130
-141
-150
-155
-157
-153
-143
-128
-112
-97
-79
-57
-34
-11
12
37
59
78
95
110
121
125
121
114
103
87
70
52
34
18
4
-1
0
9
18
31
48
63
79
90
96
93
78
57
32
1
-33
-72
-109
-147
-184
-215
-237
-256
-270
-276
-277
-270
-256
-236
-203
-164
-124
-80
-30
25
79
135
189
239
284
319
347
366
370
359
338
310
275
233
191
155
122
93
75
67
69
72
82
92
100
100
92
75
46
5
-47
-105
-165
-229
-295
-357
-411
-455
-493
-522
-538
-543
-543
-532
-509
-476
-432
-381
-316
-242
-163
-79
7
99
191
277
355
426
484
523
544
552
544
516
479
437
394
351
311
280
259
248
241
245
254
262
266
261
250
223
180
126
63
-14
-98
-187
-275
-361
-441
-511
-566
-612
-649
-674
-684
-685
-675
-653
-618
-571
-515
-447
-361
-268
-172
-71
38
151
259
356
444
518
569
594
604
594
561
508
448
392
334
271
223
190
167
154
149
163
181
190
192
190
181
152
108
59
4
-63
-145
-218
-279
-342
-402
-446
-474
-499
-522
-531
-528
-521
-511
-492
-462
-425
-380
-318
-245
-169
-83
20
123
224
332
434
514
572
618
649
641
601
556
505
428
342
272
224
177
130
112
121
138
146
158
173
173
138
83
28
-39
-133
-245
-343
-424
-509
-589
-632
-646
-659
-669
-654
-620
-588
-563
-534
-494
-448
-402
-354
-287
-193
-93
5
119
263
400
508
611
721
797
810
805
801
752
645
532
440
329
188
69
2
-66
-146
-189
-179
-163
-167
-152
-104
-59
-45
-27
20
70
96
118
169
237
287
321
371
431
453
428
393
350
261
118
-40
-192
-360
-545
-719
-856
-962
-1049
-1108
-1129
-1114
-1078
-1030
-967
-886
-787
-687
-597
-482
-335
-191
-57
103
299
487
640
796
961
1083
1141
1180
1200
1162
1064
950
825
664
482
319
171
15
-124
-210
-266
-321
-347
-326
-284
-249
-209
-137
-52
8
55
126
223
293
338
409
514
583
601
628
667
648
552
440
328
165
-61
-294
-500
-708
-931
-1127
-1263
-1358
-1444
-1496
-1485
-1436
-1380
-1299
-1182
-1040
-889
-716
-521
-315
-92
147
380
601
829
1045
1209
1317
1406
1455
1427
1335
1223
1085
889
659
447
257
51
-148
-288
-382
-467
-532
-538
-502
-466
-417
-327
-216
-127
-34
103
243
357
477
627
758
843
917
980
986
920
831
711
521
273
11
-250
-528
-813
-1065
-1276
-1462
-1610
-1700
-1739
-1748
-1727
-1652
-1536
-1389
-1213
-1009
-783
-528
-229
78
374
674
983
1240
1437
1607
1753
1818
1779
1690
1583
1401
1125
847
598
322
6
-257
-437
-606
-772
-854
-862
-849
-839
-779
-657
-528
-387
-232
-30
183
379
574
792
999
1131
1208
1289
1345
1308
1189
1020
798
500
158
-194
-555
-923
-1275
-1577
-1800
-1966
-2111
-2214
-2231
-2167
-2084
-1974
-1800
-1563
-1301
-1035
-682
-237
160
504
892
1338
1667
1875
2130
2352
2362
2241
2161
2031
1717
1348
1047
728
330
-48
-300
-497
-694
-876
-964
-984
-1009
-1027
-975
-795
-630
-520
-325
-5
282
483
737
1054
1249
1326
1466
1634
1628
1427
1229
1027
678
205
-240
-641
-1089
-1543
-1887
-2127
-2355
-2584
-2738
-2731
-2651
-2590
-2502
-2255
-1897
-1614
-1289
-727
-142
286
697
1297
1852
2128
2405
2757
2948
2853
2716
2674
2472
2047
1607
1256
884
355
-84
-315
-525
-846
-1116
-1168
-1190
-1314
-1336
-1138
-948
-863
-700
-324
20
251
532
898
1191
1329
1512
1741
1800
1645
1447
1255
919
403
-89
-536
-1017
-1516
-1926
-2213
-2477
-2751
-2950
-2964
-2870
-2819
-2743
-2469
-2086
-1815
-1502
-883
-242
193
628
1307
1918
2191
2489
2899
3120
3002
2876
2900
2708
2240
1773
1421
1034
452
-18
-277
-538
-893
-1193
-1247
-1257
-1373
-1390
-1198
-979
-858
-709
-356
-1
251
518
869
1205
1382
1560
1782
1866
1759
1561
1343
1007
506
1
-513
-1019
-1516
-1967
-2319
-2590
-2821
-3032
-3069
-2914
-2795
-2698
-2405
-1997
-1755
-1487
-868
-252
107
518
1224
1776
1992
2340
2798
2946
2806
2811
2909
2664
2211
1847
1521
1070
514
114
-186
-525
-871
-1099
-1130
-1135
-1219
-1196
-991
-761
-638
-499
-186
111
308
523
845
1154
1287
1425
1636
1733
1628
1422
1228
907
415
-106
-623
-1142
-1684
-2156
-2513
-2777
-2973
-3141
-3124
-2924
-2726
-2539
-2225
-1786
-1515
-1246
-697
-143
210
547
1168
1676
1877
2185
2597
2767
2652
2660
2807
2597
2179
1849
1577
1149
578
214
-78
-423
-768
-955
-925
-933
-1022
-995
-777
-551
-512
-415
-127
78
147
298
626
823
831
978
1206
1263
1128
1007
892
586
167
-258
-709
-1193
-1688
-2094
-2384
-2594
-2737
-2846
-2749
-2496
-2281
-2058
-1725
-1283
-989
-727
-240
246
583
845
1331
1811
1990
2173
2467
2670
2595
2485
2577
2450
2088
1734
1493
1204
690
321
56
-192
-470
-711
-720
-720
-775
-839
-748
-533
-518
-550
-410
-222
-165
-200
-14
162
133
121
216
327
194
22
-61
-194
-462
-828
-1111
-1367
-1675
-1954
-2083
-2098
-2140
-2157
-1967
-1676
-1446
-1238
-922
-554
-270
13
365
697
970
1213
1500
1766
1930
2027
2094
2147
2123
2007
1899
1763
1581
1357
1138
956
720
520
316
172
45
-69
-115
-159
-141
-154
-160
-131
-91
-60
-81
-81
-41
-54
-106
-182
-225
-324
-502
-613
-718
-885
-1117
-1269
-1386
-1580
-1768
-1867
-1917
-1962
-1929
-1815
-1664
-1474
-1217
-932
-640
-327
-50
205
504
809
1013
1148
1358
1535
1591
1628
1682
1673
1527
1417
1346
1170
938
751
656
521
354
276
248
225
157
172
233
247
272
356
471
488
490
554
598
583
542
530
487
385
252
67
-134
-372
-641
-929
-1166
-1398
-1694
-1938
-2094
-2217
-2373
-2402
-2310
-2227
-2132
-1934
-1612
-1321
-1012
-631
-252
73
388
730
1029
1238
1439
1603
1726
1778
1816
1815
1702
1583
1442
1300
1079
821
625
408
236
53
-42
-73
-133
-113
-44
124
216
259
440
646
752
765
860
1010
964
887
888
860
721
518
431
219
-110
-443
-727
-1002
-1377
-1712
-1997
-2237
-2475
-2709
-2815
-2794
-2738
-2637
-2464
-2159
-1872
-1512
-1046
-560
-129
184
611
1008
1315
1489
1640
1859
1947
1946
1962
1971
1859
1589
1456
1358
1067
729
455
333
61
-190
-315
-397
-412
-449
-310
-108
125
332
513
835
1149
1272
1366
1531
1730
1656
1504
1506
1388
1146
807
652
352
-141
-598
-966
-1307
-1819
-2259
-2589
-2868
-3203
-3466
-3533
-3468
-3411
-3292
-3020
-2614
-2210
-1761
-1163
-551
-11
375
871
1375
1720
1883
2060
2362
2453
2394
2369
2394
2189
1814
1611
1462
1064
581
283
98
-242
-591
-748
-822
-883
-888
-707
-432
-119
170
504
943
1375
1629
1828
2139
2376
2360
2257
2275
2156
1795
1449
1198
773
133
-459
-922
-1484
-2119
-2674
-3125
-3564
-4005
-4263
-4353
-4346
-4308
-4160
-3808
-3363
-2895
-2345
-1658
-916
-281
295
927
1550
2009
2318
2678
3038
3159
3139
3174
3166
2893
2493
2218
1927
1446
950
564
238
-191
-598
-860
-1017
-1143
-1256
-1151
-884
-623
-410
-49
497
946
1284
1679
2139
2404
2515
2677
2803
2667
2388
2172
1917
1398
769
216
-360
-992
-1695
-2320
-2928
-3556
-4059
-4448
-4619
-4789
-4932
-4820
-4565
-4220
-3905
-3432
-2762
-2209
-1524
-852
-233
438
1039
1770
2219
2750
3271
3453
3646
3744
3846
3537
3114
3023
2671
2140
1568
1172
796
113
-233
-486
-762
-1033
-1223
-1099
-1091
-1015
-813
-512
-84
251
606
1025
1419
1839
2120
2442
2693
2761
2768
2702
2574
2250
1791
1375
869
213
-519
-1245
-1886
-2607
-3244
-3738
-4194
-4585
-4892
-4956
-4950
-4907
-4661
-4322
-3905
-3478
-3034
-2454
-1864
-1148
-599
-3
753
1395
1928
2350
2951
3324
3423
3607
3804
3788
3393
3036
2890
2505
1941
1402
1106
730
135
-206
-385
-548
-830
-902
-742
-661
-631
-463
-107
279
550
850
1270
1679
1956
2154
2449
2699
2718
2658
2620
2495
2133
1644
1249
772
90
-682
-1431
-2056
-2772
-3464
-4025
-4454
-4755
-5072
-5100
-5017
-4954
-4856
-4563
-4067
-3666
-3312
-2845
-2491
-1805
-1062
-325
172
880
1850
2412
2962
3590
4078
4054
3953
4275
4289
3784
3213
2875
2627
2024
1517
1142
751
276
-146
-222
-413
-718
-1016
-1018
-932
-934
-925
-798
-452
-138
208
641
1188
1626
1919
2390
2851
3046
2997
2965
2992
2659
2181
1702
1191
549
-323
-971
-1683
-2416
-3154
-3742
-4092
-4570
-4890
-5105
-5134
-5107
-5157
-5020
-4776
-4496
-4212
-3919
-3385
-3009
-2381
-1531
-639
139
922
2057
2897
3550
4174
4745
4956
4843
4949
4958
4527
3934
3519
3232
2620
1999
1604
1178
707
227
-3
-320
-718
-1088
-1360
-1446
-1535
-1673
-1696
-1428
-1010
-702
-292
413
1075
1571
2092
2780
3208
3244
3283
3380
3177
2596
2011
1527
777
-236
-1059
-1780
-2490
-3331
-3878
-4260
-4637
-4971
-5230
-5224
-5201
-5256
-5216
-5001
-4713
-4500
-4212
-3687
-3265
-2476
-1532
-507
381
1457
2716
3541
4274
5038
5656
5691
5506
5549
5404
4743
4077
3603
3130
2281
1648
1291
816
258
-139
-277
-598
-1028
-1391
-1510
-1615
-1798
-1998
-1817
-1472
-1190
-892
-265
569
1144
1684
2465
3178
3421
3417
3585
3582
3035
2346
1731
1021
-104
-1162
-1913
-2608
-3408
-4130
-4436
-4642
-4900
-5128
-5128
-4917
-4868
-4892
-4713
-4410
-4131
-4011
-3607
-3165
-2561
-1678
-705
313
1318
2527
3511
4236
5080
5710
5872
5612
5499
5406
4744
3975
3347
2873
2130
1350
1026
648
172
-217
-241
-315
-714
-1060
-1185
-1224
-1466
-1760
-1767
-1514
-1337
-1143
-681
88
724
1231
1968
2784
3185
3226
3365
3505
3115
2353
1734
1076
95
-1030
-1827
-2391
-3115
-3801
-4190
-4226
-4419
-4672
-4687
-4439
-4290
-4430
-4392
-4120
-3875
-3849
-3694
-3289
-2911
-2199
-1287
-268
627
1710
2829
3618
4446
5220
5587
5437
5317
5401
4976
4158
3510
3062
2527
1711
1275
973
528
94
-37
26
-276
-698
-923
-975
-1158
-1587
-1835
-1775
-1610
-1515
-1273
-644
61
574
1177
2046
2752
2965
3132
3450
3422
2855
2200
1704
973
-48
-981
-1634
-2223
-3000
-3582
-3811
-3934
-4284
-4502
-4364
-4195
-4317
-4529
-4330
-4138
-4088
-4211
-3889
-3626
-3179
-2328
-1399
-430
406
1733
2780
3670
4617
5340
5632
5565
5786
5813
5167
4470
3964
3560
2831
2052
1667
1111
626
182
72
-160
-614
-972
-1180
-1324
-1705
-2134
-2301
-2166
-2057
-1939
-1543
-798
-151
408
1225
2204
2834
3127
3550
3906
3761
3190
2700
2164
1301
247
-627
-1330
-2185
-3005
-3539
-3799
-4237
-4635
-4747
-4673
-4715
-4954
-4959
-4791
-4694
-4759
-4655
-4361
-4080
-3228
-2336
-1332
-476
831
2296
3230
4322
5277
5956
5989
6096
6427
6037
5224
4600
4168
3512
2462
1851
1286
652
31
-307
-475
-921
-1311
-1557
-1641
-1854
-2208
-2388
-2214
-1990
-1820
-1488
-740
119
710
1447
2502
3378
3750
4079
4570
4633
4069
3415
2829
2031
840
-284
-1184
-2091
-3044
-3872
-4225
-4665
-5138
-5430
-5385
-5195
-5418
-5466
-5254
-4916
-4875
-4838
-4483
-4144
-3232
-2443
-1408
-558
727
2215
3089
4219
5196
5904
5852
5867
6316
5930
5066
4391
3970
3379
2222
1597
1060
431
-254
-649
-687
-1096
-1519
-1716
-1612
-1666
-1955
-1981
-1669
-1386
-1193
-825
-19
795
1317
1980
2970
3729
3964
4234
4647
4637
3967
3254
2644
1812
583
-621
-1516
-2415
-3432
-4298
-4654
-5020
-5579
-5814
-5625
-5397
-5557
-5510
-5127
-4702
-4615
-4402
-4172
-3613
-2728
-1964
-1068
-279
1113
2206
3015
4141
5095
5550
5285
5529
5949
5368
4545
3971
3716
3002
1922
1460
966
371
-356
-585
-534
-997
-1463
-1502
-1235
-1308
-1594
-1411
-1018
-819
-696
-238
584
1122
1487
2115
3033
3501
3550
3865
4216
4000
3275
2713
2228
1350
181
-791
-1518
-2396
-3424
-4125
-4406
-4869
-5486
-5585
-5336
-5348
-5533
-5411
-4913
-4678
-4635
-4358
-4164
-3345
-2668
-1844
-1081
-129
1188
1890
2946
4106
4932
5027
4945
5719
5815
5091
4538
4290
4058
3012
2278
1906
1268
534
-148
-168
-440
-1084
-1471
-1367
-1176
-1536
-1733
-1395
-1028
-1025
-913
-188
542
839
1208
2086
2903
3060
3216
3720
3944
3491
2895
2582
2065
1093
96
-657
-1381
-2384
-3242
-3757
-4090
-4801
-5292
-5255
-5192
-5436
-5648
-5351
-4957
-5000
-4855
-4637
-4098
-3258
-2599
-1667
-905
362
1298
2147
3441
4426
4935
4793
5367
6022
5615
4995
4679
4621
4024
3043
2652
2124
1393
573
189
50
-604
-1222
-1442
-1275
-1475
-1879
-1844
-1434
-1268
-1316
-858
-37
505
796
1465
2435
2870
2977
3305
3711
3573
2932
2523
2134
1401
361
-493
-1170
-2029
-2921
-3605
-3910
-4444
-5051
-5309
-5229
-5339
-5618
-5604
-5216
-5022
-4997
-4734
-4406
-3404
-2646
-1789
-1028
149
1384
2046
3200
4325
5064
4971
5129
5923
5867
5135
4645
4561
4325
3374
2788
2459
1873
1064
429
332
-115
-836
-1339
-1304
-1321
-1739
-1954
-1659
-1278
-1302
-1095
-373
379
746
1165
2063
2719
2857
2948
3260
3392
2779
2142
1786
1281
306
-718
-1331
-1951
-2750
-3514
-3839
-4157
-4640
-5072
-5090
-5064
-5261
-5398
-5255
-4812
-4787
-4579
-4413
-3559
-2569
-1885
-1093
-162
1259
1989
2792
3943
4779
4945
4783
5385
5712
5064
4444
4228
4242
3586
2763
2524
2153
1529
740
561
383
-253
-960
-1108
-1002
-1343
-1766
-1680
-1184
-1132
-1097
-606
198
658
856
1603
2348
2587
2555
2746
3059
2599
1874
1526
1192
449
-654
-1284
-1729
-2436
-3144
-3560
-3713
-4126
-4568
-4672
-4624
-4724
-4963
-4959
-4525
-4475
-4382
-4413
-3710
-2661
-2112
-1364
-539
979
1700
2302
3522
4436
4686
4424
5005
5546
4943
4261
4045
4189
3622
2678
2523
2292
1702
837
621
604
-22
-848
-1025
-848
-1149
-1768
-1790
-1200
-1169
-1351
-1028
-136
310
324
1070
1950
2221
2111
2382
2905
2532
1802
1452
1284
652
-523
-1218
-1610
-2231
-3045
-3434
-3412
-3723
-4209
-4296
-4050
-4064
-4388
-4353
-3916
-3878
-4012
-4257
-3426
-2438
-2017
-1517
-470
1178
1589
2150
3550
4599
4529
4213
5114
5614
4748
3983
4016
4156
3294
2395
2428
2218
1460
629
586
616
-173
-1004
-1005
-773
-1201
-1976
-1839
-1258
-1400
-1737
-1326
-318
-86
-73
829
1819
2004
1843
2356
2952
2530
1790
1493
1420
637
-556
-1218
-1571
-2232
-3150
-3375
-3250
-3524
-4034
-4029
-3615
-3663
-4045
-3931
-3542
-3606
-4071
-4265
-3261
-2497
-2202
-1814
-401
1056
1265
2041
3542
4559
4203
4140
5246
5513
4483
3804
4090
4104
3043
2341
2468
2248
1389
704
835
755
-149
-875
-708
-543
-1173
-1933
-1612
-1175
-1515
-1829
-1244
-341
-336
-162
865
1754
1790
1739
2429
2867
2354
1734
1524
1365
474
-549
-1113
-1473
-2150
-2950
-3068
-2996
-3297
-3747
-3618
-3271
-3433
-3833
-3693
-3475
-3733
-4344
-4290
-3321
-2800
-2570
-2057
-459
638
943
1989
3512
4314
3915
4298
5403
5329
4323
3923
4316
4022
2905
2478
2577
2213
1289
835
1038
685
-231
-738
-497
-521
-1346
-1841
-1481
-1341
-1774
-1896
-1126
-525
-538
-80
956
1671
1645
1870
2546
2730
2181
1615
1475
1095
173
-745
-1178
-1599
-2314
-2931
-2988
-3034
-3419
-3588
-3411
-3176
-3439
-3672
-3531
-3518
-3783
-4354
-3941
-3067
-2620
-2412
-1630
87
818
1272
2553
4039
4380
3981
4760
5561
5022
4054
3962
4220
3483
2460
2303
2329
1766
912
779
917
401
-422
-680
-380
-659
-1488
-1736
-1362
-1368
-1855
-1676
-796
-365
-361
275
1359
1812
1724
2080
2687
2523
1735
1303
1112
475
-579
-1296
-1698
-2166
-2870
-3277
-3239
-3341
-3523
-3641
-3285
-3052
-3302
-3379
-3247
-3088
-3616
-3832
-2910
-2247
-1939
-1735
-245
1006
1248
2087
3453
4387
3995
4052
4943
4930
4026
3404
3550
3421
2347
1820
1877
1779
1087
582
822
775
126
-464
-301
-150
-780
-1428
-1212
-929
-1300
-1580
-949
-239
-275
-56
854
1591
1575
1587
2116
2253
1623
999
694
247
-632
-1487
-2015
-2333
-2843
-3363
-3428
-3238
-3238
-3494
-3226
-2707
-2687
-2870
-2797
-2443
-2789
-3133
-2433
-1775
-1377
-1277
-70
1073
1381
2053
3084
4008
3762
3770
4346
4322
3660
3039
3010
2857
2012
1514
1420
1409
922
562
712
724
361
-71
21
101
-319
-808
-733
-575
-885
-1139
-727
-248
-259
-106
573
1136
1222
1283
1611
1665
1225
729
310
-198
-966
-1736
-2324
-2697
-3080
-3544
-3613
-3380
-3229
-3398
-3139
-2563
-2427
-2483
-2382
-2000
-2292
-2508
-1817
-1204
-912
-776
445
1439
1685
2315
3273
4031
3740
3878
4380
4194
3469
2899
2871
2566
1699
1148
1024
964
508
177
358
435
128
-100
125
266
-181
-517
-294
-196
-592
-832
-386
-40
-139
6
655
1116
1126
1201
1512
1500
979
487
47
-470
-1356
-2189
-2741
-3153
-3558
-4074
-4074
-3826
-3675
-3723
-3390
-2731
-2556
-2502
-2266
-1836
-2055
-2076
-1298
-628
-386
-140
1162
2066
2390
3005
3912
4469
4187
4411
4753
4408
3638
3046
2907
2404
1481
846
549
388
-139
-466
-339
-302
-530
-588
-221
-56
-379
-435
-64
18
-264
-311
166
390
338
581
1092
1417
1358
1417
1592
1419
875
278
-214
-846
-1778
-2654
-3246
-3658
-4181
-4633
-4632
-4393
-4308
-4256
-3738
-3147
-2860
-2667
-2257
-1837
-1937
-1441
-733
-107
133
779
2030
2545
3136
3809
4568
4684
4551
4970
4906
4354
3672
3267
2953
2136
1338
759
349
-67
-650
-839
-848
-1030
-1164
-976
-600
-604
-698
-292
109
125
79
405
886
920
1025
1354
1651
1681
1595
1652
1549
1115
554
-16
-614
-1383
-2268
-3030
-3597
-4108
-4612
-4935
-4890
-4787
-4753
-4474
-3918
-3455
-3142
-2774
-2249
-2016
-1750
-945
-293
176
543
1597
2468
2815
3499
4221
4722
4493
4595
4921
4597
3941
3408
3216
2745
1870
1264
875
488
-88
-544
-581
-731
-1057
-1112
-788
-551
-701
-607
-49
269
269
373
876
1260
1261
1458
1774
1901
1742
1614
1637
1344
740
138
-417
-1037
-1896
-2703
-3321
-3884
-4470
-4951
-5094
-5053
-5108
-5058
-4593
-4064
-3719
-3441
-2984
-2480
-2350
-1744
-925
-205
259
888
2118
2807
3397
4042
4768
5156
5002
5141
5137
4782
4162
3598
3283
2722
1934
1292
843
511
-63
-470
-587
-768
-1039
-1171
-965
-847
-932
-815
-440
-159
-70
121
569
941
1167
1427
1787
2039
2033
1950
1897
1691
1161
447
-229
-928
-1809
-2759
-3510
-4135
-4790
-5378
-5627
-5608
-5620
-5565
-5242
-4697
-4320
-3992
-3615
-3163
-3058
-2478
-1589
-663
-126
695
2167
3173
4029
4906
6033
6476
6483
6805
6963
6464
5635
5122
4719
3814
2778
1989
1377
654
-147
-659
-975
-1319
-1840
-2074
-2009
-2046
-2284
-2289
-1844
-1570
-1538
-1211
-495
96
435
996
1779
2296
2544
2783
3008
2894
2413
1810
1180
310
-810
-1937
-2853
-3683
-4641
-5416
-5827
-6028
-6230
-6214
-5909
-5505
-5239
-4913
-4334
-3996
-3788
-3731
-2834
-1725
-1023
-314
819
2652
3666
4531
5852
7036
7473
7332
7849
8100
7278
6265
5743
5370
4215
2814
2102
1519
667
-362
-842
-991
-1507
-2152
-2315
-2155
-2302
-2767
-2665
-2154
-2009
-2099
-1675
-713
-138
132
858
1825
2389
2540
2898
3303
3071
2435
1834
1327
344
-985
-2102
-2896
-3727
-4782
-5510
-5772
-5952
-6224
-6170
-5763
-5348
-5287
-4954
-4346
-4082
-4030
-4037
-2798
-1895
-1278
-589
871
2690
3351
4462
5905
7048
7155
7138
7951
7972
6999
6097
5775
5369
4008
2814
2286
1773
860
-119
-383
-528
-1192
-1794
-1824
-1609
-1984
-2535
-2267
-1866
-1935
-2129
-1609
-695
-421
-120
686
1594
1978
2103
2672
3046
2715
2090
1603
1171
146
-1126
-2090
-2788
-3605
-4660
-5232
-5404
-5644
-5947
-5852
-5392
-5158
-5212
-4852
-4376
-4197
-4325
-4092
-2839
-2048
-1456
-725
986
2518
3131
4412
5910
6869
6751
7034
7944
7707
6671
6005
5901
5355
3921
3025
2655
2107
1076
249
181
-157
-1007
-1553
-1454
-1386
-2090
-2588
-2216
-1973
-2227
-2345
-1627
-881
-729
-281
677
1501
1721
1998
2700
2928
2475
1859
1474
935
-170
-1340
-2206
-2912
-3841
-4803
-5198
-5362
-5664
-5929
-5709
-5284
-5238
-5269
-4857
-4486
-4437
-4599
-3918
-2715
-1938
-1308
-257
1606
2744
3592
5026
6414
6997
6866
7495
8075
7470
6498
6066
5935
5043
3750
3085
2690
1972
924
393
302
-281
-1149
-1500
-1363
-1582
-2349
-2602
-2200
-2163
-2434
-2232
-1427
-870
-709
-61
924
1522
1683
2100
2695
2639
2077
1516
1114
379
-755
-1785
-2537
-3288
-4230
-4949
-5178
-5312
-5605
-5702
-5394
-5070
-5085
-4999
-4591
-4367
-4453
-4449
-3440
-2425
-1666
-953
443
2142
2997
4129
5510
6610
6845
6922
7667
7722
6936
6161
5872
5550
4478
3502
2970
2489
1653
794
499
226
-506
-1200
-1350
-1336
-1751
-2357
-2362
-2097
-2261
-2415
-2003
-1291
-899
-628
139
992
1427
1657
2130
2533
2326
1815
1309
857
32
-1067
-1955
-2618
-3372
-4238
-4765
-4869
-5035
-5320
-5318
-5017
-4796
-4879
-4726
-4448
-4350
-4520
-4299
-3235
-2411
-1672
-887
700
2189
2995
4244
5551
6542
6662
6974
7699
7497
6723
6089
5909
5453
4304
3513
3072
2507
1593
849
634
201
-575
-1130
-1264
-1384
-1946
-2471
-2352
-2263
-2560
-2704
-2189
-1499
-1247
-882
-24
802
1175
1504
2108
2431
2206
1750
1377
941
36
-1022
-1795
-2416
-3203
-4030
-4430
-4530
-4796
-5066
-5013
-4708
-4656
-4770
-4619
-4481
-4434
-4687
-4154
-3219
-2446
-1799
-907
882
2082
2996
4273
5665
6512
6556
7176
7724
7334
6564
6110
5994
5237
4118
3491
3054
2374
1442
847
624
74
-637
-1084
-1218
-1442
-2100
-2430
-2266
-2309
-2614
-2613
-1941
-1380
-1195
-682
201
901
1192
1636
2191
2327
2011
1584
1240
679
-283
-1267
-1959
-2611
-3417
-4160
-4457
-4618
-4916
-5080
-4918
-4637
-4686
-4661
-4493
-4347
-4366
-4442
-3623
-2822
-2047
-1503
-287
1399
2277
3310
4580
5877
6295
6444
7201
7351
6801
6127
5883
5595
4620
3740
3221
2746
1996
1140
739
444
-166
-772
-1088
-1144
-1519
-2081
-2157
-2012
-2138
-2358
-2107
-1442
-1112
-870
-253
547
1045
1285
1746
2113
2056
1676
1266
879
212
-733
-1573
-2182
-2827
-3603
-4185
-4389
-4602
-4872
-4932
-4707
-4522
-4587
-4445
-4280
-4104
-4179
-3916
-3041
-2323
-1642
-1002
465
1710
2416
3503
4683
5598
5697
6137
6745
6564
6042
5602
5496
4968
4080
3466
3034
2545
1717
1079
798
389
-244
-733
-873
-997
-1477
-1820
-1725
-1695
-1910
-1994
-1560
-1126
-956
-626
12
681
957
1200
1591
1790
1604
1218
870
409
-288
-1149
-1806
-2327
-2980
-3655
-4040
-4196
-4429
-4679
-4640
-4435
-4419
-4409
-4351
-4104
-4082
-4050
-3393
-2644
-1864
-1360
-189
1142
1927
2844
3896
4960
5264
5575
6233
6374
6055
5606
5475
5215
4463
3791
3332
2937
2192
1433
1074
714
124
-459
-725
-816
-1201
-1646
-1666
-1647
-1807
-2000
-1748
-1296
-1081
-817
-325
376
783
983
1349
1647
1592
1262
909
506
-96
-920
-1625
-2142
-2693
-3379
-3882
-4046
-4230
-4491
-4605
-4423
-4344
-4398
-4416
-4254
-4128
-4212
-3628
-2881
-2075
-1514
-481
945
1788
2741
3778
4827
5293
5561
6194
6382
6122
5693
5431
5250
4548
3815
3308
2904
2251
1419
1001
680
127
-461
-797
-853
-1204
-1659
-1703
-1706
-1830
-1997
-1763
-1274
-973
-640
-161
513
961
1192
1545
1852
1796
1434
1012
592
-73
-961
-1699
-2248
-2804
-3488
-4003
-4181
-4356
-4569
-4685
-4495
-4384
-4415
-4430
-4224
-4045
-4150
-3561
-2810
-2010
-1498
-480
976
1787
2720
3750
4818
5282
5508
6131
6293
6047
5591
5311
5122
4455
3738
3184
2799
2223
1391
924
634
181
-441
-801
-811
-1100
-1512
-1595
-1525
-1621
-1773
-1563
-1114
-793
-505
-56
534
931
1147
1412
1710
1651
1270
842
424
-243
-1144
-1856
-2401
-2971
-3592
-4041
-4219
-4371
-4522
-4565
-4367
-4217
-4230
-4246
-3976
-3747
-3828
-3308
-2556
-1808
-1391
-427
995
1761
2564
3562
4638
5082
5263
5868
6051
5784
5348
5098
4926
4285
3618
3090
2751
2229
1425
946
699
311
-329
-687
-706
-962
-1376
-1464
-1330
-1393
-1539
-1370
-945
-670
-462
-36
532
909
1087
1314
1613
1577
1208
812
433
-204
-1101
-1823
-2393
-3001
-3655
-4135
-4334
-4484
-4648
-4668
-4466
-4265
-4302
-4329
-4005
-3799
-3761
-3279
-2513
-1821
-1420
-346
988
1805
2629
3633
4708
5126
5460
6039
6140
5889
5469
5236
4921
4203
3545
2960
2576
1977
1203
747
447
31
-529
-806
-880
-1173
-1500
-1513
-1422
-1479
-1532
-1308
-890
-636
-360
145
725
1144
1335
1646
1910
1833
1490
1099
721
-17
-914
-1698
-2337
-3036
-3803
-4319
-4589
-4774
-4996
-4995
-4760
-4576
-4604
-4547
-4151
-4042
-3781
-3196
-2375
-1812
-1266
81
1260
2151
3088
4206
5154
5495
6090
6557
6535
6229
5834
5579
4980
4153
3388
2710
2166
1394
651
218
-195
-662
-1094
-1209
-1313
-1596
-1724
-1626
-1556
-1596
-1514
-1190
-796
-530
-170
361
898
1279
1464
1801
1951
1794
1418
1035
612
-205
-1098
-1905
-2546
-3296
-4050
-4546
-4830
-4995
-5231
-5150
-4908
-4703
-4652
-4422
-3997
-3851
-3334
-2617
-1802
-1287
-475
931
1884
2803
3788
4844
5489
5785
6448
6695
6541
6168
5822
5520
4761
3919
3136
2454
1802
923
280
-146
-647
-1172
-1502
-1500
-1620
-1870
-1836
-1625
-1549
-1587
-1387
-928
-609
-388
-2
500
928
1140
1379
1649
1623
1401
999
681
181
-618
-1466
-2205
-2816
-3580
-4283
-4664
-4884
-5141
-5312
-5126
-4869
-4764
-4613
-4151
-3916
-3536
-2851
-2019
-1354
-747
564
1607
2491
3487
4541
5378
5620
6234
6665
6625
6332
5953
5761
5139
4363
3615
2898
2260
1409
677
161
-366
-956
-1477
-1633
-1743
-1997
-2082
-1888
-1676
-1645
-1499
-1026
-589
-307
14
491
977
1241
1456
1717
1762
1580
1212
863
436
-296
-1121
-1913
-2583
-3348
-4157
-4655
-4944
-5253
-5518
-5453
-5185
-5071
-5000
-4567
-4228
-3964
-3320
-2515
-1717
-1189
-2
1230
2096
3148
4186
5271
5672
6149
6760
6838
6663
6216
6007
5576
4738
3996
3231
2619
1797
934
357
-203
-796
-1412
-1711
-1846
-2135
-2301
-2197
-1944
-1835
-1721
-1307
-810
-422
-73
373
933
1348
1612
1878
2019
1931
1629
1248
845
153
-708
-1558
-2268
-3042
-3931
-4602
-4966
-5287
-5610
-5683
-5475
-5322
-5305
-4995
-4565
-4341
-3733
-2948
-2089
-1504
-472
911
1808
2885
4004
5159
5822
6243
6973
7223
7134
6786
6479
6193
5374
4553
3755
3046
2241
1225
483
-130
-796
-1477
-1905
-2050
-2334
-2601
-2554
-2306
-2142
-2057
-1718
-1196
-774
-399
36
605
1099
1395
1691
1941
1922
1695
1367
1031
421
-436
-1257
-1950
-2683
-3567
-4313
-4762
-5126
-5461
-5649
-5556
-5413
-5397
-5233
-4781
-4541
-4010
-3229
-2366
-1683
-826
606
1572
2560
3750
4890
5735
6163
6919
7331
7309
7147
6823
6591
5902
5104
4329
3544
2794
1768
888
194
-521
-1239
-1819
-2045
-2338
-2691
-2744
-2605
-2441
-2363
-2100
-1611
-1182
-757
-313
210
725
1076
1383
1668
1748
1594
1316
1025
547
-205
-1003
-1666
-2323
-3150
-3914
-4428
-4829
-5203
-5465
-5498
-5394
-5356
-5313
-4905
-4648
-4204
-3460
-2629
-1851
-1135
259
1346
2227
3409
4553
5510
5958
6676
7237
7247
7159
6888
6694
6097
5297
4583
3793
3079
2116
1216
499
-230
-917
-1569
-1862
-2130
-2517
-2623
-2548
-2401
-2340
-2121
-1635
-1233
-833
-362
138
611
985
1343
1573
1627
1534
1270
931
453
-195
-963
-1686
-2325
-3087
-3866
-4423
-4789
-5160
-5463
-5542
-5423
-5344
-5355
-4969
-4674
-4296
-3592
-2787
-1930
-1282
41
1249
2099
3240
4372
5399
5886
6524
7162
7215
7142
6877
6704
6216
5397
4695
3944
3276
2360
1446
750
16
-715
-1378
-1736
-2020
-2430
-2591
-2514
-2396
-2347
-2165
-1711
-1269
-927
-461
62
573
991
1362
1616
1654
1575
1302
926
438
-225
-994
-1757
-2434
-3169
-3974
-4575
-4933
-5264
-5576
-5711
-5595
-5474
-5472
-5146
-4815
-4435
-3712
-2934
-2047
-1341
-44
1203
2050
3250
4413
5415
5921
6581
7264
7272
7210
7019
6824
6357
5552
4887
4140
3437
2549
1637
955
206
-608
-1249
-1612
-1944
-2386
-2554
-2444
-2378
-2329
-2118
-1706
-1245
-890
-408
134
675
1135
1492
1784
1846
1716
1388
980
490
-258
-1081
-1844
-2570
-3328
-4119
-4708
-5118
-5465
-5731
-5854
-5787
-5693
-5614
-5319
-4959
-4625
-3892
-3051
-2147
-1439
-208
1131
1966
3090
4290
5355
5847
6413
7176
7262
7135
6946
6782
6407
5605
4935
4243
3552
2675
1740
1080
385
-444
-1119
-1488
-1786
-2251
-2474
-2365
-2271
-2224
-2061
-1648
-1179
-810
-351
190
765
1201
1552
1872
1981
1837
1480
1071
591
-176
-1041
-1821
-2549
-3317
-4112
-4670
-5110
-5516
-5807
-5882
-5825
-5798
-5723
-5425
-5025
-4755
-4039
-3143
-2221
-1496
-329
1045
1899
2995
4140
5211
5758
6258
6996
7135
7025
6786
6567
6249
5472
4778
4068
3398
2579
1633
973
333
-418
-1087
-1479
-1707
-2117
-2336
-2223
-2066
-1960
-1823
-1376
-892
-504
-24
484
1033
1428
1754
2051
2122
1963
1588
1145
648
-154
-1053
-1893
-2643
-3423
-4240
-4796
-5242
-5648
-5965
-6008
-5933
-5913
-5887
-5545
-5138
-4846
-4066
-3141
-2229
-1461
-203
1145
2021
3193
4305
5340
5896
6431
7121
7217
7105
6798
6567
6215
5389
4656
3913
3261
2409
1442
804
127
-621
-1307
-1736
-1982
-2401
-2587
-2466
-2288
-2136
-1963
-1436
-887
-412
129
646
1231
1643
1960
2251
2313
2151
1744
1297
781
-99
-1029
-1899
-2665
-3505
-4372
-4930
-5383
-5785
-6100
-6129
-6029
-6056
-6047
-5626
-5248
-4810
-3990
-3015
-2096
-1215
212
1468
2470
3696
4808
5777
6282
6918
7459
7445
7260
6920
6695
6164
5297
4516
3733
3057
2087
1160
523
-202
-972
-1673
-2070
-2385
-2805
-2921
-2758
-2579
-2427
-2135
-1516
-911
-369
190
795
1422
1812
2130
2404
2447
2216
1756
1308
712
-236
-1167
-2003
-2786
-3705
-4573
-5105
-5587
-6005
-6273
-6237
-6147
-6241
-6106
-5663
-5305
-4691
-3847
-2813
-1905
-787
733
1874
3042
4290
5430
6233
6729
7443
7723
7632
7393
7100
6810
6089
5249
4388
3620
2847
1757
918
244
-536
-1369
-2009
-2338
-2762
-3139
-3124
-2896
-2738
-2555
-2086
-1382
-757
-199
442
1188
1764
2146
2512
2754
2721
2382
1904
1385
641
-350
-1305
-2121
-2988
-4001
-4887
-5438
-5965
-6433
-6643
-6582
-6570
-6663
-6368
-5961
-5543
-4779
-3856
-2795
-1874
-457
1070
2154
3458
4764
5906
6469
7076
7787
7817
7701
7423
7201
6729
5847
5025
4133
3427
2488
1410
669
-83
-898
-1732
-2206
-2528
-3037
-3262
-3117
-2897
-2741
-2467
-1831
-1108
-517
86
843
1602
2104
2518
2913
3107
2971
2560
2106
1512
598
-448
-1334
-2162
-3204
-4288
-5049
-5619
-6235
-6663
-6776
-6738
-6866
-6844
-6480
-6128
-5523
-4743
-3766
-2782
-1599
16
1257
2533
4005
5316
6194
6826
7766
8097
8035
7962
7724
7373
6546
5728
4859
4005
3182
2056
1134
309
-572
-1460
-2152
-2539
-3104
-3541
-3563
-3442
-3294
-3090
-2583
-1844
-1207
-549
209
1028
1711
2224
2740
3103
3191
2994
2633
2199
1437
434
-511
-1371
-2357
-3534
-4427
-5107
-5816
-6373
-6679
-6735
-6899
-6999
-6751
-6476
-5939
-5251
-4396
-3445
-2292
-728
554
1851
3395
4799
5839
6608
7643
8186
8239
8271
8088
7761
7018
6190
5308
4389
3516
2378
1354
469
-458
-1428
-2182
-2604
-3203
-3732
-3849
-3751
-3663
-3488
-2986
-2282
-1634
-959
-135
721
1453
2063
2659
3129
3291
3227
2983
2632
2013
1077
109
-808
-1764
-2942
-3934
-4642
-5411
-6073
-6487
-6611
-6808
-6985
-6768
-6520
-6025
-5340
-4524
-3619
-2468
-913
328
1591
3160
4581
5632
6472
7570
8179
8285
8364
8261
7970
7263
6445
5567
4606
3628
2442
1415
489
-511
-1526
-2298
-2753
-3401
-3949
-4050
-3974
-3937
-3801
-3293
-2618
-2038
-1385
-549
326
1047
1676
2342
2874
3074
3036
2901
2660
2097
1243
336
-548
-1531
-2682
-3625
-4339
-5111
-5849
-6280
-6430
-6699
-6899
-6762
-6521
-6076
-5465
-4646
-3787
-2633
-1152
75
1374
2903
4344
5386
6311
7457
8086
8271
8367
8393
8205
7547
6823
6022
5128
4112
2948
1999
1056
4
-1035
-1814
-2372
-3131
-3707
-3861
-3860
-3911
-3838
-3362
-2777
-2284
-1721
-943
-103
561
1190
1843
2403
2631
2593
2545
2401
1915
1126
358
-402
-1358
-2424
-3246
-3883
-4664
-5413
-5837
-6088
-6440
-6705
-6671
-6569
-6229
-5669
-4943
-4183
-3065
-1609
-391
932
2496
3965
5045
6048
7243
7926
8191
8363
8466
8370
7807
7175
6430
5608
4677
3530
2549
1581
510
-613
-1521
-2160
-3017
-3731
-4023
-4102
-4213
-4239
-3787
-3219
-2778
-2248
-1492
-648
6
647
1312
1883
2184
2209
2228
2180
1797
1130
475
-119
-940
-1930
-2645
-3211
-3951
-4699
-5183
-5509
-5952
-6277
-6392
-6390
-6067
-5588
-5000
-4320
-3119
-1737
-624
776
2389
3818
4833
5956
7193
7819
8131
8357
8530
8408
7876
7303
6597
5831
4853
3726
2770
1743
578
-594
-1460
-2199
-3184
-3918
-4233
-4414
-4610
-4585
-4101
-3574
-3126
-2540
-1727
-879
-209
470
1158
1709
1980
2060
2132
2057
1648
1052
504
-46
-833
-1718
-2366
-2946
-3660
-4366
-4871
-5257
-5731
-6076
-6269
-6215
-5883
-5495
-5008
-4246
-2965
-1779
-668
864
2445
3728
4751
6052
7186
7718
8113
8410
8554
8313
7837
7274
6578
5819
4760
3698
2783
1727
504
-586
-1323
-2192
-3228
-3877
-4176
-4463
-4716
-4577
-4106
-3656
-3190
-2516
-1617
-781
-73
683
1391
1884
2086
2193
2278
2098
1568
978
486
-172
-1033
-1813
-2437
-3100
-3869
-4499
-4957
-5441
-5872
-6178
-6351
-6215
-5882
-5512
-5064
-4107
-2814
-1777
-530
1048
2551
3715
4862
6266
7185
7734
8202
8509
8585
8260
7803
7160
6511
5680
4517
3545
2630
1532
297
-653
-1376
-2388
-3339
-3903
-4221
-4579
-4783
-4548
-4150
-3745
-3242
-2478
-1538
-721
37
831
1539
2002
2145
2250
2334
2036
1415
848
349
-456
-1387
-2084
-2699
-3438
-4229
-4733
-5148
-5638
-5964
-6255
-6269
-5979
-5619
-5238
-4615
-3349
-2194
-1199
225
1793
3163
4210
5555
6841
7528
8097
8508
8805
8703
8262
7729
7049
6370
5245
4105
3222
2184
979
-197
-990
-1867
-2917
-3677
-4121
-4435
-4798
-4806
-4461
-4077
-3660
-3083
-2192
-1277
-534
215
1008
1676
2007
2083
2227
2216
1736
1099
623
32
-939
-1839
-2454
-3119
-3951
-4646
-5033
-5479
-5922
-6239
-6427
-6225
-5869
-5514
-5025
-4016
-2692
-1744
-607
974
2461
3592
4731
6170
7147
7706
8231
8649
8829
8521
8075
7535
6871
5967
4764
3844
2915
1730
511
-471
-1284
-2332
-3275
-3834
-4175
-4539
-4778
-4567
-4165
-3781
-3324
-2590
-1655
-865
-197
555
1319
1830
2036
2162
2281
2041
1462
953
486
-289
-1268
-2025
-2643
-3439
-4254
-4810
-5238
-5742
-6168
-6432
-6458
-6188
-5848
-5471
-4735
-3511
-2359
-1402
-11
1621
2904
3990
5312
6564
7280
7775
8271
8625
8576
8196
7787
7268
6514
5472
4456
3630
2579
1335
246
-626
-1609
-2701
-3470
-3873
-4238
-4604
-4628
-4284
-3882
-3479
-2874
-2003
-1158
-470
211
965
1595
1925
2119
2286
2216
1778
1239
814
214
-671
-1507
-2196
-2919
-3779
-4507
-5037
-5584
-6115
-6520
-6698
-6627
-6378
-6052
-5563
-4580
-3358
-2304
-1093
505
2024
3204
4444
5791
6775
7392
7900
8359
8561
8348
7981
7594
7041
6183
5151
4276
3390
2227
1033
53
-882
-2009
-2988
-3579
-3998
-4405
-4632
-4434
-4032
-3618
-3064
-2269
-1334
-546
168
924
1602
2062
2259
2452
2481
2124
1572
1033
536
-269
-1178
-1909
-2640
-3439
-4277
-4872
-5382
-5948
-6414
-6740
-6733
-6555
-6295
-5900
-5160
-3973
-2873
-1733
-219
1407
2720
3879
5274
6439
7157
7704
8205
8539
8424
8050
7643
7183
6436
5375
4399
3516
2459
1204
125
-771
-1861
-2944
-3661
-4114
-4566
-4902
-4802
-4393
-3941
-3416
-2622
-1615
-678
131
970
1782
2342
2627
2820
2959
2732
2169
1597
1065
359
-608
-1458
-2168
-2997
-3882
-4603
-5097
-5659
-6227
-6610
-6772
-6665
-6460
-6123
-5551
-4575
-3397
-2317
-961
686
2176
3352
4642
6023
6913
7483
8033
8489
8550
8200
7772
7301
6669
5693
4602
3673
2687
1492
287
-627
-1563
-2691
-3560
-4050
-4462
-4924
-5051
-4688
-4222
-3777
-3129
-2162
-1138
-288
563
1483
2221
2616
2828
3051
3056
2625
2034
1510
918
36
-935
-1702
-2461
-3350
-4191
-4768
-5275
-5877
-6357
-6625
-6629
-6474
-6228
-5777
-4987
-3883
-2809
-1634
-129
1411
2675
3846
5230
6362
7021
7565
8099
8386
8222
7850
7403
6855
6076
5045
4087
3171
2115
934
-78
-920
-1947
-2919
-3555
-3980
-4421
-4774
-4689
-4285
-3873
-3423
-2685
-1720
-858
-87
795
1662
2231
2516
2744
2915
2762
2279
1759
1244
543
-370
-1224
-1947
-2750
-3612
-4309
-4821
-5409
-5966
-6319
-6475
-6389
-6190
-5877
-5322
-4381
-3275
-2232
-939
558
1920
3064
4327
5632
6485
7070
7598
8012
8107
7886
7522
7002
6387
5523
4544
3644
2685
1602
474
-416
-1329
-2374
-3172
-3719
-4139
-4542
-4706
-4489
-4089
-3661
-3129
-2283
-1382
-609
195
1080
1851
2305
2595
2806
2837
2563
2058
1533
912
86
-823
-1620
-2352
-3192
-4003
-4582
-5087
-5705
-6180
-6409
-6471
-6323
-6025
-5600
-4959
-3943
-2808
-1683
-296
1220
2535
3697
5053
6248
6956
7522
8004
8280
8251
7992
7537
6918
6231
5297
4294
3350
2339
1173
30
-841
-1828
-2859
-3581
-4080
-4471
-4801
-4791
-4461
-4017
-3524
-2872
-1948
-1070
-269
561
1418
2137
2564
2852
2987
2934
2586
2021
1442
726
-176
-1130
-1947
-2703
-3561
-4335
-4871
-5363
-5959
-6367
-6523
-6522
-6303
-5916
-5424
-4716
-3623
-2443
-1261
174
1719
3009
4171
5501
6564
7170
7650
8022
8175
8043
7668
7089
6426
5699
4720
3698
2770
1756
544
-529
-1334
-2292
-3211
-3822
-4231
-4541
-4726
-4550
-4131
-3619
-3041
-2319
-1407
-547
229
970
1717
2317
2639
2809
2862
2726
2281
1691
1086
347
-557
-1487
-2293
-3039
-3814
-4502
-4970
-5411
-5890
-6196
-6302
-6191
-5872
-5409
-4894
-4086
-2905
-1746
-561
846
2333
3517
4578
5778
6678
7202
7550
7823
7915
7666
7177
6554
5945
5179
4182
3251
2399
1391
205
-722
-1474
-2413
-3267
-3828
-4171
-4466
-4599
-4385
-3948
-3401
-2825
-2068
-1155
-315
420
1117
1819
2297
2499
2602
2631
2412
1894
1322
735
9
-868
-1734
-2480
-3209
-3943
-4542
-4942
-5359
-5796
-6034
-6116
-6021
-5660
-5142
-4641
-3821
-2583
-1414
-245
1163
2632
3781
4789
5930
6784
7291
7622
7850
7906
7624
7091
6414
5801
5039
4008
3086
2272
1272
106
-769
-1488
-2425
-3302
-3879
-4228
-4528
-4666
-4503
-4093
-3534
-2953
-2188
-1259
-379
392
1109
1837
2328
2501
2583
2618
2390
1837
1239
662
-42
-910
-1759
-2465
-3188
-3928
-4532
-4914
-5301
-5756
-5991
-6080
-6014
-5650
-5142
-4658
-3861
-2616
-1462
-299
1147
2643
3828
4841
6020
6907
7425
7784
7998
8075
7817
7260
6525
5886
5137
4042
3062
2228
1210
25
-885
-1597
-2534
-3436
-4033
-4396
-4667
-4790
-4665
-4253
-3650
-3043
-2284
-1322
-368
434
1176
1960
2522
2713
2787
2843
2631
2088
1465
869
187
-685
-1564
-2303
-3021
-3779
-4480
-4898
-5259
-5722
-6006
-6099
-5982
-5629
-5140
-4624
-3793
-2576
-1454
-298
1143
2672
3847
4846
6051
6933
7399
7700
7906
7953
7630
7010
6241
5568
4755
3637
2646
1785
774
-370
-1251
-1942
-2816
-3654
-4198
-4508
-4739
-4829
-4678
-4219
-3585
-2972
-2212
-1235
-280
501
1259
2049
2614
2812
2880
2918
2691
2164
1538
939
271
-595
-1463
-2197
-2882
-3608
-4321
-4766
-5126
-5549
-5830
-5934
-5807
-5457
-4979
-4454
-3602
-2432
-1352
-245
1172
2679
3789
4773
5970
6838
7286
7579
7798
7827
7495
6877
6156
5522
4682
3573
2623
1795
806
-299
-1141
-1828
-2659
-3445
-3964
-4261
-4513
-4625
-4478
-4028
-3419
-2836
-2104
-1136
-223
494
1232
1995
2506
2660
2688
2684
2407
1844
1199
606
-57
-924
-1771
-2430
-3036
-3704
-4348
-4758
-5085
-5463
-5720
-5825
-5707
-5342
-4857
-4329
-3458
-2267
-1193
-107
1340
2822
3852
4817
6004
6840
7245
7522
7723
7710
7342
6710
6002
5393
4524
3374
2451
1668
663
-459
-1264
-1933
-2768
-3527
-4009
-4289
-4547
-4639
-4447
-3986
-3380
-2781
-1995
-960
-37
676
1451
2229
2693
2803
2814
2784
2450
1825
1147
522
-160
-1045
-1909
-2519
-3074
-3741
-4363
-4714
-4999
-5399
-5665
-5757
-5660
-5321
-4801
-4239
-3393
-2162
-1024
86
1564
3061
4081
5027
6214
7051
7418
7644
7806
7744
7338
6693
5932
5279
4409
3231
2276
1488
489
-668
-1499
-2152
-2993
-3778
-4255
-4523
-4777
-4854
-4651
-4214
-3633
-3030
-2222
-1161
-204
559
1375
2187
2693
2853
2924
2939
2649
2081
1433
818
157
-668
-1517
-2137
-2664
-3336
-3957
-4291
-4574
-5018
-5330
-5434
-5428
-5190
-4684
-4160
-3468
-2328
-1167
-118
1237
2697
3734
4617
5756
6659
7064
7277
7430
7394
7079
6511
5745
5090
4340
3256
2272
1509
630
-505
-1387
-1992
-2774
-3599
-4120
-4378
-4618
-4730
-4601
-4248
-3717
-3189
-2512
-1562
-612
138
874
1676
2258
2477
2565
2637
2463
2001
1418
862
294
-394
-1171
-1809
-2288
-2896
-3482
-3806
-4051
-4456
-4790
-4896
-4920
-4719
-4263
-3798
-3243
-2231
-1111
-195
980
2358
3397
4185
5224
6201
6657
6860
7006
7026
6814
6348
5633
4984
4382
3435
2456
1734
1007
-41
-946
-1486
-2197
-3055
-3656
-3925
-4172
-4353
-4307
-4044
-3553
-3105
-2590
-1792
-881
-189
390
1132
1738
1946
1965
2025
1904
1484
937
429
-53
-640
-1343
-1956
-2373
-2868
-3408
-3694
-3831
-4131
-4466
-4552
-4532
-4311
-3884
-3438
-2937
-2023
-939
-103
927
2225
3269
3982
4892
5884
6374
6553
6677
6720
6534
6123
5479
4821
4287
3454
2508
1800
1164
232
-636
-1120
-1748
-2557
-3181
-3461
-3678
-3894
-3886
-3663
-3201
-2791
-2373
-1684
-835
-202
269
905
1459
1617
1550
1534
1406
996
452
-57
-498
-1060
-1736
-2285
-2640
-3032
-3522
-3767
-3796
-3987
-4281
-4310
-4233
-4023
-3581
-3070
-2571
-1741
-649
212
1138
2356
3425
4110
4871
5780
6294
6463
6536
6545
6366
5980
5356
4651
4122
3364
2412
1658
1036
158
-732
-1236
-1796
-2523
-3122
-3420
-3583
-3758
-3753
-3536
-3092
-2625
-2216
-1575
-750
-109
373
942
1479
1666
1598
1557
1460
1130
607
81
-375
-961
-1666
-2235
-2646
-3038
-3528
-3850
-3932
-4123
-4423
-4457
-4390
-4256
-3830
-3261
-2760
-2024
-893
106
995
2189
3412
4195
4888
5772
6387
6630
6698
6698
6571
6239
5631
4849
4277
3594
2590
1689
1016
137
-919
-1595
-2141
-2845
-3488
-3855
-3983
-4104
-4102
-3873
-3418
-2798
-2267
-1619
-741
38
631
1209
1831
2175
2185
2162
2129
1893
1386
795
257
-398
-1158
-1851
-2455
-2950
-3505
-4017
-4313
-4594
-4944
-5089
-5087
-5021
-4611
-3997
-3448
-2741
-1533
-320
624
1843
3280
4287
4986
5904
6689
7046
7147
7145
7068
6768
6173
5309
4615
3959
2901
1805
1003
145
-1037
-1949
-2545
-3236
-3945
-4406
-4526
-4583
-4584
-4345
-3867
-3127
-2416
-1708
-770
215
957
1591
2324
2841
2940
2908
2889
2662
2116
1434
776
56
-762
-1567
-2329
-2937
-3562
-4227
-4699
-5046
-5436
-5703
-5766
-5731
-5323
-4698
-4095
-3350
-2081
-702
354
1643
3215
4426
5215
6177
7099
7536
7687
7691
7613
7303
6697
5811
5003
4280
3175
1967
1033
125
-1083
-2120
-2795
-3525
-4290
-4800
-4962
-5005
-5005
-4782
-4301
-3544
-2760
-2001
-1046
61
916
1581
2390
3018
3191
3179
3160
2943
2402
1709
999
276
-530
-1390
-2181
-2821
-3461
-4182
-4706
-5017
-5407
-5731
-5803
-5798
-5485
-4889
-4270
-3590
-2429
-1011
89
1323
2904
4234
5111
6077
7097
7625
7823
7891
7827
7550
7005
6178
5345
4611
3553
2319
1336
430
-749
-1857
-2592
-3326
-4160
-4761
-5009
-5094
-5124
-4989
-4590
-3895
-3148
-2424
-1535
-422
514
1174
1951
2695
3022
3100
3136
3015
2617
2027
1350
655
-78
-947
-1781
-2469
-3124
-3876
-4509
-4851
-5239
-5641
-5774
-5788
-5650
-5198
-4548
-3923
-3052
-1707
-441
680
2128
3638
4746
5705
6794
7573
7906
8084
8089
7877
7485
6802
5896
5080
4204
2989
1812
862
-217
-1437
-2410
-3155
-3979
-4725
-5148
-5307
-5326
-5198
-4887
-4280
-3483
-2708
-1887
-818
269
1063
1769
2573
3150
3379
3456
3382
3114
2635
1936
1147
405
-498
-1502
-2361
-3082
-3868
-4681
-5169
-5521
-5950
-6216
-6251
-6177
-5848
-5195
-4504
-3795
-2595
-1114
56
1338
2974
4376
5366
6396
7442
7978
8204
8296
8166
7895
7360
6454
5477
4708
3643
2277
1202
238
-985
-2202
-3015
-3713
-4503
-5065
-5295
-5301
-5137
-4830
-4335
-3537
-2659
-1884
-938
214
1213
1913
2652
3387
3767
3847
3768
3544
3107
2396
1488
656
-243
-1347
-2400
-3198
-3933
-4815
-5466
-5786
-6131
-6513
-6633
-6557
-6306
-5720
-4960
-4243
-3213
-1670
-326
863
2456
4046
5138
6041
7138
7878
8142
8269
8189
7966
7530
6713
5644
4793
3905
2567
1361
437
-659
-1924
-2840
-3442
-4146
-4745
-5041
-5071
-4914
-4608
-4190
-3509
-2603
-1834
-1045
9
1106
1871
2505
3238
3721
3810
3707
3528
3129
2471
1591
704
-157
-1182
-2291
-3204
-3885
-4661
-5412
-5788
-6007
-6377
-6604
-6507
-6285
-5818
-5041
-4225
-3374
-1992
-468
718
2077
3697
4960
5789
6758
7632
7988
8134
8092
7848
7468
6793
5749
4743
3934
2804
1526
540
-392
-1570
-2579
-3181
-3798
-4397
-4748
-4844
-4729
-4458
-4095
-3580
-2752
-1936
-1246
-364
714
1558
2130
2783
3343
3506
3410
3283
3000
2460
1710
871
58
-806
-1828
-2830
-3568
-4235
-4999
-5527
-5739
-6037
-6357
-6306
-6081
-5744
-5084
-4209
-3456
-2374
-842
464
1595
3070
4504
5408
6260
7219
7763
7971
8011
7807
7444
6920
6016
4924
4065
3136
1909
786
-70
-1100
-2221
-2944
-3510
-4128
-4566
-4732
-4666
-4432
-4092
-3671
-2952
-2062
-1325
-575
438
1406
2015
2581
3180
3467
3425
3267
3036
2576
1919
1077
218
-562
-1489
-2545
-3431
-4092
-4844
-5510
-5820
-6026
-6318
-6387
-6172
-5936
-5405
-4558
-3751
-2936
-1612
-99
1068
2319
3842
5037
5832
6749
7546
7916
8044
7903
7579
7172
6485
5398
4381
3593
2482
1221
281
-547
-1647
-2590
-3147
-3707
-4246
-4561
-4595
-4435
-4113
-3736
-3203
-2355
-1483
-751
72
1079
1864
2390
2976
3468
3579
3433
3225
2885
2291
1517
605
-262
-1074
-2064
-3062
-3812
-4444
-5181
-5725
-5923
-6109
-6311
-6265
-6017
-5826
-5221
-4329
-3532
-2680
-1333
167
1336
2621
4090
5242
6006
6845
7560
7858
7919
7676
7303
6875
6171
5083
4063
3310
2192
956
52
-733
-1778
-2634
-3108
-3578
-4042
-4327
-4358
-4190
-3851
-3485
-2955
-2100
-1235
-526
291
1261
1964
2458
3017
3480
3562
3409
3163
2770
2172
1376
430
-466
-1268
-2250
-3229
-3922
-4476
-5138
-5643
-5803
-5934
-6085
-6031
-5782
-5619
-5092
-4214
-3386
-2570
-1326
154
1325
2508
3888
5089
5839
6556
7247
7559
7580
7301
6911
6476
5822
4809
3783
3050
2055
868
-52
-761
-1704
-2530
-2953
-3307
-3691
-3933
-3957
-3816
-3474
-3102
-2652
-1891
-999
-307
377
1273
1988
2439
2905
3352
3485
3370
3126
2706
2152
1442
519
-421
-1194
-2110
-3125
-3842
-4338
-4922
-5447
-5607
-5674
-5819
-5815
-5553
-5363
-5039
-4281
-3381
-2582
-1654
-311
988
2027
3161
4375
5293
5909
6540
6983
7144
6978
6569
6159
5658
4870
3814
3022
2300
1250
247
-453
-1158
-2014
-2575
-2850
-3156
-3451
-3550
-3440
-3199
-2848
-2517
-1977
-1139
-408
142
844
1680
2205
2571
3059
3366
3346
3145
2819
2317
1690
894
-54
-894
-1688
-2657
-3570
-4133
-4608
-5161
-5512
-5536
-5564
-5649
-5516
-5187
-4968
-4577
-3724
-2789
-2039
-1131
237
1430
2309
3415
4540
5271
5787
6366
6713
6769
6540
6077
5647
5168
4361
3329
2676
2013
987
139
-429
-1088
-1866
-2315
-2551
-2859
-3129
-3208
-3092
-2858
-2581
-2337
-1772
-989
-406
90
811
1591
2024
2404
2899
3140
3085
2852
2496
1986
1347
530
-369
-1151
-1914
-2819
-3640
-4120
-4551
-5043
-5303
-5279
-5250
-5276
-5124
-4777
-4573
-4202
-3412
-2512
-1842
-1029
273
1411
2256
3300
4390
5101
5597
6136
6475
6543
6292
5832
5426
5015
4260
3256
2638
2051
1111
299
-220
-809
-1532
-1988
-2234
-2530
-2810
-2954
-2902
-2678
-2453
-2274
-1776
-1015
-448
1
693
1445
1888
2229
2657
2888
2851
2579
2150
1682
1065
223
-661
-1375
-2068
-2924
-3665
-4079
-4460
-4928
-5132
-5068
-5009
-5019
-4906
-4540
-4319
-4009
-3344
-2478
-1842
-1155
57
1197
2050
2999
4102
4895
5387
5866
6221
6341
6115
5692
5319
4965
4294
3334
2713
2215
1393
602
101
-394
-1047
-1502
-1742
-2022
-2292
-2478
-2478
-2311
-2140
-2011
-1634
-987
-501
-149
453
1095
1476
1753
2110
2318
2299
2070
1654
1246
707
-60
-860
-1489
-2075
-2831
-3473
-3837
-4179
-4606
-4770
-4719
-4706
-4700
-4625
-4291
-4083
-3848
-3274
-2458
-1866
-1286
-175
901
1695
2571
3669
4480
4933
5424
5831
6025
5886
5555
5272
5004
4397
3500
2938
2519
1712
921
459
3
-674
-1131
-1357
-1667
-1943
-2132
-2181
-2086
-1939
-1839
-1567
-1013
-578
-294
240
827
1164
1398
1767
1984
1941
1783
1453
1039
531
-141
-901
-1544
-2059
-2734
-3390
-3752
-4040
-4436
-4620
-4575
-4591
-4562
-4444
-4149
-3990
-3767
-3133
-2371
-1829
-1239
-194
771
1516
2391
3415
4157
4603
5131
5572
5806
5716
5427
5238
5028
4424
3595
3115
2706
1857
1101
671
180
-540
-989
-1217
-1549
-1841
-2049
-2128
-2065
-1956
-1899
-1623
-1080
-676
-403
139
730
1087
1342
1715
1970
1948
1807
1528
1147
672
6
-762
-1420
-1961
-2667
-3369
-3765
-4063
-4452
-4687
-4663
-4645
-4621
-4526
-4263
-4090
-3873
-3205
-2429
-1895
-1300
-260
748
1499
2389
3396
4166
4663
5208
5636
5872
5822
5493
5266
5072
4518
3671
3114
2721
1923
1158
665
165
-513
-956
-1218
-1542
-1809
-2037
-2134
-2074
-1958
-1914
-1622
-1057
-667
-407
134
730
1086
1345
1683
1916
1902
1733
1463
1105
666
7
-794
-1450
-2010
-2756
-3471
-3862
-4154
-4534
-4750
-4707
-4655
-4654
-4571
-4308
-4110
-3827
-3169
-2414
-1878
-1244
-191
811
1590
2521
3509
4273
4807
5352
5734
5936
5879
5540
5310
5085
4515
3675
3101
2658
1889
1140
605
62
-559
-960
-1254
-1597
-1846
-2066
-2133
-2052
-1925
-1844
-1543
-1011
-646
-358
175
738
1090
1386
1685
1866
1833
1627
1344
972
503
-183
-989
-1649
-2258
-3036
-3718
-4088
-4409
-4770
-4914
-4870
-4846
-4811
-4637
-4361
-4176
-3711
-2977
-2287
-1733
-913
222
1136
2002
3066
4026
4692
5269
5855
6169
6274
6111
5800
5569
5182
4433
3642
3157
2507
1632
962
454
-242
-887
-1206
-1522
-1932
-2182
-2311
-2280
-2151
-2056
-1918
-1505
-991
-678
-300
341
848
1150
1525
1861
1965
1853
1622
1306
888
323
-443
-1212
-1843
-2535
-3343
-3935
-4249
-4620
-4968
-5022
-4977
-4994
-4889
-4600
-4320
-4166
-3567
-2732
-2081
-1516
-535
670
1533
2466
3592
4504
5094
5681
6237
6474
6479
6187
5841
5548
5019
4113
3328
2866
2054
1109
494
2
-758
-1385
-1647
-1963
-2360
-2547
-2574
-2470
-2278
-2177
-2000
-1476
-901
-574
-123
634
1151
1439
1855
2239
2324
2160
1903
1544
1078
422
-432
-1202
-1839
-2608
-3449
-3998
-4299
-4697
-5042
-5053
-4985
-4989
-4851
-4528
-4210
-4024
-3412
-2546
-1848
-1262
-281
946
1851
2774
3841
4734
5317
5825
6297
6502
6447
6073
5673
5330
4759
3810
2984
2466
1645
720
85
-418
-1106
-1673
-1954
-2252
-2534
-2652
-2644
-2489
-2241
-2094
-1873
-1302
-687
-308
168
911
1432
1726
2089
2408
2485
2303
1977
1551
1044
322
-577
-1373
-2046
-2840
-3667
-4207
-4552
-4915
-5221
-5230
-5109
-5038
-4886
-4575
-4151
-3882
-3357
-2483
-1664
-1074
-216
1039
2046
2879
3848
4788
5380
5778
6209
6431
6379
6041
5628
5289
4807
3914
3013
2461
1763
836
127
-351
-947
-1542
-1883
-2148
-2375
-2492
-2518
-2364
-2097
-1895
-1681
-1160
-523
-113
303
948
1475
1747
2001
2253
2326
2163
1828
1399
883
196
-652
-1453
-2132
-2892
-3695
-4272
-4664
-5033
-5348
-5394
-5259
-5149
-4995
-4678
-4202
-3861
-3427
-2576
-1658
-1051
-333
879
2003
2787
3661
4656
5314
5659
6044
6313
6338
6087
5649
5302
4947
4172
3189
2577
2027
1118
295
-181
-694
-1337
-1763
-2007
-2248
-2428
-2512
-2418
-2170
-1915
-1726
-1317
-669
-190
157
688
1261
1562
1743
1985
2120
2016
1748
1388
904
300
-455
-1245
-1923
-2595
-3357
-4001
-4412
-4759
-5098
-5216
-5108
-4981
-4821
-4535
-4114
-3739
-3397
-2709
-1774
-1066
-494
507
1720
2564
3295
4272
5105
5479
5773
6110
6270
6114
5681
5250
4930
4356
3402
2616
2135
1414
496
-119
-515
-1082
-1646
-1949
-2130
-2330
-2491
-2475
-2251
-1954
-1753
-1474
-886
-302
30
399
965
1407
1557
1708
1926
1944
1702
1356
936
407
-280
-1071
-1771
-2361
-3020
-3717
-4187
-4441
-4727
-4949
-4898
-4716
-4545
-4345
-4011
-3590
-3270
-2838
-2017
-1161
-596
104
1227
2227
2874
3659
4601
5162
5392
5697
6000
6006
5655
5168
4805
4412
3653
2759
2206
1721
911
139
-262
-651
-1245
-1692
-1858
-1984
-2178
-2275
-2144
-1855
-1627
-1460
-1045
-469
-107
120
550
1059
1284
1344
1518
1647
1491
1155
774
334
-235
-952
-1659
-2213
-2727
-3358
-3887
-4113
-4285
-4517
-4572
-4402
-4200
-4046
-3834
-3454
-3090
-2836
-2276
-1421
-757
-249
618
1687
2393
2995
3876
4652
4973
5224
5605
5804
5639
5217
4831
4544
4032
3195
2511
2128
1531
708
166
-136
-646
-1223
-1502
-1615
-1795
-2009
-2071
-1893
-1666
-1585
-1393
-913
-512
-345
-60
441
793
911
1051
1235
1249
1035
716
358
-54
-618
-1289
-1860
-2299
-2826
-3398
-3706
-3844
-4061
-4219
-4155
-3979
-3830
-3692
-3441
-3101
-2892
-2589
-1909
-1166
-658
-39
956
1835
2416
3186
4132
4688
4931
5313
5681
5714
5437
5072
4793
4442
3762
2980
2505
2068
1315
605
232
-164
-784
-1239
-1404
-1579
-1861
-2087
-2085
-1918
-1841
-1812
-1515
-1067
-822
-625
-186
276
533
717
956
1140
1119
898
603
303
-99
-710
-1334
-1780
-2227
-2823
-3290
-3494
-3703
-3955
-4024
-3915
-3779
-3677
-3526
-3244
-2986
-2837
-2428
-1661
-996
-551
215
1278
2027
2621
3547
4434
4813
5066
5489
5743
5621
5276
4937
4662
4190
3403
2722
2332
1775
966
393
100
-383
-1014
-1332
-1427
-1672
-2011
-2159
-2055
-1935
-1945
-1850
-1474
-1095
-898
-608
-122
259
452
677
975
1136
1037
796
569
294
-197
-833
-1329
-1703
-2216
-2794
-3137
-3323
-3596
-3805
-3790
-3680
-3605
-3540
-3354
-3050
-2869
-2725
-2179
-1361
-837
-436
468
1515
2122
2731
3692
4436
4688
4964
5370
5532
5324
4944
4661
4412
3865
3070
2537
2204
1565
793
371
119
-425
-1022
-1229
-1318
-1636
-1991
-2057
-1927
-1892
-1934
-1792
-1409
-1088
-901
-580
-103
220
361
606
926
1043
880
650
477
171
-386
-966
-1351
-1711
-2236
-2745
-3031
-3225
-3479
-3637
-3618
-3538
-3493
-3434
-3226
-2924
-2797
-2598
-1963
-1212
-814
-341
661
1593
2118
2786
3715
4312
4546
4893
5278
5405
5166
4816
4617
4372
3786
3043
2631
2278
1584
873
511
199
-425
-973
-1157
-1314
-1689
-2024
-2050
-1975
-2020
-2082
-1903
-1519
-1246
-1054
-668
-176
106
261
581
916
1003
858
677
513
192
-364
-889
-1226
-1612
-2156
-2622
-2877
-3094
-3362
-3500
-3482
-3443
-3423
-3342
-3125
-2880
-2804
-2519
-1840
-1225
-893
-276
766
1552
2064
2835
3724
4197
4462
4909
5262
5314
5038
4742
4587
4272
3620
2922
2569
2119
1364
729
397
-30
-712
-1145
-1309
-1548
-1935
-2178
-2144
-2099
-2178
-2198
-1918
-1500
-1251
-998
-485
23
275
505
904
1195
1201
1069
902
688
316
-279
-810
-1175
-1638
-2238
-2660
-2883
-3141
-3424
-3504
-3444
-3418
-3372
-3229
-2998
-2792
-2724
-2348
-1620
-1065
-756
-62
986
1681
2180
3006
3862
4223
4479
4976
5285
5233
4919
4662
4504
4128
3427
2762
2435
1910
1108
536
255
-247
-944
-1273
-1396
-1692
-2086
-2257
-2184
-2144
-2227
-2203
-1861
-1453
-1222
-939
-356
151
378
655
1085
1318
1241
1103
944
697
278
-316
-816
-1219
-1744
-2336
-2701
-2913
-3199
-3460
-3495
-3427
-3410
-3351
-3204
-3006
-2841
-2791
-2420
-1684
-1127
-840
-187
845
1529
2014
2843
3705
4064
4311
4814
5137
5079
4782
4547
4415
4097
3436
2800
2500
2016
1242
694
448
-33
-702
-1016
-1123
-1414
-1822
-2020
-1971
-1936
-2030
-2026
-1712
-1344
-1146
-893
-322
186
397
669
1104
1319
1207
1076
959
706
277
-246
-674
-1078
-1602
-2148
-2474
-2659
-2954
-3232
-3264
-3198
-3235
-3260
-3167
-3022
-2930
-2980
-2778
-2113
-1510
-1280
-805
225
1015
1436
2196
3197
3710
3930
4429
4911
4993
4763
4548
4481
4317
3763
3108
2815
2479
1749
1117
854
445
-276
-751
-913
-1198
-1687
-2044
-2105
-2106
-2245
-2356
-2153
-1772
-1545
-1362
-871
-267
43
292
750
1124
1147
1062
1051
946
606
125
-276
-596
-1028
-1581
-1987
-2147
-2383
-2749
-2913
-2870
-2945
-3120
-3134
-3011
-2955
-3100
-3144
-2661
-1967
-1658
-1406
-499
541
1046
1636
2725
3559
3844
4248
4876
5208
5097
4857
4767
4722
4337
3625
3165
2942
2356
1561
1138
863
181
-561
-879
-1095
-1601
-2140
-2346
-2357
-2475
-2670
-2619
-2231
-1872
-1699
-1352
-698
-201
34
417
940
1177
1115
1089
1124
943
461
-40
-351
-679
-1242
-1789
-2015
-2184
-2588
-2935
-2966
-3010
-3252
-3368
-3219
-3105
-3225
-3347
-3020
-2347
-1870
-1615
-926
169
898
1411
2359
3366
3827
4142
4750
5245
5261
5032
4926
4915
4657
4018
3421
3123
2672
1882
1278
1009
484
-334
-828
-1023
-1438
-2024
-2349
-2385
-2435
-2598
-2633
-2321
-1899
-1653
-1397
-831
-250
35
319
806
1152
1149
1072
1084
988
603
69
-326
-646
-1122
-1687
-2037
-2228
-2566
-2968
-3141
-3179
-3344
-3495
-3385
-3175
-3178
-3271
-2957
-2297
-1796
-1468
-781
225
961
1535
2407
3288
3739
4083
4638
5065
5081
4874
4774
4775
4529
3931
3391
3072
2543
1769
1217
890
316
-432
-900
-1169
-1591
-2102
-2422
-2490
-2494
-2587
-2583
-2242
-1820
-1569
-1255
-666
-115
170
482
943
1243
1245
1183
1167
1041
688
206
-203
-573
-1051
-1568
-1937
-2226
-2592
-2952
-3159
-3272
-3414
-3530
-3476
-3288
-3222
-3261
-2948
-2272
-1757
-1445
-736
296
1012
1595
2501
3360
3764
4133
4734
5153
5140
4937
4818
4787
4548
3946
3400
3118
2598
1766
1178
838
221
-566
-1037
-1313
-1784
-2324
-2609
-2660
-2659
-2724
-2678
-2280
-1803
-1547
-1216
-567
29
309
618
1116
1419
1375
1287
1271
1123
728
224
-195
-578
-1091
-1649
-2022
-2318
-2739
-3114
-3257
-3347
-3525
-3641
-3569
-3391
-3313
-3317
-3009
-2322
-1738
-1417
-763
322
1123
1668
2546
3494
3940
4241
4831
5320
5323
5058
4880
4780
4503
3882
3254
2926
2460
1629
954
583
9
-795
-1308
-1541
-1948
-2494
-2747
-2710
-2664
-2672
-2569
-2150
-1622
-1297
-951
-316
309
612
885
1353
1667
1621
1496
1453
1283
858
326
-144
-569
-1086
-1676
-2119
-2412
-2800
-3200
-3341
-3375
-3522
-3646
-3570
-3380
-3270
-3255
-3016
-2373
-1726
-1376
-856
174
1087
1605
2341
3338
3917
4144
4600
5137
5255
4987
4722
4590
4347
3768
3075
2656
2255
1503
771
374
-89
-833
-1413
-1642
-1924
-2400
-2688
-2631
-2510
-2471
-2385
-2015
-1463
-1077
-758
-188
458
818
1045
1444
1799
1808
1658
1602
1482
1096
559
69
-375
-890
-1492
-2009
-2343
-2690
-3097
-3314
-3342
-3443
-3587
-3544
-3359
-3225
-3198
-3050
-2524
-1857
-1452
-1073
-229
739
1313
1875
2803
3558
3820
4128
4654
4933
4785
4508
4364
4213
3782
3144
2646
2285
1688
952
484
135
-487
-1151
-1471
-1658
-2033
-2392
-2449
-2328
-2278
-2274
-2059
-1569
-1132
-868
-458
166
634
866
1175
1589
1763
1649
1556
1523
1293
803
307
-94
-557
-1145
-1712
-2074
-2370
-2774
-3100
-3171
-3201
-3368
-3424
-3253
-3080
-3039
-3000
-2694
-2094
-1580
-1273
-745
160
917
1379
2078
2976
3471
3648
4061
4548
4627
4365
4161
4094
3861
3350
2808
2428
2022
1372
755
402
-13
-697
-1232
-1405
-1609
-2013
-2267
-2206
-2103
-2122
-2059
-1718
-1242
-910
-641
-155
415
767
999
1360
1716
1743
1590
1535
1445
1065
508
85
-305
-851
-1457
-1912
-2179
-2515
-2922
-3112
-3088
-3161
-3328
-3248
-3000
-2877
-2863
-2760
-2388
-1845
-1433
-1129
-564
274
889
1334
2088
2883
3233
3409
3884
4320
4277
3998
3853
3799
3522
3017
2562
2250
1838
1194
663
373
-64
-709
-1099
-1186
-1415
-1820
-1989
-1890
-1825
-1850
-1742
-1378
-961
-699
-425
75
588
871
1106
1478
1752
1699
1558
1511
1334
865
332
-54
-467
-1015
-1563
-1936
-2176
-2514
-2853
-2959
-2933
-3042
-3172
-3048
-2845
-2777
-2767
-2671
-2345
-1880
-1521
-1245
-705
67
609
1079
1852
2595
2917
3172
3703
4087
4024
3818
3732
3676
3412
2955
2539
2242
1818
1187
716
446
-5
-594
-891
-977
-1271
-1650
-1772
-1711
-1712
-1750
-1635
-1311
-967
-753
-463
35
490
745
1029
1439
1659
1605
1557
1550
1325
872
443
83
-351
-867
-1356
-1717
-1995
-2330
-2641
-2764
-2810
-2988
-3147
-3060
-2925
-2925
-2953
-2887
-2614
-2183
-1804
-1521
-993
-228
352
860
1655
2446
2848
3188
3745
4135
4153
4052
4016
3992
3807
3395
2954
2651
2248
1639
1154
850
389
-214
-569
-759
-1109
-1507
-1700
-1737
-1797
-1865
-1823
-1582
-1277
-1066
-805
-377
50
324
619
1006
1233
1261
1283
1299
1130
811
481
125
-280
-723
-1187
-1585
-1877
-2197
-2538
-2719
-2807
-3017
-3204
-3168
-3088
-3117
-3132
-3081
-2895
-2478
-2043
-1775
-1323
-526
143
622
1384
2277
2794
3127
3670
4143
4264
4222
4216
4248
4148
3774
3296
2983
2659
2081
1535
1220
804
149
-340
-582
-933
-1379
-1651
-1719
-1754
-1821
-1828
-1623
-1276
-1028
-829
-459
9
313
533
879
1176
1237
1210
1227
1165
938
613
261
-82
-481
-976
-1415
-1703
-2030
-2455
-2717
-2816
-3013
-3252
-3297
-3238
-3242
-3243
-3216
-3075
-2677
-2237
-2006
-1623
-817
-103
337
1046
2002
2590
2901
3440
3998
4194
4168
4191
4270
4202
3861
3402
3100
2800
2229
1648
1318
927
244
-323
-598
-952
-1437
-1746
-1804
-1826
-1901
-1900
-1675
-1314
-1061
-879
-514
-16
306
516
892
1264
1340
1288
1359
1392
1176
843
562
281
-138
-659
-1096
-1415
-1811
-2311
-2659
-2820
-3063
-3388
-3512
-3471
-3487
-3525
-3473
-3310
-2985
-2574
-2258
-1874
-1177
-439
100
769
1678
2376
2790
3312
3907
4229
4305
4377
4462
4424
4191
3816
3465
3132
2622
2013
1555
1142
518
-114
-495
-825
-1273
-1635
-1753
-1770
-1832
-1848
-1681
-1384
-1128
-949
-657
-216
137
371
727
1147
1335
1327
1390
1472
1327
1010
722
434
21
-491
-976
-1382
-1808
-2309
-2736
-2982
-3229
-3569
-3772
-3760
-3761
-3805
-3731
-3585
-3409
-3057
-2589
-2205
-1751
-1028
-284
333
1073
1937
2596
3064
3617
4171
4484
4598
4656
4702
4649
4381
3957
3577
3194
2614
1981
1495
985
328
-216
-547
-907
-1319
-1578
-1651
-1692
-1747
-1724
-1561
-1317
-1110
-909
-577
-170
148
460
887
1263
1425
1494
1584
1588
1393
1070
713
352
-87
-648
-1188
-1598
-2027
-2539
-2915
-3110
-3382
-3704
-3801
-3738
-3744
-3760
-3711
-3634
-3393
-2946
-2561
-2237
-1620
-806
-182
446
1368
2226
2723
3232
3957
4506
4690
4746
4841
4879
4685
4259
3823
3469
2948
2235
1648
1180
544
-122
-520
-823
-1251
-1638
-1812
-1875
-1963
-2038
-1979
-1760
-1510
-1319
-1058
-625
-185
155
557
1049
1402
1555
1676
1811
1770
1491
1132
815
448
-96
-702
-1172
-1575
-2087
-2576
-2859
-3094
-3446
-3694
-3690
-3659
-3732
-3786
-3760
-3597
-3236
-2832
-2488
-1976
-1200
-480
136
973
1916
2571
3088
3812
4523
4871
4956
5023
5094
5001
4631
4144
3749
3292
2596
1918
1427
852
145
-362
-678
-1101
-1588
-1894
-2037
-2186
-2344
-2380
-2218
-1955
-1747
-1517
-1100
-594
-193
195
720
1196
1445
1620
1840
1927
1736
1425
1158
845
347
-241
-747
-1189
-1702
-2239
-2636
-2930
-3295
-3655
-3791
-3813
-3927
-4045
-4038
-3949
-3734
-3337
-2897
-2459
-1824
-1002
-249
486
1373
2244
2911
3559
4296
4874
5139
5225
5285
5294
5115
4693
4192
3759
3240
2562
1936
1402
784
153
-300
-701
-1201
-1659
-1948
-2161
-2368
-2490
-2462
-2280
-2016
-1760
-1429
-960
-460
-30
434
957
1351
1583
1794
1951
1902
1664
1378
1074
666
138
-407
-900
-1390
-1930
-2443
-2830
-3157
-3535
-3848
-3976
-4055
-4191
-4251
-4186
-4102
-3898
-3454
-2979
-2560
-1912
-1017
-220
498
1405
2351
3065
3693
4430
5037
5311
5406
5480
5485
5293
4855
4319
3869
3366
2672
2004
1456
832
145
-376
-797
-1314
-1797
-2103
-2323
-2508
-2595
-2562
-2387
-2088
-1769
-1409
-914
-359
137
635
1175
1597
1841
2026
2151
2096
1866
1552
1202
791
268
-311
-856
-1374
-1937
-2500
-2951
-3314
-3692
-4030
-4201
-4284
-4393
-4451
-4390
-4302
-4123
-3701
-3202
-2775
-2142
-1224
-376
372
1331
2380
3161
3822
4600
5268
5596
5738
5819
5793
5593
5155
4582
4084
3562
2820
2080
1491
827
53
-565
-1013
-1529
-2044
-2371
-2569
-2716
-2793
-2761
-2577
-2246
-1908
-1552
-1033
-425
108
616
1185
1667
1942
2120
2261
2261
2068
1749
1396
1005
475
-176
-795
-1347
-1952
-2602
-3141
-3541
-3927
-4282
-4461
-4504
-4547
-4572
-4476
-4325
-4105
-3677
-3136
-2633
-2003
-1103
-218
581
1559
2633
3463
4114
4852
5490
5817
5943
5955
5848
5588
5126
4504
3926
3351
2580
1787
1147
480
-298
-939
-1369
-1814
-2276
-2563
-2687
-2764
-2788
-2697
-2471
-2114
-1747
-1379
-865
-255
288
772
1316
1815
2115
2291
2432
2477
2311
1996
1640
1228
674
-34
-731
-1345
-1992
-2688
-3292
-3715
-4100
-4455
-4621
-4622
-4604
-4593
-4462
-4256
-4018
-3604
-3052
-2503
-1931
-1119
-217
589
1500
2527
3403
4024
4670
5304
5660
5769
5733
5624
5385
4941
4336
3728
3151
2414
1608
932
306
-409
-1051
-1458
-1824
-2226
-2503
-2604
-2639
-2626
-2494
-2275
-1939
-1552
-1172
-698
-124
445
911
1402
1909
2270
2493
2627
2694
2571
2268
1885
1425
854
133
-626
-1308
-1967
-2653
-3292
-3738
-4091
-4443
-4644
-4666
-4650
-4660
-4575
-4389
-4186
-3839
-3313
-2762
-2251
-1529
-608
222
1071
2072
3033
3703
4313
5013
5482
5638
5636
5605
5465
5103
4568
3976
3430
2762
1961
1262
669
-4
-698
-1159
-1506
-1927
-2290
-2463
-2506
-2521
-2439
-2282
-1996
-1617
-1252
-814
-262
333
804
1281
1828
2263
2526
2661
2763
2701
2415
2013
1546
985
277
-495
-1220
-1884
-2559
-3229
-3712
-4049
-4412
-4711
-4802
-4817
-4871
-4860
-4725
-4531
-4218
-3707
-3144
-2610
-1896
-958
-60
824
1852
2859
3604
4255
5000
5534
5737
5784
5774
5663
5349
4853
4257
3666
3005
2210
1499
892
203
-519
-1033
-1411
-1853
-2262
-2466
-2524
-2555
-2501
-2363
-2091
-1704
-1311
-870
-323
291
799
1298
1863
2325
2588
2722
2840
2810
2537
2116
1640
1072
368
-391
-1134
-1823
-2499
-3173
-3688
-4037
-4412
-4775
-4933
-4978
-5051
-5092
-4981
-4778
-4457
-3919
-3323
-2743
-1981
-983
-16
921
1989
3022
3811
4478
5201
5720
5918
5956
5883
5719
5390
4874
4233
3579
2896
2099
1378
767
67
-669
-1214
-1614
-2050
-2431
-2610
-2650
-2670
-2594
-2384
-2055
-1622
-1152
-635
-46
577
1147
1684
2221
2648
2872
2977
3053
2970
2636
2155
1619
976
202
-590
-1358
-2117
-2842
-3502
-4046
-4451
-4826
-5167
-5344
-5382
-5386
-5352
-5189
-4934
-4558
-3929
-3221
-2595
-1816
-742
310
1250
2311
3394
4200
4823
5488
5987
6149
6113
5955
5707
5335
4771
4063
3356
2659
1847
1075
470
-186
-919
-1483
-1869
-2255
-2585
-2719
-2717
-2678
-2538
-2250
-1860
-1376
-842
-262
378
1029
1643
2196
2694
3089
3294
3352
3342
3190
2806
2242
1613
894
44
-829
-1650
-2439
-3194
-3869
-4436
-4889
-5259
-5549
-5705
-5716
-5637
-5499
-5257
-4919
-4506
-3880
-3083
-2364
-1636
-623
475
1388
2338
3429
4295
4837
5405
5953
6144
6041
5854
5599
5217
4669
3961
3235
2575
1820
989
335
-208
-868
-1485
-1862
-2151
-2453
-2617
-2592
-2493
-2331
-2045
-1666
-1204
-669
-118
472
1114
1733
2252
2680
3062
3301
3329
3253
3092
2733
2166
1502
787
-29
-911
-1755
-2540
-3249
-3898
-4509
-4996
-5325
-5578
-5754
-5762
-5627
-5451
-5211
-4801
-4336
-3835
-3100
-2261
-1527
-729
278
1237
2068
2982
3920
4559
5001
5522
5863
5865
5711
5485
5180
4769
4187
3487
2839
2232
1481
712
164
-325
-937
-1444
-1732
-1966
-2164
-2250
-2183
-2040
-1836
-1538
-1178
-715
-213
275
812
1388
1906
2283
2587
2890
3019
2938
2809
2562
2104
1491
821
131
-650
-1494
-2292
-3001
-3608
-4229
-4830
-5208
-5431
-5630
-5757
-5690
-5488
-5259
-4948
-4442
-3941
-3395
-2624
-1783
-1038
-261
678
1527
2328
3129
3935
4498
4885
5336
5543
5534
5403
5140
4835
4476
3918
3264
2689
2102
1384
672
164
-272
-847
-1307
-1532
-1694
-1795
-1857
-1764
-1581
-1352
-1041
-672
-200
258
679
1149
1651
2053
2314
2529
2733
2760
2583
2421
2129
1631
1017
377
-254
-1000
-1833
-2593
-3227
-3809
-4419
-4934
-5209
-5414
-5583
-5653
-5542
-5304
-5015
-4658
-4126
-3632
-3074
-2335
-1524
-810
-125
782
1539
2247
2925
3677
4164
4445
4872
5073
5072
4931
4706
4471
4164
3650
3099
2626
2092
1454
844
363
-44
-605
-1003
-1153
-1303
-1426
-1486
-1343
-1185
-1005
-718
-312
95
464
837
1221
1626
1911
2108
2280
2381
2315
2089
1904
1653
1176
578
-20
-606
-1291
-2053
-2726
-3299
-3850
-4388
-4771
-4976
-5179
-5332
-5341
-5160
-4894
-4599
-4226
-3711
-3274
-2776
-2078
-1287
-657
-81
795
1534
2132
2773
3486
3930
4197
4616
4882
4906
4801
4621
4436
4168
3708
3199
2789
2308
1697
1162
682
263
-301
-678
-824
-1030
-1208
-1279
-1166
-1064
-936
-741
-364
-33
262
599
920
1260
1459
1645
1820
1870
1762
1558
1342
1144
728
143
-421
-986
-1578
-2250
-2831
-3348
-3841
-4287
-4595
-4767
-4947
-5077
-5060
-4856
-4576
-4309
-3980
-3550
-3175
-2738
-2093
-1372
-776
-238
559
1333
1906
2581
3260
3738
4092
4526
4867
4981
4971
4843
4709
4498
4141
3635
3242
2815
2240
1727
1236
783
246
-195
-412
-628
-853
-959
-952
-887
-770
-661
-425
-125
124
406
715
1020
1210
1388
1543
1603
1530
1346
1136
909
552
-8
-553
-1117
-1693
-2318
-2884
-3367
-3858
-4278
-4613
-4837
-4983
-5097
-5116
-4937
-4714
-4445
-4168
-3792
-3422
-3055
-2435
-1734
-1117
-563
181
1012
1662
2323
3066
3611
4034
4483
4909
5136
5154
5099
4947
4747
4455
3954
3464
3082
2543
1944
1454
985
448
-69
-381
-558
-802
-1011
-1005
-984
-926
-790
-657
-413
-155
82
367
675
891
1072
1237
1307
1315
1208
1048
838
548
103
-401
-884
-1424
-1981
-2542
-3017
-3454
-3884
-4221
-4495
-4675
-4754
-4828
-4757
-4592
-4392
-4160
-3893
-3531
-3219
-2752
-2084
-1427
-880
-206
661
1421
2073
2827
3566
4068
4540
5046
5415
5500
5473
5372
5144
4878
4478
3937
3477
3057
2421
1805
1328
815
237
-221
-460
-692
-996
-1155
-1118
-1132
-1086
-959
-787
-551
-331
-87
174
452
639
807
933
1007
1001
888
757
549
213
-261
-677
-1124
-1675
-2222
-2714
-3102
-3512
-3912
-4179
-4394
-4544
-4615
-4657
-4557
-4413
-4249
-4034
-3728
-3410
-3056
-2483
-1810
-1172
-604
187
1058
1763
2468
3247
3919
4377
4821
5258
5491
5460
5342
5188
4962
4644
4193
3708
3295
2769
2115
1594
1144
597
60
-280
-501
-795
-1080
-1184
-1174
-1190
-1154
-1007
-786
-616
-414
-179
83
330
459
620
760
841
769
649
543
269
-134
-543
-919
-1390
-1921
-2392
-2799
-3154
-3574
-3935
-4142
-4349
-4495
-4572
-4579
-4474
-4349
-4172
-3907
-3568
-3241
-2773
-2126
-1411
-782
-177
707
1563
2249
2972
3753
4337
4718
5142
5525
5662
5563
5423
5324
5073
4708
4249
3775
3302
2685
2087
1586
1112
515
14
-314
-610
-964
-1233
-1339
-1406
-1465
-1417
-1219
-1051
-923
-682
-457
-176
70
204
433
578
641
572
489
380
42
-332
-677
-1075
-1516
-1970
-2403
-2788
-3153
-3546
-3833
-4042
-4263
-4381
-4438
-4422
-4331
-4212
-3995
-3707
-3372
-3019
-2531
-1865
-1171
-587
75
986
1776
2400
3116
3893
4379
4717
5158
5503
5616
5514
5418
5330
5067
4711
4214
3765
3303
2663
2054
1563
1105
470
-38
-390
-727
-1109
-1402
-1520
-1633
-1728
-1696
-1523
-1401
-1244
-1021
-807
-448
-193
-13
293
485
600
592
556
460
160
-175
-530
-920
-1331
-1806
-2281
-2670
-3036
-3420
-3718
-3961
-4151
-4249
-4318
-4278
-4157
-4035
-3797
-3496
-3133
-2770
-2311
-1642
-948
-334
350
1243
2015
2641
3357
4099
4582
4927
5329
5631
5732
5640
5530
5384
5136
4754
4207
3760
3286
2612
1957
1443
946
301
-238
-638
-997
-1390
-1709
-1829
-1929
-2027
-2037
-1912
-1788
-1630
-1457
-1228
-842
-599
-378
-49
195
337
336
303
253
32
-287
-630
-946
-1354
-1849
-2299
-2667
-3011
-3393
-3702
-3911
-4044
-4144
-4201
-4117
-3975
-3844
-3578
-3251
-2839
-2463
-2033
-1378
-669
-50
578
1424
2188
2822
3473
4180
4699
5005
5345
5623
5709
5642
5526
5373
5146
4755
4220
3757
3290
2633
1965
1408
877
245
-350
-789
-1133
-1540
-1884
-1998
-2075
-2163
-2189
-2080
-1921
-1767
-1594
-1323
-945
-657
-401
-48
253
406
427
444
488
346
40
-234
-510
-947
-1438
-1872
-2244
-2646
-3074
-3393
-3603
-3765
-3915
-4003
-3954
-3855
-3734
-3477
-3140
-2736
-2376
-1976
-1360
-650
-85
478
1286
2056
2683
3291
4007
4561
4837
5149
5452
5556
5489
5367
5243
5043
4673
4149
3630
3160
2554
1842
1239
721
78
-584
-1063
-1387
-1789
-2175
-2308
-2373
-2475
-2512
-2421
-2240
-2060
-1850
-1555
-1163
-778
-488
-139
220
421
492
550
640
559
258
-9
-288
-732
-1213
-1657
-2038
-2458
-2911
-3238
-3452
-3613
-3762
-3877
-3838
-3726
-3606
-3367
-3009
-2622
-2287
-1906
-1334
-654
-76
467
1217
2005
2640
3246
3946
4542
4847
5120
5454
5603
5524
5365
5243
5066
4703
4174
3600
3082
2503
1767
1116
601
-33
-732
-1250
-1580
-1953
-2359
-2514
-2534
-2623
-2661
-2544
-2324
-2084
-1822
-1475
-1044
-617
-285
41
408
652
741
786
832
750
443
113
-193
-631
-1114
-1574
-1998
-2385
-2836
-3211
-3431
-3582
-3719
-3857
-3828
-3677
-3560
-3354
-3029
-2656
-2327
-1984
-1472
-835
-197
346
983
1771
2431
2989
3609
4239
4628
4842
5165
5397
5370
5201
5061
4940
4626
4130
3586
3067
2539
1860
1196
674
90
-577
-1131
-1487
-1840
-2233
-2423
-2447
-2494
-2536
-2427
-2187
-1927
-1642
-1293
-861
-433
-98
214
553
813
923
950
960
870
600
265
-58
-446
-883
-1323
-1757
-2124
-2502
-2889
-3154
-3324
-3463
-3608
-3639
-3513
-3392
-3258
-3028
-2709
-2378
-2072
-1673
-1118
-469
91
598
1288
1991
2540
3062
3682
4202
4435
4688
5005
5121
4996
4823
4717
4473
4035
3537
3048
2560
1954
1300
747
219
-374
-955
-1380
-1724
-2102
-2364
-2444
-2472
-2524
-2490
-2281
-2002
-1720
-1412
-1024
-579
-189
130
441
740
930
964
947
903
720
396
72
-226
-600
-1044
-1469
-1806
-2120
-2465
-2751
-2958
-3127
-3278
-3359
-3320
-3235
-3145
-3002
-2764
-2474
-2207
-1922
-1511
-954
-399
63
594
1239
1838
2362
2937
3546
3945
4177
4479
4780
4861
4742
4616
4464
4152
3714
3268
2839
2325
1710
1120
614
105
-466
-976
-1340
-1685
-2032
-2240
-2307
-2379
-2442
-2342
-2087
-1807
-1532
-1193
-785
-369
6
327
625
878
1014
1034
1007
914
682
370
89
-198
-583
-1022
-1400
-1693
-1980
-2264
-2491
-2674
-2849
-2985
-3022
-2981
-2929
-2844
-2670
-2421
-2165
-1930
-1654
-1246
-733
-244
196
704
1297
1836
2326
2889
3434
3764
3974
4280
4568
4610
4477
4356
4199
3888
3476
3086
2697
2183
1577
1037
602
122
-440
-908
-1220
-1549
-1923
-2143
-2227
-2334
-2416
-2306
-2066
-1836
-1610
-1302
-927
-572
-267
3
274
491
590
594
570
462
224
-33
-249
-494
-833
-1188
-1459
-1683
-1914
-2122
-2273
-2408
-2565
-2667
-2664
-2646
-2650
-2588
-2411
-2196
-1996
-1771
-1495
-1126
-668
-196
239
719
1284
1797
2260
2783
3281
3572
3757
4044
4286
4262
4093
3972
3814
3517
3158
2822
2452
1951
1409
949
556
96
-437
-867
-1153
-1465
-1831
-2052
-2126
-2206
-2269
-2155
-1928
-1709
-1493
-1180
-791
-442
-157
108
412
626
707
709
714
625
378
137
-57
-276
-593
-897
-1112
-1297
-1536
-1756
-1899
-2021
-2190
-2332
-2350
-2372
-2449
-2473
-2356
-2200
-2050
-1855
-1622
-1306
-886
-406
23
482
1058
1586
2049
2572
3103
3427
3616
3888
4131
4132
3983
3861
3696
3443
3159
2852
2502
2063
1596
1161
761
313
-210
-676
-1009
-1369
-1752
-2001
-2132
-2266
-2370
-2292
-2148
-1975
-1751
-1422
-1056
-723
-392
-82
246
464
567
609
686
652
442
266
117
-105
-429
-669
-856
-1101
-1369
-1566
-1758
-1982
-2160
-2306
-2416
-2510
-2565
-2598
-2567
-2447
-2278
-2100
-1897
-1578
-1153
-669
-198
295
884
1447
1948
2477
3044
3467
3715
3964
4235
4318
4193
4055
3912
3669
3345
3030
2724
2315
1804
1339
939
477
-68
-582
-961
-1348
-1765
-2071
-2214
-2352
-2517
-2519
-2398
-2211
-1997
-1682
-1302
-953
-600
-253
88
336
501
563
657
727
641
491
332
183
-73
-365
-585
-796
-1087
-1372
-1598
-1825
-2046
-2269
-2425
-2520
-2594
-2611
-2589
-2497
-2342
-2180
-1991
-1697
-1289
-831
-384
86
689
1261
1731
2230
2798
3276
3561
3828
4143
4280
4183
4068
3988
3794
3450
3105
2840
2487
1976
1476
1069
628
74
-471
-867
-1250
-1694
-2064
-2228
-2338
-2536
-2629
-2527
-2313
-2092
-1797
-1411
-1034
-705
-342
44
325
536
663
768
866
886
824
664
503
342
83
-227
-488
-770
-1102
-1431
-1714
-1933
-2213
-2478
-2608
-2700
-2740
-2742
-2671
-2523
-2393
-2239
-1985
-1641
-1239
-786
-335
185
734
1242
1748
2257
2766
3169
3491
3824
4045
4080
4058
4008
3865
3644
3376
3092
2742
2319
1904
1461
955
441
-74
-579
-1041
-1460
-1861
-2198
-2381
-2505
-2630
-2656
-2496
-2243
-1957
-1607
-1200
-821
-492
-110
291
607
814
987
1141
1226
1236
1165
1034
866
643
347
24
-313
-703
-1118
-1493
-1798
-2115
-2480
-2756
-2906
-3021
-3104
-3061
-2918
-2792
-2658
-2417
-2104
-1749
-1312
-803
-271
260
817
1381
1907
2437
2954
3373
3699
4001
4210
4243
4175
4091
3951
3697
3373
3020
2637
2188
1695
1215
713
129
-464
-966
-1398
-1833
-2258
-2546
-2683
-2780
-2824
-2723
-2499
-2224
-1881
-1458
-1014
-596
-194
222
636
1000
1259
1441
1583
1663
1632
1485
1308
1102
777
370
-9
-412
-895
-1375
-1764
-2111
-2498
-2849
-3088
-3258
-3387
-3402
-3300
-3162
-2977
-2718
-2453
-2168
-1733
-1189
-686
-191
429
1075
1580
2069
2670
3205
3535
3819
4169
4379
4337
4234
4161
4015
3705
3299
2916
2511
2013
1465
957
461
-146
-793
-1280
-1641
-2040
-2454
-2701
-2772
-2816
-2799
-2607
-2313
-2006
-1648
-1213
-720
-250
176
613
1056
1425
1662
1832
1976
2025
1911
1706
1488
1198
770
310
-118
-599
-1151
-1665
-2082
-2461
-2859
-3202
-3397
-3517
-3628
-3637
-3484
-3278
-3083
-2834
-2521
-2202
-1814
-1299
-744
-244
292
926
1499
1972
2495
3033
3403
3665
3981
4245
4271
4170
4112
4016
3742
3336
2932
2522
2014
1462
950
434
-143
-734
-1208
-1564
-1905
-2245
-2487
-2573
-2574
-2510
-2336
-2063
-1747
-1390
-977
-515
-35
414
838
1255
1629
1890
2044
2149
2196
2120
1914
1638
1315
906
427
-56
-545
-1090
-1656
-2153
-2561
-2939
-3286
-3521
-3633
-3708
-3738
-3632
-3417
-3194
-2985
-2727
-2423
-2069
-1637
-1138
-641
-142
429
1036
1599
2123
2646
3093
3427
3750
4054
4195
4177
4122
4047
3856
3513
3094
2652
2165
1629
1096
577
41
-505
-993
-1388
-1730
-2049
-2312
-2441
-2445
-2400
-2302
-2087
-1773
-1413
-1015
-561
-65
408
838
1264
1682
1982
2132
2234
2302
2242
2027
1735
1407
987
471
-39
-528
-1087
-1695
-2207
-2619
-3020
-3378
-3608
-3715
-3785
-3820
-3725
-3507
-3282
-3050
-2764
-2456
-2149
-1759
-1264
-756
-288
245
889
1523
2074
2608
3125
3529
3846
4166
4394
4432
4353
4258
4100
3796
3366
2890
2394
1862
1310
757
207
-333
-850
-1315
-1707
-2032
-2312
-2502
-2542
-2495
-2430
-2286
-1997
-1618
-1221
-784
-278
240
708
1160
1604
1951
2155
2269
2329
2278
2084
1784
1424
1001
500
-41
-585
-1138
-1706
-2233
-2670
-3045
-3385
-3651
-3798
-3855
-3876
-3846
-3698
-3466
-3226
-2964
-2655
-2321
-1974
-1541
-1022
-516
-27
568
1245
1861
2409
2959
3466
3854
4171
4455
4612
4589
4475
4342
4125
3758
3289
2805
2316
1780
1201
636
104
-434
-963
-1413
-1766
-2068
-2316
-2438
-2444
-2400
-2303
-2090
-1759
-1372
-970
-520
-6
514
993
1429
1817
2114
2301
2378
2346
2205
1955
1599
1187
735
220
-359
-944
-1487
-2003
-2485
-2901
-3240
-3532
-3765
-3896
-3954
-3986
-3962
-3818
-3597
-3359
-3097
-2777
-2422
-2055
-1621
-1102
-576
-68
534
1223
1862
2416
2964
3492
3891
4181
4435
4591
4569
4429
4264
4035
3676
3216
2725
2240
1720
1150
585
65
-446
-949
-1367
-1679
-1953
-2180
-2283
-2274
-2204
-2060
-1817
-1488
-1101
-668
-209
285
794
1264
1670
2020
2299
2455
2493
2431
2242
1936
1548
1111
615
47
-553
-1143
-1706
-2230
-2705
-3115
-3465
-3751
-3956
-4068
-4121
-4140
-4088
-3917
-3668
-3400
-3089
-2720
-2340
-1971
-1534
-995
-449
58
640
1339
2003
2558
3099
3645
4050
4303
4540
4729
4715
4526
4323
4106
3746
3249
2727
2224
1689
1094
500
-28
-521
-1016
-1440
-1739
-1991
-2239
-2369
-2339
-2241
-2106
-1873
-1530
-1136
-718
-267
220
720
1183
1571
1898
2162
2310
2328
2264
2103
1801
1395
955
478
-84
-693
-1260
-1789
-2313
-2800
-3206
-3538
-3820
-4023
-4119
-4127
-4092
-4013
-3836
-3551
-3224
-2894
-2518
-2099
-1697
-1292
-796
-234
291
817
1451
2121
2690
3199
3717
4152
4416
4604
4776
4809
4632
4375
4129
3809
3340
2798
2278
1752
1158
547
5
-480
-963
-1402
-1724
-1970
-2207
-2369
-2378
-2281
-2145
-1944
-1637
-1259
-867
-460
-8
463
898
1264
1568
1817
1964
1992
1940
1810
1573
1229
832
408
-70
-603
-1130
-1614
-2086
-2549
-2964
-3299
-3565
-3771
-3892
-3910
-3850
-3749
-3596
-3352
-3026
-2688
-2353
-1966
-1537
-1140
-746
-272
250
733
1220
1788
2365
2858
3292
3718
4067
4266
4377
4447
4398
4187
3898
3609
3279
2833
2318
1833
1357
816
261
-218
-624
-1029
-1408
-1683
-1862
-2015
-2116
-2091
-1953
-1768
-1550
-1255
-886
-505
-136
256
666
1042
1331
1554
1734
1830
1803
1669
1478
1222
869
445
15
-428
-924
-1428
-1877
-2288
-2705
-3077
-3346
-3528
-3661
-3724
-3678
-3549
-3390
-3184
-2887
-2532
-2189
-1842
-1439
-1014
-639
-283
138
590
989
1380
1836
2299
2685
3014
3351
3642
3800
3856
3886
3853
3675
3394
3121
2852
2482
2025
1601
1220
775
273
-155
-490
-832
-1187
-1444
-1579
-1691
-1800
-1804
-1675
-1502
-1322
-1084
-759
-414
-112
191
536
858
1088
1248
1394
1482
1434
1277
1087
855
522
111
-288
-678
-1121
-1583
-1977
-2312
-2638
-2937
-3139
-3239
-3291
-3303
-3226
-3055
-2848
-2633
-2358
-2010
-1669
-1362
-1025
-643
-304
-31
290
683
1036
1331
1676
2073
2403
2653
2926
3210
3378
3428
3467
3486
3371
3130
2888
2667
2361
1949
1549
1202
810
349
-68
-392
-702
-1037
-1309
-1459
-1566
-1683
-1723
-1627
-1469
-1314
-1120
-836
-516
-241
20
335
645
860
1011
1163
1276
1259
1145
1008
827
541
181
-171
-523
-931
-1348
-1703
-2001
-2287
-2542
-2706
-2781
-2802
-2781
-2691
-2526
-2333
-2142
-1933
-1671
-1406
-1183
-962
-699
-448
-271
-77
217
534
784
1049
1396
1730
1981
2233
2540
2780
2890
2969
3067
3062
2908
2725
2581
2381
2057
1713
1425
1120
728
336
27
-258
-589
-895
-1088
-1221
-1379
-1501
-1488
-1388
-1301
-1200
-993
-722
-491
-281
1
315
551
724
917
1095
1161
1127
1069
966
754
457
155
-148
-511
-907
-1250
-1542
-1827
-2084
-2265
-2370
-2419
-2418
-2357
-2241
-2099
-1954
-1803
-1634
-1454
-1288
-1131
-959
-791
-657
-539
-353
-91
182
436
733
1071
1389
1681
1988
2294
2521
2670
2804
2904
2889
2771
2637
2501
2292
2002
1704
1441
1140
778
423
122
-182
-518
-805
-995
-1157
-1344
-1474
-1479
-1419
-1374
-1285
-1086
-848
-644
-435
-151
149
388
599
836
1040
1132
1141
1117
1040
863
615
370
116
-192
-532
-843
-1117
-1383
-1635
-1823
-1933
-2005
-2054
-2060
-2009
-1943
-1893
-1835
-1734
-1617
-1517
-1408
-1267
-1134
-1040
-925
-708
-411
-123
159
496
877
1227
1548
1888
2219
2460
2630
2795
2925
2924
2812
2693
2570
2357
2057
1770
1511
1193
810
451
141
-194
-549
-826
-1013
-1196
-1396
-1517
-1516
-1470
-1423
-1305
-1086
-855
-651
-421
-125
172
414
648
899
1093
1179
1189
1172
1093
918
700
492
270
-10
-314
-594
-852
-1111
-1353
-1535
-1665
-1783
-1892
-1952
-1969
-1984
-2000
-1986
-1923
-1841
-1762
-1654
-1516
-1387
-1271
-1105
-840
-532
-245
44
390
758
1084
1391
1719
2021
2240
2408
2585
2715
2721
2648
2576
2482
2297
2045
1807
1569
1263
908
578
276
-59
-402
-668
-858
-1047
-1235
-1339
-1341
-1306
-1246
-1111
-899
-681
-475
-227
68
349
584
808
1025
1177
1231
1228
1185
1075
896
689
481
248
-21
-297
-561
-818
-1073
-1304
-1498
-1671
-1835
-1977
-2076
-2146
-2200
-2223
-2205
-2150
-2067
-1955
-1818
-1672
-1511
-1329
-1114
-849
-554
-257
29
342
684
1010
1308
1602
1884
2111
2290
2452
2582
2631
2607
2551
2472
2327
2113
1870
1615
1318
979
641
320
-2
-330
-612
-826
-1006
-1168
-1271
-1290
-1250
-1175
-1047
-850
-623
-389
-131
166
460
719
953
1172
1344
1436
1459
1435
1351
1192
981
748
492
198
-117
-423
-723
-1023
-1311
-1570
-1801
-2015
-2206
-2354
-2453
-2516
-2541
-2519
-2451
-2347
-2212
-2053
-1878
-1685
-1472
-1248
-1009
-731
-425
-132
161
489
838
1159
1458
1763
2042
2257
2427
2585
2697
2722
2681
2608
2495
2307
2060
1793
1507
1180
833
504
194
-115
-414
-655
-839
-991
-1107
-1167
-1158
-1097
-1006
-863
-661
-426
-191
65
350
624
854
1056
1249
1391
1448
1438
1393
1290
1102
861
606
326
4
-332
-651
-956
-1267
-1564
-1815
-2030
-2228
-2398
-2508
-2560
-2580
-2567
-2496
-2384
-2251
-2102
-1925
-1735
-1543
-1347
-1138
-914
-670
-403
-131
141
440
761
1074
1372
1667
1943
2173
2360
2520
2640
2686
2663
2596
2493
2328
2109
1862
1599
1310
1003
700
414
137
-132
-364
-549
-697
-815
-884
-892
-850
-777
-664
-497
-300
-97
118
346
567
745
890
1017
1099
1107
1058
980
855
662
429
188
-70
-358
-651
-921
-1181
-1434
-1668
-1858
-2015
-2153
-2258
-2310
-2322
-2312
-2274
-2189
-2077
-1962
-1835
-1689
-1534
-1383
-1227
-1053
-864
-667
-447
-207
44
307
599
900
1189
1473
1750
2000
2208
2381
2519
2602
2618
2585
2515
2400
2227
2022
1800
1556
1286
1006
740
480
218
-29
-241
-422
-585
-713
-787
-812
-809
-768
-671
-540
-393
-227
-41
148
323
480
616
721
773
778
741
666
543
376
186
-25
-256
-503
-747
-975
-1195
-1402
-1584
-1732
-1854
-1953
-2018
-2046
-2053
-2047
-2014
-1957
-1891
-1819
-1732
-1626
-1514
-1397
-1252
-1085
-905
-698
-459
-196
75
366
681
994
1297
1597
1887
2140
2347
2522
2658
2734
2750
2723
2650
2518
2331
2114
1877
1605
1308
1007
717
422
128
-134
-357
-558
-734
-863
-944
-992
-1006
-976
-893
-783
-653
-493
-310
-127
49
222
390
532
636
701
727
704
628
509
359
179
-31
-266
-506
-744
-982
-1208
-1409
-1577
-1717
-1837
-1920
-1963
-1986
-1994
-1974
-1927
-1873
-1817
-1744
-1650
-1556
-1456
-1333
-1181
-1017
-833
-606
-347
-73
221
545
878
1202
1522
1845
2140
2393
2612
2791
2909
2962
2964
2916
2809
2639
2423
2177
1886
1555
1215
881
544
199
-123
-409
-668
-898
-1078
-1201
-1286
-1341
-1349
-1301
-1212
-1097
-948
-762
-570
-378
-180
28
226
394
542
657
732
755
730
662
551
395
202
-13
-241
-485
-736
-972
-1188
-1382
-1547
-1678
-1764
-1821
-1849
-1841
-1803
-1752
-1699
-1641
-1576
-1514
-1452
-1373
-1274
-1159
-1026
-851
-633
-389
-121
180
501
826
1158
1499
1834
2130
2385
2598
2754
2843
2877
2866
2805
2681
2502
2286
2040
1756
1444
1118
788
446
114
-186
-457
-708
-933
-1117
-1251
-1340
-1388
-1381
-1328
-1246
-1138
-987
-796
-581
-359
-135
78
275
447
595
715
796
824
790
707
580
403
187
-49
-290
-539
-783
-1006
-1202
-1367
-1497
-1587
-1638
-1670
-1696
-1718
-1738
-1753
-1761
-1753
-1725
-1680
-1609
-1511
-1373
-1197
-992
-756
-493
-203
116
454
797
1135
1452
1735
1977
2183
2357
2488
2564
2592
2576
2509
2396
2244
2061
1843
1586
1308
1035
768
503
237
-16
-244
-457
-642
-780
-869
-925
-962
-962
-907
-806
-666
-490
-286
-79
117
306
495
674
813
906
954
954
894
775
618
428
203
-50
-307
-554
-797
-1020
-1215
-1373
-1511
-1643
-1766
-1875
-1975
-2079
-2165
-2220
-2246
-2254
-2226
-2149
-2033
-1892
-1713
-1490
-1236
-960
-658
-325
11
330
641
946
1229
1478
1707
1917
2087
2210
2300
2366
2383
2345
2269
2162
2015
1825
1624
1420
1201
952
697
458
229
4
-197
-350
-472
-582
-669
-696
-663
-592
-475
-307
-113
81
273
483
705
901
1062
1198
1298
1336
1311
1236
1121
952
729
471
191
-100
-404
-693
-962
-1219
-1478
-1725
-1939
-2128
-2297
-2435
-2536
-2611
-2656
-2665
-2624
-2542
-2431
-2288
-2105
-1890
-1653
-1389
-1103
-813
-533
-258
26
312
588
869
1152
1415
1647
1853
2037
2185
2281
2336
2360
2340
2272
2166
2032
1859
1646
1400
1149
895
630
366
123
-92
-288
-460
-586
-660
-694
-696
-656
-574
-458
-312
-124
105
353
594
828
1052
1251
1417
1546
1637
1672
1625
1494
1298
1053
761
444
104
-251
-618
-991
-1333
-1638
-1905
-2142
-2350
-2527
-2663
-2757
-2798
-2799
-2776
-2728
-2659
-2546
-2400
-2213
-2004
-1779
-1550
-1318
-1077
-828
-565
-301
-29
238
507
785
1074
1364
1640
1894
2113
2300
2449
2566
2646
2678
2661
2583
2463
2305
2114
1894
1659
1407
1135
846
550
271
14
-206
-389
-533
-639
-718
-760
-764
-728
-648
-521
-340
-120
126
383
633
867
1072
1239
1367
1444
1462
1394
1248
1028
746
422
75
-286
-652
-1014
-1363
-1679
-1958
-2196
-2399
-2571
-2710
-2810
-2868
-2881
-2849
-2786
-2694
-2574
-2419
-2239
-2034
-1814
-1592
-1372
-1157
-945
-722
-493
-255
-13
240
504
780
1072
1367
1660
1930
2176
2393
2579
2732
2841
2901
2895
2838
2734
2597
2431
2245
2034
1793
1516
1214
902
596
328
88
-113
-289
-436
-555
-639
-677
-672
-618
-519
-376
-202
1
211
421
608
768
894
977
1013
985
900
736
507
224
-93
-428
-766
-1092
-1398
-1675
-1926
-2142
-2331
-2487
-2617
-2713
-2773
-2792
-2766
-2702
-2595
-2458
-2286
-2093
-1881
-1661
-1443
-1232
-1034
-841
-656
-467
-276
-73
135
356
596
851
1121
1387
1644
1878
2099
2293
2468
2612
2711
2757
2740
2677
2573
2444
2291
2119
1923
1696
1438
1160
881
617
379
165
-21
-188
-331
-446
-526
-558
-549
-490
-395
-264
-111
58
233
398
545
665
752
792
783
717
596
417
184
-89
-387
-693
-996
-1273
-1525
-1745
-1937
-2105
-2253
-2376
-2475
-2541
-2572
-2565
-2512
-2423
-2290
-2129
-1944
-1748
-1554
-1363
-1187
-1022
-870
-724
-582
-434
-280
-110
81
294
531
790
1063
1335
1596
1844
2072
2278
2459
2606
2711
2764
2759
2708
2617
2491
2335
2151
1941
1706
1450
1182
916
657
411
182
-28
-217
-382
-521
-626
-683
-697
-659
-579
-464
-319
-160
1
161
310
439
536
592
596
547
447
294
98
-134
-386
-647
-908
-1152
-1376
-1576
-1751
-1902
-2033
-2143
-2228
-2289
-2314
-2306
-2263
-2184
-2078
-1949
-1805
-1661
-1520
-1388
-1266
-1152
-1041
-925
-806
-672
-519
-344
-137
100
364
651
952
1259
1562
1850
2120
2359
2567
2734
2855
2920
2931
2889
2798
2667
2496
2292
2054
1794
1518
1227
938
649
372
109
-135
-356
-550
-709
-830
-904
-929
-899
-820
-698
-547
-380
-200
-22
146
298
422
509
550
544
488
389
246
70
-132
-348
-574
-801
-1021
-1231
-1418
-1587
-1732
-1858
-1959
-2028
-2069
-2078
-2056
-2006
-1932
-1841
-1738
-1630
-1527
-1430
-1333
-1236
-1134
-1023
-899
-756
-596
-413
-200
38
298
577
865
1158
1445
1720
1975
2205
2401
2559
2674
2740
2757
2723
2649
2535
2381
2188
1962
1709
1434
1149
861
572
298
35
-209
-426
-616
-768
-879
-943
-960
-928
-845
-725
-578
-412
-239
-67
95
237
354
435
480
481
445
374
270
139
-20
-199
-394
-598
-806
-1014
-1211
-1399
-1569
-1718
-1840
-1933
-1993
-2018
-2014
-1983
-1929
-1854
-1766
-1671
-1575
-1478
-1386
-1286
-1178
-1060
-925
-775
-607
-421
-217
5
245
498
760
1025
1286
1539
1774
1990
2182
2344
2469
2559
2611
2625
2601
2543
2450
2316
2144
1938
1701
1443
1170
893
621
357
111
-118
-318
-486
-621
-720
-774
-788
-756
-689
-587
-461
-320
-166
-16
131
259
364
439
476
478
443
381
288
169
24
-143
-325
-519
-715
-918
-1117
-1312
-1501
-1671
-1821
-1941
-2030
-2090
-2117
-2118
-2091
-2043
-1971
-1892
-1805
-1717
-1624
-1522
-1415
-1287
-1148
-987
-812
-617
-405
-179
68
324
594
861
1130
1387
1628
1853
2051
2220
2354
2458
2528
2569
2574
2546
2483
2378
2237
2057
1846
1610
1356
1093
833
577
330
104
-105
-290
-448
-574
-667
-718
-734
-708
-643
-547
-424
-282
-125
29
178
309
412
484
518
514
475
400
289
151
-21
-210
-413
-625
-837
-1050
-1258
-1455
-1642
-1804
-1939
-2042
-2112
-2148
-2155
-2132
-2083
-2015
-1928
-1835
-1737
-1635
-1526
-1406
-1273
-1123
-953
-767
-570
-356
-126
115
369
626
885
1134
1375
1606
1818
2004
2162
2287
2377
2441
2474
2480
2459
2400
2310
2184
2028
1846
1643
1428
1205
978
751
531
321
125
-50
-207
-339
-442
-521
-565
-572
-545
-483
-393
-280
-157
-30
91
196
278
331
350
336
288
207
100
-36
-202
-391
-600
-818
-1036
-1244
-1438
-1619
-1776
-1918
-2033
-2116
-2169
-2189
-2181
-2149
-2095
-2021
-1932
-1827
-1701
-1568
-1427
-1284
-1143
-998
-852
-697
-528
-344
-147
60
276
498
719
939
1155
1365
1566
1753
1923
2072
2190
2274
2331
2351
2352
2335
2295
2237
2149
2036
1894
1735
1562
1380
1192
997
797
597
401
224
66
-72
-183
-268
-323
-345
-340
-308
-257
-183
-95
-3
80
145
189
204
193
145
66
-40
-168
-313
-472
-645
-839
-1045
-1256
-1457
-1639
-1794
-1923
-2031
-2122
-2192
-2235
-2247
-2229
-2180
-2106
-2010
-1897
-1774
-1637
-1489
-1322
-1144
-961
-785
-618
-469
-332
-196
-53
109
284
467
654
838
1017
1192
1365
1535
1703
1861
2005
2125
2218
2279
2303
2303
2284
2249
2201
2131
2037
1919
1777
1619
1444
1258
1060
850
635
421
218
38
-122
-260
-370
-448
-496
-518
-512
-488
-446
-382
-309
-236
-178
-143
-135
-155
-202
-281
-387
-511
-650
-794
-942
-1097
-1260
-1428
-1585
-1718
-1818
-1886
-1930
-1955
-1971
-1967
-1942
-1887
-1805
-1696
-1566
-1425
-1272
-1118
-955
-784
-609
-426
-242
-67
95
236
359
473
588
716
851
994
1134
1265
1382
1489
1588
1683
1776
1857
1925
1971
1989
1981
1949
1898
1831
1748
1657
1552
1437
1314
1183
1045
897
742
581
418
256
102
-41
-170
-280
-374
-451
-511
-553
-583
-602
-608
-601
-582
-554
-532
-521
-532
-562
-610
-675
-752
-848
-953
-1067
-1179
-1285
-1387
-1480
-1566
-1637
-1686
-1709
-1703
-1674
-1627
-1558
-1475
-1378
-1270
-1152
-1033
-914
-791
-669
-539
-402
-263
-123
14
148
280
406
526
641
750
859
967
1077
1188
1294
1392
1484
1569
1650
1729
1802
1864
1905
1923
1919
1891
1846
1778
1692
1592
1473
1342
1203
1055
903
749
596
447
297
153
16
-109
-225
-327
-410
-479
-533
-578
-613
-643
-670
-692
-716
-746
-782
-829
-883
-942
-997
-1047
-1093
-1139
-1189
-1240
-1293
-1342
-1388
-1427
-1462
-1493
-1514
-1520
-1501
-1469
-1420
-1358
-1290
-1208
-1113
-1001
-868
-719
-563
-408
-258
-122
4
118
228
335
450
566
682
795
899
997
1086
1172
1255
1335
1406
1470
1520
1557
1580
1594
1605
1610
1609
1608
1602
1589
1565
1526
1475
1405
1320
1221
1105
983
848
709
562
407
249
91
-60
-205
-342
-469
-589
-703
-807
-902
-985
-1052
-1103
-1140
-1165
-1182
-1196
-1208
-1218
-1234
-1253
-1277
-1304
-1328
-1346
-1350
-1347
-1329
-1305
-1276
-1242
-1202
-1158
-1113
-1057
-999
-938
-867
-787
-698
-599
-495
-388
-283
-175
-63
63
193
334
477
612
736
841
933
1014
1089
1162
1236
1308
1375
1435
1480
1516
1540
1552
1555
1552
1533
1502
1454
1395
1323
1244
1162
1075
992
908
825
738
650
559
466
367
263
157
48
-61
-165
-267
-369
-468
-564
-659
-749
-828
-902
-966
-1026
-1081
-1129
-1172
-1210
-1240
-1257
-1265
-1265
-1256
-1236
-1217
-1192
-1172
-1150
-1130
-1108
-1083
-1049
-1005
-959
-904
-843
-774
-700
-622
-543
-461
-382
-302
-219
-133
-44
49
143
231
322
406
488
568
649
734
823
910
993
1068
1132
1186
1235
1277
1315
1349
1374
1391
1394
1390
1377
1352
1319
1274
1216
1146
1065
971
872
772
671
566
463
359
256
156
58
-36
-130
-221
-311
-398
-479
-558
-630
-694
-755
-814
-873
-929
-983
-1036
-1085
-1127
-1165
-1195
-1216
-1227
-1231
-1226
-1218
-1207
-1190
-1164
-1135
-1096
-1051
-998
-940
-877
-807
-735
-659
-581
-499
-416
-332
-244
-158
-70
20
113
208
299
387
476
558
644
732
818
903
983
1056
1126
1190
1246
1298
1342
1379
1402
1412
1413
1400
1382
1352
1312
1261
1197
1123
1040
956
868
783
696
603
505
403
302
194
91
-16
-124
-231
-333
-432
-527
-613
-694
-769
-842
-912
-982
-1047
-1105
-1158
-1203
-1244
-1274
-1297
-1308
-1310
-1307
-1294
-1282
-1265
-1244
-1216
-1180
-1134
-1080
-1018
-948
-876
-798
-721
-637
-554
-468
-381
-293
-207
-119
-27
66
161
257
348
436
527
612
698
786
867
946
1022
1089
1156
1215
1269
1318
1358
1389
1406
1415
1415
1404
1385
1355
1316
1265
1206
1140
1072
1000
922
842
756
667
573
476
376
275
172
68
-37
-140
-242
-340
-431
-521
-604
-685
-762
-834
-903
-971
-1030
-1084
-1132
-1175
-1207
-1235
-1255
-1268
-1273
-1275
-1272
-1264
-1252
-1230
-1203
-1164
-1123
-1071
-1019
-957
-895
-825
-757
-680
-603
-523
-439
-355
-270
-182
-89
0
96
184
276
365
458
544
627
710
785
862
932
1000
1058
1116
1159
1205
1233
1260
1275
1284
1280
1271
1252
1226
1193
1151
1108
1057
1000
939
871
800
726
645
563
480
392
303
207
115
23
-66
-153
-244
-330
-419
-496
-581
-655
-732
-797
-870
-924
-985
-1033
-1080
-1118
-1144
-1177
-1190
-1211
-1209
-1222
-1203
-1205
-1167
-1159
-1101
-1083
-1017
-980
-909
-858
-778
-711
-625
-547
-459
-370
-281
-183
-96
12
101
207
294
398
476
580
651
750
815
905
961
1042
1084
1152
1181
1234
1251
1285
1291
1306
1304
1293
1282
1250
1230
1181
1150
1085
1041
963
909
822
757
662
585
485
400
302
211
113
11
-80
-184
-274
-379
-460
-557
-633
-724
-793
-874
-934
-1004
-1059
-1109
-1153
-1186
-1220
-1236
-1258
-1256
-1266
-1250
-1243
-1214
-1193
-1149
-1112
-1058
-1003
-940
-874
-803
-726
-651
-562
-483
-390
-304
-207
-122
-26
62
154
240
332
415
499
578
651
726
788
851
903
956
995
1035
1062
1088
1102
1113
1116
1111
1099
1077
1054
1019
984
934
888
827
771
704
637
562
488
410
332
253
169
89
4
-73
-160
-230
-315
-385
-464
-527
-598
-654
-714
-764
-814
-855
-891
-923
-945
-967
-977
-988
-985
-986
-971
-961
-932
-908
-873
-838
-794
-746
-696
-638
-582
-516
-455
-384
-322
-245
-175
-103
-31
43
115
187
257
323
391
452
514
567
622
667
715
753
794
824
852
874
892
906
918
921
918
912
898
887
861
840
805
775
735
698
650
605
551
499
444
387
331
270
213
147
89
23
-32
-94
-150
-209
-264
-319
-372
-424
-471
-514
-556
-592
-632
-660
-693
-715
-740
-755
-769
-776
-781
-783
-780
-775
-762
-747
-727
-706
-678
-650
-617
-585
-546
-506
-464
-418
-373
-324
-274
-223
-171
-118
-68
-12
39
89
137
187
235
279
324
363
403
440
475
506
535
561
586
605
622
636
645
652
654
652
647
638
627
612
595
574
549
523
493
462
428
392
355
314
268
220
176
127
81
35
-13
-61
-106
-149
-194
-235
-276
-316
-358
-394
-428
-460
-488
-514
-542
-565
-581
-595
-603
-611
-614
-615
-611
-608
-598
-587
-573
-554
-537
-513
-488
-460
-429
-396
-358
-320
-279
-236
-194
-152
-112
-68
-27
14
56
96
138
178
218
255
289
323
355
386
414
441
465
487
506
524
537
548
557
562
567
565
563
556
545
530
513
495
475
453
432
407
382
353
324
293
261
226
191
155
120
85
46
11
-26
-61
-96
-127
-157
-189
-220
-251
-279
-305
-330
-352
-371
-387
-401
-413
-423
-430
-438
-441
-442
-440
-433
-424
-415
-401
-387
-371
-353
-333
-310
-289
-265
-243
-218
-193
-166
-139
-111
-82
-53
-25
0
26
49
69
89
110
132
150
170
187
206
222
237
248
257
265
270
277
276
279
278
276
273
267
258
251
240
229
215
202
189
174
155
135
118
100
79
61
46
29
12
-3
-19
-34
-51
-71
-88
-103
-117
-129
-141
-150
-155
-160
-166
-174
-180
-183
-185
-183
-183
-180
-174
-171
-166
-158
-150
-141
-132
-123
-114
-103
-94
-82
-70
-57
-42
-31
-16
-4
7
16
24
29
34
40
48
54
61
70
76
85
90
93
97
99
100
101
103
103
102
98
96
95
89
82
77
69
63
59
50
46
40
32
26
19
14
8
4
-1
-6
-8
-11
-14
-16
-20
-25
-28
-30
-27
-29
-28
-25
-23
-22
-23
-25
-25
-22
-22
-21
-20
-18
-18
-18
-18
-16
-15
-14
-13
-11
-8
-9
-8
-7
-7
-6
-3
-6
-6
-3
-2
-1
0
0
1
1
0
0
-1
1
4
5
7
9
12
16
19
22
23
22
21
19
18
15
13
11
10
9
10
10
10
8
5
3
1
1
-1
-3
-5
-6
-9
-11
-11
-10
-9
-9
-9
-10
-9
-9
-8
-6
-6
-7
-9
-10
-9
-7
-7
-8
-5
-4
-4
-4
-4
-6
-6
-7
-7
-7
-6
-7
-7
-6
-8
-6
-7
-7
-5
-4
-5
-2
1
3
4
2
1
2
0
1
1
1
4
6
8
11
13
14
13
13
13
10
9
6
8
8
7
8
9
9
9
9
9
5
4
2
3
0
-4
-4
-5
-5
-4
-4
-3
-4
-4
-5
-2
-1
-1
0
-2
-2
-4
-4
-4
-4
-4
-3
-1
0
1
-1
-2
-2
-4
-5
-5
-5
-6
-5
-3
-2
-2
-4
-5
-5
-7
-7
-5
-5
-4
-2
-1
2
2
0
1
-1
-3
-3
-3
-3
2
2
2
3
3
5
5
4
4
4
5
6
5
4
6
6
6
7
5
4
4
4
4
4
3
2
2
2
-1
-1
0
-1
-1
0
-2
-2
-4
-3
-3
-2
-5
-2
-2
-4
-3
-4
-3
-3
-4
-3
-3
-2
-2
-4
-2
-3
-2
-1
0
2
1
3
2
1
1
3
6
6
7
7
7
5
7
7
4
3
5
5
5
6
5
4
3
2
1
2
1
1
1
2
0
1
0
-3
-4
-6
-6
-5
-7
-7
-5
-6
-7
-8
-8
-9
-10
-10
-11
-10
-13
-13
-13
-12
-13
-13
-12
-11
-10
-9
-8
-7
-9
-10
-10
-7
-7
-5
-5
-4
-1
-2
-2
-3
-2
1
0
1
4
6
6
6
7
9
8
10
11
11
14
16
16
17
17
18
18
18
18
20
19
20
22
22
22
22
22
23
22
20
18
16
14
13
12
12
13
12
13
12
11
8
6
3
1
2
1
0
0
-2
-3
-6
-8
-9
-12
-17
-17
-19
-19
-17
-17
-15
-18
-17
-20
-21
-24
-29
-30
-30
-30
-31
-30
-30
-28
-28
-28
-29
-28
-27
-26
-23
-22
-18
-17
-19
-19
-21
-21
-22
-19
-15
-12
-8
-4
-2
1
3
4
5
7
6
8
11
15
17
19
21
21
23
25
26
29
30
32
32
33
33
33
32
32
34
35
37
38
39
37
36
36
33
30
25
23
21
20
19
20
20
21
19
16
13
8
5
3
1
0
-1
-1
-1
-4
-7
-8
-12
-14
-16
-21
-23
-24
-26
-27
-26
-25
-24
-25
-25
-27
-31
-34
-38
-39
-39
-39
-37
-35
-33
-33
-33
-32
-30
-27
-25
-22
-21
-20
-22
-23
-25
-26
-25
-23
-18
-10
-4
0
3
2
2
2
2
2
5
10
16
21
24
25
23
20
22
23
25
27
31
36
39
43
44
43
42
40
39
39
40
37
35
34
35
37
40
41
41
41
41
40
36
31
22
16
10
8
5
6
9
15
22
24
18
8
