SAMPLES:	15466
BITSPERSAMPLE:	16
CHANNELS:	1
SAMPLERATE:	16000
NORMALIZED:	FALSE
-5
-4
-2
-1
1
1
0
-1
-1
1
1
1
0
0
1
1
0
-1
-1
-1
-2
-1
-2
-4
-3
-3
-3
-3
-2
-3
-1
-3
-2
-3
-3
-1
1
1
2
1
1
1
-1
-1
-2
-1
-1
0
0
0
1
2
3
1
1
2
4
3
5
4
4
3
3
4
5
4
2
3
2
3
3
1
0
1
0
2
4
2
3
3
3
2
1
2
1
2
2
0
0
1
1
0
0
0
2
2
3
4
4
3
5
3
4
4
3
5
5
4
3
1
3
2
2
1
1
-1
0
0
-1
0
-1
-1
-2
-2
-2
-1
-2
-2
-3
-4
-3
-3
-3
-3
-3
-3
-2
-4
-4
-3
-6
-5
-5
-5
-3
-4
-4
-5
-5
-4
-5
-4
-5
-4
-3
-4
-4
-3
-3
-3
-4
-3
-2
-1
1
0
0
1
1
0
0
0
0
-2
-1
0
-1
0
-1
-2
-2
0
2
3
4
4
5
3
1
2
2
2
1
0
0
0
0
-1
1
1
0
2
1
0
2
2
3
3
0
0
0
-1
0
0
0
0
0
-1
0
1
0
-1
-2
0
0
0
1
0
1
0
0
-2
-2
0
0
1
2
1
3
3
1
1
-1
-2
-1
-1
-2
-1
-1
-2
-3
-4
-4
-3
-3
-3
-3
-3
-2
-1
0
-1
1
2
3
3
4
4
4
3
3
3
0
0
1
1
3
3
3
4
4
4
4
4
4
4
4
3
3
2
1
2
1
-1
1
1
3
0
-2
-1
-1
-1
-1
-2
-2
-3
-3
-4
-4
-3
-3
-3
-2
-3
-3
-3
-2
-4
-5
-5
-5
-3
-3
-2
-1
2
-1
-1
-1
-1
1
0
2
2
0
-1
-1
-1
-2
-1
-1
-2
-2
-1
0
1
3
4
4
4
4
4
6
6
4
3
3
3
3
5
3
1
1
0
-1
-2
-2
0
-1
-1
-1
-2
-2
0
0
-1
-1
-1
-2
-3
-2
-1
-1
0
0
-1
0
1
2
2
0
0
-1
0
-2
-3
-5
-6
-5
-4
-3
-4
-2
-1
-3
-3
-4
-2
-3
-2
-1
-1
-2
-1
-1
0
3
0
1
2
4
2
3
4
3
4
4
4
4
3
3
4
3
3
5
6
5
6
7
6
5
3
2
1
-1
-2
-2
-2
-1
1
2
1
3
5
4
4
3
3
1
1
0
-1
-1
0
0
2
3
2
2
2
1
-1
-1
-1
-3
-1
0
-1
-1
-1
-1
1
1
-1
-3
-2
-3
-4
-3
-3
-4
-4
-3
-2
-2
-1
-1
-3
-2
-3
-4
-5
-5
-4
-5
-4
-3
-2
-2
1
0
0
3
2
2
1
0
-1
-2
-2
-1
1
1
2
4
6
7
8
7
4
5
4
4
2
1
0
-1
0
2
2
2
3
4
2
2
3
4
5
4
3
2
3
3
3
2
0
-2
-2
-3
-1
-2
0
0
1
0
-1
-1
-2
-2
-3
-4
-5
-4
-7
-6
-6
-6
-4
-5
-4
-6
-5
-5
-6
-7
-5
-5
-5
-5
-7
-8
-8
-9
-10
-9
-6
-7
-8
-5
-4
-2
-1
0
3
2
4
4
4
2
2
4
3
3
2
3
5
6
6
5
5
4
3
3
3
2
2
3
0
0
2
3
1
1
0
0
0
-1
-1
-2
-2
-1
-3
-3
-2
-2
-2
-1
-1
-3
-1
-1
-1
-1
-2
0
1
1
3
7
9
10
10
11
9
7
7
3
2
1
3
4
6
6
5
4
3
4
4
3
1
0
0
-1
-2
-3
-2
-2
-2
-1
-2
-1
-2
-3
-3
-5
-5
-3
-3
-3
-4
-4
-4
-1
-1
-2
-1
0
-1
0
0
-1
-1
-2
-1
-4
-4
-2
-1
-1
-1
-2
-1
-1
0
1
1
2
2
3
3
2
2
4
4
4
5
5
3
3
4
5
5
5
4
2
0
-1
-2
-1
-1
0
0
0
0
1
2
3
5
5
4
3
2
1
2
2
0
1
1
-1
-1
0
1
1
-1
-2
-3
-3
-2
-4
-6
-8
-8
-8
-6
-4
-3
-3
-2
-2
1
0
1
2
1
0
-1
0
0
1
0
0
-1
-2
-1
-1
-2
-1
-2
-4
-3
-2
-3
-3
-3
-1
-2
-3
-4
-3
-2
-2
-1
-2
-1
-1
-1
-1
-1
-3
-1
-1
-1
2
1
2
0
-1
-2
-5
-5
-4
-3
0
1
1
2
1
1
-1
-3
-1
0
0
-1
0
1
0
-2
-1
0
1
4
2
2
2
1
3
3
4
3
4
3
4
2
2
3
0
0
-1
-4
-3
-6
-7
-8
-9
-7
-9
-8
-7
-8
-9
-9
-6
-4
-2
2
1
2
3
4
4
4
3
2
2
-1
-4
-5
-7
-6
-7
-6
-5
-4
-1
4
8
14
20
24
29
34
40
44
46
49
47
44
41
36
30
22
13
2
-7
-17
-26
-31
-40
-45
-52
-55
-57
-58
-58
-58
-56
-53
-48
-42
-36
-31
-24
-18
-14
-11
-7
-6
-5
-4
-4
-7
-9
-12
-13
-13
-13
-12
-11
-5
2
11
22
34
49
64
79
93
106
118
127
131
134
131
126
120
108
95
80
64
50
35
20
5
-7
-19
-32
-42
-53
-62
-71
-80
-91
-100
-108
-118
-125
-132
-137
-143
-148
-150
-151
-150
-150
-146
-139
-132
-119
-106
-91
-71
-52
-32
-9
14
38
61
83
106
125
141
153
164
170
173
171
165
156
143
129
114
100
88
77
69
65
65
66
73
83
93
106
118
128
136
137
132
124
108
81
53
16
-26
-72
-121
-170
-219
-266
-307
-344
-372
-390
-397
-398
-388
-370
-343
-310
-269
-223
-175
-124
-72
-18
31
79
121
154
181
204
217
224
226
223
213
201
189
174
159
145
133
123
119
121
124
130
140
154
167
184
201
211
219
224
225
222
215
204
186
164
140
115
82
44
3
-37
-80
-124
-172
-220
-269
-317
-360
-406
-448
-483
-514
-535
-550
-557
-558
-547
-523
-489
-446
-387
-323
-247
-159
-68
23
110
199
281
358
425
484
528
561
587
591
581
556
517
460
402
338
261
181
110
41
-23
-73
-110
-142
-166
-172
-165
-142
-110
-64
-12
40
98
157
210
256
291
312
324
326
313
283
241
192
133
74
6
-73
-155
-242
-321
-405
-481
-566
-648
-715
-773
-816
-851
-866
-873
-847
-793
-720
-639
-556
-455
-346
-228
-86
49
177
295
418
532
617
697
756
800
827
847
850
830
793
741
681
620
556
470
370
268
175
89
11
-56
-111
-154
-193
-204
-194
-163
-128
-84
-11
60
122
168
228
265
272
267
259
217
145
66
-9
-114
-220
-309
-409
-505
-610
-678
-773
-830
-890
-951
-1003
-1036
-1040
-1058
-1024
-968
-894
-800
-645
-468
-314
-153
41
209
370
544
713
841
936
1046
1088
1104
1108
1106
1065
999
944
851
747
639
536
412
323
227
125
15
-61
-129
-206
-226
-244
-243
-259
-208
-153
-87
4
89
172
246
351
396
418
424
416
350
267
179
49
-133
-278
-412
-581
-741
-879
-988
-1126
-1183
-1261
-1322
-1369
-1371
-1377
-1373
-1317
-1284
-1236
-1113
-916
-741
-543
-287
-29
198
496
778
992
1168
1371
1540
1640
1768
1798
1734
1639
1587
1495
1344
1200
1001
785
596
452
245
57
-106
-270
-435
-510
-552
-658
-700
-677
-602
-564
-443
-296
-168
-26
140
315
424
541
615
658
660
630
551
430
278
106
-105
-308
-505
-718
-928
-1118
-1273
-1425
-1531
-1624
-1689
-1742
-1742
-1724
-1681
-1623
-1535
-1438
-1288
-1077
-838
-559
-266
33
318
666
994
1270
1498
1735
1896
1989
2103
2155
2103
1966
1846
1684
1496
1322
1090
836
619
445
233
40
-88
-245
-438
-536
-555
-621
-685
-675
-604
-554
-441
-273
-92
82
240
429
587
722
784
813
813
740
610
447
250
-1
-273
-535
-797
-1066
-1298
-1497
-1674
-1821
-1926
-1998
-2042
-2058
-2038
-1995
-1917
-1825
-1682
-1478
-1213
-902
-596
-247
158
569
919
1269
1633
1917
2091
2285
2436
2429
2359
2277
2118
1842
1614
1352
1010
735
532
268
-12
-159
-284
-499
-611
-620
-692
-782
-744
-665
-654
-579
-387
-213
-34
204
451
679
866
1022
1123
1196
1167
1035
869
652
339
-3
-317
-648
-1004
-1310
-1550
-1794
-1996
-2132
-2248
-2335
-2368
-2391
-2403
-2349
-2256
-2154
-1935
-1580
-1221
-880
-445
68
544
1002
1482
1915
2260
2522
2735
2894
2968
2902
2737
2542
2290
1965
1626
1289
918
559
226
-44
-313
-529
-735
-869
-933
-971
-984
-930
-846
-794
-679
-449
-198
-10
245
530
812
1016
1203
1334
1419
1386
1246
1021
758
366
-77
-475
-851
-1271
-1683
-1991
-2240
-2473
-2633
-2711
-2807
-2860
-2849
-2786
-2715
-2573
-2380
-2109
-1715
-1258
-826
-352
223
764
1264
1817
2335
2663
2931
3204
3356
3345
3292
3135
2854
2559
2255
1855
1430
1051
639
209
-94
-321
-616
-859
-959
-976
-1046
-1067
-977
-870
-805
-689
-429
-143
79
324
650
968
1204
1347
1478
1547
1512
1339
1080
772
357
-151
-619
-1020
-1477
-1973
-2378
-2634
-2861
-3067
-3190
-3222
-3255
-3248
-3165
-2984
-2785
-2544
-2264
-1839
-1312
-814
-356
215
891
1448
1954
2530
3003
3242
3463
3689
3733
3572
3391
3122
2784
2424
2046
1556
1100
694
269
-108
-325
-537
-801
-929
-917
-944
-1012
-985
-876
-807
-699
-447
-170
88
353
691
1013
1282
1455
1559
1597
1591
1442
1157
811
383
-138
-666
-1109
-1584
-2131
-2568
-2869
-3125
-3341
-3464
-3528
-3558
-3527
-3418
-3267
-3036
-2777
-2546
-2203
-1659
-1098
-637
-32
745
1416
1995
2662
3267
3609
3866
4135
4227
4080
3871
3570
3203
2781
2337
1799
1280
810
334
-50
-328
-566
-830
-979
-1047
-1093
-1137
-1128
-1115
-1046
-908
-675
-432
-101
248
596
984
1374
1640
1822
1937
1984
1876
1630
1297
774
207
-354
-928
-1510
-2081
-2579
-3001
-3329
-3556
-3736
-3840
-3880
-3896
-3810
-3628
-3462
-3293
-3025
-2743
-2435
-1808
-1113
-553
55
990
1806
2375
3114
3854
4151
4291
4600
4678
4401
4136
3883
3334
2815
2438
1888
1239
830
447
-83
-391
-485
-804
-1161
-1167
-1138
-1311
-1368
-1226
-1204
-1145
-853
-455
-168
244
686
1051
1424
1838
1988
2005
2041
1897
1543
1048
601
-32
-697
-1256
-1788
-2333
-2798
-3164
-3443
-3635
-3738
-3808
-3883
-3792
-3657
-3565
-3433
-3141
-3050
-2852
-2133
-1405
-1050
-515
593
1349
1811
2756
3674
3856
4028
4557
4753
4451
4353
4152
3600
3201
2925
2321
1737
1380
857
233
35
-120
-664
-990
-979
-1108
-1330
-1296
-1268
-1385
-1343
-1082
-814
-521
-112
171
519
984
1368
1445
1572
1680
1542
1268
954
589
14
-527
-1018
-1473
-1953
-2374
-2755
-3004
-3184
-3337
-3467
-3529
-3475
-3447
-3364
-3231
-3075
-3090
-2696
-1937
-1435
-1153
-428
571
1075
1669
2754
3444
3538
3949
4506
4604
4405
4418
4154
3692
3441
3125
2466
1955
1561
902
317
103
-231
-851
-1114
-1123
-1298
-1538
-1514
-1490
-1562
-1481
-1197
-911
-594
-258
26
472
912
1137
1189
1393
1485
1268
970
774
444
-149
-666
-1044
-1461
-1954
-2351
-2649
-2887
-3110
-3327
-3428
-3426
-3379
-3374
-3257
-3111
-3075
-2670
-1990
-1464
-1119
-391
444
956
1578
2551
3112
3313
3769
4256
4349
4269
4297
4064
3710
3497
3195
2608
2211
1766
1137
641
342
-165
-707
-918
-1032
-1311
-1488
-1454
-1519
-1538
-1395
-1165
-912
-611
-339
-40
372
697
808
908
1075
1068
853
628
429
47
-451
-843
-1221
-1618
-2019
-2349
-2605
-2782
-2969
-3160
-3255
-3194
-3125
-3110
-2941
-2861
-2701
-2203
-1585
-1125
-674
111
791
1263
1977
2728
3035
3257
3652
3920
3868
3804
3742
3433
3125
2953
2582
2151
1842
1453
997
671
375
-48
-390
-514
-677
-886
-950
-985
-1012
-987
-875
-678
-439
-222
-33
226
519
667
707
763
788
675
423
157
-121
-519
-923
-1335
-1670
-1996
-2361
-2632
-2820
-2935
-3098
-3223
-3229
-3158
-3147
-3038
-2860
-2797
-2478
-1890
-1334
-965
-319
579
1117
1643
2459
3093
3278
3596
3951
4088
3950
3918
3737
3382
3131
2847
2377
1974
1690
1235
800
519
263
-213
-488
-612
-804
-1027
-1137
-1161
-1212
-1214
-1063
-817
-598
-339
-108
204
497
694
799
872
927
765
491
217
-103
-543
-1044
-1438
-1779
-2233
-2619
-2834
-3025
-3219
-3363
-3353
-3349
-3296
-3236
-3064
-3003
-2667
-2039
-1535
-1148
-513
405
948
1542
2443
3147
3308
3765
4223
4378
4270
4279
4143
3769
3502
3190
2688
2152
1751
1213
753
436
131
-332
-623
-749
-961
-1138
-1221
-1277
-1344
-1325
-1195
-976
-748
-489
-254
64
420
609
749
900
965
784
531
304
-89
-646
-1165
-1576
-1998
-2482
-2909
-3097
-3257
-3438
-3544
-3493
-3435
-3314
-3198
-2974
-2946
-2587
-1843
-1286
-905
-252
689
1164
1714
2727
3478
3507
3959
4502
4679
4476
4507
4360
3936
3646
3322
2783
2225
1751
1103
611
331
-27
-549
-776
-855
-1088
-1252
-1238
-1264
-1337
-1260
-1101
-920
-699
-454
-235
76
452
624
677
825
898
692
394
174
-211
-855
-1412
-1853
-2353
-2868
-3293
-3530
-3682
-3802
-3855
-3856
-3757
-3564
-3398
-3100
-2965
-2657
-1919
-1178
-627
-49
941
1649
2206
3089
4016
4258
4567
5038
5365
5194
5073
4913
4424
3997
3565
2987
2267
1709
1024
391
-65
-442
-979
-1357
-1501
-1660
-1814
-1858
-1775
-1737
-1610
-1411
-1109
-784
-487
-188
204
634
921
1028
1142
1243
1094
776
495
165
-452
-1112
-1622
-2196
-2814
-3327
-3686
-3969
-4191
-4289
-4318
-4262
-4092
-3888
-3572
-3287
-3014
-2283
-1413
-696
-142
855
1842
2486
3246
4281
4821
5050
5495
5928
5881
5619
5499
5019
4457
3945
3337
2481
1768
1081
295
-358
-838
-1369
-1927
-2168
-2290
-2451
-2539
-2402
-2231
-2052
-1783
-1388
-917
-529
-116
352
865
1251
1467
1625
1760
1674
1351
1000
646
81
-655
-1252
-1876
-2559
-3211
-3726
-4137
-4458
-4736
-4870
-4828
-4686
-4516
-4275
-3864
-3629
-2934
-1983
-1100
-529
425
1622
2404
3147
4227
5059
5296
5757
6260
6420
6123
6039
5650
5018
4480
3880
3042
2183
1467
594
-167
-771
-1293
-1928
-2297
-2416
-2602
-2694
-2626
-2426
-2219
-1909
-1512
-1016
-564
-117
324
816
1289
1525
1670
1849
1836
1529
1127
753
192
-537
-1194
-1819
-2504
-3178
-3773
-4257
-4546
-4891
-5109
-5117
-4946
-4837
-4648
-4237
-4028
-3345
-2412
-1481
-868
107
1315
2176
2992
4115
5006
5347
5858
6374
6671
6460
6419
6094
5535
5010
4412
3648
2766
1965
1057
265
-454
-1038
-1704
-2168
-2377
-2615
-2759
-2816
-2703
-2569
-2321
-1971
-1524
-1085
-642
-208
249
793
1095
1275
1531
1637
1445
1111
820
330
-339
-963
-1557
-2249
-2890
-3448
-3958
-4290
-4621
-4842
-4904
-4793
-4735
-4590
-4259
-4080
-3400
-2514
-1640
-1013
-28
1149
2025
2923
4063
4923
5331
5916
6445
6766
6609
6606
6305
5824
5324
4718
3961
3084
2273
1352
552
-219
-871
-1593
-2085
-2350
-2625
-2849
-2957
-2894
-2849
-2671
-2366
-1967
-1556
-1108
-646
-165
394
751
981
1296
1479
1369
1095
880
460
-161
-753
-1342
-2047
-2723
-3252
-3760
-4137
-4489
-4686
-4772
-4707
-4649
-4487
-4231
-4065
-3374
-2543
-1717
-1094
-78
1000
1871
2825
4015
4804
5281
5965
6510
6816
6712
6724
6381
5984
5499
4865
4045
3226
2401
1454
665
-79
-805
-1604
-2074
-2372
-2686
-2957
-3059
-3008
-2979
-2795
-2518
-2137
-1722
-1256
-731
-138
425
803
1104
1461
1670
1555
1313
1083
653
26
-595
-1251
-1998
-2749
-3352
-3896
-4312
-4691
-4911
-5009
-4962
-4879
-4685
-4478
-4297
-3602
-2785
-1969
-1334
-245
853
1704
2691
3948
4726
5238
6012
6617
6908
6841
6854
6500
6132
5665
5049
4184
3391
2570
1595
822
104
-637
-1467
-1911
-2228
-2546
-2816
-2888
-2843
-2805
-2602
-2369
-2015
-1632
-1206
-706
-84
438
766
1068
1435
1618
1451
1222
971
512
-117
-727
-1384
-2119
-2835
-3409
-3936
-4349
-4711
-4931
-5036
-4991
-4906
-4727
-4575
-4428
-3755
-2933
-2124
-1525
-431
722
1543
2538
3792
4564
5040
5842
6502
6780
6752
6787
6496
6127
5738
5214
4410
3636
2847
1912
1161
460
-301
-1118
-1585
-1922
-2289
-2579
-2661
-2648
-2623
-2454
-2227
-1901
-1538
-1179
-714
-156
312
585
863
1214
1344
1178
956
730
242
-356
-928
-1513
-2220
-2876
-3369
-3856
-4266
-4661
-4855
-4979
-4975
-4948
-4785
-4643
-4521
-3854
-3019
-2186
-1590
-485
650
1491
2505
3724
4477
4958
5763
6386
6651
6649
6705
6394
6003
5643
5139
4360
3606
2834
1950
1220
533
-202
-956
-1417
-1758
-2136
-2431
-2537
-2547
-2523
-2371
-2127
-1795
-1430
-1087
-615
-85
367
640
917
1241
1331
1180
972
735
221
-383
-940
-1511
-2204
-2843
-3316
-3791
-4198
-4598
-4767
-4872
-4903
-4893
-4759
-4580
-4445
-3759
-2965
-2172
-1543
-428
626
1475
2514
3672
4414
4931
5743
6305
6579
6598
6669
6302
5919
5540
4976
4195
3446
2676
1795
1062
364
-347
-1044
-1471
-1822
-2177
-2428
-2513
-2521
-2474
-2310
-2079
-1736
-1344
-972
-484
35
494
778
1077
1389
1448
1292
1068
786
244
-374
-998
-1633
-2360
-3028
-3557
-4048
-4444
-4842
-5000
-5058
-5022
-4949
-4796
-4555
-4343
-3585
-2813
-2056
-1392
-264
747
1610
2685
3788
4519
5054
5871
6403
6674
6660
6717
6328
5946
5542
4918
4144
3345
2570
1683
942
195
-509
-1180
-1603
-1949
-2278
-2476
-2571
-2527
-2447
-2262
-2045
-1686
-1310
-928
-430
55
475
730
1058
1356
1412
1265
1041
756
244
-328
-976
-1619
-2353
-3031
-3570
-4055
-4438
-4852
-5010
-5073
-4973
-4884
-4712
-4500
-4203
-3412
-2671
-1927
-1239
-112
847
1741
2811
3890
4557
5137
5936
6447
6682
6650
6697
6324
5972
5543
4926
4150
3357
2549
1670
906
109
-625
-1283
-1722
-2083
-2412
-2604
-2715
-2669
-2553
-2339
-2061
-1705
-1325
-909
-382
61
437
698
1062
1318
1348
1215
1022
725
198
-339
-988
-1658
-2434
-3103
-3666
-4183
-4628
-5037
-5201
-5286
-5176
-5101
-4892
-4700
-4257
-3430
-2660
-1908
-1076
107
1063
2022
3133
4211
4791
5475
6231
6684
6803
6800
6781
6398
6013
5521
4863
4065
3318
2436
1575
789
-6
-778
-1382
-1783
-2161
-2483
-2635
-2694
-2664
-2521
-2254
-1908
-1558
-1160
-687
-155
267
608
899
1286
1492
1452
1295
1119
762
189
-379
-1011
-1764
-2603
-3282
-3865
-4433
-4963
-5334
-5509
-5572
-5501
-5421
-5191
-4967
-4347
-3499
-2696
-1901
-859
317
1315
2377
3562
4527
5093
5904
6569
6930
6975
7018
6834
6447
6006
5429
4676
3879
3091
2115
1265
426
-381
-1181
-1711
-2129
-2496
-2747
-2840
-2836
-2746
-2520
-2202
-1766
-1354
-893
-376
204
678
1032
1375
1769
1907
1784
1601
1343
872
220
-384
-1081
-1932
-2794
-3485
-4115
-4715
-5228
-5597
-5776
-5833
-5826
-5756
-5501
-5208
-4512
-3657
-2800
-1908
-785
433
1481
2631
3804
4682
5298
6115
6709
7015
7055
7062
6831
6446
6001
5360
4612
3819
2986
2016
1176
347
-463
-1235
-1753
-2174
-2536
-2756
-2871
-2840
-2718
-2508
-2193
-1747
-1301
-842
-317
298
807
1171
1581
1950
2027
1908
1711
1404
870
241
-401
-1159
-2011
-2840
-3534
-4185
-4753
-5257
-5570
-5767
-5874
-5955
-5864
-5670
-5227
-4475
-3693
-2834
-1782
-524
601
1772
3031
4105
4816
5656
6444
6898
7072
7157
7098
6779
6405
5887
5154
4363
3577
2649
1719
882
38
-859
-1532
-1972
-2458
-2860
-3050
-3099
-3069
-2964
-2691
-2307
-1885
-1386
-831
-197
418
911
1340
1853
2144
2156
2038
1874
1511
903
288
-375
-1196
-2109
-2872
-3569
-4224
-4846
-5263
-5521
-5732
-5863
-5923
-5844
-5571
-4916
-4199
-3454
-2522
-1279
-89
1035
2329
3540
4391
5175
6135
6781
7073
7183
7253
7049
6683
6228
5585
4765
3953
3098
2147
1264
390
-539
-1377
-1896
-2356
-2879
-3205
-3310
-3299
-3251
-3063
-2712
-2312
-1845
-1240
-572
52
624
1110
1622
2075
2234
2179
2067
1857
1359
710
77
-629
-1574
-2441
-3140
-3830
-4527
-5093
-5397
-5642
-5799
-5895
-5860
-5749
-5221
-4495
-3770
-2961
-1844
-582
527
1771
3063
4114
4868
5808
6620
7097
7262
7382
7297
6980
6563
5995
5256
4379
3546
2630
1723
799
-141
-1040
-1744
-2253
-2755
-3181
-3403
-3444
-3353
-3208
-2942
-2553
-2082
-1553
-860
-198
396
938
1433
1916
2195
2228
2132
1971
1611
1025
365
-297
-1122
-2077
-2858
-3564
-4258
-4896
-5345
-5629
-5828
-5964
-5989
-5913
-5669
-4969
-4242
-3470
-2559
-1339
-135
1015
2301
3543
4449
5233
6142
6780
7106
7245
7325
7108
6770
6333
5720
4946
4107
3308
2410
1535
605
-284
-1090
-1735
-2252
-2755
-3095
-3296
-3282
-3199
-3030
-2768
-2343
-1880
-1352
-669
-70
508
1005
1503
1875
2042
2015
1911
1687
1251
692
51
-637
-1463
-2289
-3044
-3724
-4334
-4883
-5276
-5530
-5693
-5847
-5851
-5780
-5323
-4604
-3914
-3112
-2093
-867
267
1484
2784
3905
4662
5516
6320
6828
6999
7117
7067
6773
6409
5898
5260
4468
3705
2863
2025
1195
292
-564
-1285
-1828
-2364
-2827
-3112
-3232
-3222
-3141
-2917
-2585
-2134
-1679
-1116
-439
140
678
1170
1656
1950
2032
1965
1838
1539
1057
477
-197
-906
-1706
-2500
-3223
-3829
-4445
-4954
-5275
-5481
-5678
-5784
-5772
-5584
-4999
-4316
-3593
-2727
-1593
-412
735
2006
3279
4182
4958
5841
6543
6899
6992
7075
6885
6561
6114
5552
4829
4074
3304
2445
1662
829
-77
-914
-1515
-2039
-2562
-2983
-3202
-3298
-3273
-3133
-2848
-2471
-2001
-1513
-887
-213
347
892
1396
1868
2088
2119
2017
1842
1445
902
258
-431
-1192
-2036
-2791
-3473
-4119
-4748
-5152
-5448
-5676
-5864
-5871
-5832
-5461
-4836
-4125
-3363
-2349
-1128
13
1258
2578
3731
4531
5496
6295
6873
7073
7220
7196
6925
6554
6031
5372
4559
3819
2953
2124
1291
402
-537
-1275
-1813
-2364
-2834
-3161
-3305
-3350
-3235
-3006
-2701
-2284
-1770
-1198
-556
78
631
1152
1666
2050
2179
2129
1993
1686
1173
577
-98
-846
-1699
-2494
-3219
-3907
-4533
-5034
-5371
-5630
-5821
-5927
-5888
-5689
-5152
-4505
-3774
-2916
-1772
-588
579
1896
3143
4103
4999
5979
6618
7004
7172
7308
7161
6850
6436
5854
5116
4315
3537
2682
1882
997
80
-781
-1396
-1957
-2523
-2935
-3201
-3324
-3327
-3165
-2939
-2646
-2222
-1652
-1034
-411
171
684
1214
1703
1968
2006
1928
1728
1304
754
174
-509
-1338
-2153
-2878
-3577
-4240
-4796
-5198
-5499
-5724
-5886
-5920
-5838
-5408
-4799
-4095
-3332
-2267
-1068
102
1357
2708
3816
4666
5681
6520
7004
7209
7404
7387
7129
6735
6235
5530
4722
3905
3039
2208
1348
431
-475
-1175
-1741
-2306
-2790
-3096
-3292
-3350
-3232
-3018
-2731
-2397
-1903
-1274
-630
-46
471
994
1511
1860
1958
1943
1803
1462
961
393
-217
-987
-1826
-2578
-3279
-3963
-4615
-5112
-5445
-5720
-5951
-6044
-6005
-5790
-5224
-4570
-3802
-2918
-1695
-487
720
2045
3372
4331
5218
6240
6928
7281
7439
7601
7425
7088
6618
6019
5200
4364
3482
2568
1699
773
-149
-977
-1575
-2122
-2656
-3018
-3231
-3349
-3305
-3095
-2806
-2456
-2047
-1479
-822
-225
330
841
1373
1780
1967
1960
1902
1671
1221
684
65
-623
-1461
-2238
-2965
-3653
-4337
-4937
-5346
-5660
-5924
-6123
-6108
-6010
-5580
-4986
-4267
-3454
-2367
-1122
43
1275
2636
3810
4647
5657
6533
7072
7282
7489
7478
7214
6824
6295
5591
4749
3933
3005
2133
1231
328
-544
-1237
-1757
-2301
-2726
-3000
-3124
-3171
-3007
-2764
-2403
-1999
-1509
-887
-264
318
832
1341
1798
2085
2121
2044
1882
1499
960
336
-352
-1157
-2004
-2751
-3465
-4137
-4775
-5276
-5645
-5956
-6177
-6264
-6221
-5937
-5355
-4748
-3965
-3026
-1784
-617
554
1872
3146
4067
5020
6029
6718
7098
7303
7444
7293
7037
6564
5932
5162
4378
3486
2573
1729
796
-110
-911
-1475
-2029
-2555
-2924
-3119
-3219
-3184
-2996
-2702
-2287
-1845
-1274
-619
9
571
1082
1597
1985
2155
2118
1992
1698
1216
625
-39
-754
-1598
-2345
-3065
-3719
-4362
-4892
-5339
-5677
-5934
-6050
-6105
-5935
-5373
-4827
-4125
-3273
-2059
-911
260
1523
2844
3772
4722
5773
6549
7030
7260
7486
7387
7224
6801
6197
5427
4657
3755
2783
1923
970
10
-876
-1495
-2076
-2668
-3087
-3326
-3449
-3495
-3314
-3055
-2667
-2214
-1664
-999
-352
268
798
1363
1805
2069
2082
2005
1777
1333
767
150
-512
-1300
-2061
-2746
-3393
-4051
-4615
-5061
-5424
-5695
-5828
-5902
-5824
-5345
-4774
-4136
-3333
-2186
-996
147
1415
2722
3709
4589
5657
6477
6977
7202
7458
7430
7223
6869
6303
5555
4747
3890
2921
2019
1073
120
-771
-1469
-2039
-2641
-3068
-3327
-3440
-3473
-3320
-3038
-2705
-2247
-1728
-1084
-450
181
697
1254
1721
2000
2067
1979
1813
1383
832
225
-424
-1216
-1992
-2728
-3381
-4068
-4707
-5152
-5521
-5810
-5975
-6051
-6037
-5645
-5102
-4457
-3711
-2594
-1372
-203
1074
2460
3538
4430
5492
6390
6948
7170
7444
7478
7271
6910
6413
5714
4912
4096
3163
2291
1370
450
-426
-1144
-1724
-2335
-2778
-3041
-3143
-3186
-3044
-2769
-2452
-2048
-1553
-930
-322
281
787
1308
1767
2021
2134
2059
1884
1489
973
367
-301
-1109
-1942
-2710
-3432
-4078
-4777
-5223
-5598
-5901
-6139
-6222
-6237
-5936
-5416
-4847
-4101
-3074
-1813
-668
659
2065
3275
4183
5277
6208
6805
7104
7348
7446
7235
6917
6410
5789
5008
4224
3312
2442
1587
636
-237
-995
-1576
-2221
-2738
-3003
-3112
-3167
-3095
-2785
-2474
-2092
-1612
-969
-352
219
765
1252
1697
1958
2086
2048
1889
1547
1047
486
-155
-951
-1819
-2595
-3301
-3969
-4597
-5075
-5455
-5793
-6032
-6149
-6146
-5785
-5300
-4751
-4058
-2940
-1779
-615
707
2179
3339
4293
5403
6310
6867
7172
7461
7475
7283
6928
6422
5737
4998
4169
3207
2342
1478
494
-455
-1178
-1797
-2489
-3018
-3282
-3394
-3471
-3339
-3041
-2676
-2278
-1773
-1100
-458
162
685
1213
1625
1902
1991
2002
1863
1509
1031
468
-119
-909
-1743
-2542
-3220
-3904
-4513
-4993
-5393
-5699
-5975
-6045
-5999
-5571
-5055
-4481
-3764
-2651
-1459
-330
998
2384
3574
4517
5625
6492
7032
7319
7602
7605
7373
7003
6443
5742
4928
4100
3109
2218
1308
330
-618
-1353
-1963
-2663
-3168
-3454
-3557
-3629
-3471
-3152
-2792
-2357
-1834
-1153
-502
142
677
1200
1620
1868
1952
1930
1798
1414
914
355
-261
-1017
-1833
-2595
-3300
-3963
-4560
-5046
-5442
-5743
-5987
-6111
-5957
-5505
-4980
-4416
-3622
-2486
-1327
-180
1140
2472
3563
4611
5696
6517
6993
7312
7575
7523
7290
6896
6324
5586
4785
3922
2983
2095
1154
196
-689
-1358
-1999
-2658
-3119
-3364
-3504
-3553
-3346
-3010
-2651
-2203
-1593
-903
-256
400
962
1479
1881
2112
2141
2068
1871
1439
863
269
-396
-1222
-2020
-2750
-3461
-4131
-4675
-5131
-5500
-5790
-6011
-6134
-5907
-5430
-4938
-4373
-3483
-2316
-1214
-16
1354
2640
3642
4767
5853
6595
6982
7331
7526
7400
7133
6698
6096
5341
4557
3626
2708
1844
908
-75
-870
-1465
-2144
-2772
-3144
-3320
-3512
-3523
-3252
-2898
-2549
-2080
-1416
-734
-81
560
1136
1636
1996
2162
2147
2041
1765
1267
657
63
-662
-1520
-2318
-3002
-3708
-4346
-4839
-5238
-5562
-5823
-5985
-6034
-5684
-5234
-4723
-4108
-3065
-1977
-908
343
1774
2925
3897
5058
6068
6687
7035
7407
7470
7286
6968
6508
5837
5101
4278
3327
2408
1566
625
-319
-1037
-1613
-2287
-2840
-3109
-3263
-3431
-3401
-3080
-2736
-2361
-1894
-1227
-557
89
697
1280
1773
2029
2139
2129
2008
1623
1111
525
-94
-847
-1687
-2473
-3191
-3853
-4482
-4954
-5328
-5627
-5870
-5968
-5880
-5479
-5018
-4488
-3729
-2627
-1568
-542
763
2143
3181
4135
5276
6162
6666
7015
7334
7312
7081
6747
6229
5537
4797
3959
2999
2123
1284
369
-511
-1174
-1739
-2407
-2872
-3089
-3217
-3363
-3276
-2933
-2595
-2202
-1701
-1017
-383
242
842
1419
1864
2062
2157
2133
1953
1509
969
355
-313
-1079
-1915
-2690
-3413
-4069
-4688
-5142
-5485
-5805
-5980
-6042
-5848
-5444
-4946
-4402
-3541
-2395
-1346
-288
1034
2369
3312
4339
5421
6235
6659
7025
7266
7213
7007
6654
6109
5411
4698
3825
2889
2074
1221
285
-558
-1182
-1801
-2483
-2883
-3078
-3215
-3313
-3127
-2789
-2433
-2003
-1432
-755
-134
490
1086
1647
2053
2237
2299
2241
1987
1514
932
294
-447
-1255
-2107
-2863
-3605
-4289
-4884
-5334
-5692
-6021
-6154
-6229
-5974
-5574
-5047
-4463
-3514
-2330
-1262
-90
1246
2542
3481
4606
5640
6382
6774
7129
7337
7230
7045
6640
6068
5327
4607
3710
2790
1979
1056
111
-717
-1349
-2047
-2682
-3027
-3227
-3361
-3352
-3098
-2768
-2382
-1908
-1321
-653
-1
634
1206
1769
2142
2271
2285
2189
1894
1389
824
185
-576
-1418
-2247
-2990
-3730
-4402
-4944
-5374
-5759
-6032
-6163
-6209
-5892
-5437
-4908
-4247
-3168
-1977
-892
348
1712
2891
3857
5004
5963
6574
6916
7267
7381
7212
6963
6503
5844
5073
4302
3372
2457
1595
625
-332
-1106
-1777
-2482
-3037
-3320
-3492
-3575
-3462
-3152
-2766
-2336
-1810
-1169
-449
246
897
1485
2022
2346
2419
2384
2223
1870
1324
724
79
-700
-1581
-2417
-3155
-3848
-4502
-5006
-5387
-5750
-5972
-6087
-6015
-5613
-5098
-4560
-3772
-2596
-1423
-340
927
2276
3316
4300
5390
6247
6714
7024
7329
7329
7078
6722
6194
5445
4656
3806
2834
1913
989
-9
-959
-1660
-2339
-3017
-3494
-3677
-3785
-3808
-3584
-3193
-2719
-2221
-1585
-863
-84
637
1309
1914
2416
2686
2690
2599
2367
1929
1281
636
-24
-837
-1735
-2549
-3265
-3965
-4586
-5075
-5422
-5796
-6004
-6123
-5950
-5524
-5002
-4453
-3586
-2360
-1215
-96
1213
2567
3536
4560
5604
6404
6807
7140
7390
7322
7031
6628
6047
5257
4459
3555
2564
1644
683
-347
-1262
-1949
-2639
-3329
-3747
-3885
-3962
-3954
-3644
-3200
-2700
-2144
-1411
-624
151
895
1590
2218
2678
2913
2892
2776
2494
1967
1273
605
-88
-956
-1832
-2633
-3366
-4099
-4695
-5183
-5563
-5955
-6177
-6267
-6065
-5618
-5082
-4471
-3540
-2252
-1096
89
1490
2870
3855
4915
5977
6722
7095
7437
7640
7481
7159
6719
6069
5206
4382
3434
2404
1475
505
-517
-1431
-2127
-2822
-3509
-3913
-4026
-4103
-4080
-3750
-3284
-2807
-2246
-1455
-631
133
879
1601
2227
2638
2848
2854
2741
2443
1889
1225
553
-182
-1069
-1938
-2744
-3505
-4217
-4825
-5318
-5751
-6110
-6317
-6360
-6087
-5574
-4997
-4311
-3232
-1917
-761
473
1969
3283
4276
5376
6401
7029
7346
7690
7760
7528
7172
6658
5899
5025
4166
3121
2085
1180
203
-822
-1655
-2341
-3046
-3675
-3994
-4121
-4229
-4145
-3804
-3334
-2836
-2221
-1402
-547
250
1002
1730
2325
2697
2872
2880
2746
2404
1841
1188
487
-306
-1214
-2125
-2935
-3693
-4387
-5013
-5510
-5969
-6267
-6441
-6386
-6021
-5456
-4847
-4073
-2831
-1554
-390
921
2449
3649
4669
5804
6769
7269
7575
7887
7834
7565
7142
6524
5680
4827
3882
2752
1744
844
-188
-1185
-1904
-2568
-3296
-3829
-4051
-4208
-4320
-4167
-3787
-3314
-2767
-2083
-1262
-397
437
1192
1913
2485
2846
2987
2961
2803
2400
1814
1153
413
-428
-1371
-2287
-3090
-3826
-4528
-5135
-5617
-6059
-6346
-6501
-6316
-5919
-5381
-4774
-3853
-2562
-1378
-166
1279
2713
3817
4931
6080
6929
7345
7713
7939
7802
7501
7013
6300
5432
4578
3554
2422
1443
488
-583
-1514
-2174
-2865
-3584
-4012
-4175
-4335
-4392
-4145
-3718
-3214
-2615
-1871
-1054
-190
649
1417
2135
2672
3019
3104
3052
2868
2389
1755
1073
287
-624
-1573
-2457
-3281
-4030
-4721
-5271
-5745
-6151
-6421
-6514
-6208
-5772
-5212
-4540
-3448
-2158
-996
320
1871
3194
4276
5481
6568
7278
7649
8056
8140
7918
7551
6990
6184
5272
4369
3258
2129
1115
83
-1014
-1920
-2616
-3363
-4049
-4404
-4553
-4715
-4694
-4340
-3873
-3336
-2682
-1865
-1019
-149
725
1531
2241
2744
3080
3133
3106
2879
2365
1714
1015
204
-768
-1684
-2555
-3410
-4202
-4865
-5385
-5885
-6257
-6477
-6494
-6150
-5648
-5028
-4290
-3118
-1822
-648
695
2263
3537
4617
5802
6834
7481
7831
8218
8258
8020
7603
7021
6202
5288
4351
3223
2110
1078
39
-1069
-1986
-2736
-3506
-4184
-4538
-4705
-4880
-4816
-4431
-3958
-3417
-2732
-1881
-1002
-108
785
1596
2274
2754
3051
3085
3068
2772
2250
1588
849
27
-965
-1851
-2741
-3601
-4398
-5072
-5612
-6119
-6434
-6636
-6599
-6208
-5652
-5029
-4209
-2972
-1669
-487
879
2435
3650
4734
5888
6876
7468
7821
8171
8196
7983
7577
6978
6173
5299
4345
3222
2134
1113
72
-1039
-1943
-2696
-3452
-4108
-4461
-4615
-4748
-4630
-4232
-3735
-3195
-2497
-1620
-709
183
1043
1828
2467
2927
3172
3192
3119
2747
2218
1537
747
-96
-1100
-2015
-2881
-3716
-4518
-5204
-5740
-6249
-6593
-6797
-6760
-6386
-5844
-5208
-4362
-3119
-1767
-523
877
2458
3707
4786
5959
6985
7568
7887
8227
8250
8015
7643
7047
6226
5340
4379
3248
2131
1082
-12
-1158
-2092
-2843
-3605
-4254
-4602
-4754
-4856
-4735
-4339
-3822
-3264
-2566
-1672
-755
127
963
1746
2411
2893
3167
3224
3157
2780
2252
1605
830
-37
-1017
-1953
-2794
-3587
-4376
-5027
-5556
-6031
-6429
-6639
-6690
-6409
-5903
-5275
-4505
-3373
-1964
-676
709
2294
3697
4762
5931
7051
7744
8046
8360
8449
8194
7848
7300
6479
5553
4634
3514
2339
1268
158
-1052
-2077
-2842
-3612
-4335
-4725
-4874
-4989
-4936
-4592
-4078
-3508
-2805
-1924
-1002
-126
702
1485
2210
2755
3077
3187
3182
2910
2393
1779
1065
219
-743
-1671
-2529
-3316
-4131
-4771
-5312
-5765
-6187
-6403
-6522
-6375
-5905
-5308
-4595
-3657
-2277
-963
361
1837
3363
4483
5587
6745
7598
7993
8254
8432
8246
7909
7401
6656
5695
4790
3740
2541
1430
330
-861
-1966
-2782
-3524
-4294
-4799
-4979
-5071
-5057
-4807
-4347
-3779
-3089
-2227
-1338
-458
384
1155
1895
2535
2929
3080
3104
2973
2571
1981
1324
556
-368
-1294
-2152
-2966
-3811
-4508
-5080
-5556
-6004
-6262
-6400
-6414
-6023
-5426
-4727
-3927
-2688
-1304
-10
1346
2902
4194
5247
6407
7421
8020
8292
8541
8498
8199
7706
7056
6131
5146
4182
2985
1811
683
-476
-1658
-2592
-3294
-4028
-4646
-4930
-4991
-4969
-4789
-4388
-3825
-3180
-2393
-1514
-653
217
1006
1717
2416
2918
3125
3111
3025
2725
2180
1486
753
-126
-1091
-2009
-2865
-3715
-4501
-5132
-5682
-6096
-6457
-6618
-6733
-6512
-5929
-5210
-4432
-3391
-1966
-595
706
2192
3717
4838
5917
7034
7889
8241
8480
8624
8387
7923
7318
6541
5506
4534
3475
2249
1108
-5
-1167
-2271
-3040
-3668
-4299
-4735
-4849
-4798
-4691
-4392
-3854
-3220
-2555
-1771
-890
-21
792
1519
2237
2858
3190
3257
3185
2999
2518
1858
1084
269
-677
-1659
-2575
-3409
-4224
-4922
-5494
-5940
-6249
-6536
-6631
-6591
-6136
-5445
-4651
-3779
-2541
-1088
222
1563
3089
4442
5440
6500
7486
8064
8226
8421
8355
7924
7359
6667
5755
4707
3719
2576
1377
293
-808
-1931
-2891
-3528
-4080
-4585
-4826
-4798
-4690
-4503
-4037
-3411
-2734
-2053
-1250
-339
497
1246
1952
2631
3104
3310
3327
3258
2939
2335
1617
791
-66
-1073
-2064
-2944
-3772
-4557
-5181
-5673
-6009
-6315
-6518
-6477
-6267
-5691
-4954
-4123
-3177
-1853
-463
828
2172
3626
4822
5769
6772
7584
7948
8050
8171
7927
7436
6810
6062
5115
4085
3077
1929
793
-266
-1309
-2344
-3178
-3722
-4217
-4597
-4699
-4611
-4474
-4178
-3622
-2997
-2305
-1612
-793
105
890
1615
2262
2856
3211
3348
3339
3217
2795
2151
1412
569
-347
-1398
-2343
-3225
-4070
-4797
-5379
-5828
-6132
-6423
-6495
-6367
-6069
-5423
-4641
-3766
-2760
-1405
-38
1250
2555
3956
5070
5971
6921
7623
7868
7937
7980
7639
7095
6414
5625
4620
3592
2587
1433
306
-708
-1667
-2640
-3354
-3792
-4226
-4494
-4493
-4329
-4123
-3743
-3154
-2518
-1828
-1103
-278
558
1309
1989
2558
3055
3336
3377
3255
3002
2512
1804
1004
123
-851
-1861
-2790
-3660
-4470
-5144
-5678
-6087
-6327
-6507
-6457
-6274
-5909
-5183
-4318
-3370
-2348
-966
417
1667
2927
4287
5323
6137
7007
7645
7826
7798
7796
7423
6824
6129
5340
4330
3333
2338
1215
119
-866
-1750
-2644
-3278
-3647
-4030
-4249
-4209
-4013
-3778
-3406
-2839
-2194
-1542
-837
-63
680
1373
1972
2479
2898
3120
3089
2895
2590
2077
1331
517
-358
-1316
-2226
-3119
-3923
-4669
-5298
-5749
-6097
-6245
-6329
-6215
-5972
-5582
-4859
-3965
-2977
-2004
-684
702
1917
3104
4384
5385
6125
6891
7486
7675
7589
7551
7201
6612
5960
5206
4243
3288
2323
1232
150
-835
-1671
-2519
-3156
-3505
-3856
-4057
-4019
-3833
-3572
-3224
-2699
-2046
-1395
-713
-9
688
1366
1922
2374
2779
2974
2918
2734
2436
1915
1163
367
-499
-1426
-2280
-3148
-3929
-4632
-5217
-5634
-5930
-6020
-6059
-5947
-5659
-5285
-4647
-3784
-2806
-1922
-747
643
1809
2880
4075
5089
5776
6450
7051
7325
7229
7174
6923
6398
5786
5099
4218
3282
2372
1337
288
-675
-1474
-2299
-2967
-3325
-3659
-3850
-3849
-3703
-3438
-3131
-2656
-2033
-1394
-738
-79
598
1303
1868
2302
2737
2955
2928
2770
2502
2031
1322
528
-327
-1219
-2102
-2971
-3759
-4465
-5051
-5473
-5747
-5862
-5898
-5800
-5520
-5205
-4603
-3750
-2839
-1996
-912
457
1569
2583
3753
4756
5401
6047
6677
6996
6905
6833
6626
6132
5505
4836
3988
3026
2152
1188
182
-721
-1467
-2226
-2864
-3181
-3423
-3564
-3541
-3362
-3073
-2757
-2307
-1728
-1114
-503
131
765
1443
2006
2408
2811
3026
2995
2790
2494
2043
1353
528
-323
-1193
-2123
-2987
-3772
-4451
-5017
-5425
-5669
-5769
-5776
-5699
-5418
-5130
-4560
-3727
-2857
-2020
-1046
231
1345
2306
3397
4401
5064
5671
6321
6712
6682
6610
6438
6027
5446
4808
4020
3082
2260
1399
441
-421
-1125
-1824
-2464
-2803
-3008
-3196
-3235
-3091
-2856
-2605
-2246
-1774
-1227
-697
-122
471
1076
1642
2048
2417
2660
2695
2502
2206
1814
1201
412
-395
-1193
-2084
-2920
-3678
-4309
-4826
-5214
-5459
-5538
-5518
-5459
-5212
-4909
-4424
-3649
-2787
-1947
-1074
93
1232
2144
3134
4175
4908
5452
6095
6562
6595
6518
6407
6060
5526
4939
4214
3289
2476
1715
778
-85
-770
-1426
-2088
-2499
-2700
-2952
-3094
-3012
-2824
-2641
-2362
-1962
-1458
-971
-453
124
686
1244
1656
2017
2286
2395
2284
2003
1657
1141
411
-348
-1097
-1916
-2709
-3465
-4096
-4572
-4952
-5230
-5334
-5312
-5247
-5103
-4786
-4387
-3742
-2903
-2061
-1273
-249
911
1815
2704
3777
4658
5167
5775
6329
6496
6400
6378
6150
5663
5139
4513
3672
2818
2145
1263
371
-362
-1011
-1682
-2218
-2470
-2733
-2963
-2982
-2838
-2667
-2432
-2079
-1581
-1089
-616
-43
529
1073
1506
1872
2186
2340
2325
2084
1730
1277
590
-170
-933
-1715
-2509
-3306
-3996
-4497
-4913
-5244
-5391
-5426
-5342
-5274
-4989
-4630
-4111
-3304
-2465
-1691
-796
365
1350
2209
3256
4300
4887
5426
6024
6377
6317
6277
6184
5798
5315
4735
4053
3203
2538
1776
874
62
-613
-1246
-1859
-2215
-2436
-2692
-2807
-2729
-2539
-2312
-2024
-1595
-1084
-631
-128
445
979
1430
1777
2102
2299
2319
2114
1776
1363
747
4
-772
-1517
-2267
-3057
-3764
-4297
-4710
-5064
-5246
-5346
-5288
-5247
-5069
-4778
-4414
-3706
-2927
-2156
-1380
-300
765
1644
2629
3740
4498
5009
5626
6136
6249
6178
6184
5942
5536
4992
4421
3657
2943
2288
1387
495
-224
-829
-1517
-2000
-2234
-2519
-2758
-2767
-2591
-2421
-2203
-1876
-1419
-929
-463
90
664
1178
1576
1895
2177
2306
2167
1911
1594
1083
414
-311
-1033
-1740
-2495
-3207
-3805
-4258
-4632
-4915
-5102
-5148
-5144
-5105
-4900
-4665
-4163
-3463
-2674
-1974
-1075
53
1006
1924
3019
3990
4580
5184
5823
6182
6161
6221
6132
5802
5320
4797
4121
3342
2704
1866
922
125
-472
-1169
-1766
-2068
-2347
-2634
-2752
-2629
-2497
-2345
-2080
-1712
-1215
-737
-242
326
860
1310
1625
1928
2175
2153
1959
1735
1337
762
135
-546
-1251
-1982
-2672
-3326
-3866
-4261
-4630
-4932
-5082
-5111
-5160
-5051
-4823
-4510
-3963
-3173
-2431
-1743
-696
408
1313
2274
3388
4217
4800
5498
6119
6265
6312
6387
6161
5754
5281
4687
3860
3161
2447
1507
610
-66
-733
-1465
-1896
-2156
-2470
-2706
-2704
-2584
-2478
-2271
-1945
-1477
-999
-508
0
512
1028
1403
1723
2024
2173
2051
1820
1520
1056
457
-222
-948
-1700
-2451
-3159
-3784
-4253
-4667
-5053
-5286
-5345
-5370
-5327
-5057
-4756
-4294
-3569
-2724
-2036
-1148
24
1015
1912
2954
3991
4642
5273
6000
6365
6369
6473
6386
6005
5559
5054
4312
3470
2840
2028
1091
286
-367
-1085
-1713
-1991
-2255
-2544
-2683
-2586
-2444
-2305
-2038
-1597
-1153
-737
-259
193
721
1118
1472
1777
2012
2050
1858
1604
1263
770
86
-618
-1330
-2064
-2870
-3539
-4079
-4536
-4962
-5291
-5400
-5436
-5436
-5248
-4942
-4566
-3930
-3124
-2370
-1634
-505
575
1452
2449
3521
4347
4968
5705
6300
6425
6482
6549
6272
5845
5405
4844
3994
3239
2550
1638
733
-3
-684
-1412
-1880
-2140
-2430
-2658
-2669
-2518
-2373
-2184
-1808
-1353
-955
-530
-87
487
945
1279
1625
1891
2044
1983
1770
1493
1064
409
-283
-994
-1714
-2533
-3313
-3930
-4465
-4906
-5300
-5498
-5577
-5589
-5493
-5230
-4929
-4386
-3622
-2815
-2109
-1135
85
1008
1975
3060
4045
4735
5458
6167
6498
6546
6650
6557
6158
5762
5271
4561
3703
2992
2153
1196
393
-295
-1033
-1675
-2004
-2304
-2585
-2696
-2590
-2444
-2306
-2011
-1611
-1176
-736
-317
224
795
1169
1513
1817
2028
2091
1934
1689
1355
755
35
-666
-1406
-2191
-3025
-3756
-4373
-4866
-5316
-5605
-5754
-5798
-5769
-5574
-5304
-4893
-4166
-3332
-2553
-1723
-498
595
1564
2637
3792
4613
5296
6067
6592
6725
6752
6852
6546
6109
5654
5063
4208
3378
2582
1607
694
-31
-727
-1502
-1973
-2246
-2579
-2806
-2748
-2548
-2442
-2191
-1792
-1341
-862
-372
166
727
1193
1541
1845
2064
2189
2108
1838
1521
1033
282
-485
-1227
-1982
-2811
-3608
-4275
-4797
-5264
-5623
-5794
-5853
-5842
-5715
-5407
-5062
-4455
-3615
-2758
-1959
-922
287
1318
2286
3409
4451
5117
5755
6374
6697
6683
6721
6648
6232
5761
5247
4525
3636
2846
1975
1014
196
-452
-1160
-1829
-2156
-2439
-2750
-2849
-2667
-2506
-2358
-2018
-1604
-1122
-667
-106
403
903
1304
1614
1851
2057
2115
1879
1599
1215
596
-211
-907
-1629
-2409
-3215
-3887
-4457
-4928
-5323
-5603
-5682
-5706
-5645
-5439
-5053
-4664
-3946
-3053
-2174
-1353
-249
934
1880
2845
3954
4864
5390
6001
6526
6714
6677
6708
6492
6049
5565
4969
4140
3297
2508
1589
663
-61
-710
-1453
-2006
-2297
-2593
-2854
-2848
-2663
-2499
-2301
-1943
-1460
-1001
-529
-12
505
969
1354
1629
1885
2061
1948
1668
1329
858
133
-583
-1307
-2041
-2851
-3569
-4191
-4703
-5121
-5513
-5685
-5732
-5676
-5588
-5250
-4923
-4371
-3535
-2602
-1799
-851
369
1429
2359
3412
4480
5124
5727
6389
6778
6801
6833
6760
6398
5939
5415
4669
3813
3042
2205
1249
430
-260
-1013
-1699
-2087
-2374
-2678
-2814
-2728
-2553
-2396
-2119
-1697
-1222
-802
-349
146
648
1105
1450
1714
1935
1961
1720
1400
1020
454
-281
-1017
-1750
-2531
-3314
-3974
-4536
-5019
-5442
-5731
-5825
-5804
-5726
-5537
-5202
-4781
-4061
-3180
-2309
-1476
-331
876
1896
2880
4003
4900
5509
6203
6801
7014
6968
6981
6758
6317
5797
5186
4315
3444
2644
1738
790
-2
-714
-1481
-2028
-2318
-2558
-2787
-2800
-2653
-2482
-2261
-1888
-1417
-947
-479
-10
500
1006
1456
1734
1961
2094
1983
1642
1282
833
154
-622
-1375
-2152
-2983
-3709
-4324
-4860
-5301
-5615
-5784
-5801
-5719
-5584
-5314
-4957
-4441
-3670
-2755
-1964
-1093
113
1286
2204
3169
4280
5047
5614
6271
6807
6886
6851
6811
6511
6031
5543
4876
3962
3151
2354
1427
515
-173
-896
-1611
-2058
-2281
-2550
-2738
-2683
-2571
-2443
-2209
-1794
-1359
-877
-399
91
583
1091
1474
1717
1929
2017
1850
1488
1114
590
-110
-870
-1610
-2398
-3190
-3883
-4458
-4918
-5285
-5534
-5641
-5608
-5505
-5310
-4983
-4598
-4066
-3246
-2344
-1581
-706
495
1586
2441
3390
4441
5130
5678
6304
6758
6791
6756
6679
6337
5839
5319
4614
3715
2920
2102
1178
318
-340
-1039
-1680
-2063
-2290
-2570
-2722
-2634
-2537
-2424
-2170
-1736
-1303
-841
-362
110
585
1046
1373
1572
1772
1805
1579
1208
811
241
-486
-1213
-1936
-2666
-3410
-4009
-4507
-4867
-5151
-5333
-5394
-5328
-5153
-4903
-4527
-4138
-3499
-2692
-1844
-1120
-144
986
1948
2765
3762
4677
5234
5795
6380
6666
6586
6578
6415
6005
5472
4918
4138
3287
2516
1686
759
2
-646
-1342
-1911
-2198
-2432
-2687
-2741
-2606
-2475
-2325
-2014
-1577
-1127
-688
-204
243
710
1126
1405
1599
1776
1744
1447
1111
723
104
-651
-1350
-2046
-2777
-3477
-4002
-4444
-4792
-5027
-5186
-5228
-5177
-5003
-4756
-4359
-3976
-3341
-2541
-1728
-1034
-54
1103
2020
2829
3849
4750
5246
5827
6412
6626
6483
6489
6295
5838
5284
4705
3914
3081
2379
1569
672
-43
-638
-1343
-1887
-2135
-2344
-2585
-2586
-2403
-2251
-2119
-1820
-1383
-996
-605
-147
287
686
1060
1309
1500
1616
1536
1225
904
535
-91
-815
-1509
-2166
-2888
-3547
-4041
-4437
-4749
-4966
-5085
-5109
-5039
-4891
-4640
-4272
-3895
-3273
-2480
-1718
-1055
-71
1079
1991
2836
3869
4722
5227
5852
6435
6616
6504
6512
6275
5793
5244
4643
3850
3030
2335
1515
661
-22
-604
-1279
-1785
-2042
-2272
-2469
-2447
-2286
-2140
-2036
-1755
-1361
-979
-582
-160
252
659
1026
1242
1453
1561
1461
1124
819
456
-170
-871
-1552
-2215
-2939
-3572
-4086
-4476
-4767
-4992
-5140
-5150
-5022
-4875
-4634
-4260
-3867
-3261
-2453
-1673
-1021
-41
1111
2046
2911
3947
4790
5301
5914
6470
6643
6525
6504
6231
5734
5167
4571
3775
2946
2233
1410
584
-77
-629
-1250
-1714
-1973
-2199
-2373
-2367
-2230
-2090
-1996
-1715
-1341
-940
-547
-158
230
633
983
1175
1356
1454
1357
1021
705
358
-223
-921
-1569
-2208
-2895
-3513
-3998
-4366
-4647
-4886
-5031
-5041
-4889
-4710
-4482
-4134
-3781
-3178
-2404
-1624
-986
-22
1087
2014
2859
3887
4740
5251
5820
6346
6524
6375
6355
6098
5617
5040
4489
3713
2881
2196
1425
603
-58
-569
-1174
-1631
-1879
-2116
-2339
-2376
-2233
-2123
-2039
-1736
-1376
-974
-584
-200
169
562
918
1106
1255
1383
1319
1023
717
385
-155
-864
-1479
-2086
-2753
-3352
-3833
-4216
-4505
-4737
-4868
-4868
-4712
-4533
-4357
-4031
-3720
-3151
-2421
-1646
-1017
-131
980
1894
2699
3697
4592
5095
5621
6134
6355
6173
6146
5944
5483
4928
4389
3667
2852
2221
1508
712
47
-422
-1015
-1487
-1716
-1963
-2192
-2273
-2139
-2047
-1971
-1706
-1393
-1009
-625
-285
62
438
787
965
1103
1266
1256
992
694
341
-160
-864
-1509
-2073
-2711
-3329
-3827
-4194
-4477
-4705
-4796
-4731
-4578
-4418
-4236
-3896
-3603
-3066
-2338
-1567
-945
-117
997
1933
2703
3655
4544
5049
5547
6026
6304
6134
6063
5858
5413
4890
4341
3626
2853
2240
1531
742
83
-368
-946
-1451
-1667
-1876
-2118
-2199
-2092
-1986
-1949
-1725
-1422
-1074
-725
-410
-83
280
627
806
948
1126
1173
927
642
321
-169
-835
-1475
-1998
-2619
-3250
-3739
-4093
-4384
-4595
-4667
-4593
-4435
-4310
-4117
-3766
-3439
-3010
-2312
-1530
-918
-225
850
1839
2566
3397
4302
4841
5281
5743
6106
6008
5865
5719
5310
4819
4320
3682
2933
2336
1700
938
237
-201
-696
-1234
-1527
-1671
-1886
-2015
-1955
-1818
-1784
-1632
-1335
-1008
-695
-403
-106
211
541
735
827
961
1041
831
511
214
-216
-837
-1458
-1953
-2502
-3118
-3603
-3955
-4257
-4454
-4528
-4500
-4359
-4221
-4044
-3723
-3346
-3002
-2423
-1666
-1009
-468
459
1505
2258
2940
3831
4520
4901
5327
5789
5870
5656
5558
5291
4843
4357
3847
3167
2540
1985
1302
551
48
-362
-909
-1334
-1478
-1619
-1828
-1867
-1722
-1660
-1611
-1382
-1062
-752
-479
-203
72
388
632
719
796
898
790
481
175
-166
-676
-1283
-1791
-2258
-2792
-3288
-3675
-3985
-4206
-4329
-4382
-4291
-4155
-3977
-3728
-3360
-3074
-2651
-1977
-1273
-754
-25
1012
1854
2489
3286
4156
4615
4985
5459
5756
5606
5476
5341
5013
4539
4077
3486
2834
2306
1703
967
371
-7
-527
-1050
-1278
-1371
-1621
-1783
-1706
-1652
-1705
-1609
-1346
-1100
-874
-623
-359
-92
216
413
522
639
689
525
241
-29
-393
-906
-1438
-1864
-2328
-2808
-3235
-3547
-3794
-3974
-4088
-4080
-3967
-3819
-3618
-3338
-3054
-2806
-2305
-1622
-989
-427
438
1368
2093
2773
3637
4312
4707
5103
5491
5564
5423
5329
5126
4746
4278
3759
3132
2561
2008
1361
707
253
-208
-723
-1085
-1226
-1421
-1628
-1684
-1656
-1698
-1687
-1541
-1361
-1183
-981
-764
-548
-244
45
215
333
485
500
286
32
-201
-558
-1063
-1511
-1924
-2364
-2805
-3152
-3408
-3587
-3717
-3805
-3771
-3634
-3483
-3312
-3053
-2817
-2532
-1975
-1284
-714
-128
756
1586
2257
2954
3765
4276
4621
4999
5269
5236
5150
5099
4847
4456
4021
3542
2929
2408
1877
1278
692
263
-213
-692
-992
-1172
-1391
-1596
-1650
-1671
-1703
-1672
-1517
-1359
-1208
-1048
-842
-578
-285
-82
69
248
358
268
37
-143
-381
-769
-1220
-1604
-1995
-2417
-2810
-3078
-3227
-3357
-3501
-3566
-3510
-3431
-3336
-3144
-2917
-2728
-2317
-1703
-1131
-648
124
968
1666
2332
3157
3803
4220
4636
5035
5156
5122
5165
5067
4800
4453
4105
3577
3053
2553
1997
1369
846
366
-204
-675
-961
-1265
-1594
-1787
-1849
-1953
-2017
-1911
-1764
-1638
-1492
-1241
-995
-719
-464
-251
-49
156
225
108
-53
-215
-502
-906
-1252
-1584
-1986
-2382
-2668
-2863
-3016
-3163
-3304
-3357
-3356
-3333
-3269
-3063
-2886
-2701
-2234
-1621
-1140
-644
217
1024
1667
2373
3239
3824
4277
4767
5171
5239
5252
5300
5131
4877
4591
4228
3662
3179
2676
2022
1364
866
358
-266
-719
-1026
-1413
-1782
-1975
-2063
-2184
-2202
-2110
-1985
-1813
-1603
-1338
-1052
-701
-430
-207
45
288
359
233
95
-109
-431
-844
-1184
-1543
-1937
-2325
-2635
-2859
-3058
-3222
-3382
-3429
-3450
-3415
-3348
-3141
-3006
-2773
-2232
-1623
-1181
-604
311
1056
1677
2457
3327
3837
4328
4866
5253
5261
5298
5294
5065
4827
4561
4138
3568
3133
2588
1855
1244
803
250
-383
-772
-1083
-1522
-1882
-2044
-2137
-2250
-2234
-2152
-2006
-1800
-1588
-1336
-989
-596
-340
-101
197
458
525
414
310
98
-213
-610
-956
-1325
-1738
-2178
-2542
-2791
-3039
-3243
-3418
-3464
-3489
-3452
-3363
-3159
-3057
-2796
-2236
-1656
-1243
-643
264
971
1578
2375
3200
3671
4170
4724
5113
5094
5140
5128
4927
4705
4446
4029
3483
3063
2497
1809
1248
807
222
-390
-760
-1089
-1539
-1885
-2036
-2121
-2271
-2273
-2178
-2003
-1810
-1600
-1333
-976
-581
-323
-54
236
539
592
494
456
279
-39
-413
-702
-1072
-1539
-2001
-2358
-2661
-2950
-3185
-3370
-3443
-3456
-3436
-3351
-3157
-3094
-2829
-2307
-1743
-1348
-730
164
866
1495
2325
3126
3620
4160
4749
5152
5140
5235
5237
5081
4862
4595
4170
3628
3172
2530
1848
1267
737
81
-554
-957
-1364
-1826
-2156
-2302
-2418
-2623
-2633
-2519
-2325
-2124
-1868
-1540
-1136
-722
-390
-32
293
631
692
671
680
519
216
-135
-402
-809
-1281
-1741
-2084
-2406
-2725
-2999
-3203
-3261
-3303
-3346
-3301
-3118
-3120
-2887
-2352
-1787
-1415
-809
121
850
1495
2351
3189
3726
4260
4839
5210
5194
5300
5274
5086
4849
4569
4099
3521
3062
2386
1642
1015
468
-222
-906
-1325
-1702
-2140
-2463
-2580
-2667
-2843
-2807
-2642
-2400
-2136
-1799
-1392
-939
-481
-95
298
652
989
1030
1009
981
801
461
57
-270
-741
-1236
-1723
-2071
-2393
-2728
-3027
-3225
-3246
-3318
-3398
-3359
-3166
-3188
-2952
-2350
-1776
-1407
-806
173
917
1544
2400
3264
3786
4278
4824
5137
5111
5214
5168
4925
4683
4392
3890
3282
2848
2205
1422
787
252
-431
-1100
-1490
-1821
-2240
-2559
-2666
-2727
-2836
-2758
-2575
-2300
-1972
-1586
-1145
-684
-204
167
540
919
1226
1245
1185
1128
912
521
82
-277
-762
-1285
-1771
-2123
-2444
-2767
-3057
-3247
-3301
-3392
-3462
-3428
-3256
-3223
-2952
-2343
-1763
-1352
-742
221
971
1587
2405
3262
3763
4236
4780
5103
5100
5178
5165
4932
4668
4340
3845
3235
2763
2135
1357
723
187
-474
-1093
-1461
-1779
-2211
-2556
-2656
-2691
-2770
-2727
-2545
-2260
-1933
-1553
-1116
-645
-179
173
528
899
1178
1222
1155
1086
873
480
43
-311
-720
-1240
-1723
-2083
-2372
-2688
-2982
-3161
-3272
-3369
-3441
-3424
-3318
-3249
-3028
-2506
-1922
-1493
-976
-108
701
1325
2046
2920
3514
3989
4541
5001
5102
5133
5172
5042
4810
4493
4041
3457
2964
2379
1621
934
416
-196
-851
-1291
-1578
-1981
-2408
-2578
-2602
-2672
-2700
-2534
-2258
-1969
-1628
-1192
-704
-221
192
556
900
1185
1328
1302
1254
1108
784
338
-33
-402
-916
-1437
-1865
-2212
-2568
-2879
-3122
-3282
-3374
-3450
-3477
-3414
-3311
-3246
-2889
-2266
-1758
-1433
-751
190
882
1501
2331
3117
3569
4103
4656
4928
4923
4986
4921
4687
4434
4075
3508
2962
2514
1849
1063
475
-27
-691
-1259
-1547
-1842
-2274
-2547
-2562
-2574
-2618
-2496
-2186
-1868
-1559
-1175
-683
-177
277
658
995
1277
1449
1509
1459
1397
1170
797
358
0
-425
-947
-1446
-1866
-2246
-2647
-2938
-3179
-3279
-3402
-3466
-3472
-3355
-3266
-3155
-2690
-2106
-1692
-1348
-515
343
976
1592
2464
3086
3532
4080
4569
4744
4769
4848
4716
4497
4215
3838
3275
2828
2343
1638
899
349
-239
-913
-1388
-1684
-2067
-2456
-2616
-2603
-2611
-2571
-2336
-1998
-1656
-1320
-913
-424
85
523
861
1161
1409
1546
1570
1546
1461
1212
824
444
99
-333
-837
-1320
-1757
-2189
-2628
-2953
-3194
-3353
-3503
-3598
-3600
-3529
-3397
-3282
-2862
-2332
-1869
-1488
-724
166
797
1373
2171
2859
3277
3810
4318
4602
4654
4777
4743
4598
4331
4010
3543
3051
2582
1909
1171
543
-18
-695
-1264
-1608
-1979
-2342
-2562
-2541
-2504
-2483
-2307
-1992
-1640
-1351
-973
-501
7
443
780
1070
1359
1560
1608
1607
1544
1322
955
613
282
-157
-672
-1143
-1611
-2056
-2502
-2871
-3169
-3361
-3512
-3634
-3626
-3582
-3481
-3461
-3092
-2566
-2099
-1730
-1049
-173
479
1053
1850
2588
3005
3533
4095
4452
4546
4728
4751
4637
4419
4109
3654
3138
2664
2001
1243
614
85
-575
-1188
-1516
-1852
-2213
-2401
-2374
-2322
-2351
-2217
-1946
-1568
-1278
-937
-462
31
462
797
1145
1455
1715
1795
1807
1756
1537
1193
840
491
9
-563
-1072
-1536
-1976
-2426
-2833
-3180
-3393
-3540
-3686
-3691
-3621
-3543
-3611
-3400
-2869
-2421
-2109
-1546
-665
41
605
1402
2272
2771
3257
3891
4368
4533
4707
4835
4738
4542
4249
3811
3281
2787
2215
1471
817
303
-279
-893
-1295
-1587
-1959
-2184
-2228
-2206
-2269
-2214
-2007
-1684
-1354
-1053
-626
-171
263
612
994
1355
1665
1824
1845
1831
1672
1412
1061
703
259
-303
-856
-1299
-1701
-2154
-2599
-2963
-3219
-3439
-3630
-3710
-3681
-3656
-3724
-3741
-3359
-2902
-2554
-2169
-1395
-593
4
691
1640
2399
2892
3530
4167
4565
4726
4947
4988
4868
4614
4226
3742
3241
2746
2087
1388
826
274
-333
-859
-1196
-1576
-1914
-2101
-2177
-2244
-2276
-2177
-1975
-1671
-1380
-1024
-607
-120
283
670
1086
1461
1706
1771
1814
1751
1569
1271
931
527
35
-503
-971
-1387
-1857
-2313
-2729
-3061
-3369
-3622
-3815
-3876
-3914
-3925
-4006
-3893
-3442
-2970
-2579
-2079
-1241
-515
117
924
1911
2575
3158
3839
4489
4799
5008
5222
5208
5069
4766
4348
3835
3365
2801
2063
1408
864
272
-370
-849
-1182
-1594
-1924
-2123
-2202
-2267
-2265
-2172
-1960
-1673
-1407
-1011
-523
8
380
799
1244
1565
1743
1815
1881
1753
1511
1188
855
429
-101
-624
-1080
-1571
-2091
-2551
-2960
-3336
-3658
-3923
-4121
-4209
-4259
-4267
-4340
-4118
-3637
-3130
-2723
-2127
-1258
-523
161
1065
2069
2715
3350
4075
4736
4978
5218
5404
5390
5228
4927
4503
3955
3467
2809
2051
1410
891
255
-408
-871
-1192
-1598
-1942
-2129
-2198
-2258
-2242
-2140
-1871
-1578
-1319
-881
-347
182
534
988
1463
1784
1955
2042
2132
1981
1720
1396
1059
613
10
-549
-1067
-1618
-2219
-2736
-3195
-3582
-3941
-4257
-4479
-4586
-4667
-4705
-4745
-4476
-4014
-3503
-3038
-2367
-1432
-641
129
1094
2153
2857
3545
4310
4994
5230
5473
5677
5690
5530
5214
4797
4201
3650
2946
2168
1510
951
264
-438
-917
-1286
-1737
-2126
-2298
-2395
-2517
-2504
-2351
-2076
-1822
-1523
-1051
-544
-10
441
976
1463
1824
2073
2209
2320
2202
1994
1677
1304
842
217
-385
-970
-1571
-2215
-2792
-3272
-3673
-4082
-4453
-4673
-4815
-4914
-4955
-4971
-4722
-4273
-3742
-3258
-2560
-1560
-714
99
1096
2213
2979
3714
4548
5270
5525
5784
6032
6050
5882
5556
5145
4500
3900
3188
2382
1684
1084
371
-366
-894
-1344
-1829
-2240
-2410
-2522
-2693
-2696
-2538
-2279
-2013
-1667
-1186
-652
-82
432
989
1495
1871
2116
2260
2375
2243
1978
1639
1213
695
34
-592
-1215
-1840
-2470
-3039
-3525
-3937
-4342
-4674
-4838
-4955
-5020
-5034
-5007
-4767
-4286
-3731
-3204
-2468
-1440
-545
310
1340
2467
3250
4007
4860
5587
5853
6080
6299
6256
6024
5651
5197
4541
3902
3167
2330
1592
974
259
-487
-1050
-1547
-2030
-2414
-2603
-2688
-2852
-2852
-2700
-2421
-2089
-1681
-1148
-553
55
578
1152
1677
2065
2290
2426
2538
2423
2127
1756
1315
766
60
-615
-1238
-1859
-2497
-3094
-3620
-4098
-4522
-4824
-4991
-5145
-5224
-5230
-5192
-5000
-4490
-3869
-3289
-2543
-1517
-522
386
1453
2605
3432
4178
5003
5749
6083
6290
6495
6422
6156
5782
5315
4687
4034
3294
2423
1610
943
208
-573
-1182
-1703
-2231
-2619
-2840
-2926
-3070
-3061
-2858
-2566
-2197
-1747
-1170
-568
57
596
1178
1698
2108
2371
2513
2643
2579
2336
1957
1526
1001
302
-431
-1074
-1692
-2379
-3043
-3628
-4149
-4652
-5001
-5184
-5385
-5525
-5538
-5425
-5310
-4831
-4124
-3430
-2750
-1765
-639
344
1365
2537
3487
4190
4975
5734
6211
6401
6629
6579
6325
5993
5585
4975
4287
3588
2716
1811
1073
362
-451
-1156
-1685
-2225
-2675
-2925
-3018
-3126
-3142
-2893
-2585
-2210
-1774
-1211
-633
-16
577
1141
1659
2105
2424
2580
2721
2702
2488
2114
1695
1178
483
-273
-974
-1652
-2370
-3057
-3684
-4231
-4741
-5130
-5377
-5570
-5660
-5678
-5566
-5441
-5000
-4308
-3573
-2888
-1960
-833
200
1207
2360
3421
4149
4903
5660
6232
6450
6655
6681
6460
6122
5729
5152
4432
3708
2862
1923
1100
373
-417
-1173
-1734
-2230
-2686
-2952
-3044
-3090
-3104
-2889
-2593
-2224
-1803
-1275
-701
-80
556
1133
1675
2177
2528
2691
2809
2818
2610
2238
1821
1292
570
-218
-970
-1718
-2447
-3134
-3758
-4287
-4730
-5101
-5385
-5530
-5583
-5576
-5481
-5285
-4983
-4412
-3678
-2946
-2190
-1151
-29
952
1966
3125
4063
4740
5467
6148
6503
6593
6722
6628
6300
5857
5355
4649
3882
3099
2220
1315
541
-190
-968
-1611
-2077
-2479
-2817
-2968
-2998
-2999
-2906
-2688
-2396
-2010
-1538
-989
-383
288
918
1465
2002
2447
2702
2788
2832
2707
2386
1953
1465
815
44
-747
-1528
-2297
-3009
-3668
-4242
-4684
-5036
-5352
-5587
-5682
-5679
-5604
-5432
-5168
-4761
-4088
-3310
-2545
-1672
-528
559
1523
2594
3739
4581
5258
5973
6555
6732
6798
6831
6625
6207
5704
5071
4284
3514
2698
1789
919
179
-600
-1352
-1887
-2254
-2607
-2863
-2925
-2905
-2873
-2741
-2477
-2135
-1713
-1196
-600
35
686
1265
1778
2258
2653
2837
2846
2785
2569
2166
1663
1125
467
-347
-1166
-1949
-2695
-3434
-4074
-4598
-5013
-5376
-5662
-5828
-5876
-5813
-5674
-5422
-5102
-4536
-3768
-2943
-2132
-1153
-4
1019
1980
3046
4090
4841
5500
6166
6613
6693
6709
6644
6357
5894
5315
4625
3843
3080
2236
1340
533
-219
-984
-1638
-2036
-2339
-2632
-2791
-2773
-2699
-2621
-2392
-2026
-1600
-1142
-595
36
666
1271
1767
2221
2628
2922
2986
2896
2740
2406
1907
1322
724
-26
-899
-1734
-2525
-3286
-4029
-4638
-5149
-5539
-5839
-6037
-6113
-6056
-5873
-5622
-5231
-4765
-4018
-3168
-2267
-1409
-388
709
1690
2617
3612
4525
5156
5745
6295
6614
6571
6541
6358
5978
5427
4793
4073
3278
2515
1667
801
43
-643
-1309
-1844
-2144
-2387
-2617
-2688
-2588
-2432
-2250
-1920
-1491
-1027
-562
-20
620
1247
1760
2133
2487
2794
2939
2872
2714
2482
2042
1456
813
133
-668
-1530
-2342
-3111
-3834
-4509
-5056
-5462
-5747
-5956
-6093
-6065
-5889
-5627
-5295
-4760
-4206
-3453
-2601
-1689
-850
56
1083
2005
2877
3741
4555
5104
5596
6045
6300
6232
6175
5950
5521
4975
4353
3678
2910
2189
1409
633
-25
-596
-1137
-1586
-1846
-2056
-2239
-2237
-2095
-1888
-1663
-1333
-956
-554
-112
396
975
1485
1867
2133
2386
2578
2616
2472
2266
1990
1512
889
237
-445
-1213
-2011
-2752
-3443
-4095
-4654
-5072
-5387
-5636
-5785
-5850
-5768
-5528
-5208
-4838
-4297
-3752
-3079
-2284
-1434
-642
141
1097
1982
2798
3549
4311
4837
5226
5609
5857
5819
5695
5479
5079
4589
4005
3407
2699
2031
1390
739
172
-295
-708
-1102
-1360
-1515
-1627
-1617
-1494
-1266
-1064
-838
-549
-201
189
600
1033
1380
1642
1840
2014
2105
2089
1946
1724
1408
941
360
-272
-917
-1586
-2270
-2933
-3538
-4090
-4524
-4857
-5123
-5331
-5394
-5384
-5262
-4997
-4665
-4322
-3880
-3410
-2877
-2190
-1434
-696
-12
846
1666
2420
3107
3855
4395
4762
5141
5417
5434
5306
5153
4841
4444
3954
3437
2807
2232
1705
1116
574
177
-174
-554
-831
-957
-1083
-1158
-1094
-913
-785
-669
-444
-137
192
511
827
1091
1318
1482
1622
1710
1741
1650
1432
1125
705
168
-452
-1060
-1647
-2261
-2897
-3471
-3969
-4395
-4724
-4957
-5077
-5109
-5060
-4924
-4648
-4340
-4037
-3689
-3271
-2883
-2388
-1699
-967
-345
299
1082
1809
2455
3121
3777
4226
4569
4870
5056
5034
4917
4732
4458
4100
3693
3220
2735
2290
1791
1231
822
523
200
-119
-330
-469
-659
-745
-709
-627
-630
-535
-342
-88
135
355
558
736
915
1040
1183
1257
1277
1134
899
599
211
-281
-817
-1317
-1831
-2376
-2928
-3394
-3801
-4141
-4401
-4553
-4603
-4595
-4522
-4386
-4132
-3883
-3649
-3391
-3049
-2728
-2264
-1622
-976
-449
125
891
1594
2221
2849
3515
3942
4272
4603
4855
4864
4754
4646
4451
4168
3821
3467
3042
2610
2138
1664
1291
992
665
311
47
-163
-388
-562
-617
-644
-715
-708
-592
-440
-337
-216
-65
99
256
397
504
545
542
434
243
19
-252
-638
-1078
-1476
-1860
-2299
-2742
-3098
-3392
-3653
-3862
-3964
-3999
-4010
-4005
-3920
-3719
-3534
-3379
-3185
-2876
-2568
-2121
-1549
-985
-498
117
862
1509
2133
2780
3384
3774
4192
4593
4822
4833
4830
4796
4622
4388
4113
3779
3346
2953
2529
2072
1668
1296
889
479
188
-87
-365
-592
-715
-837
-954
-984
-946
-891
-831
-710
-565
-386
-214
-96
-18
53
106
80
10
-111
-316
-630
-966
-1268
-1591
-1970
-2368
-2702
-2997
-3265
-3494
-3658
-3797
-3944
-4035
-4043
-3914
-3796
-3665
-3477
-3162
-2846
-2441
-1865
-1253
-666
-45
736
1430
2097
2725
3403
3909
4350
4746
5041
5152
5176
5191
5057
4840
4524
4186
3756
3364
2932
2427
1913
1453
1001
509
131
-159
-474
-800
-982
-1098
-1257
-1372
-1366
-1291
-1217
-1090
-886
-650
-457
-317
-179
-19
133
200
172
90
-73
-358
-686
-954
-1298
-1745
-2188
-2536
-2861
-3200
-3507
-3766
-3973
-4190
-4323
-4341
-4241
-4141
-3990
-3742
-3416
-3064
-2624
-1978
-1311
-644
25
825
1573
2292
2982
3690
4260
4706
5120
5441
5600
5640
5646
5485
5235
4918
4526
4059
3601
3103
2517
1937
1397
871
324
-162
-525
-895
-1248
-1470
-1592
-1779
-1902
-1883
-1817
-1694
-1489
-1226
-966
-702
-486
-243
-12
195
306
303
204
54
-156
-472
-793
-1191
-1660
-2117
-2501
-2862
-3202
-3537
-3838
-4051
-4202
-4308
-4317
-4231
-4083
-3913
-3648
-3297
-2835
-2358
-1767
-1090
-400
235
921
1743
2500
3156
3778
4446
4879
5210
5518
5770
5776
5711
5607
5382
5054
4653
4198
3659
3140
2560
1954
1368
851
293
-280
-718
-1073
-1433
-1732
-1885
-2040
-2192
-2225
-2151
-2025
-1821
-1561
-1299
-999
-710
-399
-135
101
226
269
188
76
-72
-311
-660
-1055
-1480
-1929
-2319
-2699
-3008
-3319
-3592
-3815
-3922
-3990
-4011
-3968
-3852
-3655
-3403
-3063
-2649
-2153
-1689
-1149
-551
80
670
1374
2144
2799
3379
3982
4532
4873
5169
5442
5582
5533
5467
5336
5099
4737
4313
3829
3306
2773
2213
1629
1075
530
-35
-545
-938
-1302
-1669
-1926
-2115
-2266
-2366
-2332
-2248
-2094
-1876
-1614
-1302
-959
-647
-355
-86
87
184
193
155
46
-132
-405
-742
-1104
-1494
-1886
-2218
-2518
-2785
-3039
-3235
-3374
-3466
-3518
-3482
-3408
-3278
-3068
-2814
-2510
-2153
-1743
-1388
-933
-390
177
695
1364
2060
2634
3157
3747
4287
4614
4914
5171
5290
5252
5220
5069
4803
4451
4048
3548
3034
2556
2003
1392
823
313
-227
-744
-1148
-1517
-1902
-2199
-2379
-2489
-2565
-2539
-2434
-2254
-2015
-1714
-1359
-976
-673
-383
-121
77
196
226
188
80
-101
-360
-659
-977
-1306
-1667
-1958
-2222
-2457
-2689
-2880
-3024
-3118
-3159
-3124
-3052
-2935
-2752
-2537
-2270
-1960
-1577
-1235
-825
-296
264
769
1380
2056
2631
3132
3710
4266
4588
4861
5118
5230
5174
5106
4950
4637
4252
3859
3366
2823
2330
1786
1170
585
82
-445
-981
-1409
-1782
-2154
-2451
-2629
-2720
-2768
-2735
-2606
-2384
-2098
-1779
-1419
-1023
-689
-395
-122
99
243
287
270
200
59
-156
-401
-663
-946
-1243
-1510
-1757
-2005
-2234
-2464
-2645
-2773
-2835
-2864
-2838
-2745
-2606
-2442
-2231
-1958
-1622
-1272
-908
-413
134
650
1161
1784
2386
2878
3369
3909
4283
4507
4717
4855
4826
4698
4567
4302
3936
3553
3142
2632
2120
1629
1094
518
18
-433
-932
-1389
-1734
-2037
-2343
-2536
-2593
-2615
-2596
-2456
-2205
-1933
-1639
-1270
-885
-563
-277
11
244
391
464
501
471
363
199
19
-202
-460
-721
-971
-1224
-1493
-1746
-2015
-2261
-2458
-2574
-2663
-2691
-2651
-2560
-2456
-2314
-2107
-1848
-1534
-1220
-816
-347
150
581
1088
1657
2156
2573
3038
3495
3756
3931
4100
4195
4106
3997
3870
3651
3338
2995
2620
2180
1735
1269
781
313
-112
-564
-1019
-1360
-1633
-1934
-2176
-2253
-2259
-2286
-2231
-2024
-1769
-1534
-1265
-920
-580
-308
-72
163
387
536
586
605
631
578
410
209
33
-173
-463
-753
-989
-1248
-1560
-1890
-2129
-2300
-2433
-2553
-2559
-2500
-2411
-2338
-2202
-1952
-1680
-1419
-1142
-702
-258
160
554
1097
1602
2000
2372
2825
3203
3392
3571
3736
3808
3712
3641
3521
3329
3029
2724
2369
1965
1534
1078
617
162
-267
-721
-1115
-1426
-1684
-1948
-2099
-2132
-2147
-2147
-2037
-1838
-1648
-1431
-1155
-844
-575
-316
-63
164
360
522
640
715
773
764
653
493
313
91
-208
-508
-777
-1076
-1422
-1749
-1982
-2185
-2359
-2491
-2499
-2499
-2454
-2353
-2201
-2017
-1789
-1524
-1275
-910
-482
-34
351
846
1337
1736
2067
2489
2883
3117
3328
3540
3660
3620
3594
3502
3343
3108
2848
2491
2103
1714
1259
753
287
-137
-620
-1070
-1384
-1634
-1914
-2097
-2133
-2149
-2176
-2094
-1898
-1695
-1481
-1192
-862
-564
-288
-4
254
496
722
907
1055
1174
1199
1101
950
758
485
147
-184
-519
-893
-1278
-1643
-1966
-2239
-2478
-2675
-2784
-2815
-2826
-2786
-2674
-2510
-2336
-2118
-1854
-1501
-1079
-621
-169
319
823
1261
1663
2108
2588
2956
3260
3544
3761
3818
3815
3789
3703
3515
3247
2924
2530
2104
1622
1111
605
125
-361
-825
-1199
-1494
-1766
-2000
-2120
-2159
-2171
-2125
-1959
-1737
-1501
-1235
-907
-564
-242
69
396
727
1029
1281
1472
1618
1651
1551
1369
1157
855
478
89
-308
-759
-1211
-1631
-2031
-2376
-2662
-2899
-3095
-3185
-3241
-3251
-3179
-3036
-2879
-2664
-2377
-2056
-1648
-1160
-655
-178
376
915
1390
1881
2436
2910
3262
3589
3858
3982
4005
4012
3928
3755
3492
3142
2715
2275
1795
1254
723
233
-256
-738
-1138
-1450
-1724
-1964
-2122
-2177
-2154
-2101
-1974
-1751
-1494
-1232
-924
-556
-181
185
554
935
1286
1568
1768
1893
1922
1831
1638
1370
1057
660
204
-271
-737
-1227
-1696
-2116
-2482
-2792
-3052
-3246
-3373
-3420
-3434
-3364
-3211
-3016
-2812
-2532
-2189
-1826
-1390
-873
-341
164
735
1286
1791
2304
2832
3238
3541
3815
4005
4042
4012
3966
3798
3523
3194
2806
2340
1860
1370
838
300
-184
-640
-1079
-1442
-1703
-1929
-2120
-2212
-2194
-2118
-2006
-1805
-1525
-1223
-901
-528
-121
289
692
1076
1425
1723
1939
2045
2053
1978
1806
1518
1164
777
314
-202
-708
-1185
-1677
-2131
-2511
-2842
-3120
-3322
-3447
-3516
-3510
-3440
-3300
-3108
-2873
-2609
-2286
-1916
-1516
-1055
-539
-13
494
1049
1593
2091
2568
3036
3393
3647
3852
3979
3970
3891
3784
3562
3239
2878
2487
2020
1527
1040
534
12
-457
-875
-1268
-1592
-1822
-2005
-2132
-2154
-2086
-1958
-1768
-1495
-1171
-813
-423
-17
402
816
1200
1532
1817
2035
2149
2151
2073
1902
1628
1271
860
410
-82
-586
-1080
-1550
-2007
-2421
-2778
-3079
-3316
-3488
-3587
-3606
-3563
-3474
-3306
-3077
-2819
-2525
-2154
-1746
-1335
-871
-353
151
631
1154
1678
2138
2563
2977
3305
3523
3687
3789
3772
3672
3537
3309
2994
2643
2264
1816
1332
868
393
-102
-541
-910
-1256
-1551
-1744
-1874
-1953
-1941
-1828
-1661
-1440
-1141
-801
-441
-51
352
743
1118
1468
1754
1956
2093
2137
2071
1918
1697
1401
1031
624
202
-250
-728
-1187
-1623
-2050
-2447
-2784
-3064
-3290
-3458
-3555
-3577
-3542
-3452
-3289
-3057
-2794
-2492
-2130
-1726
-1315
-879
-396
100
570
1051
1557
2019
2421
2799
3133
3367
3522
3633
3660
3587
3447
3258
3000
2666
2294
1891
1444
981
541
109
-303
-669
-987
-1267
-1479
-1610
-1685
-1697
-1628
-1493
-1310
-1067
-776
-451
-104
259
618
951
1245
1485
1655
1743
1762
1709
1577
1385
1152
860
511
139
-258
-679
-1109
-1522
-1906
-2261
-2586
-2856
-3058
-3221
-3339
-3376
-3345
-3278
-3163
-2971
-2727
-2467
-2156
-1775
-1373
-976
-542
-59
408
847
1310
1768
2161
2506
2833
3091
3254
3360
3431
3421
3325
3187
3001
2733
2408
2078
1718
1320
935
569
190
-172
-474
-740
-985
-1173
-1286
-1354
-1382
-1337
-1217
-1059
-863
-607
-326
-48
229
498
735
926
1082
1191
1249
1259
1225
1129
973
762
504
206
-126
-467
-809
-1154
-1493
-1816
-2110
-2377
-2611
-2799
-2941
-3032
-3076
-3063
-2988
-2861
-2684
-2451
-2174
-1869
-1533
-1159
-772
-373
47
471
883
1265
1628
1962
2240
2465
2660
2816
2899
2923
2912
2852
2725
2556
2364
2146
1884
1591
1295
997
692
398
129
-110
-335
-533
-682
-782
-839
-853
-810
-717
-596
-446
-270
-78
105
281
449
602
728
825
893
910
873
790
669
510
323
115
-128
-392
-669
-966
-1275
-1572
-1847
-2108
-2350
-2547
-2697
-2813
-2884
-2892
-2840
-2744
-2597
-2391
-2140
-1860
-1553
-1221
-868
-503
-145
210
571
922
1229
1507
1786
2029
2202
2342
2485
2582
2612
2618
2610
2544
2401
2236
2057
1845
1607
1378
1155
918
660
411
186
-31
-224
-381
-489
-548
-578
-566
-511
-440
-369
-279
-172
-66
35
136
233
297
332
361
369
348
311
248
143
-2
-167
-368
-605
-854
-1096
-1348
-1605
-1843
-2047
-2235
-2398
-2501
-2549
-2553
-2504
-2393
-2243
-2061
-1851
-1617
-1366
-1097
-812
-519
-217
88
382
664
936
1197
1427
1642
1857
2051
2202
2314
2405
2446
2422
2370
2310
2217
2084
1944
1803
1615
1372
1135
909
658
395
187
32
-125
-263
-333
-379
-452
-506
-499
-482
-477
-434
-349
-280
-233
-154
-56
10
64
132
173
161
127
73
-35
-184
-339
-510
-717
-932
-1128
-1323
-1522
-1697
-1832
-1944
-2025
-2061
-2056
-2025
-1966
-1876
-1771
-1640
-1481
-1309
-1124
-923
-708
-500
-294
-78
142
361
592
833
1064
1274
1467
1638
1786
1909
2002
2075
2134
2173
2179
2157
2111
2023
1897
1747
1583
1394
1191
1000
812
612
415
233
55
-118
-272
-397
-504
-602
-667
-694
-699
-684
-637
-558
-471
-385
-288
-189
-105
-44
-4
26
23
-21
-93
-179
-288
-425
-575
-720
-863
-1012
-1146
-1267
-1384
-1492
-1573
-1624
-1651
-1651
-1620
-1567
-1497
-1406
-1292
-1174
-1054
-926
-785
-633
-474
-303
-122
63
260
471
683
891
1095
1295
1482
1652
1800
1918
2011
2079
2125
2144
2139
2108
2049
1954
1823
1651
1440
1203
960
705
448
204
-31
-255
-462
-644
-802
-930
-1023
-1069
-1076
-1054
-1000
-915
-812
-701
-581
-446
-316
-191
-77
30
107
149
162
153
124
60
-20
-115
-220
-344
-473
-606
-746
-890
-1015
-1120
-1202
-1268
-1313
-1334
-1342
-1328
-1297
-1248
-1189
-1122
-1038
-936
-814
-679
-527
-356
-164
55
286
520
755
988
1206
1406
1593
1751
1876
1968
2043
2087
2098
2076
2028
1941
1809
1637
1427
1181
915
644
369
103
-153
-389
-605
-792
-952
-1072
-1150
-1180
-1164
-1108
-1020
-903
-761
-617
-464
-307
-145
10
156
293
402
483
534
559
556
518
449
354
239
96
-67
-246
-439
-633
-823
-994
-1143
-1270
-1381
-1467
-1529
-1564
-1574
-1562
-1520
-1461
-1381
-1280
-1156
-1008
-845
-665
-463
-237
3
245
484
722
946
1157
1351
1529
1678
1789
1875
1934
1963
1957
1925
1863
1760
1613
1439
1231
996
748
493
243
2
-223
-430
-614
-772
-891
-972
-1006
-991
-933
-840
-718
-576
-428
-272
-115
45
199
349
490
614
712
783
829
836
808
745
648
517
359
175
-31
-254
-485
-709
-925
-1123
-1298
-1443
-1567
-1662
-1729
-1760
-1766
-1745
-1696
-1627
-1535
-1426
-1294
-1146
-983
-807
-611
-397
-176
44
265
483
692
901
1099
1280
1437
1564
1662
1727
1762
1772
1751
1697
1609
1485
1325
1139
934
716
494
282
86
-97
-260
-404
-519
-601
-642
-638
-597
-518
-412
-288
-154
-13
128
270
411
544
671
779
864
920
945
931
882
800
685
540
363
164
-56
-293
-532
-769
-995
-1204
-1391
-1552
-1683
-1782
-1850
-1884
-1885
-1855
-1796
-1713
-1607
-1482
-1342
-1190
-1032
-867
-694
-515
-334
-150
33
212
385
559
728
893
1045
1180
1292
1377
1435
1473
1488
1483
1458
1406
1327
1220
1096
952
803
656
515
381
259
150
54
-23
-80
-110
-112
-90
-48
10
77
147
219
293
365
435
505
565
613
643
650
629
582
508
411
293
155
0
-173
-356
-546
-740
-927
-1104
-1265
-1410
-1536
-1638
-1720
-1774
-1801
-1802
-1780
-1732
-1662
-1573
-1462
-1341
-1212
-1076
-935
-788
-632
-470
-306
-141
25
193
361
530
698
861
1011
1148
1267
1368
1454
1525
1578
1609
1619
1604
1566
1506
1431
1345
1243
1134
1018
901
787
676
573
477
387
309
238
182
136
99
72
52
42
36
37
42
49
52
51
38
10
-35
-95
-171
-260
-361
-467
-580
-699
-819
-942
-1065
-1180
-1283
-1373
-1448
-1508
-1551
-1578
-1582
-1570
-1540
-1492
-1429
-1352
-1257
-1146
-1032
-915
-794
-676
-555
-427
-293
-151
-3
146
299
449
600
746
887
1024
1155
1276
1387
1485
1567
1631
1672
1688
1684
1667
1634
1586
1523
1444
1347
1236
1118
992
867
750
637
530
431
335
248
173
104
42
-13
-63
-111
-161
-210
-256
-306
-359
-413
-468
-527
-587
-651
-715
-781
-845
-905
-964
-1019
-1072
-1121
-1167
-1205
-1240
-1272
-1296
-1312
-1319
-1310
-1293
-1265
-1231
-1199
-1157
-1108
-1048
-975
-887
-787
-682
-564
-438
-307
-165
-15
147
317
494
676
861
1037
1199
1346
1475
1588
1690
1776
1845
1892
1912
1905
1869
1804
1719
1618
1503
1377
1241
1098
947
795
647
497
355
215
86
-35
-147
-244
-329
-400
-460
-506
-541
-565
-581
-590
-597
-601
-601
-599
-598
-605
-616
-634
-663
-701
-750
-805
-866
-924
-985
-1039
-1089
-1141
-1196
-1251
-1298
-1337
-1360
-1366
-1355
-1326
-1279
-1217
-1138
-1046
-936
-807
-656
-483
-291
-83
133
351
563
767
966
1157
1339
1505
1656
1779
1876
1942
1974
1976
1945
1887
1810
1709
1593
1460
1311
1156
994
827
660
500
345
201
73
-41
-138
-217
-283
-337
-377
-404
-415
-413
-396
-370
-331
-295
-269
-250
-245
-254
-274
-302
-341
-390
-451
-518
-593
-673
-760
-850
-940
-1025
-1104
-1176
-1241
-1299
-1345
-1377
-1395
-1399
-1389
-1364
-1323
-1260
-1179
-1074
-955
-822
-674
-515
-342
-158
37
238
448
655
862
1055
1235
1399
1542
1663
1756
1824
1864
1880
1871
1832
1770
1681
1574
1451
1310
1156
1004
848
691
542
400
266
139
20
-85
-177
-256
-319
-364
-398
-419
-435
-439
-438
-428
-406
-382
-356
-331
-315
-309
-312
-327
-354
-387
-427
-478
-538
-597
-661
-726
-787
-846
-901
-956
-1010
-1062
-1105
-1139
-1162
-1169
-1161
-1141
-1113
-1070
-1014
-943
-856
-751
-634
-506
-366
-221
-62
100
269
440
613
786
951
1106
1248
1372
1477
1555
1610
1641
1646
1628
1584
1519
1432
1325
1205
1075
936
792
652
516
390
276
167
68
-23
-107
-182
-243
-289
-324
-342
-348
-346
-341
-332
-318
-299
-275
-244
-212
-181
-158
-148
-154
-174
-207
-255
-311
-371
-429
-483
-534
-582
-632
-689
-749
-814
-875
-929
-972
-1001
-1013
-1013
-1002
-985
-964
-931
-885
-823
-744
-654
-548
-436
-322
-200
-74
55
191
332
468
605
731
850
958
1047
1120
1173
1212
1234
1242
1231
1197
1144
1075
992
899
802
706
609
522
442
367
298
234
171
113
63
25
-2
-19
-27
-31
-32
-31
-32
-30
-27
-19
-5
9
22
26
19
-4
-43
-97
-163
-238
-314
-383
-446
-504
-562
-621
-686
-761
-838
-911
-973
-1020
-1053
-1067
-1071
-1071
-1059
-1043
-1021
-985
-929
-856
-765
-663
-555
-447
-339
-225
-104
20
145
273
398
521
640
752
848
924
990
1045
1095
1139
1170
1178
1164
1126
1066
993
920
850
786
728
675
628
572
520
467
413
367
325
287
254
224
202
182
168
159
152
146
140
127
107
75
31
-23
-87
-157
-233
-315
-393
-470
-544
-612
-685
-758
-833
-910
-986
-1060
-1121
-1167
-1204
-1231
-1240
-1242
-1233
-1214
-1186
-1150
-1095
-1018
-928
-827
-723
-619
-519
-415
-303
-191
-74
48
169
294
419
538
640
726
795
859
924
987
1054
1105
1130
1129
1100
1055
1001
958
928
907
891
876
856
832
803
774
737
705
671
637
607
584
569
553
541
530
514
489
450
395
314
220
118
12
-97
-203
-307
-404
-492
-574
-660
-747
-840
-936
-1031
-1121
-1200
-1268
-1326
-1369
-1393
-1407
-1410
-1397
-1378
-1351
-1303
-1238
-1157
-1064
-967
-873
-785
-694
-601
-505
-404
-297
-187
-71
50
175
294
396
481
553
620
686
760
837
905
960
992
1001
993
984
979
986
1006
1031
1056
1072
1078
1078
1067
1052
1035
1014
992
971
947
926
902
873
838
792
736
664
576
469
348
218
86
-39
-164
-282
-392
-492
-587
-679
-767
-861
-958
-1052
-1135
-1210
-1277
-1330
-1376
-1410
-1428
-1432
-1421
-1400
-1366
-1318
-1252
-1173
-1086
-997
-918
-839
-767
-690
-609
-526
-439
-351
-264
-174
-83
2
80
148
208
271
334
405
480
550
613
664
701
732
762
798
842
893
950
1006
1053
1090
1117
1133
1145
1151
1153
1153
1144
1127
1103
1069
1023
964
896
816
729
634
532
421
308
193
81
-27
-130
-227
-320
-406
-488
-569
-650
-730
-808
-878
-944
-1004
-1060
-1114
-1160
-1200
-1220
-1227
-1218
-1197
-1164
-1115
-1055
-990
-930
-867
-805
-742
-674
-599
-521
-445
-371
-309
-255
-205
-158
-114
-69
-15
44
112
184
262
333
400
457
506
554
600
650
705
763
828
887
942
988
1025
1056
1080
1099
1113
1121
1120
1102
1074
1033
978
912
839
762
681
603
521
435
349
264
176
92
11
-68
-140
-208
-272
-337
-401
-465
-528
-594
-655
-715
-774
-829
-879
-921
-955
-978
-990
-987
-975
-952
-918
-880
-840
-797
-754
-705
-654
-602
-546
-489
-440
-399
-367
-342
-317
-291
-260
-222
-173
-113
-48
20
85
142
193
237
274
310
349
389
434
481
530
576
614
649
677
700
722
741
755
766
770
765
749
727
694
654
610
563
517
470
423
375
326
276
227
179
127
80
33
-13
-55
-97
-142
-186
-233
-281
-327
-375
-422
-465
-508
-540
-566
-585
-592
-594
-591
-582
-571
-559
-545
-530
-511
-490
-470
-444
-421
-400
-379
-364
-352
-341
-333
-321
-300
-273
-238
-197
-155
-114
-77
-48
-21
5
28
55
88
123
162
204
245
286
326
361
393
421
441
464
486
507
530
550
568
581
586
589
583
576
564
548
535
517
500
480
455
423
389
349
309
270
231
193
153
112
71
28
-13
-55
-97
-134
-174
-211
-246
-276
-303
-325
-344
-364
-382
-402
-417
-428
-436
-440
-444
-451
-459
-468
-477
-483
-488
-488
-488
-488
-485
-477
-466
-449
-428
-405
-383
-361
-341
-321
-298
-270
-235
-195
-151
-106
-59
-8
40
85
132
179
220
255
287
318
347
379
415
451
486
515
539
558
571
582
585
583
576
567
558
550
536
517
492
456
423
390
362
331
298
261
222
180
137
102
70
40
7
-35
-76
-119
-155
-183
-210
-238
-269
-301
-330
-353
-368
-383
-394
-409
-430
-456
-482
-503
-517
-525
-533
-539
-546
-551
-550
-542
-532
-516
-496
-475
-457
-436
-412
-387
-350
-308
-262
-211
-159
-105
-53
-2
52
103
149
190
228
265
299
338
379
418
456
488
515
539
556
572
579
581
578
574
568
562
552
540
519
492
464
433
407
382
354
323
286
247
210
175
144
116
87
51
12
-27
-64
-91
-115
-141
-170
-203
-236
-260
-282
-297
-311
-330
-351
-381
-411
-437
-457
-471
-483
-496
-508
-521
-526
-526
-523
-513
-498
-480
-465
-449
-429
-405
-377
-340
-298
-255
-209
-163
-116
-68
-20
27
72
113
149
187
226
262
299
334
366
393
417
438
456
469
480
487
490
492
488
485
478
463
451
435
417
397
376
353
330
303
273
245
214
183
152
123
94
63
32
2
-29
-58
-88
-118
-147
-180
-206
-230
-250
-271
-292
-312
-335
-359
-382
-402
-419
-434
-443
-450
-459
-465
-461
-457
-448
-434
-419
-400
-381
-357
-333
-307
-277
-246
-210
-171
-131
-92
-49
-9
31
70
108
146
181
211
242
273
297
325
351
376
396
412
429
440
446
450
453
448
441
435
428
416
407
397
381
363
341
316
287
258
229
198
167
134
106
75
40
9
-22
-61
-99
-135
-168
-199
-232
-256
-280
-305
-331
-350
-369
-390
-407
-421
-433
-443
-448
-451
-453
-450
-441
-430
-418
-401
-381
-361
-336
-311
-281
-253
-226
-195
-164
-132
-97
-62
-22
20
60
98
132
162
194
222
249
273
295
319
342
364
385
404
418
427
434
435
432
425
418
411
401
394
383
371
352
332
310
284
252
221
190
157
126
98
69
40
11
-22
-55
-91
-127
-162
-192
-222
-248
-268
-291
-308
-326
-345
-359
-376
-389
-400
-409
-414
-417
-417
-413
-406
-393
-379
-364
-346
-326
-304
-280
-255
-228
-199
-172
-142
-112
-81
-51
-20
12
44
75
104
130
154
180
202
225
246
263
279
296
310
324
335
344
351
351
354
349
343
338
331
321
311
299
286
269
251
233
212
190
166
143
117
93
71
48
28
4
-20
-43
-68
-92
-115
-136
-154
-170
-184
-197
-210
-221
-231
-241
-252
-260
-268
-273
-278
-282
-280
-277
-271
-263
-252
-243
-231
-218
-206
-193
-177
-159
-144
-125
-108
-91
-72
-55
-39
-24
-8
8
27
44
60
74
88
100
115
127
141
153
163
174
185
191
198
202
203
205
204
206
204
204
202
198
190
184
177
171
161
149
137
126
116
104
92
77
65
52
37
23
10
-4
-17
-27
-39
-50
-63
-74
-83
-94
-100
-114
-127
-139
-149
-155
-158
-162
-164
-165
-167
-166
-169
-167
-164
-159
-152
-148
-144
-143
-137
-130
-122
-111
-102
-93
-86
-77
-67
-59
-50
-40
-26
-13
4
20
27
37
47
58
70
82
94
102
108
113
117
123
129
138
147
152
158
160
158
155
154
155
155
155
153
146
135
125
115
106
100
95
88
78
68
55
43
32
22
12
3
-8
-21
-38
-51
-61
-70
-74
-81
-87
-95
-105
-112
-119
-125
-128
-130
-133
-137
-141
-143
-145
-143
-139
-135
-131
-128
-124
-119
-116
-112
-107
-99
-91
-84
-76
-64
-55
-47
-40
-30
-18
-7
4
13
23
31
39
46
54
65
75
87
95
101
104
106
108
113
118
123
125
127
128
123
120
116
114
111
113
109
104
96
88
81
74
68
63
53
45
35
24
18
9
2
-4
-8
-15
-24
-34
-41
-46
-52
-55
-59
-67
-73
-80
-85
-88
-88
-88
-89
-90
-93
-95
-94
-93
-89
-87
-83
-81
-83
-78
-74
-71
-66
-60
-54
-51
-43
-37
-31
-24
-18
-10
-7
-1
6
12
17
23
26
30
33
36
41
43
47
49
51
53
54
55
56
55
58
61
63
62
60
58
55
51
51
48
47
45
42
36
30
25
24
23
21
18
14
9
7
5
4
1
-3
-6
-10
-11
-15
-16
-18
-23
-23
-26
-25
-25
-23
-24
-25
-23
-25
-24
-25
-23
-21
-19
-19
-19
-17
-18
-14
-12
-9
-6
-7
-5
-6
-3
-2
-2
3
1
0
-3
-2
-2
-5
-5
-5
-3
-4
-3
-4
-2
2
3
7
7
6
7
8
8
10
10
13
13
13
14
15
14
16
16
14
15
15
14
14
13
13
11
11
8
7
6
5
3
-3
-4
-8
-13
-14
-15
-16
-19
-22
-24
-25
-28
-30
-31
-32
-32
-34
-33
-35
-35
-35
-34
-31
-31
-30
-31
-29
-29
-27
-25
-24
-22
-24
-23
-21
-18
-16
-15
-13
-13
-10
-6
0
4
8
12
14
19
23
28
33
36
36
40
42
46
49
51
52
53
54
53
55
57
57
57
56
54
53
49
47
47
44
40
36
34
29
24
19
13
10
5
-1
-5
-11
-16
-19
-22
-26
-31
-35
-38
-40
-41
-45
-48
-49
-49
-49
-50
-51
-52
-52
-52
-53
-53
-53
-55
-54
-55
-54
-50
-49
-45
-42
-40
-36
-32
-30
-23
-16
-12
-5
-1
3
8
11
16
21
26
30
35
40
45
49
53
56
60
63
68
70
70
74
74
74
74
74
73
72
71
69
68
66
62
58
57
52
49
45
39
34
29
23
18
12
6
-1
-7
-15
-21
-27
-32
-37
-44
-51
-54
-59
-64
-69
-74
-78
-82
-85
-88
-90
-91
-92
-94
-94
-95
-94
-93
-91
-90
-87
-83
-82
-78
-73
-69
-66
-62
-54
-48
-41
-35
-27
-20
-13
-4
1
8
13
19
27
34
40
48
53
59
64
67
72
77
83
84
85
88
88
90
92
92
92
92
92
88
85
83
81
76
74
69
62
57
52
47
41
34
30
22
16
9
4
-3
-7
-13
-21
-26
-32
-37
-41
-45
-49
-54
-57
-61
-63
-64
-68
-69
-71
-70
-69
-69
-68
-68
-67
-65
-63
-60
-59
-59
-55
-53
-49
-45
-42
-35
-31
-27
-22
-17
-12
-6
-1
5
11
15
22
26
31
34
39
43
47
51
54
57
60
63
65
67
68
69
70
70
70
68
67
64
62
62
59
55
52
47
43
38
35
30
28
24
20
14
8
3
-2
-8
-11
-15
-22
-28
-32
-36
-40
-44
-48
-51
-52
-55
-57
-59
-61
-64
-64
-65
-65
-63
-63
-60
-60
-59
-57
-54
-52
-50
-47
-46
-42
-41
-35
-31
-28
-24
-21
-17
-15
-10
-6
-1
3
6
11
15
17
20
22
25
27
32
33
35
37
39
39
39
41
42
41
41
40
39
39
37
36
35
35
34
32
29
27
25
23
20
17
14
14
11
10
7
4
2
0
-4
-4
-5
-8
-9
-11
-11
-11
-13
-17
-16
-17
-18
-18
-16
-17
-17
-16
-17
-16
-16
-15
-13
-14
-11
-12
-11
-9
-9
-6
-5
-3
-2
-1
-2
-1
3
2
4
4
5
5
6
8
7
7
6
6
6
5
4
3
3
4
4
3
3
2
1
2
2
1
2
-1
-2
0
-1
-1
0
-1
-1
-2
-2
-2
-2
-3
-3
-4
-3
-3
-5
-2
-2
-2
-2
-3
-2
-1
-2
-2
-1
-3
-2
-2
-1
-1
0
-1
0
-1
-2
-1
-1
0
-1
1
1
1
2
2
1
1
3
1
2
2
2
1
3
2
2
2
2
1
1
1
0
-1
0
1
0
0
-1
-2
-1
0
1
1
1
2
1
2
0
1
0
-1
-1
-1
0
-1
1
2
2
1
0
1
1
2
1
-1
1
1
0
0
-2
-2
-2
-3
-3
-1
-2
-1
0
0
0
0
0
1
0
0
0
0
-2
-1
0
0
1
-1
-1
0
2
2
2
4
1
1
2
2
1
1
1
2
1
1
2
2
1
2
2
3
2
-1
-2
-1
0
0
0
2
2
1
0
1
0
0
-1
-1
-1
-2
-1
0
-2
-2
-3
-2
-2
-3
-2
-3
-3
-4
-4
-3
-4
-4
-4
-3
-4
-5
-5
-6
-4
-2
-3
-3
-3
-3
-3
-2
-3
-3
0
0
1
0
-1
1
1
0
1
1
1
2
3
3
4
3
4
4
2
2
3
4
5
5
3
2
4
3
3
3
2
2
3
2
1
2
1
3
3
1
0
0
1
1
1
0
-1
-1
