SAMPLES:	15512
BITSPERSAMPLE:	16
CHANNELS:	1
SAMPLERATE:	16000
NORMALIZED:	FALSE
1
1
1
1
2
1
1
0
-1
-1
-1
-1
0
0
-2
-2
-2
-2
-2
-2
-2
-1
-1
-1
0
0
0
1
0
0
0
-1
1
0
-1
-1
-1
-2
-1
0
1
0
-1
-1
-1
0
1
1
2
1
1
1
1
1
1
1
1
0
0
0
1
0
0
1
1
0
-2
-1
-1
-1
0
0
1
0
-1
-1
0
0
-1
-2
-1
0
-1
-1
-1
-1
-1
-1
-1
-2
-2
-2
-1
0
0
0
1
1
2
1
2
2
2
0
0
0
-1
0
1
2
3
2
1
0
0
0
0
1
0
0
0
0
0
0
1
0
1
1
1
1
1
1
1
0
1
1
-1
0
1
0
-1
-1
-1
-1
-2
-1
-1
0
0
-1
-1
-1
-1
1
-1
-2
-1
0
0
0
1
1
1
0
2
1
1
1
1
0
0
1
0
1
1
0
0
-1
-1
-2
-1
-1
-1
0
-1
1
0
0
-1
0
0
0
0
1
2
2
1
1
0
0
1
0
1
0
0
-1
-1
0
0
1
0
0
0
-2
-2
-3
-2
-1
-1
-1
-2
-2
-2
-1
-2
0
-1
0
0
-1
-1
-1
-2
-1
-1
0
-1
-1
1
1
0
1
2
1
1
2
2
3
2
1
2
2
2
0
0
1
1
2
0
1
1
1
1
1
-1
-1
-2
-3
-2
-2
-2
-1
0
-1
0
0
-1
0
0
0
0
1
1
1
1
0
1
0
-1
0
1
0
0
-1
1
-1
-1
-2
-1
-1
-1
-2
-1
-2
-1
-1
-1
-1
-1
-1
-1
-2
-1
-1
0
0
-1
-1
0
0
0
1
1
1
0
1
1
2
2
2
1
2
3
2
3
4
3
2
2
1
0
0
0
-1
-1
-2
-2
-4
-3
-2
-1
0
-1
0
-1
0
1
0
0
0
0
0
-1
-1
-1
-1
-2
-3
-1
-1
0
0
-1
-1
0
0
-1
0
0
0
0
0
0
-1
-1
0
-1
1
0
-2
0
0
-1
-1
0
1
0
2
1
2
2
2
3
2
0
2
1
0
0
2
1
2
1
1
0
0
1
0
0
-2
-2
-2
-2
-2
-1
0
0
0
0
1
1
2
1
1
1
0
0
0
0
0
0
1
3
4
4
3
5
3
2
2
2
3
1
0
-1
-1
0
-1
-2
0
0
1
0
-1
-1
-1
-1
-3
-3
-2
-3
-1
-1
-1
-1
-1
-1
-1
-2
-1
-1
-1
0
0
1
2
1
1
1
2
0
1
2
1
3
3
2
2
3
3
3
4
3
2
0
0
-1
0
-1
-1
1
-1
-2
-3
-2
-1
-2
-1
-2
-2
-2
-2
-1
-1
-1
-1
0
0
0
0
0
0
-1
-1
-2
-3
-2
-1
-1
-1
-1
-1
-2
-2
-1
-1
1
1
2
1
0
0
0
-1
-1
-1
0
-1
-1
-1
0
-1
-1
0
-1
-1
-1
-1
-1
-2
0
0
-1
-3
-1
-2
-2
-2
-1
0
-1
0
-1
0
0
1
2
1
2
3
2
1
3
2
1
2
2
1
0
1
1
0
0
-1
1
0
1
0
2
0
0
2
2
1
2
2
1
2
2
2
2
2
0
1
1
0
-1
0
0
0
1
2
1
0
0
0
1
0
0
-1
1
0
1
0
0
0
-1
-1
-1
0
0
0
0
0
1
1
2
4
2
3
3
3
4
4
3
4
2
1
1
1
1
0
-1
-1
-1
-1
-1
0
0
-1
0
-1
-1
-1
-1
-2
-2
-1
-1
0
-1
0
-1
-2
-1
-3
-1
-1
-1
-1
0
1
0
0
1
1
0
0
0
2
0
2
1
1
0
0
0
0
0
0
-1
-2
-3
-4
-4
-3
-4
-3
-4
-3
-3
-2
-2
-1
-1
-1
-2
-1
-1
-1
-1
-2
-4
-3
-2
-3
-2
-1
-1
-2
-3
-3
-3
-3
-1
-1
-1
-1
-1
0
0
1
2
3
2
2
2
1
2
2
0
1
1
2
4
3
3
2
3
3
4
3
3
3
3
5
5
3
2
1
1
1
1
1
-1
0
-2
-2
-1
-3
-3
-1
-1
-2
-1
-2
0
0
-1
1
1
0
1
1
0
2
1
0
2
1
1
2
1
2
2
2
2
2
0
0
0
0
0
0
-2
-2
-3
-3
-4
-4
-4
-3
-4
-4
-3
-2
-3
-2
-2
-1
-1
-2
-3
-2
-1
0
1
1
1
0
0
1
0
1
1
2
3
1
0
0
2
2
3
4
3
3
3
4
3
3
0
0
0
-1
0
-1
-1
-1
-1
-1
-1
0
0
-2
-1
-1
-2
-1
-1
-1
-2
-1
-1
-1
-2
0
-2
-1
0
0
1
2
1
3
2
1
1
1
1
2
3
2
2
1
1
0
1
1
1
0
0
-1
0
-1
-1
-2
-2
-3
-2
-2
0
0
-1
0
1
2
1
0
0
-1
-1
-1
-2
-1
0
0
0
0
-1
0
-1
-1
-1
-1
-2
-1
-2
-2
-4
-2
-3
-1
0
-1
0
1
-1
-3
-2
0
-2
-1
-1
-1
-2
-1
-1
0
0
2
2
2
2
4
4
3
3
2
2
2
2
2
2
2
1
0
-1
0
-1
-1
-2
-2
-2
-2
-3
-2
-2
-3
-3
-3
-2
-1
-1
1
-1
1
1
1
0
0
0
0
2
1
3
3
3
3
2
3
3
3
2
1
1
2
2
3
2
3
3
2
0
-1
-3
-2
-1
-1
-1
-1
-1
1
0
0
0
-1
-1
0
1
2
1
2
3
2
2
2
2
2
2
1
1
-2
0
1
0
-1
-1
0
0
0
2
3
3
2
1
-1
0
-3
-3
-3
-3
-4
-3
-2
-3
-3
-2
-1
-1
-1
-2
0
-3
-3
-4
-4
-3
-2
-1
-2
-1
1
1
1
2
2
2
3
3
3
2
3
2
2
1
0
0
-1
-2
-2
-3
-2
-4
-3
-4
-3
-2
-3
-3
-3
-1
-2
-2
-3
-1
-3
-2
0
1
3
4
5
5
5
6
5
5
5
3
3
3
3
2
3
1
0
0
0
0
0
0
1
-1
-1
-1
-2
0
0
-1
-1
-2
-1
-2
-1
-3
-4
-4
-1
0
0
-1
-1
0
-1
0
0
0
0
0
2
0
-1
-1
0
-1
0
0
1
0
-1
-1
-2
-1
0
0
0
1
0
0
1
2
0
0
0
-1
0
0
-1
0
0
-1
0
-1
-1
-2
0
0
0
1
2
1
1
-1
-1
-1
-2
-2
-3
-2
-2
-1
-1
1
2
3
1
2
0
0
1
0
2
1
3
3
4
6
5
5
4
3
1
1
1
1
1
1
1
2
3
4
4
4
5
6
5
4
4
4
6
6
5
4
4
4
3
2
2
1
-1
-1
-3
-5
-5
-5
-6
-8
-9
-10
-9
-9
-9
-10
-10
-10
-12
-10
-11
-9
-7
-6
-5
-5
-3
0
0
1
2
2
2
3
5
6
7
7
7
7
6
5
6
4
4
5
3
3
4
5
6
7
6
5
4
3
1
-1
-2
-4
-5
-7
-7
-8
-8
-9
-8
-8
-8
-7
-7
-8
-9
-7
-8
-8
-7
-6
-5
-3
1
1
4
7
7
12
14
15
17
17
18
15
14
12
11
10
9
6
4
5
3
4
4
3
2
0
1
1
-1
-2
-4
-6
-8
-12
-14
-16
-19
-18
-18
-16
-15
-14
-13
-12
-11
-10
-9
-10
-11
-10
-8
-7
-4
-2
2
4
10
14
17
20
22
24
23
23
20
17
13
10
7
3
2
1
-1
-1
-1
-2
-4
-3
-3
-4
-6
-8
-9
-11
-10
-11
-9
-8
-8
-6
-4
-1
1
4
5
5
5
5
4
2
-2
-2
-3
-4
-5
-6
-5
-4
-4
-5
-3
-3
-4
-4
-4
-5
-4
-6
-6
-5
-4
-4
-3
-2
-2
0
1
2
3
3
3
4
4
4
3
1
1
1
1
3
3
3
3
6
6
6
6
6
5
3
3
2
2
3
3
3
4
5
5
6
9
9
9
9
9
9
7
7
5
4
4
2
0
0
-2
-1
-3
-5
-8
-10
-10
-11
-11
-11
-10
-11
-10
-9
-9
-8
-7
-6
-5
-5
-3
-4
-4
-1
-1
0
1
-1
-2
-2
-4
-3
1
2
4
5
6
7
8
9
11
11
14
14
16
18
19
20
22
23
23
25
23
21
19
17
15
12
10
5
1
-4
-9
-16
-21
-24
-27
-30
-33
-34
-37
-37
-38
-38
-37
-33
-31
-28
-24
-18
-16
-11
-5
1
7
13
20
24
27
32
35
32
33
28
26
25
22
17
11
7
3
1
0
-3
-6
-7
-9
-7
-10
-13
-13
-14
-14
-14
-12
-10
-9
-5
-1
7
13
15
20
24
24
23
22
20
13
7
3
-1
-9
-14
-15
-16
-16
-18
-20
-20
-22
-24
-26
-28
-31
-32
-34
-33
-32
-31
-26
-20
-15
-11
-3
6
16
21
28
35
40
39
38
39
36
31
27
24
20
17
14
14
16
15
17
17
15
12
8
5
2
-2
-5
-10
-14
-12
-12
-12
-11
-6
-5
-4
0
3
4
4
3
2
-1
-6
-11
-16
-23
-27
-31
-34
-36
-37
-39
-38
-36
-35
-35
-33
-25
-15
-8
-2
13
20
22
33
46
47
45
48
49
45
45
43
36
32
29
25
21
18
13
5
-1
-3
-10
-16
-17
-20
-27
-27
-21
-21
-20
-15
-5
0
7
14
19
21
23
22
18
14
9
0
-8
-15
-23
-32
-35
-38
-44
-49
-48
-49
-51
-49
-48
-41
-31
-22
-17
-4
11
18
27
43
51
47
53
60
58
56
53
46
37
33
29
20
12
7
-2
-8
-12
-15
-22
-24
-27
-30
-34
-33
-33
-30
-27
-18
-10
-2
7
11
17
21
24
25
24
17
9
1
-8
-17
-26
-36
-43
-47
-50
-50
-51
-50
-50
-43
-29
-20
-14
-1
14
20
28
42
50
48
50
58
58
58
58
51
48
43
39
32
26
20
9
1
-6
-10
-21
-31
-35
-38
-41
-42
-40
-38
-35
-27
-17
-8
1
7
13
19
21
22
20
16
11
4
-5
-11
-20
-28
-36
-45
-51
-58
-60
-62
-60
-47
-31
-15
-1
22
43
55
74
90
95
95
97
93
88
80
71
55
46
39
27
14
4
-5
-25
-36
-44
-51
-69
-76
-72
-66
-67
-56
-36
-15
2
25
52
66
67
62
56
41
13
-23
-60
-99
-141
-185
-216
-243
-275
-300
-277
-241
-230
-210
-137
-89
-80
-5
113
162
164
252
341
348
367
443
455
409
422
435
401
373
359
272
210
213
160
36
-10
-33
-151
-236
-215
-241
-348
-359
-310
-321
-327
-247
-205
-199
-143
-59
-24
19
62
56
54
83
47
-44
-85
-147
-270
-372
-405
-481
-571
-626
-645
-631
-601
-595
-563
-458
-406
-341
-132
85
119
228
491
609
630
839
1049
989
997
1153
1182
1064
1084
1043
848
735
715
545
333
259
89
-157
-256
-250
-471
-645
-642
-647
-774
-724
-582
-594
-604
-448
-290
-260
-145
-48
-45
-49
45
18
-68
-90
-143
-302
-409
-455
-621
-812
-910
-1008
-1150
-1198
-1141
-1099
-1065
-975
-721
-400
-197
-48
311
691
812
997
1417
1661
1563
1639
1841
1845
1709
1729
1666
1482
1346
1259
1074
870
680
347
68
-107
-307
-691
-911
-1043
-1239
-1444
-1371
-1257
-1298
-1233
-927
-626
-473
-214
75
231
295
426
475
396
288
136
-88
-262
-396
-635
-872
-961
-1081
-1300
-1410
-1412
-1486
-1549
-1470
-1430
-1305
-1026
-730
-589
-191
316
618
860
1372
1784
1837
2014
2306
2428
2309
2355
2265
2062
1869
1760
1498
1220
1023
701
405
228
49
-372
-643
-791
-1006
-1284
-1333
-1339
-1459
-1463
-1273
-1039
-876
-631
-364
-90
158
370
496
557
536
419
271
93
-174
-521
-802
-1024
-1275
-1565
-1742
-1854
-2035
-2180
-2155
-2179
-2280
-2101
-1689
-1434
-1179
-537
106
461
985
1778
2231
2372
2719
3090
3113
3043
3087
2912
2620
2484
2340
1983
1700
1480
1110
688
443
124
-411
-826
-1082
-1415
-1794
-1922
-1964
-2011
-1918
-1563
-1194
-830
-354
159
628
1050
1419
1619
1726
1759
1630
1332
1012
637
97
-384
-805
-1279
-1767
-2083
-2361
-2656
-2888
-3098
-3312
-3513
-3628
-3744
-3777
-3805
-3669
-3086
-2263
-1689
-943
368
1431
2043
2999
4238
4530
4400
4763
5024
4538
4075
3870
3276
2709
2468
2201
1612
1447
1236
684
294
273
-206
-1081
-1490
-1759
-2298
-2846
-2752
-2708
-2651
-2256
-1444
-725
-11
872
1660
2273
2764
3143
3084
2920
2541
1920
1155
451
-376
-1233
-1939
-2445
-2894
-3292
-3471
-3556
-3694
-3894
-3947
-4039
-4181
-4386
-4461
-4666
-4561
-3850
-2946
-2317
-1221
433
1671
2623
4138
5632
5864
5902
6348
6398
5588
5007
4431
3464
2622
2233
1717
1166
1073
782
372
314
432
-188
-894
-1261
-1680
-2520
-3014
-3028
-3165
-3193
-2704
-1759
-902
64
1099
2114
2910
3556
3821
3808
3558
2864
1923
1006
46
-1120
-2112
-2835
-3346
-3810
-4002
-3997
-3977
-3977
-3977
-3933
-3961
-4077
-4382
-4569
-4811
-4789
-4156
-3135
-2328
-1334
440
2044
3227
4710
6418
6844
6746
7069
7147
6245
5286
4597
3460
2459
1909
1539
915
725
623
442
360
450
87
-682
-1170
-1681
-2455
-3134
-3287
-3543
-3658
-3165
-2148
-1270
-297
919
2035
2902
3556
3988
3955
3564
2813
1932
898
-164
-1315
-2316
-3015
-3478
-3841
-4007
-3912
-3833
-3795
-3751
-3563
-3575
-3849
-4151
-4272
-4612
-4661
-3895
-2940
-2455
-1366
622
2051
3060
4824
6518
6646
6662
7240
7198
6075
5298
4578
3325
2361
1929
1414
710
684
556
309
269
478
-30
-766
-1103
-1618
-2435
-3021
-3155
-3579
-3637
-3042
-2122
-1417
-396
844
1880
2722
3425
3820
3642
3243
2554
1674
668
-327
-1446
-2433
-3012
-3361
-3763
-3962
-3814
-3768
-3833
-3694
-3450
-3637
-3996
-4097
-4342
-4508
-3930
-3158
-2810
-1930
-117
1222
2145
3897
5698
5983
6101
7010
7194
6215
5587
5170
3961
2921
2498
1921
1104
944
812
357
267
421
-101
-827
-980
-1386
-2311
-2870
-2871
-3282
-3536
-2905
-2063
-1587
-702
602
1572
2340
3116
3525
3391
3192
2660
1796
874
18
-1155
-2228
-2690
-3150
-3827
-4120
-3945
-4123
-4322
-4104
-3894
-4263
-4466
-4534
-4667
-4317
-3549
-3096
-2598
-1039
449
1325
2722
4805
5593
5654
6581
7416
6859
6103
5952
5175
4063
3348
2866
1971
1453
1128
608
246
210
-223
-989
-1189
-1435
-2231
-2968
-2940
-3137
-3494
-3151
-2260
-1742
-1159
40
1147
1893
2582
3199
3283
3215
2882
2206
1317
497
-549
-1734
-2406
-2867
-3590
-4222
-4226
-4275
-4531
-4606
-4324
-4414
-4669
-4838
-4726
-4163
-3556
-3199
-2533
-1018
207
1090
2571
4454
5185
5484
6456
7269
6985
6436
6188
5570
4782
4034
3334
2496
1958
1330
645
310
120
-565
-1317
-1426
-1642
-2408
-3004
-2964
-3146
-3374
-3000
-2212
-1670
-1058
-38
991
1821
2476
2965
3146
3180
2838
2162
1404
580
-510
-1667
-2361
-2914
-3651
-4247
-4374
-4484
-4654
-4713
-4602
-4628
-4740
-4824
-4745
-4161
-3460
-3042
-2444
-1026
287
1155
2509
4271
5136
5452
6330
7135
7001
6525
6236
5704
5005
4349
3624
2772
2167
1573
830
373
122
-516
-1348
-1667
-1807
-2437
-3074
-3139
-3216
-3372
-3018
-2254
-1651
-1006
-34
978
1833
2540
2996
3158
3157
2871
2183
1426
638
-436
-1578
-2291
-2817
-3553
-4110
-4274
-4421
-4655
-4720
-4730
-4822
-5100
-5283
-5010
-4423
-4004
-3599
-2575
-1299
-245
922
2655
4059
4806
5595
6607
7135
7019
6847
6487
5952
5323
4704
3928
3213
2551
1843
1265
915
454
-361
-921
-1311
-1831
-2501
-2941
-3207
-3528
-3592
-3229
-2633
-2088
-1325
-383
685
1601
2305
2805
3149
3154
2799
2283
1630
786
-322
-1258
-2002
-2684
-3407
-3867
-4126
-4369
-4617
-4759
-4885
-5038
-5370
-5684
-5295
-4620
-4337
-4046
-2737
-1368
-533
706
2743
4052
4580
5596
6818
7228
7007
6999
6732
6190
5581
5018
4258
3598
2929
2143
1618
1328
793
-178
-697
-1022
-1744
-2559
-2932
-3194
-3663
-3780
-3389
-2838
-2357
-1582
-600
452
1336
1969
2481
2870
2871
2473
2013
1448
595
-508
-1305
-1935
-2688
-3404
-3751
-3981
-4275
-4539
-4690
-4867
-5085
-5463
-5648
-5175
-4565
-4339
-3914
-2538
-1224
-397
910
2865
3979
4505
5563
6727
7022
6830
6819
6612
6201
5651
5101
4414
3873
3190
2414
1955
1632
944
-36
-531
-937
-1756
-2598
-2970
-3293
-3684
-3736
-3324
-2793
-2270
-1479
-529
477
1280
1821
2223
2572
2483
2072
1578
991
137
-886
-1577
-2130
-2796
-3410
-3685
-3864
-4075
-4305
-4439
-4612
-4830
-5247
-5284
-4753
-4280
-4160
-3506
-2161
-1072
-211
1257
2957
3747
4398
5518
6479
6592
6548
6519
6253
5905
5464
4877
4231
3788
3119
2425
2072
1752
920
61
-314
-820
-1735
-2478
-2783
-3228
-3553
-3471
-3056
-2613
-2067
-1256
-357
578
1322
1808
2164
2502
2323
1863
1418
830
-109
-1079
-1620
-2170
-2855
-3351
-3550
-3774
-4027
-4221
-4362
-4558
-4818
-5307
-5335
-4806
-4480
-4507
-3725
-2343
-1426
-576
1111
2753
3387
4172
5466
6390
6453
6536
6533
6273
5917
5498
4876
4289
3853
3123
2480
2240
1898
956
196
-84
-642
-1642
-2280
-2540
-3059
-3420
-3302
-2905
-2525
-1981
-1203
-257
691
1410
1914
2382
2761
2542
2089
1718
1129
86
-872
-1415
-2061
-2841
-3358
-3588
-3900
-4250
-4462
-4606
-4819
-5101
-5627
-5686
-5138
-4816
-4888
-4109
-2619
-1672
-835
965
2711
3403
4239
5645
6642
6723
6823
6822
6578
6160
5653
4975
4354
3859
3035
2338
2091
1713
707
-32
-257
-777
-1773
-2349
-2568
-3044
-3415
-3287
-2849
-2483
-1971
-1218
-186
782
1447
1968
2512
2861
2634
2242
1888
1246
177
-751
-1354
-2076
-2881
-3470
-3749
-4049
-4434
-4673
-4770
-4944
-5255
-5755
-5716
-5140
-4827
-4808
-3978
-2488
-1513
-637
1170
2884
3615
4477
5837
6776
6856
6942
6920
6679
6222
5665
4976
4348
3823
2992
2287
1992
1546
530
-193
-433
-963
-1925
-2466
-2681
-3115
-3442
-3269
-2798
-2438
-1957
-1183
-140
783
1393
1903
2395
2642
2416
2047
1680
1004
-8
-866
-1440
-2148
-2946
-3495
-3764
-4055
-4431
-4631
-4724
-4917
-5226
-5622
-5461
-4894
-4582
-4434
-3504
-2099
-1156
-239
1523
3070
3741
4606
5855
6609
6623
6679
6635
6374
5893
5392
4748
4170
3671
2946
2327
2017
1535
578
-89
-356
-908
-1809
-2309
-2522
-2939
-3219
-2990
-2517
-2166
-1713
-913
45
857
1413
1902
2284
2399
2167
1791
1375
686
-225
-1014
-1558
-2241
-3003
-3477
-3732
-4055
-4435
-4596
-4734
-5007
-5333
-5684
-5494
-4970
-4677
-4466
-3496
-2175
-1277
-317
1427
2886
3514
4410
5643
6328
6333
6398
6358
6115
5678
5260
4690
4189
3742
3102
2584
2305
1825
921
315
4
-604
-1495
-2018
-2277
-2725
-3018
-2802
-2347
-1987
-1539
-739
178
917
1450
1938
2285
2341
2080
1701
1272
549
-332
-1097
-1628
-2324
-3066
-3491
-3722
-4063
-4464
-4624
-4760
-5055
-5375
-5762
-5657
-5114
-4778
-4603
-3671
-2299
-1393
-464
1294
2894
3532
4384
5679
6460
6470
6531
6523
6243
5806
5365
4802
4288
3844
3176
2624
2372
1941
1038
430
148
-468
-1407
-1992
-2302
-2782
-3137
-3001
-2596
-2240
-1797
-1054
-134
612
1153
1656
2046
2161
1912
1552
1187
489
-404
-1176
-1694
-2356
-3074
-3467
-3621
-3906
-4281
-4433
-4485
-4729
-4996
-5366
-5423
-4956
-4541
-4419
-3712
-2348
-1396
-590
1005
2802
3565
4278
5549
6523
6609
6636
6719
6463
6006
5532
4989
4444
4000
3345
2708
2421
2097
1244
550
276
-250
-1210
-1882
-2248
-2756
-3208
-3213
-2930
-2658
-2252
-1581
-727
42
653
1193
1619
1845
1716
1372
1062
485
-379
-1170
-1711
-2329
-3030
-3449
-3574
-3791
-4085
-4221
-4218
-4374
-4555
-4847
-5032
-4695
-4241
-4115
-3702
-2456
-1445
-746
580
2444
3410
4021
5181
6285
6561
6562
6697
6525
6123
5646
5124
4575
4155
3569
2893
2528
2279
1545
771
427
16
-880
-1629
-2042
-2520
-3018
-3151
-2983
-2789
-2446
-1834
-1052
-300
366
947
1397
1687
1704
1419
1095
619
-179
-980
-1541
-2139
-2874
-3359
-3513
-3746
-4043
-4186
-4213
-4391
-4574
-4817
-5146
-4956
-4475
-4277
-4063
-2978
-1822
-1130
6
1937
3150
3686
4782
6023
6502
6524
6696
6613
6268
5851
5376
4795
4364
3861
3188
2746
2519
1868
1000
556
210
-630
-1503
-1963
-2415
-2934
-3149
-2994
-2804
-2499
-1925
-1147
-350
354
957
1463
1822
1900
1670
1325
875
117
-755
-1367
-1933
-2720
-3342
-3555
-3746
-4134
-4350
-4401
-4567
-4871
-5052
-5425
-5445
-4961
-4578
-4394
-3525
-2194
-1341
-367
1567
3225
3792
4739
6124
6889
6924
7101
7120
6760
6314
5899
5271
4665
4173
3511
2890
2596
2070
1124
497
172
-544
-1563
-2159
-2583
-3141
-3496
-3380
-3160
-2895
-2369
-1619
-779
17
683
1228
1716
1939
1782
1466
1083
451
-430
-1154
-1697
-2408
-3113
-3464
-3618
-3970
-4289
-4412
-4529
-4843
-5068
-5388
-5652
-5324
-4848
-4626
-4085
-2796
-1697
-844
767
2779
3727
4471
5837
6967
7232
7344
7514
7249
6787
6402
5872
5122
4559
4001
3280
2775
2401
1578
746
290
-231
-1222
-2089
-2567
-3094
-3641
-3754
-3542
-3321
-2917
-2230
-1384
-541
240
865
1453
1867
1908
1658
1336
861
105
-709
-1368
-1989
-2713
-3235
-3471
-3715
-4086
-4302
-4406
-4599
-4880
-5136
-5536
-5500
-5075
-4773
-4536
-3588
-2310
-1403
-232
1700
3207
3931
5065
6416
7133
7242
7444
7349
6970
6583
6188
5494
4849
4417
3786
3135
2785
2256
1345
674
226
-533
-1601
-2291
-2790
-3369
-3775
-3722
-3537
-3254
-2666
-1884
-1032
-199
534
1150
1677
1951
1859
1555
1197
626
-143
-908
-1502
-2169
-2811
-3176
-3428
-3787
-4114
-4277
-4461
-4787
-5050
-5516
-5827
-5522
-5099
-5029
-4493
-3193
-2119
-1189
472
2351
3312
4233
5632
6734
7062
7284
7350
7092
6821
6517
5931
5272
4936
4402
3675
3278
2951
2049
1132
658
52
-1077
-2007
-2562
-3130
-3700
-3881
-3769
-3555
-3037
-2359
-1541
-659
172
800
1358
1821
1906
1626
1316
899
201
-619
-1252
-1850
-2539
-3031
-3351
-3690
-4049
-4274
-4452
-4786
-5049
-5457
-5993
-5803
-5213
-5085
-4835
-3576
-2333
-1462
-21
2032
3269
4051
5371
6671
7202
7423
7583
7371
7134
6862
6322
5596
5247
4756
3931
3411
3187
2344
1238
698
231
-866
-1942
-2512
-3048
-3690
-4020
-3949
-3767
-3337
-2749
-1980
-1090
-203
443
1005
1570
1773
1550
1265
959
333
-494
-1161
-1701
-2378
-2963
-3322
-3626
-3989
-4275
-4425
-4692
-4979
-5309
-5869
-5777
-5162
-4913
-4770
-3640
-2335
-1477
-216
1824
3235
3949
5135
6483
7174
7384
7581
7443
7212
6925
6449
5708
5288
4813
3949
3303
3074
2328
1180
555
199
-753
-1887
-2454
-2909
-3550
-3945
-3872
-3687
-3342
-2844
-2117
-1238
-354
321
890
1511
1773
1606
1321
1059
474
-349
-1039
-1584
-2251
-2908
-3296
-3568
-3930
-4259
-4418
-4603
-4871
-5183
-5681
-5626
-5075
-4804
-4702
-3697
-2426
-1613
-481
1468
2952
3635
4739
6078
6866
7111
7345
7282
7119
6848
6430
5747
5304
4863
4014
3323
3066
2405
1301
629
297
-527
-1669
-2264
-2667
-3275
-3702
-3628
-3453
-3172
-2728
-2035
-1182
-323
357
926
1590
1918
1793
1516
1260
717
-100
-814
-1379
-2042
-2735
-3191
-3468
-3857
-4239
-4486
-4684
-4935
-5282
-5823
-5861
-5382
-5111
-5085
-4235
-2936
-2090
-1047
846
2486
3215
4291
5714
6645
6945
7261
7294
7196
6993
6625
5983
5488
5087
4305
3567
3250
2682
1595
848
475
-296
-1470
-2145
-2540
-3118
-3625
-3594
-3427
-3201
-2790
-2099
-1256
-422
287
869
1533
1950
1906
1637
1375
881
79
-709
-1344
-2016
-2749
-3292
-3583
-3986
-4405
-4674
-4848
-5050
-5323
-5842
-6008
-5559
-5175
-5133
-4470
-3117
-2123
-1150
653
2521
3398
4380
5865
6984
7329
7615
7720
7575
7339
6929
6251
5610
5137
4386
3569
3149
2661
1600
766
363
-323
-1478
-2252
-2653
-3175
-3743
-3848
-3677
-3462
-3081
-2446
-1573
-725
7
648
1332
1819
1868
1634
1405
991
242
-568
-1254
-1930
-2685
-3300
-3620
-3988
-4432
-4730
-4852
-4990
-5185
-5607
-5913
-5551
-5075
-4933
-4496
-3214
-2071
-1163
402
2387
3508
4361
5762
7053
7572
7789
7963
7812
7544
7121
6446
5697
5169
4466
3596
3046
2643
1690
757
309
-242
-1281
-2148
-2604
-3096
-3667
-3957
-3874
-3697
-3320
-2799
-1995
-1086
-328
339
1043
1622
1806
1626
1416
1125
462
-329
-1031
-1711
-2484
-3164
-3569
-3905
-4336
-4683
-4793
-4876
-5046
-5331
-5727
-5550
-5046
-4753
-4539
-3524
-2293
-1401
-174
1689
3102
3907
5107
6486
7312
7559
7789
7762
7560
7217
6671
5938
5404
4847
4035
3360
2992
2259
1249
674
249
-612
-1622
-2216
-2715
-3285
-3764
-3815
-3714
-3407
-2947
-2297
-1404
-592
93
753
1395
1735
1664
1420
1212
676
-84
-829
-1474
-2208
-2943
-3439
-3796
-4196
-4608
-4808
-4897
-5108
-5345
-5787
-5856
-5390
-4950
-4851
-4209
-2934
-1953
-943
695
2381
3342
4369
5745
6900
7335
7582
7697
7631
7404
6989
6329
5743
5287
4552
3757
3291
2770
1730
968
555
-88
-1161
-1947
-2446
-2962
-3511
-3717
-3625
-3395
-2953
-2428
-1612
-760
-25
573
1224
1714
1768
1514
1293
886
159
-682
-1395
-2056
-2831
-3423
-3827
-4230
-4629
-4927
-5047
-5195
-5367
-5734
-6035
-5632
-4983
-4783
-4486
-3262
-2075
-1144
258
2127
3376
4327
5584
6887
7565
7804
7910
7856
7679
7274
6602
5844
5376
4674
3761
3112
2734
1793
838
361
-123
-1072
-2014
-2548
-3006
-3503
-3829
-3785
-3567
-3147
-2673
-1969
-1078
-269
348
954
1587
1810
1609
1395
1085
486
-391
-1202
-1827
-2554
-3233
-3701
-4107
-4486
-4806
-5014
-5053
-5167
-5390
-5803
-5660
-4911
-4460
-4333
-3409
-2056
-1084
22
1822
3409
4310
5387
6683
7551
7834
7923
7840
7632
7263
6655
5771
5171
4604
3685
2854
2494
1836
792
158
-226
-957
-1963
-2563
-2978
-3439
-3788
-3861
-3675
-3308
-2834
-2255
-1436
-573
101
642
1304
1714
1599
1398
1134
717
-89
-962
-1571
-2233
-2940
-3475
-3868
-4238
-4550
-4814
-4814
-4876
-5029
-5331
-5517
-4992
-4341
-4120
-3582
-2317
-1223
-356
1106
2927
3920
4707
5955
6991
7375
7531
7585
7337
7022
6647
5967
5245
4823
4143
3283
2831
2486
1556
723
278
-231
-1221
-2042
-2479
-2985
-3440
-3697
-3632
-3379
-2938
-2453
-1750
-902
-115
372
961
1496
1538
1363
1047
703
71
-820
-1486
-2069
-2748
-3343
-3754
-4049
-4320
-4613
-4698
-4684
-4830
-5065
-5413
-5363
-4810
-4444
-4167
-3273
-2022
-1140
-71
1742
3221
3952
4960
6232
6951
7215
7403
7299
6952
6657
6233
5597
5073
4636
3919
3308
3037
2447
1576
941
522
-183
-1205
-1898
-2365
-2926
-3379
-3526
-3420
-3124
-2695
-2107
-1324
-474
167
685
1251
1500
1483
1213
784
271
-504
-1338
-2034
-2646
-3282
-3803
-4121
-4311
-4565
-4722
-4691
-4684
-4859
-5098
-5359
-5119
-4602
-4292
-3962
-2917
-1688
-783
563
2387
3676
4467
5638
6813
7448
7619
7642
7416
7070
6604
6059
5338
4806
4277
3588
3060
2645
1987
1192
661
207
-608
-1636
-2211
-2737
-3255
-3582
-3648
-3538
-3218
-2688
-2024
-1223
-426
244
822
1333
1545
1493
1161
755
217
-572
-1414
-2064
-2691
-3336
-3801
-4036
-4316
-4581
-4672
-4604
-4757
-4874
-5115
-5211
-4776
-4200
-4008
-3561
-2324
-1222
-264
1258
3008
3959
4899
6172
7242
7629
7755
7695
7475
7054
6563
5829
5075
4575
3882
3138
2595
2111
1256
548
81
-448
-1447
-2246
-2778
-3258
-3618
-3825
-3821
-3611
-3114
-2550
-1844
-1019
-225
360
1049
1584
1727
1526
1236
919
337
-493
-1262
-1904
-2586
-3259
-3676
-3968
-4338
-4655
-4696
-4751
-4922
-5104
-5375
-5142
-4514
-4112
-3964
-3090
-1867
-934
198
1959
3292
4104
5263
6585
7327
7570
7719
7657
7451
7115
6558
5731
5179
4596
3777
3049
2606
1838
863
243
-220
-1058
-2047
-2672
-3156
-3569
-3896
-3993
-3830
-3397
-2844
-2263
-1441
-554
77
715
1462
1877
1792
1522
1329
953
218
-607
-1337
-2008
-2762
-3405
-3809
-4206
-4655
-4937
-4987
-5134
-5350
-5736
-5763
-5176
-4620
-4482
-3925
-2672
-1584
-616
994
2720
3693
4656
6050
7183
7600
7868
7954
7877
7687
7284
6485
5766
5278
4506
3583
2997
2399
1272
371
-157
-820
-1878
-2662
-3136
-3576
-3952
-4157
-4019
-3639
-3075
-2554
-1812
-858
-90
487
1188
1797
1898
1636
1464
1222
566
-310
-1118
-1816
-2595
-3317
-3859
-4310
-4751
-5111
-5269
-5359
-5496
-5826
-6069
-5564
-4828
-4557
-4215
-2992
-1687
-750
648
2566
3821
4672
5946
7266
7890
8156
8291
8193
8033
7684
6965
6065
5535
4825
3803
2989
2495
1428
310
-341
-879
-1822
-2767
-3237
-3670
-4016
-4249
-4156
-3835
-3288
-2750
-2103
-1176
-291
316
885
1563
1863
1673
1485
1352
833
-34
-851
-1519
-2294
-3055
-3633
-4144
-4604
-4972
-5241
-5389
-5468
-5692
-6054
-5732
-4928
-4487
-4262
-3208
-1792
-822
340
2202
3635
4470
5630
6977
7757
8066
8259
8157
7998
7740
7180
6243
5631
5000
3986
2996
2478
1585
340
-412
-910
-1715
-2732
-3246
-3628
-3972
-4168
-4094
-3846
-3390
-2805
-2225
-1396
-508
176
673
1327
1766
1692
1506
1439
1087
305
-483
-1098
-1801
-2612
-3241
-3756
-4286
-4742
-5111
-5353
-5485
-5664
-6098
-5969
-5205
-4664
-4491
-3639
-2220
-1207
-190
1520
3044
3883
5002
6362
7271
7685
8009
8022
7949
7847
7472
6648
6027
5497
4562
3529
2924
2157
836
-38
-573
-1353
-2410
-3049
-3453
-3811
-4060
-4033
-3847
-3497
-2934
-2424
-1674
-814
-124
391
1075
1604
1647
1504
1493
1292
630
-129
-758
-1396
-2222
-2951
-3514
-4068
-4653
-5148
-5440
-5600
-5816
-6303
-6237
-5492
-4913
-4742
-3968
-2601
-1565
-583
1064
2591
3452
4535
5913
6892
7419
7843
7962
7987
8009
7727
6977
6410
5905
4993
3939
3303
2509
1177
204
-357
-1172
-2205
-2878
-3327
-3653
-3920
-3961
-3821
-3500
-3008
-2563
-1877
-1029
-407
96
806
1390
1470
1369
1377
1213
612
-128
-790
-1452
-2259
-3035
-3642
-4186
-4750
-5291
-5556
-5646
-5835
-6308
-6136
-5330
-4760
-4540
-3681
-2346
-1357
-356
1295
2734
3559
4620
5951
6880
7416
7858
7974
8014
8043
7751
6996
6490
5962
5001
3914
3292
2444
1131
173
-400
-1227
-2256
-2864
-3302
-3623
-3874
-3932
-3830
-3495
-3046
-2628
-1955
-1111
-530
-65
612
1199
1277
1190
1203
991
384
-327
-956
-1634
-2396
-3109
-3715
-4222
-4668
-5155
-5406
-5449
-5594
-6049
-5820
-4971
-4457
-4265
-3306
-1971
-1046
-47
1625
2952
3692
4786
6078
6880
7346
7799
7843
7840
7838
7503
6681
6212
5681
4684
3615
3035
2173
898
80
-466
-1298
-2321
-2861
-3268
-3627
-3861
-3904
-3826
-3474
-3000
-2586
-1895
-1051
-472
-15
635
1172
1225
1158
1163
879
240
-451
-1058
-1739
-2441
-3029
-3602
-4091
-4465
-4847
-5110
-5168
-5326
-5785
-5619
-4879
-4457
-4346
-3426
-2161
-1275
-281
1396
2682
3425
4584
5925
6718
7186
7681
7739
7739
7772
7454
6645
6235
5735
4765
3778
3274
2419
1165
417
-126
-1020
-2072
-2651
-3120
-3574
-3879
-3957
-3918
-3587
-3098
-2670
-1955
-1108
-514
-19
693
1206
1241
1192
1206
894
263
-411
-1015
-1696
-2372
-2916
-3451
-3925
-4347
-4710
-5003
-5099
-5356
-5800
-5620
-5015
-4724
-4571
-3633
-2469
-1593
-499
1184
2433
3280
4517
5859
6662
7185
7633
7701
7725
7749
7390
6619
6250
5721
4758
3842
3393
2516
1319
582
20
-937
-1974
-2557
-3074
-3551
-3878
-3974
-3919
-3577
-3090
-2639
-1902
-1061
-487
17
753
1239
1214
1130
1098
758
115
-550
-1158
-1834
-2524
-3087
-3599
-4020
-4422
-4793
-5071
-5131
-5417
-5791
-5447
-4801
-4610
-4363
-3285
-2156
-1335
-150
1550
2674
3546
4838
6108
6784
7317
7684
7698
7693
7665
7194
6411
6026
5440
4459
3564
3133
2204
1094
409
-145
-1119
-2092
-2605
-3117
-3574
-3853
-3937
-3860
-3511
-3026
-2569
-1841
-1017
-471
48
755
1205
1145
1040
970
593
-48
-670
-1268
-1921
-2595
-3152
-3636
-4030
-4352
-4676
-4922
-4961
-5222
-5549
-5152
-4438
-4300
-4053
-2936
-1813
-1077
83
1798
2833
3641
4944
6211
6785
7275
7632
7647
7590
7501
6964
6148
5707
5097
4114
3245
2836
1897
860
248
-236
-1173
-2087
-2519
-2987
-3446
-3708
-3764
-3716
-3405
-2967
-2500
-1798
-1009
-470
56
749
1165
1092
968
898
490
-172
-763
-1335
-1973
-2624
-3145
-3571
-3938
-4225
-4491
-4682
-4735
-5010
-5382
-5115
-4448
-4347
-4222
-3226
-2115
-1425
-377
1337
2429
3217
4497
5861
6510
7013
7447
7584
7585
7546
7091
6302
5867
5342
4421
3561
3204
2323
1281
667
224
-694
-1652
-2107
-2581
-3116
-3464
-3555
-3599
-3374
-3010
-2591
-1935
-1180
-616
-102
574
1026
999
877
839
506
-154
-749
-1284
-1902
-2573
-3080
-3469
-3834
-4157
-4424
-4589
-4688
-4964
-5417
-5312
-4712
-4553
-4560
-3685
-2542
-1818
-877
841
2097
2901
4147
5624
6430
6924
7423
7636
7693
7695
7363
6579
6114
5657
4787
3870
3497
2717
1576
898
478
-412
-1486
-2002
-2456
-3067
-3516
-3627
-3690
-3547
-3189
-2784
-2194
-1459
-847
-313
336
856
900
786
771
542
-83
-727
-1243
-1853
-2564
-3089
-3461
-3871
-4208
-4472
-4602
-4741
-4930
-5362
-5348
-4756
-4423
-4475
-3722
-2500
-1713
-877
770
2201
2976
4144
5646
6599
7043
7549
7781
7817
7798
7563
6771
6224
5800
4983
4012
3537
2878
1667
890
473
-325
-1490
-2110
-2544
-3190
-3735
-3920
-3968
-3896
-3548
-3118
-2590
-1868
-1199
-608
60
690
857
779
819
705
166
-511
-1017
-1597
-2309
-2861
-3235
-3700
-4066
-4339
-4462
-4639
-4789
-5196
-5292
-4742
-4276
-4331
-3779
-2548
-1692
-962
532
2115
2904
3949
5423
6501
6979
7490
7766
7812
7787
7657
6930
6317
5921
5188
4217
3619
3058
1864
979
520
-175
-1344
-2125
-2572
-3208
-3797
-4089
-4129
-4088
-3796
-3343
-2832
-2129
-1446
-825
-160
553
857
822
874
864
441
-238
-751
-1245
-1904
-2495
-2900
-3372
-3795
-4133
-4325
-4534
-4727
-5164
-5473
-5066
-4569
-4615
-4335
-3224
-2273
-1624
-338
1374
2317
3242
4721
5975
6589
7178
7603
7766
7842
7869
7354
6717
6388
5821
4922
4210
3735
2637
1625
1088
451
-704
-1730
-2271
-2927
-3580
-3980
-4092
-4106
-3902
-3483
-2997
-2322
-1626
-1019
-403
322
745
759
784
836
557
-93
-645
-1062
-1627
-2239
-2683
-3142
-3610
-4002
-4285
-4522
-4745
-5166
-5674
-5467
-4959
-4908
-4852
-3912
-2832
-2135
-1047
716
1912
2768
4213
5685
6486
7098
7679
7935
8068
8147
7817
7110
6720
6283
5443
4561
4056
3121
1960
1297
733
-327
-1548
-2223
-2864
-3568
-4035
-4222
-4297
-4163
-3766
-3306
-2669
-1913
-1255
-664
47
590
691
696
753
608
38
-567
-1001
-1506
-2100
-2579
-3035
-3514
-3901
-4221
-4445
-4651
-4963
-5528
-5514
-5007
-4772
-4822
-4102
-2963
-2140
-1197
461
1876
2737
4026
5588
6611
7201
7839
8145
8265
8309
8095
7339
6806
6420
5686
4694
4034
3273
2064
1224
667
-233
-1507
-2336
-2956
-3668
-4200
-4473
-4603
-4531
-4158
-3693
-3107
-2326
-1571
-927
-222
438
692
728
795
757
322
-283
-752
-1238
-1808
-2323
-2778
-3271
-3678
-4026
-4252
-4474
-4728
-5235
-5427
-5029
-4638
-4635
-4193
-3123
-2196
-1343
101
1662
2640
3754
5253
6486
7138
7775
8153
8263
8284
8170
7494
6836
6427
5791
4852
4034
3370
2237
1267
642
-131
-1304
-2264
-2879
-3564
-4127
-4490
-4672
-4656
-4365
-3901
-3365
-2620
-1843
-1125
-413
304
714
814
914
959
668
111
-375
-853
-1410
-1978
-2465
-2957
-3445
-3840
-4109
-4393
-4687
-5123
-5530
-5372
-4946
-4837
-4686
-3813
-2822
-2028
-843
799
1988
2978
4388
5833
6656
7323
7900
8104
8202
8263
7873
7207
6823
6321
5508
4636
4017
3044
1940
1225
510
-567
-1706
-2415
-3102
-3748
-4220
-4508
-4585
-4429
-4012
-3546
-2868
-2133
-1411
-678
57
587
755
872
979
830
328
-186
-662
-1209
-1798
-2342
-2819
-3372
-3818
-4111
-4431
-4773
-5113
-5621
-5733
-5292
-5000
-5043
-4429
-3328
-2475
-1533
101
1599
2551
3801
5405
6484
7121
7850
8213
8354
8489
8362
7703
7220
6834
6082
5109
4406
3650
2437
1526
852
-98
-1376
-2265
-2908
-3624
-4200
-4549
-4714
-4669
-4300
-3868
-3275
-2540
-1801
-1082
-332
319
599
694
832
831
412
-137
-603
-1147
-1734
-2309
-2774
-3324
-3820
-4128
-4410
-4742
-4997
-5434
-5766
-5416
-4888
-4899
-4615
-3504
-2460
-1673
-275
1487
2582
3607
5136
6497
7177
7845
8328
8516
8615
8598
8039
7371
6989
6322
5313
4435
3822
2697
1567
849
69
-1156
-2241
-2870
-3523
-4188
-4577
-4774
-4783
-4502
-4077
-3548
-2839
-2062
-1369
-652
89
527
630
737
847
573
0
-461
-962
-1565
-2183
-2659
-3181
-3728
-4105
-4351
-4639
-4876
-5165
-5572
-5450
-4831
-4582
-4536
-3671
-2467
-1646
-621
1136
2504
3398
4677
6175
7052
7600
8117
8398
8478
8466
8110
7358
6870
6337
5446
4452
3820
2933
1728
900
244
-766
-1952
-2687
-3227
-3888
-4358
-4588
-4623
-4466
-4098
-3622
-2976
-2227
-1534
-880
-149
453
655
729
868
794
293
-211
-651
-1193
-1840
-2357
-2832
-3393
-3878
-4195
-4457
-4768
-5011
-5438
-5625
-5180
-4736
-4747
-4311
-3179
-2210
-1426
24
1657
2641
3682
5194
6418
7033
7593
8042
8248
8301
8188
7587
7002
6628
5988
5041
4300
3667
2551
1570
933
135
-1054
-2021
-2614
-3266
-3873
-4247
-4391
-4391
-4143
-3764
-3264
-2564
-1851
-1210
-547
152
528
626
737
815
502
-43
-519
-1002
-1611
-2193
-2663
-3184
-3669
-4041
-4316
-4616
-4869
-5201
-5656
-5504
-4952
-4792
-4744
-3878
-2742
-1941
-878
785
2104
3029
4370
5881
6784
7368
7959
8267
8412
8448
8100
7387
6979
6529
5717
4781
4180
3306
2153
1373
704
-339
-1522
-2289
-2967
-3662
-4209
-4535
-4687
-4585
-4248
-3904
-3353
-2570
-1853
-1183
-458
157
411
534
699
655
223
-294
-763
-1315
-1908
-2438
-2917
-3424
-3770
-4072
-4318
-4599
-4791
-5230
-5483
-5071
-4617
-4610
-4272
-3171
-2167
-1326
-5
1616
2709
3786
5231
6527
7209
7841
8265
8443
8540
8445
7845
7195
6798
6162
5237
4379
3734
2664
1641
918
123
-1021
-2029
-2743
-3430
-4023
-4494
-4781
-4816
-4551
-4182
-3827
-3162
-2356
-1657
-973
-280
233
404
536
632
473
-11
-501
-1021
-1581
-2147
-2657
-3145
-3613
-3884
-4146
-4382
-4611
-4770
-5179
-5138
-4623
-4256
-4210
-3599
-2498
-1585
-669
777
2202
3168
4326
5686
6708
7303
7886
8103
8250
8288
8070
7355
6816
6361
5658
4707
3973
3269
2208
1323
617
-215
-1314
-2160
-2848
-3415
-3926
-4355
-4558
-4472
-4123
-3781
-3387
-2702
-1967
-1349
-749
-113
286
371
437
493
268
-238
-740
-1245
-1767
-2324
-2804
-3309
-3734
-3982
-4233
-4494
-4678
-4898
-5253
-5031
-4466
-4228
-4131
-3366
-2278
-1458
-444
1074
2292
3210
4443
5769
6587
7181
7641
7856
7986
8025
7683
6987
6565
6119
5417
4495
3907
3148
2161
1349
705
-210
-1280
-2055
-2697
-3228
-3777
-4175
-4320
-4170
-3825
-3499
-3052
-2373
-1697
-1141
-550
63
331
346
363
385
32
-540
-1060
-1517
-2064
-2634
-3059
-3541
-3869
-4106
-4282
-4509
-4664
-4944
-5215
-4829
-4292
-4158
-3996
-3040
-1953
-1165
-18
1541
2661
3589
4926
6231
6932
7440
7816
8018
8094
8031
7522
6855
6452
5939
5156
4265
3678
2825
1837
1079
390
-621
-1676
-2435
-3043
-3608
-4165
-4537
-4602
-4398
-4043
-3685
-3135
-2401
-1717
-1097
-419
179
394
439
484
432
-24
-605
-1095
-1555
-2141
-2678
-3085
-3523
-3805
-4029
-4164
-4371
-4520
-4815
-5002
-4580
-4117
-4016
-3753
-2707
-1661
-853
382
1926
3013
3985
5357
6594
7205
7666
7980
8144
8141
7948
7365
6723
6292
5653
4822
3934
3307
2370
1406
660
-110
-1102
-2138
-2839
-3405
-3949
-4483
-4758
-4684
-4445
-4070
-3665
-2996
-2289
-1600
-920
-239
290
492
617
655
515
31
-526
-988
-1463
-2045
-2586
-2995
-3410
-3738
-3968
-4090
-4309
-4475
-4726
-4855
-4479
-4047
-3907
-3571
-2543
-1523
-675
547
2074
3148
4133
5441
6588
7161
7602
7908
8048
7998
7751
7206
6592
6153
5481
4662
3804
3181
2247
1314
572
-201
-1161
-2175
-2812
-3370
-3913
-4432
-4621
-4510
-4303
-3945
-3517
-2824
-2161
-1456
-791
-162
332
561
700
721
567
75
-479
-956
-1412
-2022
-2587
-2996
-3432
-3830
-4072
-4192
-4434
-4615
-4843
-4987
-4660
-4209
-4047
-3720
-2717
-1682
-813
375
1960
3090
4067
5351
6493
7088
7529
7868
7991
7946
7713
7203
6572
6126
5482
4684
3839
3215
2339
1392
647
-104
-1053
-2069
-2722
-3294
-3869
-4393
-4588
-4509
-4349
-3992
-3523
-2841
-2121
-1368
-691
-63
475
746
832
859
708
194
-399
-910
-1392
-2037
-2614
-3025
-3466
-3870
-4113
-4242
-4424
-4605
-4802
-5000
-4704
-4216
-4003
-3740
-2784
-1687
-798
339
1950
3220
4176
5427
6622
7290
7688
8041
8141
8089
7837
7336
6629
6112
5468
4653
3756
3056
2235
1229
417
-356
-1267
-2306
-3039
-3612
-4181
-4694
-4931
-4862
-4694
-4313
-3796
-3102
-2311
-1493
-750
-60
563
912
1022
1084
995
549
-31
-523
-1019
-1647
-2244
-2661
-3098
-3528
-3818
-4010
-4173
-4396
-4594
-4878
-4730
-4280
-4008
-3836
-3064
-1956
-1042
-24
1489
2879
3877
5016
6290
7130
7592
7997
8189
8193
7993
7613
6922
6361
5743
4959
4006
3210
2413
1360
400
-438
-1333
-2409
-3279
-3923
-4527
-5069
-5364
-5340
-5174
-4804
-4262
-3576
-2719
-1848
-1011
-210
570
1058
1295
1461
1500
1219
735
294
-224
-854
-1507
-2009
-2528
-3062
-3491
-3847
-4111
-4436
-4701
-5057
-5152
-4836
-4489
-4281
-3778
-2722
-1678
-690
683
2216
3410
4488
5786
6953
7605
8090
8430
8542
8397
8132
7551
6856
6232
5456
4490
3490
2653
1607
480
-487
-1360
-2419
-3428
-4112
-4718
-5245
-5563
-5563
-5372
-4999
-4403
-3713
-2826
-1860
-924
-12
883
1544
1895
2138
2230
2062
1612
1095
469
-273
-1045
-1790
-2489
-3196
-3798
-4330
-4737
-5090
-5451
-5719
-5989
-5847
-5446
-4963
-4565
-3733
-2484
-1300
-64
1528
3131
4317
5536
6930
7985
8505
8948
9158
9062
8752
8318
7490
6634
5838
4879
3742
2669
1717
527
-603
-1529
-2441
-3516
-4328
-4885
-5394
-5706
-5742
-5554
-5193
-4568
-3779
-2923
-1881
-826
181
1125
1955
2457
2742
2891
2775
2364
1738
1042
177
-701
-1581
-2483
-3322
-4072
-4673
-5193
-5555
-5866
-6110
-6250
-6351
-6022
-5452
-4762
-4188
-3117
-1723
-403
977
2692
4276
5438
6718
7988
8817
9206
9482
9392
9076
8621
7923
6839
5850
4932
3844
2640
1589
592
-597
-1641
-2499
-3355
-4265
-4917
-5369
-5677
-5721
-5598
-5282
-4737
-3930
-3054
-2104
-1015
-2
959
1807
2516
2901
3105
3079
2788
2265
1542
734
-208
-1071
-2008
-2932
-3742
-4427
-4975
-5427
-5697
-5920
-6041
-6126
-6107
-5682
-5005
-4268
-3633
-2496
-1112
222
1617
3266
4733
5844
7039
8114
8809
9098
9178
8937
8608
8066
7217
6134
5200
4285
3198
2083
1110
124
-999
-1935
-2730
-3517
-4308
-4906
-5277
-5425
-5391
-5272
-4887
-4247
-3426
-2578
-1624
-602
314
1200
1967
2576
2867
2976
2838
2490
1934
1179
340
-567
-1400
-2320
-3188
-3898
-4509
-4986
-5348
-5518
-5671
-5780
-5839
-5733
-5243
-4560
-3874
-3226
-2090
-757
553
1903
3473
4837
5879
6978
7979
8563
8739
8717
8471
8106
7455
6603
5592
4692
3764
2734
1703
804
-138
-1156
-1992
-2715
-3407
-4104
-4610
-4867
-4934
-4914
-4754
-4284
-3636
-2875
-2026
-1102
-153
720
1569
2249
2735
2942
2954
2718
2302
1668
824
-61
-958
-1828
-2753
-3566
-4207
-4790
-5207
-5479
-5572
-5667
-5750
-5727
-5572
-5032
-4339
-3655
-2973
-1810
-498
791
2128
3677
4987
5962
7016
7983
8458
8552
8479
8170
7705
7008
6161
5130
4216
3285
2304
1297
456
-430
-1374
-2149
-2825
-3450
-4083
-4507
-4737
-4784
-4733
-4519
-4042
-3396
-2632
-1770
-844
104
979
1817
2495
2942
3122
3109
2854
2401
1721
851
-64
-978
-1840
-2731
-3509
-4134
-4696
-5096
-5340
-5412
-5477
-5537
-5484
-5342
-4852
-4180
-3475
-2806
-1720
-413
859
2141
3625
4933
5884
6851
7782
8254
8299
8172
7808
7287
6593
5735
4670
3730
2837
1902
896
84
-704
-1579
-2294
-2878
-3417
-3989
-4353
-4529
-4550
-4444
-4202
-3755
-3107
-2321
-1506
-623
314
1172
1939
2600
3041
3199
3154
2893
2423
1717
859
-71
-1003
-1826
-2659
-3423
-4029
-4531
-4921
-5160
-5209
-5238
-5270
-5203
-5045
-4643
-4031
-3333
-2694
-1764
-511
710
1900
3269
4541
5470
6343
7210
7706
7777
7657
7308
6782
6153
5357
4355
3439
2630
1772
839
79
-573
-1316
-1924
-2378
-2813
-3291
-3615
-3746
-3783
-3693
-3509
-3180
-2642
-1946
-1260
-540
268
1016
1663
2245
2655
2790
2715
2477
2043
1374
582
-286
-1185
-1968
-2703
-3420
-4011
-4424
-4746
-4972
-5005
-4959
-4961
-4892
-4720
-4438
-3949
-3280
-2667
-1957
-871
331
1453
2652
3924
4909
5712
6552
7181
7368
7281
7027
6547
5948
5253
4347
3407
2632
1897
1072
267
-296
-897
-1448
-1837
-2184
-2568
-2905
-3053
-3107
-3089
-2971
-2773
-2386
-1811
-1197
-582
55
758
1390
1952
2374
2588
2560
2352
1997
1456
722
-113
-982
-1793
-2527
-3212
-3843
-4340
-4644
-4861
-4978
-4943
-4875
-4868
-4758
-4573
-4225
-3665
-3017
-2415
-1598
-451
728
1862
3066
4267
5151
5933
6727
7220
7255
7055
6736
6197
5510
4749
3828
2913
2204
1531
759
44
-444
-996
-1465
-1798
-2113
-2487
-2759
-2867
-2943
-2939
-2823
-2571
-2163
-1607
-1016
-418
217
954
1590
2109
2477
2642
2568
2323
1939
1350
575
-275
-1120
-1908
-2636
-3317
-3906
-4351
-4620
-4801
-4884
-4847
-4803
-4780
-4682
-4499
-4082
-3492
-2885
-2283
-1364
-224
897
2034
3258
4350
5164
5928
6637
6981
6929
6681
6305
5742
5035
4258
3362
2557
1919
1312
613
63
-388
-885
-1270
-1536
-1834
-2178
-2393
-2524
-2620
-2624
-2514
-2243
-1852
-1365
-824
-240
408
1069
1630
2068
2355
2418
2297
2009
1576
931
163
-650
-1441
-2175
-2871
-3478
-3948
-4276
-4509
-4623
-4641
-4575
-4531
-4454
-4339
-4143
-3686
-3130
-2605
-2013
-1083
-56
954
2038
3162
4072
4788
5459
6026
6220
6147
5883
5515
5021
4409
3730
2996
2410
1900
1412
880
505
112
-299
-588
-818
-1126
-1483
-1707
-1891
-2040
-2103
-2070
-1850
-1544
-1173
-740
-208
364
876
1317
1675
1888
1897
1757
1476
1037
428
-255
-958
-1665
-2333
-2956
-3462
-3832
-4083
-4281
-4354
-4334
-4276
-4265
-4199
-4066
-3899
-3516
-3034
-2562
-2020
-1175
-183
797
1822
2895
3791
4499
5125
5680
5872
5826
5604
5289
4858
4325
3742
3091
2584
2120
1686
1205
865
503
108
-192
-454
-798
-1245
-1545
-1781
-2003
-2145
-2182
-2020
-1751
-1369
-958
-426
185
725
1173
1566
1862
1931
1840
1587
1180
593
-70
-772
-1512
-2211
-2858
-3397
-3826
-4108
-4312
-4414
-4402
-4377
-4392
-4399
-4263
-4140
-3844
-3393
-2909
-2419
-1647
-599
424
1461
2590
3631
4456
5173
5860
6193
6233
6112
5862
5477
4953
4383
3666
3094
2564
2068
1498
1062
667
202
-170
-516
-876
-1392
-1767
-2042
-2304
-2488
-2573
-2437
-2191
-1758
-1310
-750
-73
575
1107
1534
1935
2066
2023
1795
1427
848
138
-608
-1400
-2132
-2822
-3416
-3907
-4249
-4448
-4592
-4582
-4560
-4521
-4569
-4437
-4311
-4078
-3632
-3103
-2601
-1934
-887
163
1190
2299
3412
4292
5053
5808
6293
6414
6384
6204
5893
5414
4892
4196
3570
3056
2529
1935
1397
1000
491
71
-328
-702
-1207
-1630
-1914
-2177
-2371
-2486
-2391
-2179
-1803
-1367
-872
-259
360
889
1277
1657
1804
1750
1536
1180
654
-47
-773
-1536
-2232
-2892
-3455
-3958
-4319
-4515
-4665
-4679
-4646
-4551
-4562
-4460
-4303
-4124
-3715
-3158
-2621
-2042
-1092
-27
953
1966
3069
3975
4698
5416
6013
6227
6262
6138
5909
5510
5060
4488
3858
3400
2921
2378
1784
1394
908
435
30
-358
-800
-1258
-1562
-1855
-2071
-2218
-2174
-2004
-1711
-1339
-940
-412
146
654
1023
1362
1579
1542
1359
1037
570
-73
-768
-1493
-2178
-2851
-3423
-3909
-4316
-4544
-4700
-4782
-4747
-4638
-4595
-4559
-4387
-4256
-3963
-3422
-2816
-2325
-1516
-416
659
1613
2707
3781
4567
5269
5958
6340
6415
6349
6128
5795
5320
4824
4144
3601
3155
2665
2015
1530
1139
596
123
-272
-669
-1170
-1545
-1881
-2158
-2353
-2387
-2248
-1990
-1589
-1187
-692
-83
516
984
1363
1689
1808
1683
1394
999
414
-298
-1047
-1788
-2509
-3198
-3758
-4225
-4570
-4762
-4900
-4935
-4855
-4751
-4773
-4679
-4498
-4354
-3972
-3331
-2706
-2132
-1132
88
1218
2236
3431
4501
5275
6001
6608
6828
6805
6610
6287
5820
5286
4676
3904
3361
2896
2361
1655
1255
843
297
-184
-560
-964
-1485
-1841
-2185
-2399
-2575
-2535
-2363
-2036
-1581
-1158
-595
31
631
1048
1415
1685
1729
1527
1165
746
103
-620
-1374
-2082
-2763
-3401
-3918
-4339
-4608
-4761
-4841
-4826
-4712
-4623
-4640
-4456
-4272
-4085
-3656
-2983
-2336
-1702
-660
527
1618
2622
3786
4756
5497
6175
6660
6815
6738
6499
6123
5612
5096
4446
3707
3198
2743
2176
1507
1174
763
226
-251
-566
-962
-1472
-1819
-2089
-2269
-2423
-2374
-2229
-1913
-1517
-1131
-592
-22
495
828
1162
1405
1406
1151
778
365
-287
-984
-1697
-2355
-2996
-3581
-4032
-4408
-4613
-4747
-4769
-4698
-4519
-4380
-4299
-4031
-3800
-3579
-3133
-2453
-1788
-1179
-224
867
1854
2777
3839
4725
5392
5996
6427
6579
6495
6278
5897
5417
4924
4309
3597
3099
2636
2076
1448
1115
724
180
-268
-545
-908
-1416
-1725
-1932
-2110
-2278
-2275
-2165
-1914
-1577
-1234
-761
-240
221
527
829
1098
1100
861
518
137
-460
-1141
-1807
-2444
-3042
-3601
-4009
-4327
-4512
-4605
-4608
-4475
-4248
-4026
-3859
-3616
-3310
-3143
-2758
-2105
-1441
-932
-137
917
1846
2665
3665
4597
5218
5764
6259
6431
6346
6166
5801
5374
4881
4345
3581
3069
2614
2097
1471
1088
779
229
-197
-505
-801
-1328
-1661
-1878
-2091
-2285
-2387
-2294
-2118
-1804
-1492
-1071
-581
-96
246
520
825
870
681
357
30
-482
-1111
-1737
-2332
-2875
-3380
-3756
-3991
-4142
-4199
-4157
-4026
-3783
-3568
-3382
-3245
-2950
-2814
-2618
-2098
-1437
-996
-436
529
1495
2247
3103
4125
4809
5284
5779
6087
6022
5880
5573
5208
4762
4342
3684
3134
2773
2340
1803
1350
1160
694
257
-100
-350
-857
-1330
-1619
-1911
-2187
-2431
-2458
-2380
-2178
-1943
-1612
-1202
-722
-335
-60
261
437
339
111
-124
-461
-973
-1481
-1952
-2394
-2799
-3126
-3270
-3367
-3398
-3344
-3234
-3072
-2910
-2799
-2789
-2653
-2550
-2537
-2295
-1745
-1314
-988
-244
702
1518
2219
3214
4058
4579
5028
5489
5612
5532
5337
5051
4691
4348
3899
3354
3001
2655
2222
1714
1506
1189
737
310
13
-415
-1005
-1435
-1803
-2174
-2532
-2712
-2722
-2642
-2463
-2209
-1856
-1399
-910
-556
-201
145
248
188
54
-86
-438
-849
-1213
-1578
-1920
-2244
-2400
-2521
-2582
-2613
-2557
-2540
-2478
-2443
-2512
-2567
-2547
-2620
-2646
-2319
-1844
-1572
-1130
-302
596
1338
2178
3167
3868
4376
4865
5309
5386
5323
5132
4900
4590
4308
3868
3429
3113
2757
2297
1859
1643
1215
716
262
-116
-728
-1361
-1852
-2292
-2728
-3096
-3219
-3232
-3103
-2859
-2522
-2080
-1520
-992
-594
-120
258
411
411
376
249
-100
-443
-768
-1098
-1452
-1709
-1899
-2097
-2225
-2316
-2344
-2429
-2451
-2543
-2665
-2744
-2767
-2926
-2930
-2540
-2080
-1810
-1293
-405
480
1213
2140
3146
3829
4352
4892
5379
5455
5403
5233
5055
4767
4514
4045
3616
3319
2949
2447
1978
1719
1181
599
98
-354
-1076
-1763
-2268
-2727
-3159
-3492
-3560
-3509
-3267
-2933
-2520
-1958
-1307
-743
-308
232
658
814
841
822
689
319
-37
-366
-733
-1115
-1425
-1682
-1953
-2145
-2349
-2456
-2586
-2682
-2848
-2974
-3049
-3097
-3234
-3240
-2861
-2379
-2070
-1572
-671
245
976
1887
2963
3686
4211
4786
5349
5481
5454
5341
5191
4921
4668
4215
3759
3482
3088
2525
2007
1699
1091
394
-152
-642
-1400
-2120
-2599
-3032
-3425
-3697
-3705
-3564
-3244
-2843
-2386
-1733
-1027
-445
38
608
1049
1209
1256
1252
1125
759
406
83
-320
-743
-1095
-1390
-1698
-1936
-2225
-2413
-2583
-2740
-2943
-3097
-3204
-3291
-3378
-3388
-3069
-2609
-2255
-1783
-937
-29
712
1549
2595
3350
3867
4438
5012
5233
5255
5207
5055
4844
4596
4196
3728
3419
3000
2391
1816
1438
828
92
-482
-961
-1614
-2266
-2676
-3019
-3310
-3490
-3446
-3256
-2912
-2494
-2069
-1444
-777
-197
269
801
1230
1384
1458
1451
1338
1011
675
334
-62
-507
-920
-1237
-1559
-1819
-2126
-2380
-2557
-2747
-2961
-3106
-3219
-3349
-3406
-3457
-3248
-2818
-2389
-2032
-1302
-424
358
1097
2070
2945
3483
4009
4607
5009
5075
5096
5011
4853
4628
4319
3843
3463
3050
2508
1860
1408
937
250
-333
-788
-1238
-1865
-2262
-2542
-2784
-2973
-2993
-2825
-2598
-2219
-1847
-1364
-797
-234
269
697
1164
1411
1487
1525
1468
1199
845
501
82
-385
-845
-1240
-1621
-1948
-2252
-2544
-2776
-2953
-3142
-3313
-3380
-3490
-3565
-3603
-3589
-3297
-2815
-2377
-1999
-1190
-338
447
1224
2219
3037
3544
4124
4720
5054
5079
5100
5023
4859
4597
4249
3750
3352
2892
2347
1731
1328
844
212
-291
-687
-1122
-1754
-2062
-2317
-2534
-2716
-2721
-2545
-2346
-1984
-1632
-1153
-646
-107
374
802
1243
1452
1543
1591
1529
1221
885
552
113
-378
-840
-1230
-1682
-2044
-2403
-2708
-2948
-3160
-3351
-3522
-3576
-3698
-3746
-3765
-3713
-3410
-2923
-2471
-2073
-1260
-392
414
1184
2169
2996
3553
4147
4732
5066
5111
5138
5089
4932
4662
4314
3817
3396
2936
2425
1832
1401
908
308
-215
-629
-1102
-1735
-2035
-2289
-2531
-2736
-2741
-2587
-2405
-2062
-1676
-1207
-718
-157
351
814
1246
1509
1658
1726
1670
1396
1106
791
356
-150
-605
-1014
-1509
-1926
-2306
-2623
-2919
-3186
-3394
-3588
-3704
-3855
-3915
-3955
-3973
-3707
-3262
-2826
-2441
-1662
-766
39
789
1794
2718
3347
4002
4619
5054
5175
5253
5232
5101
4852
4512
4013
3583
3186
2674
2060
1615
1162
550
-29
-466
-930
-1569
-1936
-2184
-2486
-2738
-2774
-2662
-2484
-2132
-1696
-1227
-690
-77
467
956
1452
1763
1948
2039
1995
1722
1354
1034
581
10
-538
-1002
-1546
-2035
-2451
-2827
-3169
-3482
-3704
-3925
-4053
-4177
-4320
-4312
-4368
-4228
-3830
-3295
-2918
-2266
-1296
-379
404
1386
2534
3299
3985
4715
5315
5529
5620
5651
5544
5272
4938
4407
3899
3477
2980
2310
1742
1346
740
107
-406
-795
-1417
-1927
-2188
-2457
-2754
-2878
-2773
-2626
-2301
-1855
-1349
-777
-125
517
1030
1583
1995
2203
2327
2361
2173
1732
1347
923
363
-310
-876
-1434
-2028
-2518
-2959
-3374
-3729
-3984
-4209
-4369
-4449
-4595
-4640
-4576
-4558
-4309
-3786
-3206
-2765
-1917
-877
90
941
2121
3216
3960
4684
5424
5889
5970
6046
5976
5773
5381
4956
4299
3789
3276
2680
1949
1426
970
287
-299
-784
-1215
-1875
-2238
-2500
-2767
-2990
-2986
-2830
-2617
-2188
-1711
-1127
-499
212
827
1368
1904
2217
2368
2452
2414
2099
1641
1232
710
78
-623
-1217
-1843
-2445
-2915
-3378
-3773
-4086
-4288
-4476
-4552
-4635
-4715
-4651
-4559
-4432
-4097
-3485
-2922
-2361
-1426
-381
569
1513
2700
3678
4415
5086
5714
6017
6051
6040
5857
5576
5143
4626
3959
3451
2889
2269
1622
1182
696
75
-414
-815
-1263
-1813
-2108
-2361
-2584
-2730
-2681
-2503
-2244
-1813
-1333
-750
-132
518
1097
1618
2069
2297
2411
2428
2317
1938
1479
1022
467
-196
-905
-1499
-2131
-2703
-3188
-3600
-3957
-4250
-4451
-4609
-4673
-4762
-4779
-4757
-4609
-4495
-4195
-3622
-2971
-2405
-1560
-454
542
1493
2589
3678
4420
5059
5656
6037
6058
5996
5785
5473
5046
4570
3944
3363
2834
2287
1714
1217
832
275
-195
-588
-940
-1474
-1855
-2086
-2282
-2466
-2537
-2322
-2106
-1728
-1257
-664
-85
561
1198
1746
2208
2500
2657
2646
2536
2210
1664
1124
570
-101
-878
-1567
-2161
-2775
-3313
-3755
-4072
-4427
-4643
-4838
-4974
-5066
-5100
-5095
-5054
-4884
-4727
-4289
-3620
-2886
-2216
-1160
76
1147
2174
3393
4428
5122
5726
6324
6555
6489
6305
5973
5552
5038
4532
3813
3258
2698
2201
1574
1139
702
156
-304
-704
-1088
-1693
-2014
-2265
-2435
-2640
-2608
-2380
-2100
-1651
-1104
-462
147
839
1476
2015
2459
2701
2793
2696
2502
2034
1387
774
124
-629
-1475
-2155
-2788
-3374
-3892
-4263
-4577
-4871
-5027
-5178
-5258
-5304
-5263
-5205
-5055
-4812
-4573
-4019
-3241
-2424
-1675
-506
771
1892
2952
4163
5140
5749
6287
6770
6915
6736
6429
5983
5487
4886
4274
3518
2956
2389
1860
1254
856
415
-96
-516
-869
-1264
-1828
-2088
-2291
-2400
-2529
-2398
-2144
-1775
-1267
-679
-44
561
1209
1748
2211
2536
2645
2592
2387
2074
1495
802
132
-553
-1327
-2122
-2773
-3378
-3892
-4318
-4615
-4878
-5079
-5149
-5192
-5170
-5113
-4986
-4823
-4532
-4185
-3871
-3241
-2424
-1595
-874
238
1409
2428
3357
4405
5230
5674
6074
6385
6450
6184
5818
5348
4849
4261
3610
2933
2424
1938
1442
941
657
312
-99
-429
-661
-983
-1432
-1621
-1746
-1798
-1870
-1705
-1438
-1081
-600
-96
495
994
1530
1900
2261
2451
2428
2235
1941
1567
935
236
-479
-1150
-1897
-2626
-3246
-3785
-4240
-4603
-4849
-5027
-5147
-5162
-5106
-4978
-4830
-4660
-4428
-4099
-3660
-3332
-2768
-1991
-1142
-514
389
1504
2454
3261
4127
4971
5354
5677
5914
6031
5764
5405
4963
4501
3983
3389
2754
2259
1882
1445
1041
746
572
251
-6
-215
-418
-800
-1059
-1157
-1249
-1342
-1365
-1167
-915
-587
-203
235
700
1088
1425
1671
1869
1862
1647
1382
996
487
-225
-891
-1550
-2200
-2867
-3470
-3910
-4297
-4573
-4778
-4840
-4849
-4811
-4671
-4488
-4233
-4046
-3795
-3512
-3111
-2747
-2389
-1764
-997
-302
242
1194
2166
2955
3625
4469
5045
5290
5519
5717
5662
5315
4954
4532
4101
3615
3107
2566
2233
1898
1561
1244
1074
868
586
369
179
-127
-553
-783
-949
-1127
-1328
-1389
-1287
-1128
-912
-632
-286
49
343
582
767
863
763
568
316
-46
-548
-1142
-1651
-2160
-2652
-3151
-3499
-3765
-3966
-4080
-4106
-4049
-3990
-3873
-3716
-3505
-3312
-3160
-2952
-2715
-2416
-2183
-1835
-1280
-606
-90
461
1340
2171
2833
3453
4225
4636
4867
5067
5269
5170
4907
4622
4287
3947
3558
3182
2764
2540
2223
1959
1681
1510
1227
906
667
372
-48
-543
-823
-1127
-1393
-1657
-1761
-1733
-1638
-1448
-1202
-866
-563
-236
17
243
345
301
201
26
-213
-614
-1011
-1385
-1722
-2094
-2417
-2656
-2874
-3025
-3127
-3147
-3199
-3208
-3220
-3194
-3133
-3093
-3051
-2999
-2854
-2713
-2523
-2313
-1845
-1278
-742
-242
533
1377
2046
2680
3388
3981
4275
4565
4829
4951
4840
4672
4462
4243
3990
3716
3374
3124
2872
2592
2276
2013
1694
1232
866
493
25
-595
-1031
-1401
-1754
-2061
-2235
-2236
-2174
-1978
-1712
-1351
-963
-591
-250
66
328
411
400
339
236
4
-334
-615
-936
-1232
-1562
-1816
-2107
-2365
-2546
-2715
-2849
-3032
-3145
-3272
-3324
-3365
-3398
-3403
-3328
-3187
-3031
-2823
-2513
-1953
-1332
-752
-154
736
1600
2285
2988
3779
4342
4634
4983
5317
5408
5256
5071
4903
4653
4361
4001
3595
3297
2941
2549
2095
1776
1270
698
235
-189
-772
-1454
-1842
-2210
-2529
-2822
-2850
-2750
-2596
-2322
-1952
-1479
-1050
-626
-270
132
398
499
519
515
453
190
-97
-374
-681
-1020
-1348
-1616
-1952
-2243
-2473
-2656
-2830
-3043
-3183
-3292
-3337
-3392
-3392
-3353
-3204
-3075
-2872
-2619
-2232
-1634
-986
-375
280
1224
2059
2765
3519
4316
4798
5105
5477
5749
5740
5537
5320
5079
4723
4341
3862
3388
2999
2536
2025
1506
1119
491
-121
-621
-1076
-1733
-2338
-2658
-2993
-3241
-3413
-3266
-3051
-2757
-2339
-1841
-1276
-779
-297
93
535
774
884
913
923
830
517
252
-73
-422
-821
-1145
-1478
-1870
-2191
-2494
-2728
-2966
-3200
-3369
-3463
-3525
-3576
-3527
-3433
-3196
-3037
-2736
-2410
-1946
-1293
-593
92
779
1719
2503
3221
3926
4655
5066
5344
5670
5835
5764
5514
5259
4923
4504
4086
3550
3018
2560
2044
1489
958
533
-84
-653
-1130
-1538
-2098
-2563
-2793
-3027
-3143
-3188
-2957
-2717
-2361
-1897
-1414
-907
-461
-2
313
667
851
930
909
874
777
454
192
-135
-497
-913
-1226
-1591
-2009
-2333
-2652
-2936
-3203
-3402
-3542
-3603
-3626
-3593
-3467
-3310
-3001
-2753
-2383
-2014
-1573
-916
-195
489
1079
1920
2665
3343
3930
4589
5024
5229
5494
5650
5590
5316
5033
4684
4260
3848
3318
2736
2272
1775
1246
705
301
-220
-727
-1155
-1495
-1896
-2332
-2532
-2691
-2769
-2828
-2649
-2469
-2190
-1813
-1433
-1018
-667
-243
12
303
505
590
564
524
498
242
-2
-253
-557
-946
-1265
-1580
-1981
-2300
-2554
-2807
-3052
-3207
-3283
-3308
-3266
-3153
-2976
-2807
-2500
-2210
-1860
-1501
-1166
-616
39
662
1102
1759
2448
3086
3583
4153
4658
4848
5040
5218
5246
4998
4714
4415
4044
3640
3159
2584
2134
1695
1195
667
256
-180
-662
-1067
-1405
-1725
-2164
-2436
-2591
-2709
-2826
-2763
-2623
-2433
-2135
-1814
-1423
-1078
-650
-319
9
336
534
629
674
746
627
432
272
37
-309
-667
-961
-1337
-1690
-1942
-2183
-2428
-2617
-2704
-2770
-2760
-2689
-2593
-2499
-2317
-2086
-1854
-1577
-1366
-989
-455
109
479
964
1616
2256
2783
3310
3900
4203
4405
4616
4784
4693
4475
4250
3986
3636
3217
2710
2259
1860
1398
879
406
10
-482
-917
-1304
-1616
-2048
-2426
-2630
-2792
-2945
-3014
-2910
-2756
-2492
-2172
-1761
-1345
-881
-393
36
488
859
1126
1282
1413
1417
1266
1118
915
589
170
-198
-574
-1012
-1366
-1686
-1968
-2232
-2418
-2560
-2657
-2664
-2704
-2698
-2662
-2522
-2387
-2226
-2044
-1851
-1467
-947
-450
-75
539
1241
1900
2470
3111
3658
3960
4225
4455
4589
4468
4293
4054
3794
3411
2990
2509
2085
1674
1197
691
257
-141
-637
-1039
-1404
-1753
-2203
-2514
-2712
-2865
-2969
-2982
-2796
-2551
-2184
-1747
-1226
-710
-131
451
956
1428
1797
2046
2143
2180
2045
1798
1532
1180
725
220
-227
-705
-1183
-1608
-1961
-2263
-2536
-2746
-2919
-2992
-3048
-3096
-3104
-3054
-2925
-2801
-2634
-2431
-2201
-1780
-1195
-647
-164
552
1313
2017
2616
3291
3815
4103
4338
4519
4575
4378
4153
3835
3524
3077
2636
2126
1691
1254
754
287
-125
-505
-978
-1325
-1671
-1990
-2379
-2626
-2750
-2832
-2845
-2741
-2421
-2074
-1605
-1054
-456
125
750
1348
1833
2257
2547
2704
2709
2642
2391
2037
1661
1193
653
74
-435
-978
-1489
-1942
-2309
-2644
-2947
-3192
-3381
-3458
-3534
-3566
-3566
-3480
-3337
-3167
-2935
-2656
-2330
-1829
-1175
-570
28
797
1578
2269
2882
3537
4001
4262
4459
4587
4545
4303
4010
3640
3265
2790
2322
1799
1365
897
421
-10
-380
-749
-1146
-1442
-1735
-2000
-2299
-2448
-2512
-2511
-2434
-2196
-1824
-1421
-909
-326
274
856
1452
1954
2369
2672
2850
2894
2818
2641
2285
1856
1384
850
254
-339
-881
-1431
-1925
-2353
-2712
-3051
-3334
-3568
-3742
-3824
-3892
-3902
-3886
-3775
-3600
-3366
-3061
-2709
-2313
-1765
-1085
-433
198
928
1692
2358
2937
3496
3926
4170
4317
4403
4363
4141
3820
3458
3097
2661
2207
1716
1291
866
433
40
-293
-619
-950
-1211
-1444
-1644
-1862
-1966
-1998
-1954
-1846
-1616
-1261
-864
-400
97
643
1182
1679
2106
2438
2670
2762
2743
2632
2409
2047
1580
1077
523
-66
-662
-1214
-1731
-2206
-2628
-2995
-3293
-3536
-3718
-3860
-3933
-3953
-3941
-3881
-3767
-3568
-3297
-2975
-2616
-2208
-1750
-1134
-475
184
786
1469
2165
2743
3223
3643
3959
4095
4161
4176
4078
3811
3494
3168
2827
2402
1969
1527
1141
755
383
29
-257
-539
-824
-1042
-1241
-1386
-1561
-1613
-1611
-1531
-1408
-1181
-842
-472
-53
354
820
1243
1636
1954
2158
2275
2257
2164
1979
1710
1327
855
360
-172
-713
-1259
-1744
-2206
-2614
-2994
-3302
-3528
-3704
-3810
-3897
-3889
-3837
-3740
-3609
-3398
-3114
-2784
-2429
-2043
-1607
-1157
-560
63
678
1207
1823
2448
2955
3356
3691
3944
4038
4076
4054
3935
3673
3388
3066
2721
2306
1895
1477
1113
759
421
103
-143
-375
-617
-785
-948
-1049
-1188
-1215
-1201
-1130
-1022
-841
-563
-264
73
376
735
1040
1327
1537
1643
1677
1593
1463
1234
940
547
102
-353
-830
-1301
-1775
-2181
-2571
-2891
-3185
-3394
-3528
-3621
-3639
-3632
-3521
-3383
-3193
-2975
-2689
-2367
-2033
-1679
-1318
-916
-527
-35
457
940
1365
1845
2328
2718
3030
3280
3474
3546
3563
3515
3408
3195
2952
2658
2348
2001
1662
1326
1037
764
505
276
99
-48
-204
-314
-430
-506
-614
-665
-691
-685
-651
-570
-412
-221
8
219
478
700
906
1060
1149
1183
1127
1020
818
549
198
-186
-580
-987
-1386
-1786
-2137
-2461
-2719
-2938
-3090
-3184
-3235
-3223
-3173
-3050
-2900
-2705
-2487
-2233
-1965
-1690
-1402
-1107
-797
-478
-123
256
645
1027
1408
1803
2163
2483
2747
2956
3091
3144
3142
3089
2979
2801
2593
2348
2095
1823
1556
1306
1079
856
649
463
297
150
5
-128
-262
-391
-525
-634
-723
-788
-817
-783
-691
-546
-354
-140
92
312
515
682
806
874
874
800
640
413
117
-215
-565
-921
-1272
-1611
-1911
-2171
-2378
-2540
-2655
-2719
-2735
-2705
-2634
-2524
-2389
-2234
-2070
-1889
-1701
-1511
-1309
-1093
-868
-616
-337
-11
344
719
1089
1479
1863
2220
2524
2766
2944
3032
3059
3021
2935
2778
2591
2366
2131
1882
1634
1397
1178
967
762
564
382
217
47
-107
-269
-422
-581
-722
-841
-933
-987
-990
-927
-804
-629
-426
-197
33
252
445
601
704
739
701
583
396
147
-146
-460
-782
-1095
-1387
-1643
-1855
-2015
-2127
-2195
-2215
-2191
-2131
-2039
-1933
-1818
-1702
-1591
-1480
-1371
-1263
-1146
-1026
-884
-720
-520
-275
10
327
647
981
1316
1643
1925
2158
2338
2447
2496
2489
2442
2349
2224
2073
1918
1756
1593
1440
1288
1138
985
826
665
509
344
182
12
-161
-334
-505
-652
-775
-865
-916
-911
-854
-749
-606
-435
-246
-59
121
273
389
454
460
405
298
146
-47
-261
-482
-694
-897
-1075
-1224
-1341
-1429
-1483
-1507
-1513
-1497
-1467
-1431
-1405
-1380
-1362
-1342
-1321
-1296
-1250
-1188
-1098
-980
-824
-632
-417
-170
92
361
617
879
1131
1355
1532
1683
1807
1887
1930
1948
1950
1921
1870
1810
1742
1654
1548
1428
1291
1135
956
773
586
389
183
-21
-213
-399
-564
-707
-809
-871
-900
-883
-821
-718
-590
-429
-254
-72
104
265
393
484
538
543
509
440
341
216
81
-64
-216
-366
-513
-650
-784
-904
-1009
-1103
-1205
-1290
-1373
-1451
-1529
-1598
-1649
-1677
-1676
-1646
-1574
-1465
-1327
-1154
-951
-735
-520
-278
-32
209
429
664
892
1095
1274
1444
1595
1707
1791
1854
1896
1893
1867
1816
1741
1625
1481
1313
1137
934
720
505
297
84
-114
-296
-449
-578
-685
-757
-792
-789
-764
-694
-596
-470
-322
-147
36
218
398
556
690
787
850
870
862
810
723
608
461
295
104
-93
-295
-494
-697
-880
-1052
-1215
-1369
-1505
-1625
-1728
-1809
-1866
-1889
-1877
-1829
-1744
-1626
-1483
-1327
-1145
-956
-759
-563
-339
-106
124
350
592
826
1044
1243
1425
1580
1691
1765
1803
1807
1766
1692
1592
1466
1304
1127
942
761
571
390
212
58
-90
-223
-336
-428
-496
-558
-588
-594
-571
-523
-435
-320
-180
-10
181
387
590
788
955
1103
1201
1250
1250
1200
1098
943
752
523
271
-1
-272
-536
-787
-1017
-1220
-1394
-1544
-1671
-1771
-1843
-1888
-1906
-1902
-1872
-1821
-1745
-1647
-1532
-1406
-1273
-1125
-973
-805
-625
-419
-200
29
262
500
734
956
1159
1335
1478
1575
1627
1641
1624
1575
1502
1405
1292
1161
1028
897
775
655
542
434
334
240
142
49
-43
-131
-218
-288
-339
-359
-345
-298
-217
-105
42
210
403
600
793
962
1094
1179
1206
1182
1102
976
804
601
370
116
-148
-410
-655
-878
-1072
-1237
-1378
-1490
-1586
-1659
-1710
-1742
-1757
-1761
-1757
-1742
-1716
-1677
-1621
-1556
-1481
-1391
-1290
-1170
-1029
-863
-673
-463
-237
-2
238
478
711
925
1115
1278
1401
1493
1560
1600
1617
1609
1583
1538
1481
1418
1344
1262
1170
1075
969
859
741
617
483
341
198
64
-54
-146
-209
-241
-242
-213
-146
-45
91
249
413
573
706
807
865
885
860
798
699
568
404
214
9
-202
-408
-599
-770
-920
-1053
-1173
-1279
-1374
-1460
-1532
-1596
-1656
-1713
-1768
-1820
-1866
-1895
-1911
-1903
-1872
-1817
-1732
-1618
-1466
-1279
-1059
-806
-533
-245
48
340
624
892
1133
1345
1521
1666
1778
1860
1915
1941
1941
1917
1870
1804
1717
1611
1493
1364
1228
1084
932
771
603
433
270
119
-13
-121
-201
-254
-272
-251
-192
-93
32
177
324
460
578
669
732
760
756
716
639
531
390
228
50
-128
-304
-471
-633
-789
-946
-1102
-1255
-1401
-1541
-1671
-1793
-1909
-2018
-2122
-2211
-2278
-2314
-2311
-2274
-2199
-2085
-1936
-1750
-1527
-1272
-988
-684
-363
-35
296
622
935
1222
1475
1690
1863
1998
2096
2158
2186
2182
2148
2088
2002
1899
1777
1640
1497
1345
1188
1028
864
701
536
376
226
88
-30
-130
-201
-241
-250
-222
-161
-68
46
169
295
414
516
596
648
670
661
616
539
425
281
117
-64
-248
-434
-624
-815
-1016
-1217
-1421
-1617
-1797
-1961
-2098
-2217
-2313
-2387
-2439
-2459
-2446
-2396
-2305
-2177
-2011
-1814
-1595
-1354
-1104
-838
-564
-272
32
344
662
968
1252
1502
1713
1889
2026
2131
2200
2231
2234
2204
2151
2075
1979
1869
1746
1608
1460
1306
1149
987
831
678
530
386
252
129
22
-68
-137
-179
-195
-179
-136
-67
17
112
211
302
385
449
493
516
504
464
384
269
126
-43
-223
-416
-615
-815
-1028
-1238
-1446
-1645
-1822
-1978
-2099
-2194
-2259
-2294
-2309
-2296
-2259
-2189
-2086
-1953
-1785
-1598
-1395
-1184
-974
-754
-530
-293
-37
231
509
776
1022
1241
1433
1599
1738
1853
1938
1992
2019
2012
1980
1928
1858
1777
1675
1562
1434
1293
1149
1003
862
723
589
463
337
224
120
29
-45
-100
-134
-144
-128
-91
-33
41
125
212
294
368
425
461
471
447
389
297
168
17
-155
-340
-530
-723
-916
-1105
-1289
-1460
-1610
-1735
-1836
-1906
-1949
-1970
-1969
-1949
-1904
-1837
-1747
-1634
-1502
-1359
-1201
-1040
-876
-707
-532
-350
-161
35
236
431
618
789
947
1091
1222
1338
1435
1515
1568
1598
1608
1598
1574
1534
1480
1411
1330
1236
1137
1032
929
827
726
628
530
439
358
283
220
168
130
106
98
103
127
164
213
267
320
368
398
417
412
384
328
242
128
-10
-166
-335
-508
-680
-851
-1012
-1167
-1311
-1439
-1550
-1639
-1708
-1751
-1777
-1785
-1770
-1736
-1682
-1610
-1521
-1420
-1309
-1190
-1064
-935
-802
-659
-515
-371
-224
-76
75
227
376
524
660
793
914
1026
1127
1218
1293
1352
1395
1422
1438
1437
1427
1400
1364
1316
1259
1197
1130
1061
988
912
836
761
688
618
558
504
458
416
382
356
341
332
329
332
328
318
297
262
213
150
66
-37
-155
-291
-436
-585
-734
-878
-1012
-1137
-1255
-1358
-1455
-1537
-1601
-1651
-1683
-1698
-1697
-1679
-1647
-1597
-1529
-1453
-1361
-1264
-1161
-1054
-943
-826
-708
-582
-452
-317
-179
-40
104
243
383
519
651
775
894
1006
1110
1204
1286
1358
1418
1466
1501
1522
1529
1521
1501
1470
1432
1383
1327
1264
1193
1114
1032
946
862
777
695
614
533
457
382
313
252
192
138
81
20
-44
-113
-189
-268
-356
-454
-560
-672
-788
-901
-1011
-1111
-1203
-1281
-1348
-1405
-1451
-1486
-1506
-1510
-1502
-1481
-1451
-1407
-1352
-1287
-1210
-1127
-1034
-940
-845
-748
-649
-550
-447
-343
-236
-128
-19
91
202
312
421
527
632
733
830
923
1011
1093
1169
1240
1302
1356
1400
1433
1458
1472
1475
1468
1452
1424
1384
1331
1269
1199
1121
1034
942
848
748
643
536
426
316
209
99
-7
-110
-215
-313
-414
-517
-619
-721
-822
-920
-1016
-1105
-1185
-1258
-1322
-1371
-1406
-1426
-1431
-1426
-1405
-1375
-1335
-1284
-1225
-1159
-1090
-1014
-936
-854
-774
-691
-609
-530
-452
-381
-313
-246
-181
-113
-46
23
95
167
243
319
400
485
569
658
746
837
923
1008
1088
1165
1242
1309
1366
1415
1453
1474
1483
1479
1458
1424
1377
1316
1244
1161
1069
967
856
741
616
493
367
243
122
1
-120
-242
-365
-487
-601
-709
-807
-897
-978
-1052
-1113
-1164
-1203
-1226
-1237
-1236
-1223
-1202
-1171
-1134
-1091
-1041
-990
-938
-885
-834
-784
-736
-689
-645
-605
-567
-534
-498
-464
-426
-385
-341
-296
-244
-186
-122
-47
30
115
206
301
401
503
606
707
811
908
1002
1094
1171
1240
1296
1338
1364
1375
1373
1353
1322
1277
1219
1152
1076
987
889
785
674
564
460
351
243
137
29
-80
-187
-292
-386
-470
-549
-620
-684
-742
-790
-830
-859
-878
-885
-886
-880
-868
-856
-837
-817
-793
-768
-741
-716
-692
-670
-646
-625
-603
-583
-567
-551
-534
-513
-493
-469
-440
-405
-362
-314
-262
-204
-141
-72
1
81
165
252
338
424
512
594
672
743
807
864
910
948
978
995
1005
1001
989
968
935
897
849
794
734
673
609
545
481
412
341
267
194
122
52
-12
-69
-122
-173
-221
-265
-308
-347
-379
-409
-430
-449
-466
-486
-505
-523
-537
-547
-551
-555
-561
-569
-578
-587
-590
-590
-588
-583
-575
-569
-561
-552
-540
-526
-511
-492
-471
-444
-412
-372
-325
-273
-222
-171
-117
-60
-2
61
126
190
251
309
366
419
468
511
548
578
607
630
656
679
696
703
701
694
679
665
646
627
604
578
553
524
494
462
423
383
342
305
269
233
199
165
128
91
56
17
-18
-56
-92
-128
-165
-198
-235
-274
-311
-350
-385
-416
-439
-461
-486
-513
-540
-560
-574
-584
-592
-596
-601
-602
-600
-595
-584
-573
-565
-553
-538
-516
-492
-457
-420
-385
-347
-309
-266
-221
-172
-121
-70
-19
30
81
131
184
233
282
326
366
407
448
490
526
556
579
595
605
614
622
625
624
619
612
602
590
574
553
525
496
467
436
410
378
346
309
270
234
197
162
122
86
48
9
-27
-65
-104
-144
-184
-224
-258
-286
-312
-342
-374
-406
-434
-454
-471
-487
-503
-516
-528
-534
-537
-536
-537
-535
-535
-531
-521
-506
-490
-473
-452
-428
-403
-375
-342
-307
-271
-235
-195
-154
-112
-69
-24
24
70
115
158
201
242
287
327
364
399
426
452
474
496
516
531
545
552
561
566
565
561
551
538
522
506
489
470
450
425
395
366
336
303
270
237
201
164
125
86
45
2
-41
-83
-126
-161
-197
-236
-274
-313
-348
-381
-414
-443
-472
-497
-519
-537
-550
-565
-576
-587
-594
-601
-604
-602
-595
-585
-573
-556
-533
-509
-483
-453
-421
-383
-343
-299
-252
-203
-151
-97
-41
13
67
121
174
227
278
327
374
425
469
511
549
584
614
639
663
680
695
707
711
713
708
700
689
674
653
633
608
581
551
519
481
439
396
349
298
247
195
142
90
36
-18
-70
-125
-179
-229
-282
-333
-384
-435
-480
-524
-561
-596
-630
-658
-684
-707
-729
-748
-764
-777
-780
-778
-768
-752
-732
-710
-686
-658
-629
-595
-556
-507
-456
-398
-336
-277
-218
-159
-100
-40
20
83
144
209
271
327
383
435
483
527
569
607
643
677
708
732
751
764
769
770
766
759
753
742
727
714
689
661
629
589
546
502
456
408
361
315
265
213
158
105
50
-6
-59
-115
-171
-227
-280
-329
-380
-423
-465
-503
-540
-575
-610
-644
-674
-704
-724
-736
-743
-742
-740
-736
-730
-722
-712
-695
-671
-639
-601
-558
-514
-471
-428
-385
-339
-289
-235
-178
-117
-58
0
56
110
163
215
263
312
360
407
452
491
526
557
583
602
621
635
649
657
666
670
669
665
655
640
620
599
572
545
517
489
457
423
383
342
297
253
209
164
114
65
17
-31
-79
-125
-170
-215
-256
-296
-336
-372
-411
-450
-480
-511
-537
-557
-575
-586
-595
-601
-606
-607
-602
-593
-582
-566
-546
-523
-496
-467
-436
-401
-366
-328
-289
-248
-205
-160
-111
-65
-18
27
72
114
156
195
238
277
315
348
379
404
425
445
466
486
503
517
530
535
537
531
523
513
504
495
485
471
450
428
397
363
330
293
257
222
187
153
114
74
33
-10
-53
-96
-133
-170
-206
-242
-276
-312
-345
-378
-405
-429
-448
-463
-480
-488
-494
-501
-501
-505
-504
-500
-492
-480
-464
-442
-420
-394
-370
-343
-315
-285
-246
-207
-165
-126
-87
-47
-10
28
66
104
145
183
216
248
277
303
332
357
382
404
427
441
452
463
466
470
473
476
474
471
464
449
430
410
383
359
332
305
279
253
222
189
153
114
74
36
1
-33
-66
-100
-133
-168
-204
-239
-269
-298
-322
-343
-362
-377
-394
-408
-422
-435
-445
-451
-452
-452
-444
-437
-427
-415
-405
-391
-374
-352
-323
-294
-260
-228
-197
-167
-136
-102
-69
-34
6
43
77
108
139
169
195
225
254
282
308
328
344
356
370
381
391
401
409
411
409
404
395
383
371
354
338
326
307
286
263
236
209
182
158
130
107
80
55
27
-1
-29
-57
-82
-110
-133
-156
-177
-197
-216
-233
-249
-266
-282
-297
-307
-316
-321
-322
-326
-323
-322
-320
-318
-314
-308
-296
-279
-261
-243
-225
-208
-189
-171
-150
-127
-102
-78
-52
-29
-7
9
30
51
74
98
121
139
155
169
178
191
201
216
228
236
243
246
244
243
240
240
238
237
235
227
217
204
190
178
170
161
152
142
128
110
92
77
63
51
40
24
8
-9
-24
-41
-53
-64
-77
-90
-105
-120
-131
-141
-149
-154
-161
-168
-174
-180
-187
-191
-192
-190
-187
-184
-180
-176
-172
-166
-155
-145
-137
-127
-118
-110
-98
-87
-75
-61
-48
-34
-22
-9
3
17
28
42
53
63
74
83
91
101
110
118
122
129
134
137
143
147
151
150
149
143
143
142
141
138
135
130
121
115
107
100
95
88
82
73
63
51
44
33
23
14
1
-13
-27
-38
-47
-54
-61
-70
-82
-93
-102
-111
-116
-118
-123
-129
-136
-143
-147
-149
-144
-140
-136
-135
-137
-137
-139
-136
-133
-126
-114
-105
-97
-90
-84
-80
-71
-60
-47
-36
-26
-18
-11
0
10
21
31
43
53
61
71
77
82
89
95
102
110
116
121
125
128
129
131
135
135
136
135
135
135
135
132
130
127
123
119
117
115
111
105
92
79
68
60
54
50
43
35
23
10
-2
-12
-19
-26
-35
-48
-61
-76
-87
-95
-99
-104
-110
-117
-127
-134
-139
-141
-142
-144
-147
-153
-155
-152
-142
-131
-127
-125
-128
-128
-122
-113
-103
-93
-85
-79
-72
-63
-47
-30
-17
-9
0
9
18
24
30
37
44
55
68
81
97
110
117
122
122
119
117
119
125
139
147
151
149
145
139
136
140
143
144
132
118
102
94
92
91
89
81
71
55
42
30
17
0
-19
-36
-44
-45
-43
-49
-63
-84
-106
-128
-141
-144
-144
-144
-146
-154
-163
-171
-178
-183
-181
-173
-167
-161
-157
-159
-160
-162
-160
-153
-135
-111
-85
-63
-45
-37
-37
-40
-44
-36
-19
8
35
57
75
83
84
89
100
119
140
162
184
195
193
180
162
150
148
160
183
207
226
235
232
215
190
161
139
130
133
148
163
162
147
118
85
62
54
55
49
36
13
-11
-29
-41
-48
-55
-66
-82
-103
-124
-146
-172
-195
-207
-205
-192
-175
-170
-180
-200
-232
-257
-267
-262
-247
-226
-208
-197
-193
-196
-196
-195
-188
-174
-158
-134
-112
-89
-74
-72
-73
-75
-57
-15
39
93
128
136
128
108
92
86
99
124
152
179
193
195
188
176
173
184
209
241
266
273
250
204
150
104
81
83
103
125
140
148
149
143
129
104
67
28
-4
-18
-14
3
10
-7
-42
-78
-99
-105
-102
-105
-112
-120
-122
-120
-122
-130
-144
-157
-165
-170
-177
-193
-212
-218
-203
-171
-135
-112
-105
-106
-110
-111
-106
-92
-73
-53
-34
-21
-7
7
25
46
55
51
41
37
55
94
142
171
173
160
149
159
189
226
250
250
231
206
180
163
159
164
172
171
152
119
88
68
70
90
120
148
153
129
76
7
-63
-118
-144
-141
-118
-90
-73
-70
-74
-76
-75
-79
-93
-122
-160
-195
-208
-197
-175
-154
-147
-144
-144
-142
-144
-151
-160
-158
-144
-121
-99
-88
-84
-79
-66
-52
-51
-66
-90
-105
-91
-55
-11
24
43
50
56
73
93
109
117
115
108
109
118
135
143
134
107
76
54
56
81
115
138
143
132
116
104
91
71
50
29
14
9
7
0
-15
-32
-46
-56
-69
-91
-119
-145
-156
-146
-119
-88
-69
-71
-95
-130
-168
-202
-222
-222
-197
-155
-114
-87
-77
-78
-77
-72
-63
-57
-59
-66
-68
-58
-36
-10
13
32
51
71
88
94
92
86
87
100
119
133
141
149
164
189
212
219
205
177
157
155
170
194
212
217
218
227
244
262
269
258
234
210
195
194
194
175
139
98
72
65
77
91
90
77
58
40
24
5
-27
-65
-102
-122
-129
-126
-128
-141
-162
-185
-201
-214
-228
-244
-266
-288
-296
-292
-276
-262
-256
-259
-268
-280
-289
-299
-304
-300
-283
-254
-225
-204
-196
-193
-192
-186
-175
-163
-153
-142
-129
-111
-91
-72
-53
-38
-24
-10
3
14
21
25
29
38
50
61
73
84
96
111
127
135
140
137
135
135
139
147
155
163
168
179
190
198
205
205
201
194
191
188
184
178
170
166
164
165
168
166
160
153
146
140
139
134
129
120
113
107
103
97
88
78
67
57
48
42
37
34
28
23
18
17
16
14
10
5
0
-7
-10
-12
-15
-17
-18
-18
-15
-18
-20
-23
-27
-30
-33
-39
-40
-42
-43
-43
-45
-44
-48
-49
-53
-60
-67
-74
-81
-86
-92
-95
-99
-98
-100
-103
-107
-112
-116
-118
-121
-123
-128
-130
-133
-135
-137
-137
-137
-137
-135
-136
-135
-134
-132
-132
-131
-127
-126
-123
-118
-115
-111
-105
-99
-95
-89
-84
-80
-74
-69
-63
-56
-51
-42
-34
-28
-21
-15
-8
0
5
14
19
23
28
36
42
47
52
60
67
75
79
83
88
93
97
101
106
108
111
111
111
113
112
112
113
112
113
114
115
116
116
116
116
114
111
108
106
102
99
96
94
91
89
88
82
78
76
72
67
62
56
50
47
40
36
33
28
24
20
15
11
6
3
-1
-4
-7
-11
-13
-14
-15
-18
-20
-22
-24
-28
-27
-28
-31
-30
-32
-30
-31
-33
-32
-34
-33
-32
-33
-31
-33
-33
-32
-33
-33
-32
-32
-31
-30
-30
-29
-28
-29
-28
-27
-27
-26
-26
-25
-25
-24
-23
-23
-23
-23
-23
-23
-21
-22
-22
-23
-25
-25
-26
-27
-27
-29
-30
-29
-31
-31
-31
-31
-31
-31
-32
-31
-31
-32
-32
-32
-33
-33
-33
-32
-31
-30
-29
-27
-25
-23
-21
-18
-17
-15
-13
-11
-8
-7
-4
0
3
6
8
11
14
17
17
19
19
22
23
26
28
29
31
32
35
36
37
38
39
40
38
39
38
37
37
36
37
37
35
34
34
33
30
28
28
26
23
18
17
13
11
11
8
3
0
-2
-3
-5
-7
-12
-16
-19
-21
-23
-25
-25
-28
-31
-32
-35
-36
-37
-37
-38
-39
-40
-39
-38
-38
-36
-34
-34
-33
-32
-30
-29
-27
-25
-24
-21
-17
-14
-11
-9
-6
-3
0
2
5
9
12
15
20
21
23
25
28
29
29
33
35
37
38
38
41
41
40
40
39
39
40
38
37
37
36
33
34
31
29
28
25
22
20
18
15
12
11
8
4
2
1
-1
-3
-7
-9
-12
-14
-16
-19
-22
-24
-24
-25
-27
-29
-30
-31
-33
-34
-33
-33
-34
-33
-32
-31
-29
-29
-27
-27
-26
-25
-22
-19
-18
-17
-15
-13
-12
-9
-8
-5
-3
0
1
3
4
9
9
11
13
15
17
18
20
20
20
22
22
23
23
23
25
24
24
23
24
25
23
22
22
20
17
17
15
15
12
11
9
7
5
4
3
0
-1
-3
-5
-7
-8
-9
-12
-13
-14
-16
-16
-17
-17
-20
-20
-21
-20
-22
-22
-22
-22
-21
-20
-20
-19
-17
-18
-17
-15
-15
-14
-12
-10
-8
-7
-7
-5
-4
-3
-2
0
1
4
4
7
8
9
11
10
12
13
13
14
14
14
16
15
16
16
17
17
16
16
16
16
16
14
13
12
12
11
11
10
9
7
8
5
5
5
2
1
1
0
0
0
-1
-3
-3
-4
-5
-4
-5
-5
-5
-5
-6
-7
-7
-6
-6
-7
-7
-6
-7
-7
-8
-7
-5
-6
-5
-6
-5
-3
-3
-2
-2
-2
-1
-1
-1
-1
-1
-1
0
1
1
1
1
2
2
2
2
3
3
2
2
2
2
1
0
1
1
2
2
0
1
0
0
0
0
-2
-3
-3
-4
-3
-4
-4
-3
-4
-4
-4
-4
-5
-6
-6
-6
-7
-8
-7
-6
-5
-6
-6
-7
-7
-8
-8
-8
-9
-7
-7
-7
-7
-6
-5
-6
-5
-5
-4
-3
-3
-2
-3
-2
-1
1
0
0
2
2
3
4
6
5
6
7
8
9
10
10
10
11
11
12
13
15
15
16
17
17
18
19
19
18
19
19
19
20
20
18
19
21
20
20
20
20
20
19
18
19
19
16
16
15
15
15
14
12
11
10
8
7
6
6
3
3
1
0
1
-1
-2
-3
-7
-7
-9
-11
-11
-15
-16
-16
-16
-18
-21
-22
-23
-23
-24
-25
-26
-27
-29
-30
-31
-33
-33
-33
-34
-34
-35
-36
-36
-35
-36
-37
-38
-38
-36
-37
-36
-35
-36
-34
-33
-33
-33
-30
-31
-31
-29
-28
-26
-26
-24
-23
-21
-18
-17
-16
-14
-14
-12
-9
-10
-8
-4
-1
-1
2
4
6
9
9
12
14
16
19
21
24
25
27
28
30
32
35
38
38
39
39
40
43
43
46
48
48
49
49
50
50
51
50
51
51
52
52
52
53
51
51
49
49
48
47
46
45
43
42
40
38
36
35
33
30
28
27
24
23
21
18
16
13
11
8
5
2
1
-2
-4
-7
-9
-12
-15
-16
-19
-20
-23
-24
-26
-29
-30
-33
-35
-37
-39
-41
-41
-43
-44
-45
-48
-49
-50
-51
-49
-50
-52
-52
-52
-52
-52
-52
-52
-51
-50
-49
-49
-48
-48
-45
-46
-45
-42
-42
-41
-38
-37
-35
-33
-31
-29
-27
-24
-23
-20
-19
-17
-15
-14
-9
-9
-8
-6
-3
-1
2
3
5
6
8
11
11
13
15
16
18
19
22
23
24
25
26
27
29
30
30
32
32
33
33
34
35
34
36
33
34
35
34
34
34
33
33
35
33
32
32
31
30
29
27
28
27
26
24
22
22
21
20
19
17
16
16
14
13
11
11
9
7
7
5
2
2
2
-1
0
-2
-3
-5
-6
-6
-9
-6
-9
-11
-11
-12
-12
-11
-12
-14
-14
-13
-15
-15
-15
-16
-15
-16
-18
-17
-18
-16
-16
-15
-15
-15
-15
-14
-14
-14
-13
-13
-12
-12
-11
-11
-11
-10
-10
-9
-8
-7
-7
-6
-6
-6
-6
-5
-5
-5
-4
-2
-2
-1
-1
-1
1
0
2
2
2
3
3
2
3
3
3
5
4
5
5
5
3
3
3
2
5
4
5
4
4
5
3
2
1
1
1
0
1
1
0
0
1
2
1
0
-1
-1
-1
1
0
-1
-1
1
0
0
-1
-1
-1
-1
0
0
-2
-2
-2
-1
0
-2
-1
-1
-2
-1
-1
-1
-1
-2
0
1
-1
0
0
0
-1
-1
0
0
0
0
0
0
1
1
1
1
1
2
2
2
2
2
0
0
1
0
1
1
2
3
2
2
1
3
1
1
1
1
1
1
1
1
2
-1
1
1
2
1
1
1
1
2
1
1
1
1
0
1
1
2
1
0
0
1
1
0
0
0
1
-1
-1
-1
0
0
1
1
0
-1
-1
-1
0
-1
-2
-2
-1
-1
-2
-1
-1
-1
-1
-1
-1
0
0
0
-1
-1
-1
-1
0
0
1
1
1
0
-1
0
-1
-2
0
0
1
0
1
0
-1
0
0
1
0
0
-1
-1
0
0
-1
-2
0
0
0
1
0
-1
-1
0
1
0
0
-1
-1
0
0
0
1
0
0
1
-1
-1
-1
0
1
1
0
0
0
-2
-1
-1
0
1
1
2
1
2
1
0
1
1
1
0
2
0
0
1
-1
1
2
1
2
0
1
0
1
0
1
0
0
0
1
2
1
1
0
0
1
1
1
0
1
0
1
0
-1
0
0
0
