SAMPLES:	19553
BITSPERSAMPLE:	16
CHANNELS:	1
SAMPLERATE:	16000
NORMALIZED:	FALSE
-5
-3
-4
-4
-1
-2
-1
1
0
2
1
0
0
0
1
1
1
-1
1
2
3
4
4
2
2
0
1
0
-1
-1
-1
-1
0
0
0
-1
-1
1
0
3
-1
-1
-1
-2
-2
-1
0
0
-1
-1
0
0
1
0
2
2
0
0
-1
0
0
1
1
2
3
3
4
5
4
3
2
2
1
2
2
0
0
0
0
0
0
0
1
0
-2
0
1
0
0
0
0
0
0
0
-1
0
-1
-1
-2
-2
-2
-1
0
-1
0
0
0
-1
-1
-1
-2
-2
-2
-1
-1
-2
-1
-1
-1
-2
-1
0
0
2
3
2
1
0
0
2
1
1
1
0
1
0
1
3
1
2
2
-1
-1
1
-1
-2
-1
-2
-2
-1
-2
-1
-1
-1
-2
0
-1
-1
-2
-1
-1
-3
-1
-1
-2
-2
-2
-1
-1
0
0
0
0
0
2
2
2
2
1
0
2
3
4
3
1
1
0
0
1
1
0
1
1
0
0
1
0
0
-1
-2
-1
0
0
1
1
1
0
-1
2
1
1
1
2
1
0
0
-1
-2
-1
-2
-2
0
0
0
-1
-2
0
0
-1
0
0
0
1
-2
-2
-1
-1
-1
0
-1
-2
0
-1
0
0
-1
0
-1
1
0
-2
-1
1
1
0
-1
-2
-1
-3
-1
-2
-1
0
1
2
1
1
2
2
2
2
2
2
2
1
1
2
0
1
0
-1
0
0
0
1
1
1
2
1
0
1
0
-1
-1
-1
-1
-2
-2
-3
-1
-1
-1
0
0
0
0
1
1
0
0
-1
0
-2
-2
0
-1
1
1
0
1
2
1
-1
0
-1
-2
-1
-1
2
3
3
1
1
2
1
1
1
0
0
-1
-1
-1
-1
1
2
0
1
-1
-1
-1
0
0
0
0
-1
-2
-1
-1
0
1
-1
-1
-1
-2
0
1
0
0
-1
0
0
0
1
1
-1
-1
2
2
2
1
1
-1
-3
-1
1
1
1
1
0
0
2
1
1
0
1
0
2
3
1
1
-2
0
0
3
3
2
0
0
-1
0
0
-1
-3
-3
-1
1
0
-1
0
-1
-2
-1
-1
0
-1
-1
0
-1
1
1
0
0
1
1
-1
-1
1
0
0
2
-1
0
0
-2
0
0
0
-1
0
1
0
0
0
0
-1
-1
0
0
-1
0
1
0
1
1
1
1
1
0
2
0
1
1
1
0
0
0
0
1
3
1
2
0
-1
-1
0
2
0
0
1
0
1
0
0
-1
-1
-1
1
0
-1
0
-1
-1
-1
0
-1
-1
-1
-1
-1
0
1
1
0
1
-1
-1
0
-1
2
-1
-1
-1
0
-2
1
1
-1
1
0
0
0
0
0
-1
-1
1
1
0
0
1
1
1
1
0
0
-1
1
1
0
1
1
0
0
1
0
1
0
0
-2
-2
-3
-1
0
-1
0
0
2
1
0
1
1
0
0
1
1
1
0
-1
0
1
0
0
0
0
0
0
1
1
-1
0
-1
1
0
-2
-2
-2
-1
0
1
1
1
0
0
-1
-1
0
-1
0
0
0
0
0
1
1
1
0
0
0
1
0
-1
-1
-2
-1
-1
0
1
1
-1
-1
-2
1
2
1
1
1
1
2
0
-2
-2
0
0
-2
0
0
0
0
0
0
-1
2
3
2
3
2
1
1
0
-1
-1
-1
-2
-1
0
1
0
0
0
1
0
-1
0
0
0
0
-1
0
2
1
1
1
-1
0
0
0
0
0
0
1
1
0
0
-1
-1
1
1
1
0
0
0
0
1
1
1
2
1
1
1
1
0
-1
0
-1
-1
0
0
0
-1
-1
0
-2
0
1
1
0
0
-1
0
1
0
1
1
-1
-1
-2
-1
-1
0
1
1
2
0
2
1
0
1
2
2
-1
1
0
0
0
-1
-1
0
0
0
-1
-1
1
0
-1
-1
-1
-1
-1
-1
-1
-1
1
2
0
1
1
0
0
0
-1
1
1
1
1
1
0
2
1
0
-2
-1
0
0
0
0
-1
0
-1
1
1
0
0
-1
0
-1
1
2
1
0
-1
0
2
2
0
0
1
0
-1
-1
-1
-2
-2
-1
-1
0
-1
0
1
1
0
0
-1
-1
2
0
0
0
0
0
-1
0
2
0
0
-2
0
-1
-2
-1
-1
0
0
1
1
0
-1
0
-1
0
-1
0
-1
-2
0
1
1
-1
1
0
1
1
1
0
1
2
0
0
-1
-1
-2
-1
-1
-1
-1
0
1
0
1
-2
0
0
2
0
1
1
1
2
0
2
2
1
2
1
1
1
0
1
2
0
-1
-2
-2
-2
-1
0
0
0
-1
-2
-4
-2
-4
-2
-1
-1
-1
0
0
1
1
2
1
0
2
2
1
1
1
0
1
1
1
0
0
-1
-2
-1
-1
-2
-1
0
-1
0
-1
-2
-2
-1
-1
0
0
1
2
2
2
2
3
3
2
3
2
2
3
2
1
3
2
2
3
1
1
0
-2
-1
-2
-3
-3
-3
-2
-2
-5
-3
-4
-5
-4
-4
-4
-2
-1
-2
-2
-2
-1
-2
-2
0
-1
0
0
1
1
0
2
1
1
1
2
4
3
2
2
2
2
1
3
1
2
2
2
2
3
3
3
3
2
3
2
3
3
1
1
2
3
3
2
1
1
1
0
-1
-1
1
-2
-3
-3
-3
-2
-4
-3
-5
-4
-3
-2
-1
-1
0
1
0
2
3
1
0
2
4
3
4
2
2
1
1
3
-1
-2
-4
-5
-6
-7
-8
-7
-9
-10
-10
-11
-10
-11
-12
-9
-9
-8
-9
-6
-5
-5
-5
-4
-2
0
3
5
11
17
24
31
39
46
52
53
55
50
44
38
26
14
0
-14
-26
-36
-45
-50
-57
-56
-56
-55
-56
-53
-47
-38
-31
-17
-2
9
21
36
56
66
78
92
96
100
101
101
92
79
67
47
21
1
-26
-56
-85
-106
-123
-138
-146
-148
-146
-140
-127
-106
-86
-65
-48
-27
-12
-1
11
21
29
39
54
73
90
108
117
130
146
150
150
142
127
105
83
67
44
26
13
3
8
17
22
21
27
32
27
21
19
-1
-26
-44
-49
-66
-82
-102
-125
-144
-170
-181
-203
-214
-235
-252
-233
-230
-233
-228
-228
-227
-230
-217
-211
-241
-241
-236
-229
-184
-152
-101
-55
13
88
164
240
288
317
350
367
369
364
352
338
313
326
327
335
329
333
338
339
347
340
329
305
285
275
288
304
355
389
441
480
535
566
571
595
564
497
443
354
200
28
-147
-319
-536
-723
-912
-1148
-1348
-1516
-1657
-1764
-1876
-1940
-1951
-1953
-1891
-1855
-1782
-1669
-1534
-1327
-1078
-819
-571
-320
59
418
706
1045
1351
1589
1762
2016
2191
2209
2215
2232
2179
2071
1936
1794
1592
1389
1208
994
833
613
408
249
127
-13
-164
-237
-316
-392
-418
-401
-330
-171
-22
154
333
564
686
817
1021
1050
996
933
843
601
284
-49
-427
-874
-1217
-1617
-2035
-2375
-2755
-3029
-3243
-3410
-3589
-3695
-3730
-3755
-3755
-3603
-3508
-3342
-2874
-2351
-1809
-1182
-312
418
1155
2037
2860
3368
3829
4303
4577
4643
4661
4554
4255
3993
3627
3240
2798
2328
1791
1292
895
429
-94
-473
-795
-1161
-1414
-1618
-1736
-1847
-1854
-1735
-1545
-1234
-863
-428
103
611
1031
1449
1814
2107
2200
2192
2108
1845
1461
1001
462
-145
-781
-1357
-1858
-2374
-2836
-3280
-3603
-3842
-4013
-4193
-4306
-4337
-4411
-4439
-4313
-4115
-4036
-3708
-2995
-2273
-1637
-530
564
1454
2382
3652
4488
4902
5494
5873
5814
5714
5601
5139
4554
4054
3496
2799
2392
1779
1092
714
372
-122
-556
-757
-1122
-1559
-1722
-1863
-2060
-2079
-2032
-1861
-1480
-1006
-546
36
747
1224
1618
2122
2402
2328
2167
1909
1416
738
71
-664
-1489
-2225
-2875
-3447
-3913
-4320
-4623
-4797
-4878
-4923
-4906
-4810
-4704
-4422
-3978
-3432
-2909
-2142
-1282
-427
574
1663
2674
3512
4378
5160
5701
6069
6251
6171
5947
5555
4965
4360
3630
2834
2004
1349
703
-3
-501
-885
-1268
-1573
-1771
-1933
-2062
-2080
-1981
-1862
-1598
-1278
-907
-368
242
800
1326
1859
2304
2556
2669
2620
2282
1810
1201
488
-310
-1186
-2025
-2820
-3499
-4102
-4649
-4988
-5246
-5459
-5580
-5565
-5535
-5479
-5077
-4546
-3952
-3346
-2360
-1406
-370
814
2022
3032
3949
4889
5654
6249
6651
6755
6592
6408
5982
5343
4683
3914
3005
2137
1464
754
1
-571
-1009
-1437
-1738
-2002
-2231
-2386
-2419
-2358
-2207
-1880
-1548
-1122
-481
226
817
1400
1978
2417
2640
2711
2554
2133
1602
954
216
-598
-1457
-2317
-3025
-3571
-4083
-4588
-4893
-5111
-5323
-5483
-5437
-5503
-5541
-5192
-4640
-4025
-3447
-2371
-1368
-249
1036
2361
3427
4357
5307
6105
6685
7029
7070
6832
6629
6139
5498
4761
3948
3000
2134
1501
805
45
-564
-1018
-1477
-1804
-2133
-2417
-2653
-2736
-2720
-2604
-2283
-1974
-1526
-855
-71
607
1288
1961
2465
2730
2819
2635
2222
1680
994
181
-684
-1574
-2484
-3214
-3800
-4357
-4875
-5156
-5356
-5556
-5686
-5606
-5714
-5651
-5231
-4593
-4021
-3354
-2188
-1179
-6
1358
2728
3804
4793
5855
6695
7251
7600
7609
7402
7129
6508
5770
4895
3955
2901
2005
1302
459
-319
-894
-1382
-1820
-2146
-2453
-2700
-2854
-2845
-2794
-2613
-2244
-1916
-1380
-608
191
940
1647
2350
2835
3075
3136
2894
2476
1855
1059
169
-739
-1735
-2706
-3520
-4165
-4812
-5300
-5538
-5762
-5970
-6054
-6007
-6122
-5875
-5349
-4682
-4183
-3258
-2138
-1130
118
1514
2830
3837
4975
6045
6818
7354
7659
7635
7481
7109
6444
5657
4758
3770
2693
1867
1045
162
-546
-1098
-1588
-1994
-2313
-2577
-2773
-2794
-2742
-2661
-2339
-2005
-1580
-944
-132
619
1275
2004
2643
2998
3172
3112
2808
2272
1587
752
-157
-1080
-2108
-3028
-3749
-4398
-5048
-5431
-5651
-5924
-6206
-6222
-6376
-6268
-5793
-5103
-4545
-3757
-2540
-1511
-260
1193
2566
3591
4735
5940
6796
7382
7819
7880
7769
7611
7088
6354
5462
4538
3401
2431
1647
642
-289
-1013
-1552
-2098
-2554
-2900
-3178
-3332
-3271
-3178
-2866
-2513
-2121
-1497
-693
130
753
1521
2237
2697
2924
2958
2720
2214
1582
822
-12
-928
-1932
-2918
-3635
-4310
-5011
-5467
-5744
-6039
-6384
-6451
-6593
-6432
-5986
-5264
-4637
-3703
-2472
-1369
36
1548
2939
4003
5210
6402
7246
7843
8284
8316
8204
7992
7436
6718
5723
4707
3480
2503
1578
471
-526
-1342
-2000
-2627
-3050
-3415
-3685
-3839
-3688
-3457
-3027
-2563
-2056
-1338
-461
383
1121
1949
2612
3024
3217
3250
2943
2343
1679
880
10
-989
-2026
-3010
-3842
-4610
-5299
-5829
-6208
-6618
-6895
-7101
-7152
-6788
-6357
-5615
-4801
-3623
-2412
-1091
635
2123
3579
4899
6156
7266
8069
8686
8940
8892
8777
8242
7579
6741
5564
4389
3220
2130
1034
-65
-996
-1927
-2667
-3206
-3789
-4125
-4364
-4473
-4305
-3942
-3391
-2833
-2141
-1146
-251
745
1700
2468
3142
3508
3709
3614
3186
2606
1762
862
-45
-1154
-2189
-3172
-4069
-4864
-5605
-6093
-6629
-7090
-7336
-7695
-7475
-7067
-6502
-5873
-4882
-3476
-2215
-641
1212
2903
4323
5793
7213
8322
9018
9539
9706
9621
9317
8588
7744
6703
5495
4185
3000
1956
731
-464
-1379
-2192
-3028
-3806
-4332
-4689
-5040
-5131
-4929
-4478
-3954
-3363
-2385
-1247
-155
853
1859
2841
3448
3758
3961
3822
3322
2600
1722
876
-253
-1379
-2415
-3356
-4234
-5132
-5773
-6267
-6916
-7346
-7832
-7858
-7565
-7215
-6691
-6010
-4654
-3410
-2015
-119
1761
3237
4745
6466
7907
8733
9454
9980
10009
9892
9337
8598
7636
6496
5222
3977
3010
1732
417
-543
-1351
-2329
-3253
-3860
-4355
-4876
-5135
-5097
-4859
-4432
-3993
-3136
-2012
-891
59
1080
2221
2957
3351
3708
3826
3443
2865
2134
1363
268
-875
-1892
-2833
-3729
-4650
-5339
-5837
-6492
-7048
-7566
-7684
-7494
-7230
-6808
-6193
-4976
-3835
-2543
-757
1088
2515
3985
5780
7305
8211
9008
9664
9825
9772
9357
8746
7878
6807
5576
4395
3439
2200
897
-52
-878
-1856
-2778
-3445
-3973
-4568
-4881
-4928
-4782
-4442
-4088
-3322
-2305
-1316
-444
499
1577
2322
2726
3113
3294
2988
2494
1861
1142
110
-980
-1916
-2850
-3729
-4587
-5256
-5787
-6373
-6933
-7468
-7476
-7263
-6973
-6661
-5854
-4693
-3732
-2446
-696
968
2257
3809
5610
7023
8024
8912
9552
9879
9875
9527
8986
8239
7219
5922
4826
3853
2517
1248
304
-575
-1558
-2511
-3199
-3791
-4399
-4720
-4808
-4601
-4302
-3961
-3189
-2236
-1351
-563
389
1437
2103
2515
2911
3045
2721
2243
1661
952
-35
-1044
-1930
-2844
-3656
-4524
-5205
-5806
-6394
-7038
-7542
-7411
-7201
-6964
-6695
-5706
-4661
-3798
-2465
-726
769
2016
3668
5406
6712
7716
8611
9271
9682
9659
9343
8798
8104
7063
5784
4759
3716
2314
1117
227
-636
-1619
-2559
-3139
-3731
-4264
-4532
-4540
-4248
-3987
-3573
-2763
-1848
-1065
-309
686
1644
2204
2594
2930
2916
2534
2005
1396
651
-336
-1287
-2139
-2964
-3769
-4656
-5316
-5950
-6549
-7207
-7489
-7261
-6998
-6793
-6387
-5289
-4355
-3441
-1989
-299
1039
2309
3978
5581
6722
7663
8486
9116
9508
9423
9033
8455
7745
6646
5453
4530
3392
1968
905
117
-771
-1760
-2544
-3030
-3606
-4021
-4194
-4100
-3792
-3541
-3049
-2198
-1304
-608
168
1140
1935
2392
2722
2950
2792
2345
1740
1102
295
-687
-1603
-2430
-3226
-4098
-4936
-5607
-6239
-6862
-7467
-7541
-7266
-6987
-6829
-6140
-5008
-4130
-3065
-1463
95
1294
2655
4329
5748
6722
7616
8320
8918
9197
8945
8467
7902
7090
5942
4945
4070
2827
1506
671
-85
-1034
-1931
-2574
-3019
-3521
-3829
-3906
-3719
-3443
-3184
-2607
-1728
-953
-332
492
1349
1970
2301
2598
2719
2449
1974
1360
729
-106
-1030
-1885
-2656
-3436
-4279
-4998
-5632
-6202
-6856
-7291
-7197
-6899
-6717
-6453
-5461
-4454
-3559
-2286
-665
617
1768
3293
4873
6040
6956
7791
8425
8983
9046
8684
8213
7619
6615
5532
4702
3688
2387
1312
585
-298
-1254
-2051
-2677
-3134
-3555
-3817
-3846
-3649
-3479
-3164
-2472
-1674
-1040
-336
567
1321
1861
2177
2484
2491
2202
1766
1180
529
-319
-1197
-1995
-2736
-3504
-4276
-4902
-5520
-6066
-6719
-6983
-6865
-6627
-6537
-6090
-5097
-4274
-3302
-1912
-429
630
1872
3489
4897
5914
6860
7622
8255
8700
8614
8269
7824
7151
6092
5172
4389
3272
2091
1245
503
-436
-1270
-2003
-2613
-3068
-3410
-3651
-3627
-3457
-3344
-2919
-2159
-1452
-827
23
929
1590
2109
2445
2671
2529
2212
1748
1105
392
-540
-1424
-2232
-3018
-3817
-4507
-5101
-5761
-6257
-6810
-6968
-6872
-6605
-6475
-5956
-5034
-4207
-3161
-1716
-285
732
2078
3703
5024
5983
6943
7671
8249
8545
8402
8046
7554
6865
5831
4976
4210
3139
2051
1313
583
-303
-1060
-1742
-2305
-2773
-3096
-3349
-3304
-3157
-3084
-2658
-1915
-1272
-684
174
1004
1579
2044
2371
2502
2256
1916
1412
779
51
-904
-1737
-2531
-3287
-4066
-4646
-5229
-5815
-6224
-6654
-6686
-6541
-6211
-6069
-5473
-4555
-3727
-2684
-1212
130
1099
2445
4003
5207
6056
6971
7608
8040
8159
7906
7455
6910
6155
5069
4244
3527
2490
1488
863
219
-573
-1253
-1805
-2285
-2716
-3016
-3225
-3114
-2960
-2893
-2432
-1697
-1125
-587
249
1028
1521
1911
2205
2257
1969
1600
1090
498
-259
-1150
-1914
-2589
-3270
-4002
-4500
-5030
-5502
-5936
-6269
-6194
-6022
-5719
-5540
-4807
-3898
-3101
-2024
-564
668
1632
2936
4424
5500
6291
7157
7722
8112
8126
7776
7273
6705
5825
4704
3909
3141
2047
1125
516
-137
-916
-1555
-2039
-2501
-2913
-3215
-3386
-3271
-3137
-2999
-2471
-1773
-1230
-656
213
962
1408
1787
2048
2053
1773
1399
890
281
-495
-1304
-2017
-2581
-3202
-3885
-4305
-4796
-5272
-5796
-6058
-5984
-5836
-5591
-5360
-4559
-3701
-2891
-1781
-378
808
1815
3120
4564
5536
6323
7140
7688
8093
8072
7696
7172
6582
5661
4598
3815
2994
1894
1066
435
-242
-1000
-1616
-2083
-2576
-2950
-3238
-3387
-3274
-3126
-2885
-2335
-1643
-1049
-415
446
1129
1526
1881
2074
2011
1674
1228
651
-15
-816
-1596
-2306
-2873
-3467
-4087
-4455
-4966
-5451
-6003
-6157
-6051
-5842
-5661
-5298
-4386
-3572
-2664
-1418
-6
1125
2262
3683
5037
5887
6688
7399
7882
8219
8123
7700
7143
6520
5553
4585
3818
2940
1850
1121
495
-235
-1004
-1640
-2143
-2698
-3087
-3400
-3504
-3385
-3256
-2946
-2335
-1639
-1032
-349
485
1114
1503
1843
2008
1909
1534
1029
429
-200
-992
-1745
-2428
-3012
-3614
-4182
-4574
-5095
-5577
-6104
-6180
-6058
-5824
-5743
-5234
-4310
-3562
-2572
-1239
129
1196
2447
3939
5188
5992
6803
7416
7897
8162
7993
7582
7052
6414
5434
4583
3847
2917
1913
1302
674
-88
-860
-1504
-2033
-2631
-3058
-3377
-3411
-3324
-3250
-2850
-2175
-1547
-996
-302
488
1051
1435
1730
1852
1703
1319
802
244
-340
-1102
-1800
-2402
-2966
-3577
-4090
-4512
-5006
-5542
-6013
-6065
-5983
-5815
-5759
-5140
-4333
-3615
-2574
-1216
52
1116
2422
3902
5064
5893
6705
7280
7808
7991
7803
7451
6980
6296
5354
4612
3871
2881
2013
1480
806
26
-734
-1346
-1901
-2502
-2951
-3266
-3272
-3275
-3225
-2724
-2075
-1574
-1052
-279
471
958
1368
1625
1672
1477
1107
609
93
-506
-1220
-1828
-2311
-2841
-3433
-3842
-4264
-4750
-5343
-5711
-5749
-5701
-5612
-5511
-4856
-4208
-3500
-2441
-1089
33
1082
2418
3838
4910
5758
6554
7126
7654
7757
7576
7230
6782
6034
5161
4486
3695
2706
1971
1472
753
-19
-737
-1311
-1898
-2451
-2895
-3186
-3214
-3261
-3149
-2645
-2088
-1657
-1077
-236
429
854
1267
1466
1418
1153
779
285
-241
-875
-1525
-2058
-2500
-3004
-3511
-3830
-4255
-4695
-5218
-5413
-5394
-5278
-5231
-5034
-4337
-3761
-3019
-1921
-615
376
1432
2820
4135
5078
5911
6640
7177
7631
7633
7379
6987
6518
5721
4919
4271
3457
2541
1912
1419
698
-53
-750
-1298
-1869
-2381
-2820
-3041
-3078
-3121
-2972
-2529
-2040
-1635
-1030
-258
288
648
1001
1124
996
667
279
-192
-701
-1314
-1920
-2414
-2833
-3305
-3737
-4031
-4419
-4794
-5220
-5243
-5145
-4978
-4951
-4563
-3820
-3239
-2410
-1259
-38
899
1998
3364
4512
5330
6099
6697
7198
7518
7362
7028
6631
6100
5301
4603
3986
3160
2355
1840
1329
611
-87
-719
-1219
-1718
-2172
-2549
-2657
-2662
-2667
-2456
-2014
-1607
-1249
-683
-83
289
565
799
776
556
207
-232
-702
-1201
-1818
-2398
-2860
-3272
-3765
-4144
-4450
-4796
-5192
-5509
-5446
-5280
-5096
-5016
-4414
-3667
-2976
-2027
-798
340
1289
2460
3804
4802
5571
6298
6823
7313
7488
7259
6890
6512
5897
5109
4504
3876
2992
2259
1798
1184
462
-163
-710
-1206
-1634
-2024
-2342
-2377
-2382
-2304
-1978
-1510
-1160
-775
-203
259
518
753
884
745
478
152
-353
-847
-1394
-2037
-2555
-2993
-3473
-3995
-4321
-4675
-5023
-5502
-5703
-5637
-5434
-5276
-5087
-4336
-3640
-2820
-1750
-467
557
1523
2770
4071
4939
5692
6361
6824
7247
7289
7046
6631
6214
5488
4714
4131
3444
2529
1859
1412
739
83
-481
-937
-1401
-1779
-2115
-2312
-2299
-2334
-2135
-1675
-1199
-827
-315
278
673
923
1126
1166
964
658
244
-324
-840
-1509
-2184
-2670
-3130
-3691
-4170
-4476
-4878
-5232
-5700
-5773
-5672
-5417
-5282
-4906
-4035
-3344
-2419
-1218
62
1005
2038
3331
4528
5312
6055
6615
7008
7339
7250
6931
6485
5978
5122
4354
3763
2980
2076
1527
1068
369
-250
-792
-1216
-1652
-2015
-2301
-2397
-2382
-2435
-2164
-1658
-1236
-857
-272
322
688
938
1100
1079
845
493
-24
-561
-1088
-1817
-2454
-2908
-3351
-3886
-4271
-4565
-4932
-5265
-5614
-5552
-5382
-5113
-4980
-4393
-3488
-2791
-1794
-500
694
1593
2714
3991
5024
5734
6436
6880
7206
7410
7202
6787
6342
5724
4782
4050
3455
2573
1723
1285
771
62
-552
-1049
-1483
-1901
-2214
-2419
-2415
-2366
-2363
-2030
-1528
-1167
-790
-204
380
688
889
1031
948
659
244
-326
-836
-1432
-2164
-2766
-3241
-3690
-4200
-4567
-4867
-5194
-5537
-5737
-5594
-5355
-5122
-4910
-4120
-3251
-2518
-1452
-96
997
1913
3174
4462
5379
6083
6798
7237
7548
7612
7330
6879
6429
5676
4726
4063
3390
2390
1602
1167
546
-180
-771
-1226
-1680
-2061
-2326
-2460
-2379
-2320
-2226
-1804
-1318
-965
-543
51
571
794
992
1116
939
605
136
-462
-1008
-1679
-2388
-2969
-3475
-3931
-4430
-4785
-5077
-5416
-5786
-5839
-5641
-5369
-5227
-4799
-3864
-3082
-2253
-1061
252
1199
2229
3619
4818
5616
6365
6999
7443
7691
7575
7193
6721
6169
5261
4403
3790
2942
1921
1288
792
124
-552
-1037
-1444
-1835
-2120
-2314
-2324
-2222
-2160
-1905
-1368
-908
-503
1
553
916
1084
1244
1202
883
451
-138
-803
-1449
-2204
-2890
-3460
-3969
-4426
-4845
-5154
-5437
-5819
-6083
-5947
-5656
-5391
-5191
-4403
-3442
-2644
-1580
-243
900
1831
3074
4429
5405
6174
6884
7336
7745
7830
7522
7044
6519
5745
4761
4031
3333
2338
1496
974
393
-256
-838
-1240
-1611
-1925
-2156
-2260
-2178
-2129
-2014
-1585
-1046
-644
-183
366
814
1056
1201
1229
984
582
44
-628
-1331
-2069
-2839
-3467
-4007
-4494
-4907
-5213
-5482
-5768
-6099
-6100
-5806
-5431
-5187
-4717
-3701
-2812
-1878
-613
695
1671
2703
4025
5135
5882
6632
7157
7488
7780
7648
7217
6704
6089
5157
4252
3582
2729
1776
1177
664
40
-552
-1012
-1353
-1694
-1933
-2099
-2087
-1971
-1927
-1677
-1159
-720
-354
139
674
981
1146
1236
1085
708
248
-370
-1080
-1836
-2620
-3333
-3946
-4452
-4951
-5304
-5577
-5848
-6156
-6337
-6126
-5750
-5358
-5096
-4304
-3308
-2462
-1386
-2
1200
2133
3351
4678
5546
6232
6974
7379
7734
7866
7613
7146
6646
5932
4929
4137
3403
2370
1499
1008
396
-299
-848
-1211
-1585
-1895
-2060
-2161
-2043
-1901
-1803
-1417
-871
-508
-139
419
927
1118
1270
1305
1032
623
131
-516
-1264
-2032
-2801
-3495
-4055
-4552
-5070
-5381
-5683
-5995
-6326
-6352
-6032
-5664
-5364
-4949
-3958
-3112
-2235
-1017
356
1370
2416
3820
5016
5758
6510
7169
7542
7886
7819
7494
7024
6481
5591
4639
3948
3023
1928
1233
716
-40
-705
-1173
-1535
-1915
-2130
-2266
-2247
-2005
-1889
-1662
-1094
-583
-271
208
817
1175
1302
1436
1311
913
452
-109
-835
-1597
-2384
-3180
-3822
-4314
-4882
-5339
-5612
-5930
-6258
-6482
-6225
-5885
-5523
-5197
-4373
-3407
-2596
-1533
-201
952
1892
3161
4503
5442
6141
6889
7343
7716
7821
7567
7167
6650
5904
4909
4147
3379
2323
1456
954
320
-386
-894
-1279
-1620
-1902
-2060
-2131
-1935
-1756
-1625
-1182
-630
-272
120
698
1128
1307
1423
1412
1082
588
54
-633
-1401
-2170
-2969
-3700
-4254
-4802
-5337
-5644
-5917
-6194
-6458
-6297
-5948
-5551
-5215
-4548
-3534
-2734
-1784
-545
690
1590
2664
3967
5005
5669
6403
6944
7296
7503
7331
6988
6504
5891
4932
4080
3400
2469
1531
1022
531
-142
-639
-950
-1222
-1491
-1629
-1733
-1627
-1417
-1284
-981
-472
-127
228
758
1246
1445
1557
1601
1384
939
400
-241
-1027
-1817
-2663
-3408
-4079
-4692
-5312
-5689
-6001
-6295
-6599
-6622
-6346
-6002
-5575
-5180
-4214
-3295
-2479
-1344
21
1107
2034
3296
4544
5297
5989
6717
7122
7438
7427
7146
6706
6176
5381
4358
3653
2866
1826
1123
725
111
-502
-828
-1033
-1304
-1492
-1592
-1604
-1384
-1249
-1049
-615
-184
86
562
1127
1469
1577
1686
1634
1312
857
281
-436
-1210
-2040
-2872
-3542
-4217
-4870
-5380
-5633
-5978
-6266
-6506
-6371
-6128
-5704
-5334
-4825
-3810
-3004
-2136
-880
460
1382
2408
3763
4866
5511
6313
6921
7256
7466
7312
6924
6417
5803
4828
3906
3270
2360
1365
883
432
-222
-712
-938
-1187
-1484
-1635
-1752
-1649
-1433
-1357
-1067
-557
-185
138
709
1244
1431
1519
1597
1449
1049
552
-113
-870
-1625
-2492
-3228
-3867
-4504
-5109
-5436
-5636
-5949
-6198
-6328
-6076
-5771
-5294
-4978
-4266
-3279
-2510
-1548
-190
993
1814
2968
4341
5268
5897
6691
7135
7406
7474
7191
6728
6196
5445
4423
3669
3005
2018
1205
846
287
-343
-736
-961
-1299
-1559
-1698
-1798
-1632
-1483
-1385
-992
-465
-146
242
849
1268
1349
1469
1477
1227
759
200
-538
-1277
-2058
-2920
-3586
-4216
-4823
-5348
-5565
-5823
-6118
-6339
-6363
-6055
-5655
-5188
-4822
-3902
-2946
-2115
-985
410
1448
2325
3654
4941
5681
6333
6995
7279
7465
7372
6956
6437
5865
4994
4038
3403
2633
1683
1096
732
117
-456
-725
-992
-1304
-1454
-1551
-1572
-1360
-1240
-1081
-605
-119
136
592
1187
1436
1484
1612
1510
1123
586
-46
-824
-1575
-2422
-3287
-3937
-4560
-5164
-5611
-5790
-6155
-6399
-6577
-6548
-6254
-5809
-5381
-4931
-3888
-2967
-2067
-829
557
1527
2541
3976
5159
5805
6509
7090
7326
7506
7350
6888
6367
5762
4821
3954
3361
2552
1662
1163
736
123
-380
-615
-914
-1201
-1364
-1481
-1429
-1213
-1147
-980
-468
-59
182
698
1287
1483
1567
1685
1525
1096
543
-115
-872
-1602
-2495
-3327
-3940
-4516
-5114
-5453
-5623
-6026
-6235
-6416
-6407
-6148
-5729
-5406
-4945
-3877
-3016
-2155
-875
523
1442
2502
3956
5124
5757
6496
7090
7308
7518
7342
6829
6308
5658
4677
3805
3197
2391
1493
1022
576
-4
-462
-726
-1019
-1309
-1532
-1684
-1571
-1317
-1275
-1082
-520
-108
172
737
1363
1603
1722
1849
1660
1247
697
-8
-770
-1496
-2430
-3296
-3905
-4490
-5114
-5432
-5577
-5975
-6210
-6379
-6394
-6117
-5683
-5370
-4928
-3839
-2963
-2156
-831
644
1576
2616
4063
5270
5921
6654
7291
7474
7681
7480
6912
6382
5742
4764
3854
3194
2376
1399
937
493
-137
-630
-969
-1265
-1598
-1854
-2015
-1920
-1688
-1647
-1435
-826
-385
-102
499
1188
1502
1655
1866
1734
1402
915
244
-476
-1187
-2111
-3018
-3599
-4216
-4902
-5284
-5408
-5822
-6113
-6255
-6346
-6126
-5697
-5315
-4991
-3964
-3063
-2324
-1038
480
1479
2478
3922
5187
5882
6620
7340
7533
7757
7629
7092
6553
6019
5139
4193
3500
2697
1641
1141
702
-42
-619
-998
-1303
-1710
-1958
-2124
-2164
-1986
-1915
-1732
-1149
-686
-430
138
904
1306
1473
1782
1786
1524
1134
573
-104
-807
-1678
-2606
-3214
-3844
-4606
-5127
-5307
-5774
-6187
-6363
-6554
-6454
-6100
-5681
-5488
-4595
-3633
-2910
-1715
-185
940
1939
3402
4796
5637
6413
7243
7585
7896
7928
7519
7013
6580
5801
4817
4093
3329
2259
1600
1079
266
-385
-838
-1227
-1652
-1926
-2177
-2339
-2148
-2052
-1946
-1420
-911
-625
-124
661
1158
1371
1691
1800
1604
1298
794
139
-513
-1289
-2194
-2854
-3439
-4213
-4832
-5100
-5581
-6114
-6353
-6664
-6626
-6335
-5928
-5803
-5034
-3950
-3194
-2081
-517
739
1724
3167
4658
5637
6349
7199
7658
7997
8093
7738
7248
6812
6060
5056
4291
3551
2483
1615
1049
245
-495
-1068
-1542
-1954
-2292
-2575
-2719
-2493
-2363
-2271
-1742
-1128
-763
-288
479
1076
1311
1563
1755
1640
1327
818
205
-395
-1093
-1944
-2604
-3146
-3871
-4540
-4849
-5257
-5844
-6120
-6505
-6483
-6241
-5875
-5724
-5049
-3896
-3092
-2033
-452
878
1820
3216
4730
5761
6378
7191
7702
8030
8131
7790
7321
6891
6159
5163
4396
3671
2602
1618
1065
251
-612
-1286
-1811
-2257
-2656
-2948
-3071
-2877
-2735
-2612
-2066
-1374
-989
-489
292
929
1199
1451
1732
1683
1389
927
356
-191
-839
-1678
-2357
-2895
-3619
-4376
-4717
-5059
-5722
-6032
-6417
-6523
-6338
-5992
-5780
-5244
-4065
-3170
-2157
-581
860
1798
3135
4705
5794
6419
7229
7822
8105
8269
8008
7554
7136
6478
5489
4679
4001
2990
1936
1331
518
-444
-1156
-1711
-2201
-2642
-2992
-3201
-3086
-2920
-2827
-2397
-1720
-1343
-882
-86
571
910
1205
1538
1564
1345
994
473
-37
-589
-1422
-2163
-2694
-3430
-4238
-4682
-5026
-5732
-6140
-6551
-6817
-6684
-6340
-6112
-5702
-4536
-3598
-2607
-1045
512
1495
2762
4398
5614
6360
7243
7934
8256
8544
8409
8014
7634
7078
6118
5246
4586
3612
2495
1773
942
-71
-846
-1475
-2046
-2534
-2981
-3318
-3294
-3104
-3081
-2791
-2147
-1724
-1289
-505
241
678
1026
1381
1498
1361
1103
652
173
-320
-1129
-1932
-2468
-3189
-3987
-4532
-4938
-5647
-6147
-6618
-6960
-6843
-6529
-6304
-5977
-4823
-3893
-2947
-1391
245
1274
2464
4141
5483
6294
7213
7975
8342
8676
8610
8258
7901
7396
6463
5540
4831
3855
2700
1915
1100
47
-785
-1462
-2059
-2551
-3032
-3414
-3448
-3231
-3229
-2972
-2316
-1829
-1403
-663
161
647
990
1349
1505
1383
1157
715
222
-286
-1082
-1926
-2495
-3180
-3959
-4539
-4967
-5634
-6157
-6621
-6955
-6814
-6539
-6284
-5977
-4830
-3871
-2987
-1492
182
1270
2420
4097
5496
6320
7197
7992
8388
8705
8646
8291
7923
7439
6519
5553
4769
3792
2653
1855
1075
23
-836
-1545
-2121
-2576
-3050
-3436
-3500
-3276
-3277
-3029
-2329
-1783
-1354
-635
197
703
1033
1397
1579
1488
1263
772
243
-282
-1068
-1917
-2527
-3204
-4004
-4589
-4998
-5620
-6114
-6512
-6871
-6738
-6455
-6174
-5875
-4785
-3752
-2915
-1520
159
1326
2490
4147
5551
6395
7214
8013
8414
8720
8676
8274
7876
7414
6514
5502
4655
3688
2564
1745
982
-39
-881
-1620
-2232
-2670
-3113
-3518
-3605
-3384
-3384
-3191
-2466
-1832
-1388
-649
189
698
1092
1520
1745
1725
1538
1011
459
-28
-799
-1686
-2326
-3011
-3902
-4529
-4937
-5568
-6146
-6492
-6961
-6964
-6679
-6404
-6198
-5257
-4090
-3274
-1999
-299
1022
2184
3827
5326
6268
7052
7924
8409
8745
8805
8438
8058
7634
6823
5777
4926
4057
2923
1992
1257
282
-577
-1361
-2050
-2518
-2988
-3471
-3639
-3437
-3413
-3333
-2710
-2011
-1602
-900
-21
556
1022
1482
1774
1818
1667
1193
639
179
-556
-1537
-2219
-2878
-3768
-4488
-4942
-5536
-6201
-6561
-7068
-7126
-6799
-6514
-6369
-5492
-4202
-3374
-2190
-442
994
2056
3627
5217
6201
6944
7858
8391
8715
8834
8509
8135
7725
6948
5853
5031
4278
3119
2089
1398
458
-448
-1231
-1921
-2408
-2910
-3448
-3670
-3455
-3354
-3334
-2791
-2063
-1692
-1065
-139
546
984
1379
1680
1713
1548
1096
536
73
-666
-1709
-2418
-3008
-3817
-4611
-5113
-5646
-6280
-6688
-7158
-7113
-6731
-6459
-6303
-5358
-4028
-3208
-2027
-227
1207
2181
3706
5322
6316
7090
7995
8508
8833
8933
8564
8201
7810
6965
5814
5018
4298
3091
2045
1347
413
-510
-1271
-1938
-2423
-2931
-3476
-3688
-3444
-3313
-3302
-2733
-2005
-1637
-1026
-117
572
932
1244
1502
1491
1286
780
177
-271
-1029
-2047
-2702
-3246
-4036
-4817
-5274
-5756
-6275
-6664
-7074
-6905
-6463
-6157
-5931
-4901
-3598
-2806
-1580
237
1582
2493
3995
5552
6500
7271
8112
8572
8879
8875
8409
8076
7694
6760
5597
4839
4078
2881
1882
1187
279
-598
-1342
-1986
-2458
-2965
-3494
-3664
-3404
-3338
-3322
-2680
-1937
-1534
-877
-16
600
941
1246
1476
1449
1216
635
-2
-409
-1146
-2117
-2685
-3237
-4083
-4823
-5208
-5706
-6204
-6590
-7053
-6913
-6486
-6153
-5949
-4939
-3696
-2970
-1716
129
1430
2330
3878
5428
6339
7121
7998
8479
8793
8780
8338
8043
7707
6788
5695
4981
4213
3061
2110
1478
577
-326
-1112
-1775
-2307
-2851
-3399
-3599
-3396
-3406
-3404
-2765
-1998
-1583
-923
-68
564
922
1260
1503
1499
1248
650
24
-405
-1142
-2110
-2680
-3233
-4063
-4817
-5194
-5666
-6157
-6584
-7076
-6917
-6515
-6179
-5995
-4961
-3749
-3037
-1731
116
1418
2374
3949
5499
6410
7156
7999
8491
8811
8766
8320
8003
7624
6677
5638
4935
4152
2983
2061
1467
562
-370
-1190
-1845
-2363
-2906
-3443
-3603
-3402
-3392
-3350
-2694
-1934
-1532
-878
17
689
1024
1333
1548
1531
1260
677
56
-473
-1277
-2248
-2872
-3420
-4203
-4997
-5382
-5810
-6236
-6688
-7066
-6801
-6405
-6091
-5855
-4722
-3555
-2801
-1444
327
1575
2602
4155
5659
6557
7226
7970
8444
8771
8649
8176
7860
7398
6396
5433
4791
3974
2777
1904
1309
408
-487
-1284
-1905
-2381
-2937
-3435
-3504
-3297
-3288
-3196
-2519
-1855
-1483
-793
88
714
1018
1272
1404
1354
1092
536
-69
-648
-1493
-2414
-3010
-3539
-4283
-5017
-5363
-5769
-6134
-6573
-6740
-6386
-6018
-5766
-5448
-4284
-3249
-2429
-1045
572
1652
2724
4242
5651
6481
7113
7784
8207
8523
8351
7902
7612
7104
6090
5245
4682
3833
2656
1923
1343
443
-405
-1148
-1733
-2249
-2827
-3272
-3308
-3173
-3215
-3062
-2375
-1846
-1479
-762
69
645
916
1130
1201
1116
832
302
-289
-879
-1721
-2555
-3084
-3632
-4377
-5018
-5359
-5741
-6142
-6597
-6543
-6167
-5855
-5722
-5217
-4025
-3166
-2249
-756
708
1624
2815
4385
5668
6406
7135
7775
8202
8495
8214
7784
7525
6948
5879
5138
4595
3600
2473
1950
1341
405
-423
-1105
-1658
-2236
-2792
-3153
-3145
-3101
-3184
-2851
-2108
-1677
-1273
-515
265
705
934
1145
1136
955
537
-104
-705
-1300
-2159
-2916
-3407
-4025
-4772
-5237
-5510
-5850
-6357
-6676
-6403
-5984
-5746
-5564
-4605
-3489
-2784
-1616
33
1248
2151
3557
5072
6045
6750
7520
8036
8466
8517
8009
7596
7276
6429
5323
4748
4040
2822
1930
1566
872
-7
-759
-1309
-1773
-2330
-2771
-2927
-2830
-2912
-2914
-2316
-1633
-1314
-821
-82
459
675
874
987
860
509
-168
-874
-1380
-2077
-2933
-3514
-3983
-4656
-5233
-5447
-5640
-6005
-6455
-6413
-5987
-5578
-5408
-4760
-3516
-2742
-1933
-453
1038
1950
3052
4537
5688
6372
7113
7714
8128
8405
8097
7544
7181
6620
5521
4656
4154
3141
2003
1480
1069
332
-405
-979
-1357
-1772
-2259
-2513
-2461
-2410
-2571
-2330
-1615
-1191
-936
-343
259
485
543
636
596
327
-240
-1007
-1550
-2081
-2927
-3587
-3967
-4445
-5062
-5368
-5455
-5680
-6081
-6182
-5806
-5388
-5115
-4736
-3587
-2602
-1958
-796
685
1745
2630
3941
5183
5903
6544
7203
7597
7946
7903
7443
7041
6604
5731
4744
4176
3446
2293
1564
1175
554
-131
-694
-1099
-1418
-1808
-2154
-2199
-2088
-2181
-2209
-1660
-1108
-916
-514
109
488
546
561
542
344
-90
-776
-1427
-1883
-2654
-3492
-3929
-4316
-4873
-5308
-5431
-5561
-5954
-6195
-5858
-5435
-5102
-4828
-3939
-2850
-2170
-1228
163
1341
2216
3337
4617
5447
6050
6761
7204
7575
7676
7325
6962
6622
5913
4951
4245
3635
2590
1708
1316
765
88
-476
-888
-1188
-1500
-1803
-1931
-1850
-1821
-1912
-1555
-951
-684
-397
120
604
762
736
695
484
67
-580
-1321
-1841
-2511
-3438
-4054
-4468
-4955
-5390
-5582
-5634
-5959
-6312
-6026
-5518
-5104
-4812
-4015
-2947
-2230
-1339
3
1218
2132
3197
4419
5290
5876
6591
7024
7387
7522
7147
6757
6443
5814
4852
4077
3450
2500
1579
1171
711
69
-445
-821
-1064
-1305
-1535
-1624
-1564
-1457
-1449
-1181
-636
-333
-67
351
789
953
881
770
491
27
-646
-1462
-2117
-2763
-3642
-4349
-4787
-5220
-5586
-5773
-5785
-5984
-6290
-5980
-5422
-4962
-4627
-3836
-2783
-2075
-1184
125
1281
2168
3208
4393
5258
5800
6478
6866
7154
7298
6934
6502
6148
5540
4578
3787
3144
2269
1388
975
587
-31
-478
-735
-899
-1075
-1254
-1280
-1181
-1081
-978
-681
-226
4
211
596
965
1035
883
701
361
-153
-869
-1706
-2435
-3124
-3927
-4604
-4989
-5374
-5715
-5862
-5828
-5963
-6169
-5761
-5149
-4685
-4334
-3538
-2496
-1782
-897
374
1447
2288
3235
4348
5213
5726
6298
6647
6895
6980
6616
6207
5819
5192
4267
3481
2824
1974
1164
745
391
-148
-591
-798
-857
-937
-1079
-1063
-855
-757
-679
-332
145
371
534
897
1239
1272
1103
877
557
47
-709
-1594
-2360
-3108
-3947
-4653
-5066
-5463
-5863
-6065
-5996
-6138
-6362
-5930
-5281
-4810
-4451
-3609
-2550
-1804
-877
401
1429
2291
3240
4302
5134
5672
6190
6512
6838
6925
6519
6110
5712
5016
4141
3362
2658
1740
917
482
107
-322
-713
-951
-985
-983
-1057
-957
-657
-527
-494
-161
323
584
824
1206
1482
1517
1387
1134
845
344
-426
-1352
-2163
-2989
-3893
-4635
-5169
-5654
-6071
-6320
-6279
-6393
-6604
-6202
-5535
-5024
-4648
-3721
-2571
-1779
-823
539
1596
2461
3486
4596
5374
5893
6416
6714
7045
7130
6690
6209
5770
4979
4058
3260
2528
1516
601
144
-282
-706
-1036
-1236
-1261
-1231
-1234
-1007
-622
-414
-343
31
522
753
1021
1452
1691
1687
1533
1263
935
376
-406
-1352
-2179
-3054
-4000
-4753
-5334
-5894
-6302
-6539
-6513
-6593
-6717
-6281
-5589
-5016
-4611
-3678
-2464
-1616
-681
690
1775
2612
3611
4717
5478
5962
6462
6751
7035
7073
6629
6115
5696
4919
3960
3161
2488
1487
554
127
-305
-767
-1100
-1275
-1266
-1213
-1197
-952
-526
-246
-158
250
792
996
1182
1567
1802
1759
1535
1258
889
279
-528
-1500
-2312
-3155
-4104
-4857
-5413
-5980
-6414
-6637
-6593
-6677
-6748
-6242
-5545
-4958
-4492
-3569
-2388
-1509
-560
741
1774
2589
3525
4552
5308
5793
6259
6537
6808
6838
6407
5917
5517
4792
3874
3097
2441
1507
615
196
-228
-675
-1027
-1231
-1190
-1084
-1043
-814
-390
-48
107
497
1080
1351
1556
1890
2151
2145
1885
1576
1206
581
-284
-1321
-2214
-3100
-4105
-4918
-5536
-6140
-6658
-6946
-6968
-7044
-7158
-6665
-5962
-5369
-4872
-3890
-2658
-1759
-765
561
1634
2435
3399
4451
5259
5770
6283
6540
6785
6879
6479
5968
5555
4819
3861
3065
2377
1455
538
81
-366
-817
-1153
-1348
-1296
-1143
-1070
-824
-391
-17
233
632
1229
1557
1845
2228
2537
2598
2379
2038
1660
1067
156
-931
-1903
-2854
-3934
-4802
-5445
-6093
-6684
-7025
-7136
-7219
-7417
-7020
-6314
-5684
-5244
-4297
-2925
-1966
-1006
367
1589
2401
3367
4501
5407
5887
6417
6696
6856
6989
6599
6009
5569
4863
3809
2928
2254
1343
353
-144
-560
-1053
-1394
-1553
-1475
-1289
-1195
-952
-468
-51
217
638
1294
1654
1924
2350
2693
2787
2604
2281
1861
1289
390
-750
-1757
-2696
-3818
-4770
-5390
-5999
-6649
-7021
-7132
-7210
-7454
-7156
-6476
-5791
-5327
-4534
-3162
-2079
-1127
188
1516
2440
3382
4478
5457
5940
6391
6717
6837
6970
6638
6014
5548
4945
3948
2994
2312
1470
444
-144
-506
-994
-1378
-1571
-1510
-1322
-1206
-1000
-544
-71
218
582
1247
1700
1934
2308
2653
2807
2635
2356
1950
1381
548
-596
-1639
-2562
-3641
-4678
-5371
-5939
-6589
-7046
-7198
-7225
-7461
-7310
-6672
-5966
-5411
-4776
-3530
-2372
-1408
-149
1194
2235
3189
4245
5262
5836
6251
6638
6775
6919
6706
6111
5623
5107
4222
3261
2548
1779
775
77
-262
-701
-1095
-1325
-1362
-1232
-1121
-969
-622
-148
197
498
1086
1643
1913
2237
2606
2869
2766
2513
2177
1650
903
-183
-1244
-2174
-3211
-4286
-5102
-5719
-6380
-6915
-7181
-7239
-7442
-7533
-7026
-6338
-5733
-5235
-4200
-2954
-2040
-883
509
1649
2562
3601
4736
5483
5911
6402
6650
6817
6781
6274
5758
5321
4553
3576
2808
2126
1197
358
1
-372
-808
-1053
-1164
-1131
-1065
-996
-783
-382
-5
258
750
1368
1701
2002
2443
2860
2912
2716
2431
1972
1320
342
-726
-1655
-2643
-3739
-4647
-5297
-5959
-6561
-6889
-7016
-7190
-7463
-7198
-6559
-5933
-5478
-4709
-3419
-2436
-1466
-72
1234
2120
3049
4269
5255
5751
6256
6635
6830
6923
6560
5979
5536
4910
3921
3008
2336
1521
542
33
-262
-737
-1076
-1218
-1230
-1192
-1154
-1045
-716
-311
-58
334
980
1422
1684
2129
2672
2901
2794
2551
2142
1569
723
-316
-1270
-2194
-3262
-4248
-4945
-5562
-6197
-6596
-6761
-6885
-7183
-7184
-6677
-6029
-5533
-5011
-3881
-2755
-1933
-739
709
1706
2481
3617
4821
5494
5982
6456
6723
6905
6758
6231
5719
5244
4394
3384
2663
1990
1004
274
-26
-435
-863
-1103
-1154
-1122
-1061
-1002
-781
-385
-125
119
679
1221
1479
1818
2358
2729
2716
2520
2166
1676
971
8
-992
-1891
-2880
-3937
-4721
-5321
-5938
-6437
-6692
-6796
-7005
-7168
-6857
-6269
-5703
-5290
-4463
-3268
-2392
-1452
-77
1132
1905
2867
4119
5074
5608
6129
6502
6761
6820
6485
5966
5527
4940
4006
3182
2599
1740
821
387
39
-405
-741
-898
-926
-872
-821
-735
-428
-129
8
376
967
1300
1558
2017
2487
2643
2539
2308
1893
1371
608
-375
-1329
-2208
-3257
-4204
-4823
-5426
-6032
-6393
-6613
-6764
-7017
-6982
-6533
-6024
-5578
-5139
-4113
-3069
-2296
-1214
157
1079
1833
2967
4150
4881
5396
5972
6298
6544
6499
6104
5680
5260
4572
3724
3086
2439
1486
757
455
46
-377
-625
-738
-747
-734
-731
-621
-325
-151
-16
502
1031
1248
1617
2142
2521
2579
2490
2283
1824
1286
500
-461
-1366
-2298
-3347
-4152
-4745
-5379
-5940
-6182
-6421
-6623
-6830
-6729
-6270
-5807
-5387
-4951
-3868
-2916
-2156
-1019
335
1145
1929
3154
4260
4893
5441
6035
6297
6513
6402
5959
5555
5110
4328
3538
2952
2248
1321
724
514
96
-312
-524
-602
-634
-704
-764
-662
-419
-340
-185
376
835
977
1389
1928
2220
2227
2171
1993
1536
985
213
-675
-1524
-2465
-3415
-4100
-4712
-5317
-5795
-5964
-6194
-6394
-6514
-6450
-6030
-5565
-5160
-4781
-3763
-2859
-2105
-1006
299
1162
2004
3238
4321
5001
5561
6126
6410
6618
6520
6104
5690
5246
4481
3716
3119
2447
1610
1071
842
415
-38
-319
-462
-605
-801
-947
-908
-760
-738
-609
-99
360
529
931
1495
1803
1840
1827
1751
1367
817
121
-688
-1461
-2336
-3189
-3844
-4471
-5057
-5523
-5701
-5898
-6122
-6239
-6301
-5962
-5558
-5205
-4904
-4062
-3204
-2519
-1534
-237
784
1634
2849
4036
4849
5390
6032
6448
6667
6655
6345
5961
5580
4930
4138
3544
2990
2246
1660
1382
964
420
36
-205
-483
-779
-1005
-1080
-1004
-977
-920
-519
-7
246
609
1220
1632
1738
1774
1811
1522
973
358
-389
-1104
-1895
-2723
-3398
-4007
-4618
-5145
-5361
-5533
-5831
-6051
-6271
-6109
-5810
-5505
-5288
-4709
-3913
-3308
-2470
-1164
-15
793
1949
3315
4308
4874
5675
6273
6540
6648
6478
6181
5891
5384
4593
3986
3503
2831
2170
1850
1453
813
338
27
-349
-723
-1029
-1210
-1195
-1140
-1088
-810
-319
13
362
968
1482
1682
1759
1854
1681
1172
614
-62
-771
-1512
-2326
-3030
-3605
-4215
-4805
-5104
-5264
-5568
-5852
-6133
-6178
-5987
-5712
-5493
-5134
-4404
-3729
-2995
-1798
-521
395
1423
2864
4107
4789
5599
6351
6740
6923
6855
6620
6341
5929
5216
4520
3981
3374
2631
2139
1731
1060
455
32
-415
-864
-1291
-1569
-1627
-1575
-1523
-1381
-970
-568
-243
283
882
1239
1389
1531
1542
1206
738
190
-456
-1132
-1875
-2583
-3110
-3666
-4310
-4763
-4972
-5236
-5576
-5853
-6064
-6076
-5905
-5660
-5447
-4888
-4109
-3395
-2427
-1110
41
1006
2387
3823
4715
5491
6349
6924
7223
7312
7183
6907
6581
6037
5303
4664
4083
3312
2595
2076
1400
677
67
-481
-1000
-1512
-1889
-2046
-2029
-2010
-1969
-1649
-1199
-885
-436
221
735
1017
1236
1413
1322
1002
569
37
-560
-1215
-1927
-2532
-3110
-3784
-4410
-4801
-5096
-5500
-5805
-6132
-6363
-6335
-6118
-5948
-5608
-4831
-4051
-3253
-2023
-658
403
1681
3183
4366
5195
6072
6857
7322
7599
7647
7448
7187
6835
6195
5500
4922
4235
3367
2653
1990
1212
419
-231
-840
-1427
-1920
-2239
-2303
-2306
-2329
-2146
-1713
-1334
-945
-323
324
771
1062
1343
1488
1363
1030
623
121
-442
-1108
-1838
-2512
-3170
-3878
-4472
-4893
-5350
-5778
-6179
-6591
-6751
-6623
-6434
-6286
-5702
-4812
-4033
-2979
-1511
-217
968
2422
3888
4964
5807
6707
7371
7763
7986
7908
7669
7400
6895
6148
5479
4834
3921
2937
2185
1386
420
-330
-998
-1673
-2229
-2653
-2847
-2814
-2770
-2657
-2297
-1762
-1300
-797
-78
598
998
1322
1657
1760
1539
1223
815
307
-291
-1088
-1885
-2543
-3255
-4017
-4613
-5114
-5652
-6158
-6624
-6992
-7012
-6828
-6679
-6380
-5510
-4575
-3663
-2282
-730
535
1848
3437
4860
5837
6678
7525
8035
8342
8414
8231
7941
7539
6815
6009
5277
4413
3326
2342
1527
513
-413
-1111
-1803
-2416
-2898
-3218
-3232
-3137
-3022
-2751
-2223
-1624
-1172
-562
237
838
1224
1630
1936
1901
1651
1344
916
402
-343
-1194
-1885
-2564
-3406
-4163
-4743
-5317
-5954
-6461
-6952
-7223
-7182
-6984
-6804
-6243
-5264
-4320
-3168
-1631
-137
1124
2615
4237
5546
6405
7286
8005
8399
8609
8602
8334
7957
7369
6556
5710
4848
3860
2721
1773
832
-210
-1087
-1787
-2460
-3043
-3496
-3668
-3625
-3524
-3275
-2856
-2231
-1670
-1110
-342
476
1045
1496
1906
2102
1990
1737
1418
958
357
-454
-1208
-1916
-2736
-3599
-4307
-4921
-5590
-6215
-6710
-7185
-7358
-7214
-6951
-6659
-5917
-4860
-3822
-2553
-965
494
1835
3426
5003
6161
6996
7870
8461
8786
8958
8836
8459
7993
7320
6473
5571
4659
3601
2504
1566
567
-487
-1376
-2106
-2845
-3464
-3913
-4068
-4040
-3888
-3586
-3054
-2370
-1754
-1031
-126
722
1269
1732
2107
2248
2067
1767
1390
861
204
-641
-1451
-2237
-3109
-3978
-4691
-5322
-6018
-6630
-7118
-7564
-7643
-7389
-7069
-6716
-5784
-4631
-3576
-2185
-484
982
2370
4059
5593
6642
7514
8403
8885
9149
9249
8998
8534
8025
7284
6331
5387
4440
3336
2260
1318
281
-773
-1649
-2406
-3153
-3751
-4198
-4332
-4241
-4059
-3738
-3105
-2337
-1665
-858
109
951
1464
1934
2303
2402
2159
1806
1369
779
35
-925
-1785
-2602
-3527
-4406
-5110
-5729
-6403
-6936
-7386
-7766
-7710
-7359
-6990
-6500
-5385
-4212
-3075
-1540
224
1701
3133
4853
6343
7376
8256
9065
9467
9646
9602
9223
8684
8071
7153
6066
5067
4058
2863
1724
750
-289
-1334
-2212
-2934
-3608
-4167
-4559
-4608
-4438
-4215
-3843
-3130
-2315
-1626
-813
151
972
1472
1935
2292
2373
2116
1733
1267
649
-165
-1156
-2028
-2873
-3815
-4693
-5389
-5979
-6600
-7069
-7456
-7703
-7531
-7127
-6663
-6040
-4894
-3713
-2474
-902
829
2287
3688
5341
6773
7763
8573
9316
9678
9753
9607
9206
8611
7862
6879
5786
4746
3653
2409
1251
258
-798
-1846
-2701
-3363
-3972
-4476
-4741
-4683
-4470
-4208
-3751
-2994
-2193
-1514
-676
299
1076
1565
2043
2412
2454
2186
1796
1326
692
-160
-1156
-2056
-2928
-3908
-4797
-5461
-6048
-6651
-7056
-7360
-7545
-7339
-6876
-6372
-5740
-4648
-3455
-2203
-682
960
2358
3733
5317
6659
7614
8421
9127
9460
9546
9419
9019
8403
7666
6744
5681
4612
3480
2267
1132
101
-978
-1993
-2836
-3502
-4059
-4470
-4663
-4597
-4359
-4052
-3570
-2837
-2039
-1310
-444
520
1292
1836
2334
2672
2668
2401
1978
1451
780
-95
-1140
-2119
-3019
-3977
-4846
-5498
-6085
-6614
-6961
-7274
-7479
-7248
-6762
-6337
-5750
-4658
-3454
-2292
-822
837
2240
3601
5171
6545
7495
8285
8983
9362
9460
9326
8921
8337
7642
6721
5630
4538
3400
2169
989
-60
-1103
-2118
-3001
-3671
-4173
-4555
-4782
-4723
-4451
-4132
-3672
-2923
-2072
-1304
-437
537
1351
1946
2452
2795
2810
2537
2065
1487
798
-108
-1199
-2208
-3086
-3990
-4828
-5433
-5938
-6407
-6745
-7024
-7201
-6993
-6539
-6136
-5553
-4475
-3293
-2178
-724
976
2389
3716
5301
6724
7653
8409
9118
9505
9556
9393
8989
8391
7646
6664
5528
4406
3228
1950
736
-327
-1348
-2353
-3248
-3946
-4435
-4844
-5123
-5065
-4759
-4462
-4013
-3200
-2302
-1525
-641
387
1226
1860
2409
2783
2852
2628
2156
1571
927
44
-1057
-2032
-2842
-3733
-4579
-5144
-5610
-6110
-6473
-6695
-6870
-6741
-6339
-5900
-5340
-4324
-3142
-2019
-594
1071
2493
3794
5340
6761
7718
8478
9183
9556
9608
9462
9042
8375
7580
6556
5351
4190
3026
1727
483
-571
-1575
-2565
-3413
-4105
-4650
-5083
-5331
-5288
-5013
-4689
-4229
-3442
-2507
-1666
-779
263
1165
1834
2370
2753
2890
2700
2233
1665
1049
183
-889
-1825
-2613
-3498
-4362
-4941
-5419
-5948
-6349
-6579
-6790
-6707
-6362
-5923
-5407
-4460
-3286
-2165
-753
889
2332
3638
5168
6595
7637
8438
9166
9566
9662
9551
9113
8430
7618
6596
5380
4228
3098
1837
622
-420
-1446
-2425
-3297
-4010
-4584
-5026
-5276
-5265
-5003
-4677
-4232
-3462
-2492
-1617
-723
339
1285
1950
2462
2828
2990
2791
2312
1751
1130
275
-782
-1715
-2516
-3387
-4260
-4844
-5332
-5907
-6374
-6619
-6862
-6837
-6525
-6071
-5628
-4772
-3557
-2404
-1003
652
2176
3501
5044
6512
7625
8417
9159
9573
9655
9521
9037
8352
7531
6527
5309
4150
3064
1827
630
-413
-1470
-2473
-3403
-4116
-4697
-5130
-5358
-5350
-5074
-4719
-4251
-3442
-2428
-1524
-620
453
1422
2070
2568
2923
3076
2853
2364
1812
1182
324
-730
-1666
-2478
-3336
-4179
-4754
-5265
-5865
-6326
-6575
-6826
-6769
-6415
-5948
-5518
-4616
-3348
-2172
-762
933
2457
3769
5308
6766
7825
8540
9214
9566
9576
9346
8788
8084
7242
6199
4950
3792
2726
1465
258
-775
-1827
-2842
-3766
-4439
-4971
-5346
-5506
-5432
-5087
-4666
-4149
-3264
-2210
-1307
-398
671
1608
2205
2676
3016
3131
2872
2357
1783
1147
279
-778
-1702
-2499
-3355
-4161
-4727
-5254
-5826
-6206
-6450
-6664
-6498
-6103
-5638
-5116
-4092
-2857
-1698
-248
1426
2848
4127
5621
6975
7884
8503
9052
9312
9255
8917
8337
7611
6729
5651
4429
3317
2257
1024
-153
-1164
-2163
-3141
-3996
-4587
-5025
-5333
-5446
-5270
-4842
-4409
-3859
-2934
-1895
-1043
-152
892
1769
2302
2715
3039
3132
2835
2274
1703
1079
194
-871
-1745
-2505
-3390
-4201
-4761
-5264
-5830
-6188
-6404
-6594
-6426
-6060
-5563
-4983
-3971
-2781
-1594
-118
1514
2914
4176
5630
6926
7754
8314
8814
9042
8956
8576
8053
7328
6448
5430
4277
3221
2191
1035
-101
-1089
-2048
-3004
-3794
-4331
-4768
-5063
-5171
-4978
-4575
-4165
-3595
-2714
-1729
-907
-41
958
1815
2316
2680
2994
3076
2763
2202
1653
1024
138
-923
-1769
-2525
-3427
-4257
-4829
-5278
-5844
-6206
-6375
-6577
-6454
-6088
-5549
-5018
-4060
-2853
-1642
-193
1445
2893
4125
5581
6898
7726
8273
8774
8991
8883
8495
7985
7244
6388
5422
4294
3256
2247
1122
-1
-975
-1930
-2862
-3623
-4181
-4662
-4951
-5075
-4947
-4591
-4190
-3629
-2815
-1868
-1045
-204
749
1608
2116
2470
2766
2844
2575
2057
1519
926
109
-924
-1760
-2507
-3355
-4178
-4747
-5132
-5673
-6015
-6149
-6363
-6260
-5871
-5336
-4853
-3941
-2748
-1572
-189
1419
2869
4049
5479
6783
7636
8219
8686
8893
8811
8461
7931
7187
6364
5429
4318
3305
2290
1160
54
-922
-1874
-2770
-3535
-4169
-4664
-4933
-5074
-5001
-4656
-4244
-3718
-2941
-1993
-1178
-362
576
1452
2012
2404
2729
2838
2641
2188
1675
1143
394
-587
-1452
-2224
-3040
-3888
-4493
-4911
-5452
-5862
-6045
-6296
-6290
-5940
-5448
-4979
-4178
-3013
-1864
-561
987
2468
3631
4978
6294
7266
7933
8411
8688
8701
8476
7998
7299
6515
5666
4597
3584
2574
1469
340
-677
-1607
-2507
-3340
-4061
-4561
-4856
-5042
-5015
-4706
-4299
-3818
-3090
-2145
-1308
-508
419
1334
1993
2448
2830
3020
2920
2548
2063
1559
846
-91
-1046
-1894
-2730
-3648
-4348
-4858
-5400
-5906
-6172
-6436
-6541
-6253
-5784
-5313
-4638
-3494
-2330
-1100
396
1952
3161
4420
5777
6890
7614
8131
8491
8565
8427
8027
7376
6601
5817
4785
3746
2756
1724
581
-486
-1393
-2306
-3176
-3916
-4427
-4773
-4992
-4992
-4731
-4313
-3825
-3140
-2208
-1291
-446
472
1421
2162
2644
3048
3311
3285
2938
2417
1895
1187
256
-781
-1688
-2536
-3476
-4243
-4803
-5306
-5824
-6129
-6358
-6522
-6303
-5845
-5375
-4789
-3731
-2554
-1389
32
1617
2911
4105
5453
6651
7424
7938
8335
8451
8325
7955
7347
6577
5769
4764
3698
2697
1700
580
-527
-1457
-2350
-3191
-3925
-4458
-4818
-5045
-5078
-4873
-4453
-3952
-3326
-2426
-1440
-523
398
1367
2185
2709
3137
3446
3488
3169
2619
2063
1377
478
-561
-1488
-2304
-3204
-4008
-4590
-5072
-5569
-5918
-6102
-6310
-6240
-5826
-5330
-4805
-3928
-2750
-1604
-322
1218
2628
3807
5070
6321
7218
7744
8170
8375
8295
8005
7481
6754
5932
5012
3954
2890
1889
814
-340
-1347
-2213
-3028
-3785
-4366
-4734
-4959
-5030
-4934
-4597
-4124
-3587
-2812
-1851
-897
3
956
1862
2510
2995
3359
3507
3332
2872
2321
1684
893
-70
-1021
-1847
-2707
-3562
-4259
-4803
-5309
-5751
-6012
-6257
-6357
-6071
-5581
-5071
-4374
-3272
-2100
-934
517
2052
3306
4471
5748
6841
7476
7924
8262
8322
8151
7752
7128
6338
5501
4491
3363
2332
1294
131
-986
-1879
-2686
-3461
-4095
-4489
-4716
-4815
-4798
-4545
-4088
-3593
-2950
-2084
-1141
-260
654
1561
2306
2835
3228
3443
3417
3095
2554
1931
1234
354
-636
-1533
-2397
-3276
-4111
-4772
-5326
-5815
-6181
-6454
-6650
-6505
-6049
-5534
-4947
-3990
-2798
-1667
-298
1313
2701
3813
5071
6341
7187
7658
8075
8298
8216
7914
7397
6681
5881
4931
3797
2748
1761
662
-499
-1446
-2250
-3025
-3690
-4123
-4387
-4533
-4542
-4352
-3918
-3424
-2869
-2124
-1228
-361
491
1337
2122
2701
3110
3380
3465
3272
2781
2183
1554
759
-233
-1195
-2060
-2912
-3802
-4548
-5136
-5654
-6093
-6394
-6646
-6667
-6292
-5789
-5310
-4536
-3365
-2228
-972
631
2136
3254
4440
5797
6839
7383
7823
8158
8149
7914
7489
6833
6067
5173
4067
2990
2036
1002
-162
-1170
-1998
-2792
-3500
-3982
-4316
-4535
-4585
-4451
-4075
-3570
-3058
-2403
-1521
-623
188
1004
1873
2558
3004
3355
3569
3496
3091
2542
1946
1225
273
-748
-1643
-2484
-3401
-4213
-4816
-5341
-5854
-6210
-6460
-6614
-6375
-5870
-5404
-4796
-3711
-2530
-1375
105
1665
2866
3969
5292
6468
7136
7590
8004
8095
7916
7570
6992
6250
5408
4369
3258
2258
1247
112
-964
-1844
-2651
-3410
-3964
-4350
-4629
-4736
-4669
-4388
-3914
-3407
-2808
-1962
-1025
-191
624
1568
2389
2910
3312
3638
3693
3398
2911
2325
1641
769
-261
-1235
-2122
-3068
-3954
-4607
-5126
-5659
-6079
-6331
-6528
-6402
-5933
-5419
-4881
-3940
-2751
-1637
-300
1245
2563
3658
4898
6129
6933
7426
7891
8103
7997
7709
7205
6510
5724
4793
3686
2606
1598
505
-609
-1543
-2369
-3193
-3844
-4264
-4578
-4750
-4723
-4507
-4079
-3550
-2959
-2181
-1233
-339
485
1412
2284
2863
3253
3589
3709
3459
2963
2362
1674
825
-204
-1245
-2187
-3147
-4094
-4805
-5313
-5813
-6231
-6462
-6656
-6589
-6160
-5616
-5084
-4265
-3110
-1994
-737
823
2277
3429
4646
5919
6846
7379
7849
8140
8090
7817
7335
6655
5894
5046
3994
2890
1912
884
-231
-1165
-1953
-2795
-3534
-3973
-4273
-4515
-4539
-4338
-3949
-3420
-2821
-2110
-1191
-259
543
1421
2306
2922
3290
3606
3782
3575
3041
2425
1761
912
-122
-1187
-2153
-3084
-4049
-4836
-5349
-5820
-6279
-6527
-6714
-6776
-6481
-5973
-5460
-4795
-3725
-2570
-1396
112
1724
3006
4203
5533
6640
7267
7729
8113
8159
7927
7509
6865
6071
5255
4298
3200
2192
1221
131
-872
-1651
-2428
-3223
-3768
-4063
-4318
-4434
-4292
-3953
-3464
-2878
-2200
-1336
-405
388
1216
2131
2847
3276
3605
3846
3779
3337
2733
2100
1304
301
-775
-1788
-2703
-3651
-4541
-5145
-5606
-6126
-6482
-6667
-6825
-6721
-6298
-5760
-5193
-4275
-3069
-1905
-580
1043
2506
3694
4953
6193
7007
7476
7890
8078
7951
7611
7051
6267
5442
4574
3521
2455
1466
429
-620
-1480
-2203
-2945
-3573
-3962
-4197
-4328
-4283
-4058
-3632
-3048
-2427
-1657
-748
86
856
1733
2563
3112
3479
3757
3819
3579
3076
2481
1764
851
-180
-1235
-2172
-3078
-4013
-4766
-5286
-5820
-6323
-6560
-6752
-6823
-6556
-6014
-5437
-4713
-3555
-2304
-1107
351
1925
3189
4358
5608
6619
7181
7570
7855
7844
7616
7175
6471
5648
4822
3870
2764
1745
784
-240
-1175
-1927
-2596
-3242
-3712
-3993
-4106
-4095
-3965
-3646
-3096
-2477
-1827
-969
-87
718
1488
2316
3020
3428
3718
3841
3735
3355
2769
2090
1259
265
-821
-1852
-2764
-3734
-4606
-5257
-5793
-6315
-6677
-6838
-7019
-6873
-6403
-5765
-5124
-4160
-2849
-1606
-310
1221
2649
3765
4962
6113
6889
7295
7606
7727
7601
7296
6756
5988
5180
4307
3277
2195
1264
355
-628
-1431
-2121
-2715
-3259
-3611
-3785
-3802
-3723
-3535
-3120
-2562
-1996
-1314
-443
355
1126
1850
2592
3123
3437
3656
3646
3410
2910
2262
1525
669
-370
-1463
-2418
-3324
-4296
-5034
-5628
-6126
-6542
-6768
-6901
-6988
-6599
-6023
-5365
-4641
-3489
-2194
-976
372
1876
3110
4131
5317
6338
6952
7278
7536
7587
7438
7069
6498
5758
4980
4057
3004
2002
1112
183
-772
-1515
-2170
-2728
-3236
-3516
-3626
-3618
-3512
-3256
-2776
-2273
-1746
-1015
-176
542
1269
1962
2618
3022
3295
3437
3338
3015
2442
1762
1008
150
-925
-1968
-2852
-3752
-4660
-5302
-5838
-6249
-6579
-6722
-6805
-6723
-6203
-5596
-4927
-4122
-2913
-1707
-533
789
2218
3279
4278
5428
6329
6827
7148
7418
7426
7256
6857
6307
5604
4839
3911
2899
1960
1084
140
-772
-1480
-2082
-2641
-3109
-3339
-3448
-3438
-3311
-2986
-2504
-2060
-1519
-760
27
700
1386
2063
2653
2992
3213
3297
3175
2774
2173
1479
707
-201
-1291
-2299
-3195
-4092
-4944
-5538
-6002
-6355
-6664
-6769
-6792
-6579
-6055
-5434
-4752
-3899
-2735
-1614
-447
865
2238
3250
4311
5434
6269
6729
7084
7333
7282
7085
6664
6108
5403
4645
3754
2773
1861
994
57
-797
-1457
-2002
-2536
-2928
-3120
-3206
-3148
-2967
-2593
-2140
-1681
-1103
-379
338
964
1615
2263
2773
3060
3219
3276
3143
2678
2060
1354
535
-433
-1506
-2507
-3421
-4283
-5075
-5604
-5992
-6315
-6587
-6655
-6662
-6414
-5905
-5265
-4588
-3741
-2630
-1556
-388
895
2199
3180
4237
5301
6075
6496
6821
7010
6914
6709
6283
5724
5045
4339
3521
2587
1748
927
15
-765
-1369
-1884
-2405
-2774
-2947
-3002
-2936
-2751
-2377
-1968
-1515
-963
-301
331
877
1485
2104
2576
2843
2988
3067
2989
2553
1942
1282
506
-443
-1451
-2371
-3204
-4021
-4757
-5232
-5598
-5934
-6200
-6262
-6324
-6158
-5699
-5096
-4469
-3700
-2625
-1585
-463
783
2041
2994
4000
5023
5785
6235
6600
6805
6743
6605
6245
5730
5103
4463
3686
2765
1961
1145
224
-563
-1183
-1743
-2310
-2731
-2944
-3014
-2991
-2880
-2546
-2154
-1723
-1209
-553
84
603
1196
1820
2331
2615
2789
2890
2847
2466
1857
1216
487
-414
-1376
-2244
-3009
-3798
-4525
-5008
-5387
-5750
-6035
-6092
-6159
-6071
-5655
-5091
-4498
-3819
-2783
-1745
-701
528
1795
2777
3739
4765
5596
6126
6571
6865
6898
6844
6563
6136
5564
4980
4231
3291
2480
1645
728
-106
-770
-1407
-2058
-2550
-2838
-2993
-3073
-3081
-2855
-2510
-2115
-1635
-994
-332
208
775
1392
1947
2260
2478
2634
2625
2309
1751
1147
467
-361
-1261
-2101
-2848
-3620
-4350
-4855
-5255
-5643
-5975
-6062
-6136
-6099
-5716
-5207
-4670
-4064
-3062
-2029
-1041
192
1512
2527
3465
4542
5498
6087
6562
6930
7038
7013
6762
6383
5839
5261
4504
3557
2745
1909
999
151
-507
-1143
-1812
-2314
-2572
-2761
-2902
-2922
-2738
-2430
-2084
-1611
-973
-327
219
752
1345
1864
2133
2331
2489
2468
2125
1576
983
293
-527
-1410
-2226
-2979
-3734
-4427
-4896
-5271
-5637
-5948
-6038
-6151
-6111
-5709
-5211
-4702
-4080
-3056
-2053
-1058
209
1537
2500
3435
4533
5511
6116
6587
6931
7034
7017
6782
6396
5875
5309
4523
3608
2837
2027
1088
246
-424
-1070
-1738
-2272
-2547
-2772
-2950
-2984
-2827
-2543
-2247
-1806
-1158
-517
22
579
1233
1757
2032
2248
2416
2404
2082
1587
1022
348
-466
-1336
-2128
-2866
-3610
-4292
-4772
-5152
-5513
-5819
-5923
-6102
-6098
-5738
-5245
-4726
-4070
-3032
-2049
-1018
287
1619
2584
3563
4672
5612
6223
6702
7021
7086
7051
6843
6443
5917
5349
4547
3633
2839
2036
1078
223
-479
-1155
-1817
-2374
-2697
-2934
-3108
-3154
-3022
-2752
-2443
-2022
-1397
-751
-186
409
1109
1675
2024
2279
2438
2429
2164
1724
1174
552
-224
-1078
-1864
-2592
-3350
-4063
-4609
-5019
-5412
-5756
-5892
-6068
-6120
-5836
-5342
-4802
-4183
-3203
-2197
-1163
80
1395
2458
3461
4560
5517
6160
6619
6952
7061
7046
6875
6526
6036
5490
4727
3810
2956
2149
1197
286
-439
-1103
-1767
-2345
-2703
-2942
-3112
-3172
-3076
-2840
-2524
-2119
-1548
-900
-277
332
1011
1630
2079
2371
2525
2521
2308
1896
1350
764
38
-805
-1629
-2402
-3173
-3926
-4577
-5062
-5490
-5901
-6118
-6256
-6345
-6121
-5617
-5030
-4432
-3505
-2432
-1378
-205
1093
2273
3275
4362
5384
6100
6561
6937
7121
7151
7022
6718
6257
5716
5033
4129
3188
2344
1426
452
-325
-995
-1662
-2237
-2616
-2869
-3042
-3094
-3022
-2805
-2498
-2115
-1605
-975
-327
291
919
1539
2015
2318
2496
2499
2322
1938
1407
826
139
-678
-1525
-2344
-3108
-3856
-4522
-5045
-5479
-5883
-6171
-6303
-6424
-6274
-5812
-5228
-4678
-3839
-2730
-1684
-580
702
1959
2941
3975
5071
5919
6429
6871
7183
7293
7260
7043
6651
6116
5530
4730
3757
2880
2003
983
113
-605
-1321
-1961
-2424
-2735
-3000
-3143
-3144
-2985
-2717
-2395
-1951
-1369
-740
-108
500
1124
1635
1957
2188
2271
2191
1890
1401
852
234
-531
-1383
-2237
-3004
-3770
-4457
-4977
-5425
-5804
-6119
-6275
-6399
-6316
-5929
-5368
-4843
-4110
-2988
-1929
-871
407
1748
2775
3762
4887
5874
6454
6902
7320
7482
7506
7336
7012
6474
5871
5150
4190
3284
2427
1401
439
-310
-1037
-1721
-2274
-2621
-2935
-3179
-3262
-3184
-2933
-2631
-2229
-1690
-1078
-450
138
771
1347
1703
1936
2080
2099
1894
1436
915
375
-318
-1125
-1983
-2755
-3524
-4273
-4818
-5272
-5670
-6025
-6199
-6313
-6301
-5987
-5459
-4922
-4299
-3246
-2162
-1144
66
1432
2549
3519
4627
5705
6411
6845
7311
7537
7593
7442
7142
6637
5998
5290
4365
3443
2600
1612
579
-217
-924
-1603
-2229
-2638
-2949
-3209
-3340
-3329
-3102
-2774
-2375
-1852
-1230
-594
-9
612
1263
1708
1959
2136
2226
2128
1743
1235
721
70
-704
-1557
-2381
-3149
-3953
-4608
-5098
-5521
-5938
-6179
-6276
-6349
-6136
-5641
-5054
-4490
-3603
-2484
-1459
-363
957
2180
3152
4198
5329
6176
6628
7071
7380
7467
7354
7061
6576
5934
5250
4396
3468
2646
1774
761
-75
-727
-1358
-2013
-2489
-2802
-3056
-3196
-3233
-3083
-2797
-2448
-1993
-1416
-807
-226
343
991
1533
1833
2064
2222
2214
1958
1502
1002
417
-332
-1171
-2011
-2784
-3558
-4265
-4802
-5215
-5632
-5950
-6046
-6153
-6096
-5695
-5121
-4563
-3884
-2844
-1791
-809
408
1685
2706
3667
4813
5808
6369
6821
7257
7446
7430
7253
6841
6239
5602
4845
3928
3072
2267
1306
379
-318
-966
-1695
-2299
-2688
-3017
-3260
-3369
-3326
-3137
-2879
-2519
-2001
-1407
-804
-226
408
1056
1461
1761
2033
2118
1989
1642
1165
649
-13
-844
-1680
-2448
-3210
-3940
-4531
-4973
-5362
-5716
-5854
-5928
-5994
-5720
-5197
-4632
-4059
-3171
-2095
-1149
-37
1242
2338
3264
4356
5458
6167
6635
7125
7439
7498
7421
7123
6593
6002
5340
4476
3588
2779
1866
906
114
-571
-1328
-2035
-2504
-2884
-3220
-3416
-3447
-3336
-3115
-2805
-2361
-1787
-1177
-602
-11
652
1144
1439
1738
1896
1815
1567
1152
664
104
-636
-1447
-2205
-2922
-3645
-4277
-4768
-5158
-5509
-5735
-5779
-5862
-5751
-5329
-4755
-4227
-3525
-2495
-1517
-508
706
1915
2868
3865
5001
5918
6462
6942
7367
7534
7522
7327
6924
6359
5775
5020
4104
3248
2350
1376
487
-262
-1004
-1773
-2354
-2766
-3127
-3397
-3491
-3416
-3239
-2928
-2522
-1990
-1348
-741
-168
475
1061
1417
1667
1867
1868
1669
1319
849
334
-315
-1097
-1891
-2618
-3318
-4013
-4565
-5010
-5366
-5684
-5836
-5900
-5901
-5630
-5116
-4533
-3972
-3081
-2037
-1049
36
1285
2389
3299
4360
5429
6161
6610
7099
7412
7484
7377
7096
6613
5991
5372
4540
3618
2752
1824
878
62
-629
-1355
-2055
-2544
-2914
-3234
-3434
-3419
-3267
-3050
-2697
-2236
-1647
-1012
-424
182
807
1287
1594
1807
1914
1848
1588
1171
694
165
-539
-1339
-2092
-2778
-3484
-4129
-4621
-5025
-5376
-5657
-5781
-5892
-5815
-5429
-4875
-4340
-3691
-2696
-1674
-684
477
1717
2702
3639
4746
5713
6279
6748
7234
7442
7444
7290
6936
6352
5698
5003
4076
3140
2273
1299
364
-380
-1040
-1780
-2404
-2804
-3152
-3434
-3556
-3432
-3217
-2940
-2515
-1972
-1337
-694
-71
569
1153
1559
1835
2008
2061
1924
1567
1077
577
-10
-813
-1624
-2347
-3051
-3781
-4380
-4826
-5194
-5535
-5716
-5796
-5881
-5647
-5173
-4606
-4082
-3294
-2242
-1248
-212
1031
2196
3109
4127
5205
5987
6444
6939
7297
7378
7317
7097
6624
6009
5357
4558
3579
2685
1815
815
-50
-733
-1403
-2125
-2623
-2988
-3307
-3535
-3581
-3399
-3142
-2794
-2323
-1730
-1085
-442
191
835
1363
1701
1946
2113
2123
1887
1462
961
448
-231
-1089
-1867
-2594
-3326
-4059
-4592
-4986
-5347
-5649
-5716
-5776
-5766
-5417
-4934
-4381
-3848
-2947
-1912
-931
175
1450
2537
3477
4577
5594
6254
6697
7168
7384
7418
7321
7013
6436
5848
5166
4274
3311
2446
1520
500
-319
-1038
-1750
-2440
-2882
-3267
-3544
-3698
-3679
-3483
-3196
-2776
-2255
-1615
-951
-306
322
988
1500
1804
2054
2220
2151
1829
1392
896
330
-412
-1256
-2012
-2746
-3474
-4163
-4623
-4990
-5334
-5575
-5605
-5666
-5602
-5233
-4760
-4228
-3687
-2745
-1754
-772
360
1624
2698
3671
4785
5777
6406
6852
7289
7459
7469
7326
6957
6342
5770
5053
4127
3203
2354
1399
376
-415
-1134
-1865
-2536
-2952
-3318
-3587
-3700
-3656
-3483
-3219
-2780
-2253
-1619
-966
-345
276
949
1450
1749
2017
2156
2032
1654
1200
681
71
-691
-1514
-2257
-2971
-3668
-4275
-4680
-5031
-5322
-5537
-5565
-5622
-5515
-5127
-4623
-4092
-3485
-2504
-1512
-508
635
1908
2982
3968
5049
6008
6594
7043
7450
7597
7533
7308
6895
6266
5662
4880
3930
3018
2180
1213
219
-533
-1219
-1947
-2574
-2949
-3271
-3510
-3581
-3506
-3334
-3058
-2626
-2118
-1513
-899
-306
323
959
1406
1697
1951
2054
1889
1485
1000
445
-219
-995
-1800
-2537
-3240
-3905
-4429
-4808
-5125
-5374
-5533
-5531
-5540
-5365
-4931
-4379
-3843
-3152
-2150
-1158
-158
993
2231
3260
4233
5256
6113
6620
7037
7359
7440
7279
6985
6537
5913
5279
4456
3536
2676
1872
964
73
-619
-1257
-1944
-2513
-2862
-3133
-3312
-3344
-3243
-3050
-2741
-2310
-1827
-1298
-721
-143
470
1034
1432
1707
1900
1979
1832
1447
958
400
-279
-1039
-1811
-2538
-3242
-3881
-4380
-4786
-5106
-5359
-5514
-5517
-5505
-5349
-4930
-4383
-3856
-3178
-2228
-1268
-296
842
2048
3078
4058
5112
5975
6499
6926
7242
7327
7174
6891
6451
5842
5204
4424
3533
2691
1897
1038
201
-482
-1094
-1774
-2360
-2732
-3012
-3200
-3249
-3168
-2986
-2679
-2246
-1781
-1311
-761
-188
383
934
1351
1601
1749
1845
1757
1405
933
422
-203
-930
-1669
-2359
-3019
-3629
-4131
-4535
-4835
-5079
-5262
-5266
-5249
-5190
-4845
-4315
-3795
-3230
-2395
-1478
-579
474
1642
2686
3620
4682
5641
6239
6673
7024
7157
7077
6863
6448
5831
5206
4516
3645
2765
1984
1156
297
-413
-987
-1613
-2214
-2601
-2875
-3081
-3162
-3115
-2954
-2684
-2285
-1819
-1353
-806
-243
277
832
1316
1590
1727
1841
1798
1490
1017
514
-69
-779
-1532
-2240
-2871
-3458
-3983
-4415
-4715
-4928
-5155
-5203
-5140
-5138
-4909
-4393
-3807
-3272
-2534
-1600
-704
260
1383
2472
3365
4321
5324
6024
6457
6807
6968
6922
6772
6421
5804
5165
4543
3743
2851
2069
1314
472
-266
-814
-1351
-1919
-2327
-2577
-2779
-2894
-2888
-2772
-2559
-2240
-1833
-1396
-892
-348
118
581
1062
1384
1527
1634
1631
1401
972
478
-54
-711
-1442
-2140
-2761
-3302
-3785
-4218
-4546
-4733
-4923
-5043
-4971
-4958
-4849
-4444
-3861
-3312
-2689
-1817
-895
14
1029
2121
3040
3869
4806
5626
6124
6478
6707
6714
6611
6396
5888
5257
4688
4020
3202
2407
1718
967
196
-385
-869
-1416
-1917
-2241
-2465
-2666
-2773
-2725
-2599
-2381
-2064
-1668
-1209
-708
-233
164
571
948
1154
1274
1339
1220
925
505
61
-471
-1123
-1781
-2384
-2908
-3359
-3757
-4112
-4327
-4464
-4610
-4637
-4600
-4616
-4446
-4016
-3492
-3009
-2350
-1470
-578
339
1374
2399
3221
4065
4979
5664
6064
6390
6558
6511
6391
6117
5591
5033
4503
3821
3036
2335
1693
925
212
-297
-801
-1398
-1898
-2216
-2487
-2736
-2837
-2799
-2710
-2489
-2184
-1790
-1312
-837
-414
-40
385
730
896
1020
1072
928
626
242
-156
-669
-1266
-1868
-2406
-2866
-3282
-3646
-3915
-4043
-4166
-4278
-4279
-4264
-4296
-4087
-3644
-3171
-2723
-2028
-1139
-285
656
1729
2684
3465
4364
5206
5727
6051
6344
6422
6318
6162
5852
5336
4830
4299
3584
2843
2218
1557
765
125
-358
-905
-1511
-1961
-2265
-2565
-2783
-2839
-2823
-2725
-2486
-2199
-1800
-1345
-928
-551
-157
273
554
677
792
818
629
284
-93
-461
-947
-1516
-2059
-2511
-2939
-3336
-3622
-3781
-3884
-4007
-4059
-4008
-4006
-3961
-3638
-3172
-2728
-2231
-1467
-634
164
1135
2157
2964
3734
4602
5253
5621
5908
6121
6116
6005
5849
5513
5035
4577
4024
3316
2669
2101
1413
685
139
-339
-897
-1446
-1831
-2136
-2434
-2603
-2651
-2659
-2553
-2330
-2048
-1699
-1330
-964
-612
-238
127
335
429
516
492
246
-127
-457
-804
-1287
-1814
-2260
-2653
-3059
-3375
-3575
-3713
-3830
-3915
-3915
-3858
-3830
-3666
-3286
-2833
-2400
-1842
-1069
-309
480
1438
2361
3102
3884
4661
5204
5551
5827
5977
5965
5888
5716
5351
4912
4480
3910
3229
2644
2075
1375
712
186
-334
-907
-1412
-1785
-2121
-2424
-2593
-2687
-2720
-2625
-2435
-2200
-1899
-1549
-1200
-846
-464
-129
65
219
350
315
86
-188
-439
-781
-1228
-1677
-2077
-2446
-2782
-3044
-3252
-3407
-3528
-3623
-3629
-3583
-3584
-3440
-3077
-2672
-2307
-1783
-1042
-328
420
1335
2229
2950
3699
4457
5023
5391
5661
5811
5847
5814
5630
5268
4882
4506
3959
3301
2757
2205
1494
832
311
-244
-854
-1357
-1747
-2121
-2456
-2684
-2826
-2889
-2832
-2702
-2512
-2197
-1831
-1496
-1111
-662
-309
-87
150
349
344
178
-8
-219
-552
-971
-1395
-1793
-2135
-2441
-2730
-2963
-3108
-3258
-3406
-3427
-3402
-3462
-3379
-3043
-2657
-2343
-1870
-1151
-453
242
1110
1984
2679
3399
4162
4748
5135
5429
5616
5692
5692
5544
5210
4855
4524
4013
3376
2860
2341
1641
978
461
-95
-729
-1260
-1682
-2089
-2459
-2737
-2928
-3020
-2988
-2884
-2698
-2361
-1983
-1641
-1219
-718
-331
-76
198
440
480
365
219
27
-282
-668
-1068
-1450
-1790
-2107
-2423
-2678
-2856
-3061
-3273
-3353
-3377
-3482
-3485
-3221
-2857
-2574
-2176
-1514
-831
-181
616
1469
2190
2911
3694
4351
4827
5210
5496
5650
5721
5668
5409
5081
4786
4328
3719
3209
2715
2044
1359
808
240
-425
-1020
-1518
-2003
-2442
-2793
-3078
-3239
-3240
-3161
-2998
-2687
-2322
-1973
-1530
-1013
-592
-290
25
309
418
389
314
164
-79
-380
-718
-1057
-1364
-1670
-1975
-2225
-2431
-2674
-2926
-3067
-3158
-3320
-3419
-3261
-2961
-2711
-2391
-1817
-1160
-563
147
1001
1781
2484
3255
3992
4567
5009
5366
5612
5760
5794
5625
5346
5089
4710
4129
3587
3100
2443
1679
1041
451
-257
-971
-1560
-2105
-2641
-3083
-3414
-3615
-3661
-3594
-3439
-3174
-2825
-2448
-2000
-1459
-945
-548
-172
201
446
544
571
529
389
168
-115
-410
-700
-1013
-1342
-1641
-1910
-2206
-2515
-2752
-2939
-3177
-3379
-3342
-3120
-2914
-2676
-2195
-1574
-1009
-360
491
1329
2039
2803
3611
4279
4771
5175
5496
5732
5846
5751
5507
5274
4961
4398
3788
3260
2600
1756
1016
408
-318
-1115
-1772
-2332
-2898
-3367
-3671
-3844
-3887
-3790
-3601
-3328
-2958
-2532
-2058
-1481
-869
-388
10
430
756
907
959
955
846
627
341
29
-304
-665
-1050
-1431
-1771
-2113
-2448
-2746
-2989
-3256
-3505
-3541
-3359
-3139
-2924
-2493
-1876
-1265
-613
236
1116
1869
2658
3517
4256
4785
5222
5582
5856
6011
5949
5700
5427
5106
4551
3890
3296
2617
1751
952
311
-410
-1227
-1925
-2493
-3040
-3489
-3773
-3937
-3983
-3878
-3670
-3378
-2998
-2562
-2084
-1494
-856
-346
51
468
820
981
1024
1016
917
699
418
95
-278
-671
-1079
-1483
-1853
-2188
-2509
-2803
-3052
-3305
-3572
-3663
-3506
-3284
-3074
-2684
-2058
-1393
-692
173
1088
1892
2722
3618
4377
4933
5383
5743
5985
6119
6061
5778
5429
5050
4500
3838
3214
2541
1728
958
318
-368
-1143
-1829
-2394
-2904
-3322
-3613
-3809
-3891
-3807
-3600
-3296
-2911
-2479
-1988
-1399
-775
-255
171
583
934
1113
1159
1126
1016
808
526
176
-224
-631
-1045
-1452
-1813
-2124
-2432
-2726
-2971
-3214
-3510
-3698
-3637
-3475
-3330
-3053
-2523
-1877
-1181
-336
605
1474
2332
3253
4073
4700
5197
5581
5829
5963
5947
5709
5354
4964
4458
3838
3237
2628
1909
1188
562
-65
-773
-1456
-2050
-2578
-3021
-3375
-3656
-3826
-3814
-3659
-3390
-3004
-2548
-2041
-1449
-799
-219
271
726
1112
1354
1457
1449
1331
1123
847
488
54
-373
-798
-1244
-1639
-1959
-2271
-2611
-2888
-3121
-3406
-3685
-3763
-3661
-3541
-3373
-3003
-2431
-1775
-996
-82
861
1745
2644
3535
4296
4881
5311
5611
5788
5848
5710
5411
5049
4611
4036
3425
2851
2213
1495
821
221
-426
-1114
-1753
-2313
-2804
-3203
-3516
-3739
-3797
-3686
-3452
-3093
-2605
-2064
-1487
-844
-188
368
836
1256
1567
1717
1734
1641
1426
1128
773
350
-122
-581
-1056
-1529
-1920
-2249
-2605
-2957
-3203
-3422
-3692
-3883
-3840
-3675
-3501
-3234
-2753
-2125
-1412
-577
343
1243
2087
2945
3769
4445
4928
5260
5488
5616
5594
5384
5072
4710
4238
3646
3059
2486
1826
1112
468
-136
-800
-1474
-2061
-2565
-3009
-3357
-3587
-3685
-3630
-3434
-3116
-2680
-2152
-1587
-996
-365
247
746
1156
1517
1761
1831
1773
1631
1397
1079
711
290
-178
-660
-1134
-1568
-1945
-2313
-2693
-3008
-3228
-3452
-3700
-3816
-3721
-3527
-3306
-2974
-2462
-1829
-1098
-271
592
1404
2179
2975
3731
4337
4740
5016
5219
5333
5276
5065
4784
4428
3941
3365
2800
2214
1547
870
267
-341
-1014
-1654
-2185
-2653
-3079
-3396
-3560
-3587
-3492
-3268
-2925
-2486
-1981
-1437
-870
-279
274
745
1165
1532
1749
1775
1702
1573
1359
1061
714
307
-162
-629
-1051
-1452
-1855
-2236
-2569
-2823
-3031
-3258
-3497
-3628
-3571
-3397
-3184
-2884
-2434
-1851
-1151
-353
471
1249
2005
2794
3559
4174
4600
4891
5102
5228
5213
5055
4799
4450
3979
3420
2845
2252
1604
958
374
-202
-830
-1437
-1953
-2410
-2836
-3173
-3359
-3409
-3359
-3199
-2900
-2494
-2032
-1525
-954
-365
160
636
1124
1547
1759
1784
1728
1598
1347
1037
699
263
-247
-699
-1087
-1520
-1975
-2339
-2625
-2882
-3101
-3304
-3546
-3738
-3742
-3597
-3418
-3177
-2772
-2217
-1545
-756
85
889
1683
2522
3327
3991
4493
4848
5080
5229
5285
5187
4931
4589
4173
3641
3049
2472
1883
1248
653
127
-417
-991
-1503
-1922
-2322
-2696
-2940
-3037
-3063
-2998
-2777
-2434
-2033
-1561
-1009
-439
78
555
1028
1439
1698
1767
1698
1555
1330
1018
632
192
-269
-717
-1141
-1560
-1979
-2356
-2669
-2936
-3160
-3376
-3618
-3832
-3894
-3806
-3665
-3473
-3128
-2599
-1946
-1196
-373
465
1294
2136
2965
3681
4226
4631
4935
5151
5256
5209
5004
4695
4310
3843
3312
2764
2200
1594
996
442
-87
-625
-1117
-1541
-1934
-2294
-2569
-2734
-2808
-2780
-2623
-2355
-2003
-1564
-1058
-533
-27
442
870
1251
1532
1665
1667
1580
1413
1139
765
337
-97
-524
-962
-1409
-1836
-2226
-2591
-2915
-3171
-3401
-3661
-3899
-3992
-3936
-3824
-3672
-3390
-2940
-2343
-1620
-827
-16
794
1631
2481
3240
3844
4318
4705
5008
5207
5262
5149
4894
4557
4179
3735
3217
2665
2092
1483
872
298
-251
-787
-1273
-1684
-2046
-2376
-2617
-2735
-2743
-2653
-2448
-2142
-1780
-1347
-849
-361
82
504
911
1234
1426
1519
1537
1449
1248
959
591
175
-248
-667
-1116
-1588
-2039
-2446
-2793
-3077
-3340
-3627
-3902
-4073
-4103
-4019
-3857
-3634
-3315
-2824
-2153
-1398
-633
157
995
1857
2684
3423
4018
4485
4877
5196
5379
5385
5244
4991
4664
4272
3821
3312
2758
2171
1554
942
356
-214
-762
-1264
-1707
-2100
-2429
-2658
-2771
-2777
-2677
-2461
-2162
-1802
-1372
-894
-418
37
477
880
1199
1418
1540
1548
1436
1228
948
606
225
-182
-631
-1120
-1615
-2074
-2485
-2837
-3162
-3509
-3863
-4144
-4318
-4384
-4326
-4146
-3876
-3503
-2964
-2275
-1541
-782
70
993
1887
2721
3488
4140
4669
5133
5500
5679
5668
5552
5351
5031
4605
4120
3577
2985
2389
1771
1121
473
-125
-696
-1254
-1770
-2234
-2631
-2904
-3024
-3040
-2979
-2802
-2500
-2120
-1675
-1157
-627
-144
319
792
1208
1485
1639
1679
1580
1367
1122
851
486
26
-456
-932
-1432
-1937
-2386
-2795
-3229
-3662
-4021
-4331
-4597
-4727
-4669
-4481
-4217
-3822
-3247
-2560
-1814
-988
-55
908
1845
2761
3613
4332
4928
5457
5868
6058
6052
5946
5754
5423
4961
4418
3819
3170
2523
1877
1199
496
-179
-802
-1404
-1989
-2530
-2974
-3261
-3389
-3396
-3306
-3105
-2773
-2319
-1763
-1151
-558
-8
536
1074
1539
1858
2012
2016
1895
1692
1426
1095
671
163
-367
-888
-1417
-1976
-2507
-3000
-3479
-3936
-4339
-4687
-4971
-5108
-5063
-4880
-4585
-4154
-3560
-2830
-1996
-1062
-25
1041
2069
3063
3989
4776
5409
5938
6311
6440
6375
6213
5952
5543
5010
4403
3749
3061
2358
1651
940
203
-528
-1200
-1819
-2421
-2985
-3411
-3671
-3780
-3750
-3576
-3270
-2857
-2308
-1642
-921
-224
429
1060
1641
2124
2440
2566
2534
2362
2094
1743
1304
767
179
-403
-984
-1574
-2168
-2734
-3269
-3765
-4216
-4644
-5027
-5308
-5445
-5430
-5262
-4942
-4468
-3846
-3049
-2112
-1081
60
1245
2378
3430
4430
5300
5956
6449
6782
6879
6745
6517
6196
5714
5108
4447
3755
3017
2257
1482
708
-63
-845
-1586
-2246
-2833
-3373
-3795
-4033
-4115
-4040
-3799
-3399
-2897
-2296
-1585
-798
0
733
1395
1990
2490
2815
2927
2886
2693
2352
1920
1427
825
138
-510
-1132
-1783
-2428
-3015
-3575
-4113
-4577
-5003
-5404
-5704
-5837
-5819
-5649
-5294
-4775
-4104
-3251
-2246
-1161
20
1270
2469
3566
4609
5551
6263
6766
7121
7270
7166
6938
6626
6138
5491
4789
4058
3267
2440
1599
748
-87
-895
-1676
-2396
-2990
-3487
-3896
-4140
-4194
-4099
-3863
-3445
-2891
-2272
-1571
-775
59
838
1528
2131
2626
2972
3117
3083
2892
2553
2098
1559
949
249
-474
-1166
-1843
-2522
-3179
-3788
-4355
-4848
-5273
-5667
-5978
-6129
-6117
-5960
-5607
-5071
-4412
-3591
-2577
-1463
-326
887
2117
3245
4289
5278
6099
6671
7073
7330
7373
7228
6967
6538
5928
5237
4487
3652
2773
1893
981
90
-725
-1498
-2234
-2870
-3349
-3728
-3993
-4075
-4005
-3808
-3449
-2932
-2321
-1640
-881
-86
688
1422
2059
2572
2960
3180
3202
3054
2789
2382
1843
1238
575
-155
-916
-1659
-2385
-3106
-3786
-4397
-4937
-5406
-5780
-6077
-6288
-6333
-6215
-5948
-5480
-4842
-4092
-3201
-2112
-912
263
1442
2665
3799
4791
5712
6483
6983
7280
7463
7484
7278
6897
6389
5732
5000
4213
3331
2403
1510
631
-232
-1006
-1708
-2364
-2932
-3332
-3614
-3825
-3871
-3765
-3554
-3197
-2689
-2089
-1441
-710
48
752
1423
2034
2512
2847
3054
3083
2913
2638
2267
1745
1117
445
-283
-1075
-1872
-2632
-3382
-4091
-4709
-5238
-5684
-6018
-6224
-6356
-6382
-6219
-5915
-5438
-4768
-3975
-3081
-2025
-795
453
1638
2835
4016
5045
5938
6733
7282
7574
7714
7709
7507
7073
6509
5822
5037
4218
3307
2338
1406
528
-334
-1143
-1840
-2470
-3029
-3446
-3708
-3897
-3964
-3850
-3629
-3290
-2792
-2185
-1524
-808
-20
735
1409
2042
2570
2941
3165
3245
3118
2808
2424
1926
1272
532
-247
-1059
-1910
-2724
-3487
-4227
-4865
-5371
-5774
-6079
-6249
-6297
-6280
-6106
-5759
-5294
-4660
-3859
-2973
-2006
-872
369
1551
2675
3812
4870
5741
6494
7090
7420
7549
7536
7370
7004
6463
5800
5021
4214
3359
2412
1467
597
-232
-1050
-1768
-2369
-2917
-3380
-3672
-3822
-3878
-3779
-3540
-3187
-2679
-2043
-1348
-622
149
933
1628
2252
2799
3183
3395
3464
3381
3076
2610
2068
1401
619
-214
-1061
-1923
-2775
-3552
-4278
-4939
-5462
-5862
-6167
-6345
-6366
-6310
-6171
-5859
-5401
-4855
-4144
-3264
-2346
-1388
-271
931
2035
3076
4134
5063
5802
6423
6883
7089
7091
6970
6709
6286
5734
5055
4285
3522
2740
1881
1039
306
-383
-1062
-1634
-2083
-2494
-2855
-3073
-3138
-3109
-2980
-2730
-2341
-1828
-1231
-594
68
743
1368
1910
2388
2771
2986
3033
2965
2760
2357
1801
1166
456
-334
-1143
-1921
-2691
-3437
-4096
-4666
-5163
-5548
-5812
-5986
-6035
-5927
-5741
-5517
-5159
-4665
-4100
-3407
-2539
-1648
-789
196
1301
2302
3200
4107
4916
5536
6043
6426
6557
6466
6273
5969
5529
5001
4377
3670
2986
2337
1622
902
314
-182
-678
-1101
-1388
-1638
-1888
-2044
-2063
-2020
-1929
-1724
-1402
-998
-538
-39
476
979
1434
1808
2120
2357
2442
2363
2187
1915
1484
897
257
-409
-1131
-1851
-2499
-3115
-3729
-4255
-4666
-5015
-5285
-5440
-5515
-5509
-5353
-5109
-4872
-4574
-4137
-3629
-3050
-2314
-1505
-743
69
1019
1945
2757
3548
4300
4901
5372
5743
5916
5873
5701
5438
5068
4627
4123
3551
2988
2476
1924
1343
882
525
157
-193
-434
-644
-887
-1095
-1222
-1319
-1398
-1379
-1253
-1054
-805
-506
-169
196
550
842
1086
1286
1376
1316
1174
967
622
138
-390
-908
-1454
-2000
-2470
-2885
-3290
-3644
-3907
-4111
-4263
-4331
-4338
-4303
-4179
-3994
-3832
-3670
-3420
-3097
-2748
-2300
-1713
-1105
-509
197
1007
1772
2471
3177
3845
4370
4768
5071
5219
5187
5037
4842
4603
4288
3916
3533
3170
2806
2414
2035
1722
1444
1147
828
532
231
-117
-486
-827
-1133
-1415
-1613
-1687
-1668
-1592
-1432
-1162
-833
-506
-195
96
332
477
515
465
322
59
-310
-709
-1091
-1479
-1862
-2188
-2462
-2714
-2946
-3128
-3258
-3347
-3405
-3439
-3434
-3396
-3365
-3367
-3339
-3231
-3092
-2927
-2613
-2132
-1641
-1142
-470
355
1127
1844
2633
3402
3991
4447
4868
5155
5227
5178
5118
5021
4836
4576
4276
3973
3667
3304
2897
2534
2207
1812
1351
906
442
-112
-687
-1212
-1713
-2195
-2554
-2741
-2809
-2768
-2577
-2250
-1841
-1394
-933
-484
-79
242
445
544
560
427
151
-157
-459
-799
-1166
-1477
-1748
-2027
-2294
-2509
-2687
-2866
-3043
-3206
-3344
-3457
-3563
-3672
-3748
-3735
-3651
-3504
-3196
-2689
-2119
-1543
-790
170
1114
1961
2870
3799
4527
5066
5568
5963
6095
6054
5995
5894
5673
5354
4976
4566
4135
3643
3087
2559
2081
1539
913
309
-285
-963
-1661
-2257
-2802
-3329
-3703
-3852
-3855
-3737
-3441
-2995
-2475
-1918
-1339
-772
-258
172
488
688
797
766
573
325
78
-227
-597
-943
-1252
-1572
-1890
-2168
-2416
-2668
-2928
-3176
-3381
-3543
-3676
-3787
-3847
-3812
-3686
-3486
-3148
-2618
-1986
-1342
-574
393
1393
2295
3207
4157
4951
5520
6015
6432
6610
6577
6486
6346
6064
5659
5194
4679
4118
3498
2829
2170
1550
898
188
-489
-1123
-1793
-2458
-3000
-3437
-3841
-4114
-4158
-4049
-3833
-3470
-2964
-2395
-1812
-1224
-653
-124
320
646
859
987
1002
869
659
435
156
-216
-610
-971
-1335
-1715
-2075
-2404
-2725
-3043
-3336
-3572
-3732
-3842
-3901
-3881
-3768
-3571
-3297
-2923
-2419
-1802
-1122
-398
425
1343
2229
3048
3866
4648
5258
5700
6082
6349
6415
6333
6181
5947
5585
5120
4595
4025
3404
2728
2024
1344
675
-21
-717
-1346
-1914
-2465
-2955
-3315
-3570
-3752
-3802
-3685
-3458
-3145
-2739
-2252
-1729
-1214
-716
-250
171
504
725
869
945
909
770
594
380
88
-273
-645
-1004
-1386
-1785
-2161
-2500
-2837
-3156
-3411
-3576
-3680
-3732
-3690
-3543
-3318
-3027
-2653
-2192
-1646
-1021
-348
345
1087
1882
2634
3311
3984
4620
5100
5442
5743
5945
5965
5848
5665
5409
5030
4549
4010
3429
2804
2126
1417
737
88
-574
-1227
-1796
-2274
-2727
-3134
-3403
-3554
-3650
-3646
-3501
-3266
-2975
-2617
-2190
-1728
-1271
-831
-419
-37
287
509
667
787
810
724
602
453
229
-80
-408
-724
-1068
-1442
-1793
-2090
-2375
-2651
-2859
-2974
-3039
-3070
-3016
-2866
-2652
-2386
-2052
-1645
-1163
-604
-13
587
1229
1925
2573
3142
3714
4264
4672
4945
5191
5349
5319
5163
4962
4693
4304
3823
3304
2748
2170
1562
920
308
-245
-801
-1366
-1863
-2273
-2663
-3028
-3253
-3357
-3441
-3431
-3287
-3064
-2781
-2425
-2004
-1555
-1104
-657
-247
112
429
654
804
930
975
903
796
668
460
165
-151
-461
-796
-1151
-1488
-1770
-2026
-2281
-2475
-2573
-2624
-2654
-2633
-2540
-2395
-2208
-1958
-1654
-1291
-814
-284
233
791
1440
2055
2580
3118
3654
4071
4343
4582
4769
4770
4620
4447
4235
3902
3472
3007
2498
1987
1473
911
366
-117
-587
-1079
-1529
-1918
-2316
-2706
-2974
-3109
-3232
-3270
-3163
-3003
-2775
-2439
-2013
-1551
-1072
-563
-74
351
727
1025
1214
1350
1440
1391
1262
1136
943
635
289
-39
-387
-775
-1151
-1465
-1727
-1981
-2226
-2388
-2472
-2532
-2567
-2570
-2529
-2456
-2333
-2161
-1950
-1635
-1197
-718
-227
376
1071
1694
2270
2891
3462
3858
4134
4392
4532
4450
4280
4139
3913
3549
3142
2691
2206
1737
1240
710
229
-196
-642
-1085
-1452
-1817
-2234
-2605
-2823
-2981
-3121
-3108
-2981
-2816
-2562
-2177
-1689
-1163
-600
-9
537
1022
1433
1729
1895
1994
1988
1825
1600
1358
1027
606
180
-207
-618
-1057
-1440
-1754
-2003
-2236
-2459
-2601
-2688
-2749
-2786
-2794
-2770
-2719
-2615
-2475
-2279
-1975
-1576
-1105
-586
52
794
1483
2137
2825
3454
3887
4187
4452
4563
4456
4315
4184
3932
3577
3196
2763
2303
1842
1341
815
338
-98
-549
-979
-1341
-1714
-2134
-2497
-2733
-2939
-3098
-3104
-3007
-2849
-2604
-2222
-1717
-1166
-563
67
654
1183
1649
1995
2202
2329
2339
2192
1964
1698
1346
909
473
68
-364
-804
-1203
-1541
-1810
-2082
-2346
-2547
-2707
-2847
-2958
-3028
-3076
-3094
-3073
-3000
-2845
-2618
-2284
-1836
-1334
-706
51
786
1504
2268
2993
3537
3958
4330
4542
4567
4540
4467
4255
3942
3591
3183
2726
2248
1745
1217
712
254
-205
-659
-1056
-1432
-1841
-2218
-2503
-2744
-2938
-3016
-2970
-2834
-2619
-2261
-1779
-1239
-653
-37
554
1096
1577
1946
2181
2324
2353
2228
2012
1741
1384
953
518
92
-349
-791
-1206
-1566
-1876
-2176
-2457
-2686
-2872
-3035
-3166
-3251
-3305
-3329
-3307
-3195
-3002
-2748
-2369
-1878
-1334
-686
65
805
1524
2264
2961
3509
3946
4308
4531
4589
4554
4439
4198
3859
3482
3066
2597
2118
1639
1143
663
227
-202
-636
-1028
-1378
-1724
-2045
-2285
-2449
-2554
-2563
-2445
-2226
-1931
-1528
-1031
-496
50
595
1098
1530
1873
2099
2194
2187
2072
1838
1532
1169
748
275
-205
-673
-1140
-1594
-2007
-2365
-2679
-2955
-3185
-3359
-3473
-3546
-3574
-3533
-3440
-3303
-3104
-2817
-2468
-2064
-1568
-985
-368
288
993
1691
2325
2915
3446
3852
4123
4299
4373
4312
4143
3918
3613
3235
2821
2393
1939
1481
1046
621
206
-172
-521
-859
-1171
-1421
-1625
-1790
-1883
-1879
-1803
-1656
-1411
-1072
-683
-251
215
686
1116
1486
1786
1992
2099
2095
1986
1795
1515
1146
712
242
-258
-789
-1314
-1805
-2261
-2684
-3056
-3363
-3602
-3783
-3905
-3947
-3914
-3833
-3696
-3491
-3234
-2941
-2597
-2179
-1713
-1205
-633
-2
636
1271
1916
2521
3037
3468
3822
4061
4168
4178
4105
3930
3663
3355
3001
2603
2189
1778
1369
972
605
260
-72
-368
-625
-856
-1062
-1213
-1313
-1370
-1372
-1298
-1157
-962
-702
-382
-27
342
714
1074
1390
1644
1828
1925
1937
1847
1652
1370
1012
581
96
-416
-930
-1438
-1931
-2383
-2784
-3131
-3427
-3660
-3812
-3903
-3938
-3902
-3798
-3655
-3473
-3232
-2945
-2622
-2251
-1821
-1347
-839
-293
293
886
1465
2027
2560
3038
3435
3755
3985
4107
4124
4047
3886
3645
3353
3019
2657
2288
1909
1522
1134
758
398
49
-268
-539
-771
-968
-1119
-1220
-1284
-1312
-1288
-1215
-1102
-939
-725
-461
-164
160
497
833
1143
1400
1590
1698
1715
1630
1448
1184
844
443
-2
-464
-928
-1390
-1836
-2249
-2621
-2949
-3220
-3430
-3581
-3666
-3690
-3652
-3558
-3419
-3235
-3011
-2745
-2441
-2098
-1716
-1291
-834
-345
176
715
1262
1795
2310
2795
3224
3585
3861
4048
4126
4105
3997
3809
3555
3257
2927
2573
2207
1824
1438
1052
669
304
-37
-346
-616
-847
-1042
-1198
-1319
-1412
-1469
-1481
-1450
-1371
-1237
-1047
-808
-528
-219
111
438
742
1006
1205
1329
1368
1320
1179
958
662
307
-89
-501
-912
-1318
-1704
-2058
-2371
-2643
-2873
-3051
-3169
-3234
-3239
-3183
-3075
-2924
-2740
-2521
-2275
-2007
-1711
-1383
-1020
-623
-184
296
807
1329
1849
2351
2812
3215
3542
3780
3914
3945
3883
3733
3509
3236
2930
2600
2252
1897
1535
1177
826
487
168
-126
-388
-615
-810
-972
-1103
-1212
-1293
-1341
-1349
-1313
-1232
-1100
-918
-696
-442
-167
113
380
618
806
934
987
960
855
675
427
124
-216
-571
-926
-1271
-1594
-1882
-2131
-2335
-2500
-2620
-2694
-2724
-2707
-2646
-2538
-2392
-2216
-2017
-1800
-1574
-1337
-1084
-813
-522
-201
164
560
980
1408
1830
2230
2587
2893
3128
3284
3353
3339
3249
3093
2885
2649
2394
2126
1850
1575
1298
1025
759
496
248
12
-206
-401
-576
-727
-862
-981
-1078
-1146
-1177
-1169
-1113
-1012
-864
-678
-464
-233
-1
223
420
572
671
702
666
560
387
160
-111
-405
-700
-988
-1261
-1504
-1716
-1890
-2031
-2140
-2219
-2269
-2290
-2280
-2235
-2157
-2048
-1913
-1760
-1593
-1415
-1220
-1009
-773
-504
-197
148
524
916
1307
1686
2038
2349
2615
2820
2962
3031
3032
2973
2860
2709
2533
2338
2135
1919
1692
1457
1212
958
696
432
169
-87
-330
-557
-767
-956
-1119
-1257
-1354
-1404
-1406
-1351
-1243
-1087
-889
-658
-414
-164
75
291
466
585
641
631
552
414
225
-1
-244
-487
-723
-941
-1137
-1308
-1456
-1585
-1700
-1799
-1886
-1955
-2003
-2021
-2007
-1962
-1889
-1799
-1691
-1566
-1417
-1241
-1025
-761
-451
-90
302
708
1109
1497
1853
2164
2429
2637
2784
2865
2882
2848
2766
2645
2501
2342
2166
1976
1775
1554
1321
1070
809
541
270
3
-256
-508
-737
-947
-1133
-1278
-1385
-1438
-1438
-1384
-1271
-1111
-911
-681
-432
-189
45
249
412
515
558
540
460
334
166
-25
-225
-422
-609
-780
-931
-1065
-1185
-1289
-1387
-1477
-1562
-1635
-1690
-1725
-1731
-1716
-1680
-1624
-1552
-1462
-1348
-1202
-1019
-793
-523
-216
121
470
815
1145
1450
1722
1947
2127
2259
2344
2379
2374
2337
2273
2186
2089
1980
1859
1723
1569
1398
1206
997
776
541
299
59
-179
-408
-620
-808
-964
-1083
-1157
-1181
-1156
-1081
-964
-810
-632
-443
-252
-81
65
175
236
253
226
158
59
-63
-196
-334
-464
-589
-703
-805
-901
-984
-1060
-1133
-1199
-1260
-1317
-1362
-1394
-1411
-1410
-1391
-1353
-1295
-1215
-1114
-985
-828
-643
-429
-195
57
316
574
821
1055
1264
1446
1597
1718
1809
1869
1903
1911
1897
1863
1813
1750
1672
1576
1462
1328
1177
1007
823
624
420
214
9
-189
-369
-528
-664
-772
-840
-871
-865
-817
-737
-627
-500
-362
-227
-103
4
82
130
146
130
85
14
-77
-182
-296
-409
-524
-635
-744
-841
-931
-1015
-1087
-1150
-1206
-1254
-1292
-1322
-1334
-1330
-1306
-1262
-1199
-1112
-1004
-877
-728
-564
-386
-196
2
204
405
603
792
969
1130
1274
1402
1508
1596
1661
1705
1727
1719
1692
1641
1567
1473
1357
1225
1081
925
759
594
426
260
105
-42
-170
-285
-380
-453
-502
-527
-524
-497
-445
-373
-289
-196
-104
-21
55
111
144
152
133
88
18
-74
-181
-299
-423
-547
-672
-791
-903
-1003
-1092
-1167
-1228
-1275
-1309
-1332
-1340
-1332
-1306
-1263
-1201
-1121
-1027
-915
-789
-650
-502
-348
-188
-21
145
311
472
624
774
913
1038
1145
1239
1310
1364
1397
1412
1402
1373
1324
1259
1180
1088
989
884
779
674
572
472
381
294
216
148
88
39
2
-24
-35
-34
-21
8
46
90
137
180
217
243
252
241
207
152
72
-26
-140
-269
-405
-546
-685
-822
-949
-1065
-1166
-1251
-1319
-1369
-1403
-1423
-1431
-1424
-1403
-1369
-1319
-1252
-1176
-1085
-979
-865
-740
-607
-466
-322
-175
-22
130
283
431
577
716
845
962
1064
1155
1229
1286
1326
1347
1347
1328
1291
1241
1177
1109
1030
950
865
782
699
616
544
474
412
356
301
252
209
172
144
126
117
117
125
138
150
165
176
181
175
154
120
68
-2
-89
-194
-312
-439
-572
-704
-835
-963
-1079
-1183
-1277
-1351
-1407
-1445
-1469
-1477
-1472
-1453
-1422
-1380
-1325
-1261
-1187
-1102
-1002
-889
-764
-628
-482
-322
-155
17
191
357
523
676
823
956
1075
1180
1266
1337
1390
1428
1448
1456
1451
1432
1396
1347
1284
1209
1125
1032
935
837
738
638
540
448
364
290
225
171
126
84
48
12
-19
-46
-72
-94
-115
-133
-156
-179
-207
-241
-280
-324
-373
-431
-496
-566
-642
-724
-808
-891
-968
-1042
-1111
-1172
-1228
-1275
-1315
-1336
-1341
-1331
-1307
-1272
-1223
-1167
-1101
-1021
-932
-836
-727
-608
-478
-335
-187
-29
137
310
487
665
841
1007
1161
1300
1424
1526
1610
1670
1710
1726
1718
1692
1649
1587
1515
1427
1323
1209
1082
947
801
649
501
354
210
75
-49
-158
-251
-325
-375
-412
-430
-434
-431
-421
-406
-390
-377
-371
-374
-386
-408
-439
-481
-530
-583
-638
-696
-753
-808
-864
-917
-966
-1011
-1047
-1073
-1091
-1098
-1099
-1098
-1092
-1083
-1065
-1037
-996
-943
-888
-824
-750
-670
-574
-465
-335
-188
-22
160
358
562
767
974
1168
1355
1523
1671
1797
1891
1951
1977
1969
1930
1871
1793
1700
1593
1474
1341
1198
1042
874
696
511
323
133
-54
-233
-400
-548
-674
-772
-838
-871
-870
-842
-790
-725
-653
-580
-518
-468
-435
-419
-420
-438
-466
-505
-550
-605
-662
-722
-784
-845
-904
-951
-991
-1018
-1030
-1037
-1038
-1034
-1026
-1010
-987
-957
-924
-890
-852
-812
-764
-703
-621
-512
-376
-209
-15
206
448
700
957
1209
1449
1669
1864
2023
2141
2205
2217
2182
2106
2001
1877
1742
1598
1453
1298
1139
975
804
627
441
252
56
-139
-333
-519
-685
-831
-944
-1018
-1045
-1029
-971
-878
-760
-627
-494
-365
-254
-170
-114
-87
-86
-110
-154
-216
-294
-385
-490
-594
-699
-798
-887
-959
-1016
-1056
-1085
-1111
-1132
-1143
-1153
-1154
-1148
-1143
-1133
-1116
-1096
-1060
-1004
-921
-805
-655
-470
-249
2
271
550
834
1108
1368
1606
1815
1983
2102
2169
2182
2148
2072
1964
1842
1705
1564
1423
1275
1121
963
799
630
457
280
103
-77
-254
-424
-580
-717
-821
-889
-914
-895
-831
-732
-604
-456
-302
-151
-15
98
177
225
241
224
178
107
13
-102
-229
-366
-505
-639
-766
-879
-976
-1058
-1122
-1176
-1225
-1266
-1298
-1325
-1344
-1357
-1359
-1345
-1314
-1262
-1186
-1085
-954
-793
-603
-383
-144
109
366
616
855
1077
1275
1443
1582
1684
1752
1784
1777
1740
1678
1598
1503
1405
1302
1195
1082
959
830
694
555
414
275
133
-5
-142
-269
-381
-471
-540
-573
-572
-539
-472
-380
-267
-145
-18
105
213
302
364
392
390
355
287
197
88
-35
-169
-297
-429
-559
-681
-790
-895
-989
-1070
-1148
-1218
-1279
-1337
-1391
-1431
-1462
-1478
-1466
-1428
-1366
-1268
-1147
-1005
-841
-660
-462
-253
-34
191
413
627
827
1006
1160
1289
1396
1476
1538
1577
1590
1579
1544
1489
1417
1332
1233
1132
1025
917
807
690
572
453
335
217
103
-7
-110
-201
-281
-342
-383
-404
-399
-370
-316
-245
-160
-66
26
112
181
229
246
239
201
133
45
-60
-174
-290
-404
-515
-618
-705
-793
-870
-936
-997
-1053
-1103
-1152
-1199
-1239
-1275
-1303
-1317
-1310
-1289
-1243
-1171
-1080
-968
-832
-684
-520
-341
-153
44
249
453
653
838
1005
1155
1280
1385
1469
1532
1572
1590
1582
1550
1498
1424
1333
1238
1133
1024
918
810
702
593
485
382
278
180
84
-7
-89
-161
-221
-268
-296
-312
-308
-285
-251
-201
-144
-92
-47
-16
-3
-15
-50
-109
-189
-282
-384
-490
-595
-692
-781
-857
-920
-974
-1018
-1050
-1078
-1098
-1111
-1123
-1129
-1133
-1131
-1119
-1094
-1057
-1003
-933
-848
-747
-629
-499
-360
-209
-53
103
265
428
590
745
888
1017
1129
1225
1304
1366
1409
1436
1443
1434
1408
1366
1309
1240
1164
1083
1001
919
836
755
674
594
515
440
360
286
211
139
71
6
-55
-109
-158
-201
-238
-268
-291
-315
-337
-367
-405
-448
-502
-564
-635
-706
-785
-859
-931
-998
-1053
-1102
-1137
-1162
-1174
-1176
-1171
-1154
-1132
-1105
-1073
-1032
-989
-935
-870
-796
-709
-613
-510
-405
-295
-181
-65
57
178
298
422
542
656
767
872
964
1048
1123
1190
1244
1290
1324
1343
1352
1348
1332
1308
1269
1223
1168
1111
1050
988
924
855
788
719
651
579
506
427
344
260
173
82
-7
-100
-192
-282
-369
-456
-534
-611
-689
-760
-829
-891
-950
-1003
-1059
-1111
-1161
-1207
-1247
-1278
-1299
-1311
-1310
-1298
-1275
-1243
-1202
-1152
-1092
-1023
-947
-861
-769
-672
-576
-474
-374
-274
-172
-72
33
139
245
352
455
556
650
738
824
905
980
1050
1115
1170
1217
1255
1284
1304
1315
1318
1311
1298
1277
1247
1209
1163
1106
1045
975
898
818
733
642
550
454
361
269
173
81
-10
-102
-192
-281
-367
-457
-544
-633
-723
-810
-894
-969
-1037
-1099
-1152
-1194
-1226
-1250
-1260
-1262
-1256
-1245
-1226
-1202
-1173
-1140
-1106
-1066
-1022
-970
-910
-841
-762
-675
-582
-483
-378
-270
-155
-41
74
188
297
400
501
593
676
754
828
894
958
1017
1073
1120
1159
1191
1211
1228
1235
1233
1222
1202
1173
1135
1090
1040
983
920
853
782
705
627
544
458
370
282
193
105
15
-76
-166
-252
-337
-415
-489
-563
-630
-692
-752
-807
-859
-910
-952
-993
-1034
-1071
-1104
-1129
-1146
-1153
-1148
-1134
-1111
-1077
-1036
-981
-918
-851
-783
-717
-648
-570
-496
-421
-346
-272
-189
-104
-9
93
196
301
403
503
600
690
774
845
906
963
1008
1046
1075
1096
1109
1114
1117
1111
1103
1088
1064
1034
995
946
890
827
755
682
604
526
447
370
293
215
137
60
-17
-94
-169
-243
-317
-385
-452
-518
-579
-636
-689
-737
-782
-820
-855
-885
-915
-939
-959
-973
-981
-987
-988
-985
-976
-962
-942
-917
-886
-846
-800
-748
-686
-616
-543
-467
-391
-311
-229
-147
-66
12
91
165
244
324
409
495
578
666
748
828
898
961
1011
1050
1081
1101
1115
1119
1113
1098
1079
1052
1023
989
948
902
851
790
726
655
581
502
416
332
246
166
86
10
-66
-138
-207
-275
-340
-401
-463
-525
-585
-641
-692
-740
-785
-826
-862
-892
-916
-934
-948
-959
-967
-971
-969
-961
-947
-928
-902
-872
-836
-796
-751
-703
-652
-596
-534
-466
-393
-316
-234
-148
-64
21
105
187
266
341
411
477
542
605
668
732
791
847
900
951
992
1025
1048
1061
1069
1066
1057
1038
1013
977
938
894
846
794
737
673
606
535
461
384
305
224
140
59
-21
-96
-166
-236
-301
-361
-419
-472
-521
-568
-611
-654
-694
-729
-759
-784
-805
-823
-835
-844
-844
-839
-830
-818
-803
-784
-761
-733
-701
-663
-623
-578
-533
-485
-435
-385
-333
-282
-227
-175
-117
-58
1
60
118
175
226
277
323
368
407
443
478
507
536
563
586
609
627
644
653
659
662
660
654
643
631
617
594
571
547
516
487
456
419
378
336
290
246
196
147
98
49
3
-40
-83
-122
-159
-197
-229
-258
-289
-318
-344
-372
-398
-417
-437
-456
-469
-483
-490
-496
-500
-499
-496
-491
-485
-475
-464
-448
-433
-417
-395
-372
-345
-317
-289
-257
-226
-193
-160
-125
-87
-50
-11
25
62
97
130
161
190
218
247
275
302
330
352
373
394
412
429
443
456
463
471
477
478
477
475
469
458
448
435
419
399
380
358
334
306
279
251
218
186
156
123
88
53
20
-15
-48
-82
-117
-155
-193
-229
-263
-293
-327
-359
-388
-417
-443
-464
-483
-498
-511
-520
-527
-533
-533
-532
-527
-518
-506
-492
-473
-451
-429
-404
-376
-347
-317
-284
-248
-213
-176
-136
-95
-57
-15
28
66
106
146
181
219
253
285
316
346
373
398
423
446
467
485
499
512
521
528
531
531
528
523
514
500
483
461
437
411
381
351
318
284
246
208
168
127
89
46
3
-37
-80
-122
-163
-203
-241
-279
-313
-345
-380
-407
-435
-460
-480
-500
-516
-527
-537
-542
-545
-543
-538
-531
-520
-506
-491
-472
-451
-429
-400
-370
-337
-302
-265
-227
-186
-143
-101
-59
-20
22
63
105
145
184
224
263
305
344
384
419
449
477
505
529
550
567
580
591
598
600
598
590
583
573
560
546
524
502
475
449
419
384
349
311
271
227
185
139
94
49
6
-37
-83
-128
-174
-218
-262
-305
-346
-387
-423
-459
-491
-518
-542
-561
-577
-589
-598
-606
-610
-613
-612
-605
-598
-587
-568
-549
-526
-500
-471
-440
-403
-367
-329
-289
-247
-205
-161
-118
-73
-28
14
58
98
138
179
217
257
295
331
365
400
431
461
488
513
530
545
556
564
571
574
576
574
567
556
540
519
494
468
441
414
386
355
322
287
253
217
179
138
97
53
10
-32
-72
-109
-145
-178
-210
-241
-269
-299
-331
-360
-389
-414
-441
-465
-485
-503
-516
-523
-530
-530
-526
-521
-515
-507
-497
-488
-474
-459
-442
-422
-399
-371
-343
-312
-276
-239
-200
-160
-120
-78
-37
5
46
87
127
166
204
239
276
310
345
377
409
439
465
490
514
532
548
558
564
568
569
566
559
551
539
524
509
485
460
429
396
361
327
293
254
217
176
135
92
54
12
-31
-74
-119
-163
-205
-242
-279
-314
-346
-376
-404
-429
-454
-477
-498
-518
-534
-548
-561
-568
-572
-571
-565
-556
-542
-524
-506
-486
-463
-441
-414
-388
-360
-328
-295
-259
-220
-180
-139
-95
-51
-6
38
82
126
168
209
249
288
325
359
394
424
452
479
504
523
541
555
566
576
581
582
580
574
565
554
537
517
493
466
437
405
373
336
299
259
220
180
139
98
56
16
-24
-67
-109
-151
-191
-231
-267
-303
-338
-371
-401
-428
-452
-472
-489
-507
-518
-529
-536
-542
-545
-546
-543
-537
-528
-514
-500
-479
-457
-433
-407
-376
-344
-314
-281
-249
-213
-178
-145
-108
-69
-30
10
52
94
132
171
210
247
282
312
342
369
393
413
433
450
465
479
490
501
506
510
510
505
498
489
475
458
439
415
389
366
340
312
283
254
220
190
157
124
91
59
27
-5
-38
-71
-104
-135
-166
-194
-220
-245
-270
-294
-316
-334
-351
-364
-376
-390
-398
-405
-410
-413
-413
-413
-411
-408
-402
-391
-381
-369
-354
-337
-316
-295
-273
-249
-226
-201
-177
-154
-130
-105
-77
-48
-19
12
41
71
100
128
153
177
200
218
236
254
267
284
298
312
326
339
348
356
359
361
361
357
350
339
329
317
304
293
278
262
246
228
208
187
165
145
123
103
80
57
34
10
-13
-34
-57
-76
-97
-117
-136
-154
-172
-189
-202
-217
-232
-242
-252
-259
-263
-267
-269
-270
-270
-266
-265
-261
-258
-250
-244
-232
-222
-209
-195
-179
-162
-147
-129
-114
-98
-83
-66
-48
-29
-8
11
28
46
64
79
94
107
119
130
140
148
157
163
172
181
186
190
193
195
195
191
188
184
176
168
161
154
147
137
129
122
112
102
91
78
66
53
38
27
13
4
-6
-19
-28
-38
-47
-55
-65
-74
-82
-92
-101
-106
-112
-115
-120
-123
-124
-124
-125
-125
-124
-122
-119
-116
-114
-110
-104
-99
-90
-84
-75
-66
-59
-51
-42
-35
-27
-20
-13
-5
1
10
18
27
36
41
47
52
57
60
63
65
69
72
74
75
75
75
76
75
75
72
69
64
60
58
54
49
45
40
35
32
27
23
19
15
9
5
-1
-5
-10
-12
-15
-19
-20
-21
-22
-23
-22
-27
-27
-29
-28
-28
-27
-23
-20
-17
-16
-17
-16
-17
-17
-16
-16
-13
-10
-10
-6
-7
-6
-4
-4
-3
-3
-2
-5
-4
-3
-2
0
-1
1
2
2
4
3
2
1
0
1
0
2
1
3
2
1
0
-1
0
1
0
2
3
3
3
0
1
0
1
0
2
3
3
3
2
1
0
-1
-1
0
0
3
3
3
3
3
1
0
-2
-3
-5
-2
-2
-2
-2
-2
-1
-3
-3
-5
-4
-7
-5
-2
-2
-3
-2
-2
-5
-4
-6
-8
-7
-5
-2
0
1
2
1
1
0
-1
-1
-2
-1
-1
2
1
1
1
2
2
3
2
1
3
4
5
4
4
3
2
1
1
2
3
2
2
2
2
4
3
3
2
3
4
2
1
-1
1
0
-2
-3
-4
-2
-2
0
1
0
2
3
2
-1
-3
-4
-4
-3
-3
-3
-3
-4
-2
-4
-5
-6
-5
-3
-2
0
-1
0
-2
-3
-4
-4
-3
-2
-2
-3
-1
-1
-2
-2
0
0
3
4
6
4
3
1
-1
-2
-1
0
-1
0
0
-1
0
2
3
5
8
11
11
10
8
4
1
0
2
2
4
3
1
-1
-2
-4
-2
-1
3
6
5
6
3
1
-3
-5
-5
-4
-5
-4
-4
-4
-6
-5
-5
-3
-2
0
2
3
3
0
0
-4
-4
-7
-5
-4
-4
-4
-4
-5
-5
-1
1
3
5
8
8
6
3
0
-2
-1
-2
-2
-1
-1
-3
-4
-6
-5
-5
-1
2
3
5
5
3
-1
-4
-4
-2
-3
-1
-1
-1
0
-1
-1
-1
0
1
4
7
8
8
8
5
5
1
4
4
3
3
2
3
3
3
2
6
6
8
8
8
5
3
1
-3
-3
-3
-5
-5
-4
-5
-4
-5
-6
-4
-1
1
2
-1
-3
-4
-7
-8
-7
-7
-5
-7
-6
-4
-4
-5
-6
-4
-2
-1
1
3
1
1
-1
1
2
3
3
2
1
2
2
0
2
3
7
8
8
7
6
6
4
4
2
3
4
4
2
3
3
2
3
4
5
6
4
3
1
-2
-3
-5
-5
-4
-3
-2
-3
-3
-3
-3
-5
-4
-6
-8
-6
-8
-7
-7
-7
-5
-4
-1
-1
-3
-2
-3
-3
-2
-3
-5
-2
-3
-2
-1
-3
-1
-2
1
0
2
2
3
3
3
3
2
1
1
1
0
2
1
1
3
3
4
4
6
7
6
7
6
3
0
1
1
2
2
1
1
2
1
2
2
4
7
6
8
5
3
2
0
1
0
-1
-2
-1
-1
0
1
4
2
3
3
0
-1
-1
-3
-5
-6
-5
-6
-5
-6
-5
-4
-4
-4
-4
-5
-3
-2
-3
-4
-4
-5
-4
-4
-5
-5
-5
-4
-1
-1
0
0
0
2
2
1
1
1
2
1
2
3
2
3
3
2
2
2
2
3
4
5
3
4
5
5
5
5
4
4
3
1
3
1
-1
-2
-2
-4
-4
-1
-1
1
0
1
2
0
1
0
-2
-4
-3
-2
-1
-1
-1
-1
1
0
0
0
-1
0
-1
-2
-3
-4
-5
-6
-4
-4
-1
0
0
0
0
0
-1
-1
-3
-2
-3
-3
-2
-1
-1
-2
-2
-1
-1
4
4
3
3
2
3
2
1
1
3
2
3
3
4
3
3
2
2
3
2
3
0
1
1
1
1
1
0
1
2
0
0
0
0
0
-1
-2
-4
-3
-4
-3
-2
-3
-1
0
0
0
1
1
1
-1
-1
-1
-2
-1
-2
0
-1
-2
-1
-1
-1
-1
0
0
0
0
0
0
1
-1
-1
-1
-1
-1
0
-1
0
1
0
-1
1
0
1
1
2
2
0
3
1
0
1
1
0
2
3
0
1
3
2
1
1
1
2
1
1
2
2
2
1
3
3
1
0
-2
-2
-2
-1
0
0
0
1
1
-1
0
-2
-1
-3
-4
-5
-3
-3
-3
0
0
0
1
0
0
0
-2
-2
-2
-3
-3
-3
-1
-2
-3
-2
-3
-2
-1
-1
0
0
-1
0
0
1
1
0
1
1
2
1
2
1
1
1
1
2
2
1
2
2
1
2
2
1
0
1
1
0
2
1
0
0
0
1
2
2
1
1
1
2
2
0
-1
-1
-1
1
1
1
1
-1
-2
-1
-1
0
1
0
0
-2
-1
-3
-1
0
2
2
0
0
-1
-3
-2
0
-1
-2
-3
0
-1
-1
0
0
1
1
1
0
0
0
2
1
2
0
-1
-1
-1
0
0
1
0
1
1
1
1
0
0
0
1
2
1
1
1
-1
-1
-2
1
2
1
0
-2
-1
0
1
2
1
1
1
-1
-2
-1
-1
0
0
0
-1
1
0
0
0
-1
0
0
0
-1
-1
-2
-3
-2
-1
0
0
0
-1
0
-2
-3
-1
0
-1
0
-1
-2
1
0
1
1
0
0
-1
-1
0
1
1
0
-1
-1
-2
0
1
2
2
0
-1
-1
0
1
2
3
1
0
-1
2
2
1
1
-1
0
-2
0
2
3
1
0
-1
1
1
2
0
-2
-3
-4
-1
0
0
0
0
-1
-3
0
0
0
0
-3
-4
-3
-1
0
3
4
3
1
0
1
0
0
1
-2
-2
-2
0
0
2
3
1
1
-1
-2
1
1
2
0
-1
0
-1
1
2
0
-1
-1
-1
0
1
1
1
0
-1
-1
1
1
0
-1
0
-1
-1
-1
-1
1
0
-2
-2
-1
2
0
3
3
1
1
0
0
1
0
-1
-1
-1
1
-1
1
2
2
1
0
1
-1
-1
-1
0
-2
-1
-1
-2
0
0
0
0
-2
-1
1
1
1
1
1
-1
-1
1
0
-1
0
2
1
-1
-2
-1
-3
-1
-1
1
-1
0
1
2
3
1
3
1
-1
0
0
2
1
0
-1
-2
-1
0
3
3
2
2
0
-2
0
1
1
0
-2
-2
-2
0
2
3
2
1
0
0
0
1
2
1
0
-3
-3
-2
0
2
1
0
-2
-3
-4
-2
-2
1
1
0
-2
-2
0
0
1
1
1
-1
-1
1
0
1
1
2
1
-1
-2
-1
1
2
2
2
1
-1
-2
-2
-2
-1
0
0
0
0
0
1
3
1
0
-2
-2
-2
-1
0
-1
0
0
-1
-1
0
-1
0
0
-1
-1
0
0
-1
0
0
1
0
1
2
1
3
1
2
1
1
-1
-3
-3
-2
-2
-1
0
3
3
1
0
-1
-3
-2
-3
-1
0
1
0
1
1
0
0
2
1
0
1
-1
-1
1
0
1
0
-2
0
0
-1
-1
0
0
0
0
1
0
2
2
1
0
0
0
0
1
0
-1
-1
0
1
2
1
2
3
0
-2
-2
0
0
1
0
1
2
1
1
-1
0
-2
-1
1
0
1
0
1
1
-1
-2
-1
0
1
1
1
1
0
1
-1
0
-1
0
2
3
3
3
1
-2
-2
-5
-2
-2
-2
-1
0
0
-1
-1
-2
-3
-3
-2
-3
0
1
1
1
1
-1
-3
-3
-3
-2
-2
1
1
0
0
-1
-2
-3
-3
-1
1
1
1
1
2
0
0
-2
-3
-3
0
2
-1
2
-1
1
1
1
0
0
0
-2
1
0
3
4
4
4
4
3
4
4
2
2
1
1
0
1
2
3
2
2
3
3
2
4
2
2
3
3
3
5
2
3
1
1
1
1
2
2
2
2
2
3
3
1
2
1
2
-1
0
1
2
1
0
1
1
1
0
-2
-2
-3
-3
-3
-1
0
-1
0
0
-1
-4
-5
-4
-6
-5
-3
-3
-4
-4
-4
-6
-6
-5
-2
-2
-1
-2
-2
-3
-4
-6
-6
-2
-1
-2
-2
-3
-6
-6
-5
-6
-5
-2
-1
0
0
-3
-4
-4
-4
-2
0
1
2
0
0
-2
-3
-1
-1
1
4
4
3
5
2
1
-1
1
1
2
3
4
4
3
2
2
3
3
5
6
6
5
5
4
4
4
5
5
4
2
2
1
1
3
4
6
5
5
3
1
2
3
4
4
3
4
4
3
2
2
2
1
0
3
3
3
2
1
0
-1
-1
-1
-1
-1
1
0
0
0
0
-2
-3
-4
-5
-4
-4
-1
-1
-3
-3
-4
-4
-7
-5
-6
-5
-4
-3
-3
-4
-4
-6
-6
-5
-4
-3
-2
-1
-2
-3
-5
-5
-6
-5
-2
-1
0
-2
-2
-3
-5
-6
-5
-3
-1
1
1
0
-2
-3
-3
-3
-2
0
2
2
2
0
0
-1
-1
0
1
4
6
5
5
3
0
0
-1
1
1
2
5
4
6
4
2
3
1
2
4
3
5
5
5
5
5
4
4
3
4
3
3
4
5
3
2
0
0
1
1
1
2
2
2
3
0
1
1
1
1
0
-1
0
-1
0
0
1
3
1
0
-2
-2
-2
-1
1
2
-1
-1
1
-2
-3
-5
-4
-5
-2
-1
-1
-1
-4
-4
-6
-5
-4
-3
-2
-2
-1
0
-2
-3
-4
-3
-2
-2
-2
-1
0
1
0
-2
-3
-4
-2
-1
-1
0
3
2
-1
-2
-2
-2
-1
0
0
1
1
1
1
1
0
2
1
2
2
0
0
0
-2
-1
0
1
2
1
2
2
-1
-1
0
-2
0
-1
-1
1
1
2
2
1
0
-1
0
-2
0
1
0
0
1
2
1
3
1
0
1
-1
0
1
0
1
1
0
0
0
-1
-1
0
0
-1
-1
-1
2
1
