SAMPLES:	17759
BITSPERSAMPLE:	16
CHANNELS:	1
SAMPLERATE:	16000
NORMALIZED:	FALSE
1
1
0
0
2
0
1
1
-1
-1
-1
-1
-1
-1
0
-1
-1
0
0
-1
0
0
0
1
1
1
1
1
0
1
-1
0
-1
0
0
-1
-1
0
1
0
-1
0
2
1
1
0
1
1
0
-1
-1
-2
-1
0
0
0
0
0
0
0
1
0
2
-1
0
0
-1
1
-1
-1
0
0
2
1
3
2
2
0
1
0
-1
-1
-1
-1
0
0
-1
0
0
0
0
0
0
-1
0
0
1
0
1
1
1
0
2
1
0
-1
0
-1
0
-2
-2
-2
-2
-1
-1
1
0
0
0
0
0
1
0
0
0
1
0
0
1
0
1
0
-1
-1
-2
1
0
0
0
0
-1
0
0
-1
0
1
0
0
-1
0
1
0
0
1
0
-1
1
0
0
0
1
0
0
-1
1
0
-1
1
-1
0
1
0
0
-2
0
0
0
1
-1
0
2
1
2
1
1
1
-1
0
0
1
-1
-1
0
0
-1
0
1
0
-1
-2
-1
0
0
-1
0
0
0
1
0
0
0
-1
1
0
1
1
1
1
1
1
1
0
1
0
0
0
1
1
0
0
-1
0
0
1
0
0
1
1
0
-1
0
0
1
1
0
0
0
1
0
-1
0
0
-1
-1
-2
-2
-2
-1
-2
0
0
-1
0
-1
-1
-2
-1
-1
0
1
0
0
-1
1
1
1
2
0
-2
0
0
0
1
0
1
0
2
0
1
1
-1
0
0
1
1
1
0
0
-1
0
0
1
0
-1
1
0
0
0
-1
-1
-1
-1
0
1
1
0
-1
-1
0
-1
-1
0
1
0
0
1
1
1
1
0
0
-1
0
2
2
3
2
1
0
-1
0
0
0
0
1
0
0
0
2
1
-1
0
1
-1
-1
-1
-1
0
-1
-1
-2
-1
0
-2
-2
-2
-1
0
-2
0
-1
-1
-1
-2
-1
2
1
2
2
1
2
2
3
3
3
2
2
2
2
2
1
1
-1
0
0
0
0
-2
0
0
0
0
1
1
-1
-1
-1
-3
-2
-2
0
-1
-3
0
-1
1
0
-2
0
0
0
-1
0
1
0
0
0
0
1
0
1
0
1
1
1
1
1
0
1
1
0
-1
-2
-1
-1
-2
0
1
-2
-3
-3
-3
-2
0
0
1
-1
-2
-2
-3
-5
-3
-4
-3
-2
0
0
0
0
1
1
2
3
4
4
5
5
5
3
4
5
5
4
6
7
6
5
3
4
3
4
4
2
1
1
0
-2
-3
-3
-4
-6
-6
-5
-6
-5
-6
-6
-6
-6
-5
-5
-6
-6
-6
-6
-7
-8
-9
-6
-5
-3
-3
-1
0
1
3
5
5
6
6
5
4
4
5
5
6
6
8
7
6
7
5
4
4
5
2
3
2
3
2
2
3
1
1
1
2
2
3
2
1
0
-1
-2
0
0
-1
-2
-2
-1
-2
-3
-3
-3
-5
-6
-6
-8
-7
-7
-8
-7
-7
-7
-8
-7
-6
-6
-4
-4
-3
-3
-3
-2
-2
-1
0
0
1
3
4
3
4
4
4
5
5
5
5
4
5
5
4
5
7
5
5
6
6
6
5
5
6
4
4
3
1
2
0
0
-1
0
0
-2
0
0
0
0
1
1
-1
-1
-1
-3
-5
-6
-6
-8
-6
-6
-7
-5
-5
-4
-3
-3
0
0
-2
-3
-2
-4
-5
-6
-4
-5
-3
-1
-1
1
1
1
1
3
2
2
2
1
1
0
1
1
2
3
4
3
4
3
4
3
3
3
4
3
4
3
3
2
2
2
1
1
-1
-1
-1
-1
-1
-1
0
-1
-4
-3
-3
-3
-2
-2
-2
-2
-3
-3
-4
-3
-4
-3
-1
-2
-1
1
1
1
1
2
2
2
2
2
0
2
3
2
3
3
1
2
2
2
3
3
1
2
0
1
1
3
2
3
4
3
5
4
6
5
5
6
6
6
6
5
4
3
3
2
-1
-1
-1
-2
-4
-5
-5
-6
-6
-7
-7
-6
-7
-6
-7
-8
-7
-7
-5
-6
-6
-3
-2
-2
-3
-2
-4
-2
-2
-3
-3
-3
-2
-3
-3
-3
-3
-5
-6
-5
-6
-4
-5
-4
-5
-4
-3
-1
-1
0
1
2
4
5
6
6
7
7
8
9
9
10
10
10
9
9
7
7
6
6
4
1
3
0
0
-1
-2
-2
-4
-4
-5
-6
-5
-5
-7
-3
-5
-4
-3
-3
-1
-1
-1
-1
0
-1
0
0
-1
0
-1
-1
0
-2
-1
-2
-1
-2
0
0
-1
0
-1
1
1
-1
1
0
1
2
4
3
4
4
4
6
6
5
5
3
3
3
2
2
3
3
2
1
0
1
-2
-1
-1
-1
0
0
2
4
6
9
11
13
12
14
15
13
11
10
7
3
-1
-5
-11
-19
-22
-31
-37
-42
-48
-53
-55
-57
-58
-55
-51
-43
-35
-21
-7
5
21
37
50
59
73
81
82
82
86
79
70
61
52
38
23
10
0
-11
-19
-26
-32
-36
-41
-42
-37
-35
-36
-32
-25
-21
-17
-5
3
10
21
36
43
51
61
66
69
69
66
55
44
25
5
-22
-45
-73
-98
-122
-143
-160
-177
-182
-186
-181
-176
-156
-137
-114
-89
-56
-28
0
30
60
84
102
126
136
142
138
133
117
102
73
40
2
-38
-83
-121
-155
-190
-213
-221
-221
-214
-186
-149
-105
-51
20
85
147
210
274
337
380
424
467
496
500
510
518
504
476
455
429
378
318
265
211
139
70
12
-47
-112
-172
-218
-262
-306
-344
-371
-396
-421
-455
-485
-506
-531
-572
-601
-613
-642
-677
-688
-676
-686
-686
-645
-590
-560
-501
-404
-308
-233
-123
12
120
212
338
463
541
624
715
780
797
832
851
837
803
778
729
655
579
501
409
307
223
125
32
-62
-130
-198
-244
-274
-275
-262
-223
-147
-55
43
157
308
433
559
676
789
843
882
900
868
782
683
568
394
213
24
-162
-379
-555
-724
-877
-1027
-1125
-1204
-1275
-1326
-1338
-1327
-1328
-1291
-1234
-1166
-1116
-1019
-929
-851
-761
-641
-550
-464
-360
-274
-212
-131
-38
3
67
159
228
268
371
464
514
593
718
794
835
930
1006
1026
1056
1114
1111
1083
1089
1074
1010
964
938
868
791
755
708
617
550
522
469
397
353
329
270
198
152
110
33
-62
-128
-198
-313
-453
-549
-658
-808
-948
-1042
-1162
-1299
-1401
-1477
-1555
-1625
-1656
-1672
-1649
-1629
-1576
-1478
-1321
-1200
-1031
-772
-528
-324
-39
314
546
793
1098
1356
1465
1640
1784
1801
1765
1769
1676
1492
1357
1172
929
704
529
258
49
-101
-265
-447
-502
-540
-625
-619
-517
-441
-364
-164
44
230
454
727
943
1134
1330
1476
1538
1571
1535
1404
1217
1001
695
328
-26
-386
-795
-1162
-1463
-1778
-2064
-2259
-2411
-2571
-2639
-2654
-2661
-2625
-2501
-2394
-2253
-2012
-1767
-1519
-1157
-725
-379
42
559
988
1321
1749
2125
2300
2461
2627
2635
2490
2389
2202
1907
1617
1347
1008
693
446
161
-88
-246
-382
-543
-602
-612
-645
-658
-589
-496
-393
-247
-47
192
448
694
954
1247
1468
1608
1727
1811
1729
1552
1345
1050
617
151
-309
-800
-1299
-1750
-2156
-2491
-2751
-2960
-3073
-3097
-3084
-3051
-2865
-2684
-2515
-2311
-1964
-1714
-1412
-983
-542
-188
254
829
1208
1613
2009
2406
2547
2780
2874
2833
2674
2522
2264
1884
1622
1239
873
487
305
-34
-264
-417
-471
-571
-572
-486
-458
-373
-305
-161
-55
136
244
419
641
858
991
1166
1363
1429
1426
1435
1372
1142
859
561
167
-309
-793
-1262
-1717
-2140
-2509
-2805
-2967
-3094
-3148
-3095
-2932
-2810
-2612
-2315
-2026
-1795
-1496
-1139
-834
-473
-90
293
630
1057
1414
1735
2033
2298
2441
2541
2630
2555
2399
2199
2009
1703
1435
1164
885
598
388
213
34
-56
-115
-117
-106
-6
45
94
161
252
305
346
429
478
524
551
617
628
620
592
544
449
299
120
-101
-363
-687
-1022
-1360
-1687
-2018
-2306
-2515
-2679
-2777
-2781
-2701
-2619
-2480
-2271
-2034
-1825
-1582
-1334
-1091
-816
-495
-195
105
462
800
1130
1465
1786
1994
2204
2392
2492
2479
2468
2385
2214
2043
1883
1684
1457
1295
1116
941
773
647
517
421
347
277
228
198
172
120
102
109
126
131
163
203
233
247
257
241
188
82
-50
-217
-425
-684
-972
-1242
-1529
-1811
-2106
-2332
-2564
-2735
-2845
-2860
-2869
-2829
-2705
-2590
-2449
-2270
-2037
-1928
-1691
-1329
-960
-664
-200
322
716
1198
1790
2267
2494
2863
3196
3342
3363
3421
3333
3104
2964
2747
2442
2091
1833
1477
1191
929
595
215
-22
-184
-486
-697
-761
-797
-902
-830
-629
-488
-330
-15
355
619
899
1190
1384
1460
1463
1378
1147
865
459
-19
-520
-968
-1497
-2018
-2447
-2841
-3214
-3511
-3688
-3862
-3939
-3960
-3917
-3860
-3724
-3602
-3398
-3098
-2776
-2412
-1831
-1153
-567
109
962
1722
2325
3036
3654
3953
4125
4442
4517
4323
4096
3949
3581
3166
2801
2410
1926
1500
1149
734
391
21
-312
-645
-779
-1001
-1177
-1227
-1115
-1086
-994
-691
-349
-3
369
883
1286
1690
1996
2250
2314
2256
2023
1695
1305
723
36
-620
-1188
-1857
-2486
-2996
-3466
-3907
-4194
-4328
-4490
-4608
-4645
-4561
-4444
-4302
-4119
-3856
-3484
-3066
-2405
-1678
-977
-294
695
1628
2385
3079
3777
4194
4429
4766
4867
4700
4396
4248
3852
3461
2982
2524
1975
1574
1156
676
333
-9
-323
-674
-722
-924
-1068
-1167
-1036
-1046
-961
-701
-383
-40
277
760
1153
1645
1940
2255
2378
2444
2250
1978
1576
991
320
-374
-1004
-1727
-2336
-2976
-3448
-3903
-4185
-4441
-4548
-4661
-4706
-4634
-4507
-4362
-4222
-3931
-3670
-3125
-2446
-1765
-1165
-235
745
1538
2352
3264
3899
4201
4717
5088
5087
4868
4816
4546
4122
3703
3235
2605
2000
1561
999
485
56
-323
-766
-909
-991
-1251
-1459
-1397
-1329
-1396
-1235
-910
-628
-395
66
567
975
1328
1744
2107
2293
2295
2118
1839
1431
867
200
-452
-1079
-1760
-2405
-2891
-3345
-3795
-4101
-4239
-4418
-4542
-4507
-4381
-4348
-4226
-4047
-3836
-3338
-2639
-2076
-1508
-528
446
1199
2098
3189
3794
4188
4872
5365
5318
5212
5274
5033
4606
4227
3763
3059
2458
1937
1277
658
176
-341
-847
-978
-1170
-1568
-1799
-1720
-1813
-1990
-1826
-1505
-1299
-1035
-469
20
434
890
1440
1826
2086
2173
2044
1852
1523
980
286
-259
-870
-1609
-2245
-2653
-3171
-3678
-3917
-4079
-4367
-4515
-4375
-4319
-4336
-4202
-4044
-3865
-3260
-2560
-2112
-1505
-408
501
1215
2288
3378
3845
4353
5215
5581
5436
5425
5536
5172
4768
4435
3933
3200
2697
2142
1421
851
379
-198
-680
-767
-1143
-1609
-1797
-1753
-2072
-2255
-2038
-1793
-1660
-1286
-664
-283
166
721
1278
1537
1811
1889
1759
1537
1183
613
-53
-540
-1199
-1909
-2463
-2828
-3375
-3760
-3878
-4046
-4340
-4364
-4174
-4178
-4148
-3973
-3837
-3587
-2896
-2277
-1862
-1083
28
799
1581
2742
3628
4001
4706
5511
5646
5478
5591
5565
5119
4774
4413
3822
3161
2727
2061
1408
917
433
-183
-487
-647
-1159
-1571
-1650
-1728
-2154
-2197
-1992
-1819
-1697
-1213
-705
-352
148
715
1162
1378
1630
1599
1459
1167
760
135
-432
-950
-1666
-2327
-2801
-3189
-3725
-3971
-4079
-4281
-4516
-4462
-4351
-4368
-4287
-4163
-3935
-3414
-2737
-2264
-1591
-481
466
1218
2321
3430
3954
4508
5450
5898
5790
5829
5994
5680
5252
4936
4426
3758
3212
2650
1894
1373
838
203
-299
-461
-922
-1494
-1633
-1679
-2076
-2346
-2094
-1985
-1933
-1585
-1008
-681
-218
391
874
1197
1487
1572
1426
1291
932
347
-213
-622
-1344
-2095
-2560
-2934
-3515
-3893
-3977
-4204
-4474
-4520
-4421
-4490
-4479
-4445
-4200
-3668
-3063
-2683
-1983
-784
129
919
2116
3315
3763
4410
5438
5930
5782
5914
6156
5819
5386
5043
4581
3873
3379
2737
2048
1489
935
238
-230
-429
-1029
-1576
-1715
-1769
-2291
-2447
-2213
-2112
-2109
-1703
-1115
-771
-276
285
827
1145
1440
1464
1424
1284
892
314
-144
-554
-1327
-1994
-2391
-2769
-3366
-3637
-3704
-3940
-4176
-4133
-4040
-4125
-4150
-4098
-3793
-3267
-2780
-2442
-1677
-584
197
1020
2270
3278
3653
4377
5354
5668
5494
5676
5814
5406
4956
4595
4086
3433
2936
2307
1724
1238
674
51
-240
-457
-1089
-1522
-1551
-1719
-2234
-2269
-2021
-2004
-1987
-1531
-1010
-689
-242
272
710
986
1165
1111
1056
902
457
-121
-471
-923
-1679
-2244
-2514
-2912
-3391
-3507
-3545
-3721
-3815
-3676
-3595
-3563
-3572
-3443
-3012
-2423
-2081
-1678
-756
134
759
1652
2832
3418
3795
4561
5266
5271
5192
5343
5189
4769
4338
3926
3319
2825
2262
1671
1217
779
178
-289
-371
-719
-1221
-1401
-1328
-1637
-1927
-1750
-1555
-1555
-1402
-898
-540
-215
184
606
896
1084
1114
953
845
554
15
-536
-910
-1522
-2265
-2736
-3070
-3546
-3902
-3960
-4056
-4162
-4119
-3942
-3818
-3695
-3614
-3271
-2607
-2022
-1672
-963
125
850
1565
2623
3582
3899
4456
5278
5587
5468
5511
5614
5216
4835
4382
3864
3228
2716
2086
1459
1030
412
-158
-515
-665
-1192
-1528
-1535
-1617
-1946
-2040
-1782
-1727
-1637
-1361
-902
-600
-221
203
583
868
970
921
805
670
182
-383
-812
-1288
-2027
-2661
-3040
-3526
-3984
-4201
-4256
-4409
-4447
-4315
-4157
-3987
-3885
-3557
-2940
-2230
-1811
-1136
-53
836
1561
2567
3676
4159
4713
5540
6061
6023
6056
6198
5924
5548
5066
4494
3765
3168
2433
1673
1137
493
-209
-718
-901
-1398
-1835
-1928
-1911
-2143
-2266
-2040
-1876
-1730
-1485
-1032
-658
-240
162
590
936
1100
1031
936
822
356
-264
-761
-1267
-2060
-2764
-3237
-3767
-4331
-4632
-4703
-4850
-4932
-4793
-4583
-4401
-4239
-3718
-3028
-2347
-1812
-907
150
1007
1917
2979
3965
4490
5290
6015
6468
6509
6611
6552
6241
5898
5273
4601
3786
3104
2117
1364
699
-34
-812
-1285
-1602
-2186
-2497
-2602
-2598
-2780
-2627
-2384
-2074
-1768
-1319
-813
-301
248
683
1192
1540
1753
1657
1649
1449
963
330
-186
-833
-1722
-2462
-3069
-3720
-4385
-4777
-5018
-5236
-5361
-5298
-5162
-4994
-4824
-4220
-3444
-2732
-2144
-1044
93
996
2048
3276
4255
4803
5796
6543
6986
7062
7282
7101
6730
6313
5596
4843
3979
3217
2020
1254
477
-350
-1267
-1709
-2140
-2859
-3128
-3206
-3240
-3518
-3196
-2893
-2542
-2160
-1520
-906
-334
372
918
1522
1861
2111
2032
2049
1793
1220
590
34
-689
-1660
-2361
-3027
-3746
-4463
-4867
-5196
-5494
-5627
-5628
-5538
-5478
-5231
-4617
-3791
-3112
-2372
-1151
39
1080
2283
3657
4608
5370
6406
7180
7569
7733
7956
7741
7402
6860
6100
5245
4392
3451
2238
1401
519
-396
-1332
-1793
-2401
-3112
-3424
-3506
-3674
-3912
-3604
-3293
-2964
-2558
-1845
-1221
-564
170
871
1500
1932
2174
2194
2218
1915
1292
646
94
-748
-1711
-2459
-3105
-3905
-4620
-5074
-5433
-5766
-5934
-5965
-5934
-5921
-5721
-5070
-4244
-3579
-2792
-1453
-166
969
2300
3803
4808
5700
6818
7677
8061
8244
8486
8314
8031
7472
6740
5857
4987
3923
2738
1833
832
-184
-1122
-1621
-2391
-3130
-3521
-3648
-3967
-4213
-3976
-3706
-3403
-3015
-2281
-1669
-947
-227
556
1233
1756
2024
2131
2242
1962
1380
764
267
-612
-1544
-2315
-2964
-3785
-4499
-4961
-5349
-5700
-5909
-5928
-5937
-5973
-5820
-5171
-4404
-3768
-2947
-1607
-337
823
2211
3690
4718
5675
6798
7656
8123
8373
8574
8437
8258
7772
7065
6257
5433
4335
3161
2242
1193
86
-868
-1420
-2256
-3053
-3505
-3713
-4097
-4386
-4287
-4138
-3877
-3522
-2870
-2280
-1524
-811
-38
726
1344
1662
1829
2081
1912
1415
882
447
-411
-1336
-2079
-2777
-3623
-4316
-4751
-5168
-5563
-5777
-5820
-5855
-5941
-5815
-5217
-4521
-3915
-3105
-1732
-524
623
2022
3553
4597
5586
6815
7688
8215
8517
8830
8683
8525
8092
7413
6646
5838
4802
3587
2704
1609
456
-545
-1131
-2019
-2913
-3359
-3628
-4029
-4373
-4265
-4163
-3928
-3578
-2973
-2385
-1664
-944
-230
546
1153
1459
1631
1924
1784
1268
788
385
-472
-1417
-2112
-2826
-3739
-4413
-4808
-5242
-5675
-5886
-5941
-6017
-6072
-5949
-5407
-4724
-4124
-3359
-2039
-797
289
1629
3165
4288
5259
6531
7480
8020
8351
8726
8697
8501
8125
7484
6783
6016
5091
3955
3100
2066
927
-46
-682
-1545
-2521
-3021
-3359
-3807
-4220
-4139
-4010
-3821
-3468
-2908
-2325
-1677
-955
-278
437
1000
1304
1493
1744
1620
1094
648
250
-518
-1402
-2027
-2699
-3581
-4225
-4617
-5047
-5525
-5774
-5880
-5983
-6073
-5970
-5476
-4815
-4258
-3550
-2297
-1083
-1
1283
2806
3951
4952
6225
7204
7786
8139
8556
8594
8459
8105
7511
6850
6130
5276
4195
3375
2358
1289
335
-316
-1155
-2114
-2676
-3099
-3540
-4016
-3978
-3898
-3717
-3431
-2927
-2366
-1779
-1067
-431
267
755
1098
1291
1524
1380
898
462
35
-636
-1461
-2034
-2698
-3481
-4112
-4465
-4869
-5349
-5620
-5738
-5811
-5961
-5848
-5399
-4758
-4263
-3592
-2414
-1296
-220
1013
2532
3628
4655
5916
6950
7572
7934
8404
8497
8446
8092
7567
6926
6224
5373
4314
3516
2489
1465
528
-87
-916
-1845
-2398
-2825
-3265
-3786
-3786
-3760
-3644
-3473
-3010
-2461
-1901
-1204
-554
170
638
1005
1224
1485
1353
894
448
33
-614
-1450
-2057
-2712
-3476
-4129
-4470
-4851
-5299
-5568
-5658
-5725
-5840
-5764
-5354
-4718
-4186
-3563
-2480
-1313
-264
945
2421
3580
4520
5713
6785
7380
7704
8114
8302
8198
7883
7343
6710
5986
5128
4116
3269
2344
1292
449
-154
-864
-1748
-2233
-2576
-3002
-3431
-3484
-3390
-3345
-3164
-2788
-2194
-1627
-983
-333
373
872
1128
1380
1581
1461
935
475
13
-677
-1539
-2251
-2925
-3718
-4359
-4775
-5084
-5449
-5647
-5724
-5714
-5749
-5708
-5272
-4616
-4045
-3465
-2364
-1184
-146
1075
2530
3680
4566
5726
6728
7285
7610
8004
8167
8042
7779
7205
6563
5867
5077
4068
3219
2349
1298
452
-170
-840
-1737
-2235
-2594
-2988
-3383
-3435
-3323
-3272
-3054
-2681
-2070
-1519
-876
-244
464
963
1206
1441
1613
1522
981
504
9
-675
-1574
-2343
-3053
-3891
-4563
-5035
-5337
-5692
-5885
-5956
-5915
-5921
-5893
-5406
-4730
-4136
-3542
-2399
-1197
-148
1119
2587
3748
4608
5785
6771
7332
7669
8090
8227
8060
7804
7228
6598
5914
5179
4154
3295
2434
1396
501
-161
-836
-1780
-2311
-2668
-3029
-3455
-3471
-3335
-3278
-3027
-2583
-1969
-1466
-780
-133
578
1073
1378
1597
1763
1713
1189
715
238
-421
-1380
-2157
-2872
-3752
-4493
-4997
-5354
-5796
-6027
-6116
-6114
-6137
-6059
-5544
-4880
-4241
-3575
-2411
-1191
-75
1233
2669
3858
4747
5913
6873
7467
7801
8166
8269
8047
7743
7165
6568
5843
5047
3999
3109
2222
1157
255
-487
-1211
-2153
-2673
-3011
-3370
-3742
-3750
-3552
-3455
-3115
-2616
-1957
-1398
-708
-10
694
1238
1538
1813
1968
1887
1381
941
453
-290
-1233
-2020
-2750
-3668
-4427
-4998
-5430
-5935
-6225
-6360
-6409
-6464
-6278
-5676
-5031
-4323
-3419
-2145
-1014
284
1755
3135
4258
5383
6565
7292
7883
8235
8457
8324
8126
7689
7012
6363
5541
4606
3508
2676
1613
613
-214
-939
-1772
-2539
-2907
-3316
-3606
-3820
-3681
-3550
-3246
-2785
-2230
-1547
-857
-129
506
1206
1629
1881
2068
2140
1825
1281
805
151
-703
-1569
-2303
-3138
-3966
-4630
-5163
-5621
-6023
-6288
-6467
-6558
-6606
-6319
-5759
-5160
-4403
-3283
-2049
-958
498
2072
3372
4518
5886
6970
7551
8121
8523
8577
8352
8170
7627
6897
6181
5322
4302
3295
2423
1290
386
-354
-1117
-1988
-2573
-2956
-3464
-3738
-3813
-3680
-3610
-3174
-2634
-2048
-1364
-554
256
878
1532
1921
2215
2329
2308
1903
1363
805
18
-827
-1653
-2395
-3341
-4101
-4719
-5243
-5707
-6043
-6276
-6546
-6636
-6683
-6395
-5935
-5342
-4636
-3558
-2272
-1135
266
1794
3243
4402
5734
6873
7558
8035
8409
8604
8397
8156
7616
6970
6206
5369
4394
3408
2551
1468
565
-216
-918
-1818
-2476
-2902
-3404
-3812
-3981
-3829
-3780
-3449
-2946
-2292
-1636
-838
17
714
1381
1832
2245
2450
2500
2157
1701
1201
503
-323
-1146
-1869
-2799
-3634
-4333
-4862
-5403
-5840
-6137
-6406
-6604
-6685
-6360
-5907
-5399
-4716
-3585
-2337
-1164
224
1715
3096
4286
5593
6674
7399
7902
8296
8493
8396
8154
7621
7044
6322
5439
4403
3462
2511
1376
415
-422
-1252
-2210
-2836
-3322
-3842
-4262
-4359
-4219
-4083
-3696
-3171
-2459
-1746
-913
-95
720
1382
1824
2261
2560
2557
2172
1803
1299
572
-283
-1039
-1841
-2760
-3591
-4291
-4859
-5416
-5852
-6208
-6472
-6702
-6639
-6225
-5737
-5223
-4365
-3134
-1940
-633
868
2300
3529
4836
6103
6990
7666
8234
8567
8592
8529
8221
7652
7064
6324
5327
4236
3289
2162
1014
52
-834
-1834
-2689
-3199
-3766
-4279
-4571
-4529
-4461
-4186
-3693
-3106
-2403
-1595
-709
88
943
1519
1940
2320
2577
2395
1984
1613
997
182
-620
-1303
-2200
-3056
-3793
-4416
-4984
-5443
-5833
-6237
-6521
-6679
-6454
-6046
-5561
-4981
-3966
-2769
-1591
-168
1342
2684
3868
5269
6386
7159
7815
8391
8609
8565
8476
8041
7510
6903
6151
5080
4073
3095
1940
877
-35
-934
-1965
-2651
-3197
-3787
-4313
-4504
-4485
-4458
-4146
-3653
-3048
-2376
-1484
-618
202
976
1547
1971
2284
2422
2165
1778
1315
649
-181
-919
-1619
-2465
-3264
-3951
-4510
-5034
-5471
-5872
-6235
-6512
-6527
-6214
-5806
-5311
-4570
-3448
-2301
-1045
430
1896
3154
4415
5742
6686
7409
7995
8448
8556
8482
8194
7658
7151
6479
5603
4533
3631
2585
1466
513
-363
-1309
-2271
-2862
-3457
-3987
-4422
-4528
-4503
-4392
-4005
-3494
-2800
-2065
-1169
-360
460
1155
1682
2090
2307
2318
1998
1625
1112
433
-387
-1113
-1817
-2615
-3359
-3997
-4532
-5082
-5558
-5956
-6294
-6498
-6383
-6076
-5685
-5118
-4194
-3076
-1901
-528
958
2357
3616
4986
6142
7014
7693
8255
8564
8586
8479
8058
7547
6927
6220
5229
4244
3308
2235
1191
196
-689
-1716
-2516
-3205
-3767
-4253
-4550
-4594
-4563
-4267
-3877
-3216
-2491
-1611
-777
54
844
1433
1961
2253
2415
2209
1924
1469
895
165
-638
-1365
-2179
-2902
-3656
-4238
-4835
-5347
-5840
-6231
-6494
-6578
-6350
-6085
-5608
-4918
-3861
-2766
-1502
-49
1386
2735
4054
5407
6366
7176
7818
8302
8417
8378
8185
7718
7164
6462
5693
4691
3792
2799
1804
820
-119
-1037
-1924
-2572
-3248
-3727
-4098
-4197
-4247
-4092
-3731
-3261
-2592
-1853
-959
-197
609
1215
1747
2131
2307
2239
1963
1629
1004
326
-441
-1177
-2017
-2791
-3486
-4176
-4771
-5301
-5715
-6171
-6504
-6634
-6462
-6195
-5856
-5205
-4238
-3154
-1985
-536
937
2269
3642
5074
6198
6993
7732
8292
8490
8477
8325
7941
7399
6777
5967
5019
4118
3168
2106
1116
246
-737
-1670
-2364
-2961
-3584
-4012
-4129
-4187
-4116
-3816
-3326
-2793
-2107
-1288
-467
312
978
1538
1950
2243
2224
2010
1705
1214
481
-319
-1037
-1854
-2683
-3432
-4075
-4738
-5314
-5732
-6110
-6487
-6757
-6649
-6348
-6013
-5534
-4643
-3526
-2414
-1077
430
1837
3130
4602
5935
6857
7603
8257
8633
8674
8616
8287
7774
7195
6459
5486
4495
3608
2533
1453
527
-359
-1370
-2190
-2785
-3406
-3939
-4210
-4249
-4261
-4028
-3601
-3078
-2469
-1713
-906
-135
633
1253
1732
2087
2279
2137
1859
1497
916
91
-712
-1461
-2290
-3092
-3795
-4429
-5080
-5565
-5969
-6334
-6690
-6791
-6581
-6256
-5833
-5174
-4129
-3017
-1768
-359
1114
2431
3792
5249
6387
7244
7936
8520
8750
8805
8659
8238
7718
7087
6259
5201
4257
3242
2130
1089
175
-777
-1745
-2405
-3022
-3591
-4023
-4139
-4153
-4070
-3728
-3272
-2680
-2042
-1257
-502
288
978
1505
1938
2215
2253
1984
1721
1256
530
-338
-1131
-1952
-2852
-3596
-4293
-4943
-5548
-5959
-6369
-6745
-6977
-6947
-6636
-6269
-5716
-4902
-3742
-2555
-1249
231
1650
2959
4300
5713
6704
7451
8088
8576
8736
8696
8495
8009
7493
6794
5914
4878
3934
2876
1759
827
-99
-1061
-1929
-2463
-3067
-3611
-3899
-3938
-3931
-3810
-3403
-2935
-2342
-1680
-915
-168
562
1149
1578
1957
2125
2003
1722
1449
914
111
-693
-1457
-2335
-3203
-3909
-4562
-5221
-5738
-6115
-6512
-6838
-6960
-6757
-6417
-5974
-5356
-4375
-3173
-1933
-553
882
2285
3548
4931
6154
7046
7692
8240
8634
8680
8596
8227
7775
7169
6428
5469
4480
3532
2402
1376
427
-447
-1441
-2149
-2691
-3264
-3728
-3944
-3908
-3901
-3630
-3218
-2655
-2052
-1328
-569
160
853
1334
1763
2055
2150
1932
1678
1319
711
-84
-852
-1634
-2548
-3369
-4103
-4761
-5424
-5898
-6308
-6676
-6952
-6970
-6682
-6322
-5829
-5126
-4009
-2812
-1517
-116
1306
2646
3908
5259
6307
7112
7683
8196
8468
8459
8298
7880
7410
6731
5959
4977
4051
3070
1991
1023
94
-762
-1710
-2375
-2970
-3480
-3899
-4061
-3998
-3897
-3546
-3085
-2431
-1788
-1022
-282
465
1115
1590
2019
2271
2320
2066
1795
1361
733
-64
-814
-1611
-2506
-3318
-4072
-4710
-5361
-5841
-6294
-6633
-6887
-6894
-6609
-6204
-5684
-4954
-3765
-2533
-1207
209
1700
3027
4269
5558
6551
7293
7808
8275
8438
8372
8116
7650
7107
6415
5591
4575
3669
2675
1622
651
-195
-1038
-1954
-2607
-3141
-3588
-3985
-4060
-3945
-3763
-3387
-2846
-2173
-1493
-696
37
795
1416
1897
2239
2437
2422
2079
1693
1173
483
-395
-1168
-2007
-2901
-3696
-4413
-5015
-5615
-6022
-6490
-6802
-7013
-7002
-6720
-6248
-5664
-4950
-3720
-2436
-1073
371
1965
3310
4526
5858
6870
7571
8027
8517
8593
8436
8128
7613
6998
6275
5469
4395
3486
2469
1421
432
-340
-1154
-2070
-2641
-3094
-3498
-3915
-3885
-3752
-3562
-3191
-2605
-1941
-1290
-450
285
1068
1629
2113
2397
2563
2492
2076
1627
1012
288
-656
-1429
-2318
-3203
-4006
-4674
-5213
-5787
-6143
-6578
-6822
-7061
-7005
-6684
-6187
-5596
-4841
-3590
-2344
-964
495
2092
3414
4686
6041
7054
7766
8237
8691
8733
8574
8205
7615
6958
6215
5339
4241
3310
2244
1132
171
-599
-1447
-2326
-2831
-3255
-3652
-3977
-3935
-3802
-3568
-3155
-2602
-1924
-1206
-377
363
1173
1754
2176
2473
2671
2556
2091
1637
998
202
-755
-1538
-2428
-3332
-4142
-4794
-5287
-5835
-6180
-6520
-6673
-6886
-6830
-6425
-5872
-5278
-4503
-3217
-1968
-655
768
2312
3607
4806
6127
7118
7791
8201
8569
8619
8424
8042
7381
6715
5936
5047
3958
3024
2032
902
-29
-804
-1546
-2426
-2919
-3287
-3636
-3924
-3928
-3743
-3539
-3115
-2617
-1908
-1183
-357
392
1178
1810
2187
2492
2650
2559
2079
1618
998
194
-752
-1567
-2405
-3323
-4111
-4777
-5285
-5821
-6153
-6436
-6576
-6734
-6700
-6301
-5746
-5139
-4410
-3172
-1894
-610
767
2281
3592
4730
6033
7047
7703
8054
8397
8453
8243
7865
7214
6527
5714
4860
3770
2839
1915
885
-32
-787
-1451
-2287
-2781
-3147
-3433
-3716
-3713
-3524
-3314
-2887
-2388
-1686
-1014
-181
558
1313
1941
2363
2649
2733
2641
2166
1648
1006
218
-742
-1613
-2429
-3326
-4104
-4749
-5285
-5808
-6152
-6379
-6569
-6688
-6707
-6408
-5857
-5235
-4587
-3559
-2194
-941
352
1818
3234
4325
5517
6719
7444
7789
8105
8331
8149
7783
7270
6598
5855
5032
4055
3013
2140
1199
250
-496
-1149
-1906
-2587
-2911
-3241
-3562
-3698
-3515
-3287
-2965
-2428
-1807
-1081
-365
442
1151
1860
2354
2664
2819
2781
2430
1800
1243
491
-448
-1455
-2241
-3079
-3926
-4560
-5097
-5586
-6046
-6260
-6498
-6630
-6702
-6555
-6055
-5394
-4731
-3970
-2632
-1293
-71
1264
2775
3980
5001
6275
7208
7661
7892
8242
8177
7835
7395
6786
6081
5272
4408
3303
2374
1432
475
-366
-1004
-1689
-2440
-2825
-3134
-3450
-3713
-3605
-3399
-3109
-2635
-2050
-1330
-595
208
915
1686
2267
2617
2811
2886
2659
2066
1508
830
-78
-1131
-1992
-2840
-3708
-4392
-4963
-5440
-5889
-6163
-6429
-6575
-6618
-6580
-6210
-5517
-4803
-4188
-3046
-1654
-457
768
2249
3610
4634
5854
6958
7569
7885
8231
8293
7988
7650
7085
6359
5586
4801
3751
2692
1806
792
-147
-855
-1435
-2230
-2751
-3001
-3330
-3649
-3696
-3465
-3278
-2829
-2271
-1617
-909
-90
682
1388
2067
2449
2643
2709
2638
2142
1539
936
99
-910
-1808
-2643
-3563
-4326
-4908
-5400
-5866
-6152
-6382
-6596
-6667
-6601
-6351
-5738
-5004
-4383
-3370
-1995
-751
420
1893
3333
4442
5604
6805
7513
7873
8260
8375
8119
7776
7281
6514
5761
5015
4009
2922
2052
1098
66
-661
-1225
-1982
-2610
-2843
-3096
-3410
-3483
-3263
-3034
-2660
-2119
-1545
-882
-124
618
1268
1919
2321
2482
2523
2465
2059
1413
814
58
-854
-1776
-2574
-3461
-4271
-4910
-5423
-5844
-6170
-6341
-6577
-6643
-6614
-6434
-5921
-5177
-4517
-3670
-2284
-990
183
1534
3073
4225
5246
6496
7339
7743
8063
8366
8212
7871
7437
6746
5997
5241
4356
3222
2340
1447
421
-443
-1062
-1744
-2518
-2849
-3060
-3333
-3518
-3324
-3063
-2789
-2318
-1766
-1116
-442
320
957
1618
2127
2411
2517
2495
2242
1641
1033
343
-477
-1462
-2275
-3082
-3933
-4670
-5254
-5671
-6071
-6258
-6468
-6569
-6596
-6480
-6030
-5306
-4577
-3865
-2614
-1242
-17
1216
2701
3955
4886
6058
7035
7548
7803
8133
8177
7878
7482
6843
6124
5392
4600
3500
2536
1717
721
-215
-946
-1545
-2350
-2852
-3052
-3307
-3536
-3482
-3200
-2953
-2508
-1998
-1359
-671
76
759
1418
2058
2397
2579
2612
2474
1962
1333
694
-110
-1079
-1970
-2735
-3602
-4395
-5048
-5534
-5969
-6242
-6402
-6568
-6623
-6582
-6189
-5499
-4782
-4109
-3028
-1648
-425
832
2226
3545
4535
5663
6709
7319
7686
7986
8184
7982
7677
7069
6379
5731
4961
3923
2863
2064
1027
85
-736
-1395
-2205
-2838
-3091
-3429
-3644
-3682
-3414
-3137
-2640
-2117
-1504
-731
17
733
1397
2110
2451
2663
2764
2671
2213
1611
1013
193
-754
-1682
-2498
-3420
-4222
-4928
-5526
-6005
-6333
-6515
-6705
-6731
-6708
-6376
-5706
-4963
-4339
-3342
-1947
-727
540
1925
3260
4266
5402
6474
7106
7509
7853
8071
7882
7659
7118
6428
5794
5068
4066
2986
2168
1141
198
-584
-1241
-2048
-2691
-2959
-3335
-3595
-3645
-3412
-3160
-2694
-2132
-1538
-808
-76
624
1251
1939
2338
2576
2712
2666
2263
1693
1155
411
-493
-1428
-2246
-3154
-3955
-4648
-5261
-5775
-6160
-6393
-6619
-6649
-6656
-6426
-5832
-5067
-4500
-3648
-2265
-1005
229
1615
3030
4055
5178
6367
7120
7536
7925
8217
8072
7898
7471
6798
6130
5413
4427
3311
2428
1394
363
-461
-1127
-1945
-2666
-2982
-3342
-3681
-3822
-3650
-3449
-3088
-2528
-1932
-1247
-524
208
823
1539
2067
2376
2581
2637
2335
1762
1279
603
-279
-1247
-2086
-2978
-3840
-4528
-5147
-5667
-6121
-6414
-6681
-6753
-6752
-6561
-6009
-5273
-4654
-3850
-2522
-1253
-4
1433
2895
3988
5116
6400
7260
7745
8158
8465
8361
8180
7822
7149
6456
5701
4725
3600
2674
1648
548
-341
-1056
-1879
-2672
-3050
-3364
-3720
-3925
-3784
-3571
-3254
-2703
-2071
-1393
-658
110
766
1488
2050
2371
2587
2716
2455
1891
1396
739
-171
-1175
-2025
-2953
-3877
-4621
-5258
-5827
-6299
-6643
-6955
-7051
-7052
-6828
-6289
-5562
-4883
-3982
-2640
-1381
-95
1395
2895
4038
5243
6537
7412
7969
8436
8737
8606
8419
8030
7361
6631
5810
4791
3641
2691
1621
521
-406
-1175
-2043
-2823
-3218
-3550
-3857
-4020
-3847
-3621
-3217
-2625
-1947
-1197
-394
416
1130
1908
2417
2690
2880
2994
2658
2057
1540
824
-178
-1227
-2086
-3078
-4054
-4835
-5478
-6096
-6570
-6913
-7219
-7311
-7300
-7023
-6466
-5721
-5005
-4008
-2627
-1323
-15
1456
2950
4132
5366
6565
7389
7931
8391
8648
8504
8304
7836
7175
6445
5635
4578
3438
2515
1482
438
-475
-1215
-2092
-2821
-3217
-3543
-3845
-3970
-3786
-3571
-3138
-2572
-1879
-1120
-291
496
1254
2062
2562
2831
3030
3135
2735
2122
1585
872
-162
-1182
-2032
-3035
-4011
-4782
-5409
-6043
-6510
-6898
-7192
-7318
-7303
-7020
-6456
-5729
-5025
-3952
-2574
-1219
123
1646
3098
4320
5624
6757
7535
8059
8550
8710
8585
8367
7831
7126
6389
5585
4425
3314
2383
1345
263
-621
-1384
-2330
-3003
-3389
-3727
-4061
-4092
-3889
-3660
-3199
-2603
-1886
-1121
-245
554
1351
2143
2668
2967
3160
3188
2732
2112
1498
721
-313
-1306
-2206
-3214
-4140
-4923
-5584
-6182
-6628
-7038
-7321
-7442
-7389
-7046
-6453
-5758
-4992
-3821
-2462
-1076
396
1958
3346
4646
6022
7076
7799
8358
8821
8895
8801
8544
7915
7193
6450
5553
4337
3289
2282
1136
53
-823
-1720
-2708
-3273
-3676
-4073
-4382
-4321
-4130
-3856
-3323
-2713
-1985
-1166
-220
595
1443
2213
2733
3079
3281
3202
2707
2166
1510
662
-351
-1291
-2237
-3220
-4072
-4873
-5561
-6151
-6587
-6999
-7265
-7399
-7331
-6922
-6335
-5680
-4844
-3592
-2279
-897
674
2227
3578
4933
6327
7289
7955
8507
8886
8913
8780
8432
7751
7048
6258
5271
4127
3142
2068
867
-134
-1022
-1987
-2894
-3367
-3770
-4181
-4394
-4297
-4070
-3712
-3121
-2508
-1765
-879
59
876
1700
2403
2830
3129
3282
3074
2531
2000
1327
387
-679
-1620
-2586
-3552
-4400
-5171
-5843
-6406
-6807
-7162
-7377
-7497
-7327
-6817
-6191
-5521
-4540
-3201
-1915
-512
1087
2603
3890
5288
6621
7460
8058
8591
8891
8821
8629
8175
7499
6805
5982
4944
3895
2994
1890
765
-164
-1033
-2012
-2788
-3244
-3691
-4082
-4249
-4131
-3897
-3467
-2913
-2250
-1470
-598
282
1118
1933
2491
2870
3105
3171
2836
2308
1760
1016
19
-1076
-2011
-2996
-3927
-4787
-5500
-6126
-6651
-7042
-7380
-7573
-7653
-7379
-6838
-6177
-5410
-4281
-2871
-1501
-21
1570
3067
4393
5791
7015
7798
8379
8858
9058
8943
8672
8155
7463
6752
5858
4762
3721
2788
1684
572
-341
-1245
-2191
-2913
-3383
-3863
-4229
-4315
-4168
-3903
-3440
-2823
-2110
-1290
-401
497
1347
2126
2649
2989
3156
3093
2689
2145
1534
684
-353
-1418
-2356
-3347
-4259
-5067
-5739
-6332
-6829
-7205
-7544
-7721
-7696
-7324
-6802
-6135
-5200
-3932
-2516
-1065
531
2070
3512
4934
6314
7342
8061
8671
9033
9093
8954
8624
8004
7318
6585
5590
4472
3465
2453
1309
286
-624
-1601
-2481
-3074
-3583
-4096
-4330
-4292
-4140
-3817
-3239
-2577
-1855
-966
-38
840
1698
2446
2926
3207
3311
3081
2594
2048
1345
375
-675
-1659
-2651
-3626
-4492
-5260
-5946
-6527
-7006
-7435
-7731
-7851
-7684
-7264
-6710
-5975
-4886
-3505
-2109
-559
1063
2577
3976
5451
6734
7557
8233
8770
9013
8918
8749
8300
7614
6922
6119
5072
3940
2977
1878
795
-171
-1050
-1997
-2772
-3268
-3764
-4133
-4276
-4120
-3900
-3439
-2832
-2146
-1341
-448
463
1279
2152
2790
3202
3389
3373
2989
2402
1796
961
-42
-1119
-2090
-3083
-3976
-4802
-5546
-6183
-6734
-7194
-7604
-7794
-7792
-7461
-6965
-6343
-5458
-4210
-2820
-1413
231
1833
3274
4675
6133
7199
7883
8513
8943
9028
8847
8574
7992
7307
6550
5627
4554
3511
2463
1310
327
-605
-1556
-2458
-3086
-3623
-4110
-4357
-4383
-4248
-3955
-3399
-2767
-2025
-1164
-257
614
1463
2241
2792
3149
3275
3094
2639
2075
1368
459
-532
-1537
-2558
-3498
-4304
-5065
-5786
-6372
-6854
-7288
-7617
-7736
-7552
-7119
-6542
-5806
-4693
-3334
-1956
-446
1240
2789
4171
5650
6956
7792
8402
9000
9253
9152
8913
8475
7771
7017
6183
5104
4034
3040
1911
739
-181
-1104
-2124
-2915
-3416
-3943
-4408
-4493
-4385
-4246
-3890
-3240
-2531
-1736
-812
102
954
1778
2447
2863
3112
3100
2749
2248
1681
859
-155
-1103
-2064
-3123
-4040
-4775
-5494
-6180
-6684
-7098
-7480
-7699
-7647
-7321
-6832
-6161
-5210
-3921
-2530
-1077
524
2129
3568
5011
6443
7473
8162
8764
9197
9209
9008
8646
8028
7266
6452
5483
4386
3409
2366
1238
222
-686
-1682
-2576
-3161
-3656
-4098
-4329
-4257
-4107
-3817
-3297
-2623
-1841
-964
-14
857
1682
2364
2884
3177
3205
2951
2495
1975
1234
287
-730
-1673
-2691
-3693
-4550
-5303
-5989
-6604
-7062
-7465
-7760
-7835
-7592
-7194
-6652
-5803
-4621
-3264
-1845
-257
1345
2818
4288
5766
6917
7709
8376
8859
8986
8833
8495
7934
7231
6473
5523
4451
3475
2501
1415
423
-404
-1342
-2223
-2828
-3291
-3743
-3975
-3925
-3774
-3489
-3004
-2349
-1625
-762
152
1035
1859
2532
3032
3376
3481
3215
2746
2223
1539
582
-447
-1417
-2392
-3361
-4244
-5033
-5727
-6316
-6855
-7304
-7622
-7781
-7657
-7270
-6786
-6111
-5045
-3717
-2336
-837
792
2315
3763
5299
6567
7393
8051
8629
8836
8714
8425
7892
7218
6498
5649
4546
3535
2583
1525
476
-369
-1222
-2173
-2795
-3267
-3754
-4112
-4102
-3966
-3741
-3293
-2666
-1940
-1131
-177
692
1529
2260
2797
3152
3370
3264
2806
2293
1719
866
-180
-1127
-2049
-2982
-3847
-4574
-5274
-5879
-6388
-6861
-7250
-7481
-7427
-7115
-6619
-6043
-5113
-3869
-2494
-1068
508
2104
3530
5047
6433
7428
8036
8602
8948
8898
8656
8164
7515
6749
5948
4905
3820
2823
1778
732
-259
-1074
-2027
-2801
-3338
-3812
-4220
-4390
-4276
-4105
-3700
-3202
-2471
-1694
-785
134
965
1789
2388
2840
3066
3158
2840
2356
1806
1115
178
-840
-1715
-2658
-3512
-4323
-4960
-5596
-6119
-6587
-6979
-7260
-7377
-7109
-6672
-6101
-5387
-4190
-2826
-1456
57
1693
3193
4575
6095
7240
7979
8474
8943
9018
8822
8515
7880
7158
6331
5466
4351
3346
2321
1278
267
-657
-1510
-2453
-3081
-3664
-4069
-4360
-4361
-4240
-3943
-3444
-2902
-2102
-1286
-330
467
1337
2080
2606
2947
3111
3045
2570
2101
1448
656
-390
-1320
-2253
-3205
-4066
-4884
-5499
-6105
-6549
-7029
-7271
-7498
-7466
-7070
-6505
-5886
-5074
-3657
-2274
-903
656
2350
3717
5092
6553
7503
8068
8515
8909
8785
8548
8158
7437
6673
5890
4982
3858
2948
1977
973
67
-688
-1558
-2402
-2900
-3414
-3794
-4000
-3890
-3748
-3382
-2824
-2235
-1461
-615
285
1003
1817
2462
2873
3124
3228
2972
2382
1865
1134
179
-904
-1788
-2740
-3696
-4549
-5326
-5932
-6449
-6859
-7273
-7446
-7600
-7442
-6942
-6302
-5688
-4765
-3285
-1928
-569
1056
2688
3988
5363
6738
7548
8035
8494
8767
8578
8296
7830
7061
6335
5561
4558
3470
2637
1678
675
-92
-786
-1681
-2422
-2825
-3309
-3722
-3879
-3731
-3557
-3134
-2545
-1926
-1155
-300
540
1222
1976
2512
2827
3021
3056
2673
2060
1512
724
-297
-1309
-2128
-3068
-3963
-4750
-5419
-5979
-6400
-6830
-7180
-7323
-7351
-7046
-6509
-5860
-5209
-4099
-2681
-1353
76
1706
3188
4479
5880
7033
7711
8176
8606
8662
8441
8095
7508
6749
5988
5127
4003
3025
2128
1092
137
-592
-1357
-2222
-2760
-3169
-3580
-3906
-3904
-3719
-3439
-2909
-2324
-1623
-866
8
773
1485
2128
2559
2833
2925
2833
2358
1798
1154
310
-702
-1629
-2470
-3382
-4176
-4873
-5450
-5930
-6303
-6728
-6989
-7084
-6936
-6507
-5956
-5316
-4481
-3232
-1907
-540
992
2530
3847
5195
6483
7369
7910
8371
8639
8490
8231
7735
7067
6289
5470
4471
3343
2441
1415
378
-537
-1281
-2117
-2797
-3188
-3589
-3853
-3978
-3759
-3540
-3069
-2481
-1842
-1083
-299
547
1228
1962
2406
2775
2932
2898
2588
2035
1450
635
-278
-1303
-2209
-3117
-3925
-4667
-5300
-5774
-6144
-6531
-6865
-6990
-7000
-6663
-6111
-5528
-4859
-3766
-2440
-1107
331
1914
3288
4530
5924
6986
7639
8079
8491
8462
8206
7829
7183
6460
5627
4774
3632
2694
1789
760
-190
-992
-1700
-2476
-2883
-3285
-3584
-3751
-3599
-3334
-3018
-2401
-1837
-1102
-348
503
1165
1856
2399
2708
2965
2949
2751
2189
1642
885
-40
-1041
-1998
-2904
-3766
-4486
-5214
-5739
-6124
-6451
-6851
-7029
-7092
-6947
-6432
-5827
-5250
-4392
-3045
-1692
-326
1207
2758
3961
5292
6643
7447
7936
8375
8579
8321
8029
7503
6777
5952
5144
4143
3062
2273
1296
305
-540
-1208
-1995
-2619
-3001
-3401
-3679
-3707
-3432
-3216
-2725
-2118
-1483
-736
123
895
1525
2182
2566
2871
2968
2880
2440
1833
1236
355
-662
-1631
-2485
-3410
-4214
-4922
-5555
-6054
-6412
-6763
-7084
-7195
-7159
-6799
-6212
-5602
-4898
-3712
-2274
-933
510
2135
3541
4720
6146
7251
7813
8241
8608
8555
8205
7839
7176
6363
5536
4675
3597
2665
1852
816
-83
-796
-1512
-2310
-2819
-3190
-3566
-3758
-3635
-3385
-3104
-2533
-1935
-1242
-427
431
1134
1798
2352
2692
2924
2935
2677
2087
1545
845
-122
-1126
-1984
-2864
-3785
-4520
-5167
-5751
-6250
-6607
-6958
-7167
-7196
-6976
-6494
-5875
-5239
-4244
-2850
-1501
-138
1435
3001
4192
5495
6743
7491
7899
8339
8525
8237
7920
7393
6666
5835
5032
4046
3047
2209
1251
280
-537
-1230
-2077
-2684
-3098
-3439
-3694
-3694
-3459
-3219
-2712
-2142
-1441
-677
214
991
1690
2339
2748
3041
3093
2977
2421
1869
1240
377
-622
-1590
-2469
-3444
-4243
-4974
-5549
-6115
-6516
-6868
-7127
-7199
-7085
-6664
-6098
-5415
-4597
-3298
-1956
-637
867
2439
3732
4931
6212
7051
7565
7950
8281
8141
7818
7398
6683
5927
5097
4169
3145
2331
1421
456
-390
-1107
-1878
-2580
-2933
-3302
-3544
-3625
-3419
-3187
-2787
-2168
-1548
-784
13
862
1561
2262
2750
3056
3174
3086
2684
2011
1446
636
-311
-1287
-2191
-3121
-3977
-4690
-5322
-5816
-6248
-6541
-6805
-6934
-6937
-6644
-6104
-5487
-4749
-3658
-2301
-1030
372
1952
3334
4488
5795
6815
7373
7793
8134
8184
7889
7531
6897
6104
5330
4474
3399
2506
1730
765
-128
-854
-1557
-2341
-2811
-3135
-3448
-3639
-3548
-3324
-3063
-2511
-1910
-1238
-472
328
1023
1734
2342
2719
2890
2907
2699
2082
1477
817
-60
-1055
-1924
-2821
-3665
-4397
-5036
-5542
-5964
-6245
-6510
-6602
-6665
-6527
-6106
-5481
-4844
-4018
-2757
-1469
-178
1258
2826
4026
5233
6488
7266
7715
8049
8291
8117
7784
7269
6533
5710
4931
3994
2892
2122
1257
329
-513
-1145
-1881
-2559
-2912
-3214
-3448
-3587
-3358
-3191
-2800
-2240
-1660
-974
-216
512
1078
1757
2217
2531
2570
2587
2219
1590
1052
318
-577
-1556
-2338
-3260
-3995
-4688
-5249
-5731
-6088
-6353
-6591
-6623
-6618
-6286
-5791
-5115
-4447
-3432
-2157
-932
416
1898
3339
4481
5763
6844
7478
7865
8200
8299
8022
7623
6992
6226
5409
4561
3497
2508
1699
756
-141
-870
-1488
-2202
-2710
-2981
-3195
-3349
-3276
-2992
-2741
-2245
-1677
-1044
-320
440
1076
1630
2183
2526
2723
2724
2634
2076
1470
887
53
-945
-1879
-2694
-3653
-4413
-5099
-5641
-6128
-6428
-6729
-6903
-6926
-6812
-6366
-5769
-5072
-4323
-3134
-1844
-589
816
2329
3632
4787
6038
6953
7473
7829
8139
8075
7747
7277
6565
5772
5000
4071
2963
2116
1257
324
-505
-1099
-1718
-2361
-2700
-2933
-3098
-3153
-2915
-2662
-2303
-1784
-1225
-572
178
917
1478
2073
2513
2799
2911
2900
2628
1997
1436
780
-136
-1162
-2006
-2917
-3832
-4599
-5233
-5788
-6201
-6451
-6784
-6872
-6920
-6733
-6306
-5618
-5007
-4193
-2890
-1595
-314
1091
2646
3783
4985
6183
6989
7403
7739
8007
7809
7519
7005
6276
5456
4765
3826
2719
1984
1103
201
-607
-1126
-1787
-2406
-2681
-2932
-3079
-3123
-2842
-2649
-2227
-1726
-1187
-534
233
971
1506
2173
2582
2878
2931
2921
2553
1914
1393
650
-302
-1331
-2146
-3131
-3994
-4716
-5325
-5853
-6212
-6431
-6776
-6780
-6833
-6652
-6204
-5444
-4858
-4037
-2635
-1324
-78
1295
2886
3943
5125
6309
7039
7390
7680
7934
7694
7440
6931
6193
5382
4727
3851
2749
2069
1203
320
-466
-984
-1655
-2326
-2601
-2887
-3086
-3204
-2964
-2803
-2405
-1893
-1388
-736
39
803
1315
2017
2480
2746
2777
2787
2442
1779
1295
531
-425
-1456
-2245
-3205
-4056
-4676
-5264
-5756
-6119
-6298
-6656
-6637
-6631
-6488
-6009
-5228
-4583
-3822
-2416
-1103
87
1391
2942
3984
5049
6237
6925
7262
7513
7793
7556
7282
6822
6060
5279
4596
3778
2651
1961
1139
267
-471
-982
-1607
-2297
-2520
-2794
-3031
-3142
-2898
-2714
-2330
-1735
-1216
-557
229
1009
1484
2125
2610
2816
2824
2786
2447
1726
1175
410
-544
-1592
-2391
-3309
-4177
-4768
-5317
-5766
-6145
-6290
-6615
-6630
-6556
-6387
-5888
-5095
-4398
-3667
-2329
-1015
168
1437
2946
4000
4961
6112
6820
7125
7326
7586
7348
7028
6601
5848
5086
4442
3653
2541
1831
1087
234
-507
-963
-1534
-2224
-2459
-2669
-2916
-3050
-2817
-2630
-2270
-1678
-1137
-481
311
1081
1560
2172
2633
2812
2820
2777
2418
1671
1072
335
-576
-1616
-2396
-3273
-4126
-4731
-5267
-5679
-6048
-6188
-6506
-6539
-6461
-6343
-5882
-5034
-4338
-3731
-2428
-1073
71
1287
2867
3983
4866
6030
6866
7178
7337
7600
7370
7033
6626
5883
5060
4473
3724
2582
1816
1136
295
-526
-953
-1458
-2150
-2467
-2600
-2793
-2991
-2801
-2598
-2266
-1736
-1198
-554
233
1015
1530
2159
2645
2820
2823
2792
2495
1753
1091
389
-475
-1546
-2384
-3191
-4057
-4713
-5285
-5705
-6069
-6207
-6471
-6553
-6401
-6326
-5972
-5128
-4313
-3844
-2742
-1313
-173
906
2424
3717
4520
5634
6652
7094
7256
7549
7469
7124
6788
6112
5249
4607
3943
2839
1925
1294
490
-353
-832
-1226
-1894
-2308
-2391
-2532
-2745
-2656
-2428
-2211
-1763
-1278
-746
-38
726
1288
1838
2429
2693
2711
2705
2548
1943
1237
609
-182
-1228
-2171
-2931
-3803
-4532
-5143
-5602
-5993
-6174
-6323
-6469
-6294
-6177
-5944
-5282
-4367
-3879
-3059
-1700
-488
535
1852
3289
4110
5096
6204
6848
7014
7270
7364
7014
6716
6156
5356
4611
3994
3004
1967
1326
574
-246
-829
-1109
-1699
-2186
-2247
-2317
-2479
-2479
-2180
-2022
-1649
-1191
-721
-135
597
1229
1686
2292
2651
2759
2722
2671
2208
1508
903
178
-772
-1799
-2565
-3457
-4244
-4894
-5428
-5829
-6096
-6166
-6322
-6206
-6012
-5885
-5478
-4600
-3914
-3407
-2240
-930
89
1133
2575
3623
4345
5426
6296
6634
6761
7041
6900
6572
6258
5619
4884
4288
3567
2508
1733
1149
354
-395
-762
-1124
-1760
-2011
-2054
-2258
-2423
-2322
-2099
-1945
-1544
-1147
-665
-21
697
1213
1714
2263
2499
2560
2551
2399
1778
1185
601
-194
-1178
-2022
-2813
-3717
-4366
-4980
-5454
-5801
-5910
-6042
-6146
-5922
-5820
-5698
-5097
-4189
-3706
-3029
-1691
-518
368
1542
2938
3739
4556
5629
6306
6549
6771
6981
6725
6477
6111
5383
4715
4170
3343
2314
1720
1129
286
-353
-616
-1073
-1673
-1820
-2015
-2296
-2465
-2316
-2161
-1950
-1542
-1188
-626
59
744
1180
1741
2205
2364
2379
2363
2105
1433
884
262
-575
-1539
-2313
-3139
-3919
-4508
-5063
-5431
-5679
-5765
-5972
-5969
-5768
-5737
-5471
-4739
-3935
-3522
-2604
-1261
-224
685
1968
3234
3939
4882
5827
6390
6581
6849
6913
6637
6432
5909
5159
4540
4019
3051
2145
1640
925
87
-423
-676
-1315
-1817
-1977
-2249
-2546
-2588
-2351
-2196
-1839
-1446
-1011
-388
337
942
1378
1977
2344
2431
2401
2388
2008
1307
779
121
-793
-1733
-2475
-3283
-4000
-4575
-5075
-5428
-5673
-5801
-6021
-5988
-5860
-5788
-5392
-4600
-3917
-3461
-2361
-1044
-72
911
2295
3425
4131
5122
6020
6425
6574
6843
6810
6544
6270
5662
4907
4383
3787
2762
1994
1496
702
-84
-462
-820
-1543
-1951
-2065
-2347
-2583
-2487
-2233
-2010
-1597
-1198
-709
-65
599
1089
1554
2133
2367
2386
2379
2286
1754
1077
570
-148
-1077
-1943
-2646
-3413
-4046
-4590
-5043
-5371
-5572
-5708
-5908
-5833
-5764
-5684
-5182
-4363
-3850
-3331
-2111
-899
-38
1039
2449
3386
4117
5212
6052
6341
6554
6863
6792
6574
6290
5652
4986
4524
3807
2749
2085
1528
648
-77
-407
-895
-1631
-1917
-2044
-2360
-2555
-2427
-2249
-2013
-1598
-1221
-721
-87
514
913
1437
1973
2137
2167
2206
2017
1389
785
266
-487
-1423
-2219
-2934
-3666
-4252
-4751
-5156
-5457
-5579
-5743
-5857
-5707
-5659
-5548
-4887
-4053
-3636
-2967
-1650
-537
267
1484
2850
3632
4422
5558
6282
6515
6787
7054
6925
6720
6377
5684
5072
4568
3710
2639
2025
1354
416
-253
-602
-1153
-1816
-1986
-2152
-2442
-2579
-2435
-2287
-2006
-1576
-1231
-692
-53
498
851
1419
1895
1996
2023
2055
1783
1088
541
1
-771
-1706
-2464
-3147
-3851
-4408
-4889
-5255
-5516
-5612
-5823
-5842
-5632
-5611
-5387
-4600
-3792
-3421
-2559
-1202
-209
627
1945
3212
3894
4812
5876
6452
6662
6991
7142
6931
6758
6297
5549
4962
4426
3418
2407
1852
1062
113
-477
-817
-1455
-1987
-2090
-2314
-2603
-2668
-2478
-2334
-1977
-1575
-1186
-563
115
650
1056
1720
2123
2189
2236
2275
1855
1127
620
-27
-910
-1885
-2623
-3369
-4071
-4621
-5130
-5504
-5711
-5818
-6051
-5943
-5760
-5731
-5319
-4429
-3752
-3324
-2184
-892
10
1007
2428
3495
4210
5303
6210
6600
6822
7151
7078
6834
6595
5944
5189
4680
4020
2896
2121
1569
689
-133
-523
-925
-1621
-1956
-2075
-2376
-2668
-2613
-2434
-2265
-1892
-1529
-1033
-383
285
752
1280
1892
2138
2175
2252
2191
1580
955
426
-315
-1295
-2191
-2895
-3644
-4262
-4795
-5234
-5553
-5664
-5800
-5895
-5694
-5584
-5470
-4885
-3999
-3508
-2905
-1635
-449
422
1574
2981
3877
4681
5791
6562
6830
7064
7297
7115
6833
6425
5673
4968
4437
3579
2482
1832
1174
268
-429
-773
-1304
-1975
-2240
-2412
-2699
-2920
-2788
-2598
-2340
-1942
-1518
-909
-238
388
842
1456
1938
2074
2103
2174
1976
1303
773
209
-577
-1581
-2391
-3090
-3810
-4399
-4930
-5292
-5557
-5643
-5777
-5727
-5495
-5422
-5199
-4496
-3677
-3271
-2491
-1151
-52
820
2066
3420
4185
5022
6099
6761
6977
7210
7391
7162
6845
6298
5525
4857
4239
3272
2248
1650
897
7
-635
-997
-1610
-2215
-2422
-2595
-2816
-2956
-2759
-2565
-2236
-1836
-1365
-743
-100
490
957
1591
1958
2045
2052
2104
1792
1134
649
43
-776
-1756
-2503
-3235
-3961
-4553
-5062
-5417
-5682
-5761
-5873
-5793
-5577
-5498
-5185
-4437
-3653
-3208
-2291
-916
119
1042
2353
3649
4314
5218
6302
6874
7064
7319
7494
7190
6851
6241
5479
4794
4130
3139
2124
1559
752
-128
-765
-1095
-1750
-2298
-2403
-2542
-2734
-2840
-2540
-2359
-1993
-1586
-1096
-525
83
663
1104
1745
2042
2120
2092
2148
1732
1035
527
-136
-996
-2002
-2682
-3448
-4172
-4775
-5236
-5580
-5840
-5898
-5998
-5879
-5691
-5575
-5206
-4388
-3600
-3108
-2121
-749
270
1187
2523
3745
4388
5310
6355
6884
7044
7272
7396
7084
6727
6097
5359
4689
4024
3026
2054
1524
715
-127
-705
-1025
-1703
-2184
-2249
-2397
-2613
-2736
-2431
-2262
-1882
-1496
-1010
-477
96
632
1043
1669
1935
2037
2019
2070
1586
894
367
-305
-1164
-2146
-2762
-3528
-4230
-4837
-5252
-5590
-5829
-5874
-5956
-5804
-5613
-5482
-5107
-4239
-3460
-2970
-1987
-587
420
1313
2672
3893
4548
5465
6519
7034
7184
7393
7500
7181
6819
6186
5395
4686
3994
2953
1951
1402
563
-280
-827
-1167
-1857
-2315
-2386
-2557
-2772
-2878
-2570
-2378
-1974
-1554
-1055
-510
71
597
993
1584
1850
1966
1954
1930
1433
765
240
-435
-1263
-2181
-2787
-3546
-4239
-4800
-5221
-5552
-5765
-5777
-5852
-5678
-5445
-5334
-4928
-4059
-3259
-2777
-1769
-371
620
1528
2881
4088
4708
5647
6628
7090
7212
7421
7463
7111
6781
6107
5265
4529
3890
2810
1817
1260
394
-440
-943
-1235
-1959
-2372
-2465
-2642
-2840
-2858
-2532
-2377
-1942
-1526
-1044
-533
78
577
932
1493
1743
1865
1806
1746
1257
613
85
-576
-1357
-2234
-2835
-3596
-4237
-4739
-5134
-5432
-5583
-5556
-5633
-5438
-5222
-5120
-4728
-3889
-3118
-2643
-1648
-314
686
1601
2946
4138
4790
5708
6659
7112
7216
7393
7375
7042
6691
6007
5169
4472
3845
2767
1785
1193
352
-491
-975
-1264
-1964
-2383
-2487
-2640
-2815
-2791
-2491
-2356
-1939
-1538
-1097
-603
8
486
813
1361
1600
1686
1613
1552
1090
418
-113
-737
-1484
-2348
-2960
-3675
-4246
-4673
-5005
-5209
-5286
-5223
-5259
-5058
-4867
-4777
-4416
-3642
-2936
-2515
-1628
-363
641
1538
2838
4050
4711
5575
6560
7037
7105
7226
7214
6884
6513
5883
5099
4435
3824
2810
1819
1255
509
-328
-858
-1132
-1774
-2243
-2355
-2491
-2694
-2741
-2486
-2384
-2029
-1664
-1269
-813
-225
250
562
1130
1388
1476
1434
1428
1024
364
-144
-728
-1445
-2314
-2940
-3614
-4128
-4551
-4900
-5082
-5149
-5100
-5131
-4927
-4724
-4632
-4302
-3533
-2826
-2442
-1634
-373
652
1537
2815
4030
4686
5523
6543
7003
7071
7184
7175
6813
6451
5871
5059
4394
3786
2823
1799
1275
599
-229
-798
-1068
-1646
-2179
-2290
-2428
-2624
-2729
-2482
-2377
-2062
-1701
-1362
-925
-383
109
381
937
1225
1311
1261
1271
946
291
-175
-717
-1397
-2262
-2857
-3434
-3921
-4360
-4729
-4916
-5025
-4993
-5034
-4847
-4608
-4502
-4181
-3406
-2639
-2271
-1504
-262
758
1589
2779
3959
4582
5387
6330
6773
6851
6974
6947
6555
6236
5661
4874
4234
3664
2730
1727
1229
582
-196
-782
-1033
-1594
-2121
-2242
-2367
-2533
-2655
-2392
-2273
-1937
-1615
-1295
-861
-326
165
400
932
1206
1295
1210
1220
899
261
-161
-703
-1383
-2253
-2792
-3318
-3789
-4256
-4627
-4812
-4965
-4952
-5018
-4833
-4609
-4502
-4191
-3402
-2594
-2240
-1443
-234
785
1581
2718
3893
4492
5269
6112
6587
6657
6801
6769
6403
6127
5516
4812
4222
3717
2779
1842
1345
698
-44
-639
-868
-1479
-1962
-2096
-2210
-2403
-2540
-2280
-2162
-1826
-1588
-1253
-837
-293
144
355
838
1037
1141
1035
1044
668
59
-369
-910
-1576
-2442
-2954
-3485
-3903
-4368
-4676
-4822
-4954
-4938
-4962
-4737
-4531
-4400
-4075
-3249
-2457
-2093
-1276
-79
927
1699
2843
4013
4591
5333
6152
6612
6664
6808
6796
6478
6184
5559
4857
4274
3777
2821
1879
1354
694
-82
-675
-911
-1524
-1991
-2118
-2230
-2451
-2578
-2336
-2202
-1901
-1675
-1321
-897
-343
79
305
761
957
1079
1005
1023
642
37
-417
-924
-1580
-2463
-2997
-3547
-3981
-4430
-4707
-4861
-4989
-4952
-4955
-4734
-4506
-4346
-3982
-3143
-2348
-1957
-1127
81
1060
1805
2947
4104
4647
5387
6186
6591
6609
6725
6737
6421
6097
5496
4773
4137
3640
2721
1765
1225
592
-157
-743
-964
-1497
-1946
-2071
-2173
-2365
-2468
-2224
-2091
-1829
-1582
-1238
-866
-347
77
287
693
906
1030
932
941
597
10
-456
-919
-1575
-2451
-2975
-3542
-3986
-4392
-4634
-4820
-4913
-4808
-4817
-4606
-4345
-4150
-3777
-2979
-2203
-1802
-981
207
1148
1849
2947
4034
4548
5296
6082
6440
6418
6528
6565
6229
5884
5333
4597
3911
3439
2582
1621
1083
493
-222
-821
-1035
-1524
-1976
-2102
-2184
-2365
-2466
-2206
-2101
-1869
-1598
-1250
-909
-400
62
259
664
926
1067
972
1007
707
146
-275
-684
-1315
-2159
-2688
-3269
-3720
-4134
-4409
-4634
-4731
-4646
-4698
-4509
-4274
-4125
-3768
-3014
-2294
-1910
-1107
52
970
1699
2780
3813
4341
5104
5929
6300
6294
6418
6441
6113
5776
5242
4509
3852
3410
2585
1654
1172
617
-86
-638
-853
-1376
-1840
-1958
-2054
-2273
-2406
-2193
-2149
-1953
-1720
-1395
-1052
-544
-72
109
536
823
951
891
956
634
36
-371
-781
-1387
-2188
-2694
-3242
-3668
-4079
-4351
-4522
-4599
-4537
-4590
-4402
-4194
-4105
-3787
-3035
-2323
-1964
-1213
-34
908
1669
2767
3859
4441
5160
6065
6510
6527
6626
6650
6314
5953
5407
4662
4005
3524
2686
1726
1267
698
-52
-587
-807
-1363
-1874
-1965
-2090
-2330
-2503
-2319
-2295
-2120
-1880
-1587
-1211
-741
-222
-37
413
709
840
820
871
582
-67
-482
-963
-1535
-2316
-2795
-3303
-3720
-4098
-4368
-4461
-4505
-4392
-4422
-4251
-4030
-3911
-3701
-3025
-2270
-1900
-1313
-150
862
1558
2564
3732
4427
4995
5918
6466
6525
6564
6656
6356
5956
5481
4743
4092
3589
2872
1865
1371
885
131
-450
-695
-1133
-1725
-1822
-1942
-2165
-2384
-2257
-2199
-2103
-1825
-1622
-1284
-902
-340
-153
238
595
741
759
743
628
0
-426
-927
-1426
-2174
-2714
-3151
-3616
-3958
-4298
-4372
-4442
-4309
-4306
-4199
-3954
-3776
-3665
-3202
-2416
-1993
-1575
-564
508
1181
2002
3158
4004
4506
5353
6023
6202
6240
6385
6224
5887
5522
4852
4224
3763
3234
2276
1685
1311
629
-38
-393
-722
-1377
-1616
-1744
-1969
-2242
-2255
-2167
-2145
-1862
-1711
-1433
-1096
-535
-273
51
514
702
771
743
790
285
-155
-579
-1013
-1692
-2340
-2733
-3231
-3598
-4012
-4145
-4287
-4242
-4227
-4173
-3957
-3768
-3707
-3454
-2687
-2196
-1880
-1067
57
758
1463
2564
3542
4043
4782
5617
5892
5940
6035
6042
5774
5496
4921
4270
3818
3378
2579
1832
1520
906
230
-248
-523
-1142
-1593
-1680
-1929
-2195
-2373
-2264
-2278
-2029
-1853
-1630
-1256
-752
-360
-109
478
738
847
867
994
644
144
-169
-603
-1196
-1927
-2312
-2819
-3233
-3658
-3905
-4051
-4124
-4096
-4122
-3922
-3757
-3712
-3618
-2943
-2299
-2047
-1422
-284
550
1157
2191
3304
3869
4418
5339
5792
5807
5825
5893
5693
5427
4981
4321
3806
3368
2721
1874
1483
970
291
-256
-540
-999
-1604
-1729
-1905
-2152
-2398
-2336
-2314
-2162
-1926
-1751
-1381
-926
-452
-219
319
726
866
932
1057
908
393
80
-327
-845
-1547
-2003
-2471
-2943
-3342
-3687
-3851
-3986
-3957
-4042
-3934
-3774
-3671
-3680
-3264
-2533
-2159
-1753
-822
224
826
1654
2766
3621
4034
4797
5520
5699
5718
5784
5773
5514
5243
4675
4116
3662
3152
2332
1684
1324
676
49
-356
-624
-1242
-1641
-1753
-1991
-2265
-2400
-2304
-2293
-2105
-1964
-1680
-1272
-828
-482
-137
373
589
730
811
836
494
111
-198
-631
-1163
-1750
-2137
-2606
-3002
-3397
-3621
-3782
-3855
-3886
-3905
-3768
-3655
-3575
-3449
-2877
-2314
-1927
-1404
-394
450
1059
1954
3009
3678
4099
4931
5487
5703
5735
5906
5855
5626
5302
4749
4304
3809
3208
2323
1809
1316
592
-18
-371
-787
-1489
-1763
-1961
-2222
-2546
-2583
-2533
-2521
-2339
-2208
-1809
-1473
-1017
-729
-296
126
335
534
629
643
259
33
-275
-631
-1177
-1666
-2038
-2493
-2841
-3213
-3377
-3565
-3591
-3670
-3623
-3511
-3451
-3407
-3211
-2638
-2198
-1821
-1288
-294
380
1009
1944
2959
3535
4018
4920
5466
5715
5757
6009
5931
5699
5327
4816
4399
3853
3213
2347
1868
1260
523
-85
-462
-976
-1664
-1885
-2106
-2369
-2724
-2716
-2667
-2633
-2451
-2268
-1816
-1512
-1062
-765
-243
186
442
682
806
821
439
272
-83
-436
-1025
-1533
-1964
-2425
-2774
-3190
-3314
-3535
-3559
-3681
-3602
-3570
-3539
-3471
-3327
-2780
-2355
-1897
-1450
-453
229
892
1820
2854
3514
3972
4931
5453
5716
5695
5959
5864
5600
5261
4722
4337
3780
3210
2337
1875
1280
538
-85
-494
-944
-1661
-1866
-2085
-2348
-2737
-2740
-2643
-2659
-2453
-2262
-1797
-1526
-1061
-695
-145
345
608
864
962
1040
660
468
108
-238
-845
-1403
-1782
-2271
-2645
-3073
-3168
-3435
-3515
-3631
-3608
-3617
-3628
-3540
-3504
-2983
-2528
-2061
-1669
-703
80
706
1630
2661
3437
3859
4781
5312
5562
5523
5743
5721
5431
5145
4600
4257
3717
3191
2358
1892
1366
619
-15
-479
-870
-1603
-1868
-2102
-2365
-2773
-2846
-2715
-2743
-2520
-2338
-1879
-1556
-1048
-617
-73
472
742
993
1114
1256
902
675
374
27
-547
-1084
-1414
-1923
-2317
-2742
-2904
-3204
-3336
-3480
-3550
-3539
-3587
-3559
-3602
-3148
-2735
-2327
-1936
-1075
-264
328
1204
2193
3061
3513
4366
4975
5308
5334
5531
5637
5418
5192
4703
4391
3892
3380
2592
2088
1604
855
166
-327
-708
-1451
-1825
-2076
-2345
-2787
-2940
-2829
-2828
-2646
-2477
-2062
-1658
-1154
-730
-192
390
718
967
1184
1393
1129
880
665
356
-167
-692
-1034
-1509
-1936
-2403
-2672
-2958
-3182
-3368
-3518
-3505
-3598
-3602
-3673
-3422
-3042
-2621
-2215
-1578
-667
-36
715
1614
2635
3174
3827
4618
5076
5191
5281
5570
5401
5216
4872
4529
4051
3545
2934
2222
1752
1063
363
-253
-593
-1202
-1779
-2017
-2277
-2665
-2978
-2852
-2827
-2737
-2526
-2166
-1737
-1311
-795
-305
280
690
981
1237
1465
1412
1103
930
649
207
-351
-740
-1158
-1640
-2082
-2455
-2698
-3006
-3201
-3400
-3453
-3543
-3597
-3599
-3563
-3258
-2854
-2371
-1962
-1157
-348
324
1075
2072
2907
3351
4096
4750
5055
5041
5309
5402
5187
4972
4658
4256
3713
3281
2591
1982
1410
734
51
-443
-823
-1499
-1916
-2177
-2475
-2880
-2971
-2844
-2839
-2660
-2382
-1940
-1557
-1046
-526
4
504
823
1115
1329
1483
1245
1003
794
465
-33
-500
-824
-1312
-1728
-2124
-2362
-2670
-2935
-3107
-3277
-3374
-3511
-3473
-3544
-3429
-3092
-2632
-2265
-1792
-898
-183
497
1283
2309
2913
3421
4188
4734
4926
4979
5281
5211
5048
4801
4456
4019
3596
3129
2370
1873
1271
592
-88
-440
-939
-1639
-1986
-2279
-2608
-2998
-2937
-2893
-2833
-2634
-2316
-1875
-1455
-862
-411
165
599
934
1161
1410
1502
1179
976
744
444
-123
-476
-843
-1311
-1703
-2043
-2258
-2629
-2819
-3052
-3195
-3359
-3454
-3490
-3608
-3402
-3100
-2681
-2403
-1765
-950
-274
446
1294
2241
2728
3402
4157
4662
4778
4963
5228
5101
4968
4697
4385
3971
3633
3066
2374
1902
1284
605
11
-323
-978
-1600
-1909
-2210
-2626
-2912
-2794
-2795
-2681
-2468
-2071
-1640
-1126
-560
-81
505
895
1218
1433
1713
1627
1312
1120
873
449
-144
-466
-960
-1437
-1866
-2203
-2545
-2911
-3098
-3368
-3486
-3653
-3703
-3819
-3862
-3611
-3276
-2867
-2556
-1799
-1032
-327
393
1323
2206
2656
3414
4148
4581
4611
4896
5103
4965
4809
4533
4266
3857
3507
2855
2250
1775
1143
478
-42
-397
-1105
-1595
-1862
-2147
-2565
-2721
-2579
-2544
-2354
-2111
-1651
-1232
-686
-177
309
840
1178
1445
1626
1844
1655
1380
1164
892
393
-172
-523
-1027
-1506
-1988
-2352
-2733
-3066
-3288
-3526
-3627
-3770
-3830
-3948
-3917
-3632
-3277
-2915
-2536
-1734
-999
-308
481
1478
2255
2715
3541
4216
4525
4585
4931
5063
4926
4779
4519
4236
3811
3401
2699
2148
1644
986
329
-131
-531
-1219
-1621
-1853
-2109
-2475
-2552
-2417
-2320
-2119
-1871
-1412
-1027
-528
-85
395
865
1164
1410
1596
1759
1528
1285
1069
765
230
-286
-639
-1120
-1612
-2107
-2457
-2838
-3152
-3403
-3594
-3702
-3856
-3932
-4014
-3939
-3682
-3312
-2938
-2517
-1767
-1016
-282
531
1522
2258
2766
3576
4239
4545
4674
5030
5145
5050
4912
4694
4356
3918
3484
2798
2252
1703
1069
424
-14
-459
-1111
-1517
-1763
-2026
-2395
-2468
-2403
-2336
-2180
-1912
-1491
-1163
-678
-235
269
721
1084
1386
1626
1801
1577
1359
1105
778
231
-256
-629
-1114
-1583
-2040
-2347
-2745
-3059
-3331
-3507
-3646
-3806
-3901
-4015
-4005
-3799
-3428
-3053
-2696
-2006
-1234
-536
242
1243
2027
2506
3324
4050
4415
4559
4935
5093
5007
4893
4659
4301
3879
3483
2793
2240
1739
1126
504
78
-305
-954
-1373
-1603
-1896
-2273
-2362
-2311
-2315
-2156
-1889
-1494
-1163
-660
-197
297
804
1194
1536
1808
2019
1813
1573
1304
956
433
-82
-511
-1033
-1486
-1931
-2233
-2615
-2932
-3202
-3401
-3528
-3677
-3800
-3960
-4011
-3866
-3559
-3191
-2870
-2256
-1531
-854
-91
898
1744
2260
3083
3849
4277
4421
4791
4988
4899
4772
4531
4185
3769
3412
2769
2222
1762
1207
629
198
-129
-741
-1189
-1436
-1729
-2111
-2251
-2205
-2220
-2082
-1870
-1501
-1156
-685
-238
224
753
1106
1432
1693
1901
1723
1462
1247
949
510
-32
-465
-968
-1434
-1889
-2188
-2519
-2850
-3105
-3314
-3433
-3605
-3743
-3896
-3978
-3887
-3653
-3282
-2961
-2411
-1747
-1073
-321
612
1500
2089
2894
3664
4153
4325
4670
4929
4877
4765
4578
4293
3877
3551
3017
2487
2023
1513
980
508
180
-387
-867
-1161
-1447
-1836
-2060
-2035
-2070
-1987
-1818
-1477
-1169
-757
-304
123
622
949
1258
1460
1629
1488
1212
1052
827
469
-60
-467
-942
-1403
-1847
-2178
-2519
-2869
-3132
-3380
-3534
-3726
-3866
-4011
-4108
-4053
-3809
-3446
-3144
-2627
-1946
-1294
-574
359
1299
1930
2682
3519
4082
4332
4643
4975
5008
4961
4816
4571
4240
3926
3442
2898
2477
1940
1358
850
507
-59
-635
-963
-1262
-1676
-2026
-2065
-2142
-2156
-2043
-1749
-1442
-1066
-571
-155
353
722
1029
1228
1425
1380
1098
966
795
482
-24
-388
-824
-1288
-1684
-2020
-2383
-2749
-3019
-3327
-3555
-3751
-3917
-4120
-4236
-4220
-4017
-3679
-3358
-2909
-2232
-1542
-836
73
1076
1799
2476
3365
4045
4402
4667
5070
5205
5194
5089
4880
4609
4275
3860
3290
2870
2334
1752
1180
766
254
-406
-790
-1119
-1502
-1955
-2083
-2157
-2276
-2223
-2002
-1676
-1377
-838
-402
80
504
843
1101
1293
1408
1167
1013
853
581
80
-322
-693
-1198
-1611
-1951
-2269
-2675
-2965
-3263
-3545
-3772
-3974
-4178
-4332
-4353
-4231
-3924
-3579
-3191
-2566
-1845
-1122
-293
735
1562
2212
3070
3850
4316
4569
5012
5233
5257
5198
5068
4803
4446
4098
3548
3082
2556
2017
1409
906
411
-264
-708
-1065
-1431
-1901
-2090
-2157
-2310
-2293
-2133
-1822
-1574
-1068
-606
-126
354
737
1089
1327
1547
1415
1311
1176
933
509
97
-265
-792
-1222
-1636
-1982
-2400
-2738
-3080
-3395
-3641
-3916
-4113
-4263
-4340
-4326
-4041
-3691
-3402
-2879
-2132
-1420
-715
274
1203
1853
2619
3481
4074
4364
4782
5112
5189
5171
5087
4834
4471
4142
3652
3114
2615
2092
1484
918
451
-191
-742
-1094
-1440
-1879
-2177
-2224
-2358
-2390
-2280
-2007
-1755
-1359
-872
-420
119
548
946
1230
1510
1506
1373
1290
1091
743
293
-28
-505
-975
-1402
-1789
-2198
-2592
-2906
-3247
-3484
-3741
-3944
-4123
-4234
-4251
-4080
-3747
-3487
-3078
-2412
-1674
-994
-91
925
1696
2438
3339
4102
4484
4864
5270
5420
5376
5305
5083
4701
4333
3922
3363
2812
2309
1734
1150
657
118
-496
-919
-1269
-1681
-2065
-2212
-2321
-2426
-2350
-2126
-1857
-1540
-1060
-607
-107
378
799
1099
1369
1485
1342
1190
1032
720
237
-127
-520
-995
-1450
-1799
-2214
-2625
-2935
-3226
-3480
-3697
-3878
-4140
-4279
-4370
-4305
-4096
-3757
-3453
-2983
-2231
-1489
-671
282
1314
2078
2947
3834
4459
4835
5218
5530
5507
5458
5270
4980
4578
4236
3741
3140
2659
2116
1539
978
547
-44
-593
-989
-1384
-1802
-2117
-2221
-2376
-2366
-2194
-1908
-1610
-1197
-698
-262
257
695
1073
1325
1557
1544
1371
1220
968
575
100
-254
-731
-1180
-1592
-1971
-2409
-2778
-3072
-3377
-3572
-3784
-4009
-4258
-4348
-4429
-4314
-4020
-3711
-3416
-2846
-2022
-1290
-432
569
1533
2282
3176
4004
4550
4913
5271
5481
5447
5386
5171
4876
4524
4162
3606
3052
2561
1985
1388
864
389
-252
-786
-1229
-1645
-2079
-2336
-2459
-2562
-2462
-2251
-1929
-1620
-1130
-664
-196
317
767
1131
1387
1638
1606
1498
1332
1117
708
277
-110
-613
-1055
-1516
-1919
-2423
-2814
-3186
-3507
-3752
-3976
-4215
-4445
-4496
-4539
-4350
-4090
-3744
-3397
-2734
-1893
-1117
-229
757
1719
2464
3395
4189
4755
5070
5456
5677
5639
5595
5382
5100
4683
4324
3717
3125
2596
2001
1370
786
284
-417
-963
-1423
-1826
-2254
-2502
-2582
-2650
-2506
-2316
-1996
-1667
-1175
-710
-248
280
704
1064
1372
1642
1623
1541
1419
1208
810
382
-12
-543
-1031
-1533
-2001
-2527
-2982
-3391
-3753
-4049
-4278
-4520
-4708
-4753
-4793
-4601
-4307
-3930
-3544
-2795
-1913
-1120
-200
876
1847
2608
3606
4428
4995
5325
5759
5959
5909
5849
5601
5279
4821
4388
3699
3080
2505
1865
1191
595
55
-661
-1190
-1636
-2022
-2427
-2638
-2694
-2720
-2546
-2322
-1974
-1593
-1066
-569
-57
493
954
1328
1676
1980
1963
1887
1747
1538
1109
649
216
-357
-895
-1479
-1999
-2557
-3030
-3500
-3908
-4238
-4494
-4760
-4986
-5000
-5065
-4912
-4602
-4152
-3761
-3025
-2040
-1207
-284
827
1920
2690
3681
4576
5180
5534
5958
6197
6107
6026
5748
5386
4881
4400
3662
2941
2339
1661
945
292
-227
-944
-1513
-1930
-2292
-2670
-2883
-2884
-2877
-2662
-2374
-1980
-1548
-971
-410
141
749
1248
1653
1994
2318
2306
2190
2025
1768
1326
806
316
-308
-902
-1533
-2106
-2683
-3199
-3692
-4121
-4437
-4704
-4934
-5144
-5131
-5116
-4967
-4617
-4088
-3603
-2936
-1923
-1008
-119
896
2036
2872
3705
4581
5221
5589
5884
6142
6087
5952
5649
5255
4757
4236
3527
2712
2100
1439
718
18
-469
-1089
-1720
-2099
-2378
-2663
-2890
-2831
-2746
-2519
-2176
-1750
-1273
-702
-78
480
1096
1611
2021
2309
2580
2623
2435
2203
1899
1477
872
294
-363
-1055
-1748
-2358
-2942
-3549
-4052
-4509
-4855
-5127
-5274
-5429
-5438
-5308
-5123
-4748
-4157
-3500
-2888
-1952
-931
1
910
2008
2979
3696
4514
5230
5680
5870
6111
6131
5962
5690
5313
4798
4225
3633
2794
2063
1426
766
9
-555
-1037
-1654
-2097
-2346
-2540
-2761
-2716
-2579
-2372
-2025
-1596
-1113
-579
73
634
1205
1737
2163
2453
2671
2780
2620
2373
2040
1657
1086
460
-200
-934
-1647
-2349
-2955
-3605
-4129
-4629
-5044
-5360
-5546
-5642
-5713
-5558
-5394
-5043
-4506
-3754
-3086
-2309
-1280
-302
648
1633
2739
3494
4251
5023
5612
5876
6048
6200
6012
5792
5469
5031
4386
3833
3150
2297
1603
976
302
-430
-887
-1398
-1903
-2213
-2381
-2562
-2636
-2469
-2296
-2004
-1608
-1139
-663
-61
566
1067
1572
2043
2396
2599
2755
2732
2487
2151
1785
1299
650
-17
-706
-1444
-2182
-2858
-3501
-4090
-4577
-5014
-5372
-5611
-5718
-5778
-5712
-5502
-5249
-4832
-4163
-3380
-2662
-1788
-750
236
1183
2239
3240
3976
4707
5397
5855
6033
6152
6141
5907
5600
5194
4651
4015
3417
2671
1884
1234
630
-51
-667
-1085
-1543
-1956
-2183
-2288
-2386
-2357
-2176
-1934
-1590
-1162
-693
-183
447
1024
1478
1923
2340
2602
2715
2772
2654
2322
1893
1446
864
146
-577
-1298
-2029
-2743
-3407
-4030
-4532
-4913
-5272
-5559
-5667
-5664
-5662
-5535
-5254
-4954
-4547
-3865
-3067
-2336
-1477
-441
537
1460
2501
3451
4151
4817
5457
5815
5918
5991
5904
5596
5231
4810
4216
3584
3005
2327
1620
1059
533
-89
-593
-934
-1307
-1656
-1810
-1868
-1916
-1855
-1678
-1439
-1096
-646
-196
310
901
1439
1864
2275
2608
2759
2785
2737
2519
2086
1557
968
294
-472
-1249
-2020
-2748
-3445
-4104
-4664
-5074
-5386
-5682
-5845
-5845
-5742
-5634
-5432
-5113
-4751
-4322
-3682
-2860
-2078
-1269
-282
764
1672
2598
3535
4274
4833
5380
5777
5876
5822
5685
5400
4984
4516
3946
3339
2768
2190
1591
1091
661
169
-262
-515
-757
-1051
-1210
-1232
-1254
-1253
-1129
-924
-663
-294
136
590
1067
1557
1987
2351
2611
2715
2676
2534
2269
1806
1197
511
-221
-1002
-1785
-2550
-3282
-3940
-4513
-4994
-5341
-5570
-5759
-5867
-5805
-5627
-5453
-5236
-4903
-4514
-4121
-3550
-2782
-2003
-1256
-337
682
1575
2423
3312
4078
4598
5096
5517
5680
5602
5459
5209
4822
4380
3849
3287
2761
2268
1733
1289
935
527
143
-60
-214
-476
-650
-682
-703
-751
-696
-562
-406
-148
182
539
901
1300
1655
1956
2191
2272
2200
2040
1805
1369
784
119
-595
-1351
-2086
-2782
-3471
-4057
-4532
-4910
-5191
-5334
-5423
-5459
-5347
-5155
-4959
-4751
-4436
-4095
-3754
-3279
-2626
-1921
-1245
-426
483
1325
2093
2908
3648
4162
4623
5034
5259
5218
5123
4945
4640
4285
3881
3412
2945
2571
2118
1690
1368
1049
665
405
279
46
-183
-280
-297
-374
-386
-304
-205
-42
175
417
644
926
1166
1353
1521
1601
1537
1378
1208
884
415
-143
-726
-1359
-2003
-2603
-3193
-3706
-4136
-4479
-4757
-4906
-5000
-5030
-4966
-4845
-4699
-4530
-4300
-4038
-3724
-3387
-2888
-2237
-1579
-941
-153
692
1433
2160
2911
3543
3982
4422
4776
4935
4888
4822
4705
4480
4198
3858
3503
3148
2811
2380
2019
1713
1365
1003
757
563
262
36
-95
-173
-301
-338
-277
-197
-55
98
279
438
631
753
861
945
924
810
666
495
137
-286
-746
-1218
-1754
-2275
-2741
-3206
-3611
-3965
-4243
-4479
-4620
-4717
-4730
-4686
-4608
-4489
-4341
-4133
-3872
-3571
-3238
-2677
-2001
-1413
-781
42
838
1540
2319
3085
3670
4155
4674
5055
5228
5251
5266
5222
5043
4791
4482
4139
3766
3359
2879
2479
2096
1646
1234
959
651
266
2
-197
-389
-591
-665
-685
-659
-544
-404
-266
-119
76
190
307
382
374
286
183
9
-315
-674
-1090
-1517
-1987
-2417
-2850
-3262
-3625
-3957
-4229
-4451
-4605
-4732
-4750
-4734
-4669
-4565
-4420
-4230
-3965
-3660
-3298
-2680
-2005
-1392
-694
182
983
1735
2564
3334
3929
4465
5031
5410
5573
5608
5651
5581
5369
5103
4767
4381
3963
3517
2988
2551
2123
1618
1194
921
576
152
-131
-360
-613
-859
-979
-1063
-1076
-982
-866
-740
-557
-329
-174
2
143
174
138
93
-52
-332
-649
-1020
-1409
-1801
-2184
-2600
-2970
-3294
-3608
-3872
-4069
-4230
-4359
-4405
-4417
-4373
-4283
-4156
-4010
-3792
-3531
-3156
-2561
-1912
-1295
-564
318
1129
1906
2722
3488
4063
4604
5170
5531
5661
5688
5723
5622
5405
5125
4783
4393
3985
3521
2973
2511
2060
1539
1064
759
382
-85
-418
-679
-977
-1278
-1432
-1544
-1575
-1510
-1391
-1231
-1001
-732
-526
-260
-41
43
47
75
-27
-312
-630
-964
-1329
-1743
-2134
-2550
-2909
-3251
-3545
-3777
-3956
-4092
-4218
-4252
-4253
-4194
-4112
-3972
-3814
-3622
-3410
-3024
-2404
-1767
-1167
-430
508
1320
2090
2933
3728
4271
4768
5337
5698
5796
5781
5776
5654
5443
5125
4774
4423
4054
3568
3037
2599
2133
1607
1101
749
315
-184
-584
-897
-1260
-1616
-1810
-1934
-1991
-1962
-1822
-1622
-1353
-1080
-796
-464
-173
-38
12
98
29
-240
-577
-883
-1255
-1714
-2149
-2564
-2942
-3299
-3593
-3807
-3961
-4088
-4188
-4201
-4150
-4067
-3963
-3789
-3603
-3384
-3165
-2795
-2175
-1518
-920
-232
718
1594
2349
3191
4061
4648
5083
5630
6042
6146
6076
6033
5891
5638
5264
4862
4473
4071
3573
2995
2532
2049
1487
928
518
63
-490
-948
-1299
-1671
-2061
-2273
-2372
-2424
-2396
-2233
-1994
-1705
-1397
-1075
-693
-355
-150
-64
40
34
-192
-496
-784
-1106
-1558
-1989
-2380
-2747
-3099
-3394
-3603
-3773
-3903
-4000
-4001
-3973
-3891
-3791
-3626
-3448
-3224
-2946
-2623
-2070
-1434
-817
-198
658
1559
2317
3097
3950
4618
5037
5528
5963
6146
6098
6050
5926
5659
5292
4883
4455
4001
3522
2942
2413
1912
1347
748
255
-199
-760
-1266
-1650
-1992
-2350
-2572
-2622
-2625
-2548
-2369
-2096
-1775
-1401
-1035
-643
-247
24
158
257
333
183
-72
-346
-633
-1037
-1458
-1817
-2200
-2547
-2876
-3114
-3361
-3529
-3677
-3757
-3804
-3828
-3800
-3738
-3580
-3424
-3154
-2886
-2460
-1903
-1235
-611
78
935
1750
2521
3260
4057
4591
5065
5497
5843
5939
5901
5860
5667
5398
5005
4632
4152
3718
3194
2618
2085
1551
986
379
-85
-618
-1151
-1634
-1980
-2311
-2620
-2731
-2748
-2676
-2548
-2293
-1982
-1613
-1195
-812
-403
-50
206
331
441
470
303
76
-181
-488
-932
-1308
-1669
-2054
-2413
-2721
-2967
-3243
-3397
-3550
-3640
-3709
-3717
-3697
-3592
-3376
-3166
-2885
-2574
-2080
-1497
-793
-145
566
1363
2122
2840
3542
4244
4684
5115
5510
5784
5746
5668
5588
5352
5019
4602
4207
3683
3201
2627
2052
1466
906
341
-223
-685
-1226
-1703
-2116
-2379
-2661
-2860
-2883
-2812
-2660
-2465
-2108
-1755
-1337
-918
-494
-112
201
459
562
650
605
453
194
-67
-413
-871
-1272
-1651
-2005
-2399
-2668
-2927
-3142
-3301
-3415
-3477
-3516
-3475
-3430
-3249
-3022
-2756
-2468
-2101
-1628
-1045
-339
313
996
1744
2494
3148
3807
4426
4819
5142
5502
5711
5583
5376
5214
4926
4503
4044
3585
3053
2520
1979
1394
838
322
-198
-706
-1112
-1550
-2012
-2369
-2585
-2786
-2962
-2941
-2805
-2629
-2382
-1995
-1571
-1140
-686
-259
123
420
647
741
779
716
505
230
-55
-390
-847
-1251
-1593
-1923
-2263
-2522
-2699
-2871
-2970
-3042
-3061
-3077
-3056
-2994
-2854
-2645
-2458
-2194
-1879
-1472
-969
-334
282
863
1554
2258
2896
3488
4094
4507
4785
5098
5319
5233
4968
4767
4480
4079
3616
3168
2688
2193
1727
1223
759
343
-71
-500
-827
-1162
-1588
-1939
-2151
-2321
-2519
-2552
-2452
-2326
-2145
-1830
-1448
-1089
-697
-320
24
283
470
576
624
587
403
170
-57
-312
-685
-1036
-1329
-1618
-1907
-2147
-2319
-2493
-2606
-2686
-2730
-2763
-2793
-2804
-2749
-2617
-2498
-2340
-2105
-1801
-1422
-872
-271
241
824
1509
2144
2704
3326
3860
4181
4456
4757
4868
4692
4520
4354
4057
3686
3322
2924
2483
2073
1639
1191
792
434
17
-373
-689
-1094
-1546
-1868
-2060
-2280
-2441
-2408
-2303
-2174
-1946
-1594
-1245
-906
-541
-194
90
295
457
537
569
485
293
96
-80
-322
-657
-938
-1181
-1430
-1682
-1877
-2055
-2229
-2353
-2450
-2516
-2566
-2625
-2656
-2593
-2483
-2391
-2246
-2007
-1734
-1360
-796
-223
257
852
1516
2077
2631
3234
3690
3939
4197
4442
4470
4317
4217
4048
3766
3494
3169
2772
2371
1999
1555
1098
712
337
-104
-515
-872
-1323
-1755
-2064
-2272
-2480
-2583
-2523
-2410
-2238
-1975
-1613
-1282
-925
-545
-204
71
320
539
640
695
650
532
372
247
25
-287
-529
-740
-984
-1252
-1445
-1676
-1891
-2053
-2170
-2296
-2389
-2451
-2492
-2443
-2359
-2286
-2183
-1962
-1729
-1392
-883
-367
73
648
1298
1834
2359
2925
3375
3604
3862
4118
4182
4081
4056
3972
3755
3516
3215
2859
2443
2039
1564
1079
643
215
-275
-725
-1112
-1563
-1972
-2260
-2448
-2640
-2706
-2621
-2494
-2333
-2060
-1697
-1378
-1008
-607
-240
81
413
688
852
974
1014
966
867
764
541
251
14
-225
-552
-879
-1152
-1460
-1759
-2008
-2205
-2407
-2537
-2627
-2701
-2698
-2639
-2576
-2467
-2248
-2022
-1713
-1247
-750
-343
190
851
1425
1935
2522
3056
3358
3663
3989
4156
4129
4140
4131
3964
3734
3466
3118
2679
2249
1750
1212
732
295
-224
-705
-1061
-1469
-1878
-2139
-2283
-2469
-2556
-2479
-2358
-2239
-1993
-1647
-1347
-988
-567
-163
193
587
910
1107
1277
1380
1362
1254
1135
908
600
280
-38
-423
-841
-1201
-1579
-1918
-2233
-2488
-2731
-2891
-2991
-3089
-3090
-3042
-2965
-2873
-2638
-2385
-2088
-1666
-1127
-667
-216
451
1105
1666
2233
2894
3333
3660
4029
4317
4377
4335
4334
4173
3916
3610
3286
2821
2374
1887
1327
799
349
-111
-632
-980
-1342
-1735
-2045
-2165
-2321
-2452
-2403
-2284
-2162
-1998
-1640
-1297
-940
-515
-37
375
775
1178
1444
1645
1761
1786
1674
1534
1296
953
571
164
-270
-758
-1186
-1603
-2007
-2353
-2632
-2900
-3141
-3264
-3360
-3410
-3365
-3280
-3209
-3069
-2802
-2520
-2163
-1665
-1098
-635
-72
655
1316
1898
2539
3179
3575
3939
4300
4515
4508
4455
4361
4107
3789
3429
3031
2550
2090
1545
991
510
54
-436
-878
-1189
-1570
-1909
-2119
-2234
-2388
-2428
-2324
-2186
-2021
-1767
-1372
-983
-549
-78
421
861
1278
1636
1871
2035
2078
2016
1840
1612
1270
847
382
-100
-597
-1118
-1569
-1991
-2372
-2695
-2950
-3191
-3384
-3485
-3558
-3547
-3455
-3343
-3256
-3089
-2812
-2503
-2107
-1561
-972
-471
146
886
1572
2167
2806
3393
3791
4133
4427
4576
4535
4450
4283
3993
3639
3248
2790
2296
1829
1300
775
313
-103
-552
-960
-1274
-1578
-1857
-2050
-2156
-2242
-2258
-2175
-1997
-1765
-1470
-1079
-632
-154
327
806
1248
1638
1931
2118
2226
2224
2090
1846
1535
1135
632
91
-431
-952
-1483
-1957
-2364
-2724
-3031
-3264
-3444
-3580
-3674
-3720
-3677
-3553
-3401
-3270
-3084
-2805
-2504
-2136
-1593
-961
-410
165
888
1613
2200
2779
3379
3821
4086
4321
4494
4467
4322
4161
3930
3583
3186
2744
2245
1746
1250
741
272
-119
-509
-910
-1221
-1453
-1698
-1900
-1970
-1984
-1986
-1899
-1690
-1438
-1143
-764
-323
138
613
1070
1473
1827
2101
2256
2312
2298
2157
1879
1538
1137
627
47
-505
-1036
-1578
-2083
-2511
-2883
-3212
-3459
-3627
-3740
-3816
-3859
-3839
-3724
-3545
-3370
-3174
-2894
-2579
-2254
-1802
-1193
-575
-22
604
1319
1961
2499
3051
3565
3897
4088
4253
4337
4244
4048
3845
3595
3238
2811
2362
1900
1405
900
437
37
-334
-707
-1022
-1249
-1445
-1633
-1733
-1722
-1676
-1592
-1410
-1143
-860
-546
-158
265
678
1078
1450
1755
1994
2154
2212
2170
2048
1822
1485
1093
657
137
-434
-968
-1469
-1978
-2443
-2821
-3141
-3430
-3627
-3734
-3798
-3832
-3809
-3716
-3562
-3359
-3132
-2865
-2543
-2189
-1811
-1340
-766
-195
338
929
1558
2107
2573
3041
3457
3716
3864
3976
4010
3897
3694
3472
3213
2877
2476
2071
1674
1253
802
391
52
-277
-611
-872
-1040
-1191
-1335
-1390
-1344
-1262
-1152
-964
-704
-429
-139
185
534
869
1159
1407
1615
1770
1838
1815
1728
1573
1316
979
609
200
-272
-773
-1250
-1704
-2154
-2570
-2921
-3219
-3471
-3652
-3757
-3801
-3798
-3736
-3603
-3418
-3192
-2913
-2589
-2235
-1851
-1431
-963
-460
55
575
1100
1617
2090
2514
2899
3223
3454
3600
3684
3697
3612
3443
3242
3011
2718
2380
2042
1704
1339
959
606
283
-33
-327
-565
-741
-882
-992
-1046
-1025
-954
-858
-715
-509
-271
-35
210
478
735
942
1106
1258
1367
1390
1339
1247
1100
870
574
248
-101
-498
-926
-1338
-1733
-2121
-2498
-2828
-3091
-3305
-3473
-3570
-3581
-3530
-3436
-3295
-3085
-2826
-2548
-2252
-1903
-1515
-1133
-738
-297
172
617
1041
1480
1914
2283
2589
2876
3116
3259
3320
3349
3324
3205
3032
2850
2643
2372
2073
1791
1503
1180
860
569
298
30
-207
-387
-521
-636
-716
-737
-712
-665
-591
-467
-316
-160
2
179
355
501
623
731
805
820
784
707
576
388
151
-113
-407
-733
-1070
-1408
-1737
-2051
-2348
-2605
-2809
-2957
-3054
-3092
-3054
-2960
-2829
-2664
-2451
-2209
-1959
-1696
-1405
-1099
-789
-475
-140
213
554
888
1218
1543
1832
2087
2313
2507
2646
2729
2770
2768
2718
2627
2512
2375
2212
2030
1843
1648
1438
1221
1005
792
580
384
212
50
-94
-216
-309
-384
-439
-459
-455
-431
-389
-325
-245
-158
-75
9
90
144
167
162
120
35
-89
-247
-430
-644
-875
-1114
-1353
-1582
-1804
-1999
-2164
-2289
-2372
-2413
-2400
-2338
-2241
-2121
-1964
-1789
-1606
-1416
-1216
-1013
-807
-602
-391
-171
48
267
491
719
942
1152
1356
1555
1731
1879
2008
2112
2179
2214
2226
2213
2170
2106
2029
1938
1828
1706
1573
1430
1276
1118
959
797
628
461
301
145
-8
-148
-270
-378
-465
-528
-561
-571
-562
-532
-485
-433
-381
-337
-304
-290
-302
-341
-404
-490
-599
-727
-863
-1005
-1148
-1284
-1404
-1508
-1589
-1647
-1680
-1683
-1668
-1633
-1580
-1512
-1438
-1359
-1272
-1182
-1088
-992
-888
-776
-655
-525
-380
-221
-47
142
343
556
771
990
1208
1417
1614
1796
1950
2083
2189
2262
2299
2307
2280
2223
2134
2016
1874
1709
1524
1326
1114
893
673
449
228
17
-184
-370
-537
-681
-801
-890
-949
-977
-969
-933
-871
-787
-689
-579
-467
-361
-267
-187
-132
-106
-106
-137
-195
-276
-375
-494
-623
-756
-888
-1012
-1123
-1222
-1307
-1376
-1426
-1456
-1469
-1463
-1438
-1394
-1332
-1252
-1157
-1043
-911
-764
-607
-434
-251
-58
140
344
552
760
962
1161
1354
1528
1687
1826
1937
2027
2085
2109
2104
2062
1987
1880
1742
1578
1385
1172
945
708
466
229
-2
-216
-412
-585
-728
-838
-914
-955
-956
-924
-861
-766
-654
-525
-385
-245
-108
19
128
218
278
314
323
301
251
175
80
-35
-168
-310
-460
-609
-757
-896
-1029
-1153
-1262
-1357
-1427
-1482
-1515
-1521
-1503
-1460
-1392
-1300
-1189
-1060
-914
-758
-591
-409
-222
-29
172
378
584
795
1009
1214
1406
1578
1725
1841
1927
1979
1990
1959
1890
1783
1647
1486
1303
1104
895
678
458
243
38
-149
-323
-482
-618
-732
-817
-875
-897
-888
-840
-762
-654
-521
-370
-205
-33
142
303
450
571
659
710
726
701
636
536
399
237
52
-142
-345
-547
-744
-935
-1111
-1269
-1404
-1513
-1601
-1662
-1701
-1711
-1695
-1647
-1572
-1472
-1353
-1218
-1069
-908
-732
-549
-356
-153
54
270
493
720
945
1160
1358
1531
1678
1793
1873
1916
1914
1868
1785
1667
1526
1367
1194
1017
827
639
451
266
95
-59
-201
-328
-439
-533
-601
-649
-664
-648
-601
-522
-413
-287
-139
21
188
358
519
663
781
860
899
896
849
756
621
449
243
19
-221
-466
-705
-941
-1159
-1356
-1526
-1663
-1770
-1846
-1899
-1921
-1917
-1887
-1829
-1745
-1637
-1513
-1376
-1225
-1064
-888
-700
-504
-300
-81
145
377
611
841
1056
1250
1423
1566
1686
1768
1818
1829
1802
1739
1650
1543
1422
1296
1161
1019
873
718
569
430
301
183
80
-12
-91
-153
-190
-207
-197
-166
-110
-38
46
137
231
329
417
501
566
610
622
603
549
460
342
192
20
-172
-379
-594
-809
-1020
-1219
-1399
-1554
-1678
-1773
-1839
-1878
-1897
-1894
-1872
-1832
-1770
-1690
-1592
-1477
-1352
-1215
-1065
-906
-733
-551
-353
-146
71
294
518
734
934
1116
1278
1417
1536
1632
1704
1747
1759
1741
1700
1643
1569
1487
1395
1289
1174
1048
915
782
654
533
426
328
243
175
123
91
80
84
106
138
175
212
246
279
301
314
310
290
250
185
103
2
-110
-238
-376
-526
-680
-836
-995
-1144
-1288
-1419
-1538
-1634
-1711
-1767
-1803
-1818
-1818
-1803
-1776
-1733
-1679
-1605
-1513
-1405
-1279
-1136
-979
-807
-618
-417
-199
29
262
499
732
955
1162
1348
1512
1651
1767
1861
1928
1966
1977
1960
1916
1855
1776
1681
1570
1444
1305
1158
1008
854
704
557
420
299
191
102
29
-20
-52
-69
-68
-56
-38
-18
7
21
31
30
11
-24
-77
-144
-230
-329
-437
-553
-674
-801
-930
-1060
-1186
-1308
-1416
-1515
-1604
-1674
-1731
-1770
-1793
-1792
-1778
-1746
-1696
-1634
-1553
-1461
-1348
-1219
-1067
-900
-717
-517
-305
-81
150
388
628
869
1103
1324
1530
1707
1863
1987
2084
2152
2191
2201
2177
2127
2046
1942
1821
1688
1541
1380
1209
1032
854
677
504
336
181
40
-89
-198
-287
-354
-398
-421
-427
-416
-396
-368
-337
-307
-284
-272
-271
-286
-320
-368
-433
-514
-607
-709
-815
-928
-1041
-1149
-1255
-1353
-1439
-1510
-1567
-1608
-1632
-1639
-1630
-1606
-1566
-1508
-1431
-1336
-1225
-1100
-959
-807
-634
-446
-243
-22
204
437
665
888
1105
1315
1512
1694
1849
1977
2072
2133
2164
2167
2146
2097
2020
1915
1782
1626
1459
1283
1102
923
741
561
384
214
56
-86
-210
-319
-410
-483
-540
-576
-593
-594
-579
-550
-514
-474
-434
-401
-374
-357
-357
-369
-399
-445
-506
-581
-668
-759
-859
-958
-1055
-1147
-1229
-1302
-1364
-1410
-1437
-1450
-1441
-1420
-1383
-1332
-1267
-1184
-1088
-974
-845
-707
-554
-392
-217
-27
175
390
609
824
1031
1227
1405
1566
1712
1834
1932
1996
2027
2026
1999
1947
1873
1787
1677
1548
1395
1227
1047
859
675
496
325
163
8
-134
-261
-370
-457
-525
-572
-603
-619
-621
-612
-590
-561
-522
-477
-431
-392
-358
-336
-327
-331
-347
-378
-423
-482
-552
-629
-715
-802
-888
-969
-1043
-1106
-1162
-1202
-1232
-1246
-1243
-1224
-1192
-1144
-1083
-1009
-922
-821
-709
-587
-456
-317
-168
-11
158
337
523
708
894
1068
1226
1366
1487
1589
1671
1724
1751
1751
1725
1676
1610
1530
1437
1333
1210
1074
924
767
610
450
296
150
12
-117
-230
-330
-411
-474
-521
-549
-564
-565
-555
-536
-512
-484
-448
-408
-368
-337
-310
-290
-282
-282
-290
-312
-344
-389
-444
-506
-576
-645
-715
-780
-845
-903
-955
-997
-1027
-1047
-1050
-1043
-1021
-984
-934
-867
-784
-690
-587
-472
-351
-226
-95
43
187
339
500
658
815
968
1106
1224
1320
1392
1441
1463
1461
1437
1394
1338
1269
1192
1108
1014
914
803
685
567
446
330
213
103
1
-90
-167
-231
-277
-308
-329
-335
-330
-315
-292
-268
-247
-227
-211
-193
-178
-175
-177
-190
-211
-238
-268
-306
-352
-407
-465
-527
-588
-649
-714
-780
-847
-913
-971
-1014
-1040
-1052
-1052
-1041
-1021
-989
-938
-872
-787
-685
-574
-454
-332
-203
-73
61
196
335
475
616
760
898
1026
1136
1223
1284
1319
1330
1316
1282
1233
1170
1101
1026
944
861
772
683
593
502
410
317
223
133
53
-16
-68
-108
-133
-147
-147
-134
-109
-75
-44
-23
-10
-9
-11
-19
-39
-67
-105
-154
-209
-265
-320
-375
-437
-501
-567
-633
-696
-763
-837
-918
-999
-1069
-1115
-1140
-1139
-1127
-1108
-1086
-1057
-1019
-966
-891
-799
-686
-562
-428
-289
-146
-4
130
261
389
516
644
776
903
1022
1125
1209
1268
1296
1304
1286
1247
1193
1128
1056
978
897
815
739
665
589
513
433
347
264
186
117
59
13
-18
-39
-46
-38
-17
9
29
37
31
14
-13
-49
-92
-141
-198
-262
-327
-388
-444
-498
-555
-615
-677
-736
-794
-853
-917
-984
-1048
-1102
-1127
-1127
-1104
-1068
-1027
-985
-945
-899
-845
-775
-685
-578
-454
-319
-176
-33
106
235
356
469
579
687
796
903
1007
1103
1181
1242
1277
1288
1277
1247
1200
1140
1071
996
916
835
756
677
599
518
433
346
262
183
113
49
-7
-50
-84
-106
-118
-122
-124
-127
-139
-161
-193
-232
-273
-319
-366
-414
-461
-507
-544
-577
-611
-644
-683
-722
-761
-794
-827
-858
-887
-914
-927
-924
-901
-864
-814
-762
-712
-659
-603
-543
-473
-390
-298
-198
-89
20
130
233
328
415
489
562
631
698
764
825
880
930
967
990
999
997
983
958
924
883
837
787
738
681
621
562
499
436
372
310
250
195
141
95
51
11
-27
-61
-94
-126
-158
-190
-222
-255
-292
-332
-374
-418
-459
-499
-537
-567
-594
-619
-640
-665
-690
-710
-726
-738
-743
-745
-739
-723
-700
-668
-631
-592
-550
-507
-461
-414
-359
-305
-248
-185
-125
-60
7
70
134
193
250
303
353
401
446
490
528
564
597
624
647
661
673
680
679
677
672
663
652
636
620
603
584
561
536
510
480
446
409
371
330
286
240
191
141
87
36
-13
-64
-111
-161
-207
-249
-291
-328
-365
-398
-428
-456
-480
-500
-516
-527
-538
-546
-557
-565
-573
-581
-587
-590
-588
-584
-577
-569
-559
-550
-534
-516
-491
-466
-436
-398
-357
-307
-256
-200
-146
-88
-31
28
89
150
210
268
322
374
424
471
516
555
588
612
634
652
665
674
677
675
668
663
653
638
618
593
564
535
503
469
432
392
357
320
281
244
205
163
121
79
34
-12
-60
-108
-159
-209
-260
-311
-362
-409
-451
-492
-527
-560
-589
-613
-632
-646
-654
-659
-659
-653
-644
-631
-611
-588
-561
-532
-498
-463
-429
-392
-354
-314
-273
-230
-189
-147
-107
-65
-24
16
59
100
145
187
231
273
316
357
395
432
462
493
522
546
569
587
603
617
627
630
631
624
609
590
568
542
511
481
444
407
369
328
285
241
194
145
96
45
-4
-53
-101
-145
-190
-231
-265
-299
-335
-362
-391
-420
-444
-467
-490
-505
-522
-535
-546
-554
-557
-557
-556
-549
-541
-532
-521
-503
-480
-457
-428
-399
-363
-327
-290
-248
-210
-166
-121
-77
-27
19
65
113
157
204
249
287
322
355
387
413
441
464
482
506
523
538
547
554
555
553
548
539
525
506
489
469
446
417
391
362
332
297
261
220
179
137
95
55
13
-28
-69
-108
-147
-185
-222
-258
-295
-327
-359
-387
-413
-436
-456
-472
-488
-498
-503
-507
-505
-505
-502
-493
-486
-475
-459
-443
-420
-397
-372
-344
-313
-283
-252
-218
-188
-153
-119
-84
-48
-12
25
64
102
137
171
204
235
266
293
321
346
369
392
413
434
448
459
469
473
477
480
477
476
470
463
455
442
425
410
388
367
342
316
287
256
226
193
160
122
86
50
13
-26
-65
-103
-139
-176
-211
-247
-279
-309
-339
-367
-391
-416
-435
-452
-470
-481
-490
-498
-501
-501
-498
-490
-482
-470
-455
-437
-412
-387
-362
-330
-301
-268
-236
-204
-167
-133
-96
-58
-24
13
48
85
120
152
183
211
238
265
291
316
342
363
383
400
414
428
436
445
450
450
452
452
449
444
433
424
410
389
370
346
319
296
267
241
212
177
147
114
78
43
6
-30
-67
-102
-138
-173
-206
-237
-265
-296
-323
-349
-371
-392
-410
-425
-437
-446
-453
-456
-458
-457
-450
-442
-432
-419
-404
-385
-366
-343
-317
-292
-261
-232
-202
-174
-141
-109
-78
-44
-12
21
55
85
116
146
173
197
219
241
261
281
306
325
344
364
376
391
404
407
416
417
416
416
411
409
403
395
385
368
349
327
301
275
246
216
187
157
125
93
57
23
-16
-52
-86
-124
-160
-191
-221
-251
-276
-302
-326
-344
-363
-374
-387
-393
-395
-397
-394
-388
-383
-373
-361
-345
-329
-313
-292
-270
-250
-227
-206
-184
-163
-141
-121
-99
-78
-56
-35
-15
7
28
49
69
89
110
126
141
156
167
183
197
210
226
241
256
269
280
290
295
299
303
304
306
305
302
300
298
292
285
275
264
250
232
212
192
169
148
127
104
80
55
27
0
-26
-52
-81
-106
-131
-158
-178
-200
-221
-236
-253
-266
-277
-288
-292
-297
-301
-300
-298
-293
-287
-281
-271
-259
-248
-234
-220
-205
-189
-177
-160
-142
-127
-113
-95
-80
-63
-43
-27
-10
7
21
39
54
70
85
97
110
120
129
143
153
164
176
183
191
196
201
205
206
207
207
205
205
201
198
192
186
180
173
163
156
146
136
124
110
98
84
71
56
40
24
7
-9
-24
-39
-55
-70
-84
-98
-112
-125
-136
-146
-155
-164
-171
-175
-179
-180
-183
-182
-179
-179
-175
-171
-163
-156
-148
-137
-128
-117
-105
-93
-84
-74
-61
-52
-41
-29
-17
-6
6
17
27
36
45
55
62
68
76
81
87
93
99
106
111
113
114
117
116
116
116
114
113
111
108
104
101
96
91
86
80
74
67
62
55
48
41
37
29
22
17
7
0
-6
-14
-19
-25
-31
-34
-39
-43
-48
-52
-57
-60
-63
-65
-67
-68
-68
-69
-70
-70
-71
-71
-71
-69
-68
-64
-60
-60
-56
-52
-51
-48
-44
-41
-38
-35
-32
-29
-26
-23
-19
-13
-9
-5
0
5
8
11
15
19
22
24
26
30
33
36
38
40
41
42
43
43
43
41
41
41
44
45
45
45
42
39
37
35
35
31
31
28
28
26
23
21
19
16
11
9
5
2
-1
-4
-5
-4
-5
-7
-8
-11
-14
-17
-19
-21
-23
-24
-24
-23
-24
-23
-22
-22
-22
-21
-20
-20
-19
-17
-17
-18
-17
-17
-15
-15
-13
-12
-10
-8
-6
-6
-7
-4
-6
-6
-5
-6
-6
-5
-6
-4
-3
0
-1
1
3
1
3
4
5
6
8
7
7
8
9
11
13
14
13
12
10
10
7
7
6
3
4
3
2
2
-1
-2
-6
-7
-10
-11
-10
-12
-11
-12
-12
-12
-12
-12
-11
-11
-13
-14
-16
-15
-15
-14
-11
-9
-9
-7
-7
-9
-8
-7
-7
-7
-3
-3
-2
-1
0
3
4
7
9
9
9
11
13
14
15
17
18
18
19
22
23
26
26
28
28
26
28
26
26
25
24
24
25
24
23
25
24
24
23
21
20
16
15
13
11
10
8
8
6
3
2
0
-2
-5
-6
-8
-10
-12
-16
-19
-21
-23
-25
-28
-29
-32
-33
-34
-36
-37
-35
-36
-37
-38
-39
-37
-36
-35
-35
-34
-32
-33
-33
-31
-30
-29
-27
-24
-22
-21
-20
-19
-18
-16
-13
-11
-8
-6
-3
-1
1
3
4
6
10
13
12
15
16
19
22
22
25
28
27
28
28
31
33
33
35
37
36
37
36
37
38
39
36
36
36
35
35
34
32
33
31
30
26
25
22
21
19
17
15
13
12
9
6
5
4
1
0
-3
-6
-9
-11
-14
-16
-18
-19
-21
-23
-26
-27
-28
-29
-30
-31
-32
-32
-32
-31
-30
-31
-32
-31
-32
-32
-31
-29
-29
-28
-27
-26
-25
-24
-22
-22
-19
-18
-18
-16
-15
-13
-9
-9
-7
-6
-6
-3
-2
0
1
2
4
4
7
9
9
10
10
11
11
13
15
16
16
19
19
20
21
21
23
22
22
22
23
23
22
23
22
23
23
22
21
21
20
19
19
17
18
17
15
13
12
12
10
10
7
5
5
3
2
4
1
1
0
-3
-2
-4
-4
-5
-6
-7
-10
-11
-12
-12
-12
-12
-13
-13
-12
-13
-14
-13
-14
-13
-15
-15
-14
-13
-15
-14
-14
-13
-14
-12
-11
-11
-10
-8
-9
-8
-7
-8
-7
-7
-6
-5
-5
-3
-3
-2
-1
-1
-1
-1
0
2
1
3
1
2
3
3
3
3
5
4
5
3
5
7
6
6
6
5
6
4
6
6
5
4
5
4
2
3
4
4
4
3
2
0
1
1
-2
0
0
0
0
-2
-2
-1
-1
-1
-1
0
-1
-1
-1
-2
-2
-1
-1
-1
0
1
1
0
1
0
0
0
-1
1
-2
-2
-1
2
3
3
4
4
4
3
4
0
1
1
0
2
3
2
2
2
0
-1
0
-1
-2
-2
-1
1
0
0
0
0
0
0
0
0
1
0
-1
-1
-1
0
0
-1
-1
-1
0
-1
-2
-1
-2
0
1
1
0
-1
-1
1
0
-1
1
-1
0
0
1
0
0
1
1
2
2
1
0
0
0
2
0
0
0
1
1
1
2
1
2
1
0
1
1
1
2
1
1
1
-1
-1
0
-1
-1
0
1
1
1
0
-1
0
0
-1
-1
-1
-2
-2
-2
-1
-1
-1
-1
-1
1
0
-2
0
-1
-1
-1
-3
-2
-2
-1
-2
1
0
1
2
1
0
-3
-2
-3
-2
-1
-1
-1
-1
1
0
1
1
1
1
2
1
2
1
0
1
1
0
-1
1
1
0
2
1
0
3
2
1
1
1
0
1
2
0
1
3
0
1
2
2
1
2
1
-1
2
1
-1
-1
0
-2
-1
0
0
-1
-1
-3
-3
-1
-1
-3
-2
-2
-2
-1
0
-1
0
1
0
0
-1
0
-1
2
0
-1
2
0
0
2
2
1
2
2
0
-1
0
0
-1
0
-1
0
2
3
-1
2
1
-1
0
0
-1
0
1
0
-1
1
1
0
1
0
1
1
1
0
2
3
1
1
1
1
0
0
1
0
-1
-1
-2
-2
-1
-1
-3
0
0
0
1
-1
0
-2
1
1
0
0
1
-1
-3
-1
0
-1
0
-1
-2
-1
-2
-2
-1
-2
-1
-1
-1
-1
0
0
0
0
2
-1
-1
-1
-1
-1
1
0
0
0
-2
0
1
2
2
2
0
1
2
0
1
2
1
1
1
2
1
1
2
0
0
1
0
1
0
1
0
0
1
0
1
-1
-2
-1
-2
-1
-1
0
0
2
0
1
1
0
0
0
1
0
-1
0
-1
-1
-2
-2
0
0
-1
1
0
0
2
1
0
0
1
-1
-2
-1
-2
-1
0
-1
0
0
1
0
2
1
2
-1
0
1
-1
0
0
-1
-1
-1
-2
-1
0
0
-1
0
-1
0
0
0
0
0
1
1
2
-1
-1
-1
-1
-1
0
0
-1
0
0
1
1
1
0
-2
0
0
0
-1
1
0
-1
-1
-1
-3
-1
0
0
0
0
1
1
0
0
1
0
-1
2
1
0
0
1
0
0
1
2
1
-1
-1
-3
-1
0
0
1
1
2
0
0
-1
0
0
0
1
0
0
2
0
1
0
1
0
-1
-1
0
0
0
1
0
-1
-2
-1
-1
0
0
-1
0
0
0
0
1
1
-1
-1
-1
-2
1
1
0
0
1
1
0
1
0
0
-1
-1
0
-1
0
-1
0
1
0
0
0
-1
1
1
1
0
0
-2
0
2
1
1
1
1
-1
0
-2
-2
-1
-1
-2
-1
0
1
0
2
1
0
1
1
0
1
0
-1
0
0
0
1
0
0
1
-1
-1
0
-1
-2
-1
-1
-2
1
1
1
2
1
1
0
1
0
-1
0
0
0
2
1
1
1
0
0
1
0
-2
0
0
-1
-1
-1
0
-1
0
0
0
-1
-1
-1
0
0
1
0
-1
0
-1
0
-1
0
0
0
1
0
1
0
1
2
2
1
2
4
1
1
1
-1
-1
-1
-1
-1
-1
0
1
2
3
2
1
0
0
-2
-3
-1
-1
-1
0
-1
-1
1
0
0
0
0
0
-1
-1
0
-1
-2
-1
-1
-2
0
0
-1
0
0
0
2
0
1
-2
-3
-2
-2
-1
0
-1
0
2
2
0
-2
-2
-1
-1
-2
-2
0
-1
-1
-1
-1
-1
0
1
-1
0
1
0
0
1
1
2
2
1
0
0
1
0
-1
-1
-1
0
-2
0
-1
1
0
-2
-1
-1
1
0
2
2
3
0
-1
-3
-2
-3
-2
0
2
1
2
2
2
2
0
0
-1
-1
-2
-1
0
2
3
3
2
2
-1
-1
-1
-2
-1
-1
0
0
1
3
1
0
-1
0
-2
-1
0
-1
-1
-1
0
1
1
1
1
1
0
-1
-1
0
0
0
1
1
1
1
2
2
0
-1
0
0
0
1
1
1
1
2
3
2
0
-2
-2
-2
-2
0
0
0
2
4
2
4
3
1
1
0
-1
-2
-2
-1
1
0
0
0
-1
-1
-2
-2
-2
-3
-2
0
1
1
0
1
-2
0
-2
-2
-1
0
-1
0
1
1
0
-1
0
-1
0
1
0
1
1
1
1
1
-1
-1
0
-1
0
2
0
2
1
-2
-1
-2
-2
-1
0
1
2
2
1
2
-1
-1
-2
-1
-1
-1
0
1
1
2
1
0
-1
-2
-2
-2
1
0
0
-1
-2
-2
-1
1
1
1
2
1
0
2
1
0
1
0
1
1
1
0
-1
0
-1
-3
-2
-1
-1
-1
-1
0
-2
-2
-2
-2
-2
-1
-1
-1
-1
2
2
0
1
1
1
2
4
1
1
0
0
-1
0
-1
1
0
-1
0
0
0
0
0
-1
-1
0
1
2
1
1
1
1
0
0
-1
-1
-2
-2
-2
-2
-2
0
1
1
0
1
2
1
1
1
2
0
0
0
0
-1
-1
0
-1
0
-1
0
-1
0
2
0
-1
0
2
2
2
0
-1
-2
-3
-2
-2
1
1
0
2
1
-1
-1
-1
-1
-2
-1
0
2
3
3
2
1
1
0
-3
-1
0
-1
0
-1
-1
1
0
-1
0
0
-1
-2
0
1
0
0
0
1
-1
2
2
3
2
0
-1
0
0
-2
-2
0
0
-1
0
-1
-1
0
0
0
2
2
3
3
2
-1
-1
-2
-3
-2
0
1
1
2
2
3
1
0
-1
-2
-2
-3
-4
-2
0
1
1
2
1
1
0
-2
-1
-1
1
2
1
0
0
0
-1
-1
-1
-2
-1
0
1
2
2
3
2
1
0
0
1
0
0
1
0
0
-1
-2
-1
0
0
-2
-2
-2
-1
0
1
-1
-1
-2
-3
-1
-1
-1
-1
-1
0
-2
-2
-1
0
-1
-1
-1
0
3
3
2
2
1
1
0
1
0
0
1
-1
0
1
0
0
-1
-2
0
3
2
2
1
-1
-2
