SAMPLES:	19147
BITSPERSAMPLE:	16
CHANNELS:	1
SAMPLERATE:	16000
NORMALIZED:	FALSE
-1
0
0
0
0
-1
0
-1
0
-1
0
0
0
0
1
0
1
2
1
0
1
0
0
0
-1
0
-1
-1
-1
-1
0
1
0
1
0
0
0
2
1
2
0
0
-1
-1
0
-2
-1
-1
0
1
-1
-1
0
0
1
-1
0
-1
-1
0
0
0
2
1
1
1
0
0
0
1
0
1
0
0
0
0
0
0
2
1
1
1
-1
1
0
1
0
0
-2
-1
0
0
0
0
-2
0
0
-1
0
0
0
-1
-1
-2
0
0
0
0
0
2
1
0
0
1
0
0
1
0
0
0
1
0
0
1
-1
0
1
1
3
2
2
0
0
1
0
2
0
-1
-1
0
0
-1
-1
-1
0
-1
-1
1
-1
0
1
0
0
0
-1
0
-1
0
1
0
0
2
1
0
-2
0
-1
0
0
0
1
1
-1
0
0
-2
-1
-2
0
-1
0
0
-1
0
0
1
1
1
-1
0
-1
-1
-1
-1
1
0
0
0
2
1
0
0
0
0
0
1
0
-1
-1
0
-1
-1
0
-1
-1
-1
0
0
0
1
2
2
1
0
1
0
0
0
-1
-1
-1
1
1
-1
2
1
0
1
0
-1
0
1
-1
0
-1
-1
1
0
1
0
0
1
0
1
0
0
0
0
-1
0
0
-1
-2
-2
0
-1
0
-3
-3
-1
-1
-2
0
0
0
1
2
2
1
0
-1
0
1
0
1
1
0
0
-1
-2
0
1
0
1
1
0
0
-1
0
0
0
0
-1
-1
0
1
-1
1
0
1
1
0
0
-1
-1
-1
-1
-1
1
0
2
0
0
-1
0
-1
-2
-1
0
0
-1
-1
1
1
0
0
1
0
0
0
0
0
-1
0
0
0
-1
0
1
1
1
1
1
1
0
-1
0
-1
0
0
-1
0
-1
-2
-1
-1
0
0
1
-1
1
0
0
-1
0
0
1
0
0
-1
1
0
0
0
-1
1
2
2
1
1
1
1
1
0
0
0
0
0
0
0
-2
-2
-2
-2
-2
-2
-1
-1
0
1
1
1
1
2
0
0
0
-1
0
0
1
2
0
0
0
-2
-1
-1
-1
-1
0
0
0
2
0
2
0
1
0
0
-1
-2
-1
-1
-1
-1
-1
-1
0
1
0
1
1
1
1
0
0
0
0
2
1
1
0
0
0
0
0
1
0
0
0
0
-1
0
-1
-1
0
-1
0
1
0
-1
-2
-2
-1
-1
0
1
0
0
0
1
-2
0
1
0
1
0
0
1
0
1
0
2
1
1
1
0
-1
-1
-1
-1
0
1
1
0
0
1
1
-1
0
-1
-1
0
-1
-1
0
0
0
1
0
0
0
-1
1
1
0
0
1
-1
1
3
-1
0
0
1
0
1
1
0
1
0
-1
-2
-1
-1
1
-1
0
0
0
2
1
2
1
1
1
2
1
1
1
0
-2
-1
-1
0
-1
-1
-1
0
0
-1
-2
-2
-1
-1
-2
-1
0
1
1
0
0
0
0
0
0
0
0
-1
1
-1
0
1
-1
-1
0
0
-1
0
-1
-1
1
0
1
0
-1
-1
0
0
1
0
0
1
1
1
2
1
1
0
0
0
1
-1
-1
-1
-2
-2
-1
0
0
1
1
1
1
1
0
-1
0
1
1
0
-2
-1
0
0
0
0
0
-1
1
0
1
0
-1
1
0
-1
0
-1
-2
-1
0
0
-1
-1
1
1
2
1
1
1
0
-1
0
1
1
-1
0
0
0
-1
0
0
-1
0
-1
1
0
1
1
0
-1
0
0
1
0
1
0
2
2
1
1
1
1
-1
-2
-1
0
-1
-1
0
0
0
0
0
1
0
-1
-1
-1
-1
-1
-1
-1
-1
1
0
1
0
-1
1
0
-1
-1
1
0
1
0
1
1
0
1
1
-1
-1
0
-1
-1
-1
-1
-1
-2
-1
0
0
0
1
1
0
0
1
1
3
1
1
0
1
0
0
1
0
1
1
0
0
-1
-2
0
0
0
1
0
0
1
-1
0
-1
-1
0
-1
0
0
0
-1
-1
0
-1
0
-1
0
0
0
0
1
0
0
0
1
0
0
-1
-1
1
0
-1
0
0
-1
-1
-2
-1
1
0
0
0
0
1
-1
0
0
-1
0
1
1
0
1
2
1
1
1
-1
0
1
1
0
0
0
0
0
0
-1
0
0
0
0
0
0
1
1
-2
-1
-1
-1
0
-1
0
-1
-1
1
1
-1
0
0
1
1
1
1
1
-1
-1
-1
1
0
0
1
1
3
2
0
2
1
2
0
0
0
0
0
0
0
1
0
0
1
0
-1
-1
0
0
-1
-1
-2
-3
-1
1
1
1
1
-1
0
-2
-1
1
-1
0
1
1
1
1
2
2
2
2
1
1
0
-1
0
-3
-1
-1
-1
-1
0
0
-1
0
0
1
2
-1
-1
0
-2
0
1
1
-1
0
-1
-1
-2
-1
0
0
1
-1
1
0
0
1
0
1
1
-1
-1
1
0
1
1
-1
-1
-1
-1
-1
0
0
-1
-1
0
0
0
1
0
1
2
0
1
0
0
-1
1
-1
0
2
2
1
1
1
1
-1
1
-1
0
-1
-2
-1
-1
0
0
0
-1
-1
0
0
0
0
1
1
1
1
1
1
0
1
1
1
1
0
1
0
1
0
0
1
0
0
0
1
1
2
0
0
1
0
0
0
2
2
0
-1
0
-1
0
-2
-2
0
0
-1
0
1
-1
-1
1
-1
0
0
1
0
0
0
-1
-1
-2
0
0
0
0
0
0
-1
0
0
0
-1
1
-1
-1
-1
-2
0
1
1
0
1
0
1
-1
0
0
-1
0
2
0
0
0
0
0
1
1
1
1
1
0
2
0
0
0
0
0
0
1
0
1
0
0
0
0
-1
0
1
-1
-1
-1
-1
-1
-2
0
0
-1
0
-1
-2
-2
-1
1
1
0
1
0
-1
0
-2
-2
-3
-2
-1
-1
-1
0
0
0
1
1
1
2
1
0
2
2
2
2
1
2
2
3
2
2
3
2
3
3
3
3
3
1
0
0
-2
-1
-1
-2
-2
-1
-1
-1
-1
0
0
0
0
1
0
0
-1
-1
-1
-1
-2
-3
-3
-3
-3
-4
-3
-2
-2
-3
-1
-1
-2
-2
-1
-1
-1
1
0
-1
1
0
2
1
1
2
3
2
1
2
1
2
1
1
0
2
3
0
0
-1
1
3
1
0
1
2
2
0
2
0
1
2
1
2
2
2
1
0
-1
-1
-1
-1
-1
0
-2
-2
-1
-1
-2
-4
-4
-4
-4
-2
-3
-4
-3
-3
-2
-3
-3
-2
0
-1
-2
0
0
1
2
1
1
1
3
3
4
5
6
5
5
4
4
6
5
5
4
4
4
4
4
3
1
1
0
0
-2
1
0
-1
-1
-2
-2
-3
-3
-4
-4
-4
-5
-6
-5
-3
-4
-5
-4
-5
-6
-7
-6
-7
-5
-5
-6
-5
-4
-4
-3
-4
-2
0
1
1
-1
0
2
4
5
4
5
8
9
7
6
7
9
9
9
7
8
8
10
9
6
8
9
10
7
5
4
5
5
3
2
0
1
0
-1
-4
-6
-6
-7
-10
-13
-13
-13
-12
-15
-19
-19
-16
-10
-16
-17
-17
-12
-7
-11
-13
-10
-4
-5
-4
-4
1
6
7
6
6
13
17
16
13
10
16
20
17
14
13
15
18
17
13
13
12
12
8
6
5
5
1
-1
-2
-2
-3
-4
-6
-8
-8
-8
-9
-11
-13
-11
-9
-10
-9
-10
-8
-7
-7
-7
-7
-6
-6
-6
-6
-4
-2
-1
-1
-2
2
2
4
2
1
5
4
5
5
3
2
3
4
3
4
3
1
2
0
2
1
2
2
1
2
1
2
2
0
1
2
0
1
0
0
0
-1
0
-1
1
-1
-2
1
1
1
1
0
-1
0
1
-1
1
1
2
3
2
2
1
1
1
1
0
1
1
-1
-1
0
-1
-1
-2
-2
-3
-2
-1
-2
-2
-1
1
-1
0
0
2
2
0
-1
0
0
-1
-3
-3
-3
-1
-2
-2
-3
-2
-2
-2
-1
-1
-1
-2
-3
-1
0
0
1
0
0
1
2
2
1
0
0
3
2
1
-1
0
-1
-1
-1
1
-1
-1
1
0
0
1
-1
2
2
0
1
1
2
3
3
2
2
3
4
3
2
1
2
1
-1
0
-1
1
0
-3
-3
-2
-2
-1
0
-2
-1
0
-1
-2
-1
1
1
1
2
1
2
3
3
4
4
4
5
6
5
7
7
5
6
3
4
4
3
2
0
-1
-1
-2
-2
-3
-3
-4
-5
-4
-5
-6
-7
-7
-8
-8
-8
-6
-5
-7
-8
-7
-6
-5
-6
-6
-5
-3
-5
-2
-3
-3
0
0
1
1
0
2
2
2
1
2
5
6
4
2
4
4
7
6
6
6
7
7
4
4
4
5
5
3
3
6
5
5
1
2
1
4
2
0
1
2
5
1
0
0
0
-1
-2
-4
-4
-2
-4
-5
-8
-4
-5
-6
-8
-8
-8
-6
-10
-8
-9
-8
-5
-9
-8
-7
-8
-6
-5
-6
-2
-2
-2
-1
0
0
3
3
3
5
5
8
5
7
8
7
8
9
10
11
9
8
12
9
11
8
6
9
10
9
6
6
7
7
4
4
1
0
1
0
-1
-3
-3
-4
-4
-6
-9
-9
-8
-10
-11
-10
-11
-9
-9
-9
-8
-10
-9
-6
-9
-7
-8
-11
-9
-9
-10
-10
-13
-8
-5
-8
-11
-10
-3
0
-5
-7
-1
3
7
2
4
12
20
26
18
27
33
33
36
34
35
45
47
39
33
41
45
33
21
17
39
28
17
16
0
1
-11
-20
-22
-34
-46
-49
-64
-58
-61
-71
-77
-85
-84
-82
-72
-92
-80
-89
-69
-60
-94
-67
-63
-23
-33
-52
-10
2
28
11
13
63
72
81
86
83
107
141
138
129
142
157
189
157
149
184
175
181
151
117
133
127
83
94
69
73
68
-21
-28
-22
-67
-77
-133
-162
-183
-198
-216
-230
-262
-264
-257
-299
-281
-300
-290
-285
-280
-248
-278
-241
-277
-249
-176
-135
-102
-100
-85
-32
41
43
88
126
148
225
198
220
283
334
383
368
385
441
521
521
526
528
521
615
505
457
472
448
462
362
282
233
198
146
41
-63
-135
-227
-301
-418
-489
-552
-604
-679
-791
-794
-825
-841
-853
-972
-913
-888
-865
-903
-632
-894
-873
-694
-569
-124
-504
-562
-140
52
121
76
96
566
656
459
670
780
1065
1262
1029
1142
1294
1470
1760
1491
1395
1565
1614
1667
1409
1289
1290
1182
1101
787
661
521
263
100
-169
-408
-534
-801
-1111
-1225
-1474
-1517
-1677
-1918
-2045
-2101
-2085
-2168
-2314
-2352
-2125
-2140
-2080
-2078
-2020
-1675
-1668
-1426
-1013
-1073
-898
-683
-306
106
175
356
758
997
1184
1560
1822
2143
2212
2446
2737
2741
2976
3195
3130
3058
2947
3013
3139
2705
2469
2337
2055
1932
1520
1125
814
370
141
-276
-712
-983
-1453
-1785
-2055
-2349
-2543
-2826
-2979
-3138
-3282
-3314
-3396
-3423
-3403
-3338
-3090
-3040
-2940
-2754
-2773
-2095
-1746
-1190
-1587
-1681
-682
-56
383
-20
259
1067
1710
1720
1917
2342
2851
3310
3203
3371
3656
3978
4220
3800
3580
3800
3888
3797
3119
2764
2824
2517
2208
1632
1134
879
443
31
-471
-1001
-1222
-1710
-2184
-2510
-2689
-2790
-3216
-3535
-3715
-3575
-3468
-3633
-3790
-3885
-3604
-3182
-3051
-3086
-3075
-2640
-2461
-1696
-1071
-1502
-1384
-1134
-114
625
176
136
930
1426
1773
1859
2161
2788
3010
3087
3309
3402
3838
4109
3764
3605
3460
3835
3795
3219
2868
2675
2735
2524
1947
1502
1113
911
763
59
-416
-672
-1092
-1473
-1888
-2172
-2331
-2697
-2989
-3166
-3265
-3178
-3303
-3574
-3548
-3441
-3292
-3069
-3333
-3105
-2796
-2673
-2097
-2441
-2458
-1356
-289
-1104
-1528
-1048
595
1377
154
336
1555
2291
2213
1911
2290
3097
3585
3715
3156
2797
3470
4138
3668
2920
2333
3076
3147
2250
1830
1384
1505
1363
652
267
-83
-285
-258
-1074
-1433
-1474
-1836
-1956
-2338
-2675
-2378
-2488
-2751
-2951
-3091
-2641
-2401
-2685
-2816
-2783
-2299
-2085
-2081
-2282
-2438
-2309
-1599
-619
-1230
-1566
-2114
-907
363
-138
-628
-500
487
1232
1102
1088
1731
2263
2841
2989
2819
3175
4035
4316
4031
3298
3912
4700
4131
3714
3316
3573
3789
3182
2768
2451
2114
2201
1786
1107
846
581
271
-173
-972
-1110
-1235
-1735
-2054
-2721
-2816
-2737
-3108
-3386
-3848
-3866
-3451
-3647
-3869
-4137
-4072
-3612
-3536
-3676
-3875
-3961
-3794
-2068
-2153
-3089
-3193
-2732
-926
-1119
-1789
-957
-234
-124
288
702
1426
1945
2152
2829
3086
2930
4058
4660
4160
4069
4132
5062
5150
4228
4326
4257
4432
4511
3821
3370
3014
2976
2855
2314
1627
1344
1017
352
-20
-585
-828
-1154
-1915
-2171
-2553
-2738
-2887
-3626
-3629
-3899
-3919
-3690
-4057
-4293
-4416
-4319
-3864
-3949
-4316
-4128
-4871
-3139
-2253
-3439
-3765
-3893
-2049
-1184
-2482
-2102
-730
-805
-357
212
820
1671
1692
2307
3238
2971
3833
4876
4375
4397
4577
5465
5617
4968
4981
5022
4979
5038
4778
4399
3730
3717
3747
3013
2667
2163
1912
1210
680
462
-167
-490
-1213
-1702
-1960
-2407
-2458
-3313
-3738
-3657
-3938
-3957
-4320
-4461
-4727
-4753
-4687
-4366
-4766
-4792
-5015
-5219
-2813
-3516
-4074
-4910
-4052
-1669
-2183
-3261
-2279
-1188
-773
-273
51
970
1734
2104
2984
3185
3306
5318
5177
4716
4618
5529
6755
5671
5278
5613
5524
5679
5124
4962
4506
3850
4208
3474
2807
2553
2237
1586
696
366
154
-381
-1280
-1931
-2163
-2621
-2684
-3368
-4278
-4221
-4367
-4288
-4747
-5048
-5069
-5385
-5103
-5015
-4883
-5341
-5123
-5631
-4462
-2795
-3959
-4498
-5206
-2776
-1182
-2428
-3194
-1553
-424
-5
383
608
1933
2520
3098
3927
3647
4509
6431
5630
5182
5349
6666
7360
5788
5594
6161
6035
5871
5217
4788
4407
4048
3939
3188
2455
2236
2019
808
242
-66
-331
-919
-2203
-2557
-2775
-2968
-3192
-4448
-4944
-4744
-4660
-4720
-5406
-5558
-5633
-5576
-5277
-5084
-5383
-5663
-5374
-5771
-3252
-3078
-4500
-5035
-4608
-1226
-1080
-3237
-2599
-412
17
528
526
1391
2756
2758
3865
4388
3706
5570
6915
5490
5198
5669
7466
7393
5257
5701
6219
6306
5777
4864
4478
4120
4186
3746
2775
2065
2094
1778
429
-46
-338
-594
-1227
-2551
-2779
-2929
-3055
-3438
-4887
-5035
-4724
-4661
-4816
-5616
-5696
-5645
-5476
-5118
-5065
-5829
-5476
-5824
-4913
-2537
-4072
-4989
-5342
-3250
-508
-2367
-3773
-1514
-194
-73
292
491
2082
2639
2843
4187
3892
4035
6610
6385
4945
5062
6350
8023
6203
5018
5796
6413
6319
5199
4711
4137
4350
4432
3363
2506
2055
2408
1610
144
-33
-176
-461
-1452
-2673
-2691
-2726
-2751
-3685
-4973
-4765
-4343
-4277
-4965
-5538
-5523
-5281
-5091
-4838
-5397
-5640
-5446
-5681
-2780
-3403
-4742
-5379
-4475
-1032
-1563
-3742
-2780
-488
-336
-37
85
1297
2462
2393
3536
3938
3508
5561
6697
5208
4485
5539
7536
6786
4963
5178
5971
6337
5415
4761
4208
3897
4569
3857
2633
2039
2141
2096
501
-216
-72
-467
-1111
-2431
-2987
-2869
-2832
-3219
-4732
-5178
-4483
-4139
-4693
-5450
-5518
-5323
-5033
-4951
-5054
-5668
-5270
-5790
-3231
-2769
-4545
-5076
-4986
-1461
-1005
-3242
-3299
-743
-14
-53
174
1043
2531
2521
3348
4105
3593
5034
6850
5775
4471
5083
7229
7268
5247
5024
5633
6322
5789
4819
4456
3636
4399
4318
2771
2095
1903
2149
966
-299
-216
-444
-1014
-2012
-3059
-3149
-2918
-3020
-4344
-5300
-4784
-4088
-4430
-5305
-5460
-5299
-5043
-4928
-4793
-5579
-5123
-5835
-3630
-2271
-4465
-4896
-5209
-1941
-777
-2991
-3549
-1150
0
-236
118
720
2224
2439
3016
4054
3416
4559
6766
5966
4561
4686
6974
7536
5420
5044
5478
6235
6089
5015
4600
3731
4221
4611
3104
2172
1930
2191
1318
-15
-245
-329
-826
-1673
-2680
-3106
-2888
-2760
-4059
-5126
-4928
-4166
-4318
-5290
-5613
-5443
-5288
-5195
-4939
-5863
-5479
-6311
-4138
-2443
-4997
-5399
-5715
-2557
-1147
-3586
-3969
-1663
-512
-606
-263
356
1862
2358
2783
4024
3288
4559
7081
6046
4930
4851
7318
8043
5700
5450
6000
6650
6597
5624
5006
4374
4698
5110
3758
2597
2359
2770
1717
438
166
10
-449
-1389
-2261
-2730
-2680
-2482
-3841
-4938
-4746
-4178
-4269
-5334
-5692
-5521
-5462
-5438
-5181
-5992
-5860
-6698
-4323
-2750
-5460
-5916
-6120
-2742
-1510
-4218
-4381
-1860
-892
-908
-599
-28
1679
2178
2651
3758
3029
4455
7100
5797
4596
4914
7218
8030
5424
5403
6037
6673
6642
5454
5184
4354
4939
5166
3683
2860
2446
2934
1757
427
414
50
-360
-1425
-2258
-2535
-2661
-2411
-3957
-4928
-4553
-4121
-4325
-5372
-5762
-5371
-5499
-5314
-5279
-6040
-5967
-6788
-3161
-3393
-5678
-6074
-5536
-1755
-2210
-4550
-3704
-1256
-948
-814
-417
439
1928
2330
2933
3693
2940
5389
7046
5108
4438
5109
7788
7293
5020
5519
5767
6798
6174
5180
4971
4027
5139
4711
3326
2827
2452
2766
1331
392
490
-14
-524
-1678
-2204
-2432
-2496
-2615
-4188
-4787
-4269
-3958
-4358
-5443
-5587
-5197
-5388
-4965
-5644
-5749
-6460
-5692
-2350
-4625
-5668
-6144
-3982
-1329
-3572
-4360
-2550
-998
-1295
-725
-163
952
2049
2295
3283
3103
3416
6532
6306
4261
4431
6041
7927
6165
4900
5550
5831
6721
5576
5073
4409
4076
5327
3995
3042
2718
2507
2389
867
441
503
-141
-886
-1904
-2195
-2213
-2382
-3245
-4424
-4525
-3996
-3912
-4681
-5572
-5480
-5327
-5086
-5086
-6039
-5943
-6921
-3594
-3396
-5654
-6095
-5857
-2144
-2481
-4732
-3817
-1658
-1383
-1298
-810
203
1509
1984
2759
3209
2804
4989
7228
5279
4056
5154
7409
7622
5444
5398
5710
6524
6566
5417
5045
4004
4925
5097
3443
2962
2625
2656
1683
562
597
314
-350
-1436
-2034
-2178
-1970
-2583
-3984
-4480
-4193
-3745
-3996
-5088
-5597
-5303
-5267
-4529
-5548
-5817
-6751
-5111
-2530
-4986
-5780
-6390
-3676
-1598
-4146
-4617
-2566
-1378
-1521
-1228
-584
774
1651
2105
2862
2554
3483
6387
6144
4048
4121
6297
7547
6069
5108
5316
5846
6655
5707
5044
4380
4164
5335
4083
3035
2787
2709
2281
868
697
596
127
-703
-1799
-1943
-1795
-1884
-3140
-4278
-4134
-3697
-3515
-4376
-5461
-5192
-5280
-4622
-4865
-5788
-6220
-6157
-2636
-4221
-5740
-6249
-4940
-1625
-3524
-4962
-3439
-1500
-1631
-1452
-1097
93
1484
1802
2571
2425
2806
5454
6423
4565
3603
5459
7252
6312
5198
4996
5278
6307
5871
4975
4386
3900
4859
4451
3136
2657
2668
2512
1308
536
750
416
-185
-1237
-1903
-1593
-1413
-2319
-3558
-3970
-3522
-3086
-3571
-4891
-5031
-4939
-4502
-4343
-5463
-5730
-6403
-3028
-3300
-5504
-6149
-5564
-2025
-2615
-4898
-4224
-1761
-1309
-1454
-1337
-551
1293
1879
2326
2381
2206
4811
6365
5013
3697
4390
6914
6699
5227
4994
4716
5782
6096
5010
4178
3744
4287
4431
3357
2385
2328
2401
1539
645
390
350
-84
-995
-1819
-1940
-1427
-1975
-3280
-3724
-3668
-3167
-3296
-4376
-5009
-4935
-4627
-4117
-5188
-5617
-6666
-3682
-2703
-5198
-6042
-6262
-2680
-2182
-4627
-4685
-2412
-1206
-1397
-1413
-925
786
1920
2367
2378
1892
4062
6482
5463
3987
3866
6359
7195
5572
5355
4622
5394
6364
5549
4520
3531
4176
4598
3710
2743
2078
2478
1825
1080
581
288
24
-707
-1428
-2066
-1552
-1607
-3048
-3508
-3605
-3189
-3065
-4109
-4653
-4801
-4725
-3889
-4850
-5250
-6619
-4362
-2108
-4658
-5697
-6419
-3353
-1734
-4196
-4725
-2998
-1315
-1362
-1341
-1087
74
1613
2163
2461
1580
3046
5907
5522
4165
3303
5384
6868
5576
5380
4504
4712
6016
5617
4816
3425
3639
4525
3829
3119
2013
2266
2122
1309
894
425
136
-451
-1031
-1784
-1619
-1342
-2628
-3287
-3532
-3273
-2801
-3789
-4531
-4698
-4771
-3848
-4628
-5041
-6448
-5205
-2008
-4201
-5556
-6590
-4185
-1573
-3786
-4949
-3593
-1663
-1470
-1381
-1308
-501
1197
1921
2443
1536
2328
5415
5545
4325
3417
4772
6645
5788
5454
4934
4458
5729
5870
5138
3912
3553
4442
4063
3531
2517
2262
2310
1611
1236
767
416
-150
-742
-1297
-1380
-1035
-2095
-3012
-3171
-3179
-2709
-3236
-4279
-4485
-4648
-3827
-4235
-4935
-5953
-5821
-2191
-3778
-5428
-6528
-4960
-1657
-3417
-5177
-4252
-1947
-1550
-1727
-1775
-1080
671
1642
2010
1292
1401
4655
5500
4150
3237
4051
6259
5842
5211
5036
4302
5322
5791
5243
4189
3565
4396
3961
3648
2879
2461
2361
1627
1372
902
654
77
-625
-1142
-1376
-779
-1633
-2903
-3015
-3094
-2665
-3078
-4066
-4241
-4594
-3835
-4034
-4837
-5529
-6111
-2475
-3325
-5326
-6402
-5433
-1816
-2897
-5144
-4772
-2212
-1272
-1617
-1967
-1497
419
1712
2185
1407
965
4069
5791
4630
3360
3706
5980
6179
5391
5190
4344
5145
5819
5390
4381
3480
4449
4059
3512
2872
2379
2494
1692
1205
655
520
226
-534
-1192
-1815
-1035
-1331
-2653
-3043
-3289
-2832
-2904
-3814
-4063
-4451
-4049
-3757
-4684
-5048
-6045
-2801
-2692
-4989
-6054
-5573
-1861
-2267
-4811
-4986
-2513
-1028
-1304
-1918
-1840
-8
1679
2277
1526
588
3283
5581
4804
3399
3227
5253
5937
5383
5088
4160
4668
5517
5349
4375
3363
4193
4097
3513
2862
2218
2510
1988
1331
616
444
360
-205
-951
-1855
-1233
-1155
-2230
-2789
-3240
-2900
-2652
-3535
-3915
-4267
-4070
-3624
-4618
-4894
-5938
-2959
-2437
-4881
-5989
-5739
-1936
-2002
-4712
-5268
-2909
-1062
-1305
-1879
-2088
-460
1442
2240
1676
413
2759
5312
4769
3515
3093
4928
5619
5209
5190
4217
4518
5243
5263
4518
3393
4081
4062
3557
3024
2182
2448
2015
1611
838
380
356
-47
-520
-1556
-1296
-1066
-2073
-2304
-2818
-2745
-2460
-3356
-3511
-3948
-3780
-3409
-4407
-4830
-5645
-2516
-2315
-4761
-6019
-5524
-1752
-1875
-4550
-5265
-2997
-1102
-1150
-1836
-2014
-598
1207
2104
1676
425
2511
4933
4419
3360
2979
4713
5262
4638
4938
4102
4370
4944
4744
4298
3086
3812
3773
3204
2763
1817
2122
1572
1418
792
-8
32
-345
-491
-1416
-1529
-1300
-2274
-2190
-2511
-2692
-2519
-3375
-3216
-3690
-3440
-3338
-4118
-4746
-5108
-1694
-2449
-4609
-5885
-4727
-1212
-1977
-4274
-4701
-2388
-850
-809
-1592
-1523
13
1447
2191
1624
749
3145
4915
4217
3177
3088
4941
5098
4456
4537
3847
4432
4768
4543
3781
2726
3652
3397
3029
2275
1458
1743
1201
1123
567
-304
-466
-603
-709
-1418
-1544
-1642
-2493
-2293
-2319
-2416
-2638
-3521
-3145
-3349
-3070
-3375
-3913
-4948
-4094
-989
-2764
-4688
-5807
-3464
-723
-2405
-4229
-3942
-1671
-716
-838
-1487
-1045
506
1497
2003
1110
1175
3752
4456
3545
2635
3360
4890
4357
4102
3819
3580
4235
4315
4168
2983
2559
3454
2989
2720
1804
1222
1479
966
968
439
-583
-730
-591
-741
-1245
-1285
-1832
-2288
-2098
-1976
-1771
-2788
-3291
-2921
-2887
-2532
-3323
-3791
-5107
-2519
-606
-3093
-5011
-5536
-1825
-530
-2937
-4283
-3095
-1054
-605
-936
-1391
-531
964
1670
1771
653
2019
4306
3970
2855
2440
4057
4697
3887
3755
3418
3693
4225
3988
3675
2394
2643
3373
2572
2317
1226
1052
1167
624
742
-95
-978
-1036
-858
-949
-1296
-1484
-2222
-2299
-2171
-1772
-1808
-3158
-3312
-3075
-2480
-2447
-3451
-4414
-4613
-977
-1094
-3637
-5476
-4442
-436
-973
-3355
-3944
-2135
-536
-313
-801
-1051
275
1611
2133
1507
837
3379
4624
3633
2399
2907
4762
4393
3905
3345
3264
3971
4237
3916
2881
2102
2824
3116
2404
1715
803
794
843
515
393
-711
-1332
-1193
-1136
-1202
-1366
-1897
-2624
-2403
-2193
-1626
-2312
-3476
-3375
-3114
-2209
-2757
-3747
-5136
-2914
-508
-2249
-4368
-5448
-2377
-342
-2073
-3601
-2940
-1211
-315
-319
-731
-287
1188
2198
2262
1079
2083
4608
4480
3375
2331
4085
4886
4202
4091
3007
3504
3963
4168
3564
2181
2137
2660
2612
2068
1069
388
397
366
397
-207
-1428
-1663
-1381
-1512
-1492
-1764
-2564
-2735
-2576
-2047
-2002
-2998
-3340
-3381
-2706
-2552
-2848
-4348
-4430
-951
-1302
-3026
-4937
-3731
-511
-1179
-2717
-3102
-1393
-382
-141
-256
-416
935
2006
2550
1849
1263
3876
4721
4076
2771
2944
4874
4170
4220
3546
2891
3698
3608
3844
2645
1854
2313
2237
2125
1357
521
193
59
77
43
-984
-1874
-1642
-1605
-1835
-1742
-2344
-2745
-2740
-2598
-1948
-2692
-3210
-3231
-3094
-2520
-2857
-3202
-4813
-2251
-463
-2257
-3969
-4635
-1180
-171
-2018
-3064
-2028
-247
152
142
-335
220
1979
2656
2645
1239
2554
4835
4373
3594
2484
4141
4457
3891
4136
2865
3306
3489
3551
3254
1819
2065
2237
2033
1553
595
165
25
-166
-241
-700
-1913
-2023
-1597
-2031
-2075
-2407
-2847
-2685
-2877
-2338
-2449
-3354
-3191
-3144
-2521
-2780
-3140
-4115
-3686
-315
-1181
-3215
-4723
-2680
509
-792
-2589
-2722
-602
437
658
278
-137
1312
2694
3224
2220
1631
4248
4779
4155
3019
3382
4780
3782
4119
3385
3061
3537
3309
3414
2180
1750
2162
2038
1741
759
66
-93
-180
-420
-764
-1722
-2552
-1977
-1950
-2302
-2492
-3260
-3104
-2871
-2597
-2326
-3394
-3625
-3353
-2556
-2341
-3227
-3808
-4563
-1191
-134
-2291
-4307
-4137
-126
359
-1615
-2909
-1497
449
796
876
112
785
2339
3258
3216
1700
3433
5154
4569
3771
2997
4858
4584
3926
3882
2896
3697
3635
3529
2690
1495
2060
2077
1952
1212
21
-196
-328
-364
-655
-1612
-2651
-2763
-2168
-2413
-2608
-3230
-3894
-3367
-3036
-2423
-3061
-4078
-3877
-3370
-2223
-2833
-3599
-5011
-3061
255
-1280
-3456
-4800
-1690
925
-655
-2253
-2185
71
1025
1108
723
659
2227
3246
3649
2406
2678
5353
5163
4353
2993
4196
5368
4279
4184
2903
3212
3886
3811
3279
1602
1474
2031
2048
1627
385
-403
-483
-455
-520
-1060
-2460
-3143
-2574
-2493
-2509
-2828
-3923
-3921
-3584
-2738
-2519
-3902
-4169
-4123
-2839
-2504
-3119
-4623
-4782
-625
-576
-2618
-4675
-3261
434
-141
-1639
-2354
-587
834
1079
1053
711
1951
3147
3656
3041
2268
4838
5647
4924
3530
3497
5390
4846
4754
3547
2924
3724
3952
4005
2447
1330
1767
1993
1917
1029
-245
-691
-734
-730
-726
-1963
-3348
-3075
-2814
-2723
-2687
-3690
-4301
-4126
-3441
-2533
-3549
-4363
-4401
-3737
-2605
-3059
-3811
-5487
-2099
-198
-1986
-4031
-4305
-345
285
-1114
-2176
-1035
741
1087
1344
903
1656
3170
3660
3576
2319
4050
5986
5306
4328
3421
4933
5416
5014
4586
3102
3504
4016
4269
3434
1558
1705
1912
1962
1490
165
-614
-930
-966
-722
-1473
-3024
-3465
-3082
-2980
-2884
-3311
-4396
-4551
-4073
-2968
-3220
-4469
-4687
-4380
-3058
-3168
-3526
-5360
-3914
-396
-1408
-3411
-4918
-1855
610
-718
-2030
-1712
316
1070
1333
1072
1170
2789
3761
3938
2734
3110
5890
5947
4988
3838
4533
5763
5368
5260
4053
3450
4072
4404
4163
2446
1567
2151
2009
1797
716
-330
-670
-1044
-902
-1124
-2434
-3334
-3276
-3187
-3146
-3199
-3984
-4656
-4584
-3702
-3143
-4131
-4787
-4907
-3826
-3226
-3532
-4689
-5469
-1581
-905
-2742
-4754
-3773
147
-194
-1706
-2362
-562
871
1217
1192
773
2019
3528
4168
3416
2444
4976
6361
5618
4381
4083
5748
5635
5392
4784
3726
4009
4312
4411
3317
1864
2095
2208
1985
1196
189
-356
-658
-968
-990
-1685
-2892
-3042
-3160
-3276
-3130
-3498
-4222
-4599
-4310
-3327
-3640
-4488
-4843
-4599
-3395
-3609
-3961
-5829
-3527
-683
-2244
-4107
-5101
-1306
288
-1360
-2656
-1823
476
1009
1241
638
1120
3038
3994
4098
2483
3598
6351
5975
5129
3872
5110
6082
5380
5330
4074
3991
4398
4552
4143
2428
2202
2424
2311
1779
611
5
-378
-678
-920
-1331
-2401
-3006
-2925
-3259
-3444
-3396
-4013
-4447
-4648
-4037
-3490
-4408
-4828
-5040
-3989
-3599
-3927
-5243
-5515
-1329
-1434
-3427
-5343
-3555
340
-532
-2170
-2784
-484
989
1385
1113
633
2261
3797
4543
3475
2697
5476
6604
5721
4506
4289
5963
5881
5526
4826
3780
4327
4680
4719
3356
1997
2492
2525
2410
1255
-35
-239
-484
-627
-1017
-2103
-2967
-2976
-2867
-3310
-3639
-3856
-4440
-4465
-4408
-3753
-4113
-4975
-5051
-4661
-3561
-3971
-4557
-6159
-3388
-774
-2674
-4591
-5235
-1302
168
-1436
-2714
-1897
395
1125
1396
717
1285
3114
4178
4297
2703
4076
6386
6238
5264
4054
5346
6140
5858
5334
4152
4088
4737
4945
4193
2447
2185
2763
2651
2058
452
-319
-220
-500
-718
-1598
-2825
-3038
-2900
-2996
-3574
-3918
-4287
-4519
-4358
-4042
-3958
-4740
-5059
-4935
-3985
-3802
-4158
-5654
-5236
-1253
-1769
-3651
-5465
-3271
36
-810
-2055
-2669
-406
784
1360
1092
742
2472
3674
4463
3364
3050
5779
6345
5883
4416
4651
6197
6016
5700
4528
3992
4611
4972
4586
3041
2044
2683
2791
2438
1083
-123
-193
-249
-585
-1148
-2352
-3069
-2893
-2934
-3325
-3831
-4098
-4449
-4447
-4187
-3850
-4421
-4941
-5009
-4497
-3840
-4069
-4780
-6298
-2620
-1203
-3002
-4874
-4969
-748
-513
-1695
-2831
-1510
492
892
1283
565
1675
3304
4158
3990
2615
4812
6488
6152
5019
4160
5911
6265
5991
5131
4050
4470
5031
4970
3942
2349
2524
2986
2797
1896
374
-88
-91
-370
-730
-1693
-2862
-2964
-2898
-3120
-3582
-3904
-4353
-4540
-4452
-3925
-4087
-4943
-4971
-4995
-4023
-4198
-4280
-6185
-4489
-1015
-2661
-4054
-5713
-2178
-125
-1579
-2556
-2405
65
617
1116
718
905
2789
3814
4260
2804
3516
6319
6255
5665
3992
5213
6326
5890
5778
4233
4255
4782
5002
4577
2993
2320
2844
2814
2362
1077
81
-86
-380
-614
-1025
-2371
-2971
-2896
-3087
-3227
-3571
-4040
-4524
-4545
-4026
-3677
-4599
-4945
-5028
-4289
-3936
-4130
-5371
-5834
-1564
-1933
-3548
-5442
-3835
-95
-1213
-2220
-2915
-691
473
822
907
401
1996
3354
4082
3317
2556
5404
6280
5911
4512
4318
6301
5779
5999
4856
4056
4768
4858
4950
3725
2485
2743
2863
2588
1664
566
77
-191
-615
-738
-1676
-2819
-2787
-3032
-3210
-3387
-3857
-4360
-4660
-4285
-3676
-4255
-4902
-5049
-4661
-3915
-4106
-4576
-6481
-3180
-1174
-3036
-4715
-5300
-1025
-550
-1840
-2832
-1779
338
563
1176
430
1120
2971
3773
3876
2377
4133
6209
6002
5149
3903
5710
6071
5816
5492
3975
4436
4853
4910
4301
2674
2538
2899
2837
2022
902
236
112
-269
-648
-1123
-2431
-2602
-2626
-3010
-3234
-3620
-3982
-4338
-4356
-3746
-3827
-4613
-4756
-4882
-4003
-4061
-4081
-5865
-5360
-1151
-2340
-3890
-5822
-3124
-161
-1578
-2513
-2864
-408
294
845
789
346
2177
3376
3954
2826
2811
5667
6040
5615
4109
4710
6326
5705
5867
4532
3932
4787
4800
4759
3366
2366
2849
2914
2660
1291
420
154
48
-381
-745
-1840
-2626
-2411
-2690
-2986
-3389
-3668
-4056
-4210
-3947
-3503
-4225
-4634
-4782
-4440
-3706
-4154
-4718
-6521
-2649
-1222
-3279
-5049
-5215
-795
-837
-2055
-3177
-1663
161
401
1029
268
1148
2955
3734
3562
2209
4365
6133
5719
4930
3854
5899
6024
5730
5401
3869
4466
4799
4865
4237
2592
2561
2826
2901
2028
638
120
-36
-226
-514
-1243
-2518
-2700
-2598
-2783
-3181
-3542
-3900
-4242
-4062
-3578
-3690
-4600
-4765
-4788
-3789
-3775
-4229
-5971
-4992
-993
-2251
-3942
-5792
-2870
-206
-1421
-2548
-2840
-364
147
903
612
371
2204
3336
3868
2585
2862
5626
5769
5474
3905
4658
6203
5673
5866
4291
4057
4718
4960
4837
3345
2394
2689
3044
2661
1387
319
-5
-29
-339
-638
-1930
-2741
-2592
-2662
-2834
-3421
-3686
-4188
-4255
-3826
-3522
-4219
-4821
-4967
-4440
-3638
-4003
-4910
-6331
-2623
-1383
-3074
-5006
-4948
-858
-865
-1772
-2997
-1412
153
496
1114
201
1416
3038
3797
3428
2238
4621
5992
5748
4720
3798
5742
5792
6000
5079
3681
4435
4721
5060
3973
2498
2311
2824
2912
1862
718
-111
27
-243
-580
-1352
-2557
-2587
-2609
-2660
-3164
-3564
-3766
-4134
-3974
-3592
-3632
-4367
-4560
-4773
-3784
-3739
-4004
-5705
-4839
-1160
-2344
-3820
-5720
-2779
-425
-1502
-2537
-2817
-250
122
924
504
285
2367
3377
3887
2444
2959
5661
5776
5407
3814
4595
5815
5637
5885
4037
3955
4608
4812
4667
3119
2358
2599
2922
2444
1281
340
25
49
-452
-921
-1907
-2433
-2475
-2571
-2789
-3409
-3380
-3730
-3876
-3765
-3448
-3762
-4184
-4397
-4342
-3373
-3910
-4347
-5912
-2632
-1111
-3163
-4902
-5141
-893
-840
-1911
-3417
-1776
155
413
989
-192
992
2830
3786
3432
1893
4077
5801
5603
4579
3567
5234
5427
5715
4885
3541
4187
4590
4630
3796
2474
2403
2781
2630
1789
717
211
170
-163
-693
-1292
-2022
-2228
-2405
-2489
-3038
-3209
-3234
-3667
-3629
-3457
-3283
-3831
-3984
-4361
-3586
-3378
-3884
-5021
-4996
-989
-1878
-3748
-5680
-3349
-235
-1281
-2569
-3364
-601
102
834
390
-190
1729
3073
3874
2428
2185
4986
5652
5268
3665
4071
5531
5394
5525
3907
3637
4413
4711
4411
3025
2196
2673
2970
2371
1218
309
237
238
-300
-858
-1693
-2120
-2109
-2256
-2691
-3235
-3117
-3435
-3554
-3509
-3353
-3585
-3939
-4092
-4231
-3276
-3768
-4207
-5783
-3174
-853
-2871
-4605
-5404
-1403
-633
-1635
-3185
-2234
49
301
1026
-123
699
2423
3501
3527
1845
3603
5518
5599
4621
3454
5136
5577
5589
4826
3480
4107
4636
4840
3804
2270
2294
2960
2989
1734
524
-15
344
191
-502
-1372
-2350
-2131
-2020
-2331
-3215
-3415
-3287
-3429
-3382
-3564
-3522
-3909
-3814
-4196
-3672
-3437
-3952
-5012
-5037
-1082
-1823
-3580
-5405
-3428
-311
-1144
-2202
-3294
-757
83
839
470
-64
1623
2841
3715
2541
2345
4735
5439
5193
3672
4063
5575
5392
5347
3825
3738
4421
4790
4424
2883
2057
2663
3214
2402
995
125
224
493
-81
-888
-2038
-2354
-1947
-2011
-2796
-3515
-3307
-3381
-3319
-3512
-3560
-3853
-3894
-3888
-3951
-3322
-3788
-4232
-5583
-2360
-856
-2884
-4616
-4801
-828
-618
-1537
-3175
-1864
22
436
966
-169
852
2406
3450
3286
2041
3734
5260
5385
4345
3422
5036
5447
5485
4370
3423
4125
4589
4500
3432
2086
2156
2964
2649
1398
288
41
374
-3
-708
-1564
-2324
-2175
-2022
-2467
-3309
-3311
-3326
-3514
-3502
-3480
-3641
-3981
-3862
-4031
-3413
-3498
-3741
-5238
-3850
-625
-2079
-3790
-5210
-1936
-179
-1252
-2487
-2550
-126
187
941
173
262
2127
3186
3548
2195
2896
5012
5529
4864
3390
4273
5421
5647
5013
3482
3579
4438
4537
3937
2427
1706
2585
2663
1889
560
-44
149
-18
-603
-1226
-1993
-2362
-2171
-2357
-3055
-3215
-3134
-3572
-3749
-3506
-3303
-3715
-3896
-4197
-3740
-3287
-3396
-4547
-4965
-1307
-1418
-3002
-4938
-3183
-121
-971
-1920
-2745
-478
279
748
531
8
1694
3177
3675
2523
2193
4540
5812
5305
3694
3528
5129
5617
5569
3994
2976
3919
4402
4434
2946
1395
1935
2492
2279
915
-79
-228
-146
-523
-1052
-1798
-2590
-2427
-2357
-2886
-3316
-3078
-3343
-3817
-3668
-3214
-3292
-3598
-4058
-4068
-3199
-3136
-3608
-5183
-2305
-959
-2279
-4042
-4002
-453
-647
-1412
-2574
-984
308
562
789
32
1178
2819
3638
2813
1878
3605
5664
5573
4036
3105
4350
5462
5544
4628
2834
3224
4079
4545
3807
1592
1465
2274
2636
1595
192
-251
-205
-301
-735
-1421
-2481
-2615
-2318
-2637
-3234
-3214
-3197
-3759
-3833
-3345
-3261
-3506
-3893
-4339
-3476
-3246
-3192
-4923
-3517
-986
-1980
-3382
-4509
-1293
-482
-1339
-2290
-1610
202
285
866
218
819
2505
3477
3177
1989
3066
5211
5831
4519
3328
3911
5106
5676
4920
3453
2867
3828
4370
4249
2480
1236
2139
2563
2161
689
-161
-137
-306
-483
-1082
-2079
-2641
-2389
-2448
-3070
-3229
-3159
-3634
-3973
-3511
-3193
-3503
-3769
-4368
-3768
-3307
-3115
-4275
-4605
-1413
-1626
-2880
-4635
-2529
-324
-1325
-2076
-2272
-154
118
645
354
284
2042
3280
3390
2157
2440
4651
5765
5028
3575
3706
4744
5540
5372
3939
3199
3480
4252
4317
3364
1729
1771
2556
2245
1383
115
-99
-298
-534
-725
-1641
-2493
-2561
-2410
-2821
-3195
-3099
-3510
-3990
-3688
-3161
-3353
-3724
-4207
-4025
-3251
-3203
-3534
-5154
-2493
-1127
-2340
-4184
-3978
-543
-855
-1673
-2668
-980
267
506
795
-72
1281
3054
3716
2804
1902
3829
5648
5600
4141
3365
4489
5247
5696
4482
3414
3359
3894
4371
3703
2364
1451
2168
2249
1563
483
-261
-387
-713
-765
-1277
-2344
-2788
-2579
-2664
-3157
-3218
-3327
-3882
-3847
-3302
-3235
-3556
-3936
-4124
-3335
-3169
-3050
-4652
-3889
-959
-1632
-3183
-4681
-1725
-180
-1150
-2274
-2106
140
448
1093
206
278
2403
3625
3516
1930
2583
5010
5809
4855
3262
3761
4870
5530
5051
3549
3197
3529
4270
4082
2858
1621
1747
2410
1928
970
19
-223
-385
-614
-825
-1747
-2499
-2480
-2380
-2856
-3201
-3078
-3509
-3842
-3533
-3230
-3447
-3725
-4102
-3739
-3204
-3206
-3825
-4948
-1925
-1147
-2520
-4414
-3629
-359
-818
-1754
-2859
-898
348
752
704
-320
1277
3107
3739
2656
1819
3848
5645
5443
3931
3382
4391
5283
5480
4274
3278
3309
4010
4410
3650
2094
1585
2298
2439
1658
466
-47
-99
-276
-482
-1228
-2166
-2395
-2185
-2480
-3158
-3143
-3247
-3666
-3676
-3440
-3430
-3703
-3961
-4077
-3389
-3417
-3464
-4877
-3604
-1104
-2071
-3585
-4752
-1706
-480
-1359
-2663
-2238
17
330
932
-153
213
2262
3479
3388
1935
2684
4870
5761
4648
3608
4010
4872
5599
4989
3950
3268
3706
4326
4360
3103
1681
2121
2530
2427
1270
228
1
-178
-142
-690
-1743
-2424
-2242
-2155
-2809
-3240
-3281
-3547
-3606
-3483
-3502
-3705
-3954
-4077
-3664
-3487
-3548
-4322
-4786
-1947
-1674
-3031
-4744
-3431
-665
-1131
-2121
-3022
-828
173
695
408
-369
1413
3007
3689
2551
2050
4007
5643
5413
3959
3845
4588
5461
5511
4482
3674
3369
4141
4367
3972
2175
1756
2342
2470
2023
556
33
-364
-254
-340
-1272
-2347
-2571
-2167
-2430
-3145
-3356
-3512
-3569
-3431
-3461
-3584
-3898
-3949
-3833
-3443
-3563
-3729
-4886
-3283
-1219
-2421
-3950
-4540
-1374
-592
-1566
-2774
-1948
217
443
891
-298
454
2523
3557
3200
1775
2969
5150
5732
4581
3429
4067
5055
5692
4911
3796
3202
3699
4292
4193
2885
1588
2008
2396
2319
1105
131
-187
-342
-209
-734
-1850
-2509
-2284
-2092
-2727
-3201
-3250
-3500
-3435
-3412
-3384
-3706
-3915
-3914
-3692
-3440
-3631
-4316
-4577
-1704
-1683
-3274
-4713
-3027
-303
-1202
-2259
-2843
-545
402
734
230
-444
1613
3210
3547
2208
1887
4260
5679
5295
3854
3430
4584
5563
5624
4338
3312
3398
4143
4536
3663
2066
1728
2321
2541
1789
415
-52
-211
-193
-337
-1321
-2233
-2449
-2109
-2345
-3005
-3111
-3388
-3611
-3498
-3377
-3478
-3924
-3972
-3967
-3515
-3508
-3889
-4813
-3003
-1313
-2645
-4139
-4188
-1128
-731
-1886
-2816
-1666
187
450
595
-516
525
2634
3485
2815
1559
3046
5180
5517
4498
3362
3939
5101
5818
4954
3698
3224
3848
4560
4261
2797
1785
2219
2524
2432
1072
168
-15
-130
-26
-710
-1758
-2314
-2234
-2117
-2700
-3007
-3195
-3597
-3555
-3413
-3396
-3735
-3959
-4056
-3792
-3522
-3617
-4553
-3958
-1739
-2292
-3622
-4460
-2246
-807
-1729
-2641
-2343
-341
154
502
-259
-100
1972
3227
3145
1802
2301
4525
5562
4915
3667
3706
4691
5767
5371
4105
3308
3596
4434
4484
3348
1925
2130
2445
2549
1676
380
106
-105
8
-338
-1391
-2184
-2241
-2134
-2531
-2990
-3148
-3500
-3668
-3384
-3368
-3594
-3868
-4006
-3849
-3602
-3490
-4112
-4524
-2144
-1930
-3128
-4394
-3093
-813
-1443
-2333
-2718
-759
90
417
110
-369
1384
2919
3248
2162
1864
3840
5340
5114
3868
3515
4284
5342
5516
4329
3408
3301
4079
4452
3720
2185
1871
2419
2468
2043
682
177
-14
-52
-97
-984
-1927
-2200
-2018
-2304
-2764
-2966
-3259
-3596
-3405
-3099
-3350
-3677
-3911
-3863
-3510
-3492
-3664
-4797
-2921
-1649
-2723
-4108
-4000
-1221
-1167
-2094
-2884
-1427
-30
177
292
-428
730
2475
3123
2390
1660
3140
5020
5198
4062
3451
3891
5033
5467
4636
3595
3186
3865
4360
4133
2657
1893
2317
2553
2313
1084
314
44
-77
-92
-665
-1690
-2221
-2095
-2173
-2626
-2855
-3051
-3487
-3547
-3120
-3094
-3491
-3813
-4000
-3553
-3467
-3374
-4536
-3688
-1839
-2375
-3592
-4278
-1909
-1026
-1829
-2707
-1829
-220
64
322
-266
345
2063
3089
2657
1695
2643
4648
5391
4303
3551
3576
4728
5555
4858
3885
3020
3694
4290
4374
3085
1928
2239
2515
2564
1399
477
119
-94
-82
-536
-1457
-2233
-2183
-2200
-2587
-2852
-2927
-3337
-3670
-3336
-3044
-3366
-3754
-4099
-3754
-3506
-3338
-4145
-4105
-2197
-2361
-3155
-4210
-2430
-1056
-1691
-2472
-2070
-321
-25
299
-161
176
1721
2985
2943
1851
2316
4223
5405
4596
3743
3408
4369
5507
5175
4217
2983
3368
4157
4528
3375
1913
1954
2355
2606
1634
490
27
-146
-57
-428
-1384
-2294
-2288
-2157
-2560
-2936
-3020
-3170
-3627
-3457
-3126
-3373
-3598
-3958
-3778
-3584
-3314
-3751
-4041
-2236
-2275
-2892
-3918
-2573
-820
-1538
-2299
-2156
-201
141
280
-56
74
1596
2883
3094
1964
2033
3900
5238
4730
3791
3180
4081
5169
5251
4323
2964
3036
3834
4445
3368
1983
1650
2108
2488
1677
568
-49
-121
-72
-304
-1178
-2180
-2225
-1988
-2337
-2878
-2979
-2924
-3451
-3429
-3044
-3245
-3401
-3716
-3758
-3563
-3365
-3551
-3958
-2324
-2256
-2906
-3840
-2859
-832
-1518
-2441
-2484
-427
111
51
-244
-193
1320
2682
2998
1935
1733
3633
5069
4872
3753
2985
3983
5131
5366
4308
3123
3066
4034
4513
3432
2228
1893
2332
2618
1784
669
229
198
90
-309
-1028
-1870
-2013
-1800
-2238
-2831
-2879
-2772
-3337
-3584
-3002
-3183
-3307
-3688
-3883
-3571
-3495
-3563
-3959
-2471
-2477
-3009
-3792
-3056
-1075
-1601
-2498
-2633
-706
24
-155
-400
-303
1156
2477
2857
1948
1653
3469
4943
4947
3777
2901
3928
5172
5444
4216
3175
3079
4171
4565
3450
2271
2062
2560
2727
1915
651
416
425
352
-256
-960
-1670
-1847
-1606
-2118
-2716
-2781
-2702
-3238
-3605
-3071
-3176
-3350
-3707
-3984
-3701
-3625
-3710
-3842
-2553
-2818
-3281
-3738
-2917
-1284
-1862
-2643
-2551
-677
4
-286
-565
-219
1388
2507
2774
1841
1797
3683
4972
5012
3602
3102
4079
5308
5414
4074
3283
3160
4282
4355
3321
2267
2134
2625
2514
1855
597
431
365
211
-319
-1049
-1616
-1939
-1777
-2315
-2701
-2667
-2871
-3386
-3681
-3149
-3244
-3338
-3802
-4125
-3817
-3589
-3683
-3643
-2429
-2984
-3351
-3630
-2408
-1156
-2062
-2770
-2236
-291
99
-307
-627
5
1791
2823
2786
1750
1998
4119
5123
4975
3412
3240
4326
5232
5307
3920
3281
3268
4235
4118
3000
2278
2111
2559
2205
1550
568
316
237
-88
-477
-1177
-1607
-1971
-2030
-2565
-2665
-2479
-2961
-3530
-3627
-3102
-3152
-3110
-3783
-4130
-3810
-3421
-3599
-3288
-2339
-3090
-3412
-3566
-1854
-1119
-2327
-2956
-1905
-42
5
-415
-757
162
1983
2992
2684
1601
2226
4392
5208
4712
3314
3296
4418
5118
5156
3812
3148
3429
4270
4107
2775
2217
2193
2629
2164
1301
545
218
248
-117
-589
-1408
-1799
-1935
-2196
-2733
-2763
-2561
-3086
-3660
-3567
-3193
-3147
-3102
-3802
-4066
-3922
-3449
-3616
-2838
-2506
-3342
-3583
-3342
-1294
-1329
-2569
-2913
-1294
271
2
-414
-608
711
2436
3149
2542
1673
2853
4844
5251
4465
3320
3652
4643
5256
4923
3597
3159
3606
4497
3918
2517
1948
2319
2694
2027
999
248
165
192
-119
-881
-1802
-2086
-1969
-2325
-2935
-2934
-2774
-3228
-3748
-3511
-3281
-3271
-3377
-3870
-4052
-4070
-3692
-3640
-2546
-2966
-3677
-3833
-3007
-1153
-1814
-2800
-2768
-686
389
-42
-520
-302
1422
2803
3115
2279
1912
3609
5217
5216
4203
3452
4239
5076
5501
4617
3571
3429
3944
4743
3691
2369
1879
2561
2748
1882
769
47
199
123
-177
-1139
-2129
-2262
-2027
-2442
-3126
-3119
-2970
-3406
-3815
-3510
-3388
-3473
-3726
-3865
-4146
-4080
-3914
-3300
-2414
-3358
-3714
-3821
-2371
-1313
-2080
-2924
-2405
-146
409
-107
-743
170
2065
2996
2944
1953
2298
4206
5497
5046
3704
3594
4649
5497
5273
4136
3475
3557
4225
4485
3302
2028
1969
2623
2523
1580
498
87
81
-1
-356
-1256
-2229
-2248
-2027
-2556
-3038
-3059
-3010
-3578
-3727
-3351
-3331
-3573
-3858
-3787
-4073
-3914
-3952
-2763
-2487
-3420
-3677
-3554
-1816
-1495
-2191
-3082
-1881
102
369
-381
-906
609
2405
3101
2624
1805
2653
4637
5642
4788
3309
3620
4884
5628
4941
3754
3308
3511
4360
4232
2904
1773
2035
2631
2287
1314
404
87
-66
-89
-424
-1340
-2244
-2156
-2077
-2588
-2833
-2837
-3103
-3712
-3533
-3130
-3252
-3669
-3890
-3814
-3914
-3774
-3958
-2546
-2717
-3423
-3793
-3313
-1552
-1677
-2370
-3122
-1324
181
260
-590
-809
1012
2583
3221
2413
1867
3026
4951
5702
4571
3310
3709
5089
5612
4803
3706
3236
3532
4407
4200
2663
1726
2053
2589
2146
1118
373
-99
-224
-167
-487
-1581
-2368
-2175
-2230
-2615
-2796
-2774
-3299
-3772
-3328
-3025
-3309
-3720
-3869
-3847
-3776
-3653
-3913
-2584
-2812
-3402
-3874
-3245
-1476
-1812
-2597
-3063
-1052
165
46
-658
-700
1151
2580
3186
2297
1813
3257
5021
5653
4344
3392
3818
5175
5593
4719
3815
3181
3723
4460
4270
2616
1809
2177
2592
2216
1040
415
-142
-168
-122
-532
-1729
-2424
-2104
-2261
-2637
-2874
-2858
-3340
-3744
-3244
-3152
-3405
-3637
-3880
-3845
-3866
-3604
-3882
-2587
-2695
-3397
-3853
-3248
-1342
-1760
-2690
-2965
-993
254
32
-546
-583
1120
2689
3192
2338
1764
3350
5119
5597
4354
3342
3865
5148
5596
4686
3674
3077
3731
4453
4106
2465
1728
2071
2473
2119
868
243
-228
-157
-247
-700
-1860
-2463
-2079
-2252
-2704
-2926
-2862
-3273
-3624
-3206
-3133
-3275
-3421
-3773
-3723
-3776
-3468
-3738
-2456
-2547
-3271
-3799
-3148
-1221
-1683
-2697
-2971
-935
200
22
-574
-558
1071
2633
3164
2213
1758
3286
5109
5427
4254
3381
3713
5117
5440
4720
3576
3043
3723
4417
4090
2413
1875
2080
2505
2139
950
317
-125
-67
-218
-654
-1763
-2318
-2033
-2224
-2681
-2825
-2744
-3265
-3656
-3211
-3025
-3185
-3470
-3827
-3813
-3713
-3461
-3781
-2575
-2739
-3310
-3881
-3170
-1329
-1825
-2807
-3050
-923
19
-127
-653
-547
1102
2534
3184
2136
1785
3290
5164
5365
4159
3555
3741
5148
5401
4836
3742
3075
3768
4504
4238
2456
1997
2189
2593
2247
1031
384
-63
33
-56
-583
-1774
-2238
-1953
-2126
-2631
-2823
-2776
-3260
-3683
-3280
-3038
-3270
-3624
-3932
-3948
-3805
-3532
-3917
-2712
-2963
-3457
-3953
-3291
-1534
-2057
-2934
-3172
-1061
-246
-355
-769
-635
1015
2369
3094
2073
1739
3262
5157
5385
4126
3720
3908
5218
5527
5031
4075
3204
3886
4698
4526
2732
2122
2354
2720
2536
1223
523
-11
188
254
-389
-1693
-2264
-1829
-1952
-2453
-2867
-2924
-3298
-3658
-3302
-3188
-3411
-3808
-4036
-4038
-3996
-3699
-4095
-2821
-3152
-3626
-4085
-3417
-1699
-2217
-3007
-3254
-1129
-367
-405
-813
-653
1013
2318
3037
2086
1754
3289
5169
5488
4188
3851
4080
5260
5623
5120
4262
3372
3884
4710
4599
2958
2164
2331
2627
2577
1364
474
-110
27
273
-352
-1677
-2475
-2059
-1994
-2380
-2922
-3179
-3489
-3697
-3234
-3227
-3471
-3918
-4114
-3996
-3880
-3694
-4109
-2815
-3093
-3557
-4035
-3287
-1690
-2206
-2937
-3038
-995
-294
-349
-681
-474
1171
2404
3000
2102
1820
3426
5163
5458
4238
3783
4172
5166
5602
4976
4088
3425
3822
4674
4400
2986
2101
2298
2585
2468
1425
304
-187
-90
201
-385
-1722
-2520
-2265
-2043
-2317
-2829
-3249
-3591
-3638
-3092
-3141
-3477
-3928
-4096
-3988
-3751
-3618
-4036
-2772
-3075
-3525
-4049
-3106
-1641
-2276
-3010
-2901
-830
-229
-348
-679
-322
1339
2555
3036
2057
1893
3624
5281
5370
4238
3682
4116
5249
5530
4864
3753
3278
3926
4649
4242
2625
2034
2233
2705
2317
1163
171
-295
79
77
-545
-1881
-2402
-2117
-2065
-2369
-2869
-3071
-3481
-3521
-3071
-3186
-3459
-3809
-3921
-4044
-3801
-3570
-3827
-2625
-3106
-3574
-4052
-2969
-1522
-2312
-3114
-2894
-737
-165
-369
-788
-361
1397
2621
3004
1951
1888
3682
5371
5160
4125
3565
4032
5277
5450
4739
3560
3194
3954
4693
4109
2446
1934
2275
2800
2334
1000
140
-194
240
226
-582
-1860
-2221
-1862
-1901
-2372
-2862
-2938
-3265
-3410
-3066
-3213
-3467
-3689
-3823
-4028
-3835
-3592
-3784
-2628
-3078
-3580
-4060
-3038
-1556
-2257
-3143
-2980
-855
-193
-336
-842
-472
1255
2608
2986
1945
1871
3612
5422
5105
4048
3518
4016
5337
5416
4693
3520
3283
3950
4690
3961
2391
1921
2272
2750
2248
955
125
-49
204
206
-607
-1797
-2119
-1774
-1861
-2392
-2854
-2868
-3145
-3366
-3071
-3194
-3371
-3542
-3757
-3974
-3732
-3426
-3721
-2600
-3020
-3375
-3916
-3045
-1599
-2214
-3023
-3029
-934
-371
-372
-865
-506
1053
2400
2885
1889
1819
3396
5246
5002
3943
3441
3854
5165
5362
4620
3538
3201
3938
4697
3999
2386
1900
2353
2762
2387
992
175
37
322
241
-591
-1761
-2088
-1630
-1809
-2350
-2852
-2782
-3012
-3303
-3032
-3171
-3296
-3471
-3677
-3907
-3753
-3337
-3658
-2538
-3012
-3421
-3843
-3051
-1602
-2278
-3031
-3082
-977
-362
-518
-918
-595
1052
2358
2850
1819
1731
3368
5158
5103
3830
3396
3792
5183
5452
4585
3499
3167
4047
4724
4095
2363
1917
2414
2861
2434
1017
151
46
399
154
-653
-1855
-2138
-1693
-1884
-2467
-2966
-2823
-3076
-3359
-3177
-3201
-3351
-3563
-3715
-3909
-3807
-3433
-3613
-2577
-2932
-3508
-3825
-3030
-1556
-2189
-2973
-2992
-972
-163
-458
-855
-581
1126
2512
2909
1876
1677
3428
5197
5151
3897
3225
3856
5212
5638
4531
3336
3180
4073
4864
3938
2379
1861
2501
2963
2422
1043
123
225
503
208
-687
-1764
-2010
-1673
-1884
-2541
-2932
-2800
-3030
-3392
-3271
-3224
-3338
-3554
-3797
-3978
-3890
-3519
-3684
-2643
-3065
-3582
-3908
-3073
-1636
-2238
-2986
-3027
-965
-208
-386
-845
-581
1165
2517
2965
1912
1762
3450
5236
5164
3955
3387
3830
5216
5547
4664
3426
3115
3968
4688
4036
2349
1876
2264
2813
2407
1036
172
38
425
189
-605
-1724
-2046
-1705
-1863
-2490
-2944
-2829
-3004
-3327
-3244
-3274
-3340
-3462
-3734
-3987
-3898
-3502
-3651
-2535
-3010
-3528
-3859
-3040
-1536
-2171
-2944
-3025
-945
-218
-368
-806
-558
1165
2462
2923
1961
1800
3470
5180
5104
3970
3498
3901
5032
5279
4643
3628
3103
3740
4432
4071
2518
1926
2059
2614
2384
1164
278
-99
248
198
-409
-1663
-2098
-1765
-1720
-2309
-2909
-2833
-3011
-3174
-3114
-3226
-3396
-3463
-3639
-3927
-3829
-3578
-3698
-2507
-2854
-3476
-3913
-3180
-1522
-2041
-2939
-3099
-1092
-230
-355
-841
-661
1019
2375
2919
1958
1689
3338
5168
5099
4057
3401
3845
5054
5228
4638
3563
3098
3719
4499
3989
2520
1976
2108
2647
2293
1102
274
-16
240
140
-521
-1697
-2063
-1748
-1726
-2348
-2969
-2822
-2950
-3175
-3092
-3220
-3376
-3416
-3576
-3859
-3785
-3513
-3716
-2476
-2700
-3369
-3842
-3267
-1473
-1790
-2760
-3061
-1148
-132
-174
-663
-648
905
2317
3017
2102
1648
3108
5061
5156
4105
3505
3581
4978
5228
4706
3574
2918
3635
4425
4125
2397
1937
2077
2593
2321
1023
274
-52
278
101
-581
-1727
-2083
-1686
-1828
-2413
-3061
-2798
-2847
-3256
-3197
-3256
-3276
-3357
-3569
-3901
-3835
-3362
-3632
-2535
-2698
-3407
-3741
-3241
-1486
-1704
-2686
-3038
-1222
-44
-99
-504
-625
819
2309
3076
2297
1643
2960
4850
5267
4161
3662
3549
4728
5305
4759
3882
2913
3503
4139
4228
2648
1863
2009
2234
2355
1170
425
-139
36
-6
-507
-1489
-2200
-1887
-2001
-2374
-2955
-2888
-2945
-3359
-3252
-3228
-3237
-3410
-3671
-3918
-3828
-3286
-3503
-2547
-2664
-3399
-3676
-3103
-1411
-1675
-2650
-2960
-1225
25
-53
-422
-589
826
2344
3102
2390
1700
2945
4711
5194
4180
3636
3619
4501
5114
4643
3904
3099
3302
3770
3959
2841
1944
1881
1897
2081
1398
619
-100
-225
-176
-346
-1141
-2048
-2103
-2048
-2166
-2539
-2732
-3029
-3304
-3071
-2912
-3055
-3407
-3688
-3835
-3678
-3247
-3451
-2534
-2653
-3314
-3713
-3078
-1388
-1722
-2703
-3023
-1234
-56
-96
-535
-696
734
2260
3084
2298
1620
2873
4695
5074
4110
3507
3658
4381
4967
4540
3765
3191
3253
3658
3789
2873
2051
1923
1835
1904
1459
728
-71
-304
-286
-350
-1043
-1934
-2135
-2161
-2139
-2347
-2585
-3040
-3347
-3038
-2798
-2877
-3359
-3669
-3769
-3654
-3135
-3463
-2628
-2589
-3118
-3632
-3174
-1349
-1603
-2561
-3045
-1300
-70
-28
-442
-731
556
2072
3146
2367
1527
2625
4597
5085
4168
3557
3581
4270
4949
4716
3799
3171
3229
3696
3952
2950
2106
1943
1944
2007
1525
791
-52
-177
-215
-325
-1041
-1849
-1964
-2142
-2164
-2421
-2540
-2912
-3281
-3171
-2990
-2879
-3282
-3573
-3828
-3820
-3187
-3504
-2987
-2572
-3051
-3654
-3518
-1618
-1498
-2481
-3140
-1746
-252
-93
-278
-801
139
1660
3058
2607
1465
2232
4171
5142
4329
3862
3609
4044
4959
5017
4330
3339
3219
3658
4263
3464
2357
2007
1896
2209
1835
1062
98
-186
-101
-175
-822
-1751
-1931
-2124
-2183
-2427
-2655
-2881
-3282
-3312
-3202
-3031
-3308
-3561
-3860
-4020
-3361
-3568
-3409
-2526
-2918
-3666
-3894
-2095
-1293
-2232
-3112
-2265
-457
-78
-55
-662
-275
1350
2916
3008
1661
1983
3702
5185
4632
4061
3800
3733
4930
4999
4827
3527
3195
3300
4133
3890
2559
2105
1555
2140
1937
1368
304
-309
-220
-144
-472
-1579
-1972
-2168
-2213
-2324
-2659
-2822
-3277
-3374
-3232
-2992
-3220
-3493
-3766
-3995
-3477
-3415
-3642
-2511
-2655
-3521
-3989
-2645
-1167
-1895
-2871
-2688
-779
-51
70
-420
-621
896
2723
3303
2057
1675
3247
5041
5040
4256
3708
3518
4686
5266
4907
3723
3033
3212
3966
3965
2706
2011
1612
1921
1992
1277
449
-236
-317
-256
-533
-1379
-2001
-2118
-2332
-2471
-2732
-2807
-3152
-3552
-3376
-3062
-3135
-3370
-3752
-3940
-3631
-3200
-3658
-2712
-2397
-3241
-3732
-3068
-1255
-1505
-2422
-2735
-1130
-19
252
-19
-568
498
2394
3490
2620
1740
2773
4765
5227
4676
3856
3423
4256
5369
5121
4017
3004
3027
3819
3992
2933
1911
1596
1677
1981
1269
430
-213
-421
-385
-630
-1304
-2003
-2124
-2327
-2543
-2830
-2875
-2989
-3514
-3514
-3221
-3135
-3265
-3610
-3880
-3744
-3189
-3558
-2965
-2266
-2919
-3507
-3286
-1626
-1233
-2006
-2633
-1526
-149
349
300
-382
183
1899
3396
3058
1959
2391
4146
5250
4795
4239
3475
3825
5027
5211
4490
3178
2841
3325
4115
3302
2084
1469
1360
1915
1485
609
-300
-570
-515
-511
-1100
-2057
-2193
-2302
-2399
-2750
-2959
-2920
-3306
-3464
-3286
-3164
-3187
-3414
-3684
-3730
-3252
-3389
-3285
-2152
-2532
-3258
-3495
-2122
-1080
-1616
-2409
-2043
-453
303
561
-111
-152
1303
3068
3402
2257
2021
3420
4988
5002
4388
3514
3424
4572
5206
4720
3443
2672
2948
4009
3700
2390
1437
1290
1849
1764
881
-119
-521
-516
-368
-791
-1812
-2186
-2117
-2222
-2531
-2887
-2825
-3046
-3312
-3240
-3142
-3095
-3201
-3473
-3662
-3348
-3211
-3511
-2406
-2152
-3030
-3627
-2859
-1270
-1354
-2266
-2563
-1152
-15
462
85
-479
540
2421
3432
2550
1756
2659
4495
5078
4570
3583
3093
4122
5107
4957
3777
2704
2789
3777
4100
2893
1670
1361
1869
2153
1302
315
-352
-322
-190
-447
-1396
-2119
-1970
-1981
-2273
-2809
-2809
-2901
-3148
-3186
-3142
-3118
-3148
-3304
-3587
-3487
-3231
-3555
-2873
-2019
-2689
-3538
-3379
-1783
-1157
-1968
-2705
-1767
-403
290
232
-425
28
1752
3231
2876
1901
2180
3957
5040
4779
3956
3031
3730
4891
5177
4186
2848
2652
3431
4264
3316
1859
1318
1704
2308
1649
555
-319
-303
-59
-271
-1142
-2154
-2050
-1828
-2078
-2782
-2965
-2804
-2959
-3112
-3162
-3164
-3162
-3171
-3424
-3573
-3397
-3483
-3251
-2093
-2447
-3326
-3585
-2351
-1184
-1688
-2563
-2267
-766
67
264
-290
-276
1187
2837
3041
2120
1950
3440
4881
4905
4258
3223
3520
4748
5360
4610
3145
2746
3400
4409
3679
2128
1438
1833
2440
1897
708
-164
-130
88
-189
-1064
-2053
-2083
-1753
-2075
-2932
-3194
-2815
-2836
-3220
-3387
-3376
-3281
-3175
-3426
-3701
-3744
-3495
-3541
-2401
-2345
-3262
-3629
-2910
-1282
-1458
-2299
-2550
-1114
-9
305
30
-364
805
2485
3235
2504
1914
3005
4666
5057
4533
3603
3432
4455
5387
4995
3686
2840
3334
4272
4048
2612
1584
1869
2303
2090
949
147
-116
-7
-174
-903
-1761
-2152
-1833
-2117
-2902
-3262
-2872
-2830
-3304
-3538
-3510
-3342
-3225
-3400
-3716
-3958
-3535
-3620
-2769
-2236
-3109
-3560
-3376
-1522
-1202
-1971
-2661
-1527
-128
274
329
-312
464
2036
3271
2905
2010
2551
4218
5181
4732
3957
3358
4057
5145
5180
4172
2977
3120
3864
4163
3119
1853
1758
2000
2042
1215
445
-96
-275
-324
-799
-1479
-2157
-2014
-2186
-2840
-3246
-2885
-2800
-3330
-3608
-3528
-3274
-3146
-3282
-3640
-3940
-3515
-3411
-2987
-2118
-2783
-3236
-3439
-1793
-946
-1564
-2451
-1821
-180
297
527
-104
262
1681
3126
3227
2227
2240
3772
5097
5090
3963
3302
3736
4987
5170
4265
3043
2844
3743
3966
3282
1904
1693
1889
1919
1215
375
7
-297
-384
-938
-1453
-2039
-2040
-2097
-2891
-3324
-2945
-2579
-3214
-3668
-3542
-3323
-2915
-3128
-3587
-3912
-3574
-3186
-3131
-2122
-2649
-3019
-3349
-2167
-914
-1474
-2259
-2134
-388
239
469
0
55
1399
2816
3274
2405
2088
3458
4828
5250
4125
3235
3649
4799
5249
4328
3248
2795
3712
4033
3376
2174
1719
2027
2040
1438
452
85
-60
-242
-831
-1422
-1882
-2013
-1975
-2722
-3377
-3100
-2616
-3087
-3694
-3613
-3501
-3055
-3059
-3666
-3840
-3745
-3216
-3326
-2280
-2432
-3027
-3274
-2667
-972
-1377
-2074
-2308
-725
195
462
220
-26
1176
2516
3316
2634
2186
3177
4609
5211
4463
3440
3507
4601
5125
4638
3442
2790
3450
3897
3534
2404
1752
1847
2019
1606
671
174
-113
-228
-744
-1311
-1777
-2098
-2031
-2539
-3223
-3135
-2719
-3038
-3636
-3592
-3519
-3153
-3031
-3622
-3744
-3726
-3271
-3315
-2347
-2202
-2953
-3230
-2851
-1058
-1148
-1963
-2301
-937
181
480
308
-84
974
2376
3306
2732
2170
2938
4495
5140
4672
3612
3307
4490
5054
4910
3599
2721
3252
3805
3694
2551
1790
1652
2001
1701
769
227
-221
-247
-717
-1292
-1821
-2176
-2143
-2497
-3205
-3293
-2763
-3035
-3647
-3744
-3557
-3213
-3001
-3591
-3840
-3788
-3283
-3337
-2332
-2181
-2915
-3211
-2875
-1055
-1005
-1806
-2305
-889
250
578
425
-93
936
2442
3417
2928
2127
2879
4492
5238
4802
3785
3258
4323
5168
4955
3883
2697
3112
3691
3781
2712
1775
1554
1789
1777
781
229
-351
-398
-701
-1279
-1770
-2264
-2231
-2547
-3169
-3366
-2870
-2983
-3683
-3819
-3585
-3246
-3023
-3527
-3892
-3833
-3277
-3330
-2632
-2051
-2879
-3185
-3101
-1356
-872
-1740
-2301
-1265
143
475
572
-83
628
2213
3398
3166
2213
2619
4283
5248
4949
4185
3258
4054
5066
5132
4326
3006
2916
3491
3986
3119
1994
1462
1587
1873
1142
371
-328
-600
-602
-972
-1539
-2205
-2341
-2456
-2943
-3238
-2986
-2974
-3591
-3801
-3524
-3285
-3135
-3422
-3855
-3827
-3315
-3276
-3049
-1996
-2590
-3142
-3314
-1863
-779
-1521
-2261
-1751
-166
391
695
58
238
1716
3272
3403
2425
2287
3807
5199
5080
4597
3314
3685
4818
5253
4654
3286
2691
3127
4067
3451
2174
1279
1326
1853
1487
493
-375
-735
-639
-703
-1374
-2179
-2456
-2352
-2620
-3187
-3152
-2942
-3285
-3669
-3493
-3261
-3129
-3130
-3613
-3759
-3365
-3066
-3256
-2038
-2053
-2909
-3261
-2376
-722
-1133
-2012
-2128
-608
312
663
325
-151
1044
2815
3525
2630
1951
3034
4815
5061
4671
3455
3166
4350
5141
4776
3507
2629
2802
3887
3787
2498
1471
1319
1837
1826
859
-79
-513
-511
-485
-1020
-1859
-2301
-2158
-2278
-2956
-3213
-2868
-2907
-3393
-3517
-3244
-3141
-2961
-3317
-3713
-3581
-3074
-3360
-2717
-1759
-2644
-3132
-3139
-1338
-861
-1633
-2308
-1492
-53
392
632
-187
266
1915
3338
3085
2050
2277
4023
4988
4812
3929
3018
3714
4871
4994
4003
2948
2618
3476
3966
3171
1936
1449
1606
1895
1360
387
-202
-560
-430
-691
-1301
-2040
-2175
-2132
-2604
-2984
-2884
-2720
-3126
-3398
-3171
-3054
-2960
-3036
-3457
-3557
-3186
-3136
-3395
-2053
-2121
-2761
-3395
-2522
-976
-1159
-1963
-2311
-877
-21
597
194
-293
757
2460
3308
2501
1837
2859
4476
4922
4422
3362
3186
4303
5062
4604
3546
2783
2988
3830
3727
2747
1712
1442
1669
1736
1081
217
-441
-650
-424
-742
-1481
-2183
-2232
-2315
-2646
-2798
-2762
-2990
-3374
-3204
-3000
-3040
-3030
-3250
-3471
-3347
-3082
-3476
-2954
-1830
-2363
-3079
-3442
-1789
-814
-1453
-2405
-1943
-388
290
650
-224
-120
1467
3101
3235
1984
1996
3609
5021
4904
3997
3164
3636
4962
5072
4300
3098
2762
3392
3993
3400
2083
1403
1424
1846
1543
691
-176
-662
-506
-440
-990
-1919
-2302
-2235
-2413
-2793
-2847
-2873
-3266
-3392
-3184
-3083
-3130
-3149
-3386
-3446
-3238
-3165
-3473
-2274
-1852
-2565
-3383
-2883
-1011
-888
-1832
-2480
-1138
34
666
411
-433
457
2297
3523
2696
1685
2414
4411
5081
4483
3530
3023
4188
5082
4833
3647
2702
2846
3658
3956
2636
1546
1279
1685
1914
1130
258
-478
-474
-371
-577
-1441
-2145
-2090
-2177
-2586
-2951
-2745
-2886
-3242
-3352
-3148
-3053
-3085
-3186
-3432
-3475
-3054
-3293
-3076
-1850
-2080
-2795
-3429
-1942
-762
-1137
-2213
-2005
-439
307
865
52
-168
1214
3017
3454
2206
1783
3197
4918
4787
4087
3291
3258
4593
4966
4416
3110
2636
2915
3839
3454
1957
1296
1186
1762
1524
676
-323
-695
-605
-514
-987
-1990
-2258
-2193
-2357
-2867
-2933
-2772
-2975
-3265
-3268
-2971
-3046
-3001
-3195
-3443
-3283
-2960
-3305
-2448
-1667
-2270
-3070
-2926
-1090
-728
-1445
-2288
-1245
20
683
797
-210
334
1983
3487
3029
1791
2214
3985
5075
4344
3848
3171
3660
4873
4726
3971
2850
2668
3213
3828
2904
1650
1266
1293
1781
1259
270
-542
-813
-548
-607
-1363
-2234
-2278
-2206
-2452
-2862
-2923
-2834
-3040
-3234
-3093
-3040
-3069
-3014
-3228
-3407
-3203
-3194
-3222
-1870
-1826
-2688
-3455
-2300
-745
-966
-1861
-2277
-750
206
924
327
-345
829
2615
3576
2368
1737
2835
4574
4911
3995
3688
3047
4293
4856
4432
3552
2648
2939
3385
3703
2336
1626
1193
1504
1793
899
67
-757
-616
-394
-673
-1690
-2352
-2111
-2089
-2295
-2904
-2926
-2853
-2948
-2980
-3063
-3135
-3042
-2926
-3088
-3343
-3197
-3483
-2624
-1391
-2021
-3203
-3478
-1520
-584
-1118
-2360
-1968
-375
560
887
-251
-227
1348
3194
3163
1840
1910
3458
4883
4405
3751
3154
3419
4565
4488
3907
3010
2815
2951
3453
3015
2056
1509
1255
1604
1346
632
-143
-609
-533
-468
-993
-1911
-2210
-2015
-2052
-2508
-2919
-2753
-2755
-2887
-3014
-3047
-3022
-2810
-2863
-3093
-3269
-3269
-3302
-1955
-1235
-2337
-3469
-3026
-908
-428
-1436
-2509
-1569
24
926
702
-506
14
1942
3441
2836
1666
2164
3954
4876
4254
3532
3192
3760
4528
4277
3575
3042
2757
2975
3299
2667
1826
1387
1355
1376
1014
362
-202
-550
-655
-778
-1377
-2025
-2107
-2022
-2429
-2913
-2836
-2531
-2688
-3148
-3234
-2999
-2735
-2608
-2979
-3230
-3308
-3062
-2885
-1608
-1489
-2630
-3332
-2447
-529
-584
-1642
-2445
-1150
380
1053
443
-612
385
2300
3436
2537
1565
2341
4046
4842
4077
3568
3161
3853
4556
4198
3592
2894
2637
3048
3444
2438
1610
1328
1423
1431
910
221
-244
-445
-611
-801
-1548
-2023
-1865
-2015
-2596
-3010
-2642
-2359
-2694
-3272
-3201
-2913
-2624
-2628
-3043
-3363
-3257
-2936
-2753
-1596
-1867
-2767
-3296
-2128
-590
-865
-1941
-2469
-843
406
858
27
-587
675
2475
3277
2189
1588
2576
4252
4716
3896
3604
3191
4116
4584
4150
3569
2772
2787
3183
3417
2212
1606
1387
1430
1480
774
193
-302
-457
-581
-813
-1546
-1937
-1772
-2049
-2525
-2872
-2467
-2331
-2737
-3118
-2978
-2748
-2631
-2683
-3039
-3257
-3036
-2919
-2688
-1613
-1873
-2729
-3246
-1971
-634
-930
-2100
-2302
-700
343
667
-159
-509
717
2507
3029
1916
1519
2660
4318
4347
3699
3306
3090
4109
4373
3968
3194
2699
2846
3312
3187
2066
1655
1424
1629
1483
730
129
-192
-294
-465
-840
-1494
-1747
-1657
-1903
-2453
-2739
-2360
-2253
-2669
-2991
-2847
-2699
-2566
-2678
-3039
-3171
-2950
-2871
-2696
-1587
-1806
-2672
-3252
-1983
-566
-910
-2055
-2227
-675
350
675
-86
-553
665
2495
2990
1847
1406
2691
4211
4241
3633
3100
3105
3981
4249
3825
3069
2739
2839
3240
2999
2243
1634
1397
1607
1413
720
99
-167
-375
-509
-899
-1418
-1840
-1806
-1921
-2411
-2686
-2455
-2362
-2711
-2881
-2830
-2755
-2620
-2670
-2948
-3040
-2962
-2906
-2691
-1537
-1636
-2624
-3289
-2060
-455
-772
-1899
-2195
-639
439
868
87
-525
728
2548
3124
1910
1476
2733
4129
4357
3544
3250
3143
3894
4214
3821
3266
2716
2792
2936
3169
2396
1613
1279
1440
1449
784
175
-405
-512
-531
-722
-1389
-2104
-1998
-1919
-2231
-2710
-2664
-2585
-2689
-2739
-2854
-2861
-2822
-2659
-2882
-2999
-3062
-2961
-2751
-1689
-1516
-2623
-3325
-2315
-562
-710
-1872
-2261
-864
443
841
89
-533
660
2509
3148
2025
1527
2689
4208
4429
3706
3363
3179
3991
4405
4071
3289
2760
2825
3164
3229
2342
1613
1375
1520
1438
851
125
-353
-450
-469
-786
-1402
-1985
-1929
-1891
-2245
-2695
-2703
-2543
-2610
-2704
-2873
-2834
-2793
-2539
-2839
-2925
-2957
-2863
-2753
-1871
-1324
-2395
-3181
-2638
-754
-607
-1698
-2392
-1303
220
650
86
-731
211
2012
2970
2122
1359
2304
3799
4364
3782
3164
3027
3812
4390
3957
3237
2734
2987
3150
2970
2319
1868
1697
1495
1360
891
532
148
-156
-565
-806
-908
-1311
-1660
-1990
-2170
-2377
-2324
-2357
-2608
-2778
-2782
-2575
-2620
-2551
-2898
-2764
-2711
-2750
-2791
-2242
-1275
-1943
-2906
-2966
-1339
-522
-1402
-2362
-1860
-315
424
116
-772
-451
1236
2612
2348
1350
1709
3163
4226
3926
3110
2969
3537
4085
3997
3420
3024
2899
2875
2866
2679
2321
1717
1373
1193
1195
1014
498
-207
-730
-536
-323
-818
-1755
-2091
-1980
-1921
-2070
-2410
-2685
-2775
-2560
-2406
-2535
-2731
-2826
-2595
-2482
-2613
-2803
-2599
-1370
-1433
-2450
-3087
-1918
-531
-991
-1996
-2159
-780
189
351
-514
-786
553
2236
2605
1430
1236
2501
3990
3990
3091
2788
2975
3836
4132
3592
2925
2508
2782
3051
3076
2256
1448
1335
1471
1542
983
330
-272
-420
-230
-197
-908
-1804
-1862
-1619
-1698
-2186
-2468
-2509
-2467
-2382
-2388
-2561
-2729
-2520
-2453
-2411
-2611
-2765
-2791
-1682
-1145
-2140
-3081
-2557
-802
-703
-1686
-2381
-1429
-121
459
-99
-911
-61
1761
2757
1782
1058
1989
3632
4163
3417
2828
2807
3706
4349
3839
3056
2517
2906
3203
3261
2377
1456
1464
1667
1769
901
300
-108
-143
-189
-403
-905
-1676
-1645
-1474
-1729
-2296
-2457
-2243
-2282
-2426
-2480
-2553
-2581
-2338
-2414
-2523
-2617
-2660
-2777
-2196
-1228
-1811
-2812
-2994
-1432
-580
-1419
-2397
-2087
-649
266
91
-877
-705
1014
2479
2122
1072
1409
2976
4046
3703
2928
2782
3432
4115
3952
3341
2816
2880
3012
3177
2725
1979
1559
1647
1732
1279
821
314
6
-282
-176
-400
-1094
-1530
-1493
-1554
-1928
-2165
-2163
-2291
-2453
-2391
-2396
-2480
-2389
-2431
-2555
-2510
-2563
-2679
-2721
-1659
-1449
-2271
-3008
-2321
-824
-1107
-1987
-2396
-1412
-212
50
-525
-1087
112
1711
2291
1422
971
2216
3448
3905
3016
2790
3152
3542
4011
3436
3183
2760
2806
3056
2872
2536
1613
1638
1548
1622
1250
615
113
-307
60
-55
-549
-1382
-1508
-1350
-1519
-1814
-2229
-2233
-2289
-2155
-2226
-2381
-2379
-2326
-2320
-2372
-2400
-2626
-2787
-2234
-1274
-1745
-2668
-2893
-1593
-893
-1480
-2228
-2148
-861
-66
-102
-918
-686
755
2093
1954
1094
1446
2655
3750
3347
2974
2797
3131
3717
3676
3382
2705
2784
2794
3057
2611
1896
1550
1558
1725
1272
854
224
69
29
-2
-355
-1012
-1259
-1248
-1245
-1700
-2092
-2039
-1926
-1990
-2188
-2256
-2243
-2106
-2100
-2323
-2370
-2450
-2599
-2670
-1742
-1440
-2210
-3041
-2630
-1317
-1196
-1967
-2610
-1756
-632
-69
-551
-1103
-327
1245
2169
1510
1006
1740
3160
3733
3250
2929
2879
3435
3959
3753
3295
2811
2999
3010
3170
2472
1821
1765
1686
1698
1089
830
309
238
-20
-174
-440
-1068
-1146
-1269
-1456
-1966
-1954
-1753
-1935
-2127
-2354
-2104
-2148
-2068
-2302
-2520
-2349
-2568
-2583
-2714
-1574
-1749
-2700
-3172
-2397
-1171
-1675
-2354
-2594
-1457
-506
-336
-898
-1134
65
1581
1930
1079
1013
2159
3420
3535
3048
2779
3047
3691
3987
3619
3145
2862
2980
3234
3076
2426
1877
1831
1774
1673
1326
908
433
129
104
67
-345
-1041
-1235
-1250
-1500
-1741
-1806
-1824
-2131
-2193
-2063
-2098
-2272
-2313
-2453
-2369
-2424
-2608
-2926
-2624
-1487
-1896
-2842
-3308
-2116
-1144
-1682
-2483
-2476
-1285
-488
-322
-1061
-1054
307
1753
1792
1016
1269
2429
3493
3383
2931
2948
3224
3633
3951
3420
2993
2921
2938
3108
2921
2380
1774
1759
1678
1637
1371
669
240
105
218
92
-460
-1188
-1290
-1166
-1346
-1684
-1923
-1959
-2073
-1964
-2005
-2163
-2395
-2312
-2256
-2264
-2458
-2718
-2999
-2398
-1346
-1990
-2950
-3242
-1900
-1084
-1694
-2555
-2381
-1133
-402
-372
-1128
-962
512
1880
1744
1084
1405
2563
3551
3326
3043
2945
3243
3685
3881
3390
2869
2939
2898
3147
2884
2058
1699
1715
1795
1583
1039
372
199
321
216
-96
-805
-1154
-1074
-939
-1357
-1827
-1965
-1907
-1744
-1849
-2023
-2301
-2330
-2088
-2053
-2206
-2588
-2790
-2956
-2154
-1347
-2163
-3215
-3339
-1895
-1192
-1888
-2819
-2477
-1225
-476
-551
-1227
-984
473
1790
1627
1027
1414
2572
3451
3267
2997
3095
3287
3739
3732
3462
3197
3085
3092
3037
2882
2264
2042
1909
1815
1576
1134
770
454
431
178
-67
-601
-847
-832
-1011
-1321
-1779
-1827
-1730
-1668
-1847
-2111
-2259
-2277
-1954
-2089
-2336
-2752
-2938
-2868
-2190
-1567
-2473
-3460
-3507
-2103
-1284
-2143
-3048
-2733
-1388
-588
-642
-1289
-1177
304
1593
1688
1006
1265
2475
3303
3369
2858
3139
3387
3573
3624
3412
3559
3165
2923
2659
2969
2713
2272
1843
1605
1732
1546
1361
620
237
191
377
27
-664
-955
-1080
-1142
-1446
-1662
-1707
-1755
-1807
-2149
-2170
-2145
-2009
-2288
-2569
-2827
-2906
-2857
-2570
-1852
-2677
-3466
-3526
-2227
-1532
-2269
-3133
-2909
-1441
-622
-673
-1422
-1321
174
1712
1864
1033
1111
2360
3527
3723
3128
2912
3254
3835
4111
3633
3218
2940
3083
3015
2940
2608
2160
1977
1724
1782
1582
1341
736
261
189
346
202
-540
-1089
-1300
-1218
-1262
-1583
-1817
-2091
-1956
-1967
-2093
-2227
-2237
-2481
-2648
-2579
-2838
-2932
-3052
-2111
-2276
-3173
-3506
-2695
-1629
-2151
-2799
-2878
-1699
-757
-581
-1171
-1364
20
1616
2014
1088
1082
2280
3553
3781
3266
3025
3318
3793
4171
3735
3193
3002
3007
3121
2949
2725
2159
1912
1814
1807
1669
1298
764
190
153
401
299
-551
-1283
-1313
-1093
-1154
-1702
-1994
-2090
-2034
-1864
-1948
-2377
-2572
-2407
-2461
-2391
-2902
-3102
-3181
-2290
-1965
-2898
-3555
-3208
-1780
-1841
-2606
-2981
-1993
-954
-651
-931
-1330
-382
1183
1940
1292
919
1999
3283
3787
3245
3096
3412
3604
4003
3880
3412
3070
3019
3159
3242
2858
2334
1937
1999
2068
1888
1398
781
452
447
638
361
-467
-1097
-990
-866
-1044
-1636
-2031
-1919
-1817
-1805
-2015
-2353
-2702
-2382
-2415
-2473
-2894
-3274
-3331
-2689
-1911
-2780
-3541
-3647
-2328
-1749
-2403
-3010
-2647
-1432
-853
-758
-1293
-941
534
1668
1519
984
1653
2819
3597
3377
2994
3390
3516
3823
3723
3429
3265
3240
3130
3027
3026
2628
2359
2140
2161
1964
1751
1314
851
661
680
706
29
-768
-851
-703
-822
-1340
-1877
-1905
-1769
-1678
-1956
-2338
-2782
-2540
-2362
-2528
-2909
-3402
-3485
-3151
-2008
-2530
-3521
-4029
-2987
-1799
-2158
-3004
-3246
-2082
-1071
-628
-1129
-1313
-215
1335
1780
1291
1436
2369
3271
3581
3138
3400
3476
3583
3623
3479
3627
3410
3174
2746
3087
3120
2794
2326
1979
2033
2013
1927
1191
661
550
774
585
-392
-880
-888
-770
-1063
-1711
-1967
-1906
-1739
-1954
-2330
-2743
-2659
-2341
-2597
-2908
-3451
-3368
-3333
-2424
-2288
-3346
-3966
-3539
-1957
-1883
-2819
-3442
-2559
-1171
-597
-878
-1433
-787
864
1979
1695
1207
1856
2956
3758
3474
3168
3296
3409
3718
3678
3585
3399
3162
2920
3021
3164
2888
2468
2092
1920
1933
2002
1637
844
366
472
736
205
-651
-1083
-1117
-986
-1273
-1727
-1998
-2034
-1968
-2122
-2331
-2588
-2451
-2646
-2874
-3038
-3205
-3196
-3085
-2334
-2872
-3543
-3676
-2670
-1815
-2455
-3125
-2982
-1660
-801
-786
-1324
-1221
200
1651
1835
1203
1303
2508
3607
3675
3042
2847
3427
3859
3876
3365
3187
3431
3311
3056
2854
2929
2880
2515
1981
1688
2032
2122
1473
422
147
740
924
23
-1117
-1400
-973
-677
-1238
-2030
-2356
-2042
-1706
-1874
-2498
-2871
-2674
-2651
-2602
-3124
-3353
-3531
-2821
-2317
-3140
-3704
-3660
-2245
-2089
-2676
-3235
-2614
-1331
-908
-968
-1449
-677
739
1702
1427
1029
1814
2935
3531
3197
2844
3145
3570
3946
3611
3365
3300
3474
3324
3088
3210
3022
2863
2333
2196
2179
2285
1846
994
617
775
1090
459
-560
-1112
-903
-623
-1037
-1837
-2292
-2113
-1762
-1852
-2428
-3026
-2897
-2596
-2669
-3014
-3625
-3661
-3504
-2588
-2686
-3562
-4052
-3380
-2083
-2289
-2937
-3265
-2199
-1175
-848
-1082
-1171
-209
1061
1726
1389
1351
2203
3155
3454
3115
3028
3524
3884
3919
3460
3453
3697
3790
3337
2966
3254
3285
3069
2386
2047
2100
2351
1983
970
464
643
984
370
-705
-1269
-1106
-799
-1245
-2029
-2468
-2245
-1879
-2120
-2750
-3239
-2908
-2722
-2906
-3368
-3788
-3740
-3318
-2518
-2966
-3787
-3991
-2908
-1968
-2334
-3014
-2972
-1808
-919
-666
-1021
-941
146
1508
1865
1440
1496
2462
3366
3534
3243
3130
3645
3768
3918
3542
3555
3629
3527
3214
2991
3379
3118
2737
2155
2085
2209
2199
1596
693
438
679
815
-37
-1070
-1349
-1025
-928
-1587
-2229
-2434
-2153
-1970
-2302
-2844
-3203
-2808
-2755
-3007
-3473
-3712
-3614
-3095
-2444
-3118
-3854
-3819
-2585
-1803
-2380
-3056
-2754
-1446
-714
-690
-1065
-853
471
1722
1798
1258
1499
2677
3573
3534
3000
3066
3758
3850
3826
3429
3585
3628
3549
3147
3005
3331
3109
2783
2170
2111
2271
2304
1490
668
536
862
821
-142
-1079
-1241
-841
-886
-1560
-2211
-2328
-2022
-1907
-2311
-2923
-3142
-2767
-2776
-3114
-3599
-3716
-3643
-3045
-2558
-3394
-4048
-3815
-2495
-2025
-2725
-3220
-2663
-1427
-924
-986
-1273
-844
595
1618
1401
911
1570
2860
3504
3282
2735
3138
3836
4158
3805
3340
3627
3839
3971
3259
3084
3287
3377
3179
2429
2173
2272
2463
1722
891
611
841
814
-14
-945
-1209
-913
-930
-1543
-2204
-2355
-2141
-2048
-2478
-3045
-3192
-2924
-2943
-3316
-3774
-3827
-3773
-3044
-2693
-3522
-4254
-3855
-2471
-2172
-2884
-3374
-2617
-1427
-866
-1024
-1302
-687
794
1771
1361
936
1807
3047
3672
3251
2852
3233
4053
4578
3753
3326
3561
4301
4278
3280
2976
3254
3762
3352
2490
1890
2134
2549
1897
840
271
613
782
58
-1049
-1484
-1180
-1049
-1622
-2372
-2623
-2391
-2216
-2622
-3168
-3344
-3099
-3043
-3394
-3837
-3877
-3774
-2922
-2686
-3508
-4213
-3698
-2298
-2139
-2826
-3309
-2450
-1165
-680
-873
-1177
-442
1067
1930
1573
1128
1935
3215
3744
3350
2881
3446
4151
4266
3741
3403
3817
4090
3971
3238
3174
3411
3501
3048
2287
2019
2183
2290
1499
657
365
638
554
-293
-1160
-1379
-1160
-1233
-1869
-2473
-2580
-2345
-2265
-2717
-3254
-3297
-2966
-3025
-3421
-3808
-3798
-3690
-2886
-2677
-3546
-4096
-3595
-2278
-2223
-2911
-3255
-2385
-1155
-796
-969
-1222
-469
1060
1799
1417
1069
1869
3101
3565
3247
2759
3364
4021
4143
3777
3444
3839
4088
4024
3391
3432
3566
3533
3178
2516
2295
2371
2450
1665
879
629
888
767
-133
-926
-1169
-950
-1050
-1643
-2305
-2520
-2232
-2127
-2554
-3211
-3320
-2952
-3018
-3292
-3807
-3896
-3893
-3190
-2698
-3531
-4144
-3992
-2690
-2373
-2940
-3399
-2798
-1598
-1153
-1145
-1352
-826
543
1435
1246
942
1645
2818
3290
3151
2733
3251
3928
4213
3950
3528
3841
4299
4405
3700
3515
3695
3775
3570
2849
2363
2395
2669
2084
1122
644
875
996
184
-726
-1208
-1021
-929
-1418
-2233
-2690
-2397
-2139
-2488
-3255
-3548
-3132
-3064
-3300
-3849
-4125
-4085
-3608
-2768
-3316
-4091
-4324
-3173
-2276
-2585
-3262
-3146
-1961
-1168
-919
-1125
-1064
25
1324
1535
1203
1456
2602
3300
3424
3098
3242
4047
4220
4321
3817
4002
4378
4569
4076
3531
3873
3740
3739
2986
2456
2314
2569
2194
1146
652
636
906
199
-733
-1312
-1263
-1046
-1490
-2341
-2887
-2635
-2276
-2590
-3327
-3805
-3418
-3085
-3357
-3840
-4367
-4206
-3880
-2959
-3061
-3902
-4369
-3644
-2253
-2146
-2843
-3259
-2263
-1112
-588
-711
-1053
-365
1092
1899
1626
1466
2314
3240
3765
3531
3432
4015
4415
4450
4197
4186
4463
4620
4236
3677
3867
3860
3662
3152
2524
2283
2394
2217
1231
622
429
602
221
-667
-1301
-1521
-1298
-1522
-2300
-2938
-2841
-2431
-2680
-3294
-3816
-3691
-3170
-3360
-3773
-4400
-4368
-3958
-3325
-2965
-3731
-4203
-4037
-2704
-2053
-2573
-3189
-2744
-1381
-687
-577
-986
-733
549
1739
1869
1473
1862
2882
3672
3822
3470
3797
4362
4426
4358
4282
4527
4587
4344
3846
3966
4146
3799
3342
2816
2557
2613
2509
1693
879
657
737
561
-252
-975
-1290
-1271
-1312
-1951
-2653
-2778
-2440
-2532
-3100
-3531
-3676
-3297
-3263
-3699
-4067
-4397
-4042
-3771
-3227
-3430
-3942
-4150
-3639
-2504
-2435
-2972
-3197
-2266
-1212
-828
-896
-1042
-313
1019
1770
1735
1578
2223
3235
3827
3847
3579
4179
4314
4419
4508
4433
4686
4319
4161
3898
4276
4044
3546
3111
2606
2685
2633
2257
1243
696
693
724
210
-714
-1246
-1468
-1402
-1680
-2408
-2951
-2857
-2638
-2915
-3349
-3689
-3589
-3392
-3581
-3822
-4097
-4224
-3973
-3691
-3271
-3443
-3751
-4034
-3315
-2397
-2369
-2863
-2882
-1839
-965
-589
-777
-685
238
1455
2087
1998
1975
2717
3658
4208
4000
4040
4368
4524
4775
4596
4612
4554
4377
4162
4050
4059
3747
3447
2929
2455
2357
2320
1918
1011
456
359
277
-221
-944
-1598
-1956
-1868
-2036
-2666
-3260
-3225
-3087
-3162
-3541
-3762
-3737
-3720
-3713
-3770
-4084
-4178
-3958
-3593
-3247
-3248
-3633
-3821
-3074
-2253
-2123
-2656
-2473
-1505
-550
-357
-491
-236
736
1858
2325
2186
2286
3084
4047
4331
4099
4132
4535
4958
4802
4615
4484
4687
4474
4248
3847
3757
3684
3444
2871
2091
2072
2144
1815
756
122
-18
-27
-333
-1124
-1967
-2308
-1997
-2027
-2858
-3519
-3448
-3094
-3147
-3610
-3879
-3988
-3707
-3560
-3698
-4213
-4273
-3816
-3581
-3136
-3294
-3542
-3741
-3053
-2152
-2136
-2553
-2512
-1378
-591
-352
-362
-154
764
1780
2306
2232
2309
3133
3963
4369
4041
4183
4633
4766
4815
4725
4761
4570
4390
4204
4049
3943
3566
3336
2828
2375
2329
2153
1560
693
385
196
-43
-587
-1223
-1707
-2013
-1963
-2269
-2953
-3367
-3185
-3019
-3249
-3710
-3929
-3835
-3584
-3602
-3848
-4187
-4225
-3783
-3734
-3335
-3217
-3379
-3700
-3242
-2260
-2032
-2336
-2528
-1664
-732
-239
-124
-142
478
1607
2440
2563
2425
3001
3861
4535
4472
4365
4608
4540
4953
4997
5018
4566
4189
4185
4109
4211
3462
3137
2641
2458
2323
1966
1364
470
224
59
-155
-860
-1527
-1826
-2094
-2226
-2607
-3126
-3541
-3395
-3223
-3417
-3821
-4109
-3825
-3650
-3619
-3913
-4033
-4099
-3745
-3610
-3519
-2990
-2958
-3238
-3298
-2381
-1661
-1750
-2114
-1795
-723
-28
279
197
363
1386
2517
3002
2683
2884
3681
4578
4798
4547
4601
4484
4840
5084
5092
4578
4171
4092
4082
4139
3575
3011
2604
2387
2125
1744
1212
524
10
-243
-454
-924
-1577
-1967
-2269
-2555
-2778
-3070
-3508
-3722
-3546
-3478
-3675
-4065
-3935
-3686
-3628
-3702
-3823
-3852
-3754
-3413
-3426
-3035
-2607
-2694
-2973
-2726
-1694
-1255
-1472
-1686
-998
-82
420
612
492
984
2059
3020
3040
2800
3242
4125
4767
4635
4528
4444
4523
4854
4956
4733
4152
4003
3897
4024
3756
3070
2584
2291
2117
1661
1240
633
66
-350
-595
-842
-1387
-1892
-2232
-2574
-2800
-2895
-3102
-3597
-3740
-3506
-3365
-3583
-3854
-3642
-3555
-3461
-3468
-3525
-3645
-3502
-3197
-3193
-2630
-2425
-2566
-2853
-2343
-1323
-1084
-1391
-1492
-651
123
603
689
605
1220
2325
3029
2933
2789
3367
4191
4653
4487
4400
4386
4442
4780
4709
4491
3928
3790
3722
3830
3439
2597
2225
1961
1873
1364
899
216
-223
-444
-661
-1006
-1654
-2006
-2247
-2502
-2735
-2868
-3147
-3527
-3442
-3228
-3238
-3483
-3610
-3375
-3267
-3210
-3283
-3401
-3461
-3206
-2957
-3064
-2448
-2209
-2420
-2648
-2051
-1058
-970
-1298
-1345
-423
332
769
779
666
1389
2542
3143
2887
2803
3441
4308
4690
4413
4314
4294
4458
4694
4612
4204
3714
3520
3480
3556
3053
2151
1699
1628
1530
1040
432
-216
-543
-618
-781
-1246
-1981
-2198
-2232
-2438
-2795
-2969
-3211
-3459
-3227
-3040
-3178
-3470
-3473
-3140
-2977
-2980
-3080
-3246
-3208
-2852
-2539
-2837
-2331
-1846
-2032
-2259
-1857
-914
-766
-1030
-1076
-341
435
862
959
727
1302
2522
3142
2930
2715
3292
4143
4608
4353
4015
4066
4227
4581
4368
3915
3432
3240
3239
3228
2824
1841
1434
1392
1326
818
237
-300
-651
-712
-802
-1218
-1939
-2223
-2149
-2300
-2632
-2822
-3039
-3291
-3101
-2776
-2921
-3254
-3331
-3003
-2731
-2723
-2828
-3038
-3008
-2590
-2232
-2528
-2344
-1607
-1673
-1964
-1842
-1059
-596
-794
-909
-546
277
822
1046
701
932
2112
2952
2896
2569
2859
3649
4311
4218
3718
3551
3857
4278
4185
3548
3083
3026
3074
3021
2560
1760
1354
1466
1317
771
222
-95
-297
-548
-787
-1111
-1534
-1848
-1891
-2107
-2406
-2506
-2593
-2852
-2994
-2640
-2493
-2719
-2955
-2890
-2556
-2423
-2448
-2692
-2826
-2532
-2102
-2150
-2408
-1712
-1446
-1806
-1968
-1502
-692
-688
-936
-935
-213
489
889
747
557
1340
2459
2809
2496
2438
2982
3778
3983
3624
3250
3462
3734
3878
3481
2900
2812
2821
2853
2456
1916
1377
1455
1386
896
427
118
45
-241
-587
-985
-1207
-1413
-1590
-1825
-2204
-2300
-2286
-2378
-2718
-2710
-2323
-2291
-2463
-2639
-2473
-2229
-2145
-2238
-2531
-2459
-2147
-1840
-2193
-2066
-1317
-1450
-1820
-1905
-1094
-591
-734
-1032
-783
34
548
851
588
705
1650
2555
2604
2265
2464
3096
3671
3594
3240
3217
3311
3395
3406
3048
2677
2502
2513
2374
2172
1628
1268
1270
1030
745
394
166
-137
-352
-601
-905
-1136
-1433
-1552
-1773
-2022
-2096
-2170
-2315
-2536
-2300
-2088
-2186
-2334
-2370
-2113
-2004
-2026
-2216
-2345
-2151
-1906
-1877
-2254
-1699
-1151
-1459
-1886
-1740
-854
-538
-770
-1120
-614
131
595
686
362
740
1764
2502
2299
2032
2368
3024
3510
3212
3002
2965
3029
3118
3099
2820
2350
2278
2106
2270
2086
1514
1168
1087
1026
826
568
64
-242
-308
-369
-570
-1042
-1417
-1401
-1453
-1637
-1800
-2012
-2181
-2132
-1854
-1857
-2095
-2253
-2145
-1866
-1907
-2054
-2230
-2241
-2006
-1856
-2031
-2276
-1501
-1173
-1585
-1943
-1617
-719
-547
-907
-1130
-490
185
565
467
111
644
1759
2293
1951
1679
2145
2896
3294
2905
2600
2629
2761
3045
2893
2498
2099
2104
2101
2322
2033
1369
1180
1201
1233
982
595
71
-90
-25
-81
-386
-940
-1202
-1029
-1104
-1334
-1597
-1767
-1862
-1751
-1549
-1713
-1996
-2131
-1945
-1734
-1829
-2055
-2184
-2175
-1917
-1821
-2076
-2389
-1576
-1206
-1686
-2056
-1746
-825
-687
-1046
-1270
-672
-41
358
273
-129
382
1513
1993
1590
1383
1893
2685
3093
2701
2383
2369
2760
3050
2841
2391
2038
2194
2243
2430
2050
1418
1254
1494
1514
1092
720
282
214
302
183
-226
-768
-921
-755
-794
-1132
-1456
-1592
-1648
-1582
-1407
-1569
-1933
-2040
-1898
-1685
-1736
-1996
-2190
-2162
-1965
-1811
-2014
-2528
-1951
-1221
-1667
-2226
-2137
-1217
-811
-1117
-1565
-1191
-461
67
159
-317
-79
1049
1821
1504
1179
1559
2347
3022
2741
2353
2289
2735
3136
2917
2620
2184
2418
2357
2496
2294
1754
1471
1645
1745
1321
1061
662
504
505
435
141
-333
-625
-612
-572
-848
-1160
-1418
-1554
-1569
-1429
-1437
-1809
-2013
-2015
-1812
-1764
-1991
-2244
-2305
-2152
-2005
-2071
-2532
-2430
-1466
-1615
-2242
-2531
-1770
-1019
-1140
-1644
-1698
-928
-320
91
-332
-440
436
1500
1588
1183
1289
1946
2706
2836
2395
2315
2618
3043
2972
2646
2576
2501
2561
2353
2461
2165
1821
1801
1760
1554
1293
1204
856
623
528
493
243
-207
-441
-472
-567
-800
-1108
-1389
-1579
-1482
-1352
-1591
-1947
-2082
-1943
-1779
-1908
-2228
-2411
-2342
-2144
-2108
-2400
-2718
-1992
-1530
-2009
-2538
-2369
-1442
-1184
-1489
-1841
-1435
-789
-246
-196
-616
-200
803
1451
1242
1079
1552
2249
2652
2524
2248
2506
2837
3112
2640
2574
2680
2673
2586
2305
2496
2170
2123
1900
1790
1506
1394
1440
948
632
518
643
334
-137
-415
-533
-532
-825
-1113
-1466
-1670
-1513
-1423
-1676
-2125
-2153
-1998
-1816
-2014
-2393
-2503
-2412
-2218
-2225
-2593
-2718
-1919
-1661
-2215
-2714
-2239
-1393
-1256
-1699
-1852
-1316
-699
-191
-353
-637
-118
988
1467
1125
1087
1701
2463
2713
2519
2312
2587
3132
3211
2716
2588
2788
2908
2672
2451
2503
2411
2328
2065
1865
1568
1656
1605
1036
649
667
775
392
-102
-473
-549
-525
-797
-1200
-1627
-1748
-1581
-1511
-1882
-2283
-2302
-2155
-1940
-2188
-2557
-2688
-2523
-2380
-2459
-2822
-2930
-2134
-1864
-2443
-2970
-2490
-1566
-1385
-1869
-2032
-1456
-739
-238
-343
-616
-129
1064
1596
1245
1169
1774
2617
2883
2695
2448
2707
3329
3399
3030
2712
2999
3134
2881
2681
2610
2615
2480
2299
1991
1756
1866
1744
1200
787
820
843
434
-71
-443
-585
-575
-829
-1273
-1743
-1814
-1648
-1719
-2005
-2400
-2432
-2321
-2142
-2300
-2730
-2791
-2667
-2508
-2665
-2961
-3020
-2495
-2060
-2507
-3016
-2748
-1859
-1493
-1903
-2066
-1614
-860
-348
-303
-486
-157
958
1596
1432
1245
1727
2504
2919
2808
2545
2713
3245
3551
3210
2912
2985
3278
3109
2915
2705
2635
2662
2481
2202
1811
1945
1893
1464
978
783
783
472
118
-409
-746
-763
-829
-1154
-1743
-1877
-1782
-1795
-1949
-2266
-2467
-2520
-2287
-2221
-2619
-2827
-2835
-2593
-2697
-2867
-3042
-2879
-2315
-2333
-2747
-2986
-2306
-1600
-1659
-1990
-1851
-1128
-466
-147
-253
-233
567
1501
1785
1523
1581
2233
2891
3066
2816
2722
3010
3584
3606
3219
2962
3165
3406
3240
2873
2598
2730
2780
2498
1934
1723
1866
1790
1281
659
373
390
308
-183
-936
-1266
-1107
-1033
-1508
-2091
-2225
-2097
-1969
-2115
-2497
-2784
-2670
-2311
-2374
-2756
-2986
-2872
-2671
-2722
-2877
-3150
-2906
-2272
-2126
-2688
-3007
-2213
-1403
-1409
-1859
-1769
-1028
-233
217
48
-62
709
1837
2257
1843
1787
2507
3209
3476
3139
2949
3125
3683
4011
3431
3127
3049
3490
3386
3027
2691
2542
2769
2476
2099
1600
1628
1563
1079
563
162
115
-96
-453
-1047
-1472
-1392
-1414
-1731
-2316
-2418
-2305
-2281
-2375
-2674
-2868
-2824
-2461
-2455
-2866
-3043
-2892
-2629
-2704
-2834
-3003
-2972
-2271
-1850
-2221
-2856
-2330
-1277
-994
-1425
-1607
-1049
-226
438
494
190
543
1721
2445
2258
1944
2431
3179
3524
3479
3082
3103
3431
3918
3760
3121
3034
3029
3359
3055
2776
2331
2261
2377
2041
1693
1212
1175
826
469
147
-177
-457
-798
-1001
-1392
-1616
-1709
-1929
-2225
-2453
-2367
-2425
-2526
-2597
-2700
-2696
-2597
-2425
-2592
-2782
-2685
-2536
-2420
-2508
-2472
-2569
-2262
-1613
-1559
-1980
-2160
-1322
-725
-739
-1014
-892
-332
300
780
636
549
1149
2040
2347
2138
2209
2651
3115
3313
3172
2926
2979
3345
3497
3251
2792
2699
2711
2894
2659
2172
1785
1857
1912
1488
1073
743
612
374
121
-263
-665
-842
-933
-1201
-1630
-1801
-1771
-1975
-2229
-2377
-2328
-2356
-2318
-2308
-2475
-2477
-2334
-2169
-2277
-2392
-2284
-2226
-2067
-2054
-2005
-2172
-1840
-1182
-1159
-1577
-1744
-991
-455
-408
-693
-691
-210
428
857
640
501
1061
1879
2213
1998
1996
2335
2870
3168
2946
2642
2673
3100
3196
3001
2590
2408
2381
2567
2454
1932
1480
1552
1644
1279
874
589
428
199
77
-293
-696
-896
-910
-1137
-1564
-1705
-1666
-1798
-2070
-2166
-2113
-2121
-2053
-2026
-2131
-2164
-1966
-1835
-1901
-2035
-1937
-1847
-1745
-1692
-1763
-1891
-1804
-1054
-863
-1255
-1727
-1230
-473
-276
-545
-854
-491
142
745
624
296
586
1429
1992
1889
1725
1932
2449
2874
2841
2500
2421
2704
2887
2791
2545
2375
2104
2172
2188
2026
1509
1327
1367
1165
934
624
442
34
-49
-178
-454
-806
-1007
-1097
-1337
-1477
-1545
-1670
-1877
-1945
-1854
-1853
-1913
-1883
-1845
-1771
-1687
-1615
-1636
-1664
-1613
-1533
-1502
-1457
-1483
-1554
-1653
-1276
-814
-915
-1388
-1488
-851
-378
-358
-691
-720
-261
381
689
413
303
850
1581
1859
1669
1638
1946
2388
2655
2437
2212
2205
2427
2516
2340
2206
1841
1802
1771
1811
1494
1166
1123
988
906
600
475
150
-44
-119
-243
-443
-733
-850
-965
-1042
-1120
-1199
-1290
-1423
-1410
-1339
-1326
-1408
-1413
-1283
-1165
-1160
-1207
-1193
-1190
-1192
-1176
-1217
-1260
-1344
-1378
-1467
-1191
-969
-1088
-1508
-1535
-1009
-692
-729
-1015
-892
-509
19
202
8
3
513
1185
1353
1167
1168
1520
1984
2129
1961
1746
1806
2067
2221
2127
1818
1599
1652
1826
1753
1408
1168
1198
1227
1087
820
604
426
377
311
117
-113
-265
-313
-415
-522
-633
-710
-739
-785
-836
-906
-902
-906
-954
-897
-853
-887
-992
-990
-979
-1148
-1240
-1336
-1344
-1500
-1630
-1736
-1646
-1346
-1390
-1754
-2064
-1641
-1132
-1117
-1506
-1574
-1151
-583
-300
-431
-602
-216
575
1011
892
686
1040
1591
1999
1890
1702
1684
1996
2335
2375
2166
1929
1913
2081
2222
2076
1771
1582
1628
1626
1526
1240
984
793
748
697
489
234
-1
-89
-163
-252
-423
-629
-710
-759
-767
-838
-938
-1060
-1110
-994
-1009
-1141
-1315
-1327
-1367
-1516
-1610
-1741
-1809
-1978
-2013
-2133
-1933
-1701
-1755
-2192
-2286
-1696
-1282
-1402
-1812
-1654
-1156
-586
-426
-630
-635
-38
808
1057
839
871
1370
1991
2175
2072
1921
2089
2466
2654
2615
2376
2332
2329
2435
2451
2303
2108
1930
1873
1759
1661
1480
1191
930
784
737
579
294
10
-186
-233
-305
-508
-808
-992
-975
-941
-1025
-1237
-1433
-1424
-1303
-1299
-1546
-1752
-1760
-1699
-1806
-1978
-2158
-2156
-2197
-2205
-2353
-2221
-1970
-1941
-2171
-2288
-1816
-1492
-1415
-1655
-1518
-1133
-650
-404
-464
-350
138
816
1127
1111
1237
1655
2162
2420
2353
2348
2447
2814
2904
2917
2756
2667
2698
2699
2767
2516
2404
2186
2070
1878
1768
1653
1302
1028
840
788
587
319
41
-203
-274
-326
-536
-922
-1127
-1082
-1067
-1214
-1477
-1685
-1731
-1590
-1552
-1844
-2134
-2162
-1958
-2027
-2239
-2460
-2463
-2355
-2356
-2451
-2617
-2309
-2060
-2015
-2346
-2245
-1787
-1435
-1429
-1569
-1319
-875
-359
-218
-221
-32
556
1173
1375
1383
1563
2068
2562
2728
2685
2613
2875
3129
3282
3100
2949
2942
2956
2936
2690
2562
2374
2304
2054
1812
1650
1490
1274
925
731
579
452
204
-124
-401
-521
-530
-736
-1106
-1362
-1350
-1329
-1475
-1769
-1992
-2040
-1894
-1846
-2106
-2403
-2447
-2231
-2210
-2401
-2605
-2631
-2468
-2409
-2453
-2622
-2386
-1985
-1819
-2047
-2137
-1667
-1179
-993
-1137
-1016
-545
76
395
336
381
899
1606
1954
1856
1878
2261
2852
3153
3029
2839
2902
3249
3405
3261
2963
2825
2834
2764
2553
2245
2043
1950
1791
1531
1266
1117
901
649
395
233
87
-125
-420
-739
-926
-961
-1070
-1366
-1686
-1753
-1704
-1749
-1969
-2224
-2303
-2182
-1996
-2104
-2396
-2527
-2349
-2135
-2226
-2412
-2519
-2378
-2162
-2126
-2218
-2245
-1790
-1461
-1401
-1614
-1406
-895
-518
-431
-493
-228
278
805
956
884
1107
1660
2162
2257
2133
2276
2643
3100
3116
2918
2772
2901
3157
3101
2919
2600
2517
2423
2296
2056
1762
1604
1427
1255
1035
851
643
371
156
0
-117
-298
-600
-894
-1121
-1170
-1225
-1440
-1742
-1931
-1858
-1810
-1900
-2141
-2296
-2193
-1978
-1857
-2058
-2246
-2193
-1929
-1795
-1943
-2096
-2110
-1866
-1690
-1728
-1862
-1750
-1299
-1033
-1056
-1210
-995
-575
-230
-195
-273
-107
367
823
934
881
1061
1528
1926
2024
1939
2033
2372
2729
2777
2595
2482
2621
2813
2855
2639
2446
2281
2286
2171
1999
1719
1507
1361
1189
1042
805
593
325
132
-11
-157
-353
-615
-880
-1061
-1159
-1202
-1410
-1657
-1832
-1795
-1728
-1793
-1968
-2134
-2063
-1847
-1706
-1835
-2031
-2006
-1776
-1617
-1695
-1899
-1926
-1730
-1520
-1581
-1754
-1695
-1299
-950
-965
-1151
-1113
-697
-276
-187
-362
-323
114
647
833
743
797
1253
1774
1972
1848
1828
2172
2634
2807
2611
2420
2569
2866
2987
2709
2441
2347
2462
2412
2099
1721
1504
1489
1355
1034
656
436
345
183
-99
-401
-601
-671
-835
-1084
-1376
-1476
-1508
-1601
-1789
-1939
-1928
-1862
-1870
-2005
-2096
-1990
-1780
-1715
-1835
-1946
-1823
-1619
-1526
-1655
-1776
-1692
-1463
-1356
-1479
-1559
-1344
-936
-728
-841
-1005
-817
-365
-23
-66
-191
-23
480
905
988
902
1075
1542
1983
2058
1955
2025
2386
2731
2765
2563
2461
2608
2811
2743
2476
2239
2187
2182
2002
1692
1354
1205
1058
842
502
226
62
-87
-300
-552
-762
-891
-1024
-1205
-1431
-1567
-1594
-1640
-1748
-1861
-1846
-1762
-1710
-1762
-1848
-1816
-1643
-1497
-1514
-1628
-1597
-1422
-1248
-1252
-1372
-1401
-1236
-1024
-1000
-1130
-1129
-881
-549
-463
-610
-708
-498
-103
124
78
12
227
643
963
997
979
1126
1526
1830
1939
1898
2000
2241
2452
2471
2360
2293
2354
2359
2275
2071
1940
1820
1659
1472
1214
1059
828
616
303
81
-42
-172
-379
-692
-866
-937
-988
-1146
-1403
-1560
-1571
-1474
-1511
-1676
-1765
-1658
-1446
-1371
-1469
-1575
-1526
-1292
-1124
-1155
-1290
-1279
-1046
-863
-848
-999
-1048
-883
-671
-591
-744
-806
-648
-364
-215
-345
-430
-362
-28
186
207
132
228
569
846
964
913
1017
1282
1599
1736
1743
1776
1952
2130
2195
2095
2028
2009
2027
1916
1745
1593
1495
1364
1148
931
732
607
401
157
-124
-247
-314
-441
-707
-973
-1054
-1062
-1082
-1286
-1486
-1567
-1459
-1363
-1446
-1591
-1606
-1403
-1203
-1163
-1273
-1326
-1186
-927
-806
-878
-997
-891
-682
-514
-578
-696
-717
-534
-350
-361
-514
-587
-403
-208
-87
-215
-265
-210
59
215
207
149
250
528
749
851
847
941
1157
1422
1541
1567
1579
1712
1826
1859
1805
1712
1692
1621
1570
1421
1298
1162
998
843
647
517
337
150
-55
-219
-290
-413
-560
-783
-913
-943
-966
-1030
-1194
-1264
-1260
-1174
-1165
-1226
-1260
-1173
-1003
-884
-891
-901
-861
-700
-565
-508
-555
-569
-467
-360
-301
-357
-395
-394
-321
-271
-338
-425
-475
-372
-303
-253
-288
-332
-280
-184
-38
-51
-6
54
247
411
550
631
709
868
1070
1214
1266
1284
1346
1419
1467
1474
1391
1339
1269
1274
1180
1060
915
768
673
539
436
259
125
14
-80
-178
-325
-435
-551
-606
-651
-711
-777
-832
-838
-844
-848
-842
-825
-781
-727
-669
-620
-584
-516
-478
-435
-396
-352
-320
-318
-301
-305
-285
-282
-291
-342
-381
-403
-416
-472
-531
-572
-561
-530
-494
-501
-529
-491
-409
-314
-271
-217
-129
21
185
322
419
522
682
858
983
1041
1083
1148
1224
1287
1278
1238
1198
1201
1186
1121
1013
894
797
704
611
493
369
271
179
84
-39
-150
-251
-323
-381
-438
-495
-553
-588
-622
-639
-634
-614
-585
-567
-538
-501
-453
-406
-382
-363
-344
-317
-299
-302
-319
-334
-331
-329
-338
-380
-426
-464
-491
-529
-581
-647
-693
-718
-714
-713
-693
-677
-642
-589
-520
-444
-380
-294
-195
-60
83
233
361
495
633
782
907
1005
1081
1153
1220
1279
1303
1301
1281
1273
1254
1212
1132
1029
924
829
740
634
516
397
290
188
84
-25
-129
-215
-275
-333
-387
-454
-501
-538
-544
-547
-538
-525
-499
-471
-435
-414
-394
-384
-366
-357
-358
-371
-392
-411
-429
-442
-459
-486
-519
-561
-604
-645
-694
-738
-791
-827
-857
-856
-842
-808
-764
-722
-661
-589
-505
-421
-332
-227
-95
49
196
327
460
591
734
858
962
1047
1120
1190
1248
1285
1294
1295
1294
1278
1239
1174
1093
1013
935
859
768
668
564
472
375
279
180
90
9
-60
-127
-188
-256
-307
-354
-389
-421
-442
-455
-460
-467
-476
-495
-510
-528
-537
-555
-574
-598
-624
-650
-674
-699
-714
-734
-756
-781
-806
-830
-850
-867
-881
-886
-879
-856
-817
-766
-701
-638
-564
-484
-388
-292
-191
-80
41
169
297
422
545
661
783
894
991
1070
1142
1200
1248
1285
1305
1316
1310
1292
1255
1202
1141
1076
1007
933
851
763
671
577
483
386
287
193
99
15
-69
-143
-216
-280
-340
-398
-449
-493
-531
-563
-594
-628
-664
-695
-726
-747
-769
-784
-802
-820
-838
-855
-875
-889
-903
-909
-915
-919
-920
-918
-907
-889
-863
-829
-784
-728
-665
-593
-512
-427
-336
-234
-124
-12
102
219
339
460
583
701
816
925
1025
1115
1189
1252
1300
1342
1368
1379
1379
1366
1341
1302
1244
1176
1100
1019
930
832
729
626
523
419
313
205
93
-13
-114
-208
-299
-384
-458
-522
-581
-636
-684
-728
-764
-792
-816
-839
-858
-873
-881
-884
-883
-881
-878
-874
-871
-870
-868
-865
-863
-851
-837
-823
-810
-788
-764
-727
-681
-630
-570
-504
-428
-347
-262
-172
-78
28
138
251
363
476
588
700
812
916
1013
1103
1185
1253
1305
1345
1372
1387
1390
1378
1352
1317
1269
1207
1134
1048
956
856
750
640
529
418
309
200
91
-17
-125
-229
-330
-421
-509
-587
-654
-713
-765
-809
-850
-884
-912
-932
-949
-958
-965
-967
-964
-956
-945
-934
-920
-906
-892
-877
-858
-840
-816
-788
-761
-728
-691
-652
-603
-548
-483
-412
-331
-246
-155
-60
37
138
241
349
461
573
682
787
888
984
1074
1154
1225
1288
1337
1373
1392
1394
1387
1365
1330
1282
1218
1145
1062
965
861
749
630
508
384
259
135
18
-96
-206
-314
-414
-509
-595
-672
-744
-800
-847
-881
-907
-927
-939
-943
-940
-932
-921
-905
-886
-862
-836
-809
-782
-755
-728
-702
-674
-649
-624
-596
-569
-539
-511
-480
-445
-404
-360
-313
-256
-194
-125
-50
29
113
202
295
387
482
577
672
765
853
936
1011
1078
1136
1182
1216
1238
1251
1244
1226
1191
1142
1083
1008
926
832
730
622
509
394
277
157
39
-71
-176
-275
-370
-452
-528
-592
-647
-694
-734
-762
-781
-794
-797
-796
-788
-774
-756
-733
-711
-688
-662
-635
-610
-582
-557
-532
-506
-480
-456
-434
-410
-389
-367
-345
-321
-296
-269
-243
-213
-179
-140
-100
-55
-6
45
105
165
230
294
360
428
497
563
628
691
745
792
834
869
893
905
907
898
879
848
807
754
691
624
548
464
375
285
195
106
19
-65
-145
-216
-278
-330
-376
-413
-436
-451
-456
-454
-444
-426
-403
-375
-343
-311
-280
-246
-216
-191
-169
-152
-139
-130
-128
-136
-147
-163
-184
-206
-233
-257
-286
-313
-339
-366
-389
-409
-425
-436
-442
-442
-439
-429
-412
-390
-361
-325
-284
-242
-190
-136
-78
-18
41
102
165
230
289
347
403
455
507
553
593
628
658
684
700
711
713
713
707
694
677
652
624
592
554
515
471
422
371
319
267
214
163
112
60
11
-40
-87
-132
-176
-218
-257
-293
-331
-363
-393
-419
-443
-466
-488
-510
-528
-545
-564
-580
-595
-609
-619
-625
-629
-628
-623
-613
-602
-586
-568
-546
-520
-491
-457
-419
-379
-336
-290
-239
-185
-125
-63
3
73
141
213
285
354
423
488
547
601
648
690
727
757
780
799
812
815
810
800
784
763
740
708
672
633
591
545
498
449
396
337
278
219
159
101
45
-12
-66
-120
-175
-227
-278
-327
-375
-421
-466
-508
-545
-583
-616
-642
-668
-689
-706
-720
-731
-740
-743
-744
-743
-734
-722
-705
-677
-646
-610
-568
-520
-468
-418
-361
-303
-245
-184
-121
-61
-1
58
121
182
246
312
376
443
508
569
630
690
740
785
828
852
873
886
886
881
871
851
822
795
752
706
659
606
548
490
433
365
303
238
172
107
42
-25
-92
-152
-215
-274
-326
-377
-427
-469
-511
-549
-584
-615
-646
-671
-692
-712
-726
-734
-740
-742
-736
-730
-721
-703
-684
-662
-639
-610
-581
-548
-506
-464
-416
-362
-306
-248
-186
-123
-60
4
64
128
190
248
305
357
410
459
510
555
600
644
685
724
759
788
811
831
845
847
844
833
810
782
750
708
663
613
559
501
439
373
307
242
176
107
43
-24
-89
-150
-210
-269
-323
-374
-425
-467
-506
-542
-572
-596
-620
-639
-650
-665
-674
-676
-676
-675
-667
-657
-643
-624
-604
-581
-556
-525
-495
-463
-427
-390
-353
-311
-268
-225
-179
-131
-85
-35
11
59
106
153
202
245
290
334
378
416
450
482
511
538
557
577
592
606
616
624
627
626
621
612
600
581
559
530
497
462
421
382
338
295
248
202
157
110
63
18
-27
-72
-114
-157
-199
-236
-273
-307
-337
-361
-387
-409
-427
-443
-457
-466
-477
-483
-487
-487
-488
-484
-479
-472
-463
-452
-439
-424
-407
-388
-368
-347
-320
-294
-266
-238
-208
-176
-144
-111
-78
-43
-8
28
63
99
137
177
215
249
282
314
342
367
391
411
428
443
456
465
471
476
478
475
472
466
453
438
420
400
379
356
331
305
276
247
217
186
155
122
89
57
23
-11
-46
-80
-114
-146
-177
-208
-237
-265
-290
-313
-336
-357
-376
-394
-407
-419
-431
-439
-447
-453
-456
-456
-454
-450
-442
-432
-421
-408
-388
-370
-345
-321
-295
-267
-237
-203
-168
-131
-95
-57
-17
24
68
108
149
189
227
264
299
330
359
386
411
432
450
468
482
493
501
504
506
504
497
489
476
460
440
420
398
372
344
315
285
253
222
189
155
123
88
55
20
-16
-49
-82
-115
-147
-179
-210
-236
-262
-287
-308
-330
-350
-367
-384
-396
-409
-422
-429
-437
-441
-443
-443
-440
-438
-430
-421
-407
-392
-378
-358
-335
-313
-287
-259
-234
-205
-172
-140
-108
-71
-35
2
39
74
108
140
171
200
229
255
281
304
325
345
362
380
394
404
413
419
422
423
421
417
408
396
384
369
352
334
317
295
273
248
225
201
178
151
124
96
68
41
15
-14
-38
-64
-88
-113
-137
-160
-182
-201
-221
-238
-257
-273
-287
-302
-312
-324
-330
-336
-343
-349
-351
-353
-354
-351
-346
-338
-328
-317
-301
-284
-268
-251
-231
-209
-186
-162
-137
-112
-86
-57
-30
-3
24
52
76
100
125
147
166
188
207
223
242
257
272
283
294
301
307
312
313
313
311
307
302
294
287
277
267
252
238
223
208
191
174
154
134
117
98
80
60
41
21
3
-16
-38
-56
-76
-95
-111
-129
-146
-164
-180
-195
-209
-220
-230
-239
-248
-256
-262
-270
-276
-279
-281
-282
-280
-275
-268
-262
-253
-240
-229
-214
-200
-187
-169
-150
-133
-113
-94
-72
-51
-29
-7
13
34
53
71
92
110
128
143
160
176
190
204
215
226
235
242
248
251
257
260
262
264
262
260
254
246
238
227
220
208
196
182
169
155
139
125
110
97
79
62
43
27
7
-13
-30
-49
-67
-87
-102
-119
-133
-145
-155
-165
-175
-183
-191
-199
-209
-218
-225
-231
-233
-233
-232
-230
-227
-221
-214
-205
-197
-188
-178
-170
-158
-145
-131
-116
-100
-84
-65
-49
-32
-19
-5
9
25
36
50
64
76
91
105
117
130
140
147
154
157
162
167
172
173
176
179
178
177
175
171
165
160
154
145
137
127
117
108
100
90
85
78
72
63
51
41
28
13
-2
-16
-30
-42
-54
-63
-70
-77
-82
-82
-86
-88
-92
-97
-102
-108
-113
-116
-118
-118
-116
-118
-116
-115
-111
-106
-100
-91
-85
-77
-68
-60
-55
-49
-45
-40
-35
-30
-26
-20
-14
-8
0
8
14
20
27
32
36
39
40
41
44
47
50
54
57
57
57
52
51
48
44
41
41
39
39
39
38
37
32
28
21
15
8
2
-2
-5
-8
-6
-6
-5
-4
-4
-5
-5
-8
-9
-13
-16
-18
-19
-18
-15
-12
-6
-1
1
2
2
-1
-5
-7
-10
-14
-16
-19
-19
-17
-12
-7
-1
5
8
9
11
8
7
5
4
2
2
0
-1
-1
-3
-1
2
7
8
12
14
17
16
13
10
7
6
2
2
1
3
4
5
7
6
7
9
9
10
7
3
0
0
0
-1
2
3
4
1
0
-1
0
-4
-4
-4
-2
-1
0
3
2
3
1
-1
-4
-8
-11
-13
-14
-13
-11
-9
-10
-8
-5
-6
-4
-5
-4
-6
-8
-9
-9
-10
-9
-6
-3
3
3
5
2
3
1
2
-1
1
-2
-3
-2
-3
-1
3
8
8
13
11
12
10
11
7
10
7
6
4
3
1
1
2
3
7
6
9
5
7
1
3
-3
-1
-3
-2
-2
-3
-1
-3
2
-3
1
-3
2
-2
1
-3
-2
-4
-5
-5
-7
-3
-6
2
-4
4
-2
4
-1
1
-2
-2
0
-3
4
-4
6
-5
5
-9
1
-11
-2
-7
-2
1
0
7
-4
5
-15
4
-18
7
-14
14
-8
11
-4
2
-4
-6
6
-6
17
-5
20
-9
19
-16
10
-16
8
-6
7
4
4
9
-3
10
-8
12
-10
12
-9
9
-9
7
-6
3
-3
1
1
-2
2
-7
1
-8
3
-5
2
-3
6
-1
1
-4
-1
-4
-3
-2
0
0
0
-1
-2
-1
-3
-1
-4
0
-1
2
0
6
1
3
-2
1
-4
-1
-1
2
1
2
3
0
1
-4
-1
-4
2
-2
5
2
3
-2
-1
-6
-3
-5
0
0
3
5
2
3
-1
1
-3
4
-1
7
3
9
3
5
-1
-1
-1
0
1
1
3
1
4
-1
2
-2
2
-1
3
1
1
2
0
0
-2
-1
-2
0
-1
2
0
-3
-2
-2
-1
-2
0
-1
0
-2
-2
-3
-5
-4
-5
-2
-4
-1
-3
0
-2
-1
-2
-2
-1
-2
2
1
4
2
2
-2
-1
-3
-2
-2
0
1
3
3
2
2
-1
2
2
3
2
5
3
4
0
1
-2
-1
1
-1
0
3
3
2
4
1
2
2
2
1
3
3
5
2
1
-1
-2
-3
-5
-4
-2
-2
-2
1
0
2
0
0
-1
-1
-1
-2
-4
-1
-2
-2
-1
0
-1
-1
-1
-2
-3
-2
-1
-1
0
0
1
1
1
0
1
-1
2
1
1
3
2
2
2
1
2
1
2
2
-1
1
-1
-1
-1
-1
0
0
1
1
1
1
0
0
1
1
1
1
0
-1
0
0
-1
-1
-1
-2
-2
0
1
1
1
1
1
0
0
-1
-2
-3
-2
-1
1
0
-1
-1
0
0
-1
-3
-2
-1
-1
0
-1
0
0
-1
0
-1
-1
-1
0
1
1
2
-1
-1
-1
0
-1
-1
-1
0
0
0
3
2
1
1
0
0
0
0
1
1
1
1
1
1
1
0
0
0
1
1
3
2
2
1
1
0
-1
-2
-2
-2
0
-1
1
1
0
-1
-2
-1
-2
-2
0
0
0
1
1
2
-1
-1
0
1
0
0
-2
-2
-1
-2
-1
-3
-2
-2
0
1
0
3
2
-1
-1
-1
0
-1
-1
0
1
-1
-1
0
2
1
0
3
1
1
0
1
1
0
0
1
3
2
3
3
0
0
-2
-1
-1
2
3
3
2
0
-1
-1
-1
-2
-2
-1
-1
-1
0
-1
0
-3
-1
0
0
1
1
1
-1
0
1
-1
-1
-1
0
0
0
0
-1
-1
-1
0
1
0
2
2
2
0
-2
-2
-1
0
1
0
1
1
0
0
-2
-1
-1
0
1
1
1
1
-1
-2
-2
0
0
0
0
1
1
-1
-1
-1
-1
-1
0
1
2
2
2
1
-1
-3
-1
-1
1
1
3
3
1
2
-1
0
-1
-1
0
1
1
1
-1
-1
-4
-2
-1
1
3
4
2
1
-1
-3
-4
-2
-1
0
1
0
0
-1
-1
-2
-1
0
0
2
3
3
0
0
-1
-2
-1
1
2
1
0
0
0
0
-1
0
-1
0
2
0
-1
-1
0
0
0
2
1
1
1
-1
1
0
0
-1
0
0
-1
0
0
-1
-1
-1
1
2
2
2
-2
-2
-2
-5
-4
0
-1
3
2
1
1
-1
0
1
2
2
3
3
2
1
-2
-4
-4
-2
1
1
2
3
3
1
-2
-2
0
0
-2
-3
-2
-3
-3
-2
0
1
2
3
0
-1
-1
-2
-2
1
2
2
2
3
1
-1
0
1
1
2
3
4
1
-3
-7
-6
-5
-2
3
5
5
4
0
-2
-4
-2
-2
-2
1
0
-1
0
-1
0
1
3
4
3
3
0
-3
-5
-6
-3
-2
1
2
3
4
5
2
2
1
-2
-5
-4
-5
-4
3
3
3
2
2
1
-2
-2
-3
-2
-2
-2
-3
-4
-3
-5
-3
1
4
8
10
8
6
2
-2
-4
-6
-6
-2
0
-2
-2
-3
-3
-2
1
4
6
9
7
7
2
-2
-6
-8
-7
-4
-2
0
1
1
1
1
3
5
3
4
2
-1
-3
-6
-6
-7
-5
-2
4
6
6
6
6
4
5
6
6
2
-2
-7
-10
-11
-8
-1
7
10
11
7
1
-1
-2
-2
-1
1
0
-2
-4
-9
-9
-4
1
7
10
7
4
-1
-6
-8
-4
-2
1
1
1
-1
-2
-2
0
3
7
8
5
0
-6
-10
-11
-7
-2
4
6
7
7
3
2
0
1
-1
-4
-5
-7
-6
-3
0
6
8
8
6
2
0
-4
-5
-5
-3
-1
-1
1
0
0
1
3
6
4
2
-2
-7
-8
-9
-7
-1
5
7
8
6
2
-2
-6
-6
-3
-3
-1
-2
-2
-4
-5
-4
0
5
8
10
9
5
0
-4
-8
-7
-6
-2
2
1
-1
-3
-2
0
1
4
6
8
7
7
4
-2
-4
-6
-6
-4
-1
-1
-1
-2
-2
-2
-1
1
3
3
5
3
2
-1
-5
-6
-5
-2
1
3
4
3
2
1
2
4
4
3
1
-3
-5
-7
-6
-4
2
5
4
4
2
-1
-1
-2
0
2
2
2
1
