SAMPLES:	18316
BITSPERSAMPLE:	16
CHANNELS:	1
SAMPLERATE:	16000
NORMALIZED:	FALSE
0
1
-1
-1
1
0
0
0
1
1
-1
0
0
0
0
0
-1
0
0
1
0
-1
0
1
0
0
-1
0
1
-1
-1
-1
-1
-1
0
0
0
0
1
1
-1
2
1
1
1
0
-1
0
0
0
0
1
1
2
0
0
0
-1
0
-1
0
-1
0
1
-1
1
1
1
0
0
-1
-1
-1
0
1
0
1
0
0
2
-1
-1
-1
0
1
-1
1
0
1
-1
1
0
1
0
0
0
0
-1
-1
0
1
1
1
-1
-1
-1
0
-1
0
0
-2
1
1
0
1
1
0
0
-1
0
-1
-2
-1
0
0
0
0
1
0
0
0
1
1
0
-2
0
0
1
1
-1
-1
0
0
-1
-1
-1
-1
0
0
0
1
0
-1
-2
-1
-1
-1
0
0
1
0
0
0
0
-1
-2
-2
-1
0
1
2
0
1
-1
1
-1
0
-1
0
1
0
1
1
1
-1
0
-1
-1
-1
-1
-1
-1
-1
-1
0
0
1
1
0
1
0
0
0
1
1
0
0
-1
0
0
1
0
0
-1
-1
1
1
0
1
2
0
0
1
0
1
2
1
1
0
1
0
1
0
0
2
1
1
0
-1
0
0
1
0
0
0
1
0
1
1
-1
0
1
0
-1
-2
-1
-1
0
2
0
1
1
1
0
0
-1
-2
-1
-1
-1
0
0
1
2
1
-1
0
0
0
0
0
0
0
0
0
1
-1
-1
0
-1
-1
-1
0
0
1
0
-1
1
-1
-1
0
1
0
-1
-1
-1
-2
-1
-1
-1
0
-1
1
0
0
1
0
0
-1
0
0
-1
-1
-1
-1
-1
-1
0
0
-1
1
0
0
1
0
1
2
0
0
0
0
-1
0
-2
-1
1
0
0
-1
0
-1
-1
0
1
1
0
-1
-1
0
-1
-1
-1
-1
-1
-1
0
1
0
1
0
0
0
0
1
0
0
0
-1
1
-1
0
1
1
1
1
1
0
0
1
0
0
-2
0
1
2
1
0
1
2
1
1
0
0
2
0
0
1
1
2
3
2
2
2
0
0
0
0
0
1
1
2
1
1
1
1
-1
0
-1
-2
-1
-1
1
0
1
0
1
0
0
0
-1
-1
-1
-1
1
0
0
-1
2
0
-2
-1
-1
-1
-1
0
-1
0
0
2
-2
-1
-1
-2
0
-1
0
1
0
0
2
1
0
0
-2
-2
-2
0
0
0
-1
0
-1
-1
-1
-1
-1
0
0
1
0
0
0
0
1
0
-1
-1
-1
0
2
0
0
0
-1
0
0
-1
-1
0
0
-1
1
2
0
0
0
0
1
0
-1
-2
-1
0
0
0
0
-1
-1
0
0
0
1
0
0
0
0
0
-1
0
-1
0
0
1
0
0
0
1
1
0
1
1
1
1
1
0
1
1
1
2
1
-1
0
0
2
1
-1
-1
-2
-1
0
0
0
0
1
0
1
1
1
-1
0
0
0
1
0
1
1
1
0
0
0
1
0
1
1
1
1
0
1
0
1
0
0
0
-1
0
0
0
0
1
1
1
1
0
1
-1
-1
-2
-1
-2
-1
0
1
0
0
0
-1
-1
-2
-1
-1
-1
-1
0
1
0
0
-1
-1
0
-1
-1
0
-2
0
0
-1
-1
-2
-2
-1
-1
0
-1
0
0
0
1
0
0
1
1
0
0
-1
0
0
0
0
1
0
-1
0
0
1
1
2
1
1
0
0
0
0
1
1
0
0
-1
0
-1
-1
-1
-1
-2
0
0
1
0
-1
1
-1
0
0
-1
-1
-1
1
1
1
1
0
1
1
2
1
-1
0
0
0
-1
0
0
1
0
-1
1
0
0
-1
-1
0
1
1
1
1
2
0
0
1
0
-1
0
0
0
0
1
-1
0
1
0
1
0
1
1
0
1
0
-2
-1
0
-1
0
0
-1
0
-1
0
0
0
0
1
1
1
0
0
0
0
0
0
0
0
0
0
0
0
0
0
-1
0
-1
-1
-1
-1
-1
0
-1
0
-2
0
-2
-1
-1
1
0
-2
-1
-1
1
1
0
-1
1
2
0
1
1
2
2
2
2
1
1
2
1
0
0
1
0
-1
1
-1
-1
-2
-3
-2
-2
-2
-1
-3
-2
-2
-2
-1
-1
-1
0
0
0
1
1
2
2
1
1
0
1
1
3
2
2
2
1
1
0
0
2
1
1
0
-1
-1
-1
-1
-1
-2
-1
-1
-1
-1
-3
0
0
1
0
0
2
1
1
0
0
1
1
2
0
0
-1
-1
0
-2
-1
-1
-2
-2
-3
-2
-2
-2
-1
-1
0
0
0
0
1
1
2
3
2
4
3
3
4
4
4
4
3
4
2
1
1
1
-1
0
0
-1
-1
-2
-2
-3
-3
-4
-3
-4
-4
-5
-4
-3
-2
0
-2
-3
-2
-1
0
3
3
3
4
4
6
6
5
7
4
3
3
2
0
-1
-2
-4
-6
-6
-4
-7
-8
-8
-8
-8
-9
-6
-3
-1
0
1
5
8
10
13
15
15
16
17
15
11
8
11
10
3
-2
-4
-8
-6
-3
-5
-15
-17
-17
-9
-6
-6
-10
-12
-12
-8
-3
-7
-5
-3
-5
-11
-12
-14
-10
-3
-7
-19
-21
-18
-16
-9
-11
-17
-25
-25
-23
-20
-16
-14
-9
-13
-13
-9
5
20
30
19
14
21
37
60
67
56
44
57
74
94
94
77
59
61
72
74
69
38
16
2
1
-12
-22
-43
-73
-94
-108
-118
-132
-131
-141
-152
-167
-168
-161
-142
-117
-107
-103
-107
-90
-59
-10
28
42
41
44
58
94
141
159
144
123
114
117
151
183
166
124
88
68
77
93
72
28
-14
-52
-60
-35
-36
-60
-78
-90
-93
-76
-50
-25
-12
-20
-15
17
52
71
102
115
100
91
122
136
128
128
118
92
73
85
71
60
37
24
-4
-21
-33
-42
-62
-98
-98
-118
-137
-143
-114
-141
-145
-136
-144
-148
-118
-104
-122
-113
-126
-123
-92
-67
-79
-75
-79
-76
-49
-20
-25
-22
-36
-35
-8
19
9
15
24
2
16
38
51
33
54
39
33
30
57
76
70
62
43
50
47
96
104
82
43
51
61
81
109
81
41
17
33
48
76
61
37
34
27
49
93
99
62
67
59
22
38
52
20
-7
-16
-41
-53
-50
-62
-49
-58
-93
-82
-57
-63
-54
-7
-19
-28
-6
17
33
49
52
72
93
57
61
113
129
113
163
145
89
83
160
185
176
125
53
59
64
81
56
35
-106
-140
-90
-88
-179
-244
-273
-327
-306
-310
-383
-470
-490
-496
-490
-462
-497
-546
-548
-558
-508
-438
-365
-364
-325
-380
-339
-150
13
79
120
121
63
270
493
607
589
573
497
576
738
776
779
705
591
514
561
523
490
419
273
147
90
38
6
-8
-99
-206
-258
-285
-230
-159
-146
-178
-176
-170
-92
83
172
162
111
114
136
252
365
375
272
159
151
191
240
229
153
2
-94
-85
-37
-48
-116
-222
-305
-357
-292
-159
-220
-429
-481
-322
-279
-153
-55
-147
-276
-93
159
215
238
144
137
243
377
374
359
251
106
191
242
118
-46
-127
-224
-343
-371
-464
-538
-678
-735
-760
-838
-871
-847
-755
-831
-795
-813
-796
-747
-642
-471
-460
-426
-458
-276
-204
81
326
319
188
202
398
556
953
973
840
652
739
847
1110
1150
883
671
545
555
603
621
342
194
94
37
-16
18
-95
-206
-247
-297
-193
-22
164
93
147
224
422
599
797
835
732
837
886
987
960
934
639
532
407
272
126
-17
-314
-661
-858
-1026
-1071
-1300
-1499
-1711
-1810
-1941
-1837
-1741
-1795
-1807
-1770
-1555
-1402
-1206
-1156
-1148
-1002
-92
728
385
-84
286
766
1240
2050
1975
1147
964
1500
2051
2514
2035
1148
1086
1346
1258
1275
961
157
8
77
-242
-356
-322
-665
-774
-858
-1153
-1071
-655
-602
-361
-219
-584
-516
286
796
806
875
654
636
1112
1609
1572
1305
910
616
687
739
548
137
-279
-783
-985
-1121
-1292
-1518
-1707
-2053
-2403
-2390
-2405
-2306
-2219
-2182
-2362
-2260
-1887
-1465
-1187
-1214
-1147
-1070
-555
817
1465
603
136
1028
1415
2073
3004
2338
1162
1440
2211
2553
3049
2164
1112
1353
1663
1346
1528
1204
150
208
320
-107
-105
168
-336
-570
-569
-838
-610
-96
42
-80
-182
-390
32
737
821
591
447
324
437
865
853
459
51
-259
-365
-329
-520
-904
-1371
-1569
-2015
-1874
-2123
-2018
-2508
-2204
-1910
-2345
-2226
-2334
-1568
-2100
-779
-1223
-1063
-876
228
584
217
801
373
1492
1503
2366
1562
1583
1383
1996
2492
2186
1879
1297
1651
1445
1749
1343
1067
665
659
674
446
381
111
108
-110
-216
-249
-65
104
-14
-82
-359
-214
42
375
347
112
-97
-112
197
228
27
-386
-584
-646
-612
-772
-1031
-1354
-1512
-1695
-1764
-1897
-1924
-1935
-1996
-2069
-2190
-2091
-1892
-1558
-1482
-1425
-1333
-713
-68
169
8
241
618
1092
1665
1935
1713
1535
1895
2245
2646
2458
2162
1951
2188
2198
2049
1766
1421
1275
1176
1038
617
494
347
161
-156
-267
-331
-305
-234
-351
-591
-707
-554
-275
-206
-427
-563
-504
-351
-279
-240
-436
-688
-765
-717
-693
-773
-942
-1107
-1329
-1362
-1414
-1399
-1494
-1525
-1545
-1632
-1548
-1555
-1354
-1335
-1154
-914
-458
-262
-247
5
195
590
1016
1464
1324
1318
1511
1886
2240
2255
2126
1966
2137
2119
2197
1981
1710
1493
1384
1277
1096
848
463
294
149
-3
-147
-305
-483
-568
-663
-742
-715
-768
-874
-899
-899
-974
-936
-925
-1003
-1020
-1099
-1135
-1162
-1080
-1200
-1290
-1338
-1171
-1109
-1298
-1372
-1269
-1070
-1054
-989
-1073
-990
-961
-589
-260
-124
-385
-220
59
602
1444
1257
348
118
1461
2063
2266
1807
1199
880
1597
2488
2513
1987
927
963
1525
2003
1481
883
439
439
771
562
241
-112
-98
-211
-221
-480
-605
-477
-446
-592
-896
-1097
-1061
-677
-616
-972
-1266
-1344
-1248
-999
-920
-1195
-1528
-1550
-1430
-1145
-1066
-1269
-1416
-1347
-1157
-1053
-890
-955
-951
-793
-521
-325
-232
-85
7
185
411
770
943
1044
1192
1265
1349
1611
1951
2017
1992
1933
1934
2033
2135
2228
2180
1893
1554
1619
1682
1500
1270
1007
598
328
343
318
112
-310
-643
-759
-741
-886
-910
-1188
-1462
-1616
-1423
-1349
-1531
-1562
-1784
-1662
-1757
-1131
-1311
-1715
-1925
-1384
-1184
-1449
-1111
-1366
-1249
-1291
-820
-1022
-955
-1151
-953
-284
-209
-491
-612
-75
14
415
560
615
570
838
1136
1312
1576
1650
1912
1972
2101
2192
2262
2398
2416
2428
2080
2124
2168
2183
1947
1577
1395
1109
1106
754
632
206
-28
-299
-482
-648
-967
-1056
-1392
-1501
-1690
-1525
-1691
-1902
-2042
-2127
-2032
-1853
-1634
-1850
-1914
-1931
-1690
-1503
-1422
-1438
-1378
-1329
-1210
-785
-728
-895
-951
-825
-534
52
135
-335
-296
104
430
800
996
743
693
990
1232
1601
1792
1600
1617
1976
2067
2072
2219
2189
2007
2078
2167
2169
2005
1839
1731
1588
1353
1258
1249
944
626
443
255
38
-81
-392
-677
-869
-960
-1239
-1419
-1590
-1678
-1746
-2124
-2239
-2254
-2173
-2295
-2226
-2250
-2485
-2259
-2125
-2034
-2177
-2050
-1769
-1669
-1369
-1062
-902
-1167
-952
-618
-764
-277
496
553
24
86
447
779
1476
1443
1167
787
940
1371
1927
1951
1394
1368
1420
1945
2035
2032
1736
1851
1927
1906
2203
2257
2404
2242
2219
2017
2080
2221
2167
1949
1502
1181
963
900
654
162
-387
-891
-1126
-1231
-1515
-2040
-2652
-2980
-3180
-3169
-3415
-3642
-3822
-4161
-4183
-3827
-3522
-3692
-3631
-3202
-2979
-2632
-2185
-1957
-2427
-2236
-420
497
614
1050
691
-654
857
3848
3713
2870
2469
1791
2415
4753
5093
3919
3454
2341
2711
4232
4074
2447
2070
1744
1216
1774
1390
651
265
-32
-946
-796
-341
-407
-240
-639
-1084
-1116
-304
273
349
-175
-659
-162
645
1008
650
32
-387
-295
24
172
-144
-1028
-1610
-1618
-1812
-2235
-2501
-2947
-3587
-3816
-3782
-3941
-4078
-4180
-4231
-4055
-3680
-3249
-3111
-2941
-2736
-2268
-1455
-451
311
597
611
1001
2053
3080
3387
3588
3548
3492
4051
4804
4962
4590
4332
3946
4199
4189
3781
3241
2881
2338
1973
1856
1322
904
418
2
-482
-584
-743
-730
-720
-1083
-1252
-1181
-938
-817
-652
-794
-944
-805
-577
-539
-618
-616
-787
-928
-1139
-1065
-1357
-1641
-1821
-2014
-2395
-2785
-2904
-3363
-3309
-3507
-3462
-3572
-3279
-3495
-3595
-3295
-2793
-1818
-1261
-958
-1453
-713
444
1601
1977
2589
2636
2533
3412
4663
5143
4810
4778
4475
4797
4967
4949
4362
3961
3287
2840
2730
2270
1691
953
313
-369
-449
-639
-1029
-1246
-1612
-1921
-1960
-1527
-1503
-1528
-1381
-1290
-1130
-980
-540
-496
-464
-587
-482
-518
-554
-473
-785
-1157
-1526
-1510
-1894
-2225
-2651
-3016
-3242
-3467
-3317
-3507
-3620
-3993
-3951
-3919
-3215
-1932
-1438
-1710
-2048
-1132
56
1631
2351
2090
1776
2273
3840
5121
5588
4695
4332
4862
5573
5889
5394
4673
3905
3831
3520
3214
2598
1732
1025
343
-83
-638
-693
-1020
-1372
-1966
-2319
-2152
-1855
-1541
-1746
-1870
-2111
-1587
-916
-509
-651
-943
-841
-666
-151
-186
-478
-1023
-1207
-1274
-1383
-1642
-2202
-2623
-3113
-3239
-3307
-3307
-3624
-3934
-4317
-4445
-3337
-2227
-1727
-2322
-2397
-1894
-312
1319
1804
1666
1153
2000
3432
5172
5223
4658
4466
4922
5861
6130
5864
4843
4439
4124
3964
3603
2933
2076
1247
648
-45
-319
-506
-785
-1417
-2019
-2308
-2143
-1742
-1608
-1837
-2235
-2187
-1644
-914
-608
-802
-1181
-948
-487
-158
-228
-602
-1073
-1195
-1116
-1333
-1567
-2072
-2660
-3207
-3128
-3219
-3260
-3625
-4017
-4611
-4603
-3109
-1938
-1797
-2853
-2618
-1847
0
1515
1667
1193
851
2127
3743
5465
4964
4218
4393
5285
6191
6237
5765
4694
4573
4365
4186
3696
2803
2022
1321
697
-145
-212
-372
-785
-1443
-2213
-2369
-2049
-1507
-1653
-1961
-2440
-2231
-1417
-832
-677
-1005
-1242
-1119
-324
-108
-362
-770
-1079
-1214
-1163
-1261
-1708
-2069
-2642
-3164
-3282
-3203
-3307
-3539
-3903
-4601
-4807
-3250
-1778
-1699
-2801
-2753
-1912
-147
1736
1887
1165
716
2119
3777
5547
5252
4167
4248
5215
6239
6264
5879
4660
4355
4403
4206
3703
2855
2111
1210
673
-127
-323
-329
-663
-1467
-2323
-2393
-2085
-1505
-1581
-1920
-2438
-2207
-1335
-667
-551
-973
-1166
-1104
-264
93
-99
-700
-1047
-1157
-1057
-1063
-1563
-2055
-2636
-3078
-3353
-3236
-3368
-3592
-4097
-4533
-4983
-3789
-2178
-1739
-2803
-3083
-2183
-784
1390
1955
1344
558
1811
3472
5402
5711
4429
4167
5072
6303
6411
6293
5049
4331
4445
4453
4013
3138
2408
1374
740
41
-229
-264
-749
-1459
-2303
-2462
-2247
-1763
-1755
-2089
-2422
-2411
-1556
-798
-706
-1102
-1325
-1177
-449
125
-123
-777
-1091
-1111
-929
-946
-1425
-2030
-2469
-2824
-3029
-3010
-3160
-3541
-3935
-4313
-4730
-3510
-2041
-1827
-2944
-2858
-2128
-809
1281
1787
1175
551
1810
3231
5291
5406
4211
4176
5062
6028
6127
6216
4880
4321
4376
4356
3886
3091
2379
1377
786
-18
-195
-249
-772
-1499
-2197
-2295
-2153
-1789
-1765
-2018
-2264
-2221
-1392
-813
-784
-995
-1088
-989
-498
26
-240
-740
-952
-950
-1022
-1169
-1590
-2073
-2385
-2753
-3061
-3194
-3201
-3632
-3870
-4293
-4759
-3645
-1967
-1749
-3093
-2858
-2006
-628
1224
1840
1060
630
2007
3462
5286
5184
4016
4085
5331
6074
6044
5844
4604
4266
4544
4440
3704
2970
2165
1401
1034
217
-206
-372
-729
-1468
-2000
-2015
-1903
-1674
-1869
-2061
-2231
-1939
-1180
-760
-906
-1192
-1007
-775
-391
-223
-497
-795
-869
-827
-1089
-1451
-1816
-2073
-2274
-2718
-3159
-3457
-3466
-3447
-3740
-4102
-4828
-4197
-2526
-1437
-2298
-2898
-2040
-1023
862
2079
1977
957
1742
3304
4846
5588
4618
4196
4922
6059
5970
5797
5001
4227
4321
4313
3747
2838
2213
1446
1034
327
-410
-668
-865
-1334
-1873
-2108
-2246
-2046
-1898
-1962
-2094
-2059
-1623
-1027
-752
-897
-875
-806
-586
-309
-204
-518
-701
-862
-1082
-1264
-1538
-1860
-2221
-2500
-3123
-3335
-3451
-3445
-3672
-3899
-4490
-4662
-3148
-1701
-1585
-2548
-2251
-1544
79
1973
2500
1639
1251
2578
4163
5730
5429
4480
4496
5521
6093
6044
5694
4579
4137
4178
3928
3202
2469
1741
955
327
-475
-795
-930
-1219
-1757
-2350
-2648
-2475
-1953
-1867
-2044
-2341
-2172
-1438
-688
-634
-921
-1082
-982
-458
22
-170
-697
-1150
-1169
-1014
-1169
-1723
-2117
-2392
-3011
-3227
-3241
-3312
-3677
-3871
-4218
-4662
-3545
-1844
-1263
-2215
-2357
-1639
-321
1795
2660
2092
1239
2145
3773
5662
5962
4742
4392
5213
6126
6260
6078
4948
4099
4171
4005
3370
2647
1894
919
193
-477
-899
-985
-1212
-1730
-2441
-2821
-2642
-2005
-1823
-2048
-2461
-2346
-1605
-760
-607
-954
-1183
-1245
-619
50
-74
-715
-1185
-1248
-1151
-1115
-1634
-2158
-2426
-2977
-3296
-3313
-3211
-3586
-3963
-4230
-4777
-3764
-1912
-1043
-2150
-2524
-1629
-405
1790
2713
2337
1228
2154
3792
5648
6087
4802
4478
5176
6290
6224
6090
5052
4295
4303
4069
3450
2595
2061
1140
356
-475
-938
-883
-1084
-1563
-2374
-2760
-2646
-2099
-1819
-2070
-2407
-2437
-1713
-968
-819
-1097
-1241
-1206
-868
-255
-211
-766
-1128
-1174
-1183
-1339
-1601
-2062
-2436
-2771
-3170
-3239
-3271
-3447
-3974
-4071
-4622
-4192
-2251
-1040
-1918
-2778
-1666
-705
1231
2676
2498
1297
1835
3601
5218
6247
5142
4334
5043
6297
6339
6131
5513
4432
4365
4351
3723
2804
2251
1430
437
-212
-908
-912
-1087
-1449
-2257
-2844
-2797
-2401
-1826
-2080
-2324
-2583
-2033
-1216
-787
-920
-1267
-1255
-1059
-341
-64
-502
-1070
-1177
-1113
-1149
-1351
-1794
-2284
-2626
-2979
-3079
-3155
-3392
-3896
-4044
-4612
-4329
-2467
-1194
-1867
-2851
-1825
-986
888
2486
2553
1324
1499
3280
4943
6300
5273
4332
4840
6180
6368
6246
5786
4499
4318
4407
3900
2885
2301
1456
381
-261
-960
-1065
-1276
-1625
-2381
-2969
-2993
-2604
-1953
-2114
-2438
-2745
-2184
-1259
-701
-867
-1251
-1335
-1089
-215
172
-435
-1116
-1155
-1025
-1013
-1144
-1677
-2229
-2586
-2977
-2964
-2987
-3313
-3970
-4052
-4711
-4091
-2091
-1157
-2137
-2760
-1509
-713
1294
2603
2446
1393
1869
3560
5213
6341
5132
4498
5209
6255
6321
6310
5720
4428
4381
4358
3705
2772
2144
1266
222
-531
-1195
-1136
-1372
-2013
-2760
-3106
-2996
-2601
-2140
-2327
-2697
-2876
-2136
-1122
-741
-1100
-1279
-1274
-1013
-221
214
-430
-1131
-1195
-1044
-938
-1050
-1598
-2248
-2634
-3064
-2901
-2849
-3163
-3970
-4174
-4624
-4052
-2120
-1081
-1838
-2819
-1696
-575
1316
2599
2603
1590
1627
3374
5173
6395
5352
4475
4957
6046
6438
6380
5869
4438
4144
4224
3839
2951
2158
1269
175
-463
-1090
-1071
-1353
-1982
-2745
-3020
-2924
-2685
-2233
-2313
-2633
-2893
-2230
-1275
-747
-1002
-1217
-1282
-1138
-333
240
-147
-1064
-1209
-1024
-833
-893
-1440
-2087
-2653
-2946
-2851
-2723
-3036
-3896
-4172
-4533
-4224
-2449
-1063
-1647
-3012
-2003
-818
914
2530
2766
1526
1226
3154
4897
6380
5594
4422
4626
5934
6554
6438
6103
4578
4029
4221
4015
3099
2289
1426
226
-472
-1052
-1062
-1271
-1887
-2640
-3036
-3059
-2802
-2195
-2206
-2632
-2908
-2390
-1392
-642
-777
-1107
-1305
-1126
-408
322
46
-903
-1140
-1045
-857
-1000
-1322
-2000
-2635
-3114
-2993
-2879
-3138
-3846
-4266
-4738
-4604
-2550
-1193
-1620
-3077
-2147
-981
871
2690
2787
1737
1281
3197
4909
6635
5791
4515
4816
6042
6705
6532
6350
4750
4206
4315
4025
3147
2356
1526
200
-559
-1271
-1225
-1319
-1933
-2857
-3329
-3240
-2941
-2320
-2335
-2755
-3097
-2509
-1354
-591
-724
-1054
-1137
-956
-285
448
234
-622
-1006
-946
-834
-964
-1254
-1939
-2591
-3203
-3212
-3115
-3277
-3931
-4491
-4962
-4897
-2860
-1332
-1747
-3220
-2387
-980
756
2639
2870
1812
1319
3190
5142
6752
6013
4627
4974
6260
6887
6695
6482
4983
4299
4536
4231
3261
2434
1641
341
-454
-1160
-1220
-1285
-1898
-2938
-3438
-3301
-3015
-2463
-2482
-2997
-3369
-2670
-1533
-844
-994
-1334
-1395
-1128
-329
357
85
-804
-1057
-837
-762
-899
-1252
-1815
-2453
-2906
-2963
-2923
-3152
-3869
-4234
-4759
-4355
-2532
-1372
-2214
-3263
-2124
-871
1010
2387
2324
1263
1557
3391
5261
6556
5443
4471
5112
6513
6799
6732
6159
4750
4458
4701
4319
3306
2550
1488
372
-331
-821
-847
-1134
-1988
-3105
-3385
-3038
-2581
-2332
-2699
-3311
-3402
-2394
-1291
-965
-1388
-1814
-1722
-1099
-58
208
-522
-1286
-1175
-765
-746
-992
-1539
-2069
-2676
-2722
-2697
-2786
-3345
-3812
-4273
-4612
-3120
-1679
-1699
-3015
-2679
-1631
-141
1784
2199
1422
997
2399
3970
5817
5927
4638
4536
5657
6539
6550
6538
5289
4412
4560
4478
3886
3010
2248
969
189
-502
-593
-504
-1162
-2312
-3259
-2973
-2453
-1962
-2211
-2827
-3300
-2902
-1533
-812
-1066
-1720
-1844
-1643
-742
147
-132
-1168
-1703
-1417
-1026
-873
-1392
-2073
-2787
-3161
-3028
-2675
-2892
-3752
-4285
-4976
-4065
-2062
-1225
-2405
-3243
-2435
-1182
1181
2454
1859
714
1412
3072
5122
6397
5258
4273
4891
6222
6619
6911
6118
4655
4424
4641
4408
3648
2928
1702
635
-82
-453
-198
-399
-1378
-2785
-3166
-2601
-1795
-1645
-2268
-2979
-3189
-2181
-889
-583
-1239
-1715
-1866
-1381
-259
291
-627
-1688
-1894
-1481
-1065
-1084
-1839
-2759
-3403
-3349
-2952
-2839
-3522
-4355
-5016
-4913
-2840
-1517
-1898
-3324
-3017
-1947
94
2088
2086
1085
806
2347
4184
6095
5768
4522
4579
5737
6531
6799
6662
5314
4569
4653
4581
4072
3383
2436
1122
234
-397
-318
-201
-836
-2174
-3219
-3021
-2239
-1614
-1960
-2739
-3287
-2826
-1487
-705
-900
-1516
-1811
-1715
-814
173
-99
-1162
-1795
-1580
-1233
-956
-1357
-2222
-3069
-3303
-3013
-2866
-3240
-4034
-4673
-5076
-3589
-1824
-1680
-3102
-3334
-2242
-589
1520
2104
1352
762
1928
3694
5657
6049
4779
4538
5662
6586
6723
6782
5861
4906
4848
4777
4239
3542
2832
1622
529
-301
-527
-340
-663
-1764
-3094
-3354
-2686
-1842
-1862
-2590
-3307
-3217
-1941
-855
-810
-1446
-1791
-1735
-1027
-41
65
-840
-1583
-1622
-1271
-1022
-1221
-1975
-2863
-3314
-3203
-2940
-3218
-3866
-4585
-5213
-4288
-2343
-1657
-2894
-3447
-2641
-1337
831
2047
1677
747
1530
3027
5013
6102
5205
4561
5266
6348
6568
6882
6259
5195
4916
4876
4396
3726
3260
2195
966
-36
-485
-254
-327
-1155
-2595
-3274
-2910
-1959
-1576
-2133
-3007
-3332
-2320
-1013
-620
-1163
-1646
-1774
-1299
-286
208
-472
-1400
-1630
-1381
-1131
-1136
-1602
-2533
-3274
-3374
-3056
-3055
-3483
-4270
-5169
-5105
-3284
-1660
-2061
-3348
-3326
-2202
-277
1738
2193
1213
704
1985
4055
5959
5866
4735
4649
5656
6510
6847
6781
5569
4825
4852
4741
4097
3477
2762
1413
409
-361
-372
-237
-683
-2024
-3190
-3106
-2458
-1704
-1777
-2559
-3356
-2943
-1526
-725
-817
-1396
-1752
-1646
-750
167
-55
-967
-1566
-1458
-1254
-1118
-1334
-1992
-2923
-3362
-3204
-3013
-3243
-3859
-4658
-5335
-4171
-2223
-1523
-2787
-3475
-2760
-1095
1088
2065
1680
756
1347
3100
5348
6085
5005
4493
5202
6237
6634
6774
5997
4975
4807
4776
4383
3647
3010
1946
779
-74
-465
-270
-484
-1418
-2803
-3271
-2725
-1961
-1668
-2288
-3085
-3262
-2133
-981
-769
-1247
-1740
-1759
-1098
-32
67
-662
-1359
-1381
-1223
-1043
-1209
-1776
-2440
-3048
-3085
-3119
-3170
-3772
-4238
-4961
-4553
-2770
-1858
-2466
-3357
-2665
-1628
372
1672
1578
982
1271
2752
4492
5785
5125
4600
5196
6030
6444
6527
6162
5227
4978
4859
4351
3781
3125
2330
1139
220
-410
-378
-361
-1091
-2269
-3207
-2849
-2081
-1625
-2122
-2834
-3074
-2362
-1152
-772
-1117
-1675
-1709
-1180
-285
55
-492
-1239
-1464
-1227
-1033
-1229
-1720
-2376
-2983
-3115
-3125
-3251
-3808
-4243
-4976
-4579
-2933
-1994
-2652
-3399
-2650
-1702
145
1470
1538
799
1189
2690
4322
5459
4963
4582
5128
6056
6367
6392
6043
5236
5059
4998
4442
3727
3196
2483
1345
391
-302
-407
-373
-893
-2045
-3112
-2981
-2204
-1646
-2026
-2730
-3035
-2398
-1243
-726
-990
-1563
-1684
-1229
-389
114
-267
-1102
-1445
-1238
-999
-1086
-1527
-2334
-3028
-3140
-3119
-3259
-3765
-4349
-5129
-4714
-2982
-2027
-2668
-3577
-2913
-1828
122
1594
1605
675
908
2667
4476
5633
5059
4490
4986
6138
6654
6590
6097
5195
5035
5197
4660
3813
3187
2500
1322
376
-270
-479
-514
-1032
-2061
-3138
-3114
-2406
-1773
-2042
-2795
-3143
-2494
-1276
-701
-923
-1506
-1721
-1268
-346
257
-129
-1009
-1396
-1186
-905
-911
-1390
-2249
-3081
-3176
-3062
-3202
-3824
-4443
-5132
-4876
-3082
-2036
-2594
-3692
-3045
-1940
7
1603
1668
796
832
2532
4376
5807
5297
4549
4931
6086
6721
6739
6385
5371
4995
5114
4731
3956
3254
2537
1261
275
-341
-484
-588
-1167
-2184
-3219
-3174
-2506
-1878
-2149
-2893
-3285
-2610
-1362
-743
-938
-1506
-1768
-1362
-342
321
-16
-907
-1290
-1204
-900
-759
-1186
-2105
-3049
-3128
-3095
-3063
-3712
-4423
-5325
-4932
-3059
-2082
-2710
-3821
-3123
-2091
-57
1416
1507
679
850
2476
4285
5727
5236
4593
5002
6152
6687
6749
6476
5527
5076
5058
4763
4012
3286
2511
1318
311
-335
-415
-542
-1143
-2204
-3115
-3033
-2372
-1780
-2036
-2694
-3112
-2457
-1211
-577
-845
-1374
-1542
-1235
-300
359
58
-830
-1272
-1287
-1027
-826
-1263
-2187
-3087
-3262
-3292
-3181
-3803
-4606
-5490
-4922
-3119
-2252
-3059
-4028
-3147
-1954
-67
1164
1191
422
964
2685
4328
5438
5042
4597
5163
6352
6684
6639
6395
5629
5229
5175
4776
3984
3357
2522
1314
299
-337
-474
-538
-1162
-2311
-3170
-3019
-2366
-1836
-2071
-2745
-3088
-2419
-1121
-542
-862
-1419
-1454
-1074
-205
462
161
-688
-1230
-1201
-902
-723
-1146
-2128
-3027
-3380
-3277
-3146
-3778
-4767
-5555
-4729
-3045
-2358
-3287
-3998
-3162
-1732
161
1218
983
344
1206
2993
4533
5338
4997
4721
5397
6486
6775
6589
6272
5693
5398
5137
4605
3877
3273
2339
1109
60
-598
-724
-755
-1372
-2596
-3403
-3172
-2459
-2061
-2298
-2905
-3152
-2463
-1192
-590
-912
-1445
-1439
-910
-110
503
264
-489
-1079
-1042
-751
-640
-998
-1964
-2910
-3359
-3281
-3156
-3713
-4695
-5537
-4610
-3033
-2497
-3281
-3777
-3028
-1752
279
1345
1147
487
1382
3191
4690
5434
5119
5011
5530
6588
6945
6736
6289
5755
5548
5154
4551
3763
3166
2192
945
-134
-834
-996
-1074
-1596
-2828
-3672
-3448
-2726
-2402
-2619
-3090
-3311
-2651
-1449
-770
-982
-1449
-1390
-801
-12
478
330
-275
-818
-817
-652
-577
-934
-1767
-2672
-3190
-3283
-3324
-3686
-4593
-5438
-4631
-3129
-2668
-3496
-3681
-2966
-1752
103
1363
1188
551
1556
3311
4822
5444
5268
5095
5704
6729
7068
6876
6305
5706
5546
5335
4560
3659
3093
2094
847
-137
-746
-1085
-1217
-1675
-2867
-3648
-3454
-2776
-2563
-2715
-3093
-3246
-2570
-1534
-851
-1021
-1345
-1332
-709
112
473
293
-321
-688
-777
-572
-578
-978
-1779
-2550
-3013
-3239
-3336
-3748
-4621
-5366
-4366
-2966
-2803
-3877
-3810
-2880
-1560
131
1159
775
313
1686
3506
4932
5239
4961
4950
5932
6886
7013
6789
6162
5601
5585
5471
4549
3579
2989
2004
820
-108
-668
-1044
-1245
-1834
-2975
-3612
-3371
-2784
-2666
-2872
-3244
-3261
-2448
-1461
-964
-1214
-1425
-1304
-595
280
563
196
-407
-550
-574
-353
-519
-982
-1804
-2358
-2759
-3027
-3240
-3838
-4654
-5184
-3897
-2832
-2969
-4159
-3871
-2804
-1363
242
838
398
111
1767
3611
5034
5063
4655
4936
6063
6980
6990
6800
6056
5575
5671
5502
4645
3589
2907
1862
848
-59
-616
-944
-1341
-2041
-3129
-3525
-3295
-2789
-2757
-3035
-3348
-3224
-2291
-1377
-1038
-1353
-1462
-1190
-447
385
604
136
-374
-452
-356
-234
-490
-1077
-1872
-2341
-2612
-2817
-3189
-3942
-4782
-5043
-3722
-2770
-3066
-4205
-3973
-2863
-1320
242
670
208
34
1630
3532
4990
5026
4592
4874
5952
6893
7086
6904
6111
5618
5676
5520
4778
3785
2977
1886
862
5
-470
-827
-1354
-2150
-3199
-3539
-3240
-2758
-2804
-3139
-3434
-3235
-2264
-1330
-1043
-1333
-1446
-1148
-387
432
605
121
-295
-428
-299
-191
-419
-1162
-2045
-2461
-2632
-2777
-3286
-4083
-5032
-5211
-3825
-2754
-3097
-4329
-4093
-2936
-1311
277
689
184
1
1664
3570
5009
5070
4645
4906
5894
6885
7079
6940
6159
5664
5633
5427
4788
3908
3110
1888
773
-54
-442
-685
-1218
-2077
-3245
-3549
-3117
-2554
-2643
-3112
-3457
-3247
-2159
-1196
-951
-1342
-1504
-1200
-388
409
539
7
-416
-579
-398
-243
-426
-1200
-2117
-2534
-2672
-2736
-3241
-4034
-5050
-5357
-3870
-2590
-2889
-4333
-4138
-2959
-1319
431
827
202
-113
1723
3615
5091
5153
4627
4892
5975
7019
7029
6947
6240
5742
5727
5443
4757
3951
3327
2015
760
-126
-570
-640
-1082
-1959
-3334
-3723
-3265
-2585
-2601
-3217
-3674
-3540
-2321
-1248
-953
-1485
-1755
-1437
-560
355
559
76
-515
-739
-570
-264
-349
-999
-1910
-2568
-2804
-2760
-2963
-3706
-4808
-5471
-4222
-2595
-2603
-3947
-4181
-3213
-1704
385
1142
353
-172
1363
3465
5019
5405
4730
4745
5885
7052
7205
6948
6332
5755
5836
5601
4776
3973
3398
2334
993
8
-617
-694
-913
-1726
-3065
-3788
-3432
-2724
-2488
-3073
-3676
-3691
-2638
-1414
-1000
-1424
-1832
-1636
-863
139
530
168
-374
-735
-740
-397
-230
-739
-1622
-2429
-2917
-2873
-2754
-3277
-4407
-5358
-4687
-3049
-2375
-3367
-4138
-3650
-2274
-190
1082
714
-140
694
2729
4599
5360
4935
4615
5427
6696
7174
6983
6426
5863
5770
5637
4893
4031
3447
2653
1417
230
-535
-693
-729
-1349
-2595
-3598
-3542
-2826
-2301
-2641
-3355
-3623
-2844
-1576
-914
-1119
-1546
-1525
-949
-8
550
366
-159
-527
-595
-391
-226
-590
-1347
-2272
-2776
-2869
-2809
-3296
-4155
-5088
-5038
-3551
-2480
-3049
-4205
-3850
-2662
-844
651
845
37
209
2018
3977
5156
4964
4494
5010
6265
6943
6900
6568
5887
5594
5573
5074
4179
3515
2845
1658
483
-370
-592
-613
-1059
-2229
-3339
-3540
-2944
-2262
-2360
-3107
-3646
-3101
-1841
-980
-1042
-1471
-1608
-1189
-300
429
423
-262
-676
-675
-394
-325
-568
-1264
-2262
-2633
-2670
-2703
-3379
-4024
-4865
-4960
-3564
-2355
-2839
-4106
-3745
-2591
-925
614
955
234
195
1830
3778
5150
5108
4471
4926
6144
6928
6950
6746
5973
5527
5617
5268
4423
3631
2962
1801
619
-262
-559
-606
-1071
-2137
-3264
-3620
-3154
-2411
-2356
-3095
-3745
-3400
-2109
-1099
-1034
-1507
-1732
-1443
-585
355
491
-164
-766
-847
-609
-375
-459
-1175
-2195
-2728
-2724
-2753
-3192
-3927
-4779
-5049
-3786
-2403
-2562
-3791
-3799
-2685
-1044
614
1204
605
263
1590
3573
5119
5297
4707
4824
5884
6746
6927
6741
6088
5513
5422
5197
4453
3656
2959
1947
670
-290
-613
-678
-1089
-2045
-3101
-3628
-3307
-2507
-2300
-2900
-3646
-3458
-2337
-1215
-966
-1342
-1648
-1609
-846
167
553
91
-572
-879
-875
-527
-366
-900
-1943
-2774
-2857
-2850
-3011
-3741
-4580
-5167
-4255
-2637
-2295
-3468
-3940
-2938
-1305
406
1335
958
328
1268
3237
5033
5399
4944
4795
5759
6665
6927
6835
6343
5804
5504
5319
4531
3749
3113
2251
954
-212
-688
-743
-944
-1781
-2904
-3628
-3460
-2603
-2176
-2666
-3519
-3541
-2560
-1335
-873
-1182
-1601
-1648
-1000
-10
557
220
-458
-920
-947
-680
-519
-906
-1818
-2762
-3032
-3017
-3102
-3826
-4534
-5273
-4670
-3076
-2294
-3313
-4114
-3162
-1772
70
1163
1194
299
940
2867
4717
5458
4928
4761
5444
6631
6940
6896
6441
5800
5636
5453
4802
3816
3252
2448
1264
94
-585
-665
-833
-1448
-2597
-3484
-3482
-2696
-2038
-2480
-3294
-3536
-2656
-1425
-788
-1007
-1598
-1613
-1049
-25
531
279
-390
-863
-776
-607
-427
-911
-1640
-2548
-2815
-2953
-3142
-3737
-4492
-5187
-4895
-3209
-2434
-3215
-4173
-3321
-2075
-332
1072
1217
369
614
2580
4452
5443
5048
4674
5238
6434
7064
7003
6530
5745
5522
5531
4985
4022
3240
2483
1316
202
-518
-698
-853
-1498
-2521
-3497
-3565
-2924
-2159
-2402
-3214
-3565
-2838
-1503
-783
-858
-1470
-1636
-1152
-166
563
338
-332
-827
-795
-624
-521
-729
-1588
-2474
-2874
-2911
-3191
-3687
-4336
-5205
-5125
-3557
-2429
-3059
-4049
-3552
-2275
-561
1038
1288
587
560
2353
4309
5525
5276
4738
5230
6377
7181
7129
6729
5890
5597
5654
5201
4243
3392
2666
1547
396
-439
-792
-948
-1416
-2365
-3419
-3740
-3202
-2449
-2428
-3111
-3663
-3233
-1948
-970
-886
-1400
-1740
-1410
-465
468
491
-95
-733
-846
-739
-512
-565
-1276
-2327
-2939
-2959
-3070
-3458
-4092
-4962
-5308
-3951
-2477
-2664
-3875
-3827
-2621
-850
876
1405
728
434
1920
4046
5461
5429
4822
5099
6225
7153
7224
6803
6080
5626
5658
5285
4401
3492
2796
1743
534
-400
-857
-1023
-1329
-2147
-3280
-3797
-3355
-2523
-2383
-2902
-3547
-3322
-2213
-1005
-711
-1197
-1603
-1386
-486
423
727
226
-445
-842
-797
-479
-497
-1165
-2230
-2923
-3147
-3177
-3435
-4088
-4999
-5580
-4381
-2784
-2571
-3899
-4177
-3073
-1335
581
1479
921
200
1509
3753
5415
5632
5074
5055
5999
7154
7403
7061
6322
5712
5665
5448
4659
3687
3010
1942
651
-317
-789
-986
-1256
-1974
-3186
-3872
-3533
-2659
-2392
-2871
-3547
-3432
-2380
-1122
-649
-1088
-1560
-1437
-550
337
790
343
-365
-854
-802
-447
-491
-1079
-2159
-2897
-3166
-3224
-3470
-4196
-5113
-5781
-4593
-2917
-2770
-4082
-4439
-3213
-1616
439
1395
836
134
1466
3808
5427
5804
5212
5191
6157
7340
7622
7273
6589
5965
5939
5696
4829
3900
3231
2197
819
-205
-772
-953
-1109
-1853
-3117
-3913
-3582
-2753
-2393
-2855
-3593
-3512
-2465
-1180
-719
-1129
-1672
-1546
-687
160
648
232
-502
-1017
-940
-652
-668
-1150
-2214
-3074
-3314
-3376
-3567
-4320
-5197
-5830
-4604
-2944
-2967
-4156
-4424
-3030
-1527
440
1241
657
231
1675
4046
5390
5676
5178
5364
6455
7501
7710
7245
6710
6232
6220
5866
4851
3964
3296
2340
912
-160
-776
-951
-1067
-1875
-3159
-3922
-3511
-2755
-2457
-2927
-3608
-3480
-2406
-1187
-778
-1191
-1677
-1418
-555
226
661
285
-436
-935
-889
-639
-699
-1158
-2387
-3210
-3500
-3491
-3747
-4519
-5494
-6125
-4495
-2983
-3209
-4602
-4465
-2969
-1412
600
1098
397
24
1983
4358
5451
5485
4956
5444
6621
7717
7674
7137
6620
6242
6371
5893
4813
3782
3165
2202
838
-159
-831
-998
-1203
-2010
-3263
-3832
-3365
-2703
-2437
-2886
-3474
-3290
-2194
-1036
-690
-1073
-1490
-1160
-384
415
810
385
-364
-936
-816
-577
-497
-1210
-2563
-3411
-3695
-3510
-3826
-4569
-6032
-6263
-4280
-2804
-3405
-4833
-4325
-3042
-1040
1003
1336
205
27
2370
4654
5837
5558
4997
5485
6850
7901
7763
7311
6559
6228
6349
5905
4793
3793
3118
1918
675
-241
-796
-1013
-1336
-2310
-3495
-3821
-3318
-2746
-2618
-3097
-3571
-3259
-2129
-1076
-854
-1303
-1594
-1196
-455
353
625
161
-706
-1180
-1001
-624
-588
-1512
-2856
-3712
-3828
-3700
-4010
-4952
-6426
-6077
-4041
-2899
-4007
-4938
-4142
-2752
-658
1139
1182
-11
536
2953
5105
5974
5626
5283
6010
7387
8120
8015
7444
6694
6477
6542
5881
4784
3919
3016
1715
601
-183
-708
-987
-1519
-2586
-3557
-3624
-3116
-2708
-2831
-3255
-3452
-2949
-1880
-1044
-1014
-1500
-1540
-1039
-318
351
453
-111
-892
-1159
-884
-585
-809
-1928
-2984
-3563
-3658
-3775
-4273
-5422
-6478
-5123
-3389
-3375
-4948
-4897
-3595
-2094
-9
914
291
-387
1464
3845
5378
5611
5126
5426
6688
8000
8102
7793
7095
6627
6809
6594
5550
4350
3609
2530
1341
362
-458
-935
-1321
-1972
-3106
-3701
-3592
-3060
-2809
-3139
-3463
-3354
-2476
-1541
-999
-1222
-1497
-1226
-631
97
468
302
-317
-723
-809
-690
-680
-1190
-2265
-3061
-3470
-3705
-4030
-4776
-5984
-6068
-4168
-3276
-4275
-5369
-4379
-3000
-1137
571
483
-393
188
2677
4599
5653
5287
4911
5813
7478
8185
7924
7523
6763
6638
6817
6310
5077
4039
3058
1881
934
52
-614
-1073
-1568
-2532
-3374
-3524
-3205
-2828
-2963
-3295
-3379
-2835
-1877
-1167
-1136
-1464
-1309
-817
-245
278
336
-104
-566
-709
-738
-806
-999
-1817
-2728
-3410
-3807
-3984
-4540
-5571
-6355
-4978
-3642
-3992
-5263
-4931
-3536
-1996
26
528
-207
-362
1813
4094
5369
5487
4998
5441
6930
8185
8146
7755
7114
6764
6978
6697
5727
4609
3625
2418
1432
649
-170
-708
-1291
-2085
-3071
-3313
-3172
-2890
-2994
-3361
-3437
-3149
-2270
-1533
-1238
-1620
-1554
-1090
-587
-4
234
-14
-627
-805
-825
-809
-885
-1598
-2564
-3371
-3797
-4010
-4304
-5368
-6513
-5655
-3884
-3872
-5250
-5460
-4162
-2693
-613
531
-205
-835
846
3652
5173
5502
5021
5250
6542
8034
8387
7952
7340
6869
7173
7065
6145
5088
4228
3043
1800
1063
290
-309
-877
-1709
-2783
-3293
-3078
-2819
-2777
-3315
-3608
-3338
-2440
-1615
-1304
-1519
-1713
-1182
-611
11
288
168
-377
-703
-651
-690
-714
-1224
-2150
-3023
-3529
-3824
-4109
-4838
-6159
-6202
-4307
-3590
-4831
-5821
-4767
-3426
-1600
162
-58
-1000
-275
2512
4567
5495
5097
4916
5995
7543
8307
8090
7662
6961
7027
7254
6531
5490
4626
3601
2193
1261
548
-138
-586
-1424
-2516
-3417
-3351
-3009
-2753
-3101
-3767
-3763
-3005
-1862
-1354
-1407
-1770
-1547
-837
-92
472
369
-72
-598
-581
-467
-433
-808
-1769
-2728
-3306
-3547
-3831
-4434
-5644
-6541
-5172
-3506
-4036
-5690
-5564
-4072
-2542
-479
124
-802
-1079
1097
3685
5175
5371
4750
5311
6904
8107
8129
7903
7375
6943
7209
6960
5940
4972
4184
2945
1677
871
162
-273
-814
-1823
-2976
-3406
-3002
-2609
-2588
-3216
-3675
-3371
-2263
-1260
-1173
-1543
-1683
-1193
-531
258
553
109
-466
-757
-588
-524
-554
-1350
-2330
-3133
-3657
-3836
-4258
-5092
-6632
-5760
-3994
-3707
-5490
-5883
-4479
-3334
-1203
-69
-466
-1639
231
2982
4654
5134
4660
4986
6179
7995
8152
7912
7426
7033
7309
7299
6430
5065
4440
3585
2277
1261
318
-173
-635
-1259
-2487
-3345
-3229
-2796
-2483
-2902
-3432
-3650
-2766
-1542
-1066
-1431
-1794
-1429
-853
-53
487
316
-326
-756
-675
-578
-475
-987
-1939
-2769
-3394
-3723
-4073
-4596
-6114
-6519
-4483
-3389
-4684
-6270
-4999
-3707
-2132
-240
-76
-1327
-1082
2172
4242
5194
4756
4660
5623
7403
8480
8058
7719
6977
7189
7588
7071
5629
4526
3907
2875
1884
781
-198
-627
-1093
-1967
-3005
-3396
-3214
-2872
-2819
-3296
-3577
-3347
-2236
-1304
-1192
-1658
-1681
-1152
-499
320
583
163
-532
-780
-689
-445
-520
-1397
-2447
-3167
-3593
-3713
-4104
-5102
-6686
-5756
-3748
-3603
-5410
-5859
-4364
-3260
-1091
110
-403
-1544
250
3125
4729
5214
4641
5055
6325
7972
8206
7994
7481
6945
7391
7371
6372
5046
4318
3499
2436
1435
199
-474
-785
-1358
-2349
-3167
-3317
-3063
-2684
-2914
-3313
-3442
-2830
-1673
-1030
-1144
-1553
-1353
-898
-128
590
567
42
-654
-797
-762
-487
-843
-1843
-2935
-3727
-3837
-4004
-4472
-6037
-6668
-5081
-3637
-4379
-5844
-5277
-4150
-2435
-326
111
-1075
-1049
1510
3718
5038
4979
4613
5380
7014
8101
8055
7848
7029
7028
7498
7010
5735
4741
3985
2901
2062
981
-151
-598
-900
-1647
-2674
-3173
-3121
-2707
-2575
-3031
-3336
-3205
-2242
-1272
-948
-1316
-1556
-1248
-700
206
508
321
-359
-804
-938
-644
-538
-1241
-2367
-3379
-3853
-3888
-4061
-5211
-6588
-5869
-3823
-3738
-5268
-5699
-4406
-3242
-954
467
-460
-1500
210
3120
4649
5262
4565
4707
6211
7927
8309
7927
7244
6662
7373
7526
6456
5111
4153
3149
2292
1719
363
-522
-916
-1432
-2421
-3012
-3063
-3039
-2746
-3028
-3284
-3382
-2680
-1736
-1190
-1290
-1627
-1399
-1081
-273
287
338
-292
-906
-1030
-816
-498
-1050
-2068
-3160
-3769
-3800
-3767
-4645
-6379
-6251
-4081
-3256
-4635
-5684
-4601
-3503
-1455
614
289
-1253
-563
2623
4544
5464
4899
4550
5524
7373
8301
7864
7267
6350
6685
7112
6550
5190
4052
3118
2137
1651
693
-245
-802
-1365
-2174
-2772
-2733
-2767
-2556
-2656
-2979
-3046
-2561
-1591
-1083
-1096
-1491
-1395
-1151
-602
87
128
-513
-1245
-1324
-1183
-918
-1190
-2171
-3146
-3852
-3821
-3696
-4154
-5819
-6210
-4020
-2851
-3831
-5199
-4274
-3322
-1518
738
813
-702
-766
2135
4188
5381
4918
4334
4879
6475
7605
7310
6855
5877
5965
6384
6057
4920
3850
3124
2268
1770
957
166
-223
-735
-1437
-2078
-2091
-2128
-1922
-1951
-2375
-2586
-2324
-1412
-940
-960
-1474
-1533
-1422
-1013
-376
-320
-897
-1607
-1764
-1787
-1541
-1565
-2329
-3140
-3779
-3961
-3916
-3982
-5068
-5712
-3693
-2488
-3302
-4811
-3732
-2659
-1284
727
832
-424
-831
1852
3689
4884
4358
3723
4299
5836
6873
6454
6193
5362
5490
6069
5838
4672
3622
3161
2524
2114
1390
585
348
-35
-724
-1474
-1470
-1478
-1374
-1501
-2048
-2386
-2249
-1396
-1029
-1289
-1973
-2003
-1758
-1421
-962
-954
-1498
-2020
-1983
-1927
-1859
-1931
-2573
-3075
-3409
-3664
-3937
-4032
-4729
-5067
-2997
-1926
-3029
-4673
-3288
-1905
-645
880
676
-554
-728
2017
3647
4488
3757
3269
4135
5782
6682
6115
5835
5149
5494
6199
5996
4771
3734
3312
2750
2345
1619
879
649
226
-597
-1352
-1367
-1314
-1244
-1497
-2209
-2581
-2357
-1509
-1181
-1596
-2345
-2434
-2053
-1618
-1030
-1081
-1687
-2224
-1973
-1686
-1546
-1661
-2527
-3009
-3277
-3208
-3604
-3854
-4850
-5130
-2937
-1700
-2827
-4768
-3504
-2087
-588
838
595
-809
-978
1795
3577
4355
3510
3020
3977
5686
6649
6158
5858
5138
5488
6237
6049
4920
3853
3367
2605
2282
1556
787
441
1
-850
-1632
-1583
-1611
-1491
-1747
-2387
-2798
-2531
-1655
-1227
-1470
-2191
-2287
-1908
-1413
-771
-605
-1154
-1794
-1606
-1229
-979
-1086
-1937
-2739
-3061
-3018
-3182
-3604
-4658
-5495
-3643
-1998
-2747
-4714
-4163
-2615
-1392
444
621
-621
-1282
1119
3321
4298
4003
3291
3962
5463
6729
6540
6302
5727
5613
6265
6188
5289
4173
3536
2668
2098
1533
592
148
-313
-1083
-1952
-1997
-1969
-1940
-1929
-2402
-2781
-2737
-1896
-1247
-1186
-1698
-1881
-1498
-1123
-551
-155
-487
-1170
-1268
-937
-784
-856
-1592
-2537
-3018
-3274
-3406
-3892
-4713
-5925
-4500
-2748
-3265
-5161
-5023
-3259
-2188
-94
343
-655
-1501
723
3206
4320
4464
3659
4200
5560
7058
6970
6725
6259
5879
6474
6520
5691
4414
3658
2819
2008
1545
600
34
-614
-1340
-2160
-2300
-2125
-2239
-2101
-2522
-2726
-2699
-1860
-1194
-1121
-1441
-1622
-1145
-864
-382
-44
-136
-789
-1098
-910
-863
-884
-1475
-2328
-3059
-3487
-3689
-4071
-4701
-5981
-5033
-3138
-3182
-5115
-5452
-3623
-2361
-330
553
-211
-1314
489
3316
4674
4942
4093
4374
5619
7287
7368
6920
6354
5807
6256
6506
5832
4401
3448
2621
1760
1234
508
-72
-754
-1576
-2386
-2645
-2302
-2290
-2199
-2614
-2892
-2785
-1901
-1000
-985
-1344
-1613
-1094
-669
-271
-25
-105
-482
-971
-966
-1015
-1003
-1399
-2119
-2804
-3522
-3776
-4040
-4371
-5622
-5578
-3671
-2908
-4304
-5491
-4145
-2698
-985
509
269
-827
-229
2585
4474
5166
4523
4294
5352
6898
7619
7154
6656
5934
6100
6470
6040
4835
3644
2850
1947
1214
478
-37
-545
-1389
-2317
-2876
-2747
-2478
-2290
-2592
-3094
-3137
-2432
-1309
-812
-1136
-1507
-1231
-608
-185
137
177
-40
-435
-814
-883
-960
-1018
-1658
-2382
-3217
-3795
-3867
-4087
-4773
-6096
-5032
-3399
-3299
-4938
-5010
-3605
-2485
-394
534
-30
-1007
822
3332
4832
5121
4449
4722
5943
7452
7606
7210
6468
5942
6383
6460
5540
4151
3251
2471
1542
796
75
-355
-995
-1792
-2637
-2915
-2732
-2406
-2244
-2738
-3141
-2961
-1863
-860
-666
-1064
-1141
-686
-221
225
543
450
65
-396
-708
-902
-852
-1046
-1940
-2968
-3798
-3944
-4043
-4352
-5689
-6520
-4849
-3297
-3679
-5307
-4760
-3724
-2041
194
744
-407
-930
1625
3886
5342
5176
4614
5026
6482
7893
7797
7324
6277
6120
6610
6280
5042
3743
2997
1945
1131
350
-405
-826
-1348
-2100
-3056
-3150
-2854
-2309
-2257
-2818
-3200
-2874
-1593
-691
-554
-987
-1017
-587
-65
472
721
538
4
-503
-814
-803
-701
-1135
-2296
-3413
-4000
-4060
-4130
-4763
-6285
-6546
-4342
-3002
-4084
-5479
-4525
-3219
-1249
866
912
-596
-415
2530
4775
5773
5256
4770
5494
7190
8218
7860
7110
6190
6247
6678
5994
4516
3329
2594
1506
657
-132
-915
-1297
-1713
-2500
-3456
-3450
-2941
-2384
-2439
-2948
-3192
-2668
-1384
-616
-516
-886
-928
-505
150
635
746
608
62
-586
-891
-615
-556
-1211
-2477
-3454
-3989
-4052
-4185
-4913
-6433
-6280
-3956
-2959
-4376
-5469
-4231
-2906
-797
1094
915
-690
-38
2898
5076
5899
5175
4796
5650
7384
8092
7753
6888
5960
6114
6569
5834
4287
3169
2301
1217
476
-276
-1010
-1411
-1839
-2732
-3539
-3430
-2882
-2425
-2541
-2918
-3069
-2364
-1207
-477
-458
-836
-896
-339
414
746
753
565
10
-602
-724
-504
-756
-1502
-2552
-3395
-3923
-4031
-4411
-5198
-6480
-6042
-3973
-3144
-4486
-5475
-4222
-2873
-610
1056
898
-683
162
2940
5018
5989
5309
4931
5534
7362
8000
7744
6805
5808
5906
6320
5752
4238
3216
2177
1076
327
-323
-989
-1295
-1746
-2706
-3508
-3362
-2775
-2267
-2340
-2765
-2898
-2202
-978
-168
-139
-726
-836
-198
617
951
835
391
-251
-666
-711
-593
-1028
-1858
-2820
-3510
-3856
-4123
-4558
-5405
-6372
-6126
-4075
-3086
-4182
-5360
-4395
-2751
-718
1128
927
-313
105
2789
4867
6018
5605
4866
5473
7122
8044
7638
6887
5805
5689
6144
5603
4273
3198
2288
1102
302
-354
-1117
-1297
-1620
-2456
-3396
-3461
-2958
-2344
-2197
-2666
-2857
-2421
-1268
-234
72
-549
-884
-346
488
911
885
398
-296
-742
-804
-597
-1008
-1818
-2744
-3311
-3690
-4030
-4367
-5044
-5786
-6025
-4374
-3035
-3526
-4870
-4463
-2791
-1177
731
1139
271
-78
2052
4440
5685
5645
4777
5151
6491
7691
7521
6856
5899
5413
5876
5557
4437
3243
2439
1369
449
-214
-1027
-1216
-1401
-2059
-3059
-3351
-3032
-2470
-2093
-2416
-2753
-2569
-1596
-530
-16
-317
-689
-471
126
670
850
568
-4
-520
-808
-762
-915
-1440
-2211
-2940
-3554
-3918
-4148
-4494
-5124
-5772
-5225
-3607
-2933
-3949
-4539
-3482
-1958
-192
1239
1025
-50
747
3345
5157
5593
4954
4695
5474
6936
7523
6997
6098
5375
5539
5665
5016
3741
2775
1812
895
141
-527
-937
-1132
-1633
-2616
-3160
-3100
-2565
-2137
-2175
-2678
-2810
-2123
-1025
-231
-254
-657
-793
-326
381
790
804
312
-315
-748
-739
-652
-1016
-1590
-2515
-3252
-3743
-3880
-4116
-4736
-5575
-5875
-4272
-2864
-3244
-4524
-4162
-2700
-986
1109
1470
193
-146
2242
4547
5463
5208
4413
4685
6074
7317
7056
6225
5364
5139
5599
5325
4172
3064
2199
1229
429
-74
-658
-903
-1242
-2081
-2876
-3028
-2541
-2009
-1827
-2428
-2828
-2373
-1274
-357
-145
-615
-1010
-605
169
724
793
385
-360
-725
-693
-590
-850
-1394
-2227
-3002
-3381
-3616
-3868
-4425
-5312
-5836
-4694
-3013
-2947
-4157
-4405
-3221
-1474
569
1429
493
-237
1271
3636
5029
5084
4417
4446
5541
6713
6852
6332
5616
5277
5511
5403
4443
3455
2746
1894
915
114
-437
-672
-888
-1651
-2557
-3013
-2733
-2183
-1885
-2292
-2864
-2685
-1686
-727
-370
-609
-868
-789
-236
508
662
339
-175
-322
-627
-748
-824
-1097
-1771
-2561
-2995
-3411
-3716
-4150
-4696
-5338
-5386
-4008
-2762
-3218
-4440
-4115
-2321
-518
1003
1140
230
55
2002
4313
5203
4929
4347
4807
5949
6897
6780
6174
5662
5372
5454
5042
4219
3261
2523
1637
582
-97
-509
-639
-1210
-2046
-2804
-3003
-2603
-2203
-2077
-2632
-2878
-2416
-1496
-716
-534
-654
-1011
-701
-57
412
366
153
-48
-526
-772
-825
-825
-1239
-1849
-2523
-3125
-3569
-3802
-4080
-4708
-5508
-4924
-3142
-2611
-3873
-4612
-3355
-1726
135
1250
702
-478
382
3074
4874
5208
4369
4176
5104
6581
7116
6636
5914
5300
5476
5604
4988
3846
2994
2238
1267
503
-141
-540
-893
-1482
-2318
-2962
-2893
-2436
-1987
-2258
-2797
-2869
-2199
-1142
-445
-442
-1035
-1049
-448
280
530
448
30
-418
-579
-596
-701
-1060
-1531
-2184
-2768
-3318
-3680
-4048
-4538
-5289
-5242
-3846
-2794
-3452
-4542
-4066
-2600
-837
716
867
-247
-305
1810
4064
4980
4641
4125
4538
5842
6961
6862
6119
5472
5420
5632
5286
4389
3421
2654
1812
1009
247
-339
-585
-986
-1778
-2630
-2843
-2492
-1984
-1942
-2516
-2956
-2618
-1551
-587
-333
-890
-1256
-840
60
610
618
112
-377
-535
-473
-522
-934
-1412
-2004
-2427
-3074
-3489
-3918
-4373
-5042
-5333
-4407
-3304
-3127
-4213
-4429
-3399
-1678
10
738
169
-531
756
3048
4673
4863
4347
4350
5262
6707
7087
6543
5810
5546
5685
5539
4965
3912
3098
2250
1423
584
-70
-394
-712
-1331
-2348
-2877
-2695
-2174
-1980
-2358
-2910
-2931
-2085
-1000
-465
-735
-1243
-1117
-316
478
600
241
-154
-406
-444
-530
-760
-1292
-1759
-2234
-2883
-3408
-3853
-4075
-4775
-5303
-5199
-3803
-2991
-3717
-4548
-4024
-2440
-934
624
536
-327
-159
2098
4209
4924
4648
4311
4975
6274
7207
6921
6229
5694
5703
5821
5368
4304
3434
2689
1824
893
228
-333
-586
-952
-1850
-2730
-2870
-2381
-2052
-2110
-2685
-2976
-2494
-1396
-645
-595
-1071
-1260
-688
179
502
266
29
-231
-395
-542
-682
-1079
-1537
-1994
-2728
-3317
-3830
-3935
-4463
-5193
-5642
-4601
-3145
-3355
-4320
-4517
-3211
-1785
126
801
-5
-491
998
3529
4803
4961
4374
4673
5821
6968
7261
6674
5998
5686
5994
5737
4703
3824
3052
2230
1220
466
-311
-623
-753
-1539
-2442
-2962
-2687
-2316
-1958
-2351
-2897
-2741
-1847
-891
-508
-686
-1099
-879
-151
442
493
347
48
-215
-451
-580
-837
-1184
-1684
-2507
-3164
-3743
-3999
-4450
-5004
-5715
-5417
-3839
-3246
-4024
-4892
-3922
-2406
-579
686
427
-323
106
2541
4531
5277
4693
4432
5321
6546
7390
7128
6498
5842
5886
5960
5248
4355
3406
2595
1568
719
-79
-540
-707
-1411
-2223
-2889
-2898
-2632
-2219
-2272
-2804
-2888
-2422
-1490
-804
-555
-850
-966
-555
96
600
619
409
14
-320
-497
-568
-761
-1339
-2096
-2891
-3427
-3941
-4315
-4840
-5543
-5871
-4779
-3423
-3752
-4851
-4705
-3077
-1482
186
742
35
-322
1387
3953
5236
5251
4666
5032
6181
7381
7542
7014
6370
5991
6104
5835
4913
3855
3008
2104
1043
200
-378
-718
-1204
-1975
-2731
-3130
-2940
-2572
-2323
-2677
-3016
-2848
-2069
-1165
-620
-644
-965
-876
-223
531
694
548
153
-227
-456
-452
-682
-1194
-1847
-2595
-3225
-3816
-4173
-4734
-5256
-5928
-5589
-4249
-3540
-4236
-4965
-3993
-2485
-672
617
702
-61
368
2710
4766
5547
5205
5069
5670
6854
7717
7492
6854
6263
6176
6139
5525
4545
3497
2705
1672
692
-66
-547
-914
-1462
-2225
-3057
-3245
-2892
-2448
-2449
-2840
-3085
-2717
-1688
-782
-543
-886
-1109
-640
125
584
477
189
-212
-404
-513
-770
-1159
-1674
-2168
-2938
-3585
-4128
-4533
-4899
-5581
-5874
-5243
-3835
-3744
-4574
-4740
-3518
-1709
-60
928
410
-8
1203
3814
5478
5689
5207
5212
6251
7516
7973
7359
6697
6291
6250
6062
5356
4222
3159
2334
1340
384
-300
-677
-1037
-1796
-2725
-3293
-3124
-2693
-2475
-2628
-3098
-3063
-2263
-1067
-575
-797
-1131
-977
-228
345
494
167
-162
-350
-521
-732
-1196
-1554
-1996
-2565
-3351
-4014
-4408
-4722
-5191
-5844
-5815
-4533
-3587
-3980
-4800
-4267
-2701
-838
754
857
177
327
2585
4853
5959
5657
5132
5658
6989
8092
7868
7222
6555
6279
6225
5837
4936
3737
2778
1831
803
-74
-619
-809
-1415
-2409
-3239
-3388
-3002
-2656
-2535
-2960
-3278
-2891
-1753
-768
-674
-1023
-1158
-714
-17
435
442
-7
-314
-451
-643
-944
-1394
-1763
-2365
-3051
-3782
-4295
-4543
-5024
-5603
-6099
-5408
-4041
-3577
-4181
-4692
-3570
-1893
122
1129
820
355
1307
3752
5497
6241
5674
5479
6287
7613
8207
7734
7123
6429
6205
6019
5465
4438
3270
2287
1228
260
-504
-817
-1069
-1900
-2878
-3426
-3281
-2879
-2493
-2546
-3022
-3193
-2528
-1364
-625
-670
-959
-972
-540
52
458
377
-87
-429
-704
-925
-1268
-1573
-2065
-2733
-3654
-4180
-4514
-4818
-5432
-5861
-5897
-5059
-3756
-3654
-4272
-4346
-2682
-927
669
1219
835
872
2260
4576
5836
6164
5607
5746
6845
7877
8005
7393
6910
6271
6054
5825
5098
3946
2828
1968
898
-5
-590
-846
-1278
-2186
-2910
-3214
-2973
-2655
-2397
-2575
-3054
-2983
-2178
-1102
-721
-846
-1050
-974
-565
-46
278
92
-367
-730
-1039
-1292
-1589
-1805
-2261
-3146
-4002
-4392
-4604
-4995
-5428
-5674
-5804
-4744
-3592
-3452
-4234
-3813
-2104
-482
1019
1334
1198
1117
2897
4945
6180
6176
5620
6029
7009
8049
7805
7339
6649
6134
5980
5690
4851
3447
2555
1687
762
-129
-687
-1016
-1635
-2235
-2835
-3001
-2954
-2643
-2422
-2682
-2955
-2800
-1892
-1127
-792
-932
-1043
-926
-537
-47
118
-64
-423
-747
-1142
-1456
-1676
-1799
-2310
-3170
-4101
-4421
-4607
-4813
-5261
-5730
-5803
-4716
-3273
-3296
-4033
-3878
-2112
-330
1277
1691
1227
1129
2799
5282
6489
6386
5663
5999
7083
8099
7961
7257
6533
5997
5917
5665
4633
3213
2272
1573
601
-330
-934
-1397
-1852
-2432
-2864
-3224
-3145
-2830
-2506
-2685
-2983
-2686
-1878
-1090
-784
-774
-908
-810
-400
2
108
29
-214
-605
-1113
-1447
-1641
-1799
-2183
-3091
-3966
-4453
-4559
-4759
-5291
-5778
-5932
-4549
-3242
-3071
-4099
-3866
-2134
-193
1508
1809
1376
979
2905
5393
6697
6384
5698
6022
7017
8085
7913
7190
6417
5857
5751
5425
4452
3050
2131
1426
310
-550
-1176
-1429
-1976
-2547
-3049
-3320
-3112
-2849
-2480
-2727
-2877
-2542
-1668
-977
-778
-710
-743
-559
-299
-44
50
40
-80
-532
-1136
-1593
-1718
-1816
-2145
-2916
-3856
-4422
-4504
-4508
-5134
-5646
-5722
-4464
-3090
-2745
-3655
-3868
-2109
-132
1615
1939
1574
1050
2592
5187
6503
6391
5567
5777
6583
7704
7753
7074
6348
5615
5448
5213
4498
3249
2204
1385
270
-462
-963
-1189
-1722
-2487
-3000
-3184
-2947
-2836
-2542
-2688
-2878
-2567
-1808
-1158
-984
-846
-833
-666
-541
-366
-142
-37
-111
-609
-1186
-1751
-1786
-1753
-2019
-2708
-3741
-4287
-4435
-4249
-4849
-5395
-5546
-4650
-3005
-2497
-3221
-3941
-2326
-306
1457
2152
1670
1154
2125
4859
6344
6560
5666
5434
6272
7484
7931
7185
6412
5555
5378
5420
4817
3575
2293
1453
533
-175
-682
-1150
-1619
-2372
-2819
-3062
-2997
-2879
-2671
-2611
-2900
-2775
-2218
-1396
-939
-896
-1017
-1016
-744
-469
-142
-17
-193
-655
-1199
-1523
-1741
-1811
-2008
-2473
-3510
-4259
-4424
-4423
-4786
-5354
-5515
-5114
-3408
-2566
-2995
-3846
-2755
-782
1020
2317
1944
1375
1754
4320
6189
6882
6170
5452
6045
7287
8183
7614
6771
5715
5340
5519
5116
3887
2380
1418
634
-37
-621
-1326
-1828
-2496
-2843
-3008
-3045
-3077
-2945
-2616
-2765
-2746
-2342
-1518
-948
-771
-771
-826
-659
-397
-36
129
-57
-415
-951
-1339
-1709
-1793
-1884
-2262
-3193
-4110
-4293
-4437
-4611
-5164
-5312
-5490
-4188
-2770
-2478
-3405
-3269
-1513
170
1992
2267
1898
1310
3080
5260
6608
6504
5559
5570
6365
7696
7642
7074
5924
5140
5203
5162
4248
2775
1742
862
88
-334
-1064
-1700
-2264
-2543
-2743
-2864
-2923
-2990
-2533
-2469
-2470
-2227
-1539
-1089
-785
-535
-590
-552
-335
-67
-70
-147
-333
-634
-1125
-1652
-1927
-1970
-2198
-2731
-3406
-4041
-4300
-4426
-4576
-5077
-5073
-4829
-3521
-2362
-2317
-3234
-2800
-632
1019
2225
2218
1837
1524
3553
5775
6500
5867
5166
5447
6372
7532
7205
6239
5247
4938
4944
4695
3690
2375
1368
682
54
-512
-1257
-1753
-2010
-2348
-2708
-2991
-2839
-2762
-2445
-2456
-2331
-2106
-1634
-1047
-737
-649
-769
-466
-366
-319
-340
-187
-322
-785
-1363
-1810
-1856
-1964
-2098
-2553
-3328
-4012
-4139
-4003
-4468
-4785
-4881
-4337
-3012
-2045
-2390
-3326
-2094
-157
1543
2248
2114
1473
1875
4253
5867
6310
5456
5007
5482
6784
7419
6665
5881
5114
4916
4928
4486
3293
2039
1325
622
61
-716
-1508
-1761
-1961
-2469
-3015
-3052
-3063
-2932
-2561
-2473
-2476
-2280
-1651
-1093
-723
-691
-662
-469
-472
-394
-210
20
-296
-785
-1319
-1711
-1762
-1724
-1786
-2512
-3458
-4008
-3910
-3911
-4439
-4757
-4857
-4413
-2963
-1809
-2234
-3271
-2021
30
1531
2279
2266
1679
1903
4277
5870
6235
5469
5086
5523
6686
7284
6487
5782
5052
4739
4648
4198
3013
1851
1256
538
-157
-890
-1610
-1747
-1848
-2386
-3077
-3121
-2991
-2805
-2310
-2228
-2388
-2307
-1540
-862
-499
-520
-672
-583
-519
-319
-123
18
-369
-912
-1322
-1603
-1673
-1651
-1790
-2459
-3427
-3869
-3809
-3772
-4264
-4684
-4744
-4434
-2844
-1651
-1818
-3086
-2273
-304
1326
2442
2346
1737
1460
3676
5452
6134
5522
4823
5104
6138
7119
6468
5732
4861
4409
4419
4157
3249
1970
1238
558
-66
-645
-1390
-1500
-1691
-2103
-2785
-2948
-2778
-2601
-2000
-2034
-2241
-2381
-1670
-874
-501
-505
-861
-849
-812
-410
-124
-95
-460
-1027
-1302
-1525
-1510
-1595
-1789
-2304
-3177
-3656
-3604
-3562
-4072
-4544
-4427
-4228
-2910
-1597
-1607
-2926
-2618
-436
1072
2213
2217
1705
1114
2904
5067
5789
5431
4586
4879
5757
6981
6600
5847
5045
4479
4572
4499
3761
2402
1561
923
238
-302
-1025
-1340
-1552
-2000
-2629
-3037
-2833
-2718
-2187
-2270
-2612
-2778
-2229
-1295
-926
-892
-1309
-1257
-1086
-661
-265
-255
-461
-886
-1074
-1320
-1337
-1358
-1584
-1890
-2612
-3192
-3442
-3387
-3711
-4158
-3931
-4003
-3210
-2004
-1457
-2519
-2598
-672
604
1559
1980
1946
1139
2241
4360
5303
5334
4805
4910
5447
6554
6610
6041
5480
4765
4655
4663
4099
2840
1870
1225
461
-2
-708
-1336
-1635
-2001
-2485
-2885
-2769
-2918
-2694
-2505
-2603
-2711
-2434
-1727
-1271
-1040
-1183
-1143
-934
-683
-377
-142
-168
-450
-794
-1112
-1286
-1226
-1316
-1628
-2201
-3023
-3430
-3502
-3379
-3881
-3924
-4047
-3925
-2578
-1552
-1743
-2940
-1641
-79
1092
1787
1880
1451
1314
3434
4785
5497
4933
4656
5038
5913
6590
6050
5689
4948
4648
4677
4272
3307
2143
1598
914
320
-381
-1270
-1503
-1759
-1975
-2641
-2795
-3008
-2937
-2507
-2434
-2538
-2721
-2067
-1490
-1003
-1037
-1014
-904
-737
-332
-44
123
-182
-532
-907
-1037
-968
-1009
-1319
-1927
-2774
-3132
-3195
-3142
-3580
-3995
-4044
-4223
-2823
-1704
-1617
-3108
-2471
-586
519
1553
1583
1359
706
2650
4332
5106
4931
4344
4653
5360
6405
6047
5663
5088
4523
4639
4478
3678
2512
1819
1281
424
-59
-943
-1314
-1635
-1941
-2435
-2902
-2931
-3175
-2696
-2636
-2594
-2764
-2354
-1661
-1274
-1034
-1099
-845
-796
-386
15
187
132
-209
-496
-763
-586
-551
-870
-1362
-2118
-2685
-2724
-2718
-3075
-3827
-3839
-3998
-3424
-2027
-1475
-2451
-3366
-1501
-48
967
1424
1407
768
1165
3538
4625
5038
4483
4410
4876
5884
6402
5870
5529
4780
4585
4724
4244
3197
2124
1601
803
111
-457
-1254
-1570
-2093
-2362
-2981
-3134
-3306
-3322
-2975
-2983
-2838
-2822
-2161
-1701
-1359
-1178
-1022
-756
-639
-152
123
302
211
-18
-243
-433
-411
-605
-792
-1199
-1929
-2489
-2673
-2926
-3429
-3823
-3587
-3984
-3297
-2037
-1629
-2957
-3253
-1059
50
1101
1400
1420
470
1656
4055
4981
5222
4546
4686
5160
6502
6580
5995
5482
4728
4768
4808
4076
2714
1799
1347
498
-122
-937
-1726
-2044
-2343
-2580
-3250
-3350
-3551
-3215
-2907
-2833
-2765
-2589
-1859
-1379
-965
-926
-676
-424
-194
194
390
566
429
294
-54
-390
-582
-746
-772
-1228
-2054
-2885
-3190
-3383
-3644
-3851
-3823
-4487
-3777
-2289
-1834
-3210
-3273
-1160
-176
1037
1518
1402
366
1920
4305
5226
5389
4684
4769
5351
6829
6714
6069
5429
4729
4824
4801
3931
2503
1654
1125
301
-316
-1292
-2022
-2252
-2478
-2772
-3310
-3409
-3638
-3083
-2782
-2662
-2582
-2271
-1628
-1197
-708
-674
-313
-140
104
412
622
848
788
591
-11
-308
-439
-589
-706
-1245
-2208
-3099
-3264
-3315
-3628
-4011
-4123
-4665
-3902
-2376
-1949
-3271
-3410
-1382
-315
850
1439
1370
532
1869
4182
5061
5340
4780
4845
5389
6665
6661
5977
5567
4809
4672
4577
3882
2604
1688
1136
121
-559
-1420
-2010
-2181
-2521
-2937
-3520
-3511
-3657
-3108
-2757
-2740
-2635
-2404
-1674
-1220
-659
-641
-338
-93
95
509
796
1062
841
638
132
-154
-223
-368
-560
-1223
-2111
-2825
-2943
-3130
-3612
-4062
-4094
-4422
-3884
-2377
-1857
-3125
-3650
-1610
-271
560
1228
1469
733
1390
3721
4862
5293
4861
4852
5246
6256
6546
6024
5794
4912
4430
4389
4005
2845
1836
1285
88
-704
-1329
-1800
-2036
-2424
-2965
-3681
-3588
-3490
-3069
-2712
-2780
-2747
-2487
-1640
-1042
-539
-508
-359
43
367
784
1024
1152
956
745
395
33
-128
-271
-555
-1024
-1876
-2700
-3053
-3233
-3627
-4106
-4151
-4549
-4442
-2868
-1927
-2869
-3951
-2369
-754
133
1115
1356
683
658
3013
4527
5252
4974
4554
4870
5789
6605
6163
5906
4985
4290
4390
4178
3237
2045
1445
357
-463
-925
-1530
-1782
-2246
-2691
-3317
-3371
-3242
-3025
-2598
-2705
-2597
-2327
-1619
-996
-534
-355
-316
203
521
862
1038
1095
999
881
676
189
-52
-294
-476
-860
-1454
-2394
-3073
-3231
-3516
-3822
-4259
-4302
-4912
-3739
-2298
-2334
-3781
-3478
-1311
-664
616
1145
969
-12
1730
3996
4780
5022
4335
4531
5081
6406
6323
5915
5303
4309
4377
4472
3757
2449
1695
1044
-10
-337
-1015
-1506
-1923
-2340
-2656
-3074
-2951
-3182
-2674
-2573
-2405
-2159
-1797
-1226
-858
-312
-212
254
471
568
845
1051
1161
997
896
406
23
-114
-313
-487
-1092
-1863
-2823
-3081
-3246
-3576
-4032
-4285
-4664
-4780
-3078
-2244
-3088
-4240
-2663
-1219
-537
750
1021
234
126
2731
4241
4784
4563
4241
4561
5561
6513
6092
5685
4807
4306
4675
4442
3328
2159
1606
797
27
-304
-1134
-1532
-2034
-2189
-2661
-2980
-3091
-3000
-2405
-2446
-2163
-2128
-1703
-1171
-565
-198
-113
286
270
565
961
1107
1037
897
792
185
-15
-115
-314
-672
-1370
-2132
-2972
-3086
-3415
-3743
-4188
-4378
-4942
-4411
-2694
-2462
-3737
-4136
-2127
-1199
-161
892
773
-164
770
3319
4327
4787
4411
4346
4836
6028
6456
6065
5701
4866
4699
4958
4317
3159
2313
1705
713
44
-451
-1219
-1492
-2002
-2323
-2904
-3091
-3130
-2747
-2335
-2557
-2352
-2217
-1645
-1085
-528
-374
-239
179
271
726
970
1033
1016
983
670
62
87
-45
-346
-842
-1540
-2374
-3104
-3118
-3571
-3960
-4535
-4611
-5151
-4287
-2737
-2817
-4179
-4241
-1944
-1243
-1
773
587
-328
1066
3645
4457
4980
4458
4569
5090
6442
6781
6387
6042
5134
5103
5222
4534
3488
2594
1884
697
199
-389
-1133
-1474
-2145
-2531
-3206
-3155
-3228
-2809
-2626
-2849
-2634
-2464
-1667
-1157
-611
-645
-385
116
370
862
968
1138
1074
1080
713
302
286
2
-291
-867
-1548
-2524
-3077
-3187
-3686
-4194
-4764
-4908
-5537
-4428
-3047
-3279
-4809
-4518
-2229
-1523
-171
436
255
-609
1231
3780
4683
5050
4445
4711
5438
6985
7167
6729
6262
5445
5570
5655
4948
3782
2817
2096
920
479
-317
-1049
-1599
-2209
-2632
-3381
-3282
-3378
-2858
-2888
-2937
-2799
-2539
-1659
-1059
-452
-629
-313
153
619
1065
1165
1325
1235
1229
888
562
388
-37
-375
-945
-1561
-2606
-3233
-3535
-4042
-4474
-4979
-5218
-6089
-4897
-3604
-3744
-5263
-4707
-2606
-1932
-420
308
250
-644
1511
3945
4987
5285
4813
5128
5906
7475
7532
7160
6557
5816
5910
5995
5174
3886
2930
2106
917
408
-447
-1240
-1868
-2485
-2973
-3631
-3515
-3619
-3155
-3215
-3172
-2906
-2498
-1636
-1029
-487
-609
-103
524
937
1265
1353
1543
1580
1674
1275
730
430
12
-213
-752
-1486
-2630
-3437
-3795
-4315
-4578
-5176
-5536
-6573
-5623
-4093
-3925
-5261
-5180
-3046
-2264
-700
303
493
-388
1299
3915
5066
5713
5355
5617
6274
7678
7874
7502
7123
6258
6100
6113
5348
3980
2899
2092
843
141
-697
-1580
-2221
-2899
-3339
-3866
-3840
-4051
-3764
-3564
-3415
-3009
-2539
-1740
-1184
-676
-483
209
987
1276
1529
1688
1857
2013
2191
1777
954
515
155
-64
-483
-1368
-2630
-3657
-3948
-4462
-4737
-5422
-5878
-6837
-6348
-4520
-4015
-5045
-5700
-3507
-2348
-870
364
758
77
962
3876
5147
6150
5887
6031
6512
7731
8196
7745
7628
6674
6217
6055
5411
4075
2912
2166
836
-135
-947
-1831
-2371
-3059
-3504
-4089
-4098
-4320
-4099
-3658
-3451
-3061
-2666
-1842
-1273
-650
-286
357
1121
1456
1740
1960
2053
2097
2249
2012
1181
643
239
-159
-587
-1360
-2478
-3685
-4131
-4620
-5081
-5656
-6069
-6658
-6914
-5253
-4235
-4732
-5748
-4144
-2346
-1287
294
828
555
682
3444
5185
6167
6384
6059
6511
7555
8535
7979
7820
7085
6239
6089
5665
4473
3053
2236
1098
-120
-884
-1758
-2278
-2907
-3578
-4135
-4257
-4157
-4091
-3506
-3343
-3111
-2650
-1790
-1006
-471
-34
383
1125
1590
1922
2156
2085
1914
2059
2112
1402
621
168
-382
-934
-1521
-2335
-3509
-4474
-4950
-5521
-5887
-6361
-6523
-7224
-6560
-4861
-4323
-5118
-5147
-2896
-1709
-151
1043
1290
889
2198
4890
6078
6912
6487
6403
7029
8272
8529
7951
7516
6387
5902
5858
5145
3665
2303
1378
185
-760
-1527
-2241
-2647
-3500
-4130
-4457
-4172
-4019
-3590
-3092
-3108
-2749
-1954
-779
-139
232
510
1070
1794
2194
2509
2412
2071
2025
2348
2105
1025
266
-308
-832
-1348
-2011
-3062
-4370
-5136
-5633
-5955
-6399
-6937
-7198
-7595
-6338
-4761
-4304
-5321
-4831
-2441
-1068
622
1496
1752
1359
3145
5554
6717
7348
6692
6689
7269
8494
8382
7841
7217
5966
5567
5433
4631
3037
1705
724
-533
-1287
-2096
-2642
-3104
-3933
-4443
-4566
-4039
-3990
-3355
-2983
-2900
-2432
-1408
-206
215
607
878
1595
2228
2608
2793
2496
2122
2174
2476
1939
742
-22
-648
-1196
-1645
-2404
-3555
-4921
-5590
-5905
-6102
-6568
-7145
-7154
-7499
-6103
-4492
-3925
-4972
-4315
-1683
-483
1170
1961
2461
1965
3686
6000
7075
7601
6707
6867
7346
8411
8104
7594
6960
5544
5175
4979
4078
2397
1125
281
-973
-1640
-2500
-2983
-3351
-4067
-4350
-4373
-3784
-3884
-3177
-2737
-2565
-2007
-997
121
387
846
1220
1952
2528
2750
2815
2427
2131
2121
2260
1626
302
-462
-1137
-1622
-2256
-2981
-4179
-5508
-6035
-6255
-6486
-7025
-7289
-7307
-7584
-6127
-4385
-3849
-4753
-3891
-1324
-127
1450
2360
2947
2453
4110
6476
7562
7792
6953
7268
7620
8501
8175
7622
6746
5405
5025
4695
3698
1971
776
-3
-1136
-1895
-2725
-3142
-3414
-3918
-4078
-4093
-3559
-3571
-2750
-2160
-1893
-1448
-545
541
873
1435
1772
2344
2607
2826
2912
2565
2149
1855
1846
1154
-43
-906
-1575
-2215
-3018
-3678
-4681
-5764
-6451
-6689
-6950
-7318
-7481
-7303
-7503
-6360
-4371
-3578
-4166
-3732
-1173
43
1559
2732
3312
2858
4007
6489
7464
7942
7119
7138
7422
8180
7980
7257
6592
5124
4606
4365
3435
1814
594
-56
-1202
-1912
-2643
-3076
-3153
-3620
-3732
-3756
-3183
-3194
-2411
-1606
-1397
-966
-267
768
1088
1758
2047
2370
2482
2430
2636
2420
1971
1368
1239
641
-507
-1313
-2009
-2712
-3513
-4075
-4895
-5841
-6530
-6901
-6946
-7147
-7283
-7019
-6933
-6449
-4423
-2852
-3024
-3340
-1221
498
1581
3190
4042
3608
3661
6045
7299
7907
7491
6942
6949
7452
7792
6987
6483
5066
4119
3965
3296
1907
630
85
-1026
-1876
-2422
-2886
-2832
-3072
-3268
-3376
-2897
-2714
-2194
-1162
-915
-672
-204
769
1189
1700
2026
2071
2168
1986
2105
1957
1495
752
507
150
-873
-1818
-2481
-3120
-3797
-4289
-4918
-5735
-6484
-6833
-6720
-6690
-6830
-6720
-6354
-6308
-4692
-2607
-2061
-2848
-1836
414
1395
2959
4060
4079
3309
4805
6614
7384
7498
6639
6379
6641
7401
6952
6288
5268
4080
3852
3564
2502
1236
513
-193
-1149
-1624
-2200
-2280
-2164
-2379
-2627
-2548
-2124
-1929
-1008
-473
-388
-326
321
1078
1489
1796
1652
1598
1544
1586
1577
1157
371
-227
-384
-863
-1832
-2649
-3327
-3836
-4374
-4799
-5361
-6002
-6575
-6684
-6372
-6411
-6370
-6114
-5752
-5377
-3360
-1799
-1970
-2394
-737
1139
1964
3476
4026
3631
3444
5213
6598
7110
6918
6012
5962
6579
7041
6369
5626
4729
3920
3797
3279
2285
1355
651
-33
-733
-1141
-1698
-1477
-1417
-1824
-2165
-1948
-1586
-1313
-557
-388
-525
-538
143
886
1230
1080
716
717
774
908
852
204
-688
-1088
-981
-1438
-2269
-3087
-3660
-3989
-4325
-4648
-5145
-5681
-6204
-6104
-5769
-5700
-5776
-5448
-5284
-4325
-2335
-1459
-2015
-2030
29
1215
2449
3564
3684
3046
3551
5597
6458
7052
6285
5700
5860
6817
6944
6108
5640
4680
4176
3897
3408
2497
1597
930
155
-388
-954
-1263
-934
-1236
-1847
-2146
-1745
-1582
-1273
-744
-895
-1134
-1039
-154
433
499
82
-143
58
165
401
161
-626
-1359
-1337
-1130
-1704
-2462
-3195
-3626
-3746
-3921
-4226
-4770
-5328
-5693
-5479
-5090
-5088
-5176
-4979
-4933
-3417
-1683
-1230
-2078
-1472
375
1235
2798
3565
3466
2612
3892
5659
6530
6855
5847
5613
5940
6994
6725
6196
5632
4623
4367
4079
3599
2639
1781
1056
259
-141
-839
-942
-862
-1448
-2047
-2195
-1847
-2037
-1606
-1282
-1479
-1726
-1447
-575
-278
-242
-538
-442
-275
-134
137
-124
-742
-1270
-1037
-1011
-1599
-2240
-2828
-3075
-3337
-3461
-3917
-4390
-5069
-5354
-5065
-4928
-4976
-5229
-4875
-5126
-3552
-1903
-1485
-2369
-1850
164
825
2519
3200
3285
2463
3809
5677
6532
6977
6009
5997
6390
7382
7127
6707
6234
5154
4835
4593
3971
2976
2090
1402
404
-131
-918
-1155
-1054
-1761
-2432
-2819
-2449
-2655
-2184
-1835
-2115
-2336
-2030
-993
-690
-571
-747
-560
-314
-113
317
142
-368
-908
-735
-581
-1142
-1706
-2335
-2647
-3090
-3287
-3549
-4220
-4846
-5414
-5069
-5102
-5101
-5331
-5093
-5216
-4547
-2335
-1516
-1946
-2331
-315
791
2097
3520
3720
3129
3475
5747
6794
7511
6958
6473
6836
7673
7874
7231
6938
5882
5020
4894
4307
3231
2142
1484
446
-501
-1170
-1840
-1664
-2172
-2910
-3569
-3345
-3175
-2960
-2359
-2572
-2744
-2582
-1538
-876
-686
-802
-758
-304
-37
401
453
4
-647
-688
-317
-602
-1272
-2082
-2578
-3001
-3291
-3423
-4018
-4712
-5506
-5450
-5245
-5245
-5283
-5342
-4943
-5134
-3515
-1709
-1076
-1772
-1316
784
1664
3403
4328
4407
3636
4761
6802
7578
8071
7160
6992
7088
7858
7695
7188
6553
5010
4503
4162
3501
2211
1291
403
-835
-1457
-2106
-2390
-2570
-3193
-3726
-3950
-3503
-3393
-2884
-2548
-2675
-2532
-2002
-1074
-655
-469
-573
-339
77
351
588
439
-64
-532
-413
-311
-718
-1516
-2298
-2834
-3094
-3262
-3645
-4270
-4931
-5451
-5400
-5071
-5003
-5015
-4832
-4485
-4359
-2538
-888
-597
-1203
-143
1650
2500
4277
4895
4670
4026
5600
7176
7890
8046
7017
6713
6850
7615
7287
6738
5632
4270
3926
3567
2781
1600
628
-447
-1450
-1823
-2414
-2669
-2974
-3477
-3846
-3833
-3332
-3227
-2736
-2576
-2420
-2213
-1682
-914
-566
-434
-551
-207
43
182
365
247
-205
-726
-663
-568
-978
-1705
-2491
-2868
-3231
-3413
-3651
-4101
-4750
-5365
-5194
-4920
-4670
-4583
-4304
-4179
-4160
-2354
-530
-15
-841
-18
1481
2502
4187
5020
4795
3888
5083
6518
7618
7893
6840
6200
6336
7086
6864
6533
5542
4079
3550
3376
2771
1670
711
-374
-1399
-1763
-2285
-2463
-2742
-3265
-3807
-3733
-3238
-3135
-2668
-2577
-2452
-2320
-1694
-1031
-631
-477
-599
-283
-45
156
288
276
-98
-570
-620
-648
-845
-1347
-2072
-2636
-3027
-3209
-3365
-3601
-4227
-4832
-4912
-4629
-4404
-4067
-3962
-3873
-3975
-2699
-459
494
-94
-502
1380
2535
4026
5141
5269
4252
4291
6466
7383
7978
6934
6250
6037
6690
6974
6201
5502
3922
3218
3046
2613
1427
212
-569
-1613
-2167
-2591
-3082
-3202
-3608
-3864
-4184
-3842
-3658
-3261
-2745
-2700
-2503
-2341
-1551
-988
-503
-499
-464
-161
-39
392
497
335
-239
-411
-362
-489
-679
-1370
-2029
-2525
-2597
-2711
-2944
-3401
-3971
-4202
-4039
-3763
-3539
-3421
-3416
-3293
-2904
-914
514
524
-437
618
2424
3252
4677
5006
4661
3630
5338
6831
7325
6992
5815
5689
5782
6638
5984
5311
4036
2825
2763
2535
1640
118
-710
-1446
-2274
-2592
-3131
-3388
-3728
-3965
-4072
-4149
-3851
-3741
-2958
-2737
-2617
-2528
-1994
-1229
-751
-320
-353
-95
23
471
895
943
535
81
151
85
9
-374
-1031
-1723
-2084
-2080
-2260
-2609
-3137
-3567
-3768
-3589
-3327
-3132
-3202
-3147
-3224
-2393
-488
333
-161
-589
1011
1978
3143
4296
4338
3564
3472
5455
6186
6762
6028
5308
5130
5615
6115
5319
4722
3317
2746
2615
2084
1075
-90
-748
-1702
-2187
-2570
-3145
-3255
-3585
-3639
-4030
-3837
-3608
-3258
-2673
-2591
-2271
-2271
-1548
-919
-259
-132
-119
234
447
1007
1244
1261
761
421
428
348
333
-276
-1058
-1677
-1973
-1980
-2227
-2442
-3231
-3683
-3806
-3496
-3250
-3146
-3161
-3410
-3360
-2479
-408
226
-267
-666
786
1857
3095
4297
4123
3311
3235
5240
6029
6577
5751
5079
4842
5359
5757
5102
4421
3001
2495
2317
1835
710
-237
-927
-1784
-2314
-2684
-3202
-3306
-3466
-3511
-3875
-3780
-3495
-3060
-2527
-2455
-2156
-2037
-1373
-743
-51
107
104
377
707
1266
1459
1404
940
653
621
551
509
-103
-906
-1513
-1720
-1787
-2079
-2328
-3002
-3457
-3653
-3414
-3254
-3166
-3166
-3386
-3314
-2834
-931
63
-83
-744
261
1542
2487
3878
4001
3390
2761
4402
5543
6242
5883
4896
4583
4950
5577
5043
4542
3363
2395
2174
1962
1051
-13
-735
-1486
-2179
-2573
-3105
-3201
-3247
-3453
-3790
-3846
-3559
-3333
-2655
-2416
-2320
-2234
-1645
-852
-166
251
271
475
827
1377
1745
1796
1424
1020
988
1054
943
389
-318
-918
-1214
-1439
-1763
-2118
-2673
-3137
-3475
-3476
-3561
-3522
-3498
-3572
-3572
-3599
-2143
-851
-419
-1100
-583
707
1386
2893
3563
3465
2530
3635
4977
5778
6154
5247
4820
4802
5606
5347
5001
4221
2896
2533
2306
1697
587
-131
-924
-1828
-2209
-2867
-3064
-3144
-3396
-3750
-3909
-3697
-3767
-2979
-2442
-2332
-2389
-1940
-1021
-312
417
478
677
918
1482
2058
2237
1970
1410
1400
1440
1423
982
264
-492
-955
-1118
-1510
-1914
-2601
-3172
-3551
-3809
-3908
-4006
-3897
-4254
-4248
-4305
-3525
-1969
-1113
-1349
-1763
-358
604
1930
3197
3429
2685
2767
4666
5684
6446
5878
5072
4959
5609
6035
5494
4962
3588
2777
2709
2206
1206
169
-578
-1582
-2153
-2584
-3177
-3240
-3553
-3803
-4058
-3907
-3855
-3361
-2473
-2289
-2201
-1950
-1038
-206
543
864
931
1259
1701
2347
2634
2457
1945
1688
1713
1592
1432
708
-260
-1046
-1290
-1498
-1995
-2629
-3508
-3987
-4355
-4399
-4325
-4362
-4636
-4976
-4581
-4292
-2809
-1522
-1253
-1809
-1156
570
1449
3044
3607
3373
2774
4124
5755
6450
6656
5494
5182
5440
6191
5867
5255
4291
2885
2651
2348
1559
395
-530
-1424
-2304
-2578
-3162
-3477
-3632
-3966
-4083
-4066
-3756
-3499
-2641
-2182
-2068
-1675
-1006
-146
502
1091
1279
1530
2006
2448
2788
2746
2443
2073
1847
1621
1401
988
-8
-1037
-1606
-1872
-2292
-2874
-3653
-4463
-4925
-5023
-4852
-4846
-5004
-5281
-4995
-4634
-3607
-1929
-1206
-1479
-1355
351
1402
2633
3777
3882
3369
3870
5632
6372
6912
6233
5504
5536
6051
6103
5354
4765
3309
2564
2410
1771
642
-471
-1169
-2175
-2563
-3013
-3517
-3709
-3890
-3895
-3945
-3639
-3522
-2857
-2091
-1727
-1386
-905
-219
374
1183
1650
1871
2086
2394
2768
2901
2780
2372
1969
1537
1239
1021
263
-822
-1727
-2145
-2551
-3075
-3669
-4478
-5081
-5426
-5312
-5206
-5209
-5283
-5277
-4838
-4380
-2746
-1422
-1138
-1468
-553
1014
1955
3462
3942
3749
3399
4749
6036
6671
6727
5693
5425
5607
6101
5569
4983
3905
2627
2324
1962
1121
-63
-878
-1689
-2404
-2729
-3244
-3398
-3461
-3563
-3587
-3484
-3176
-2880
-1928
-1338
-1071
-767
-149
600
1249
1903
2071
2215
2360
2643
2950
2851
2464
1899
1447
1008
730
374
-641
-1711
-2529
-2849
-3206
-3699
-4360
-5114
-5459
-5713
-5411
-5236
-5124
-5251
-5030
-4485
-3734
-1839
-876
-838
-1120
312
1717
2838
4172
4175
3875
3781
5439
6342
6917
6434
5421
5389
5569
5808
5058
4480
3097
2110
1941
1343
450
-623
-1310
-2121
-2642
-2959
-3390
-3161
-3249
-3382
-3431
-3145
-2713
-2208
-1161
-919
-745
-400
513
1338
1821
2152
2054
2279
2407
2761
2797
2421
1816
1271
910
444
139
-479
-1524
-2553
-3169
-3406
-3758
-4256
-4950
-5406
-5626
-5699
-5350
-5114
-4956
-5049
-4513
-4020
-2968
-1307
-419
-489
-503
1116
2291
3538
4403
4549
4104
4336
5791
6545
6941
6119
5457
5280
5507
5389
4760
4032
2639
1917
1649
1102
166
-737
-1430
-2157
-2511
-2843
-3055
-2880
-3039
-3146
-3103
-2647
-2283
-1667
-951
-814
-584
-111
809
1356
1737
1852
1896
2106
2238
2445
2248
1841
1278
898
476
-49
-472
-1117
-1964
-2797
-3276
-3614
-4033
-4425
-4926
-5209
-5414
-5427
-5223
-4966
-4704
-4590
-4097
-3662
-2789
-1299
-274
-154
-173
1177
2317
3285
4231
4608
4248
4159
5464
6202
6488
5908
5330
5030
5067
5101
4513
3897
2675
1930
1620
1227
361
-475
-1028
-1719
-2113
-2355
-2543
-2594
-2608
-2614
-2576
-2283
-1928
-1498
-867
-563
-342
7
657
1145
1492
1767
1847
1931
1941
2035
1907
1614
1172
665
177
-388
-769
-1285
-1951
-2767
-3357
-3696
-4057
-4329
-4740
-5050
-5310
-5386
-5206
-4874
-4497
-4292
-4025
-3586
-3009
-1438
-153
265
-53
789
2139
2966
4235
4648
4471
3813
4939
5888
6282
6129
5256
4882
4694
5090
4549
4048
2994
1952
1663
1384
707
-240
-797
-1441
-1980
-2100
-2403
-2508
-2430
-2359
-2339
-2302
-1880
-1656
-879
-461
-266
-166
226
851
1226
1720
1646
1601
1414
1548
1633
1479
1067
372
-184
-725
-972
-1294
-1896
-2797
-3523
-3907
-4066
-4240
-4509
-4928
-5175
-5264
-5195
-4687
-4225
-3753
-3781
-3306
-2926
-1677
-12
848
782
565
1986
2858
4272
4989
5048
4246
4344
5699
6146
6588
5649
4992
4412
4762
4699
4086
3400
2088
1550
1201
848
-31
-736
-1325
-1999
-2196
-2430
-2623
-2490
-2342
-2290
-2427
-2056
-1751
-1148
-500
-304
-236
-150
500
967
1481
1493
1270
1087
1081
1344
1292
978
241
-386
-846
-1156
-1338
-1847
-2634
-3477
-3928
-4082
-4136
-4236
-4587
-4828
-4937
-4891
-4544
-3838
-3324
-3174
-3062
-2507
-1858
-315
1065
1439
991
1378
2751
3672
4956
5160
4748
3984
4754
5741
6112
6034
4868
4182
3958
4414
4038
3428
2522
1477
1118
897
459
-293
-928
-1485
-1996
-2058
-2222
-2181
-1995
-2022
-2063
-2052
-1549
-1258
-620
-313
-261
-233
49
695
1032
1259
952
824
693
838
989
753
170
-522
-857
-1202
-1452
-1763
-2345
-3088
-3667
-3875
-3912
-3915
-4098
-4389
-4439
-4449
-4278
-3782
-3094
-2849
-2817
-2464
-1888
-1161
297
1487
1529
1077
1737
3017
3897
4865
4859
4301
3713
4546
5380
5689
5352
4149
3610
3640
4063
3610
3045
2168
1232
1014
898
492
-275
-845
-1361
-1775
-1789
-1929
-1888
-1845
-1933
-1965
-1819
-1383
-1237
-775
-494
-401
-345
-80
444
650
794
599
539
432
466
610
358
-129
-692
-929
-1279
-1591
-1759
-2192
-2762
-3322
-3460
-3486
-3399
-3491
-3722
-3762
-3784
-3563
-3111
-2428
-2288
-2313
-2077
-1448
-816
403
1579
1717
1259
1647
2971
3682
4490
4575
4190
3501
4028
4916
5185
4966
3892
3385
3340
3742
3396
2878
2161
1207
873
805
469
-284
-830
-1309
-1811
-1910
-1975
-2007
-2022
-2117
-2149
-2026
-1633
-1487
-1153
-826
-709
-625
-379
52
252
418
374
339
285
283
399
312
-33
-506
-768
-1060
-1351
-1438
-1618
-2116
-2656
-2900
-2901
-2786
-2739
-2918
-3105
-3168
-2990
-2560
-1970
-1791
-1906
-1846
-1267
-667
233
1308
1647
1301
1310
2460
3119
3764
4033
3855
3181
3259
4177
4472
4494
3664
3166
2939
3314
3223
2779
2277
1391
943
762
639
-1
-490
-988
-1538
-1751
-1721
-1775
-1866
-1966
-2059
-2059
-1744
-1506
-1309
-1052
-924
-808
-656
-287
-57
144
143
127
149
177
220
258
155
-208
-544
-787
-998
-1090
-1080
-1398
-1936
-2356
-2451
-2319
-2153
-2290
-2619
-2889
-2826
-2496
-1947
-1649
-1818
-1950
-1705
-966
-416
641
1284
1241
797
1393
2485
2949
3575
3568
3172
2580
3352
4089
4297
4000
3203
2808
2871
3298
3030
2597
1853
1024
778
751
454
-185
-806
-1367
-1815
-1740
-1760
-1832
-2027
-2203
-2233
-2060
-1655
-1521
-1229
-1130
-943
-709
-381
-38
198
386
334
487
592
679
730
724
505
148
-11
-216
-455
-555
-715
-1166
-1708
-1965
-2041
-2021
-2098
-2415
-2726
-2919
-2804
-2552
-2101
-1977
-2164
-2227
-1828
-1114
-668
266
929
924
483
1201
2303
2669
3228
3357
3002
2460
3296
4013
4140
3929
3173
2773
2823
3228
2892
2443
1738
804
617
616
261
-490
-1082
-1600
-2047
-1933
-1968
-2070
-2239
-2349
-2294
-2067
-1639
-1523
-1180
-986
-786
-467
-67
302
515
762
764
939
1086
1165
1196
1152
930
586
477
254
-92
-249
-467
-985
-1512
-1723
-1885
-2059
-2224
-2538
-2817
-2929
-2844
-2698
-2454
-2282
-2348
-2281
-1926
-1330
-977
-327
502
693
391
762
1800
2120
2629
3000
2795
2290
2767
3573
3682
3711
3096
2684
2623
2957
2734
2308
1817
904
673
700
417
-315
-790
-1187
-1609
-1602
-1613
-1761
-1854
-1870
-1805
-1676
-1354
-1186
-892
-620
-484
-241
79
434
633
856
856
913
1023
1126
1187
1130
928
575
409
208
-90
-279
-510
-1016
-1528
-1774
-1953
-2162
-2320
-2580
-2879
-2981
-2927
-2786
-2635
-2393
-2378
-2288
-2024
-1547
-1131
-773
80
541
509
421
1241
1785
2141
2658
2732
2400
2291
3089
3396
3556
3208
2755
2522
2672
2719
2354
1974
1235
747
735
641
58
-431
-787
-1152
-1353
-1303
-1482
-1543
-1540
-1483
-1404
-1212
-953
-761
-381
-209
-48
146
467
736
958
1081
1013
1043
1124
1203
1255
1132
807
428
204
-39
-282
-469
-876
-1417
-1920
-2163
-2306
-2449
-2614
-2971
-3200
-3351
-3173
-2897
-2641
-2516
-2558
-2335
-2084
-1430
-1049
-586
134
553
584
611
1494
1875
2276
2680
2766
2466
2453
3156
3310
3455
3069
2659
2452
2535
2507
2117
1769
1046
682
653
477
-18
-437
-768
-1138
-1188
-1208
-1363
-1335
-1313
-1290
-1158
-853
-692
-508
-134
40
177
383
701
919
1122
1161
1103
1179
1235
1222
1222
1046
638
317
138
-150
-491
-703
-1105
-1609
-2062
-2306
-2487
-2649
-2780
-3063
-3238
-3397
-3191
-2880
-2618
-2499
-2469
-2219
-1988
-1355
-1020
-552
137
563
602
641
1411
1711
2176
2591
2621
2300
2286
2871
2990
3221
2883
2441
2239
2306
2328
2031
1802
1158
845
806
650
323
-29
-322
-695
-712
-771
-850
-766
-815
-823
-744
-496
-421
-258
-7
38
111
252
513
639
763
715
650
733
753
715
619
408
61
-130
-278
-564
-862
-1067
-1343
-1706
-2017
-2245
-2405
-2469
-2508
-2642
-2801
-2875
-2681
-2363
-2142
-2041
-1973
-1815
-1582
-1111
-817
-448
174
530
495
537
1138
1470
1918
2335
2255
1925
1946
2463
2653
2904
2672
2187
2050
2190
2324
2127
1947
1396
1058
1099
1000
733
328
61
-313
-404
-456
-583
-544
-648
-668
-693
-552
-495
-382
-169
-152
-167
-129
94
254
370
346
296
326
390
439
386
190
-109
-246
-352
-559
-798
-973
-1218
-1503
-1760
-1980
-2120
-2202
-2205
-2327
-2492
-2602
-2524
-2238
-2050
-1976
-1997
-1878
-1668
-1287
-899
-736
-206
297
523
452
882
1413
1674
2233
2394
2245
1972
2414
2789
3044
3087
2609
2380
2376
2658
2536
2370
1821
1219
1171
1200
959
417
9
-426
-664
-661
-778
-941
-1057
-1142
-1116
-976
-858
-818
-610
-431
-404
-336
-136
41
201
353
390
408
465
602
658
605
339
92
-27
-187
-436
-613
-819
-1191
-1500
-1742
-1915
-2079
-2161
-2250
-2462
-2636
-2675
-2532
-2321
-2256
-2239
-2200
-2008
-1717
-1269
-998
-809
-150
379
576
586
1160
1548
1886
2456
2570
2391
2237
2767
3069
3369
3193
2760
2617
2674
2837
2633
2374
1619
1194
1199
1112
686
141
-303
-732
-821
-843
-1009
-1193
-1324
-1384
-1251
-1055
-974
-928
-720
-595
-500
-304
-104
13
168
332
409
490
555
671
700
614
356
178
45
-194
-412
-531
-785
-1187
-1457
-1672
-1810
-1938
-1997
-2188
-2439
-2516
-2451
-2292
-2231
-2236
-2229
-2107
-1876
-1532
-1163
-1049
-758
-88
421
486
596
1107
1413
1832
2300
2409
2164
2165
2614
2956
3187
2908
2594
2469
2576
2597
2452
2098
1437
1142
1093
927
480
55
-375
-671
-735
-800
-943
-1069
-1192
-1255
-1094
-880
-824
-770
-596
-525
-415
-188
37
129
269
381
468
551
621
713
708
603
354
231
91
-130
-336
-467
-708
-1064
-1328
-1570
-1699
-1803
-1879
-2103
-2323
-2395
-2336
-2201
-2188
-2239
-2258
-2085
-1840
-1527
-1252
-1133
-843
-198
333
381
450
844
1250
1682
2167
2297
2036
2025
2448
2887
3067
2859
2514
2358
2457
2511
2403
2046
1485
1109
1020
875
510
94
-319
-624
-764
-803
-906
-1018
-1149
-1228
-1138
-955
-843
-751
-572
-494
-383
-174
85
256
396
514
571
656
739
850
871
778
562
389
258
61
-122
-299
-546
-920
-1252
-1502
-1688
-1806
-1971
-2197
-2449
-2569
-2545
-2459
-2412
-2504
-2498
-2332
-2059
-1795
-1548
-1359
-1068
-385
157
293
313
701
1187
1654
2189
2329
2140
2086
2544
2987
3181
3023
2666
2503
2557
2662
2505
2148
1606
1241
1134
971
619
176
-218
-555
-706
-768
-911
-1055
-1149
-1195
-1178
-1046
-912
-801
-600
-452
-314
-149
97
304
472
628
686
739
815
934
971
918
749
529
311
127
-25
-203
-511
-923
-1297
-1550
-1729
-1886
-2107
-2423
-2662
-2784
-2726
-2687
-2662
-2735
-2713
-2491
-2222
-1934
-1753
-1512
-1177
-479
56
233
332
692
1234
1687
2210
2325
2216
2199
2595
2981
3108
3002
2670
2522
2501
2558
2353
1998
1547
1240
1131
941
627
207
-129
-413
-533
-620
-773
-908
-938
-895
-860
-765
-661
-545
-345
-131
34
158
314
494
645
781
840
854
869
904
902
815
657
410
130
-115
-289
-500
-825
-1228
-1611
-1875
-2046
-2190
-2416
-2707
-2912
-2964
-2889
-2814
-2776
-2785
-2715
-2470
-2147
-1849
-1612
-1364
-999
-393
181
456
596
909
1380
1841
2269
2442
2355
2325
2579
2897
3015
2930
2662
2432
2366
2363
2194
1854
1470
1175
1020
868
605
229
-117
-337
-432
-502
-629
-747
-764
-677
-570
-487
-415
-318
-137
94
274
367
443
591
754
849
860
833
801
775
746
638
398
91
-196
-437
-636
-866
-1202
-1611
-1987
-2246
-2389
-2499
-2692
-2947
-3111
-3105
-3002
-2866
-2757
-2721
-2647
-2394
-2015
-1671
-1376
-1103
-776
-257
366
785
941
1151
1520
1976
2416
2667
2609
2481
2611
2887
3063
3025
2792
2482
2333
2341
2238
1932
1535
1209
997
860
656
314
-56
-304
-390
-426
-522
-657
-716
-642
-518
-427
-379
-324
-195
14
213
306
343
435
608
733
741
674
604
559
526
454
227
-117
-432
-646
-805
-993
-1287
-1680
-2052
-2305
-2434
-2523
-2671
-2897
-3071
-3074
-2962
-2816
-2664
-2556
-2475
-2266
-1903
-1525
-1216
-930
-616
-196
359
853
1108
1257
1530
1920
2336
2639
2677
2556
2553
2752
2935
2968
2803
2502
2274
2222
2173
1941
1588
1240
975
804
645
386
53
-211
-329
-353
-398
-495
-562
-529
-423
-324
-259
-211
-132
23
202
310
340
393
507
628
659
592
482
386
319
234
54
-253
-577
-823
-989
-1155
-1399
-1717
-2046
-2293
-2441
-2528
-2633
-2782
-2909
-2928
-2836
-2701
-2539
-2370
-2212
-2025
-1736
-1387
-1057
-750
-423
-50
363
800
1140
1362
1553
1822
2127
2384
2512
2497
2466
2509
2617
2673
2612
2415
2185
2037
1956
1832
1606
1323
1037
809
643
475
254
22
-149
-229
-260
-295
-341
-357
-322
-262
-188
-119
-58
14
120
219
276
312
355
404
428
399
313
200
83
-27
-167
-368
-625
-875
-1079
-1245
-1425
-1651
-1903
-2139
-2305
-2405
-2474
-2553
-2624
-2648
-2591
-2467
-2309
-2137
-1969
-1781
-1555
-1279
-986
-693
-390
-61
289
642
973
1241
1445
1635
1847
2053
2205
2279
2287
2287
2312
2354
2361
2284
2136
1973
1851
1751
1637
1463
1244
1013
813
649
492
314
134
-12
-110
-165
-208
-242
-269
-269
-243
-197
-150
-101
-49
9
61
97
121
139
156
154
124
57
-35
-133
-230
-348
-508
-697
-892
-1054
-1197
-1335
-1512
-1713
-1901
-2033
-2114
-2169
-2221
-2271
-2282
-2229
-2110
-1972
-1826
-1691
-1528
-1331
-1092
-846
-598
-341
-66
239
542
830
1056
1244
1420
1618
1805
1948
2027
2061
2085
2121
2168
2170
2118
2014
1904
1812
1733
1632
1491
1311
1124
948
784
627
452
288
140
31
-59
-130
-197
-248
-275
-282
-276
-264
-246
-224
-195
-174
-160
-159
-157
-153
-156
-176
-216
-271
-338
-413
-497
-606
-733
-871
-991
-1101
-1206
-1323
-1448
-1569
-1668
-1727
-1763
-1786
-1806
-1801
-1764
-1681
-1572
-1448
-1324
-1185
-1028
-841
-642
-440
-238
-31
189
413
632
818
987
1133
1289
1430
1561
1650
1716
1762
1799
1832
1839
1829
1783
1735
1677
1620
1545
1458
1342
1219
1089
957
822
687
558
435
328
223
134
48
-22
-87
-137
-180
-218
-249
-274
-295
-319
-345
-377
-410
-443
-474
-512
-555
-610
-674
-747
-819
-899
-985
-1077
-1164
-1245
-1311
-1372
-1429
-1479
-1520
-1541
-1542
-1523
-1498
-1459
-1404
-1325
-1221
-1101
-973
-843
-702
-554
-393
-231
-71
84
238
391
540
683
811
928
1033
1137
1234
1317
1388
1443
1488
1518
1543
1560
1563
1553
1533
1503
1466
1421
1360
1291
1211
1119
1028
933
838
740
643
547
452
364
279
201
126
53
-19
-85
-147
-206
-262
-321
-380
-442
-503
-563
-624
-690
-764
-841
-919
-995
-1070
-1143
-1216
-1287
-1345
-1395
-1436
-1466
-1490
-1499
-1498
-1482
-1454
-1414
-1359
-1290
-1205
-1109
-1002
-888
-767
-639
-505
-370
-236
-99
36
171
303
429
549
662
771
873
972
1062
1141
1211
1279
1340
1387
1423
1446
1459
1463
1460
1442
1413
1370
1321
1262
1193
1115
1030
943
853
762
670
577
484
398
317
243
169
98
30
-35
-94
-149
-206
-264
-321
-376
-431
-486
-546
-610
-679
-747
-814
-882
-946
-1011
-1072
-1126
-1176
-1215
-1248
-1275
-1294
-1303
-1305
-1295
-1272
-1241
-1195
-1141
-1075
-997
-913
-822
-727
-625
-522
-411
-302
-190
-78
33
141
249
356
458
556
651
742
825
906
980
1050
1116
1167
1206
1240
1261
1280
1288
1283
1268
1241
1209
1171
1122
1062
1003
934
862
792
715
638
564
487
414
342
275
207
140
73
11
-50
-116
-175
-236
-300
-359
-422
-485
-550
-617
-687
-758
-824
-890
-952
-1010
-1067
-1115
-1157
-1194
-1222
-1246
-1266
-1274
-1273
-1261
-1238
-1210
-1167
-1113
-1050
-975
-898
-815
-725
-627
-523
-415
-310
-205
-95
15
130
243
354
460
567
671
771
864
949
1030
1108
1173
1229
1274
1309
1338
1355
1367
1369
1355
1337
1310
1275
1235
1183
1122
1061
994
922
846
768
690
608
528
447
364
287
203
121
36
-51
-130
-213
-295
-375
-459
-541
-620
-701
-786
-865
-943
-1020
-1087
-1154
-1210
-1255
-1303
-1338
-1364
-1389
-1399
-1401
-1404
-1394
-1372
-1341
-1293
-1236
-1177
-1099
-1019
-931
-829
-728
-627
-513
-404
-288
-165
-50
71
192
308
428
549
659
768
867
960
1052
1134
1204
1266
1318
1356
1390
1416
1434
1439
1433
1416
1392
1363
1326
1280
1224
1160
1091
1019
945
867
785
702
616
531
447
363
275
188
97
8
-79
-168
-254
-339
-424
-507
-592
-677
-758
-836
-915
-988
-1059
-1125
-1179
-1230
-1273
-1308
-1342
-1364
-1377
-1388
-1387
-1380
-1366
-1338
-1301
-1256
-1199
-1136
-1066
-983
-894
-804
-704
-602
-502
-386
-276
-162
-47
62
174
289
400
511
620
714
811
900
983
1060
1128
1184
1236
1280
1314
1344
1359
1368
1365
1356
1341
1318
1286
1248
1200
1145
1087
1022
954
883
807
726
649
567
482
398
310
220
131
41
-53
-142
-234
-324
-412
-503
-589
-674
-755
-833
-908
-979
-1048
-1109
-1163
-1212
-1252
-1289
-1317
-1338
-1349
-1352
-1347
-1338
-1314
-1285
-1246
-1198
-1144
-1081
-1009
-929
-844
-750
-652
-550
-441
-328
-210
-94
21
137
255
370
483
595
699
802
898
992
1078
1153
1224
1284
1336
1380
1414
1437
1452
1454
1448
1433
1408
1375
1330
1282
1226
1162
1093
1018
936
850
760
663
569
471
371
269
165
62
-44
-144
-248
-352
-452
-555
-653
-746
-839
-927
-1012
-1090
-1162
-1229
-1289
-1345
-1392
-1432
-1463
-1486
-1502
-1509
-1507
-1494
-1473
-1442
-1400
-1347
-1285
-1216
-1137
-1054
-962
-863
-756
-648
-537
-419
-297
-172
-46
84
212
341
467
590
705
817
925
1025
1119
1204
1285
1355
1420
1474
1517
1552
1574
1588
1591
1580
1560
1529
1488
1438
1381
1313
1242
1161
1074
981
881
779
672
562
447
332
217
101
-14
-128
-243
-357
-465
-569
-673
-769
-864
-950
-1032
-1109
-1178
-1239
-1295
-1346
-1386
-1416
-1441
-1457
-1464
-1464
-1452
-1433
-1408
-1374
-1331
-1279
-1220
-1154
-1081
-1003
-916
-826
-729
-627
-524
-415
-303
-189
-73
42
158
275
391
502
610
717
816
913
1001
1084
1160
1228
1291
1344
1393
1432
1460
1480
1492
1497
1489
1472
1444
1411
1369
1318
1260
1192
1118
1041
958
869
773
676
574
469
363
255
146
37
-73
-180
-285
-390
-495
-595
-693
-785
-871
-956
-1034
-1105
-1168
-1225
-1276
-1321
-1358
-1387
-1409
-1423
-1429
-1424
-1415
-1396
-1368
-1334
-1290
-1240
-1181
-1116
-1044
-966
-885
-798
-705
-608
-508
-406
-301
-195
-87
22
130
240
345
447
548
642
737
823
904
982
1048
1109
1164
1210
1247
1279
1301
1316
1323
1318
1306
1288
1263
1229
1189
1138
1084
1023
957
885
809
729
647
560
471
381
292
200
110
16
-75
-164
-252
-337
-421
-503
-581
-654
-724
-790
-852
-910
-964
-1010
-1053
-1089
-1122
-1145
-1165
-1177
-1183
-1182
-1175
-1163
-1143
-1116
-1083
-1046
-1001
-950
-892
-830
-766
-693
-616
-538
-455
-368
-279
-188
-95
-1
92
185
277
368
460
547
629
712
790
862
929
995
1053
1106
1153
1191
1224
1249
1264
1274
1274
1268
1251
1228
1200
1162
1118
1066
1007
943
873
799
721
638
551
459
368
278
183
88
-8
-101
-196
-288
-378
-465
-547
-627
-701
-772
-838
-898
-954
-1001
-1047
-1084
-1114
-1140
-1155
-1166
-1171
-1168
-1160
-1143
-1120
-1093
-1058
-1016
-972
-917
-861
-799
-735
-666
-591
-512
-432
-349
-264
-177
-91
-6
80
163
245
327
405
478
549
615
677
735
786
828
867
899
925
948
961
967
972
966
954
939
919
892
861
825
784
742
695
648
596
544
489
433
377
318
260
201
141
82
24
-31
-88
-142
-196
-248
-298
-348
-396
-442
-484
-527
-566
-600
-633
-663
-690
-711
-730
-747
-761
-767
-772
-772
-769
-760
-749
-736
-717
-695
-670
-638
-603
-567
-525
-480
-435
-388
-340
-289
-238
-186
-132
-77
-21
35
90
144
197
250
301
352
402
448
490
531
569
604
635
664
690
710
729
742
753
759
760
756
750
740
725
705
682
657
628
595
560
524
484
442
398
352
303
254
202
149
95
45
-6
-57
-109
-158
-207
-254
-302
-344
-385
-424
-461
-494
-528
-557
-584
-607
-630
-649
-663
-677
-685
-689
-693
-691
-685
-678
-665
-651
-631
-613
-588
-560
-532
-498
-463
-425
-385
-346
-304
-260
-216
-169
-120
-69
-19
29
76
121
167
210
254
295
337
374
415
451
484
514
540
566
592
615
631
647
658
666
671
672
669
661
650
637
623
605
581
556
526
493
457
417
377
334
289
245
198
149
99
51
3
-44
-95
-143
-191
-238
-284
-333
-375
-416
-455
-490
-522
-551
-577
-600
-619
-634
-646
-655
-660
-660
-659
-653
-645
-633
-615
-597
-573
-546
-516
-483
-447
-410
-371
-328
-283
-239
-191
-146
-97
-49
0
48
96
143
188
236
277
319
360
399
436
469
502
527
549
570
587
600
612
621
626
627
625
616
607
592
575
557
534
511
484
453
422
386
348
308
267
224
181
136
92
47
3
-41
-87
-133
-175
-218
-258
-297
-334
-370
-402
-430
-457
-480
-501
-518
-533
-546
-558
-562
-563
-562
-558
-550
-538
-525
-508
-488
-466
-440
-415
-385
-354
-322
-288
-254
-220
-185
-145
-106
-67
-27
11
50
87
124
159
193
227
258
287
316
343
367
388
406
421
431
440
447
453
453
452
449
444
435
424
409
391
373
353
332
308
284
256
225
193
159
123
88
55
21
-11
-44
-76
-109
-142
-173
-204
-234
-260
-287
-310
-329
-348
-363
-378
-391
-401
-408
-415
-414
-412
-407
-402
-391
-378
-364
-347
-330
-308
-286
-265
-241
-214
-188
-159
-130
-99
-68
-37
-3
28
58
88
117
145
170
196
220
242
262
282
302
318
334
346
361
373
381
390
396
399
399
399
397
393
387
379
367
354
339
322
302
282
262
238
216
193
167
141
114
86
60
32
6
-19
-47
-70
-98
-124
-150
-177
-202
-225
-245
-265
-285
-300
-315
-329
-343
-353
-364
-371
-377
-381
-381
-380
-377
-371
-366
-359
-350
-340
-325
-310
-291
-274
-256
-235
-211
-188
-166
-144
-118
-95
-71
-45
-23
1
25
49
72
95
118
140
162
180
196
210
223
234
247
256
266
274
280
283
281
283
281
276
273
268
261
253
242
231
217
201
188
171
153
135
117
97
76
58
38
19
3
-16
-34
-51
-68
-83
-99
-115
-124
-135
-145
-152
-162
-168
-176
-181
-185
-188
-189
-189
-187
-184
-180
-174
-169
-163
-155
-146
-136
-126
-117
-105
-93
-82
-70
-57
-45
-33
-18
-5
9
22
35
49
63
74
85
95
104
114
122
132
137
145
151
155
161
164
166
168
168
168
165
162
158
153
149
140
134
125
117
109
99
88
80
70
59
48
38
26
15
5
-6
-16
-27
-36
-43
-53
-61
-69
-77
-85
-92
-98
-104
-108
-112
-116
-116
-118
-118
-117
-119
-120
-116
-114
-112
-108
-106
-101
-96
-90
-86
-81
-75
-70
-67
-61
-55
-48
-43
-36
-29
-25
-21
-15
-11
-7
-4
1
4
9
13
15
16
18
21
20
21
21
22
22
22
23
23
23
22
23
24
22
20
18
18
17
16
14
13
13
15
12
11
10
9
8
7
7
8
6
6
8
8
9
8
7
8
8
8
11
11
13
11
11
13
12
13
14
15
15
14
16
16
15
16
15
17
17
19
22
24
24
23
24
23
24
25
21
23
25
24
24
27
27
27
27
25
24
27
24
25
24
25
23
21
21
19
18
14
17
14
13
12
13
11
9
8
5
3
2
2
1
-2
-1
-2
-4
-7
-9
-11
-14
-16
-18
-19
-20
-20
-20
-22
-22
-24
-27
-29
-29
-30
-29
-29
-29
-29
-29
-28
-28
-29
-31
-29
-29
-29
-27
-27
-25
-23
-22
-22
-22
-19
-19
-18
-17
-16
-14
-14
-14
-12
-10
-9
-7
-7
-6
-5
-5
-4
-1
0
1
3
3
3
3
5
5
5
5
5
4
3
3
3
4
5
7
7
7
7
7
6
6
4
4
4
4
5
6
6
5
5
4
2
0
0
1
1
2
4
6
6
5
6
2
-1
-3
-3
-1
0
2
4
6
6
3
1
1
-1
-2
0
1
4
7
8
9
7
6
4
2
0
3
2
4
7
8
8
7
7
6
7
8
7
5
5
6
7
6
5
5
6
7
7
5
4
3
2
1
1
4
5
5
4
1
0
-3
-5
-5
-4
-2
1
2
1
-1
-2
-6
-8
-11
-10
-7
-7
-3
-3
-4
-3
-7
-8
-9
-10
-11
-8
-6
-4
-2
-2
-4
-5
-4
-6
-5
-3
-2
-2
0
1
1
0
0
0
1
2
2
4
4
5
5
5
6
5
6
6
5
6
7
6
7
7
7
8
9
9
9
7
7
5
5
5
5
5
6
5
5
4
2
2
1
1
2
1
1
2
1
-1
-2
-2
-3
-3
-3
-3
-3
-1
0
-3
-4
-4
-4
-4
-5
-4
-4
-6
-5
-4
-4
-4
-5
-5
-5
-4
-6
-4
-4
-3
-5
-4
-3
-4
-3
-4
-3
-3
-4
-4
-5
-2
-3
-1
0
-1
-1
-1
0
1
2
1
1
1
1
1
0
2
3
3
4
5
5
5
5
4
5
5
5
2
2
3
2
3
3
4
5
5
4
2
3
2
1
0
-2
-3
-4
-4
-3
-4
-4
-4
-6
-7
-7
-8
-7
-7
-6
-6
-6
-6
-5
-5
-4
-5
-5
-5
-5
-5
-4
-5
-2
-1
-1
1
1
1
0
1
3
1
2
4
3
3
4
5
4
4
3
4
5
6
7
6
6
6
6
6
6
5
5
6
6
4
3
4
5
3
3
2
2
3
4
3
3
2
3
2
1
0
0
-1
-1
-1
0
0
-1
-1
-4
-5
-4
-3
-4
-5
-5
-5
-5
-6
-6
-6
-4
-4
-3
-4
-4
-3
-4
-4
-3
-5
-5
-4
-4
-5
-5
-4
-3
-2
2
2
3
1
1
1
0
1
1
1
1
2
0
0
0
3
4
5
4
4
3
2
2
5
5
4
4
2
0
1
1
3
3
2
2
3
3
2
2
2
1
1
1
-1
-3
-2
0
-1
-1
-3
-3
-1
-2
-1
-1
-2
-4
-4
-4
-4
-4
-3
-3
-2
-2
-4
-3
-4
-2
-2
-1
0
0
0
-1
-1
-1
-1
-3
-2
0
1
1
0
0
1
0
-1
0
-1
-1
1
2
2
2
3
3
2
2
2
2
3
3
1
4
3
2
2
1
2
3
2
3
4
3
3
3
3
1
1
1
2
1
1
1
1
0
-1
1
0
0
-2
-2
-2
-3
-4
-4
-3
-4
-2
-2
-1
-1
-1
-1
-3
-2
-3
-3
-2
-2
-2
-2
-2
-1
-3
-2
0
-2
-1
-2
1
-1
-1
0
-1
-1
0
0
0
1
1
-1
-1
-1
0
0
0
0
2
1
0
2
3
3
2
3
4
3
2
4
2
3
2
2
2
1
1
2
2
0
0
1
1
1
1
2
1
1
1
0
0
-2
-1
-2
-2
-1
-2
-1
-1
-3
-2
-2
-2
-2
-3
-3
-3
-2
-3
-3
-3
-3
-2
-2
-4
-4
-3
-2
-3
-1
-1
0
0
1
2
1
2
2
2
3
3
5
4
4
4
5
5
8
9
7
7
9
9
10
9
9
10
11
10
10
9
7
10
8
9
9
9
10
8
8
7
6
8
7
5
4
2
3
3
3
4
3
1
1
1
0
1
0
-1
-2
-1
-2
-2
-3
-3
-5
-5
-4
-5
-4
-3
-4
-5
-6
-7
-8
-7
-7
-6
-7
-8
-9
-11
-10
-11
-11
-10
-10
-11
-9
-12
-13
-14
-15
-15
-14
-14
-14
-15
-13
-12
-14
-15
-16
-16
-17
-16
-16
-14
-15
-14
-14
-15
-16
-17
-16
-17
-14
-14
-14
-12
-11
-12
-13
-14
-14
-14
-12
-10
-8
-8
-6
-5
-6
-6
-6
-7
-4
-4
-2
-2
-2
-1
0
1
0
3
3
5
5
6
6
8
8
8
10
11
13
13
14
16
15
17
17
17
18
19
18
19
22
22
23
24
24
23
24
23
23
21
22
24
23
22
23
22
22
22
24
25
26
25
25
26
23
24
20
20
21
20
19
20
20
20
19
18
16
15
14
14
14
15
12
13
10
7
6
4
4
5
4
4
3
2
-2
-4
-5
-3
-5
-7
-7
-8
-10
-10
-11
-13
-12
-13
-11
-13
-13
-14
-17
-19
-19
-18
-19
-17
-19
-19
-20
-23
-24
-23
-25
-23
-22
-23
-21
-22
-24
-24
-25
-26
-23
-22
-24
-21
-20
-22
-21
-24
-25
-24
-25
-22
-21
-19
-18
-17
-18
-19
-20
-23
-20
-17
-17
-15
-16
-14
-12
-13
-15
-15
-14
-13
-11
-8
-7
-5
-5
-5
-5
-4
-4
-4
-3
-2
-1
0
1
2
3
4
3
5
6
6
7
6
7
10
11
12
13
14
15
14
15
14
15
16
17
17
18
19
18
19
19
18
19
20
19
20
19
19
18
17
18
19
17
17
17
16
16
17
18
19
19
20
20
18
18
17
17
16
14
13
14
14
12
12
13
12
12
12
10
9
9
8
9
7
6
6
5
4
3
3
3
1
1
1
-2
-3
-2
-2
-2
-4
-6
-5
-7
-6
-7
-10
-8
-10
-10
-8
-7
-8
-8
-9
-9
-9
-9
-9
-9
-11
-11
-11
-12
-13
-12
-11
-10
-10
-8
-9
-8
-10
-10
-10
-9
-11
-10
-11
-9
-9
-9
-9
-9
-8
-7
-8
-8
-7
-6
-6
-8
-8
-7
-6
-5
-4
-2
-3
-3
-4
-5
-5
-4
-4
-3
-2
-1
-1
1
1
2
3
3
1
2
1
0
1
0
1
2
3
3
5
4
3
4
3
1
1
-1
0
1
1
4
5
6
7
7
8
5
3
2
0
-1
-3
-2
-2
-2
0
2
4
6
6
5
3
2
2
-2
-2
-2
-3
-3
-2
-1
2
3
4
3
5
3
1
0
-1
-1
-3
-4
-1
-1
1
2
3
2
1
0
0
0
-2
-2
-4
-3
-1
0
1
3
3
1
2
1
1
-2
-2
-3
-4
-4
-5
-3
-1
1
4
3
5
5
4
2
1
0
-3
-3
-3
-3
-1
-1
0
1
2
5
2
1
1
0
-1
-3
-3
-2
-1
-1
1
0
1
1
0
0
0
-1
0
0
0
1
1
0
1
0
-1
1
2
0
1
0
0
0
1
1
1
1
1
3
0
1
1
1
1
0
0
0
-2
0
-1
-1
-3
-2
-2
-1
1
0
0
2
1
2
0
0
-1
-1
-1
-2
-1
-1
2
1
1
1
2
2
0
0
0
0
0
-2
-1
0
-1
1
2
-1
0
1
0
1
0
1
