SAMPLES:	19056
BITSPERSAMPLE:	16
CHANNELS:	1
SAMPLERATE:	16000
NORMALIZED:	FALSE
0
0
1
-1
1
2
1
2
0
-1
0
-1
1
3
3
3
1
0
-2
-2
0
2
3
3
2
-1
-1
-1
-3
0
1
1
-1
-3
-3
-1
-2
0
2
0
-2
-2
-2
-2
-1
-2
-1
1
-2
-1
-1
-1
2
-2
-2
-1
-2
-1
-1
0
1
-1
-2
1
0
2
2
-1
2
-2
-2
0
-3
3
3
0
3
-2
-2
0
-3
3
2
3
4
-4
1
-3
-3
3
1
2
4
-4
-2
-2
-3
4
0
2
2
-3
-2
-3
0
3
2
3
-1
-1
-1
-2
1
1
2
-1
-2
-1
0
0
-1
1
0
0
-1
0
-1
1
0
-1
0
0
-1
-2
2
1
-2
1
0
-2
1
1
0
2
1
-1
0
0
2
1
3
2
1
1
-1
1
0
-1
3
2
0
1
0
1
0
0
3
1
0
2
-1
-1
1
2
2
2
1
1
1
0
2
1
2
2
1
1
-2
-3
0
0
1
2
0
0
-3
-3
-1
-2
3
4
1
0
-4
-5
-4
-3
2
2
-1
0
-3
-3
-3
-3
0
2
2
-1
-2
-5
-4
-1
-1
0
2
-2
-2
-5
-3
1
0
1
1
0
-2
-2
-3
0
3
3
3
-1
-1
-3
-3
1
2
2
2
-1
-2
-5
-2
4
1
4
0
-1
-1
-5
-1
5
3
4
-2
-4
-1
-3
1
5
3
4
-1
-2
0
-2
3
3
2
4
0
-2
-1
0
4
3
2
0
-2
-1
-2
1
2
1
3
0
1
1
-2
3
2
0
1
-2
0
3
0
4
3
1
2
0
0
2
0
0
2
1
2
2
1
2
1
0
0
-1
0
0
2
0
-1
0
-3
-1
0
-1
1
0
0
0
-1
-1
-1
1
1
-1
0
-1
-1
0
-3
-2
0
-2
0
-1
-1
0
-2
-1
-1
0
0
-1
-1
-2
-1
-2
-4
-1
-2
0
1
-2
1
-1
-4
0
-4
-1
1
-1
1
0
-2
-1
-3
-1
1
2
2
-1
-2
-2
-3
-2
0
1
0
-1
1
-1
-1
0
-2
2
-1
1
2
-2
0
0
1
3
2
3
1
-1
-1
-1
2
4
1
2
0
-1
1
-3
-1
3
1
2
2
0
0
0
-1
2
2
1
2
-2
-1
0
-1
3
2
2
1
-2
-1
-1
-1
1
0
1
2
-2
0
2
-1
2
1
1
1
-1
0
-2
-2
-1
-1
1
1
-1
0
-1
-1
1
0
2
3
1
1
-2
-2
-2
0
2
2
2
0
-3
-2
-2
0
3
3
3
0
-2
-2
-2
0
3
2
2
1
-3
-3
0
0
3
3
1
0
-3
-4
0
1
2
4
1
-1
-2
-3
0
0
1
2
0
-2
0
-1
0
2
1
0
-2
-3
-1
1
1
2
0
-2
-2
-2
1
1
3
3
-1
-1
-3
-3
-1
0
2
3
0
-2
-1
-1
1
1
2
0
1
-1
-1
-1
1
1
2
4
-2
-1
-1
-3
1
-2
0
0
-1
1
-1
-3
-2
-1
1
2
0
0
-2
-1
0
-1
2
1
0
-1
-2
-1
0
0
1
0
-1
-2
-2
-1
2
1
1
0
-1
-3
-1
1
2
3
1
1
-2
-2
-2
-2
1
1
0
0
-1
-1
-2
0
0
2
2
0
0
-1
-2
1
3
3
3
0
0
-1
-2
2
0
1
3
-1
1
0
-1
1
2
2
2
1
1
2
0
0
1
1
1
1
1
1
-1
0
2
1
1
1
1
0
-1
-1
0
0
1
-1
-1
-2
-2
1
1
2
0
-1
-3
-1
-1
0
1
1
0
-1
-2
-2
-1
1
1
-1
-1
-1
-2
-1
0
0
2
-1
-1
-2
-2
0
0
0
1
-2
-2
-1
-3
-1
1
1
0
-3
-2
-1
-1
1
1
-1
1
-1
-1
0
0
1
0
-1
-1
1
-1
1
1
0
1
-2
-1
-2
0
2
2
1
0
-2
-2
-1
0
0
1
2
-1
-1
-2
-1
2
3
2
3
-1
0
-2
-2
4
3
3
3
-2
-1
-2
-1
2
1
2
3
-1
-1
-2
-3
2
1
2
2
0
-1
-2
0
3
3
2
1
0
-2
-2
-1
1
2
2
2
0
-2
-2
-2
-2
1
2
1
2
-1
0
1
-2
1
0
1
1
-1
0
-1
-1
1
0
1
2
2
1
-3
-2
0
-1
0
1
0
0
-2
-1
-1
0
2
1
1
-1
-2
-3
-2
0
1
3
2
1
0
-3
-1
0
2
2
0
-2
-1
-1
-2
0
0
1
1
1
-1
1
-1
-1
0
0
0
0
0
-2
-1
-1
0
-1
0
0
0
0
0
1
0
2
1
0
0
-2
-2
0
0
1
2
1
1
1
0
1
-1
0
1
-1
0
-1
-2
-1
-2
0
0
-2
0
-1
-1
1
0
1
1
1
-1
0
0
2
0
-1
0
-2
0
-1
0
1
0
0
-1
-1
0
2
2
3
2
0
0
-2
-2
-2
-1
1
0
0
-3
-3
-1
0
1
2
1
-2
0
1
-1
0
1
2
0
-1
1
-1
0
0
1
2
1
0
-1
-1
0
1
-2
-2
-1
-2
1
2
2
2
1
0
-3
-2
1
0
0
-1
-2
-2
-1
0
1
0
2
-1
0
0
-2
0
0
-1
0
-3
-1
0
0
2
2
3
2
0
1
2
1
2
1
2
1
0
0
-1
1
2
2
1
-1
-1
-1
-1
-1
0
2
1
-1
0
-1
-1
-1
1
2
1
-1
-1
-3
-1
2
3
3
2
-1
-3
-3
-1
0
0
1
1
0
-1
-2
-1
1
2
1
0
-3
-4
-2
-1
1
1
2
0
-1
-1
-2
-1
1
2
0
0
-1
-1
0
0
0
0
0
0
-1
-1
1
0
0
0
-1
2
-1
2
3
2
2
2
2
1
1
1
0
2
2
1
1
1
1
1
1
2
1
1
2
1
2
1
0
2
0
2
1
0
1
-2
-1
0
0
0
1
-1
-2
-1
-2
-2
1
1
2
0
0
0
-1
-1
-2
-2
-2
-2
-3
-2
-1
0
1
0
0
0
-1
-1
0
-2
-1
-1
-3
-1
-2
0
-1
0
1
0
0
-2
-2
0
-1
0
1
-1
1
0
0
1
1
1
0
-1
-1
-2
0
1
-1
1
-1
-2
-1
-3
1
0
1
0
-3
-2
-1
-1
1
0
1
3
0
1
2
0
2
1
0
-1
-2
-1
1
1
1
2
1
1
-1
-1
-1
-1
1
-1
0
1
0
1
-1
0
2
0
2
1
-1
1
1
0
0
1
0
-1
-2
0
1
-1
2
1
1
1
1
1
1
1
3
2
0
1
1
-1
2
1
2
3
-1
2
2
0
2
2
2
1
0
1
1
0
3
1
0
1
-1
0
-1
-1
1
0
0
1
0
-1
-2
-2
-2
0
0
-2
-1
-2
0
-1
-3
-1
-2
-2
-2
-1
1
0
-1
-1
-2
-1
-1
-1
-1
-3
-3
-2
-3
-2
-1
-1
0
-1
-1
-1
-2
-2
-1
0
0
0
0
0
-2
-2
-1
-1
-1
-2
-2
0
0
-1
1
1
0
0
-1
1
-1
0
1
0
2
1
0
0
1
2
2
1
2
2
2
-1
1
0
1
2
2
0
0
-2
0
1
1
2
1
1
-1
-1
-1
0
1
3
2
2
1
-2
-2
0
1
1
2
2
2
0
0
2
1
2
0
1
2
0
1
2
-1
0
1
0
3
2
2
2
-1
1
-1
0
0
0
1
0
-2
-1
0
1
0
0
1
0
-1
-1
-1
0
2
2
1
0
-1
-1
-2
0
0
1
3
-1
-2
-3
-3
-1
1
0
1
2
-1
-1
-2
-1
0
1
1
0
-1
-2
-2
-1
0
-1
3
1
-2
-2
-4
-3
-2
-1
0
-2
-1
-2
-2
-2
-1
-1
-1
-1
0
0
0
-1
1
1
1
0
-1
-2
-3
-2
-2
-1
-1
1
1
0
1
0
0
3
1
2
2
-1
-2
-1
1
3
0
1
0
-2
2
-2
0
1
1
2
0
-1
-1
-1
0
3
3
4
2
1
1
0
1
1
0
1
1
1
1
1
2
4
4
3
1
-2
-2
-2
-1
-1
-2
-2
-4
-4
-5
-4
-3
-3
-2
-2
-4
-4
-3
-1
0
2
2
2
3
5
3
3
5
6
7
7
7
6
5
3
3
4
0
-1
1
0
-1
-3
-4
-2
-3
-3
-2
-4
-5
-4
-7
-6
-3
-2
0
-2
0
0
1
4
3
4
5
2
3
2
1
1
2
3
2
2
1
-2
-1
-2
-1
0
-2
-4
-3
-3
-3
-3
-4
-1
-3
-3
-1
-4
-2
-2
-2
-1
-1
-2
0
-2
-2
-2
-4
-3
-3
-4
-1
-1
0
0
1
2
2
4
5
6
5
8
9
11
13
13
14
13
12
11
9
9
6
7
6
3
0
-1
-4
-5
-8
-9
-13
-16
-17
-18
-19
-21
-21
-23
-23
-21
-21
-19
-16
-13
-14
-11
-10
-7
-2
-1
4
8
9
14
15
19
23
26
30
31
33
34
31
28
25
20
15
9
3
-3
-7
-14
-19
-21
-24
-24
-26
-23
-22
-22
-18
-15
-11
-6
-3
3
7
11
14
19
23
26
29
29
31
28
22
20
14
11
8
5
7
4
3
2
1
6
9
11
17
18
15
11
7
7
7
10
12
15
11
4
2
-2
-1
0
-1
0
-11
-23
-29
-36
-35
-33
-30
-23
-26
-34
-39
-46
-40
-36
-32
-22
-18
-17
-20
-14
5
19
33
48
52
52
41
38
44
45
44
46
41
35
20
15
23
20
18
15
4
-5
-29
-40
-40
-53
-60
-73
-90
-101
-125
-140
-141
-154
-161
-170
-177
-169
-166
-145
-106
-77
-41
-9
13
46
57
70
88
79
72
50
23
13
-9
-13
-1
2
18
25
37
60
69
88
111
120
130
128
126
130
122
128
145
158
170
175
178
172
154
136
121
104
74
44
10
-30
-64
-105
-120
-121
-132
-120
-117
-122
-119
-133
-126
-111
-114
-92
-85
-89
-77
-81
-55
-8
24
89
132
152
184
178
179
184
163
167
137
77
45
-10
-52
-67
-92
-73
-79
-120
-111
-120
-132
-119
-110
-56
-29
-53
-17
12
28
62
76
139
159
105
111
104
73
43
-14
-10
-50
-159
-205
-249
-289
-330
-377
-347
-341
-369
-335
-271
-182
-111
-42
79
160
196
229
264
295
262
214
186
130
55
-15
-43
-29
-39
-26
26
75
123
159
217
292
319
338
358
356
344
302
278
278
253
230
215
190
158
97
42
-7
-83
-172
-274
-373
-481
-603
-706
-779
-833
-863
-861
-818
-764
-705
-621
-520
-406
-309
-207
-105
-25
42
106
185
267
341
432
537
627
709
766
825
858
853
850
812
757
676
572
490
399
305
233
158
97
36
-46
-103
-191
-281
-361
-450
-513
-577
-633
-663
-673
-660
-615
-552
-459
-371
-282
-182
-112
-66
-45
-36
-46
-70
-108
-151
-206
-266
-297
-295
-254
-205
-148
-68
12
80
155
239
316
373
409
464
481
462
449
464
518
568
636
706
769
797
826
862
908
912
865
818
725
591
402
223
59
-103
-264
-395
-506
-627
-728
-816
-833
-841
-844
-861
-884
-920
-985
-1039
-1070
-1066
-1061
-1025
-982
-905
-836
-742
-619
-474
-304
-161
-31
62
129
172
226
293
364
432
495
584
657
725
791
867
940
1020
1070
1095
1070
986
936
871
839
795
763
750
731
693
653
559
443
322
187
85
-114
-349
-636
-873
-1056
-1188
-1267
-1293
-1284
-1258
-1182
-1108
-1004
-963
-896
-808
-646
-567
-582
-610
-590
-524
-469
-335
-214
-143
-157
-121
-45
15
-31
-55
25
127
174
186
297
384
460
576
761
879
855
815
870
948
960
957
986
1074
1086
1122
1216
1291
1289
1221
1190
1109
906
640
410
199
-21
-292
-487
-674
-860
-969
-1001
-903
-819
-739
-632
-546
-525
-538
-576
-546
-595
-698
-759
-842
-930
-1030
-1064
-1013
-974
-918
-840
-787
-750
-800
-846
-812
-813
-861
-937
-963
-969
-979
-890
-694
-477
-218
52
368
691
939
1149
1345
1538
1659
1706
1743
1751
1720
1706
1746
1799
1806
1806
1815
1797
1749
1641
1521
1373
1172
959
736
504
219
-68
-251
-385
-511
-593
-636
-618
-629
-630
-607
-604
-649
-755
-860
-986
-1209
-1477
-1706
-1899
-2051
-2148
-2171
-2153
-2091
-1974
-1824
-1679
-1538
-1414
-1319
-1214
-1140
-1073
-927
-778
-584
-217
190
564
848
1273
1704
1923
2140
2330
2398
2326
2192
2148
2078
1882
1700
1523
1502
1345
1070
987
896
690
449
324
252
23
-149
-130
-175
-163
-142
-30
195
389
575
741
932
1014
953
910
816
536
204
-130
-440
-860
-1236
-1502
-1800
-1932
-2070
-2197
-2239
-2307
-2396
-2459
-2479
-2435
-2563
-2672
-2665
-2734
-2693
-2604
-2431
-2242
-2066
-1817
-1479
-1016
-505
-101
367
879
1259
1591
1895
2207
2360
2467
2657
2794
2865
2886
2910
3063
3199
3294
3354
3364
3320
3057
2780
2538
2119
1634
1182
805
450
-2
-331
-549
-697
-742
-768
-655
-522
-493
-400
-299
-226
-273
-420
-453
-603
-836
-1104
-1401
-1653
-1948
-2197
-2359
-2536
-2705
-2863
-2981
-2980
-3064
-3138
-3154
-3128
-3100
-3065
-2935
-2785
-2515
-2087
-1518
-846
-128
585
1218
1893
2589
3095
3508
3832
3992
4042
3978
3900
3727
3502
3339
3094
2920
2701
2353
2057
1729
1388
993
571
235
-178
-548
-796
-1089
-1250
-1351
-1358
-1156
-914
-574
-243
55
389
603
790
914
880
768
526
232
-122
-531
-888
-1243
-1562
-1821
-2047
-2193
-2360
-2542
-2644
-2749
-2824
-2963
-3121
-3203
-3289
-3323
-3265
-3126
-2964
-2762
-2434
-1853
-1180
-492
202
886
1551
2136
2631
3086
3400
3552
3630
3685
3730
3582
3388
3288
3241
3173
3100
3004
2817
2521
2178
1847
1450
987
462
-30
-418
-834
-1236
-1493
-1623
-1642
-1551
-1321
-1013
-731
-431
-92
195
408
466
419
395
203
-57
-362
-663
-984
-1297
-1539
-1763
-1999
-2243
-2399
-2557
-2642
-2826
-3031
-3204
-3355
-3478
-3521
-3514
-3524
-3271
-2802
-2181
-1438
-581
358
1158
2025
2934
3580
4076
4392
4569
4674
4610
4440
4153
3872
3661
3371
3192
3005
2630
2252
1919
1538
1049
481
-45
-581
-1101
-1499
-1904
-2191
-2385
-2463
-2235
-1832
-1397
-951
-429
169
627
961
1230
1327
1256
1079
795
408
-111
-655
-1122
-1505
-1816
-2125
-2417
-2641
-2790
-2930
-3045
-3185
-3355
-3501
-3629
-3691
-3784
-3784
-3722
-3505
-2897
-2156
-1302
-462
604
1615
2480
3367
4148
4652
4918
5089
5155
5085
4769
4429
4042
3842
3575
3229
3034
2792
2412
1969
1620
1261
730
131
-306
-797
-1262
-1734
-2094
-2262
-2343
-2233
-1963
-1538
-1081
-646
-145
345
647
801
898
888
632
217
-228
-752
-1278
-1721
-2102
-2448
-2743
-3010
-3187
-3258
-3320
-3473
-3580
-3610
-3662
-3767
-3752
-3846
-3828
-3492
-2971
-2314
-1614
-572
358
1337
2409
3424
4161
4725
5137
5452
5581
5450
5153
4742
4554
4113
3694
3439
3169
2791
2380
2168
1853
1333
856
439
-58
-503
-1042
-1470
-1790
-2043
-2167
-2118
-1810
-1510
-1159
-641
-83
318
618
857
977
892
644
294
-195
-752
-1370
-1854
-2260
-2712
-3097
-3376
-3558
-3656
-3738
-3754
-3814
-3836
-3829
-3888
-3830
-3813
-3896
-3581
-2936
-2232
-1594
-712
460
1349
2361
3487
4427
4954
5280
5639
5895
5734
5337
4897
4599
4320
3731
3366
3097
2651
2169
1869
1718
1243
651
248
-153
-613
-1123
-1600
-1924
-2154
-2286
-2205
-1926
-1566
-1227
-693
-29
479
779
1032
1227
1175
916
528
113
-499
-1136
-1705
-2133
-2567
-3048
-3353
-3516
-3600
-3686
-3754
-3738
-3728
-3757
-3795
-3838
-3833
-4043
-3828
-3229
-2549
-1958
-1108
65
1024
2033
3223
4221
4819
5231
5570
5875
5775
5377
4925
4650
4400
3889
3458
3245
2865
2376
2104
1922
1548
964
555
176
-285
-826
-1407
-1807
-2116
-2292
-2330
-2113
-1782
-1447
-910
-211
374
771
1073
1330
1366
1129
760
260
-270
-941
-1544
-2043
-2477
-2891
-3233
-3378
-3495
-3601
-3684
-3688
-3719
-3801
-3843
-3965
-4022
-4199
-4326
-3834
-3237
-2560
-1925
-744
423
1359
2553
3746
4542
4987
5371
5729
5849
5543
5105
4711
4552
4129
3649
3417
3229
2788
2391
2280
2042
1489
932
572
114
-421
-1102
-1631
-2017
-2325
-2457
-2376
-2012
-1688
-1273
-552
140
611
964
1282
1494
1360
1036
597
100
-503
-1153
-1663
-2094
-2492
-2846
-3010
-3092
-3219
-3370
-3376
-3394
-3504
-3663
-3758
-3903
-4025
-4259
-4276
-3737
-3205
-2544
-1822
-535
528
1458
2656
3738
4439
4799
5179
5507
5523
5174
4799
4486
4318
3880
3503
3396
3174
2786
2441
2344
2032
1435
922
539
75
-516
-1172
-1645
-1996
-2279
-2365
-2216
-1823
-1536
-1061
-398
165
547
866
1149
1302
1149
813
427
-34
-621
-1173
-1609
-2035
-2406
-2727
-2844
-2997
-3143
-3301
-3289
-3372
-3477
-3654
-3786
-3905
-4059
-4282
-4271
-3688
-3202
-2554
-1788
-511
459
1385
2578
3625
4313
4642
5112
5471
5517
5205
4926
4709
4629
4184
3869
3798
3528
3113
2708
2618
2216
1581
1045
650
152
-482
-1146
-1619
-1946
-2298
-2431
-2301
-1947
-1710
-1296
-708
-189
169
451
775
965
832
508
182
-263
-844
-1341
-1812
-2199
-2593
-2894
-3043
-3173
-3303
-3422
-3431
-3462
-3507
-3646
-3714
-3809
-3941
-4249
-3991
-3466
-2959
-2386
-1503
-286
580
1630
2859
3868
4430
4870
5398
5764
5680
5392
5111
5015
4840
4305
4073
3920
3539
3015
2742
2624
2097
1465
993
571
-6
-675
-1323
-1712
-2103
-2469
-2543
-2325
-2004
-1773
-1253
-606
-114
254
623
985
1088
874
596
233
-286
-927
-1478
-1953
-2376
-2816
-3122
-3265
-3419
-3576
-3660
-3644
-3707
-3776
-3838
-3911
-3974
-4208
-4349
-3922
-3417
-2823
-2223
-1133
-32
851
2063
3296
4141
4658
5174
5706
5915
5710
5439
5168
5096
4721
4239
4061
3807
3308
2846
2700
2469
1871
1303
916
410
-214
-904
-1467
-1849
-2293
-2545
-2510
-2261
-2001
-1680
-1045
-408
50
490
894
1184
1148
924
655
212
-370
-1075
-1605
-2060
-2512
-2954
-3194
-3321
-3469
-3561
-3543
-3505
-3618
-3664
-3763
-3844
-3997
-4302
-4288
-3837
-3313
-2773
-2049
-878
95
1087
2372
3510
4248
4746
5282
5757
5811
5564
5262
5086
4949
4462
4115
3972
3671
3206
2865
2774
2462
1841
1369
978
440
-263
-997
-1550
-1985
-2450
-2674
-2620
-2432
-2207
-1820
-1136
-523
-33
400
814
1059
989
757
428
-44
-703
-1373
-1847
-2292
-2770
-3129
-3268
-3322
-3401
-3389
-3324
-3300
-3359
-3422
-3545
-3710
-4039
-4345
-4076
-3634
-3152
-2611
-1585
-478
549
1803
3099
4089
4719
5280
5844
6143
5923
5534
5221
5120
4685
4181
3926
3668
3316
2927
2788
2645
2152
1622
1227
801
182
-641
-1367
-1859
-2337
-2753
-2884
-2785
-2565
-2247
-1638
-884
-255
249
711
1116
1218
1050
702
237
-374
-1104
-1695
-2219
-2729
-3162
-3380
-3439
-3491
-3503
-3481
-3426
-3371
-3426
-3535
-3741
-4079
-4498
-4349
-3935
-3503
-3003
-2040
-872
233
1622
3041
4188
4965
5657
6259
6628
6407
5930
5496
5300
4833
4203
3819
3465
3105
2743
2621
2498
2088
1603
1207
827
258
-536
-1313
-1852
-2318
-2742
-2937
-2851
-2611
-2253
-1646
-858
-129
440
932
1354
1466
1315
935
436
-212
-1016
-1706
-2332
-2894
-3386
-3664
-3751
-3803
-3831
-3809
-3718
-3556
-3578
-3653
-3773
-4057
-4443
-4319
-3901
-3473
-3010
-2112
-918
197
1612
3066
4263
5125
5888
6510
6894
6717
6239
5745
5449
4949
4244
3802
3393
3002
2625
2492
2348
1960
1513
1141
771
259
-470
-1217
-1774
-2235
-2617
-2807
-2722
-2482
-2145
-1585
-863
-183
369
815
1194
1276
1100
732
256
-373
-1182
-1910
-2530
-3101
-3616
-3912
-4009
-4045
-4073
-4042
-3902
-3710
-3687
-3718
-3722
-3887
-4163
-3957
-3493
-3017
-2562
-1710
-551
526
1864
3220
4333
5170
5890
6508
6894
6771
6383
5902
5590
5119
4410
3958
3556
3116
2698
2463
2259
1816
1318
960
570
92
-590
-1303
-1814
-2251
-2593
-2732
-2654
-2420
-2132
-1649
-987
-410
78
509
880
1011
852
539
160
-390
-1129
-1834
-2415
-2993
-3534
-3878
-4023
-4096
-4187
-4194
-4064
-3920
-3875
-3895
-3878
-3949
-4152
-3872
-3344
-2811
-2311
-1484
-356
723
2021
3307
4382
5211
5907
6523
6956
6901
6585
6173
5894
5470
4759
4238
3782
3260
2759
2414
2100
1616
1056
682
303
-171
-825
-1526
-1974
-2369
-2705
-2816
-2748
-2538
-2242
-1811
-1183
-619
-131
352
773
994
897
635
307
-203
-890
-1588
-2205
-2856
-3430
-3834
-4096
-4230
-4391
-4411
-4289
-4138
-3998
-3935
-3949
-3972
-4089
-3777
-3239
-2706
-2147
-1338
-246
854
2184
3461
4578
5445
6182
6814
7268
7258
6956
6598
6300
5855
5101
4477
3876
3256
2664
2230
1796
1269
702
299
-66
-551
-1160
-1814
-2201
-2545
-2857
-2925
-2843
-2647
-2303
-1866
-1274
-711
-204
303
728
969
904
653
323
-226
-888
-1599
-2262
-2976
-3582
-4032
-4378
-4589
-4771
-4774
-4641
-4445
-4226
-4025
-3994
-3962
-3929
-3488
-2975
-2409
-1840
-956
114
1197
2547
3778
4902
5757
6512
7140
7553
7484
7193
6825
6517
5988
5208
4551
3846
3213
2592
2133
1629
1065
522
149
-240
-728
-1318
-1887
-2230
-2565
-2800
-2863
-2756
-2590
-2204
-1727
-1160
-630
-139
337
698
892
776
517
134
-440
-1107
-1819
-2506
-3185
-3805
-4270
-4610
-4860
-5004
-5017
-4860
-4677
-4461
-4272
-4173
-4107
-3959
-3399
-2896
-2284
-1718
-729
348
1463
2799
4026
5126
5998
6787
7398
7786
7663
7390
7034
6720
6137
5383
4684
3967
3321
2701
2210
1653
1027
462
86
-363
-899
-1511
-2015
-2374
-2722
-2907
-2955
-2850
-2673
-2282
-1735
-1159
-612
-112
367
725
860
709
480
89
-487
-1145
-1869
-2540
-3193
-3804
-4274
-4595
-4862
-5003
-5047
-4902
-4772
-4633
-4545
-4400
-4340
-4113
-3538
-3014
-2355
-1747
-659
410
1645
2962
4221
5312
6228
7045
7623
7947
7806
7543
7229
6904
6269
5559
4827
4139
3444
2825
2302
1692
1020
446
17
-507
-1091
-1728
-2190
-2573
-2924
-3092
-3100
-2980
-2773
-2360
-1777
-1197
-623
-86
416
775
834
683
464
69
-524
-1212
-1933
-2601
-3264
-3842
-4278
-4606
-4869
-5025
-5045
-4940
-4839
-4756
-4707
-4537
-4498
-4149
-3640
-3066
-2407
-1664
-520
571
1914
3225
4477
5540
6501
7294
7841
8028
7889
7624
7339
6955
6248
5561
4829
4134
3395
2778
2195
1527
854
320
-156
-716
-1309
-1925
-2329
-2678
-2963
-3085
-3014
-2850
-2579
-2117
-1548
-994
-448
80
527
819
797
612
339
-87
-720
-1435
-2127
-2803
-3443
-3968
-4359
-4696
-4935
-5063
-5044
-4975
-4859
-4797
-4721
-4551
-4470
-4004
-3553
-2894
-2242
-1325
-188
967
2323
3600
4786
5777
6733
7443
7929
7972
7847
7550
7259
6772
6058
5389
4685
3995
3286
2694
2071
1404
782
281
-255
-830
-1461
-2061
-2471
-2813
-3089
-3186
-3091
-2915
-2568
-2086
-1518
-1003
-499
-5
366
589
506
293
-28
-479
-1127
-1806
-2430
-3068
-3622
-4061
-4386
-4656
-4833
-4904
-4837
-4764
-4655
-4632
-4531
-4432
-4291
-3821
-3364
-2670
-2005
-950
193
1416
2769
4025
5170
6137
7033
7677
8070
8037
7868
7543
7235
6689
6010
5377
4735
4104
3456
2894
2261
1602
1005
449
-165
-821
-1571
-2218
-2704
-3122
-3392
-3482
-3373
-3140
-2723
-2186
-1589
-1057
-557
-95
226
359
205
-44
-410
-905
-1569
-2217
-2768
-3368
-3843
-4189
-4439
-4590
-4713
-4712
-4591
-4511
-4464
-4512
-4438
-4473
-4298
-3890
-3369
-2741
-2026
-857
322
1626
3018
4325
5463
6461
7287
7885
8141
8053
7797
7473
7138
6541
5901
5318
4736
4155
3596
3087
2469
1813
1248
662
11
-751
-1610
-2293
-2864
-3340
-3595
-3663
-3509
-3224
-2759
-2149
-1531
-954
-423
39
322
346
129
-167
-572
-1138
-1865
-2511
-3040
-3629
-4055
-4341
-4542
-4613
-4680
-4595
-4452
-4372
-4396
-4481
-4451
-4540
-4307
-3926
-3332
-2768
-1907
-665
567
1943
3376
4732
5836
6862
7609
8134
8241
8095
7746
7416
7003
6329
5685
5093
4493
3883
3371
2867
2255
1616
1091
509
-157
-968
-1800
-2438
-2990
-3424
-3633
-3622
-3410
-3082
-2586
-1946
-1331
-749
-221
195
385
316
66
-259
-685
-1316
-2059
-2679
-3190
-3730
-4115
-4359
-4523
-4556
-4565
-4429
-4293
-4223
-4298
-4331
-4331
-4335
-4037
-3646
-3030
-2462
-1459
-277
942
2292
3642
4870
5883
6820
7455
7860
7875
7672
7303
7023
6562
5906
5319
4757
4153
3569
3088
2604
2021
1440
935
339
-319
-1092
-1798
-2323
-2787
-3142
-3294
-3223
-2989
-2666
-2199
-1626
-1100
-594
-180
104
172
42
-200
-532
-953
-1579
-2235
-2766
-3241
-3712
-4041
-4287
-4452
-4514
-4510
-4394
-4311
-4291
-4380
-4323
-4331
-4157
-3803
-3309
-2702
-2001
-896
171
1390
2688
3907
4933
5869
6655
7213
7484
7486
7263
6984
6758
6273
5735
5234
4696
4105
3561
3054
2534
1900
1335
746
95
-543
-1294
-1870
-2292
-2658
-2881
-2925
-2803
-2544
-2230
-1762
-1291
-859
-449
-206
-48
-103
-298
-561
-893
-1357
-1965
-2505
-2967
-3463
-3854
-4141
-4410
-4583
-4681
-4658
-4565
-4502
-4541
-4520
-4415
-4357
-4024
-3575
-2941
-2347
-1415
-313
746
2021
3303
4424
5381
6237
6905
7340
7502
7462
7182
6984
6643
6096
5586
5089
4515
3935
3378
2841
2227
1561
983
317
-274
-941
-1661
-2124
-2510
-2814
-2913
-2878
-2679
-2400
-2009
-1517
-1080
-631
-304
-100
21
-128
-369
-656
-1036
-1591
-2201
-2689
-3215
-3693
-4033
-4321
-4570
-4721
-4790
-4713
-4610
-4552
-4574
-4392
-4313
-4103
-3705
-3143
-2500
-1837
-742
267
1418
2702
3899
4949
5878
6596
7153
7404
7481
7275
6976
6733
6183
5594
5063
4543
3951
3409
2874
2356
1725
1150
577
2
-511
-1186
-1737
-2112
-2479
-2705
-2742
-2642
-2398
-2090
-1628
-1169
-708
-324
-83
105
84
-144
-454
-821
-1338
-1981
-2588
-3118
-3654
-4068
-4384
-4642
-4791
-4876
-4806
-4667
-4523
-4469
-4372
-4164
-4049
-3680
-3275
-2639
-2078
-1195
-139
852
2075
3254
4335
5319
6150
6781
7233
7356
7342
7042
6834
6419
5787
5229
4709
4139
3565
3056
2546
1999
1404
894
339
-174
-751
-1334
-1728
-2098
-2425
-2587
-2587
-2434
-2199
-1834
-1381
-948
-488
-208
51
124
-22
-251
-595
-1003
-1622
-2237
-2824
-3351
-3876
-4236
-4576
-4804
-4941
-4988
-4845
-4750
-4613
-4593
-4400
-4268
-3990
-3576
-3058
-2419
-1789
-730
205
1340
2497
3641
4681
5587
6335
6954
7324
7391
7280
7053
6847
6277
5691
5143
4598
3971
3395
2868
2333
1731
1153
653
133
-411
-1038
-1495
-1836
-2177
-2423
-2496
-2404
-2220
-1949
-1529
-1095
-670
-286
-33
207
124
-65
-352
-679
-1180
-1834
-2427
-2981
-3523
-4041
-4397
-4748
-4967
-5164
-5147
-5055
-4945
-4888
-4801
-4579
-4431
-3996
-3557
-2845
-2245
-1344
-334
675
1859
2950
4119
5095
5961
6633
7207
7463
7477
7280
7155
6775
6200
5611
5022
4417
3747
3139
2524
1948
1298
731
215
-256
-844
-1390
-1770
-2065
-2308
-2410
-2334
-2155
-1896
-1529
-1071
-631
-219
82
347
465
319
59
-264
-658
-1274
-1950
-2563
-3151
-3731
-4238
-4640
-4951
-5230
-5408
-5387
-5318
-5205
-5195
-4948
-4750
-4435
-3958
-3352
-2654
-1898
-857
136
1262
2380
3513
4537
5492
6253
6878
7279
7437
7309
7150
6936
6430
5895
5267
4691
4012
3398
2710
2083
1460
865
314
-153
-628
-1176
-1603
-1944
-2193
-2357
-2318
-2188
-1948
-1623
-1207
-772
-334
24
304
547
560
377
89
-226
-735
-1377
-2046
-2656
-3261
-3819
-4278
-4651
-4907
-5184
-5270
-5237
-5146
-5093
-5030
-4727
-4528
-4108
-3579
-2925
-2277
-1398
-346
682
1784
2903
3974
4878
5761
6428
6968
7202
7215
7051
6899
6583
6053
5520
4930
4343
3696
3076
2380
1720
1093
508
-30
-521
-1038
-1538
-1914
-2243
-2488
-2593
-2528
-2349
-2083
-1704
-1268
-809
-370
-13
319
537
515
311
79
-271
-822
-1471
-2085
-2658
-3237
-3765
-4180
-4517
-4768
-4987
-5036
-4998
-4956
-4963
-4854
-4607
-4394
-3934
-3370
-2664
-2011
-1011
62
1150
2290
3423
4442
5342
6161
6771
7227
7314
7265
7056
6885
6469
5920
5349
4773
4144
3487
2866
2164
1473
839
241
-352
-865
-1437
-1900
-2250
-2552
-2772
-2832
-2715
-2498
-2208
-1777
-1299
-813
-341
48
399
581
528
304
93
-295
-884
-1541
-2118
-2680
-3261
-3765
-4189
-4531
-4801
-4971
-5022
-5016
-5035
-5070
-4912
-4748
-4449
-3982
-3338
-2632
-1876
-746
344
1521
2710
3840
4846
5789
6552
7166
7509
7580
7484
7274
7028
6503
5911
5297
4695
3967
3290
2633
1913
1177
570
-64
-669
-1215
-1814
-2205
-2504
-2762
-2923
-2879
-2694
-2451
-2119
-1627
-1151
-655
-179
207
507
614
499
261
24
-428
-1036
-1675
-2237
-2841
-3409
-3903
-4325
-4659
-4937
-5053
-5102
-5106
-5169
-5140
-4943
-4789
-4354
-3821
-3107
-2413
-1480
-280
821
2046
3235
4331
5304
6202
6885
7428
7647
7677
7488
7264
6882
6252
5607
4983
4343
3583
2917
2235
1534
841
266
-362
-944
-1525
-2072
-2417
-2700
-2916
-3006
-2863
-2645
-2383
-1976
-1465
-987
-476
-10
357
591
617
451
219
-90
-625
-1228
-1805
-2384
-2998
-3514
-3954
-4280
-4557
-4776
-4822
-4857
-4880
-4991
-4904
-4769
-4640
-4165
-3601
-2930
-2248
-1165
33
1160
2409
3606
4682
5660
6492
7125
7572
7738
7676
7420
7192
6686
5996
5336
4742
4052
3319
2634
1937
1254
597
-28
-702
-1318
-1946
-2473
-2869
-3159
-3364
-3355
-3104
-2807
-2431
-1894
-1324
-741
-162
331
731
949
924
734
512
84
-551
-1178
-1753
-2422
-3031
-3535
-3920
-4193
-4467
-4630
-4683
-4730
-4831
-4989
-4905
-4884
-4782
-4337
-3795
-3222
-2473
-1271
-82
1135
2454
3709
4836
5869
6702
7326
7710
7844
7688
7450
7199
6602
5907
5307
4732
4024
3340
2660
2004
1354
695
-10
-709
-1376
-2092
-2657
-3089
-3458
-3689
-3611
-3324
-2960
-2479
-1856
-1222
-536
91
626
1076
1269
1199
1021
782
249
-457
-1105
-1752
-2472
-3086
-3573
-3941
-4275
-4553
-4701
-4776
-4827
-5010
-5140
-5055
-5075
-4882
-4452
-3902
-3358
-2432
-1188
-3
1297
2656
3946
5086
6151
6971
7549
7840
7910
7684
7476
7097
6406
5718
5123
4463
3712
3034
2382
1751
1098
445
-252
-898
-1612
-2314
-2788
-3195
-3562
-3704
-3550
-3239
-2832
-2269
-1606
-928
-222
390
939
1319
1406
1302
1099
778
135
-584
-1238
-1927
-2644
-3242
-3677
-4078
-4418
-4667
-4813
-4858
-4910
-5129
-5140
-5062
-4978
-4667
-4184
-3581
-2941
-1817
-621
590
1917
3256
4462
5567
6566
7272
7712
7904
7861
7593
7357
6814
6110
5432
4806
4046
3295
2655
2009
1340
691
54
-635
-1297
-2049
-2633
-3071
-3478
-3772
-3812
-3610
-3310
-2876
-2268
-1592
-896
-220
367
886
1132
1185
1059
850
447
-230
-852
-1465
-2098
-2750
-3240
-3606
-3940
-4200
-4407
-4508
-4500
-4656
-4847
-4815
-4813
-4635
-4309
-3793
-3218
-2408
-1231
-105
1167
2514
3779
4933
6028
6905
7508
7841
7952
7822
7597
7240
6599
5936
5297
4610
3822
3139
2462
1753
1023
358
-346
-1078
-1840
-2552
-3054
-3510
-3868
-4031
-3948
-3686
-3321
-2785
-2108
-1395
-665
-27
567
997
1179
1187
1042
777
250
-385
-981
-1600
-2242
-2871
-3338
-3691
-4000
-4247
-4428
-4470
-4556
-4797
-4867
-4910
-4889
-4606
-4240
-3728
-3079
-2047
-900
279
1683
3036
4296
5496
6551
7363
7875
8086
8115
7972
7713
7145
6449
5810
5137
4373
3629
2904
2150
1371
611
-111
-880
-1699
-2506
-3116
-3610
-4079
-4339
-4368
-4165
-3803
-3289
-2599
-1843
-1039
-269
408
1019
1390
1535
1513
1327
927
337
-300
-960
-1643
-2341
-2985
-3470
-3867
-4210
-4468
-4621
-4715
-4928
-5092
-5127
-5184
-4956
-4601
-4144
-3550
-2634
-1476
-333
1048
2483
3816
5096
6287
7286
7974
8275
8389
8326
8139
7643
6901
6187
5467
4667
3862
3115
2326
1524
740
17
-711
-1502
-2316
-2980
-3480
-3988
-4386
-4520
-4399
-4107
-3653
-2994
-2245
-1459
-628
108
786
1298
1551
1647
1560
1261
743
119
-539
-1244
-1953
-2628
-3199
-3652
-4043
-4357
-4573
-4716
-4873
-5081
-5158
-5227
-5105
-4792
-4360
-3818
-3037
-1946
-836
464
1884
3208
4465
5704
6826
7680
8139
8352
8368
8271
7931
7275
6566
5841
5045
4187
3442
2673
1855
1065
328
-383
-1150
-1946
-2651
-3184
-3676
-4177
-4463
-4426
-4213
-3857
-3271
-2556
-1809
-995
-211
491
1088
1424
1598
1622
1450
1011
398
-222
-929
-1661
-2365
-2979
-3493
-3928
-4289
-4553
-4762
-4932
-5139
-5262
-5333
-5253
-4997
-4600
-4082
-3368
-2353
-1262
11
1417
2735
3976
5221
6380
7309
7914
8239
8352
8330
8087
7532
6887
6199
5423
4536
3715
2930
2092
1281
500
-237
-1027
-1818
-2542
-3119
-3615
-4088
-4406
-4414
-4201
-3868
-3330
-2662
-1923
-1138
-350
357
977
1349
1554
1606
1487
1105
506
-110
-797
-1500
-2237
-2899
-3450
-3900
-4277
-4555
-4798
-5007
-5232
-5393
-5431
-5286
-5012
-4647
-4121
-3352
-2344
-1245
67
1473
2815
4071
5353
6522
7449
8073
8440
8652
8702
8432
7883
7287
6602
5791
4871
3965
3074
2157
1259
392
-441
-1317
-2179
-2931
-3552
-4115
-4576
-4812
-4791
-4568
-4194
-3623
-2944
-2182
-1374
-557
181
812
1203
1463
1566
1444
1085
567
-7
-676
-1343
-2052
-2737
-3340
-3824
-4229
-4528
-4834
-5129
-5416
-5645
-5663
-5437
-5138
-4763
-4159
-3279
-2241
-1072
304
1698
3034
4327
5628
6772
7663
8252
8607
8878
8943
8617
8077
7526
6819
5957
5033
4102
3131
2160
1194
254
-662
-1610
-2517
-3267
-3884
-4476
-4912
-5047
-4948
-4710
-4291
-3652
-2921
-2131
-1295
-449
292
880
1250
1543
1676
1541
1174
738
213
-468
-1146
-1838
-2531
-3191
-3729
-4174
-4520
-4898
-5265
-5572
-5825
-5822
-5531
-5195
-4792
-4114
-3151
-2113
-909
478
1808
3080
4378
5659
6780
7649
8236
8612
8936
9017
8686
8204
7693
6953
6044
5104
4131
3079
2006
953
-66
-1067
-2090
-3019
-3743
-4330
-4898
-5256
-5272
-5094
-4806
-4317
-3616
-2830
-1993
-1128
-254
501
1077
1459
1794
1945
1796
1468
1079
567
-152
-869
-1581
-2325
-3075
-3732
-4273
-4731
-5198
-5633
-5921
-6177
-6185
-5865
-5445
-4985
-4264
-3231
-2155
-912
508
1849
3113
4424
5681
6836
7744
8347
8734
9068
9174
8863
8414
7902
7159
6212
5207
4182
3096
1961
832
-219
-1230
-2278
-3210
-3887
-4413
-4941
-5248
-5213
-5008
-4707
-4222
-3570
-2816
-2003
-1185
-342
425
1023
1450
1843
2034
1915
1657
1301
811
107
-616
-1339
-2087
-2865
-3602
-4206
-4733
-5261
-5744
-6050
-6332
-6379
-6105
-5679
-5221
-4521
-3491
-2436
-1195
240
1604
2893
4235
5499
6705
7683
8342
8770
9139
9310
9048
8647
8160
7471
6551
5530
4464
3348
2192
1040
-37
-1075
-2159
-3144
-3840
-4372
-4918
-5270
-5257
-5069
-4803
-4360
-3749
-3043
-2288
-1512
-665
126
736
1207
1672
1935
1864
1656
1319
853
191
-523
-1261
-2007
-2765
-3515
-4123
-4653
-5200
-5711
-6043
-6351
-6403
-6152
-5754
-5314
-4604
-3546
-2515
-1286
188
1573
2858
4221
5513
6737
7704
8377
8820
9204
9391
9108
8716
8242
7562
6646
5669
4606
3445
2245
1113
43
-1026
-2129
-3151
-3869
-4430
-4986
-5383
-5378
-5192
-4939
-4493
-3826
-3088
-2347
-1559
-664
159
753
1215
1659
1944
1874
1679
1357
910
271
-422
-1123
-1863
-2594
-3334
-3916
-4439
-4993
-5544
-5914
-6275
-6397
-6193
-5847
-5426
-4747
-3673
-2632
-1408
92
1518
2830
4223
5533
6759
7725
8402
8843
9207
9430
9140
8703
8225
7564
6653
5705
4677
3552
2334
1181
93
-990
-2094
-3163
-3950
-4573
-5144
-5600
-5665
-5506
-5246
-4812
-4117
-3306
-2480
-1640
-695
240
916
1435
1863
2163
2126
1931
1587
1134
489
-244
-961
-1719
-2462
-3215
-3835
-4389
-4945
-5503
-5885
-6278
-6524
-6400
-6112
-5724
-5118
-4075
-2988
-1817
-323
1202
2568
3979
5347
6624
7661
8373
8859
9205
9471
9260
8781
8291
7672
6782
5824
4849
3816
2664
1506
454
-602
-1671
-2766
-3611
-4293
-4904
-5430
-5611
-5508
-5293
-4916
-4297
-3513
-2693
-1828
-933
36
783
1348
1795
2109
2135
1953
1608
1149
547
-188
-893
-1664
-2397
-3127
-3760
-4312
-4854
-5378
-5763
-6059
-6332
-6310
-6068
-5718
-5187
-4258
-3162
-2028
-661
868
2300
3686
5098
6388
7488
8279
8846
9224
9471
9355
8911
8403
7795
6938
5922
4929
3894
2772
1603
542
-509
-1590
-2659
-3542
-4258
-4902
-5445
-5705
-5624
-5406
-5022
-4407
-3617
-2798
-1914
-989
-71
711
1294
1752
2045
2075
1909
1561
1065
478
-241
-945
-1699
-2453
-3144
-3810
-4353
-4879
-5370
-5778
-6099
-6215
-6149
-5929
-5595
-5029
-4091
-3025
-1859
-441
1039
2472
3869
5309
6638
7653
8429
8993
9409
9600
9401
8952
8447
7770
6872
5838
4797
3691
2507
1373
305
-761
-1871
-2905
-3724
-4407
-5055
-5539
-5751
-5660
-5423
-5006
-4346
-3543
-2695
-1793
-812
99
824
1426
1908
2185
2154
1939
1637
1132
519
-232
-951
-1680
-2490
-3195
-3829
-4396
-4957
-5504
-5887
-6280
-6514
-6376
-6120
-5775
-5290
-4354
-3254
-2128
-669
873
2308
3735
5185
6587
7708
8507
9089
9497
9821
9682
9170
8666
8045
7122
6050
4985
3871
2641
1427
364
-709
-1817
-2926
-3792
-4420
-5035
-5555
-5756
-5607
-5353
-4962
-4339
-3536
-2669
-1762
-797
193
933
1533
2056
2420
2471
2208
1918
1476
892
80
-739
-1502
-2362
-3207
-3881
-4461
-5041
-5680
-6114
-6434
-6754
-6670
-6380
-5935
-5443
-4579
-3458
-2350
-952
596
2002
3398
4815
6161
7337
8189
8843
9244
9635
9680
9250
8742
8178
7334
6291
5220
4100
2890
1641
544
-553
-1648
-2774
-3712
-4368
-4948
-5473
-5750
-5627
-5351
-4975
-4432
-3717
-2884
-1995
-1099
-116
665
1268
1810
2240
2435
2261
2000
1632
1140
405
-438
-1229
-2065
-2958
-3713
-4344
-4937
-5579
-6100
-6408
-6725
-6702
-6433
-5976
-5436
-4608
-3481
-2355
-991
586
2003
3364
4787
6112
7291
8167
8867
9296
9681
9821
9485
9004
8446
7646
6639
5565
4417
3191
1911
744
-426
-1570
-2734
-3736
-4438
-5039
-5574
-5907
-5868
-5603
-5210
-4673
-3990
-3171
-2269
-1375
-408
437
1067
1602
2045
2312
2227
1983
1626
1157
494
-331
-1130
-1944
-2814
-3625
-4307
-4933
-5551
-6101
-6426
-6744
-6839
-6617
-6211
-5696
-4964
-3864
-2713
-1384
201
1739
3131
4571
5951
7204
8183
8930
9410
9758
9984
9731
9256
8679
7936
6948
5875
4748
3569
2327
1122
-49
-1196
-2343
-3426
-4186
-4815
-5390
-5828
-5914
-5751
-5417
-4951
-4322
-3503
-2608
-1687
-731
222
956
1534
2002
2346
2376
2173
1831
1380
785
-14
-807
-1607
-2423
-3263
-3988
-4622
-5240
-5821
-6190
-6506
-6792
-6744
-6424
-6001
-5477
-4546
-3405
-2155
-689
920
2426
3874
5294
6671
7826
8686
9271
9626
9945
9887
9455
8858
8199
7302
6223
5111
3993
2799
1568
409
-712
-1850
-2997
-3874
-4531
-5119
-5661
-5905
-5834
-5546
-5146
-4601
-3783
-2881
-1953
-999
17
886
1535
2041
2456
2623
2443
2085
1622
1059
267
-590
-1418
-2226
-3068
-3846
-4470
-5025
-5593
-6047
-6319
-6649
-6767
-6509
-6109
-5668
-4941
-3842
-2662
-1328
249
1806
3267
4687
6112
7371
8321
9021
9428
9747
9885
9569
8980
8349
7587
6564
5442
4355
3210
1971
801
-290
-1427
-2600
-3617
-4367
-4974
-5562
-5971
-6030
-5782
-5403
-4936
-4174
-3257
-2315
-1363
-332
659
1410
1986
2474
2813
2740
2415
1977
1455
719
-190
-1051
-1862
-2689
-3516
-4195
-4743
-5270
-5831
-6180
-6522
-6773
-6608
-6256
-5823
-5239
-4222
-3101
-1857
-304
1280
2756
4210
5668
7007
8051
8849
9376
9690
9934
9740
9219
8590
7885
6941
5819
4705
3582
2333
1106
2
-1144
-2315
-3446
-4307
-4971
-5571
-6068
-6240
-6059
-5687
-5223
-4531
-3637
-2669
-1688
-687
358
1181
1810
2309
2718
2772
2524
2142
1652
1012
128
-736
-1529
-2327
-3148
-3872
-4477
-4991
-5563
-5991
-6343
-6698
-6608
-6304
-5875
-5383
-4479
-3382
-2231
-744
874
2357
3784
5225
6597
7732
8567
9173
9507
9826
9756
9325
8762
8110
7253
6181
5084
4010
2814
1551
427
-696
-1833
-3035
-3988
-4706
-5334
-5887
-6165
-6069
-5783
-5329
-4687
-3849
-2913
-1925
-953
80
915
1546
2032
2428
2564
2374
2069
1603
1041
254
-583
-1355
-2150
-2978
-3737
-4414
-4969
-5542
-6042
-6392
-6812
-6820
-6550
-6120
-5631
-4822
-3706
-2576
-1172
501
2071
3508
4962
6357
7583
8469
9121
9469
9790
9843
9455
8908
8271
7447
6394
5296
4228
3079
1801
630
-470
-1542
-2736
-3756
-4468
-5068
-5604
-5935
-5872
-5628
-5206
-4571
-3730
-2828
-1879
-914
117
954
1566
2053
2412
2580
2406
2093
1629
1045
308
-514
-1313
-2104
-2955
-3715
-4401
-4968
-5496
-6023
-6344
-6719
-6916
-6711
-6297
-5817
-5137
-4075
-2903
-1642
-41
1609
3080
4525
5945
7254
8290
9033
9455
9741
9966
9728
9160
8529
7777
6799
5672
4569
3451
2191
932
-195
-1243
-2375
-3517
-4341
-4953
-5519
-5972
-6069
-5866
-5529
-4996
-4219
-3302
-2368
-1408
-345
628
1375
1984
2436
2729
2721
2440
2041
1483
774
-53
-927
-1742
-2611
-3414
-4140
-4758
-5274
-5804
-6207
-6502
-6861
-6853
-6516
-6082
-5540
-4673
-3492
-2303
-852
787
2309
3738
5192
6545
7745
8638
9223
9521
9825
9865
9382
8762
8088
7288
6226
5116
4022
2865
1593
446
-602
-1642
-2781
-3769
-4449
-5049
-5600
-5920
-5833
-5557
-5129
-4530
-3690
-2780
-1853
-856
154
1017
1711
2238
2600
2754
2573
2229
1741
1135
363
-535
-1389
-2228
-3048
-3823
-4512
-5078
-5596
-6077
-6388
-6767
-6871
-6631
-6263
-5780
-5063
-3966
-2837
-1493
126
1662
3058
4510
5897
7157
8129
8843
9256
9573
9765
9449
8913
8283
7583
6619
5548
4459
3330
2085
909
-186
-1273
-2393
-3480
-4260
-4913
-5490
-5934
-5952
-5697
-5266
-4714
-3951
-3038
-2117
-1139
-131
772
1478
2047
2432
2670
2556
2249
1795
1263
580
-291
-1162
-2002
-2823
-3620
-4345
-4988
-5517
-6043
-6359
-6743
-6858
-6580
-6204
-5716
-5018
-3901
-2792
-1510
142
1781
3175
4601
5996
7272
8219
8890
9298
9579
9747
9428
8898
8242
7537
6560
5478
4390
3275
2038
851
-249
-1348
-2459
-3563
-4322
-4938
-5486
-5943
-5995
-5723
-5290
-4727
-3966
-3052
-2120
-1173
-170
748
1416
1952
2327
2605
2502
2177
1693
1149
471
-392
-1260
-2096
-2920
-3723
-4424
-5045
-5546
-6089
-6394
-6750
-6923
-6639
-6244
-5767
-5126
-4015
-2888
-1656
-18
1713
3191
4653
6098
7443
8466
9158
9569
9819
10028
9732
9182
8474
7750
6773
5660
4550
3439
2214
1005
-106
-1219
-2317
-3466
-4258
-4850
-5406
-5907
-6054
-5830
-5464
-4973
-4232
-3326
-2381
-1434
-425
559
1303
1860
2291
2653
2628
2357
1879
1328
617
-264
-1152
-2038
-2896
-3755
-4500
-5118
-5620
-6175
-6525
-6861
-7084
-6870
-6503
-6046
-5457
-4390
-3254
-2047
-445
1296
2835
4362
5884
7292
8425
9226
9736
10003
10272
10064
9538
8833
8088
7105
5984
4866
3710
2470
1246
114
-1026
-2115
-3261
-4117
-4724
-5276
-5788
-5999
-5832
-5519
-5080
-4372
-3491
-2564
-1626
-635
363
1195
1785
2258
2671
2708
2493
2046
1525
819
-52
-942
-1874
-2761
-3657
-4450
-5083
-5613
-6177
-6579
-6922
-7128
-6973
-6641
-6186
-5601
-4559
-3419
-2223
-675
1025
2563
4095
5673
7101
8248
9105
9694
10004
10298
10146
9636
8979
8243
7254
6120
5009
3810
2528
1267
84
-1094
-2196
-3320
-4209
-4832
-5361
-5813
-5990
-5804
-5458
-4966
-4214
-3316
-2385
-1426
-429
543
1381
1989
2453
2808
2808
2558
2096
1529
780
-120
-1059
-2036
-2978
-3913
-4710
-5353
-5902
-6452
-6860
-7198
-7351
-7162
-6801
-6285
-5627
-4529
-3313
-2040
-467
1227
2797
4335
5917
7329
8430
9235
9760
10023
10278
10105
9544
8866
8131
7149
6012
4905
3733
2477
1216
49
-1094
-2186
-3296
-4176
-4781
-5305
-5723
-5865
-5656
-5309
-4804
-4038
-3151
-2227
-1273
-283
663
1443
2037
2458
2747
2708
2401
1938
1349
588
-313
-1254
-2187
-3103
-4018
-4745
-5364
-5906
-6445
-6862
-7220
-7412
-7234
-6903
-6405
-5745
-4642
-3409
-2098
-504
1198
2794
4374
5951
7361
8501
9320
9838
10095
10378
10240
9693
9016
8286
7324
6215
5086
3914
2691
1417
239
-894
-2035
-3214
-4149
-4795
-5376
-5842
-6015
-5822
-5500
-5019
-4278
-3381
-2411
-1416
-394
586
1389
2006
2427
2724
2726
2410
1945
1362
624
-287
-1240
-2139
-3013
-3914
-4614
-5242
-5800
-6358
-6811
-7191
-7419
-7268
-6994
-6527
-5869
-4767
-3560
-2240
-627
1085
2678
4286
5872
7272
8451
9304
9882
10178
10470
10353
9846
9174
8414
7433
6328
5166
3942
2716
1437
241
-903
-2067
-3260
-4200
-4876
-5470
-5935
-6096
-5909
-5589
-5095
-4379
-3496
-2513
-1501
-464
521
1328
1959
2384
2691
2741
2441
1984
1401
661
-252
-1215
-2107
-2964
-3842
-4547
-5185
-5752
-6326
-6798
-7177
-7391
-7226
-6959
-6495
-5789
-4671
-3476
-2151
-515
1208
2786
4387
5988
7388
8543
9380
9991
10314
10555
10414
9928
9267
8454
7434
6310
5127
3859
2580
1295
57
-1119
-2265
-3421
-4332
-5011
-5598
-6011
-6124
-5917
-5554
-4997
-4232
-3341
-2370
-1375
-351
621
1402
2014
2439
2713
2741
2450
1977
1369
576
-361
-1343
-2277
-3184
-4067
-4804
-5424
-5985
-6543
-6983
-7331
-7519
-7318
-6966
-6460
-5682
-4519
-3250
-1896
-233
1508
3093
4660
6225
7599
8690
9448
9973
10240
10398
10202
9683
9056
8255
7255
6148
5013
3813
2545
1307
75
-1110
-2215
-3312
-4198
-4866
-5462
-5880
-6005
-5829
-5465
-4915
-4136
-3252
-2315
-1344
-337
624
1395
2000
2439
2699
2686
2408
1925
1324
548
-365
-1296
-2224
-3157
-4024
-4778
-5384
-5939
-6501
-6942
-7299
-7556
-7430
-7085
-6608
-5914
-4815
-3507
-2172
-543
1210
2840
4422
5993
7400
8560
9371
9922
10194
10375
10225
9699
9106
8373
7447
6352
5239
4092
2852
1623
418
-776
-1892
-2999
-3915
-4592
-5211
-5686
-5881
-5756
-5440
-4935
-4220
-3343
-2402
-1415
-397
593
1416
2046
2506
2775
2753
2458
1961
1325
564
-343
-1243
-2169
-3116
-3960
-4735
-5372
-5934
-6477
-6931
-7290
-7581
-7545
-7232
-6770
-6165
-5193
-3885
-2549
-993
748
2441
4042
5633
7102
8369
9273
9900
10235
10435
10345
9833
9202
8469
7588
6487
5344
4191
2974
1751
591
-554
-1650
-2753
-3705
-4405
-5006
-5511
-5795
-5724
-5459
-4995
-4377
-3553
-2631
-1648
-641
358
1233
1909
2401
2712
2755
2512
2061
1431
691
-197
-1084
-2025
-2978
-3816
-4591
-5262
-5835
-6364
-6797
-7154
-7430
-7513
-7234
-6779
-6223
-5401
-4199
-2832
-1363
303
2040
3691
5288
6825
8188
9234
9917
10342
10562
10580
10179
9510
8755
7920
6861
5684
4501
3297
2082
908
-207
-1308
-2418
-3449
-4240
-4848
-5368
-5757
-5798
-5575
-5142
-4582
-3818
-2893
-1902
-903
104
1013
1736
2245
2589
2703
2531
2123
1511
799
-54
-966
-1949
-2897
-3752
-4537
-5248
-5802
-6340
-6778
-7125
-7355
-7527
-7356
-6882
-6317
-5581
-4526
-3165
-1734
-155
1547
3228
4793
6344
7711
8838
9593
10060
10271
10348
10148
9552
8806
8013
7089
5961
4806
3629
2491
1326
225
-865
-1923
-2976
-3861
-4513
-5039
-5473
-5675
-5550
-5198
-4672
-4021
-3151
-2154
-1128
-126
826
1635
2219
2599
2777
2719
2378
1798
1095
316
-572
-1559
-2526
-3370
-4148
-4894
-5495
-6004
-6463
-6844
-7110
-7329
-7355
-6994
-6438
-5790
-4923
-3675
-2259
-774
872
2567
4140
5662
7078
8254
9136
9690
9950
10012
9945
9511
8797
8000
7142
6095
4942
3782
2669
1553
441
-638
-1660
-2636
-3552
-4265
-4793
-5219
-5500
-5498
-5224
-4727
-4125
-3369
-2402
-1340
-301
675
1574
2281
2725
2934
2956
2706
2154
1418
639
-228
-1187
-2185
-3069
-3843
-4572
-5231
-5745
-6156
-6496
-6808
-7038
-7177
-7022
-6530
-5924
-5235
-4234
-2878
-1476
52
1721
3348
4842
6286
7557
8581
9263
9641
9759
9768
9539
8927
8170
7351
6405
5291
4170
3105
2041
949
-88
-1082
-2013
-2915
-3723
-4301
-4766
-5153
-5313
-5162
-4781
-4277
-3668
-2844
-1848
-850
117
1042
1852
2381
2663
2784
2678
2233
1534
781
-26
-926
-1876
-2780
-3568
-4275
-4951
-5507
-5917
-6202
-6489
-6749
-6893
-6912
-6581
-6028
-5368
-4629
-3465
-2123
-694
896
2557
4101
5564
6918
8095
8965
9487
9731
9757
9695
9220
8527
7710
6837
5778
4660
3597
2593
1512
490
-466
-1396
-2268
-3127
-3819
-4323
-4750
-5061
-5042
-4769
-4347
-3841
-3157
-2273
-1351
-434
457
1300
1933
2287
2460
2469
2175
1583
839
92
-777
-1694
-2596
-3405
-4097
-4764
-5364
-5799
-6093
-6346
-6595
-6755
-6818
-6657
-6169
-5544
-4844
-3951
-2652
-1307
185
1816
3401
4859
6227
7465
8480
9137
9504
9604
9567
9333
8703
7972
7135
6221
5156
4108
3109
2113
1092
167
-750
-1650
-2482
-3280
-3861
-4316
-4694
-4872
-4708
-4379
-3936
-3372
-2582
-1701
-819
78
928
1674
2166
2423
2501
2355
1918
1238
505
-305
-1246
-2180
-3043
-3792
-4430
-5077
-5589
-5938
-6229
-6485
-6689
-6788
-6804
-6439
-5872
-5208
-4473
-3352
-1985
-594
945
2592
4075
5424
6705
7828
8660
9108
9344
9320
9221
8785
8079
7299
6467
5502
4487
3470
2483
1502
539
-324
-1211
-2049
-2861
-3542
-4008
-4409
-4704
-4713
-4428
-4004
-3494
-2812
-1940
-1045
-144
728
1529
2150
2495
2633
2555
2216
1616
869
88
-800
-1757
-2673
-3485
-4150
-4742
-5305
-5699
-5990
-6248
-6473
-6612
-6688
-6612
-6153
-5555
-4890
-4067
-2830
-1416
19
1603
3220
4606
5931
7160
8205
8876
9203
9315
9214
9022
8472
7694
6888
6065
5107
4117
3093
2138
1161
218
-605
-1436
-2256
-3071
-3682
-4139
-4543
-4811
-4778
-4445
-3969
-3430
-2685
-1765
-826
73
946
1740
2293
2586
2670
2531
2110
1454
671
-125
-1010
-1945
-2854
-3614
-4258
-4859
-5381
-5725
-5986
-6260
-6487
-6620
-6681
-6579
-6125
-5558
-4861
-3989
-2705
-1256
240
1859
3422
4826
6209
7405
8383
8994
9270
9287
9131
8892
8246
7432
6635
5852
4916
3946
2985
2106
1143
255
-539
-1338
-2137
-2920
-3511
-3996
-4420
-4696
-4652
-4295
-3827
-3281
-2508
-1570
-648
226
1083
1794
2257
2466
2497
2309
1836
1118
325
-456
-1345
-2280
-3131
-3822
-4440
-4996
-5445
-5697
-5936
-6169
-6387
-6478
-6545
-6353
-5893
-5333
-4646
-3691
-2359
-935
595
2217
3739
5142
6510
7642
8541
9071
9298
9218
9094
8757
7982
7169
6392
5551
4569
3609
2715
1839
883
64
-735
-1529
-2302
-3044
-3594
-4085
-4517
-4755
-4624
-4248
-3780
-3181
-2345
-1406
-504
399
1245
1887
2273
2410
2411
2159
1593
830
57
-727
-1685
-2630
-3408
-4070
-4656
-5164
-5525
-5741
-5960
-6128
-6304
-6361
-6409
-6072
-5550
-4954
-4251
-3168
-1764
-336
1224
2874
4378
5726
7036
8116
8897
9308
9426
9254
9119
8603
7709
6863
6039
5070
4016
3029
2159
1257
331
-403
-1169
-1908
-2634
-3289
-3776
-4227
-4620
-4749
-4524
-4127
-3651
-3000
-2127
-1204
-320
588
1400
2005
2333
2423
2396
2056
1404
597
-170
-980
-1980
-2885
-3598
-4235
-4767
-5228
-5492
-5651
-5805
-5904
-6017
-6043
-6068
-5680
-5155
-4555
-3869
-2763
-1384
18
1568
3182
4639
5948
7215
8244
8965
9298
9342
9147
8950
8343
7438
6564
5713
4723
3649
2651
1793
902
34
-667
-1400
-2069
-2753
-3388
-3855
-4256
-4590
-4669
-4435
-4037
-3545
-2891
-2003
-1049
-150
749
1550
2168
2500
2591
2533
2127
1440
611
-196
-1069
-2095
-2974
-3697
-4307
-4841
-5303
-5527
-5662
-5783
-5858
-5967
-5999
-6051
-5676
-5167
-4574
-3897
-2808
-1447
-23
1564
3178
4666
6003
7266
8298
9023
9289
9322
9091
8816
8167
7250
6354
5532
4592
3552
2615
1768
927
118
-561
-1269
-1894
-2604
-3255
-3721
-4129
-4474
-4595
-4402
-4024
-3539
-2903
-1996
-1033
-119
805
1613
2229
2578
2677
2588
2134
1449
612
-237
-1162
-2182
-3059
-3789
-4352
-4889
-5323
-5539
-5688
-5797
-5881
-5996
-6059
-6115
-5711
-5206
-4615
-3919
-2794
-1443
-9
1624
3274
4775
6119
7395
8449
9142
9381
9420
9160
8857
8140
7206
6310
5490
4533
3530
2626
1727
883
105
-574
-1293
-1941
-2698
-3297
-3749
-4179
-4533
-4642
-4428
-4047
-3548
-2875
-1985
-1073
-139
794
1568
2150
2486
2566
2429
1957
1288
453
-411
-1348
-2332
-3203
-3909
-4463
-4956
-5344
-5560
-5700
-5761
-5828
-5890
-5923
-5865
-5403
-4863
-4235
-3483
-2306
-1021
372
1960
3554
4940
6219
7419
8396
8984
9201
9193
8916
8586
7825
6919
6044
5241
4264
3326
2443
1552
750
29
-620
-1306
-1967
-2696
-3195
-3617
-4024
-4343
-4369
-4113
-3727
-3237
-2559
-1760
-932
-50
790
1465
1962
2207
2209
2029
1545
878
58
-755
-1652
-2563
-3375
-4021
-4562
-4997
-5342
-5534
-5618
-5634
-5655
-5645
-5601
-5460
-4971
-4378
-3725
-2956
-1790
-561
780
2259
3743
5016
6209
7300
8162
8695
8900
8837
8575
8258
7518
6643
5806
5023
4062
3162
2296
1464
695
-38
-690
-1349
-2028
-2729
-3210
-3622
-3982
-4248
-4225
-3965
-3558
-3066
-2413
-1648
-830
1
782
1426
1894
2075
2051
1881
1412
743
-55
-797
-1661
-2527
-3295
-3910
-4442
-4867
-5208
-5388
-5441
-5464
-5473
-5455
-5391
-5321
-4835
-4243
-3641
-2933
-1817
-575
756
2191
3637
4916
6086
7169
7997
8545
8738
8654
8383
8138
7440
6552
5713
4932
4034
3126
2284
1523
790
27
-622
-1262
-1916
-2622
-3152
-3562
-3912
-4189
-4237
-4029
-3633
-3165
-2579
-1791
-946
-121
667
1357
1876
2077
2089
1925
1473
771
-32
-771
-1645
-2530
-3318
-3951
-4473
-4874
-5214
-5365
-5388
-5379
-5380
-5348
-5287
-5268
-4795
-4234
-3657
-2991
-1906
-642
716
2160
3639
4964
6185
7317
8172
8713
8885
8807
8496
8252
7545
6630
5734
4922
4018
3061
2203
1459
730
-24
-670
-1303
-1927
-2599
-3128
-3526
-3868
-4140
-4215
-4026
-3640
-3186
-2639
-1862
-1025
-213
557
1250
1775
1997
2020
1824
1359
651
-145
-901
-1762
-2644
-3454
-4097
-4580
-4939
-5235
-5341
-5317
-5251
-5201
-5134
-5052
-5005
-4548
-3999
-3409
-2768
-1736
-514
785
2160
3599
4886
6086
7195
8044
8566
8705
8644
8332
8032
7356
6488
5605
4821
3927
2996
2186
1473
760
62
-522
-1131
-1725
-2346
-2853
-3250
-3606
-3913
-4000
-3841
-3506
-3122
-2610
-1895
-1148
-389
320
983
1447
1693
1714
1537
1100
470
-281
-994
-1766
-2623
-3423
-4033
-4460
-4827
-5083
-5178
-5115
-5075
-4963
-4888
-4788
-4740
-4348
-3798
-3219
-2639
-1729
-580
604
1869
3193
4458
5606
6713
7587
8198
8403
8416
8187
7894
7338
6550
5698
4960
4136
3222
2432
1705
987
300
-244
-840
-1436
-2040
-2565
-3003
-3379
-3744
-3916
-3827
-3537
-3221
-2754
-2079
-1399
-682
4
663
1153
1474
1540
1445
1107
579
-135
-829
-1524
-2379
-3180
-3771
-4180
-4571
-4840
-4956
-4878
-4857
-4729
-4656
-4581
-4586
-4341
-3829
-3313
-2806
-2075
-1004
127
1333
2580
3880
5040
6189
7139
7884
8229
8302
8159
7901
7482
6740
5868
5119
4391
3489
2653
1893
1204
520
-39
-623
-1238
-1826
-2382
-2885
-3274
-3650
-3939
-3967
-3715
-3427
-3018
-2396
-1737
-1019
-325
336
916
1357
1517
1507
1293
853
183
-519
-1182
-2007
-2821
-3435
-3872
-4245
-4553
-4703
-4666
-4616
-4512
-4447
-4413
-4423
-4316
-3877
-3396
-2883
-2283
-1305
-160
1008
2227
3521
4710
5819
6798
7569
8019
8103
8010
7745
7414
6743
5885
5107
4439
3620
2745
1992
1346
713
116
-436
-1032
-1591
-2143
-2676
-3083
-3427
-3779
-3942
-3780
-3535
-3197
-2710
-2107
-1421
-761
-141
456
952
1190
1231
1120
777
213
-453
-1064
-1777
-2541
-3160
-3595
-3906
-4185
-4336
-4357
-4270
-4188
-4143
-4131
-4093
-4045
-3680
-3216
-2673
-2142
-1282
-182
919
2108
3331
4479
5487
6424
7157
7643
7761
7721
7453
7171
6621
5856
5089
4464
3764
2923
2191
1556
944
329
-198
-763
-1320
-1875
-2429
-2881
-3219
-3597
-3848
-3804
-3631
-3376
-3014
-2500
-1855
-1231
-637
-59
433
759
868
836
587
165
-421
-959
-1559
-2220
-2838
-3287
-3578
-3828
-3970
-4055
-3998
-3963
-3939
-3970
-3929
-3938
-3650
-3243
-2735
-2241
-1494
-457
573
1761
2969
4128
5113
6099
6885
7451
7665
7708
7498
7246
6806
6116
5379
4735
4119
3317
2607
1932
1308
659
128
-418
-1015
-1634
-2261
-2806
-3240
-3657
-4001
-4045
-3954
-3761
-3468
-2969
-2326
-1672
-1041
-398
149
567
788
816
657
299
-210
-726
-1273
-1908
-2509
-3007
-3330
-3601
-3755
-3845
-3819
-3798
-3777
-3785
-3778
-3868
-3712
-3351
-2957
-2513
-1898
-913
68
1204
2435
3668
4712
5769
6685
7381
7737
7829
7681
7438
7087
6391
5630
4929
4307
3501
2799
2114
1490
836
276
-230
-823
-1483
-2182
-2782
-3295
-3754
-4190
-4306
-4241
-4068
-3816
-3305
-2621
-1893
-1215
-492
173
681
977
1068
1003
675
185
-353
-879
-1550
-2172
-2706
-3065
-3388
-3617
-3729
-3720
-3696
-3682
-3654
-3638
-3755
-3764
-3448
-3105
-2704
-2229
-1344
-364
689
1843
3082
4164
5217
6194
6985
7486
7650
7567
7340
7112
6530
5768
5031
4429
3660
2948
2296
1700
1083
484
-18
-562
-1197
-1902
-2532
-3046
-3511
-3998
-4242
-4221
-4069
-3866
-3462
-2815
-2069
-1377
-676
42
626
967
1100
1113
883
433
-105
-617
-1243
-1901
-2447
-2824
-3132
-3428
-3593
-3639
-3613
-3626
-3609
-3618
-3708
-3831
-3646
-3320
-2944
-2551
-1842
-857
159
1245
2406
3539
4562
5577
6424
7058
7338
7371
7211
7078
6728
6075
5375
4792
4164
3438
2806
2212
1628
967
398
-165
-797
-1511
-2196
-2741
-3238
-3749
-4147
-4239
-4164
-4009
-3754
-3252
-2583
-1883
-1212
-512
143
595
845
967
906
594
150
-298
-790
-1400
-1949
-2365
-2675
-3007
-3243
-3378
-3406
-3449
-3472
-3537
-3663
-3829
-3796
-3534
-3214
-2866
-2328
-1426
-439
645
1763
2928
3969
5023
5962
6712
7110
7257
7231
7158
6952
6419
5786
5185
4642
3947
3303
2681
2095
1399
768
160
-497
-1242
-1980
-2592
-3147
-3689
-4187
-4398
-4392
-4259
-4077
-3672
-3075
-2372
-1697
-997
-304
267
648
883
946
746
369
-25
-430
-964
-1526
-1971
-2307
-2647
-2944
-3124
-3194
-3241
-3279
-3347
-3501
-3727
-3808
-3632
-3329
-3034
-2608
-1865
-894
187
1327
2496
3599
4676
5696
6537
7039
7249
7285
7249
7066
6588
5926
5278
4696
4028
3326
2664
2053
1381
734
127
-499
-1220
-1952
-2593
-3131
-3653
-4155
-4433
-4435
-4274
-4081
-3717
-3129
-2406
-1717
-1029
-312
332
791
1082
1230
1103
757
352
-30
-551
-1147
-1667
-2052
-2419
-2795
-3050
-3201
-3262
-3337
-3366
-3510
-3721
-3927
-3821
-3524
-3202
-2883
-2295
-1389
-348
775
1909
3059
4122
5190
6079
6745
7054
7195
7194
7117
6760
6150
5481
4895
4295
3554
2848
2195
1577
912
326
-276
-921
-1657
-2321
-2869
-3362
-3866
-4255
-4343
-4242
-4069
-3838
-3332
-2651
-1953
-1308
-590
98
628
992
1239
1289
1050
717
355
-86
-674
-1230
-1692
-2077
-2489
-2831
-3068
-3221
-3335
-3416
-3516
-3722
-3949
-3995
-3731
-3415
-3113
-2671
-1886
-939
102
1193
2309
3368
4410
5375
6136
6631
6881
7011
7036
6917
6480
5911
5378
4889
4228
3515
2852
2213
1533
880
249
-440
-1190
-1969
-2628
-3205
-3740
-4228
-4468
-4477
-4377
-4237
-3881
-3274
-2593
-1908
-1179
-450
156
622
964
1161
1111
893
622
267
-226
-764
-1251
-1657
-2051
-2398
-2688
-2896
-3073
-3182
-3332
-3550
-3829
-3963
-3831
-3570
-3302
-2928
-2232
-1384
-401
663
1810
2845
3905
4928
5825
6403
6763
6967
7078
7068
6777
6288
5754
5288
4666
4003
3330
2677
1941
1263
579
-166
-985
-1806
-2581
-3278
-3888
-4413
-4722
-4805
-4728
-4593
-4263
-3709
-3012
-2261
-1448
-668
-1
546
942
1179
1192
1028
781
492
33
-514
-1017
-1430
-1835
-2224
-2529
-2779
-2968
-3126
-3265
-3527
-3813
-4062
-4006
-3801
-3535
-3219
-2581
-1718
-764
312
1502
2671
3717
4815
5806
6555
6944
7200
7312
7355
7119
6641
6060
5525
4902
4180
3487
2810
2074
1315
627
-116
-940
-1797
-2576
-3287
-3920
-4482
-4856
-4972
-4902
-4766
-4482
-3961
-3282
-2523
-1695
-852
-107
521
986
1306
1409
1294
1049
791
414
-143
-723
-1176
-1582
-2042
-2426
-2728
-2944
-3127
-3285
-3515
-3780
-4072
-4170
-3992
-3739
-3457
-2990
-2183
-1261
-247
882
2122
3224
4296
5352
6257
6832
7149
7330
7411
7329
6930
6380
5795
5230
4510
3792
3098
2410
1619
871
162
-608
-1459
-2284
-2964
-3566
-4113
-4604
-4828
-4825
-4693
-4517
-4120
-3528
-2839
-2100
-1308
-515
173
724
1113
1384
1406
1230
979
718
262
-343
-879
-1288
-1728
-2182
-2531
-2801
-2997
-3200
-3402
-3643
-3905
-4140
-4094
-3868
-3616
-3319
-2737
-1896
-973
38
1192
2346
3388
4453
5470
6296
6808
7128
7321
7419
7268
6869
6339
5811
5213
4496
3765
3045
2271
1434
653
-117
-949
-1838
-2608
-3240
-3800
-4371
-4813
-4973
-4915
-4774
-4520
-4046
-3429
-2743
-2007
-1204
-430
215
721
1152
1417
1403
1236
1049
773
268
-293
-754
-1161
-1614
-2020
-2334
-2581
-2819
-3069
-3294
-3561
-3859
-4054
-3958
-3758
-3552
-3245
-2613
-1775
-835
209
1341
2430
3487
4588
5597
6370
6840
7155
7348
7420
7206
6775
6245
5727
5085
4324
3539
2779
1963
1107
303
-508
-1370
-2245
-2978
-3597
-4181
-4763
-5133
-5202
-5074
-4864
-4492
-3912
-3212
-2463
-1657
-804
-50
562
1082
1520
1708
1645
1486
1288
931
383
-162
-642
-1091
-1581
-2005
-2348
-2622
-2935
-3220
-3484
-3779
-4102
-4240
-4087
-3871
-3643
-3253
-2508
-1613
-609
457
1603
2695
3807
4906
5862
6528
6923
7184
7331
7320
6995
6522
5995
5470
4750
3953
3179
2442
1626
788
17
-784
-1629
-2473
-3158
-3762
-4340
-4857
-5102
-5080
-4919
-4652
-4188
-3511
-2779
-2005
-1189
-354
336
909
1389
1735
1814
1697
1516
1245
797
192
-354
-846
-1322
-1865
-2291
-2618
-2904
-3242
-3496
-3731
-4033
-4323
-4323
-4068
-3824
-3518
-2961
-2092
-1189
-168
916
2072
3123
4212
5245
6095
6621
6927
7130
7226
7115
6705
6245
5746
5192
4402
3642
2927
2207
1367
566
-178
-983
-1847
-2661
-3304
-3888
-4443
-4872
-5012
-4950
-4774
-4482
-3934
-3228
-2507
-1765
-951
-160
485
998
1435
1711
1726
1585
1386
1116
639
67
-435
-872
-1371
-1891
-2270
-2551
-2890
-3226
-3466
-3723
-4069
-4343
-4247
-4013
-3784
-3456
-2783
-1918
-1043
-44
1092
2207
3227
4297
5322
6110
6577
6889
7093
7223
7073
6673
6224
5771
5170
4357
3624
2934
2153
1263
448
-332
-1191
-2090
-2868
-3496
-4074
-4649
-5020
-5106
-5027
-4841
-4504
-3902
-3200
-2488
-1725
-862
-92
549
1059
1532
1776
1740
1601
1432
1183
686
185
-276
-695
-1240
-1708
-2066
-2373
-2793
-3142
-3418
-3732
-4118
-4407
-4280
-4081
-3855
-3555
-2813
-1945
-1061
-67
1139
2246
3271
4343
5376
6135
6572
6878
7070
7235
7056
6635
6144
5722
5071
4233
3479
2791
1943
1030
202
-574
-1450
-2344
-3074
-3654
-4183
-4747
-5043
-5051
-4898
-4674
-4269
-3611
-2888
-2171
-1366
-470
269
883
1365
1814
1971
1862
1669
1479
1167
620
106
-371
-841
-1430
-1887
-2255
-2606
-3054
-3377
-3647
-3958
-4321
-4545
-4373
-4107
-3830
-3476
-2688
-1784
-892
116
1330
2424
3423
4452
5431
6127
6524
6778
6950
7082
6897
6447
5959
5529
4863
4039
3296
2599
1744
878
118
-612
-1482
-2333
-3011
-3518
-4006
-4513
-4743
-4690
-4504
-4284
-3865
-3210
-2511
-1835
-1048
-212
454
976
1386
1733
1820
1656
1423
1209
872
323
-188
-630
-1093
-1648
-2090
-2441
-2803
-3215
-3509
-3757
-4070
-4391
-4560
-4343
-4033
-3717
-3306
-2481
-1555
-664
340
1513
2580
3520
4507
5406
6069
6410
6628
6773
6878
6672
6231
5767
5333
4663
3878
3189
2498
1670
845
199
-500
-1368
-2221
-2858
-3364
-3885
-4376
-4574
-4512
-4366
-4182
-3780
-3145
-2497
-1856
-1087
-283
334
804
1222
1561
1656
1526
1353
1186
865
353
-117
-486
-896
-1395
-1844
-2204
-2574
-2972
-3286
-3554
-3898
-4278
-4448
-4248
-3977
-3750
-3321
-2488
-1588
-730
272
1394
2403
3324
4307
5208
5870
6223
6442
6636
6754
6535
6117
5745
5333
4644
3890
3270
2587
1739
939
326
-393
-1293
-2161
-2812
-3370
-3961
-4461
-4643
-4566
-4442
-4247
-3809
-3153
-2527
-1865
-1071
-268
312
773
1222
1575
1663
1545
1410
1236
884
344
-137
-539
-955
-1448
-1891
-2297
-2689
-3075
-3354
-3598
-3935
-4324
-4446
-4199
-3935
-3732
-3255
-2375
-1480
-590
465
1597
2555
3493
4496
5404
6004
6326
6537
6751
6816
6513
6059
5698
5261
4519
3756
3118
2407
1525
750
114
-628
-1530
-2356
-2969
-3507
-4083
-4546
-4667
-4528
-4344
-4081
-3566
-2900
-2263
-1580
-754
16
557
978
1406
1722
1757
1587
1406
1213
823
247
-289
-733
-1199
-1701
-2120
-2498
-2907
-3275
-3507
-3689
-3982
-4335
-4435
-4171
-3880
-3675
-3237
-2388
-1490
-634
413
1578
2568
3483
4489
5410
5998
6295
6521
6729
6777
6468
6007
5619
5187
4476
3710
3081
2383
1532
770
158
-571
-1454
-2247
-2826
-3366
-3939
-4403
-4538
-4417
-4248
-3975
-3481
-2824
-2207
-1534
-690
91
642
1091
1533
1846
1871
1685
1492
1269
901
341
-197
-646
-1125
-1636
-2043
-2337
-2697
-3068
-3287
-3465
-3787
-4146
-4353
-4207
-3988
-3804
-3527
-2883
-2035
-1246
-322
836
1977
2889
3872
4857
5577
5947
6229
6459
6565
6387
6017
5631
5229
4693
3985
3383
2804
2080
1299
673
43
-761
-1609
-2277
-2863
-3487
-4055
-4384
-4438
-4354
-4198
-3844
-3298
-2690
-2060
-1307
-454
211
756
1273
1682
1832
1750
1573
1366
1054
609
113
-335
-763
-1242
-1636
-1923
-2189
-2479
-2733
-2874
-3171
-3591
-3938
-4099
-3968
-3862
-3706
-3398
-2744
-1990
-1191
-169
1011
2072
3005
4025
4937
5513
5860
6171
6312
6346
6106
5769
5347
4910
4377
3744
3215
2645
1947
1234
633
-41
-842
-1635
-2293
-2951
-3565
-4102
-4402
-4481
-4365
-4134
-3745
-3155
-2512
-1822
-1037
-184
468
1015
1535
1889
1948
1823
1615
1321
939
469
-14
-491
-940
-1396
-1772
-2066
-2363
-2615
-2852
-2998
-3343
-3770
-4096
-4245
-4107
-4007
-3834
-3499
-2793
-2004
-1128
-49
1146
2186
3171
4216
5101
5643
5994
6308
6408
6420
6148
5791
5330
4895
4343
3726
3208
2630
1942
1257
667
-30
-813
-1553
-2203
-2877
-3463
-3997
-4304
-4399
-4274
-4022
-3638
-3035
-2404
-1707
-925
-118
502
1037
1541
1870
1911
1802
1577
1257
913
462
-26
-494
-905
-1339
-1735
-2048
-2374
-2674
-2942
-3140
-3496
-3915
-4242
-4424
-4332
-4237
-4101
-3778
-3028
-2208
-1351
-291
909
1953
2934
4020
4950
5541
5936
6267
6410
6455
6235
5899
5492
5141
4607
3975
3446
2873
2173
1483
897
185
-623
-1366
-2025
-2710
-3321
-3865
-4208
-4321
-4242
-4046
-3698
-3131
-2524
-1864
-1109
-328
281
827
1338
1712
1805
1738
1574
1327
1056
635
175
-238
-631
-1058
-1467
-1810
-2172
-2555
-2864
-3104
-3482
-3915
-4295
-4503
-4462
-4417
-4296
-3997
-3247
-2460
-1653
-611
568
1618
2592
3708
4724
5363
5800
6177
6397
6511
6363
6111
5813
5524
5028
4377
3826
3267
2544
1863
1253
515
-374
-1204
-1892
-2620
-3310
-3882
-4255
-4376
-4367
-4236
-3902
-3372
-2769
-2144
-1397
-625
-31
507
1035
1471
1620
1579
1500
1359
1141
738
332
-32
-442
-886
-1283
-1617
-1999
-2407
-2739
-2998
-3417
-3867
-4282
-4506
-4485
-4476
-4334
-4072
-3390
-2654
-1868
-824
338
1381
2355
3450
4474
5141
5591
6029
6278
6446
6342
6141
5875
5562
5089
4451
3893
3328
2625
1979
1369
628
-248
-1092
-1784
-2530
-3227
-3792
-4172
-4276
-4265
-4138
-3801
-3280
-2662
-2035
-1277
-530
57
599
1135
1554
1698
1677
1600
1467
1253
880
460
63
-360
-819
-1233
-1562
-1938
-2328
-2662
-2950
-3398
-3875
-4263
-4536
-4526
-4499
-4325
-4109
-3514
-2770
-2000
-978
177
1233
2182
3246
4222
4905
5355
5852
6100
6281
6221
6034
5741
5401
4979
4365
3836
3281
2629
1956
1363
643
-195
-1004
-1684
-2443
-3152
-3711
-4090
-4227
-4214
-4082
-3781
-3276
-2683
-2041
-1311
-562
58
630
1187
1599
1754
1759
1695
1571
1372
1028
605
186
-224
-689
-1135
-1494
-1858
-2248
-2611
-2942
-3414
-3919
-4318
-4631
-4653
-4625
-4459
-4269
-3721
-2952
-2213
-1234
-71
1024
1960
3005
4025
4777
5277
5830
6144
6375
6362
6214
5949
5629
5251
4651
4120
3576
2901
2142
1489
798
-16
-855
-1540
-2268
-2973
-3542
-3933
-4100
-4117
-4041
-3822
-3383
-2872
-2315
-1646
-916
-243
346
918
1383
1617
1708
1697
1630
1467
1160
758
320
-78
-571
-1049
-1454
-1842
-2233
-2641
-3001
-3428
-3956
-4334
-4668
-4775
-4747
-4641
-4424
-4053
-3287
-2535
-1659
-559
560
1569
2575
3620
4558
5169
5726
6160
6415
6569
6462
6285
5990
5659
5150
4555
3971
3307
2537
1792
1118
364
-455
-1229
-1919
-2611
-3200
-3665
-3965
-4033
-4017
-3912
-3603
-3139
-2669
-2081
-1365
-640
1
589
1143
1505
1701
1774
1755
1654
1435
1074
625
211
-253
-784
-1226
-1606
-2019
-2439
-2849
-3210
-3694
-4163
-4445
-4720
-4776
-4755
-4599
-4393
-3903
-3104
-2360
-1441
-329
718
1729
2753
3775
4662
5222
5792
6131
6381
6489
6387
6175
5883
5516
4953
4356
3739
3092
2337
1657
995
228
-582
-1300
-2005
-2660
-3196
-3644
-3931
-3985
-3944
-3832
-3484
-2995
-2492
-1880
-1143
-438
153
715
1229
1535
1708
1770
1722
1600
1387
1011
563
179
-281
-773
-1188
-1557
-1984
-2437
-2833
-3223
-3727
-4126
-4411
-4689
-4770
-4755
-4594
-4396
-3842
-3084
-2355
-1413
-328
705
1710
2743
3770
4609
5194
5755
6110
6402
6482
6423
6211
5923
5540
4983
4420
3829
3212
2495
1824
1136
314
-508
-1221
-1959
-2631
-3217
-3714
-4025
-4121
-4085
-3969
-3611
-3098
-2588
-1978
-1261
-584
-12
549
1065
1377
1570
1670
1630
1556
1381
1060
679
331
-78
-550
-996
-1418
-1890
-2356
-2758
-3243
-3774
-4225
-4566
-4874
-4988
-4965
-4794
-4586
-4078
-3352
-2601
-1653
-590
524
1562
2621
3685
4581
5233
5849
6304
6658
6796
6796
6624
6315
5954
5423
4828
4219
3588
2824
2089
1347
478
-417
-1193
-1977
-2686
-3325
-3858
-4178
-4315
-4270
-4150
-3829
-3294
-2743
-2149
-1423
-710
-98
487
1027
1403
1640
1794
1810
1789
1656
1346
999
633
217
-286
-815
-1330
-1895
-2437
-2894
-3419
-3945
-4481
-4861
-5153
-5317
-5294
-5140
-4893
-4486
-3756
-2971
-2071
-1018
132
1243
2339
3463
4478
5219
5883
6435
6836
7101
7136
7038
6743
6402
5878
5225
4575
3883
3118
2296
1500
642
-329
-1224
-2053
-2825
-3468
-4057
-4439
-4597
-4612
-4507
-4242
-3749
-3111
-2488
-1758
-952
-271
407
1031
1523
1874
2105
2243
2265
2207
1954
1574
1211
772
225
-372
-998
-1634
-2320
-2883
-3434
-3987
-4541
-5022
-5329
-5600
-5650
-5546
-5304
-4978
-4336
-3488
-2605
-1582
-400
777
1926
3105
4240
5160
5885
6579
7040
7415
7559
7510
7292
6968
6514
5831
5115
4385
3567
2693
1816
888
-95
-1126
-2043
-2888
-3608
-4193
-4705
-4947
-4972
-4943
-4708
-4273
-3644
-2928
-2223
-1385
-600
132
893
1497
1982
2320
2521
2620
2587
2431
2087
1671
1244
648
-37
-731
-1454
-2192
-2898
-3516
-4124
-4705
-5270
-5656
-6000
-6158
-6086
-5853
-5508
-5008
-4149
-3218
-2190
-995
284
1505
2717
3914
5019
5861
6641
7251
7661
7968
7992
7835
7517
7132
6513
5744
4967
4128
3160
2216
1242
214
-812
-1822
-2687
-3458
-4062
-4572
-4955
-5013
-4938
-4786
-4381
-3796
-3079
-2336
-1561
-699
73
859
1606
2173
2645
2914
3023
3066
2926
2658
2221
1691
1121
329
-476
-1282
-2099
-2912
-3663
-4372
-5008
-5638
-6176
-6511
-6811
-6824
-6649
-6231
-5760
-5063
-4052
-2970
-1796
-484
915
2180
3432
4627
5712
6535
7282
7775
8124
8304
8217
7898
7440
6941
6151
5276
4357
3393
2286
1242
229
-799
-1786
-2662
-3441
-4076
-4565
-4959
-5140
-5053
-4799
-4500
-3959
-3235
-2439
-1674
-829
64
891
1633
2337
2909
3300
3511
3529
3467
3239
2807
2259
1608
867
8
-909
-1756
-2631
-3505
-4306
-5015
-5664
-6248
-6731
-6976
-7147
-7097
-6791
-6250
-5627
-4861
-3713
-2501
-1212
122
1604
2925
4168
5364
6463
7290
7944
8379
8602
8703
8490
8071
7443
6858
5999
4976
3949
2905
1745
608
-392
-1388
-2318
-3119
-3826
-4401
-4825
-5100
-5178
-4986
-4592
-4171
-3538
-2705
-1793
-983
-116
834
1691
2416
3027
3545
3846
3917
3822
3556
3168
2559
1800
1021
122
-826
-1862
-2788
-3666
-4566
-5375
-6044
-6607
-7071
-7455
-7565
-7575
-7450
-7027
-6373
-5547
-4750
-3516
-2179
-806
578
2039
3475
4692
5838
6925
7732
8268
8620
8670
8668
8345
7851
7104
6390
5572
4484
3437
2400
1320
201
-725
-1623
-2460
-3179
-3795
-4299
-4649
-4827
-4840
-4606
-4114
-3556
-2863
-1966
-984
-96
755
1693
2517
3201
3691
4058
4238
4153
3888
3442
2874
2163
1251
352
-566
-1560
-2568
-3521
-4315
-5118
-5855
-6430
-6853
-7134
-7400
-7462
-7303
-7144
-6721
-6038
-5100
-4237
-3158
-1760
-415
945
2287
3717
4949
5975
6926
7696
8125
8351
8287
8135
7800
7269
6515
5655
4939
3949
2961
2024
1148
218
-642
-1356
-2077
-2692
-3229
-3668
-3963
-4125
-4175
-4042
-3629
-3066
-2412
-1608
-707
211
971
1814
2578
3169
3627
3838
3939
3760
3359
2820
2135
1399
523
-464
-1341
-2242
-3161
-3987
-4672
-5244
-5813
-6281
-6543
-6715
-6801
-6842
-6694
-6392
-6141
-5553
-4746
-3790
-2932
-1775
-419
856
2093
3373
4642
5625
6496
7176
7673
7830
7783
7479
7130
6633
5952
5061
4265
3550
2615
1811
1074
442
-246
-859
-1351
-1832
-2246
-2605
-2867
-3004
-3080
-3109
-2914
-2460
-1942
-1339
-603
170
925
1538
2224
2809
3197
3453
3456
3310
2898
2276
1582
819
20
-896
-1840
-2657
-3462
-4215
-4803
-5211
-5556
-5875
-6103
-6165
-6181
-6136
-6014
-5760
-5399
-5101
-4509
-3738
-2843
-2066
-957
329
1502
2602
3785
4898
5709
6451
6974
7342
7340
7180
6798
6371
5854
5157
4306
3655
3032
2229
1566
1005
577
16
-431
-761
-1112
-1439
-1749
-1945
-2071
-2176
-2236
-2093
-1701
-1337
-926
-347
257
803
1223
1736
2170
2387
2477
2362
2104
1623
965
285
-408
-1141
-1971
-2763
-3433
-4067
-4609
-4995
-5180
-5347
-5493
-5535
-5488
-5390
-5268
-5060
-4753
-4371
-4074
-3530
-2820
-2033
-1395
-427
740
1721
2636
3639
4577
5190
5760
6184
6457
6412
6264
5945
5632
5233
4678
4029
3634
3224
2586
2088
1712
1433
934
602
370
36
-322
-669
-894
-1124
-1347
-1504
-1501
-1273
-1156
-1022
-660
-238
96
302
680
988
1083
1092
1005
812
406
-89
-579
-1080
-1615
-2237
-2788
-3234
-3678
-4065
-4357
-4463
-4544
-4686
-4699
-4683
-4651
-4612
-4517
-4284
-4013
-3856
-3441
-2872
-2224
-1757
-1012
67
922
1743
2643
3569
4174
4684
5202
5561
5686
5692
5530
5447
5251
4911
4465
4238
4027
3509
3084
2781
2528
2005
1597
1347
925
440
-30
-384
-746
-1134
-1404
-1562
-1491
-1522
-1574
-1368
-1054
-784
-659
-341
-52
36
82
89
31
-222
-536
-807
-1116
-1453
-1897
-2285
-2564
-2898
-3245
-3523
-3666
-3756
-3958
-4029
-4077
-4178
-4226
-4238
-4131
-3941
-3870
-3655
-3185
-2615
-2148
-1641
-620
302
1083
1968
2988
3807
4339
5003
5590
5920
6070
6093
6109
6082
5883
5552
5277
5093
4639
4116
3729
3370
2786
2119
1704
1175
510
-131
-673
-1149
-1671
-2069
-2324
-2383
-2401
-2478
-2352
-2004
-1677
-1464
-1135
-737
-520
-398
-265
-176
-263
-465
-616
-804
-1051
-1423
-1796
-2065
-2359
-2757
-3108
-3333
-3502
-3767
-3959
-4045
-4205
-4345
-4401
-4343
-4243
-4103
-4025
-3618
-3062
-2503
-2017
-1177
-97
720
1582
2636
3686
4345
5023
5744
6265
6484
6646
6698
6703
6586
6288
5977
5693
5319
4705
4190
3723
3139
2333
1714
1157
421
-355
-1037
-1599
-2183
-2699
-3061
-3231
-3290
-3310
-3254
-2898
-2476
-2163
-1784
-1298
-865
-621
-395
-132
-28
-106
-194
-287
-470
-788
-1142
-1444
-1713
-2101
-2532
-2835
-3095
-3388
-3685
-3875
-4021
-4236
-4366
-4350
-4345
-4250
-4228
-3964
-3419
-2842
-2263
-1608
-546
424
1304
2317
3481
4382
5105
5855
6510
6863
7055
7184
7159
7109
6806
6438
6058
5722
5148
4520
3980
3425
2659
1850
1277
553
-245
-1040
-1707
-2339
-2993
-3479
-3831
-3971
-3969
-3956
-3696
-3250
-2796
-2366
-1859
-1258
-801
-492
-153
120
174
109
23
-107
-372
-739
-1083
-1397
-1689
-2094
-2481
-2733
-3062
-3356
-3619
-3801
-3966
-4188
-4251
-4254
-4287
-4244
-4249
-3913
-3342
-2738
-2119
-1397
-304
680
1633
2737
3893
4791
5558
6304
6916
7191
7344
7421
7339
7194
6776
6333
5870
5441
4807
4167
3607
3024
2212
1425
804
-5
-785
-1590
-2196
-2898
-3552
-4000
-4346
-4359
-4284
-4109
-3699
-3197
-2597
-2051
-1413
-707
-251
153
469
697
667
523
375
107
-237
-673
-1089
-1473
-1823
-2211
-2579
-2839
-3139
-3440
-3673
-3837
-3981
-4169
-4210
-4192
-4208
-4106
-4044
-3738
-3161
-2484
-1773
-1065
36
1112
2065
3126
4257
5209
5916
6580
7131
7327
7370
7359
7178
6920
6447
5904
5314
4804
4184
3498
2887
2318
1570
754
88
-656
-1392
-2135
-2708
-3341
-3942
-4363
-4642
-4597
-4395
-4107
-3655
-3102
-2440
-1820
-1151
-430
84
476
755
943
894
739
560
263
-75
-484
-900
-1265
-1594
-1887
-2215
-2429
-2648
-2922
-3138
-3292
-3391
-3575
-3645
-3648
-3639
-3561
-3462
-3250
-2763
-2133
-1437
-768
166
1244
2095
3042
4051
5011
5649
6148
6615
6777
6747
6684
6475
6189
5739
5179
4606
4047
3556
2865
2271
1760
1141
415
-270
-833
-1482
-2150
-2716
-3259
-3792
-4196
-4448
-4430
-4211
-3893
-3531
-3014
-2384
-1783
-1180
-542
59
401
630
817
841
737
576
379
116
-209
-550
-838
-1099
-1304
-1547
-1743
-1889
-2174
-2428
-2615
-2711
-2902
-3102
-3179
-3214
-3246
-3222
-3074
-2803
-2300
-1715
-1083
-438
481
1367
2170
3071
4003
4770
5189
5656
5969
6053
5995
5932
5735
5402
4964
4485
4007
3546
3079
2476
1997
1501
905
231
-302
-819
-1470
-2104
-2648
-3166
-3650
-3954
-4098
-4016
-3817
-3550
-3198
-2683
-2126
-1608
-1066
-459
-5
245
477
625
658
569
504
377
177
-53
-293
-514
-725
-890
-1114
-1280
-1515
-1851
-2125
-2310
-2472
-2715
-2886
-2969
-3056
-3128
-3025
-2883
-2585
-2094
-1526
-988
-420
459
1248
2039
2865
3733
4352
4763
5238
5529
5615
5585
5541
5296
4986
4587
4174
3694
3293
2838
2283
1810
1300
731
72
-403
-949
-1580
-2201
-2729
-3221
-3655
-3920
-4037
-3980
-3805
-3552
-3218
-2714
-2219
-1695
-1153
-555
-94
213
505
694
790
792
807
754
638
466
252
17
-160
-343
-581
-789
-1084
-1430
-1734
-1951
-2159
-2396
-2575
-2696
-2830
-2917
-2851
-2744
-2492
-2101
-1640
-1218
-720
41
767
1516
2273
3051
3639
4115
4602
4934
5097
5148
5131
4936
4726
4433
4087
3667
3314
2898
2383
1896
1391
830
209
-299
-876
-1500
-2138
-2673
-3152
-3579
-3866
-4023
-4014
-3885
-3692
-3397
-2957
-2463
-1911
-1336
-696
-161
262
640
957
1175
1294
1401
1446
1376
1206
974
717
508
236
-81
-425
-808
-1227
-1618
-1935
-2195
-2481
-2719
-2891
-3084
-3218
-3225
-3134
-2998
-2698
-2324
-1947
-1520
-829
-63
666
1436
2255
2987
3559
4154
4650
5001
5163
5259
5194
5082
4875
4547
4177
3790
3382
2786
2235
1706
1133
478
-94
-645
-1280
-1925
-2464
-2909
-3351
-3680
-3859
-3892
-3827
-3681
-3446
-3060
-2555
-1981
-1384
-718
-63
445
885
1344
1686
1887
2018
2108
2047
1791
1509
1191
864
459
16
-454
-948
-1436
-1909
-2297
-2590
-2904
-3193
-3376
-3582
-3751
-3833
-3750
-3676
-3500
-3144
-2755
-2332
-1728
-878
-49
777
1698
2626
3357
4065
4726
5248
5554
5704
5732
5597
5416
5073
4654
4209
3754
3142
2480
1896
1332
660
21
-502
-1110
-1736
-2338
-2815
-3249
-3621
-3817
-3912
-3844
-3694
-3480
-3120
-2603
-1966
-1330
-657
91
720
1206
1707
2126
2401
2490
2539
2480
2179
1817
1392
956
468
-45
-586
-1148
-1654
-2128
-2582
-2913
-3199
-3527
-3757
-3944
-4092
-4250
-4225
-4119
-4008
-3698
-3256
-2787
-2245
-1387
-450
443
1381
2437
3306
4048
4814
5439
5826
5998
6092
5956
5741
5421
4985
4485
3991
3415
2721
2081
1494
840
160
-356
-945
-1591
-2205
-2718
-3162
-3567
-3760
-3881
-3854
-3699
-3483
-3134
-2639
-1995
-1324
-625
139
807
1352
1883
2298
2572
2668
2678
2561
2237
1850
1362
857
340
-203
-750
-1319
-1811
-2263
-2683
-3003
-3282
-3574
-3818
-3989
-4111
-4251
-4252
-4142
-4016
-3780
-3380
-2854
-2340
-1589
-684
226
1111
2055
2989
3751
4467
5087
5512
5731
5823
5720
5530
5255
4900
4398
3884
3402
2794
2178
1617
1145
572
52
-419
-923
-1445
-1947
-2337
-2683
-2918
-3101
-3170
-3103
-2958
-2735
-2381
-1862
-1269
-692
-55
587
1103
1549
1901
2165
2241
2190
2042
1744
1364
898
428
-75
-563
-1048
-1552
-1988
-2358
-2694
-2970
-3175
-3359
-3563
-3713
-3766
-3843
-3849
-3768
-3582
-3418
-3179
-2743
-2244
-1664
-1013
-172
626
1384
2156
2930
3631
4173
4621
4954
5111
5094
4976
4781
4544
4163
3739
3252
2817
2351
1838
1434
1073
727
279
-76
-405
-803
-1178
-1502
-1744
-1970
-2174
-2263
-2270
-2167
-1983
-1722
-1301
-822
-327
121
614
1067
1333
1544
1659
1660
1491
1227
929
528
98
-344
-818
-1248
-1657
-2069
-2399
-2655
-2830
-3044
-3168
-3231
-3345
-3421
-3412
-3339
-3320
-3221
-3032
-2833
-2645
-2284
-1812
-1262
-717
-38
711
1350
2027
2668
3336
3828
4218
4527
4704
4719
4638
4470
4259
3959
3582
3166
2725
2384
1934
1555
1220
932
552
168
-105
-442
-806
-1121
-1377
-1610
-1816
-1964
-1980
-1943
-1779
-1584
-1256
-849
-428
-22
357
774
1034
1183
1281
1295
1165
936
669
371
-33
-429
-859
-1296
-1671
-2039
-2341
-2593
-2775
-2964
-3147
-3245
-3326
-3403
-3405
-3322
-3241
-3176
-3031
-2818
-2610
-2312
-1865
-1327
-752
-178
522
1201
1859
2498
3132
3722
4141
4469
4698
4801
4761
4649
4444
4182
3814
3420
2959
2556
2181
1742
1342
978
639
217
-116
-408
-735
-1086
-1370
-1600
-1795
-1942
-1999
-1960
-1856
-1659
-1396
-1018
-615
-199
172
550
890
1110
1252
1343
1341
1192
974
726
410
-4
-434
-895
-1345
-1754
-2104
-2428
-2699
-2942
-3200
-3427
-3569
-3650
-3718
-3697
-3604
-3502
-3403
-3211
-2946
-2643
-2277
-1769
-1184
-584
33
742
1488
2169
2815
3440
4026
4426
4722
4936
5043
4993
4826
4587
4276
3885
3421
2935
2481
2052
1548
1060
631
240
-186
-539
-813
-1106
-1417
-1692
-1869
-2003
-2080
-2090
-2010
-1851
-1605
-1280
-872
-429
2
412
804
1170
1437
1634
1759
1764
1619
1383
1096
729
271
-219
-722
-1224
-1686
-2104
-2489
-2821
-3122
-3421
-3668
-3812
-3894
-3963
-3956
-3851
-3712
-3558
-3314
-2978
-2622
-2243
-1751
-1163
-554
78
791
1562
2254
2873
3481
4060
4474
4749
4973
5105
5056
4844
4594
4299
3917
3443
2952
2473
2000
1475
945
495
101
-304
-660
-917
-1173
-1457
-1711
-1867
-1972
-2050
-2066
-1997
-1849
-1628
-1335
-978
-584
-199
186
561
907
1189
1405
1557
1594
1486
1280
1006
661
250
-196
-646
-1109
-1561
-1988
-2381
-2719
-3009
-3261
-3449
-3547
-3600
-3650
-3635
-3515
-3340
-3137
-2868
-2545
-2214
-1885
-1482
-982
-438
128
735
1406
2031
2582
3124
3658
4070
4330
4536
4668
4636
4444
4207
3953
3623
3210
2771
2341
1920
1477
1034
671
366
60
-228
-446
-651
-890
-1121
-1288
-1425
-1562
-1651
-1662
-1604
-1499
-1324
-1085
-824
-538
-247
52
336
576
778
921
983
909
727
495
197
-138
-495
-853
-1219
-1621
-1985
-2317
-2595
-2798
-2937
-3002
-3022
-3020
-3005
-2964
-2821
-2634
-2425
-2191
-1965
-1732
-1510
-1238
-885
-464
-8
449
959
1508
1996
2479
2978
3417
3714
3913
4062
4087
3976
3788
3588
3338
3020
2672
2322
2004
1694
1367
1110
896
677
446
232
51
-173
-431
-662
-877
-1104
-1296
-1430
-1487
-1506
-1481
-1340
-1169
-961
-689
-431
-146
84
279
445
513
524
392
223
14
-267
-543
-867
-1173
-1504
-1839
-2088
-2310
-2463
-2539
-2578
-2568
-2573
-2551
-2506
-2428
-2279
-2146
-1998
-1852
-1716
-1563
-1386
-1141
-816
-446
-24
411
917
1463
1946
2440
2928
3334
3592
3782
3919
3940
3841
3694
3519
3282
3004
2717
2423
2169
1900
1606
1372
1122
861
571
284
31
-293
-644
-946
-1254
-1534
-1759
-1947
-2030
-2083
-2050
-1874
-1682
-1392
-1062
-755
-399
-145
91
273
376
438
353
291
149
-63
-281
-566
-806
-1066
-1298
-1445
-1599
-1703
-1783
-1860
-1892
-1947
-1966
-1984
-1988
-1961
-1953
-1904
-1836
-1761
-1656
-1512
-1299
-996
-631
-171
294
823
1373
1841
2302
2748
3114
3349
3535
3671
3686
3593
3477
3328
3128
2909
2686
2435
2212
1958
1658
1384
1071
764
409
65
-240
-639
-1024
-1356
-1687
-1949
-2173
-2332
-2378
-2390
-2273
-2048
-1795
-1431
-1076
-726
-364
-98
148
314
460
531
501
495
394
256
91
-111
-265
-438
-585
-693
-842
-963
-1097
-1229
-1327
-1448
-1555
-1683
-1799
-1884
-1952
-1961
-1939
-1903
-1819
-1699
-1495
-1203
-837
-380
54
546
1028
1437
1842
2224
2544
2769
2964
3102
3145
3125
3094
3029
2918
2789
2640
2437
2236
1989
1692
1382
1037
704
318
-40
-387
-789
-1145
-1467
-1752
-1965
-2138
-2224
-2233
-2180
-2011
-1789
-1512
-1172
-840
-508
-201
69
298
470
632
717
756
776
731
663
546
403
261
91
-86
-275
-496
-709
-938
-1161
-1365
-1580
-1772
-1974
-2130
-2238
-2294
-2285
-2245
-2165
-2045
-1882
-1646
-1345
-982
-561
-151
308
751
1163
1569
1946
2276
2540
2769
2941
3053
3113
3146
3111
3027
2892
2709
2474
2206
1902
1551
1186
807
440
58
-296
-646
-987
-1288
-1546
-1753
-1905
-2006
-2051
-2030
-1948
-1787
-1576
-1300
-986
-655
-317
2
310
581
821
1023
1163
1250
1282
1255
1182
1047
869
653
399
118
-184
-492
-798
-1102
-1402
-1680
-1945
-2179
-2381
-2528
-2610
-2642
-2609
-2531
-2411
-2248
-2040
-1784
-1480
-1135
-753
-350
70
499
924
1336
1719
2066
2365
2618
2823
2981
3086
3130
3105
3020
2869
2673
2425
2138
1821
1471
1113
753
410
80
-228
-518
-783
-1024
-1224
-1380
-1502
-1584
-1626
-1621
-1571
-1457
-1286
-1052
-778
-474
-156
152
457
736
986
1181
1319
1384
1382
1318
1198
1024
799
536
239
-84
-415
-742
-1057
-1356
-1643
-1906
-2145
-2354
-2517
-2637
-2691
-2697
-2648
-2553
-2422
-2247
-2046
-1801
-1527
-1221
-892
-539
-170
215
607
992
1362
1704
2013
2277
2507
2686
2812
2878
2881
2830
2724
2572
2373
2136
1868
1583
1289
1004
731
477
236
12
-193
-388
-563
-722
-856
-962
-1038
-1074
-1072
-1020
-920
-768
-578
-355
-108
142
394
625
826
982
1084
1125
1101
1018
884
704
483
234
-44
-335
-640
-941
-1229
-1494
-1732
-1945
-2131
-2290
-2421
-2520
-2575
-2588
-2553
-2481
-2370
-2228
-2060
-1871
-1667
-1445
-1206
-942
-650
-327
22
389
761
1124
1466
1785
2068
2320
2534
2692
2795
2832
2821
2759
2650
2503
2325
2120
1901
1662
1424
1190
963
753
542
343
140
-71
-286
-493
-674
-824
-926
-972
-974
-928
-845
-726
-567
-378
-172
42
247
431
576
685
753
767
737
649
514
351
158
-44
-262
-495
-738
-1000
-1256
-1492
-1702
-1880
-2034
-2169
-2286
-2388
-2459
-2494
-2492
-2447
-2370
-2260
-2123
-1969
-1796
-1603
-1386
-1139
-867
-562
-224
142
522
905
1284
1649
1982
2283
2551
2770
2933
3032
3079
3071
3007
2900
2752
2570
2366
2131
1886
1633
1383
1136
886
642
391
134
-130
-387
-621
-819
-972
-1071
-1113
-1113
-1077
-1005
-897
-751
-580
-394
-209
-28
132
265
362
419
429
392
314
207
79
-63
-224
-408
-615
-837
-1062
-1279
-1468
-1629
-1771
-1902
-2019
-2125
-2208
-2267
-2292
-2281
-2243
-2171
-2076
-1950
-1800
-1625
-1429
-1205
-954
-672
-361
-16
357
743
1129
1504
1862
2187
2477
2722
2920
3058
3136
3160
3128
3048
2911
2738
2537
2306
2059
1797
1530
1263
987
716
443
170
-103
-367
-607
-820
-998
-1133
-1218
-1258
-1259
-1219
-1137
-1023
-880
-720
-551
-378
-213
-64
60
147
196
204
174
120
40
-55
-173
-313
-473
-650
-827
-1000
-1158
-1304
-1439
-1566
-1687
-1801
-1896
-1969
-2015
-2033
-2027
-1991
-1924
-1824
-1693
-1525
-1329
-1100
-844
-566
-260
73
425
789
1151
1498
1827
2125
2389
2614
2792
2917
2989
3009
2979
2901
2773
2601
2397
2162
1907
1636
1355
1069
780
492
213
-55
-308
-540
-747
-926
-1072
-1180
-1249
-1275
-1264
-1214
-1125
-1008
-871
-720
-560
-400
-242
-99
23
114
175
203
197
162
97
10
-96
-227
-375
-534
-701
-868
-1031
-1188
-1337
-1474
-1600
-1713
-1807
-1877
-1917
-1927
-1909
-1862
-1785
-1676
-1536
-1356
-1144
-906
-643
-367
-75
230
549
867
1181
1477
1748
1989
2200
2375
2511
2605
2652
2654
2613
2531
2414
2259
2072
1859
1624
1372
1106
839
571
310
61
-172
-384
-572
-729
-856
-952
-1011
-1035
-1022
-975
-901
-798
-671
-530
-380
-227
-78
57
176
276
352
396
418
409
367
296
192
68
-76
-240
-414
-600
-790
-984
-1176
-1358
-1527
-1677
-1808
-1919
-2000
-2053
-2076
-2067
-2029
-1955
-1851
-1714
-1541
-1336
-1104
-848
-574
-287
15
327
639
945
1238
1507
1751
1965
2145
2289
2394
2456
2475
2456
2394
2296
2163
1998
1808
1594
1362
1120
872
627
384
154
-59
-255
-427
-574
-694
-783
-841
-862
-848
-798
-710
-597
-459
-301
-135
37
205
364
503
620
708
760
776
757
701
607
477
318
134
-69
-288
-520
-757
-1000
-1241
-1476
-1699
-1900
-2071
-2214
-2322
-2397
-2441
-2445
-2417
-2351
-2243
-2098
-1915
-1701
-1455
-1185
-893
-584
-260
71
408
745
1070
1379
1665
1919
2137
2313
2442
2528
2567
2565
2520
2433
2309
2152
1962
1751
1523
1281
1035
790
551
317
101
-97
-278
-438
-576
-689
-775
-827
-840
-811
-743
-636
-495
-327
-143
50
244
434
611
767
888
975
1017
1010
954
856
717
539
332
99
-150
-413
-688
-966
-1241
-1507
-1761
-1994
-2196
-2364
-2494
-2587
-2641
-2661
-2648
-2596
-2504
-2373
-2200
-1986
-1743
-1471
-1176
-865
-543
-212
124
466
807
1140
1456
1745
1997
2207
2368
2481
2553
2579
2562
2509
2417
2289
2131
1950
1751
1539
1315
1089
864
641
434
241
66
-96
-244
-376
-487
-572
-624
-640
-619
-555
-452
-313
-144
42
234
422
598
756
885
982
1039
1047
1005
913
774
596
381
140
-124
-405
-701
-999
-1291
-1572
-1832
-2065
-2272
-2445
-2585
-2690
-2754
-2782
-2776
-2732
-2659
-2556
-2413
-2231
-2012
-1760
-1477
-1177
-870
-555
-237
87
413
743
1067
1373
1650
1888
2083
2238
2351
2429
2473
2477
2443
2379
2280
2159
2021
1865
1702
1525
1342
1160
985
825
673
531
394
257
125
3
-93
-173
-226
-248
-242
-197
-120
-15
111
242
368
478
567
632
669
674
647
580
471
323
140
-71
-300
-550
-810
-1081
-1357
-1624
-1869
-2082
-2261
-2406
-2526
-2622
-2686
-2717
-2707
-2657
-2573
-2460
-2326
-2171
-1984
-1765
-1510
-1227
-931
-636
-354
-72
209
498
792
1081
1354
1594
1795
1959
2095
2207
2300
2366
2404
2403
2366
2297
2201
2091
1968
1832
1686
1542
1397
1259
1132
1008
883
754
617
476
340
212
94
-15
-101
-165
-199
-205
-186
-144
-91
-34
18
59
85
91
76
42
-15
-101
-214
-357
-523
-708
-903
-1108
-1320
-1531
-1738
-1927
-2088
-2217
-2314
-2384
-2434
-2460
-2457
-2417
-2341
-2231
-2097
-1951
-1791
-1616
-1418
-1189
-941
-683
-435
-198
29
258
499
746
994
1228
1437
1620
1779
1922
2059
2188
2306
2394
2448
2466
2445
2396
2322
2226
2112
1991
1865
1738
1612
1476
1336
1186
1025
855
684
512
342
179
23
-117
-237
-332
-403
-450
-479
-485
-474
-453
-424
-399
-385
-379
-386
-403
-432
-482
-558
-661
-787
-926
-1076
-1225
-1373
-1518
-1655
-1778
-1881
-1962
-2020
-2056
-2069
-2065
-2036
-1983
-1914
-1826
-1724
-1611
-1483
-1340
-1179
-1007
-827
-645
-463
-280
-87
116
330
550
768
980
1181
1374
1558
1738
1907
2063
2199
2306
2379
2419
2423
2391
2331
2246
2147
2040
1924
1798
1658
1504
1332
1155
973
789
607
427
251
87
-62
-192
-303
-398
-472
-529
-567
-583
-579
-561
-534
-511
-488
-474
-463
-455
-465
-494
-546
-621
-712
-814
-919
-1023
-1123
-1219
-1311
-1396
-1469
-1530
-1575
-1605
-1619
-1621
-1613
-1594
-1565
-1521
-1461
-1384
-1293
-1190
-1078
-958
-832
-694
-549
-390
-224
-52
128
314
503
692
879
1058
1230
1388
1531
1661
1770
1863
1930
1970
1980
1962
1924
1873
1812
1744
1663
1570
1459
1340
1211
1080
947
815
681
546
417
292
175
66
-31
-122
-205
-276
-337
-382
-415
-440
-460
-476
-497
-515
-534
-557
-587
-629
-678
-740
-806
-874
-939
-1000
-1059
-1113
-1166
-1209
-1251
-1282
-1305
-1324
-1335
-1337
-1334
-1322
-1297
-1259
-1205
-1138
-1061
-974
-881
-779
-666
-546
-416
-287
-153
-17
125
271
419
565
702
833
955
1065
1166
1261
1346
1418
1473
1512
1535
1543
1543
1536
1518
1494
1458
1409
1350
1286
1214
1141
1062
978
893
802
707
613
519
429
340
251
167
85
9
-65
-133
-201
-261
-317
-374
-431
-487
-546
-604
-665
-725
-785
-848
-908
-967
-1023
-1075
-1125
-1167
-1207
-1241
-1272
-1298
-1318
-1330
-1335
-1332
-1317
-1292
-1263
-1223
-1172
-1112
-1044
-966
-879
-785
-684
-579
-468
-354
-233
-111
16
142
266
393
512
628
741
849
951
1045
1132
1211
1273
1327
1373
1407
1433
1450
1458
1455
1441
1418
1384
1345
1297
1243
1183
1119
1050
977
899
818
736
654
572
490
407
321
239
156
75
-2
-79
-152
-229
-306
-381
-457
-528
-602
-677
-749
-821
-891
-956
-1018
-1078
-1133
-1184
-1232
-1277
-1313
-1347
-1370
-1385
-1394
-1394
-1384
-1365
-1339
-1302
-1257
-1203
-1135
-1059
-978
-888
-790
-686
-574
-455
-331
-204
-74
54
182
311
438
564
691
810
917
1021
1112
1196
1273
1337
1396
1441
1473
1496
1508
1511
1502
1483
1453
1412
1362
1304
1241
1172
1097
1017
931
843
753
657
560
465
367
272
177
85
-4
-87
-169
-252
-332
-414
-494
-572
-647
-723
-795
-863
-929
-992
-1054
-1113
-1166
-1220
-1270
-1314
-1355
-1386
-1412
-1431
-1437
-1436
-1428
-1407
-1381
-1345
-1293
-1233
-1165
-1081
-989
-892
-781
-663
-539
-405
-270
-133
11
152
292
435
571
704
835
957
1067
1176
1278
1362
1440
1504
1549
1589
1616
1630
1639
1633
1613
1586
1545
1495
1433
1367
1293
1212
1129
1042
948
855
754
652
551
447
345
246
150
57
-30
-115
-204
-293
-379
-469
-558
-641
-725
-807
-883
-956
-1032
-1106
-1181
-1254
-1323
-1390
-1454
-1509
-1555
-1598
-1627
-1647
-1662
-1665
-1655
-1637
-1607
-1558
-1499
-1427
-1336
-1242
-1135
-1012
-885
-747
-599
-452
-294
-129
26
185
341
490
639
787
925
1062
1190
1305
1410
1504
1574
1635
1690
1732
1764
1787
1795
1789
1771
1738
1698
1647
1583
1516
1441
1363
1279
1191
1096
993
891
786
681
575
469
367
265
160
62
-41
-146
-246
-351
-457
-556
-651
-751
-840
-928
-1024
-1112
-1201
-1290
-1368
-1447
-1523
-1588
-1642
-1695
-1732
-1758
-1782
-1788
-1780
-1769
-1738
-1689
-1638
-1563
-1477
-1383
-1276
-1153
-1036
-902
-755
-612
-457
-298
-144
10
171
322
474
629
770
908
1044
1164
1275
1380
1465
1540
1614
1677
1727
1767
1791
1798
1796
1787
1766
1729
1690
1641
1585
1521
1450
1372
1278
1187
1092
987
885
783
672
561
453
337
214
95
-20
-142
-257
-371
-487
-600
-708
-814
-921
-1025
-1126
-1222
-1311
-1395
-1478
-1556
-1624
-1683
-1731
-1767
-1795
-1818
-1826
-1821
-1807
-1778
-1734
-1685
-1619
-1541
-1452
-1350
-1245
-1136
-1018
-887
-750
-605
-450
-306
-159
-2
150
295
445
593
724
859
993
1107
1219
1332
1424
1504
1588
1662
1710
1756
1795
1809
1815
1827
1822
1796
1773
1741
1683
1624
1571
1490
1404
1328
1236
1128
1033
932
804
688
574
435
306
184
52
-81
-201
-325
-457
-581
-695
-818
-934
-1032
-1138
-1243
-1326
-1411
-1499
-1563
-1624
-1688
-1731
-1762
-1791
-1808
-1813
-1809
-1801
-1768
-1720
-1676
-1613
-1534
-1460
-1373
-1264
-1161
-1059
-929
-795
-667
-522
-372
-237
-100
56
198
331
483
622
739
868
999
1104
1206
1319
1406
1474
1560
1631
1671
1718
1756
1765
1771
1786
1775
1738
1710
1670
1605
1549
1492
1404
1315
1229
1129
1013
909
799
666
543
421
286
145
22
-106
-235
-354
-473
-605
-727
-829
-938
-1043
-1136
-1229
-1320
-1394
-1453
-1515
-1577
-1621
-1658
-1692
-1704
-1706
-1713
-1706
-1669
-1629
-1582
-1519
-1456
-1388
-1306
-1202
-1100
-996
-878
-753
-629
-497
-358
-228
-100
38
179
319
456
584
699
811
924
1032
1131
1222
1307
1380
1446
1510
1559
1584
1606
1620
1620
1614
1601
1574
1528
1486
1444
1391
1328
1260
1174
1075
982
890
785
685
585
476
365
254
138
18
-93
-200
-307
-413
-506
-605
-705
-786
-873
-955
-1028
-1096
-1157
-1210
-1254
-1301
-1341
-1367
-1385
-1399
-1403
-1399
-1385
-1366
-1331
-1297
-1260
-1214
-1167
-1112
-1045
-967
-888
-803
-711
-624
-535
-446
-359
-269
-178
-77
24
120
215
306
389
473
558
635
712
787
857
921
981
1033
1073
1103
1135
1158
1175
1194
1203
1206
1205
1196
1177
1151
1124
1085
1042
999
953
904
851
790
723
649
575
494
411
334
255
172
95
20
-54
-130
-203
-277
-358
-441
-518
-587
-649
-699
-746
-793
-835
-881
-926
-970
-1003
-1026
-1039
-1045
-1046
-1043
-1040
-1028
-1013
-993
-966
-935
-899
-864
-820
-772
-715
-654
-589
-521
-452
-382
-314
-244
-171
-101
-33
36
102
170
239
313
389
460
526
583
630
672
711
749
785
825
860
886
906
922
932
940
945
948
947
938
926
908
882
851
812
769
723
674
623
570
516
457
395
327
256
185
112
39
-38
-112
-183
-249
-315
-380
-449
-518
-585
-653
-714
-766
-816
-859
-895
-926
-955
-974
-991
-1000
-1009
-1015
-1017
-1011
-994
-969
-934
-897
-860
-823
-787
-747
-700
-639
-572
-498
-427
-357
-289
-221
-149
-72
8
87
163
235
308
382
456
531
606
672
736
791
838
882
926
969
1000
1021
1032
1038
1044
1048
1054
1052
1042
1022
990
952
909
864
813
760
703
637
568
500
433
363
294
217
136
54
-30
-109
-183
-258
-331
-406
-478
-550
-621
-685
-738
-785
-825
-861
-897
-932
-962
-987
-1005
-1011
-1011
-1000
-982
-965
-945
-925
-899
-866
-823
-776
-725
-671
-614
-552
-490
-427
-361
-293
-222
-149
-74
1
78
154
221
284
342
398
452
510
572
631
686
730
766
794
818
848
874
899
912
918
915
904
894
889
881
868
846
812
767
717
668
623
580
535
484
417
344
269
195
128
67
12
-51
-111
-179
-252
-322
-388
-450
-508
-559
-611
-659
-704
-741
-776
-808
-835
-862
-886
-906
-916
-917
-910
-897
-883
-868
-852
-835
-811
-775
-730
-678
-620
-565
-513
-463
-407
-349
-282
-206
-131
-58
11
71
130
190
253
318
385
451
511
564
608
647
676
702
731
759
792
819
840
852
856
848
826
804
782
763
745
730
711
680
641
595
548
502
460
416
369
318
260
201
144
96
48
0
-48
-101
-160
-221
-278
-327
-368
-399
-433
-471
-508
-553
-594
-627
-649
-664
-668
-670
-679
-693
-706
-717
-716
-706
-689
-670
-651
-632
-612
-590
-563
-528
-492
-458
-426
-394
-357
-316
-264
-213
-162
-116
-75
-35
5
54
111
164
217
261
298
335
369
411
452
494
532
558
583
600
616
627
637
648
657
662
663
658
647
630
603
574
548
526
506
485
461
427
389
340
288
235
184
140
101
64
23
-18
-64
-114
-156
-197
-233
-265
-296
-329
-361
-389
-414
-436
-452
-464
-474
-483
-491
-501
-507
-506
-496
-486
-472
-459
-447
-434
-420
-403
-379
-348
-317
-290
-264
-238
-214
-189
-159
-126
-91
-55
-22
4
28
52
77
106
134
157
173
187
203
219
240
259
272
283
288
291
297
301
304
308
303
301
293
283
274
265
258
247
233
216
201
185
171
158
143
124
104
81
63
48
32
12
-6
-25
-43
-56
-70
-80
-88
-98
-108
-120
-132
-143
-153
-156
-160
-165
-162
-166
-167
-167
-162
-154
-147
-141
-136
-130
-121
-115
-105
-95
-91
-80
-69
-59
-47
-38
-37
-26
-12
-2
10
17
23
28
36
48
53
60
61
62
63
63
64
61
58
57
57
56
51
44
39
35
37
39
39
34
27
20
19
18
18
16
13
10
7
5
5
4
7
5
4
3
-3
-5
-7
-10
-11
-13
-17
-21
-20
-18
-18
-15
-16
-18
-16
-15
-14
-13
-16
-17
-17
-18
-15
-16
-16
-16
-15
-14
-13
-9
-9
-8
-3
1
4
8
8
10
12
13
13
13
14
10
13
14
15
16
16
16
14
15
19
20
21
20
15
12
7
8
9
9
11
9
5
2
-1
-2
-3
-2
1
1
1
-2
-4
-6
-11
-10
-11
-11
-12
-15
-13
-15
-14
-14
-14
-9
-11
-9
-12
-13
-14
-12
-11
-11
-11
-13
-11
-11
-12
-12
-9
-8
-5
-1
-1
0
2
6
7
8
10
11
12
14
16
17
20
22
22
22
25
27
23
22
21
22
24
22
17
12
13
14
18
23
21
13
7
4
6
8
8
7
0
-4
-5
-7
-5
-6
-6
-10
-10
-8
-12
-14
-16
-19
-18
-16
-20
-27
-33
-33
-26
-19
-15
-20
-26
-30
-29
-21
-19
-24
-27
-29
-25
-23
-17
-13
-13
-9
-8
-6
-6
-5
-2
-1
0
-2
-3
-3
-4
-3
0
0
1
3
5
9
11
11
13
12
13
14
14
16
21
24
28
30
33
36
37
40
39
35
30
30
34
37
35
27
18
15
20
29
37
36
27
12
6
6
9
12
9
4
-5
-8
-9
-10
-8
-11
-10
-11
-11
-16
-20
-23
-24
-20
-15
-13
-22
-32
-37
-32
-23
-14
-15
-23
-30
-30
-23
-19
-18
-23
-25
-24
-24
-21
-18
-15
-13
-11
-11
-10
-13
-11
-8
-8
-7
-10
-13
-13
-15
-11
-9
-9
-7
-5
0
2
2
-1
-1
-1
0
3
7
5
8
10
17
24
29
29
25
25
20
21
22
26
29
27
21
12
9
15
26
34
36
27
16
9
10
17
19
19
9
1
-1
1
5
3
1
-3
-4
-3
-3
-5
-6
-8
-7
-4
-1
-3
-8
-12
-13
-8
-4
-3
-7
-9
-10
-8
-9
-9
-8
-7
-5
-7
-9
-12
-8
-4
-2
-4
-8
-9
-10
-6
-7
-8
-9
-10
-9
-8
-5
-9
-10
-11
-9
-5
1
2
-4
-8
-13
-10
-4
0
1
-3
-7
-8
-1
9
16
16
11
2
-4
-1
6
13
16
9
0
-8
-6
4
14
21
19
10
0
-4
0
12
19
17
7
-2
-5
-4
3
7
7
5
-1
-5
-5
-4
-2
4
5
6
0
-2
-6
-3
5
8
8
4
-2
-3
-3
-1
1
-1
0
-1
3
3
0
-1
-2
3
5
3
2
0
0
-1
0
0
2
3
2
1
1
-1
-2
0
0
1
3
2
-1
-3
-7
-5
-1
3
2
-2
-7
-10
-8
-3
5
8
5
-3
-10
-8
-4
4
7
4
-6
-13
-16
-11
-3
1
5
-1
-8
-13
-12
-5
3
7
5
-1
-8
-12
-10
-4
2
5
1
-6
-9
-9
-5
2
8
9
5
0
-5
-3
3
7
7
6
2
-1
0
1
1
3
3
5
7
5
7
3
0
4
3
6
6
3
1
-1
0
1
5
8
7
5
2
0
0
-1
2
1
-1
-1
-2
-4
-2
-2
-1
2
2
1
-4
-6
-6
-5
1
0
-2
-3
-5
-2
0
3
5
4
-2
-6
-7
-4
-2
-1
0
-3
-5
-4
-2
-1
0
-1
0
0
-2
0
-1
-2
-1
0
0
-1
-1
0
1
2
1
1
3
3
3
4
4
3
3
5
2
2
2
0
1
0
-3
0
2
3
5
2
0
-1
0
4
3
2
0
-4
-4
-3
-1
1
1
3
1
1
0
1
2
1
-3
-2
-2
-1
-1
-1
-1
-1
1
1
2
0
0
-4
-6
-4
-4
0
2
1
0
-1
1
3
2
1
-1
-5
-5
-4
0
0
-2
-1
-2
-2
-2
-1
-2
0
-1
0
0
-1
2
1
3
2
0
0
-2
-3
1
1
3
3
2
0
-3
-1
0
2
4
2
-1
-3
-1
1
2
1
1
-1
-2
0
-2
0
0
0
0
-2
0
-1
2
2
2
2
1
2
-1
-1
0
-1
0
1
1
2
1
1
2
0
-1
0
-2
-2
0
1
1
2
0
1
3
3
2
1
1
2
1
2
3
0
0
-1
-2
3
0
0
1
-1
2
2
2
2
0
0
2
-1
1
0
-3
0
-2
1
6
0
1
-2
-5
2
0
1
-1
-5
-2
0
0
2
-2
-1
-1
-3
0
-2
-1
0
-2
0
2
-1
0
-2
-3
1
-1
-3
-3
-5
-1
-1
0
0
-3
-1
1
0
0
-2
-1
1
0
1
1
0
0
-2
-2
0
1
0
-1
-3
0
-1
0
1
0
-3
-1
-1
-2
-1
-1
0
-1
-2
0
0
2
2
3
2
0
1
2
1
3
4
0
0
0
-1
0
-1
-1
1
0
1
0
0
1
0
1
0
0
1
-1
0
-1
-2
0
-1
0
-1
-2
0
1
2
1
1
0
-1
-3
-3
-1
0
0
1
1
2
2
1
2
2
0
1
-1
-1
-1
-1
0
1
3
2
0
2
-1
0
0
-1
-1
2
0
0
0
0
3
-1
1
0
-2
2
-1
-2
2
-2
0
-2
-2
1
-1
-1
2
0
1
2
0
2
2
-1
2
0
2
1
0
3
-1
0
3
-1
0
-2
-1
1
-1
0
1
-1
1
-1
-1
1
-2
0
2
1
4
1
-1
0
-3
-1
0
-2
0
-1
0
2
0
2
2
-1
1
-1
-1
-1
-1
-1
-2
0
-1
-1
-1
-3
-1
-1
0
1
-1
0
-2
-1
0
-1
0
0
0
-1
-1
-2
0
0
1
2
1
-1
0
-1
0
1
0
1
0
-1
0
-1
0
0
-1
0
-1
-1
1
-1
-1
0
-1
-1
0
-2
2
-1
-2
1
-1
1
3
3
2
1
-1
0
-3
0
-2
-4
-1
-2
0
0
-1
0
1
0
1
-1
0
1
-1
0
1
2
2
1
1
0
1
-2
0
-2
-1
1
0
1
-2
-1
1
0
0
1
0
0
0
0
0
-1
1
1
2
0
-1
1
-1
-2
0
-1
-1
-1
1
0
-1
2
3
1
2
3
0
1
1
0
0
1
0
1
0
-1
1
1
0
0
0
-1
0
0
-1
0
1
1
-2
0
0
-1
0
1
0
0
-1
0
-1
-1
2
0
0
1
1
-1
0
1
0
-1
1
-1
0
1
0
-1
0
2
0
-1
0
1
-2
-3
1
-1
-3
1
2
-1
0
3
-1
-2
2
0
-3
-2
0
-1
-2
2
2
-3
-2
3
0
-2
2
3
-3
-3
4
0
-4
2
4
-2
-1
2
1
-2
1
4
0
-1
2
1
-6
-3
3
-1
-3
0
-1
-6
-1
3
-1
-1
2
1
-4
-2
0
0
-1
2
2
-1
-1
3
1
-1
1
1
1
-2
2
1
-3
0
3
-1
-2
0
2
0
1
3
0
-2
1
2
-1
-1
1
2
0
3
4
-1
0
1
-1
-2
1
2
-1
-2
0
1
-2
0
3
1
-2
0
0
-2
-2
0
-1
-3
-1
1
-1
-2
2
1
0
-1
1
0
-1
2
2
0
0
2
1
-1
-2
-2
-1
-4
-1
2
0
2
4
3
2
2
2
0
-1
-1
1
0
-1
0
0
-3
-3
-2
-4
-1
-1
1
2
0
0
3
0
-2
0
1
-1
-1
1
-1
-2
-1
-1
-1
3
3
3
1
-2
0
-1
-1
0
2
2
2
3
2
0
-3
-3
-2
-2
1
2
3
3
1
0
-1
-2
-2
-1
-1
-2
0
1
0
1
1
-2
-2
-2
0
0
-1
0
-1
-1
0
-3
-2
-1
1
2
1
0
0
-2
0
2
2
2
1
0
-2
-2
-1
0
1
1
2
2
2
1
1
-2
-5
-5
-3
0
3
5
3
3
0
-2
-3
-2
-1
0
-1
0
1
2
2
-1
-1
-2
-2
1
2
2
2
2
1
-2
-1
0
-1
-1
0
0
-1
0
1
4
3
3
1
-2
-2
-3
-4
-2
1
3
4
4
3
1
-1
-3
-3
-3
-1
3
5
4
3
1
-2
-3
-3
-4
-1
1
1
0
0
-1
-3
-3
-3
-2
-1
2
5
2
4
2
1
-2
-2
-2
1
1
3
2
1
2
-1
0
-1
0
-1
0
0
-2
-1
-2
-1
1
0
0
0
0
-2
0
-2
-1
1
2
3
2
1
1
0
-1
-1
1
-1
0
-1
-1
-2
-2
-3
-2
-1
-1
0
0
1
3
3
3
1
-2
-2
-1
-1
0
0
2
3
1
0
-1
-1
-3
-4
-1
-1
0
-1
0
1
1
0
0
-2
0
-2
-1
0
1
2
2
1
2
2
2
1
-1
-1
0
-1
-1
0
-2
1
1
0
1
-1
-2
-1
-2
-2
1
-1
0
1
1
2
1
-1
-2
-3
-3
-1
-1
1
1
0
0
0
-1
-1
1
0
0
0
1
1
1
2
0
0
1
1
2
-2
-1
0
-1
-1
1
-1
1
2
0
1
1
-2
0
1
-3
1
1
-2
-2
1
-1
2
2
-1
3
0
-1
1
0
-1
1
-2
-3
-1
-2
-1
1
1
1
2
1
2
0
0
2
1
1
0
0
1
0
0
1
-1
-2
1
0
0
0
0
-1
-1
-1
0
-1
0
3
-1
-1
0
-1
0
0
-1
1
2
1
2
2
1
2
0
-2
-1
-1
-1
-1
-2
-1
-2
0
0
-1
0
2
0
0
-1
-2
-1
-1
0
-1
0
1
-2
0
1
0
1
-3
-1
0
-1
0
-1
0
3
3
3
3
1
1
1
-1
0
1
-1
-2
-1
-2
0
-1
-1
1
0
0
2
2
2
4
3
3
3
0
-2
1
-2
-1
0
-1
-1
-1
-3
-1
0
-1
1
-1
-2
-1
0
-1
0
-2
-1
0
-2
1
2
1
1
2
-1
1
1
0
1
0
1
1
2
0
-1
0
0
0
2
0
-1
0
-1
-1
-1
-2
0
-1
0
1
0
1
-1
0
1
-1
-1
-1
-1
0
0
0
0
0
0
1
1
1
1
0
-1
-1
0
-1
1
1
1
2
