SAMPLES:	15003
BITSPERSAMPLE:	16
CHANNELS:	1
SAMPLERATE:	16000
NORMALIZED:	FALSE
3
3
5
4
4
3
4
3
2
1
0
1
2
0
-2
-2
-3
0
1
0
0
0
1
0
-1
0
0
-2
-2
-1
-3
-2
-2
0
2
2
1
-1
-1
-1
-3
-3
0
-1
-2
-2
0
0
1
1
-2
-1
0
1
1
0
-1
-2
-1
-1
-2
-1
-2
-2
-2
-3
-2
-1
-1
-1
0
0
0
1
1
0
-1
-2
-1
0
0
1
0
0
1
3
3
2
4
3
2
0
1
1
1
3
2
1
2
1
1
3
3
1
-2
-3
-3
-4
-1
-1
-1
-1
-1
-3
-4
-3
-2
-1
0
-2
-3
-1
-1
-1
-1
-2
-3
-3
-2
-1
1
4
3
4
2
1
3
5
5
4
1
0
0
0
1
4
2
2
0
0
1
1
2
1
2
0
-1
-2
-1
-2
-2
-1
-1
0
-2
-1
-1
1
2
2
2
4
5
5
5
2
2
3
3
3
3
2
-1
-1
0
2
4
2
2
1
0
0
1
2
0
0
-1
-2
-3
-2
-3
-1
-3
-3
-3
-2
0
0
0
-2
-4
-3
-3
-2
-2
-3
-3
-4
-3
-2
-2
-2
-4
-3
-4
-4
-4
-4
-4
-2
-2
-3
-2
-3
-2
-1
-1
0
0
-1
-1
1
1
2
1
1
-1
-1
0
2
3
4
4
1
-2
-1
1
2
1
3
0
-1
-1
-1
1
2
2
0
-1
-2
-1
0
-1
-2
-1
-1
0
-1
-2
-2
-3
-2
0
0
0
0
1
2
4
4
3
1
-1
-2
1
1
-1
-2
-3
-2
-2
-2
-1
1
-1
0
0
0
-1
0
1
1
1
-1
-1
-3
0
0
1
1
1
0
1
1
1
2
1
1
-1
0
0
-1
0
0
1
-1
-1
0
2
2
0
3
2
3
3
4
4
2
2
1
2
0
0
0
-1
-1
-1
-1
0
3
2
2
1
0
-1
-1
-2
-2
-2
-1
0
0
-1
-1
0
1
1
1
0
0
0
0
2
2
2
1
1
1
4
4
2
2
2
1
2
2
1
1
1
2
2
2
2
1
2
0
0
1
-2
-1
-2
-3
-1
0
0
0
-2
-4
-2
-2
0
0
1
1
-3
-3
-2
-2
1
0
1
0
1
0
-1
0
-1
1
0
-1
1
1
-1
0
-1
-1
0
-1
-2
-2
-2
-1
-2
-2
-2
-3
-2
-2
0
0
1
1
1
0
2
3
2
0
-1
-1
-2
0
1
-1
-1
-2
-1
0
1
3
1
-1
-4
-3
-4
-4
-4
-4
-5
-5
-5
-4
-3
-2
-2
-3
-2
0
1
3
3
4
2
1
4
4
4
4
4
2
2
1
2
4
4
2
2
1
1
3
3
2
1
1
-1
-1
0
1
2
1
0
1
2
2
2
1
3
1
1
2
2
2
0
-1
-1
1
1
0
2
1
0
0
2
2
1
1
-1
-2
-2
-2
-1
-3
-2
-3
-3
-3
-2
0
-1
-2
-1
-2
-1
-1
0
-1
-1
-2
-2
-3
-2
-3
-4
-3
-3
-3
-3
-4
-3
-3
-4
-4
-4
-2
-2
-1
-1
0
2
2
0
1
2
0
1
0
0
2
1
1
2
4
4
3
3
3
4
3
3
4
3
3
2
1
1
2
3
3
3
1
1
0
1
1
-1
1
1
-1
0
-1
-1
-1
-2
0
-2
-1
-2
-2
-1
-1
-1
0
0
-1
1
1
-1
0
-2
-1
-1
-1
-2
0
0
-1
0
0
2
0
1
1
0
1
0
1
1
-1
0
-1
2
-1
0
0
0
-1
-1
0
-1
-1
-1
-1
-1
-1
-1
-2
-2
-1
-2
-1
-1
-2
-1
-1
0
-1
-1
1
1
1
1
-3
-2
-4
-4
-4
-3
-1
0
1
1
5
8
11
14
16
18
19
21
21
21
22
20
18
15
12
7
2
-2
-6
-12
-14
-19
-20
-23
-25
-22
-21
-19
-17
-11
-7
-1
5
12
16
24
30
36
41
44
50
51
54
51
49
47
42
36
28
17
6
-6
-19
-32
-49
-62
-76
-87
-95
-104
-109
-114
-114
-112
-108
-103
-95
-85
-75
-57
-44
-28
-11
7
26
44
64
78
95
106
120
127
136
139
142
140
139
135
126
117
102
91
73
59
38
24
1
-15
-36
-54
-73
-94
-110
-126
-137
-151
-155
-162
-161
-161
-152
-149
-136
-125
-107
-90
-68
-42
-23
5
27
54
74
101
115
138
150
169
180
194
196
201
204
197
195
177
165
140
123
92
66
27
-7
-45
-79
-115
-148
-181
-212
-228
-246
-253
-263
-263
-265
-252
-239
-214
-193
-166
-137
-107
-71
-35
2
35
74
107
150
180
210
230
249
254
263
259
244
220
186
152
101
60
-10
-64
-129
-182
-234
-278
-322
-367
-387
-417
-416
-423
-404
-399
-358
-323
-270
-211
-155
-88
-19
70
136
227
287
368
421
494
539
591
626
649
673
676
681
658
643
593
560
492
435
355
279
186
95
2
-101
-193
-298
-386
-486
-556
-640
-690
-754
-790
-828
-844
-848
-838
-811
-782
-720
-667
-575
-497
-387
-290
-164
-49
84
208
335
458
572
690
785
884
949
1015
1042
1068
1061
1040
992
928
845
740
629
502
369
229
89
-47
-184
-307
-421
-514
-609
-679
-741
-787
-813
-825
-816
-810
-774
-748
-688
-643
-562
-502
-426
-354
-266
-180
-109
-25
33
106
147
211
238
270
270
282
278
263
239
209
173
134
105
59
20
-26
-65
-113
-136
-174
-198
-229
-236
-240
-241
-232
-216
-177
-158
-104
-53
10
62
129
209
277
355
417
505
564
645
695
742
773
801
805
769
751
684
604
488
395
255
114
-47
-201
-345
-509
-654
-793
-903
-1028
-1098
-1176
-1228
-1264
-1262
-1262
-1226
-1154
-1082
-976
-861
-695
-528
-338
-171
53
274
477
677
893
1090
1242
1404
1535
1654
1704
1734
1738
1719
1637
1521
1404
1227
1037
835
633
392
170
-62
-284
-492
-685
-859
-1022
-1145
-1254
-1302
-1351
-1352
-1335
-1261
-1195
-1072
-947
-812
-669
-524
-389
-260
-114
-32
66
140
212
246
286
296
296
298
272
254
222
195
134
80
38
18
-37
-98
-123
-129
-154
-167
-138
-105
-98
-72
8
88
117
145
233
281
327
357
422
411
444
454
506
517
502
502
508
531
482
493
418
369
267
240
134
30
-98
-205
-297
-409
-491
-598
-667
-787
-832
-902
-969
-1068
-1113
-1182
-1238
-1251
-1258
-1246
-1208
-1085
-960
-787
-588
-309
-58
216
506
809
1035
1239
1459
1609
1688
1722
1791
1775
1731
1658
1625
1512
1391
1302
1209
1051
866
724
556
362
154
-22
-231
-427
-596
-718
-868
-1001
-1109
-1174
-1244
-1277
-1307
-1337
-1363
-1353
-1316
-1293
-1266
-1248
-1184
-1148
-1086
-1022
-963
-896
-846
-709
-598
-415
-284
-66
143
396
657
886
1138
1303
1532
1627
1797
1821
1887
1825
1808
1756
1683
1593
1420
1347
1178
1069
873
753
536
320
139
-44
-238
-501
-671
-872
-1011
-1189
-1254
-1363
-1432
-1484
-1420
-1369
-1354
-1287
-1214
-1098
-1055
-926
-877
-813
-816
-758
-735
-741
-764
-780
-780
-800
-774
-745
-676
-622
-473
-319
-100
59
326
544
810
999
1243
1443
1595
1724
1806
1933
1901
1924
1865
1868
1749
1649
1524
1410
1277
1100
951
772
609
385
213
3
-170
-419
-600
-785
-900
-1056
-1200
-1249
-1306
-1293
-1352
-1238
-1220
-1161
-1149
-1025
-941
-930
-881
-844
-816
-883
-861
-892
-914
-1001
-959
-1005
-965
-934
-801
-722
-573
-320
-123
102
310
651
805
1011
1204
1442
1524
1583
1751
1803
1838
1776
1876
1859
1776
1736
1625
1663
1399
1395
1129
1117
857
690
521
302
208
-156
-203
-469
-478
-780
-825
-949
-996
-1147
-1180
-1197
-1294
-1413
-1474
-1487
-1666
-1729
-1893
-1878
-2160
-2128
-2270
-2225
-2326
-2245
-2080
-2016
-1712
-1517
-1051
-826
-314
91
547
932
1355
1766
2064
2312
2586
2757
2880
2920
2998
3030
2895
2898
2741
2743
2416
2308
2061
1859
1524
1175
961
571
254
-160
-373
-716
-1010
-1291
-1445
-1622
-1769
-1886
-1907
-1955
-1968
-1923
-1888
-1823
-1840
-1724
-1727
-1658
-1686
-1622
-1633
-1648
-1635
-1617
-1594
-1577
-1471
-1344
-1217
-1033
-746
-471
-164
132
573
864
1213
1527
1896
2136
2282
2489
2632
2714
2665
2692
2664
2573
2414
2324
2154
1953
1680
1504
1262
961
693
388
171
-216
-423
-712
-900
-1130
-1328
-1438
-1608
-1653
-1749
-1763
-1782
-1782
-1722
-1707
-1666
-1610
-1593
-1503
-1518
-1447
-1471
-1465
-1423
-1469
-1386
-1485
-1303
-1300
-1110
-1063
-793
-519
-261
75
396
874
1057
1461
1762
2216
2334
2542
2724
2911
2893
2865
2872
2814
2656
2516
2438
2213
1970
1665
1544
1193
995
627
436
60
-242
-484
-804
-955
-1266
-1336
-1585
-1660
-1770
-1835
-1863
-1892
-1851
-1815
-1817
-1759
-1759
-1720
-1673
-1671
-1585
-1704
-1622
-1700
-1631
-1675
-1717
-1585
-1568
-1337
-1337
-1036
-820
-508
-171
189
675
874
1233
1578
2024
2237
2406
2631
2842
2868
2898
2880
2899
2712
2616
2576
2388
2193
1821
1724
1386
1203
860
602
270
-98
-333
-662
-847
-1121
-1279
-1464
-1569
-1680
-1748
-1822
-1797
-1796
-1755
-1753
-1753
-1756
-1784
-1732
-1723
-1711
-1783
-1786
-1837
-1824
-1899
-1914
-1858
-1769
-1549
-1486
-1179
-969
-557
-231
235
780
1066
1491
1770
2397
2551
2810
2959
3281
3373
3284
3384
3295
3216
2883
2879
2703
2426
1972
1730
1431
1109
671
381
-12
-408
-738
-1036
-1234
-1598
-1693
-1907
-1913
-2104
-2089
-2135
-2113
-2040
-2004
-1880
-1964
-1853
-1867
-1761
-1757
-1741
-1723
-1741
-1772
-1734
-1843
-1811
-1814
-1621
-1490
-1391
-1054
-862
-412
-194
423
822
1193
1546
1985
2465
2623
2823
3091
3310
3390
3386
3473
3428
3175
3124
2903
2852
2366
2173
1853
1498
1198
755
499
-30
-323
-593
-914
-1202
-1500
-1627
-1755
-1962
-1933
-2094
-2055
-2117
-2027
-1925
-2073
-1973
-2062
-1922
-1996
-1974
-1932
-2058
-1997
-2094
-1946
-2121
-2099
-2015
-1796
-1642
-1533
-1143
-883
-464
-193
462
846
1228
1542
2102
2526
2712
2895
3200
3425
3454
3509
3595
3610
3322
3319
3083
3035
2509
2358
2061
1735
1397
908
670
109
-181
-526
-813
-1116
-1430
-1603
-1755
-1971
-1943
-2125
-2045
-2123
-2035
-1947
-2102
-1960
-2100
-1946
-2070
-2023
-1988
-2133
-2139
-2280
-2150
-2304
-2287
-2254
-2055
-1938
-1794
-1439
-1146
-751
-469
175
597
1023
1344
1838
2266
2526
2760
3096
3266
3377
3426
3544
3594
3384
3430
3214
3163
2779
2581
2363
2012
1771
1333
1040
574
206
-92
-445
-745
-1051
-1286
-1461
-1695
-1737
-1894
-1925
-1948
-1962
-1871
-2024
-1924
-2047
-1991
-2081
-2109
-2084
-2248
-2293
-2468
-2437
-2601
-2632
-2616
-2504
-2397
-2295
-1917
-1634
-1205
-893
-233
278
737
1157
1670
2136
2419
2672
3080
3299
3393
3510
3596
3766
3482
3636
3492
3464
3121
2860
2750
2348
2096
1661
1393
897
462
105
-214
-654
-999
-1294
-1459
-1734
-1882
-2002
-2111
-2115
-2164
-2018
-2138
-2061
-2137
-2054
-2107
-2167
-2139
-2241
-2267
-2445
-2435
-2580
-2691
-2653
-2622
-2402
-2431
-2045
-1801
-1336
-997
-437
204
621
1145
1601
2211
2486
2760
3077
3452
3547
3701
3771
3966
3779
3774
3814
3745
3561
3174
3098
2751
2448
2021
1712
1261
780
349
42
-418
-851
-1170
-1419
-1636
-1897
-2013
-2191
-2254
-2331
-2228
-2297
-2303
-2356
-2315
-2360
-2480
-2486
-2579
-2619
-2816
-2845
-2940
-3152
-3098
-3154
-2806
-2867
-2477
-2163
-1731
-1268
-837
-20
380
1014
1461
2162
2549
2849
3129
3589
3761
3955
4025
4247
4168
4051
4146
4023
3991
3538
3487
3149
2856
2381
1991
1571
1044
581
202
-232
-754
-1122
-1463
-1655
-1975
-2085
-2296
-2374
-2521
-2453
-2479
-2499
-2508
-2534
-2505
-2672
-2673
-2765
-2789
-2971
-3061
-3119
-3338
-3299
-3385
-3059
-3063
-2767
-2331
-1944
-1397
-1035
-161
307
952
1463
2154
2689
3009
3296
3780
4003
4204
4218
4466
4451
4281
4374
4168
4235
3707
3701
3349
3093
2583
2101
1729
1123
696
216
-167
-739
-1157
-1521
-1734
-2048
-2157
-2361
-2384
-2592
-2499
-2510
-2530
-2476
-2576
-2422
-2663
-2608
-2714
-2724
-2901
-3061
-3082
-3315
-3292
-3364
-3118
-3051
-2953
-2452
-2084
-1500
-1149
-348
261
790
1383
1997
2662
2988
3287
3788
4058
4278
4281
4484
4602
4369
4517
4252
4340
3858
3734
3473
3121
2722
2112
1801
1127
696
171
-245
-777
-1235
-1601
-1862
-2176
-2306
-2489
-2503
-2669
-2631
-2569
-2650
-2523
-2651
-2450
-2657
-2640
-2662
-2712
-2815
-3043
-3012
-3216
-3264
-3264
-3118
-2914
-2981
-2487
-2105
-1495
-1094
-435
328
781
1393
1938
2682
3029
3300
3784
4137
4335
4409
4510
4764
4511
4603
4425
4374
4068
3706
3583
3124
2807
2176
1828
1220
682
187
-295
-784
-1257
-1633
-1931
-2246
-2468
-2629
-2709
-2771
-2848
-2724
-2851
-2746
-2823
-2691
-2769
-2821
-2768
-2827
-2840
-3064
-3023
-3177
-3293
-3260
-3150
-2867
-2928
-2542
-2126
-1540
-1059
-506
311
812
1389
1925
2660
3108
3332
3772
4198
4400
4516
4558
4854
4687
4639
4560
4411
4238
3748
3622
3210
2868
2313
1861
1395
795
309
-206
-670
-1136
-1535
-1845
-2157
-2438
-2646
-2786
-2816
-2931
-2831
-2913
-2914
-2945
-2879
-2865
-2921
-2854
-2890
-2858
-3044
-3034
-3124
-3269
-3252
-3168
-2874
-2858
-2557
-2153
-1605
-1085
-561
224
794
1346
1896
2596
3137
3368
3735
4186
4403
4541
4551
4817
4726
4594
4523
4349
4231
3741
3556
3202
2820
2327
1823
1429
851
363
-177
-660
-1099
-1517
-1833
-2140
-2412
-2611
-2805
-2820
-2932
-2836
-2842
-2891
-2868
-2829
-2746
-2824
-2723
-2740
-2710
-2852
-2904
-2914
-3085
-3083
-3043
-2796
-2734
-2488
-2080
-1604
-1079
-596
156
725
1240
1784
2430
3009
3263
3571
4001
4216
4357
4381
4569
4530
4347
4300
4095
4004
3582
3368
3095
2669
2246
1741
1383
849
391
-133
-658
-1084
-1475
-1793
-2090
-2354
-2489
-2673
-2697
-2780
-2700
-2645
-2723
-2644
-2614
-2490
-2596
-2526
-2500
-2520
-2609
-2734
-2676
-2871
-2878
-2886
-2697
-2634
-2462
-2020
-1626
-1105
-731
19
565
1054
1565
2176
2771
3056
3336
3784
4009
4153
4217
4369
4416
4201
4206
3985
3922
3561
3333
3131
2702
2312
1805
1450
932
489
6
-551
-996
-1378
-1699
-2011
-2303
-2428
-2601
-2647
-2733
-2701
-2643
-2743
-2660
-2653
-2525
-2627
-2613
-2556
-2599
-2641
-2802
-2715
-2892
-2900
-2902
-2750
-2641
-2547
-2100
-1759
-1205
-918
-194
394
898
1415
2009
2643
2984
3248
3725
4014
4167
4252
4373
4538
4318
4362
4134
4090
3767
3496
3339
2943
2594
2064
1700
1184
731
300
-245
-703
-1096
-1435
-1755
-2100
-2255
-2449
-2548
-2653
-2685
-2656
-2793
-2739
-2767
-2666
-2760
-2791
-2730
-2780
-2824
-3021
-2974
-3128
-3183
-3159
-3042
-2847
-2825
-2398
-2115
-1534
-1209
-569
132
651
1252
1817
2508
2933
3234
3723
4107
4313
4415
4469
4693
4517
4554
4373
4261
3986
3595
3454
3037
2751
2224
1818
1323
817
430
-91
-521
-942
-1272
-1613
-1974
-2181
-2345
-2492
-2597
-2638
-2603
-2735
-2741
-2735
-2654
-2679
-2773
-2654
-2684
-2722
-2938
-2971
-3067
-3229
-3148
-3124
-2837
-2906
-2548
-2268
-1806
-1384
-901
-121
362
976
1496
2174
2656
2971
3444
3942
4196
4353
4356
4583
4528
4516
4486
4312
4125
3663
3527
3147
2841
2416
1966
1540
989
587
90
-331
-760
-1105
-1430
-1810
-2070
-2231
-2391
-2499
-2577
-2535
-2656
-2723
-2707
-2650
-2621
-2756
-2653
-2622
-2670
-2845
-2950
-2951
-3189
-3104
-3094
-2824
-2855
-2671
-2277
-1933
-1468
-1109
-325
172
722
1215
1861
2407
2727
3136
3699
4027
4212
4221
4398
4453
4420
4432
4303
4146
3742
3575
3279
2967
2551
2187
1737
1276
790
354
-73
-501
-861
-1182
-1519
-1836
-2021
-2203
-2314
-2467
-2478
-2591
-2695
-2709
-2682
-2654
-2796
-2793
-2757
-2798
-2941
-3074
-3029
-3252
-3281
-3259
-3087
-2990
-2996
-2528
-2252
-1743
-1464
-767
-145
330
917
1472
2186
2554
2947
3516
3952
4216
4308
4430
4623
4544
4627
4458
4386
4052
3841
3655
3273
2950
2508
2189
1648
1224
744
346
-96
-506
-821
-1170
-1486
-1733
-1947
-2095
-2301
-2442
-2534
-2710
-2732
-2798
-2760
-2899
-2988
-2976
-3036
-3103
-3281
-3222
-3349
-3517
-3473
-3465
-3221
-3329
-2936
-2630
-2213
-1809
-1367
-573
-136
526
1101
1834
2417
2756
3344
3877
4229
4474
4557
4870
4815
4836
4733
4601
4463
4102
4007
3590
3276
2807
2473
2005
1482
1043
532
131
-365
-704
-1081
-1430
-1690
-1956
-2120
-2319
-2533
-2613
-2782
-2836
-2926
-2905
-2940
-3064
-3037
-3066
-3081
-3230
-3258
-3231
-3439
-3403
-3465
-3262
-3259
-3140
-2724
-2466
-1939
-1649
-904
-344
212
854
1504
2214
2601
3061
3682
4074
4409
4506
4768
4905
4797
4787
4582
4564
4190
4028
3722
3392
2998
2583
2256
1730
1316
779
362
-84
-492
-863
-1239
-1505
-1802
-2014
-2173
-2365
-2484
-2604
-2712
-2768
-2815
-2809
-2903
-2944
-2917
-2982
-3089
-3227
-3256
-3376
-3497
-3459
-3499
-3318
-3408
-3065
-2762
-2357
-1929
-1466
-667
-214
465
1056
1780
2326
2704
3298
3788
4164
4385
4528
4801
4798
4779
4674
4584
4412
4088
3911
3556
3286
2817
2491
2077
1627
1183
680
312
-131
-532
-926
-1233
-1526
-1822
-2029
-2187
-2370
-2467
-2626
-2681
-2743
-2796
-2816
-2943
-2905
-2965
-3073
-3173
-3342
-3380
-3587
-3576
-3628
-3539
-3461
-3441
-3007
-2734
-2209
-1864
-1165
-502
38
715
1300
2025
2476
2955
3526
3960
4331
4492
4707
4936
4909
4923
4797
4746
4482
4215
3939
3654
3289
2816
2455
1987
1540
1024
579
189
-282
-709
-1088
-1384
-1705
-2016
-2211
-2423
-2563
-2718
-2829
-2880
-2972
-2985
-3077
-3116
-3109
-3171
-3216
-3343
-3421
-3465
-3611
-3561
-3574
-3371
-3363
-3150
-2754
-2383
-1897
-1524
-722
-186
436
978
1621
2278
2680
3204
3712
4164
4435
4564
4834
4944
4925
4880
4774
4674
4356
4078
3773
3489
3007
2582
2156
1688
1218
706
341
-117
-558
-968
-1293
-1569
-1912
-2134
-2344
-2525
-2674
-2816
-2878
-2953
-3003
-3054
-3108
-3147
-3132
-3157
-3186
-3287
-3272
-3347
-3433
-3341
-3310
-3064
-3091
-2711
-2394
-1965
-1577
-1087
-319
128
733
1217
1911
2420
2827
3334
3822
4187
4360
4491
4725
4693
4694
4566
4500
4287
3979
3705
3389
3081
2547
2229
1736
1358
861
460
114
-346
-706
-1070
-1313
-1592
-1866
-2005
-2184
-2346
-2446
-2572
-2581
-2675
-2684
-2744
-2792
-2830
-2826
-2845
-2920
-2998
-3005
-3156
-3197
-3186
-3120
-2962
-2987
-2584
-2386
-1946
-1657
-1072
-440
-14
544
1058
1741
2167
2609
3101
3569
3865
4024
4172
4373
4304
4340
4213
4206
3961
3740
3512
3248
2947
2495
2244
1782
1478
994
682
331
-88
-424
-758
-1017
-1309
-1578
-1705
-1918
-2082
-2199
-2341
-2361
-2494
-2480
-2595
-2627
-2692
-2700
-2767
-2868
-2946
-3020
-3186
-3241
-3259
-3206
-3106
-3111
-2750
-2586
-2143
-1874
-1250
-706
-247
306
873
1564
2002
2489
2972
3443
3747
3935
4127
4297
4286
4308
4216
4215
3967
3809
3576
3373
3080
2722
2446
2039
1746
1287
1004
644
255
-86
-433
-731
-1045
-1337
-1517
-1778
-1968
-2156
-2307
-2407
-2551
-2598
-2746
-2778
-2889
-2933
-3058
-3143
-3240
-3357
-3472
-3544
-3521
-3495
-3370
-3323
-2990
-2770
-2343
-1995
-1402
-862
-387
154
732
1417
1890
2374
2837
3329
3651
3904
4123
4323
4401
4394
4382
4344
4154
3971
3742
3588
3304
2980
2644
2282
1969
1532
1230
854
476
104
-282
-595
-942
-1255
-1512
-1798
-2017
-2261
-2433
-2594
-2724
-2840
-2988
-3040
-3163
-3226
-3370
-3417
-3514
-3582
-3652
-3712
-3614
-3575
-3347
-3263
-2892
-2608
-2184
-1750
-1214
-602
-153
383
921
1589
2071
2506
2956
3435
3770
4011
4204
4411
4499
4467
4451
4381
4207
3959
3737
3590
3315
2974
2610
2291
1968
1564
1216
851
486
85
-293
-624
-945
-1272
-1546
-1817
-2040
-2284
-2463
-2607
-2730
-2863
-3026
-3099
-3211
-3272
-3393
-3466
-3505
-3580
-3573
-3666
-3519
-3442
-3199
-3036
-2746
-2388
-2029
-1557
-1087
-467
8
502
994
1607
2094
2533
2935
3407
3730
3948
4088
4279
4342
4340
4268
4228
4068
3807
3631
3431
3262
2867
2573
2261
1960
1601
1208
888
513
122
-233
-574
-879
-1210
-1502
-1712
-1984
-2175
-2399
-2516
-2666
-2827
-2980
-3133
-3222
-3328
-3402
-3540
-3569
-3663
-3620
-3693
-3580
-3449
-3271
-3045
-2875
-2457
-2158
-1709
-1303
-749
-219
203
674
1195
1726
2183
2564
3020
3365
3601
3769
3919
4078
4050
4067
3989
3974
3743
3608
3411
3276
2990
2685
2444
2125
1854
1441
1143
758
403
43
-283
-618
-938
-1259
-1479
-1756
-1985
-2198
-2391
-2541
-2773
-2915
-3119
-3236
-3374
-3452
-3555
-3655
-3683
-3695
-3585
-3573
-3355
-3241
-2955
-2736
-2438
-2005
-1710
-1198
-849
-268
155
577
1060
1524
2077
2472
2859
3267
3542
3837
3963
4136
4241
4215
4259
4142
4153
3923
3789
3582
3400
3163
2841
2595
2259
1962
1551
1183
798
409
46
-315
-647
-982
-1333
-1585
-1879
-2102
-2367
-2609
-2818
-3086
-3267
-3492
-3630
-3778
-3891
-3942
-4022
-3977
-3949
-3777
-3687
-3476
-3278
-2978
-2696
-2411
-2002
-1646
-1178
-822
-313
114
540
980
1461
1958
2333
2684
3093
3427
3696
3819
4002
4130
4129
4123
4047
4053
3846
3716
3538
3380
3127
2819
2602
2300
1965
1561
1184
832
418
57
-284
-622
-942
-1293
-1522
-1838
-2079
-2341
-2575
-2785
-3066
-3229
-3458
-3592
-3738
-3803
-3826
-3878
-3790
-3710
-3495
-3385
-3172
-2913
-2635
-2317
-2098
-1692
-1394
-992
-656
-240
202
526
941
1332
1803
2137
2447
2818
3159
3419
3561
3731
3890
3919
3910
3872
3888
3752
3637
3491
3373
3154
2870
2680
2402
2126
1717
1381
1025
634
275
-98
-429
-784
-1127
-1408
-1750
-2038
-2334
-2584
-2822
-3096
-3298
-3539
-3691
-3836
-3912
-3950
-3992
-3917
-3822
-3632
-3463
-3296
-3011
-2799
-2405
-2226
-1855
-1590
-1234
-871
-577
-94
197
618
945
1411
1843
2161
2519
2892
3231
3472
3611
3842
3974
3989
4022
3991
4037
3849
3749
3639
3453
3249
2918
2773
2445
2127
1734
1380
1044
608
239
-131
-491
-861
-1236
-1548
-1899
-2245
-2532
-2811
-3036
-3328
-3531
-3717
-3830
-3914
-3969
-3931
-3914
-3761
-3645
-3397
-3241
-3037
-2790
-2531
-2199
-2049
-1713
-1479
-1129
-856
-530
-114
179
547
921
1404
1836
2161
2576
2958
3298
3532
3723
3994
4066
4178
4179
4246
4163
4021
3906
3753
3563
3271
3026
2740
2430
2050
1697
1307
922
475
96
-315
-708
-1138
-1523
-1903
-2305
-2632
-2976
-3218
-3535
-3757
-3967
-4083
-4155
-4177
-4113
-4029
-3892
-3678
-3480
-3196
-3047
-2782
-2544
-2264
-1995
-1858
-1517
-1330
-947
-730
-346
38
338
754
1154
1705
2125
2498
2939
3345
3681
3904
4130
4383
4436
4528
4482
4498
4316
4120
3957
3759
3526
3175
2932
2588
2273
1854
1511
1128
695
247
-181
-568
-1042
-1525
-1929
-2322
-2723
-3067
-3412
-3638
-3938
-4130
-4271
-4316
-4307
-4263
-4081
-3943
-3704
-3468
-3223
-2916
-2762
-2483
-2265
-2004
-1808
-1675
-1357
-1198
-825
-622
-226
158
436
900
1305
1886
2285
2668
3110
3506
3833
4011
4251
4433
4439
4452
4333
4285
4033
3814
3623
3404
3159
2793
2588
2227
1956
1549
1202
826
385
-21
-496
-899
-1415
-1888
-2294
-2688
-3040
-3350
-3682
-3867
-4074
-4156
-4218
-4188
-4083
-3953
-3714
-3566
-3269
-3022
-2779
-2481
-2336
-2076
-1923
-1691
-1521
-1409
-1104
-992
-616
-442
-65
314
575
1047
1428
2005
2394
2760
3194
3566
3880
4008
4198
4343
4276
4258
4093
4036
3792
3544
3389
3152
2960
2592
2439
2117
1830
1471
1089
768
294
-92
-587
-1012
-1517
-1973
-2329
-2714
-3059
-3348
-3617
-3730
-3880
-3910
-3904
-3840
-3704
-3583
-3335
-3177
-2925
-2698
-2486
-2214
-2109
-1925
-1774
-1559
-1361
-1310
-1005
-871
-535
-353
-43
362
619
1052
1437
1979
2376
2696
3121
3495
3781
3889
3997
4176
4081
4064
3886
3821
3621
3352
3223
2978
2838
2471
2311
2020
1704
1378
967
679
196
-192
-678
-1126
-1548
-1999
-2310
-2687
-3019
-3254
-3491
-3539
-3676
-3670
-3661
-3610
-3481
-3390
-3162
-3053
-2866
-2673
-2488
-2265
-2177
-2026
-1861
-1691
-1452
-1416
-1119
-986
-691
-486
-222
180
436
856
1209
1725
2113
2443
2845
3221
3524
3672
3770
3959
3905
3882
3723
3633
3471
3200
3066
2822
2690
2338
2146
1866
1569
1262
870
604
160
-202
-634
-1036
-1388
-1788
-2084
-2387
-2691
-2878
-3087
-3116
-3229
-3257
-3256
-3244
-3114
-3071
-2881
-2802
-2654
-2482
-2314
-2099
-1992
-1874
-1705
-1572
-1306
-1268
-1065
-922
-720
-462
-315
105
338
730
1056
1504
1953
2247
2626
2995
3347
3539
3611
3777
3798
3739
3630
3504
3420
3135
2985
2791
2655
2372
2098
1885
1583
1304
924
670
291
-88
-459
-818
-1151
-1523
-1842
-2087
-2371
-2590
-2776
-2892
-2986
-3134
-3129
-3182
-3104
-3091
-2983
-2852
-2754
-2564
-2404
-2194
-2029
-1940
-1755
-1633
-1407
-1293
-1234
-1018
-941
-612
-519
-137
161
471
858
1200
1718
2018
2347
2713
3039
3278
3312
3406
3497
3417
3347
3176
3123
2898
2703
2572
2445
2270
1992
1812
1589
1350
1055
786
527
194
-120
-477
-790
-1117
-1419
-1666
-1933
-2167
-2376
-2554
-2675
-2809
-2857
-2917
-2923
-2853
-2776
-2630
-2538
-2350
-2161
-1995
-1812
-1712
-1568
-1453
-1326
-1155
-1191
-1003
-957
-689
-535
-313
50
255
667
966
1460
1808
2061
2428
2717
2975
3020
3062
3207
3149
3096
2922
2857
2712
2471
2398
2268
2183
1918
1772
1647
1434
1208
919
751
459
147
-207
-538
-843
-1178
-1445
-1715
-1977
-2210
-2429
-2541
-2670
-2758
-2820
-2850
-2764
-2700
-2567
-2479
-2338
-2186
-2047
-1909
-1791
-1734
-1593
-1552
-1354
-1422
-1288
-1186
-1006
-771
-672
-264
-107
292
584
1066
1481
1706
2069
2378
2676
2778
2825
2989
3035
2973
2857
2787
2747
2532
2449
2380
2346
2187
2028
2015
1840
1672
1375
1202
977
640
311
-45
-344
-714
-1033
-1291
-1571
-1790
-2030
-2159
-2285
-2431
-2497
-2575
-2517
-2499
-2421
-2343
-2295
-2199
-2132
-2057
-1948
-1975
-1825
-1838
-1658
-1699
-1659
-1486
-1395
-1085
-1048
-641
-437
-112
227
625
1137
1379
1708
2048
2341
2547
2578
2730
2849
2803
2738
2646
2688
2530
2455
2392
2419
2352
2217
2236
2088
1968
1671
1450
1223
881
550
159
-147
-547
-894
-1154
-1428
-1633
-1866
-2003
-2128
-2286
-2354
-2464
-2426
-2433
-2397
-2319
-2309
-2240
-2205
-2168
-2077
-2126
-2033
-2014
-1912
-1866
-1938
-1731
-1689
-1358
-1282
-962
-620
-385
24
353
915
1247
1542
1923
2219
2504
2581
2688
2905
2888
2883
2792
2855
2801
2701
2681
2692
2710
2566
2561
2438
2286
2008
1705
1452
1092
705
289
-65
-435
-821
-1106
-1343
-1586
-1769
-1975
-2047
-2205
-2280
-2409
-2444
-2412
-2448
-2370
-2385
-2335
-2285
-2273
-2192
-2220
-2206
-2136
-2120
-1983
-2123
-1925
-1892
-1624
-1462
-1280
-851
-671
-247
56
581
986
1270
1664
2003
2318
2463
2538
2814
2874
2894
2863
2898
2962
2849
2854
2875
2924
2817
2747
2693
2518
2292
1965
1702
1387
992
576
208
-112
-476
-809
-1031
-1299
-1474
-1723
-1836
-1960
-2101
-2231
-2397
-2376
-2463
-2448
-2493
-2522
-2456
-2481
-2445
-2468
-2518
-2452
-2483
-2319
-2432
-2277
-2222
-2020
-1771
-1646
-1204
-1008
-562
-235
255
715
1021
1434
1838
2217
2418
2534
2801
2961
2996
3042
3082
3196
3114
3101
3175
3201
3131
3012
3001
2833
2615
2308
2034
1735
1341
923
551
209
-176
-526
-786
-1069
-1326
-1552
-1747
-1878
-2094
-2229
-2420
-2507
-2618
-2669
-2711
-2830
-2800
-2832
-2837
-2884
-3008
-2936
-2969
-2803
-2874
-2764
-2646
-2482
-2147
-2008
-1541
-1280
-822
-419
82
612
956
1388
1871
2316
2598
2752
3026
3267
3332
3436
3466
3655
3573
3573
3644
3671
3619
3437
3445
3261
3058
2701
2414
2109
1689
1235
805
427
-6
-411
-697
-1020
-1340
-1586
-1832
-1973
-2245
-2394
-2586
-2711
-2849
-2948
-3009
-3160
-3161
-3205
-3227
-3280
-3459
-3374
-3381
-3184
-3198
-3142
-2938
-2804
-2364
-2222
-1704
-1383
-958
-486
0
616
954
1398
1918
2395
2737
2895
3189
3466
3560
3670
3677
3899
3796
3789
3820
3830
3764
3521
3507
3336
3140
2756
2454
2178
1750
1294
826
456
18
-429
-714
-1051
-1374
-1661
-1912
-2039
-2319
-2488
-2684
-2779
-2906
-3026
-3108
-3246
-3257
-3302
-3350
-3397
-3587
-3514
-3507
-3304
-3255
-3223
-2962
-2843
-2329
-2169
-1634
-1249
-864
-339
119
782
1115
1555
2072
2538
2916
3093
3385
3690
3803
3900
3911
4108
4026
3989
4012
3973
3908
3620
3568
3417
3199
2838
2478
2244
1796
1370
892
508
79
-404
-702
-1046
-1378
-1710
-1988
-2116
-2418
-2626
-2850
-2980
-3087
-3270
-3363
-3522
-3571
-3597
-3675
-3692
-3863
-3821
-3805
-3656
-3525
-3510
-3193
-3086
-2570
-2351
-1855
-1366
-997
-416
53
737
1140
1560
2092
2564
2978
3214
3484
3853
3965
4066
4076
4259
4237
4175
4226
4163
4141
3848
3769
3613
3367
3029
2606
2383
1913
1474
998
571
149
-347
-662
-993
-1342
-1670
-1966
-2080
-2388
-2636
-2860
-3064
-3173
-3424
-3529
-3701
-3815
-3796
-3889
-3849
-3999
-3971
-3928
-3839
-3611
-3640
-3249
-3147
-2644
-2360
-1922
-1323
-964
-324
152
851
1341
1711
2272
2769
3226
3508
3734
4177
4270
4407
4379
4575
4592
4479
4538
4456
4458
4122
3995
3775
3486
3104
2615
2337
1838
1308
801
327
-102
-619
-965
-1289
-1659
-1964
-2275
-2372
-2674
-2942
-3169
-3393
-3518
-3791
-3899
-4056
-4192
-4157
-4231
-4140
-4262
-4201
-4113
-4008
-3688
-3710
-3244
-3108
-2580
-2240
-1809
-1161
-809
-132
338
1032
1558
1901
2491
3005
3487
3797
3996
4474
4559
4749
4710
4888
4918
4745
4779
4659
4635
4241
4048
3773
3437
3020
2503
2176
1672
1106
581
104
-308
-823
-1169
-1472
-1836
-2124
-2459
-2539
-2832
-3094
-3331
-3537
-3652
-3929
-4014
-4135
-4251
-4247
-4317
-4187
-4276
-4180
-4067
-3893
-3542
-3533
-3035
-2865
-2321
-1987
-1531
-916
-593
53
504
1171
1667
2003
2623
3119
3572
3861
4066
4541
4611
4817
4812
4958
4946
4755
4765
4636
4534
4133
3915
3633
3245
2816
2330
1986
1472
934
452
-14
-418
-920
-1225
-1497
-1868
-2154
-2494
-2611
-2893
-3172
-3397
-3624
-3780
-4049
-4145
-4235
-4358
-4362
-4441
-4302
-4371
-4263
-4127
-3879
-3557
-3498
-3015
-2797
-2234
-1929
-1404
-839
-480
117
587
1260
1741
2113
2775
3252
3690
3946
4186
4661
4723
4929
4927
5062
4990
4815
4778
4644
4465
4069
3856
3560
3154
2703
2247
1890
1379
896
456
9
-371
-858
-1102
-1355
-1691
-1952
-2286
-2412
-2698
-2963
-3177
-3440
-3623
-3889
-4012
-4119
-4250
-4245
-4333
-4202
-4315
-4181
-4067
-3770
-3550
-3443
-2999
-2760
-2205
-1945
-1343
-844
-437
131
640
1327
1786
2193
2899
3346
3797
4013
4323
4747
4803
4991
4960
5086
4920
4742
4632
4484
4196
3799
3565
3227
2804
2299
1853
1461
950
478
39
-379
-776
-1247
-1440
-1711
-1985
-2250
-2540
-2630
-2935
-3145
-3358
-3600
-3764
-4020
-4108
-4240
-4325
-4314
-4345
-4189
-4315
-4110
-3997
-3625
-3489
-3289
-2859
-2573
-2040
-1789
-1115
-677
-216
324
886
1577
2002
2437
3137
3579
4036
4225
4595
4931
5011
5157
5095
5197
4937
4753
4575
4408
4031
3632
3359
3003
2582
2056
1630
1239
739
275
-144
-520
-931
-1363
-1528
-1812
-2024
-2328
-2557
-2619
-2927
-3085
-3313
-3492
-3639
-3880
-3935
-4072
-4110
-4146
-4125
-3972
-4051
-3825
-3702
-3290
-3208
-2919
-2537
-2193
-1725
-1468
-773
-408
85
557
1173
1806
2175
2626
3261
3705
4099
4281
4679
4930
5015
5119
5053
5121
4797
4638
4436
4224
3807
3409
3120
2755
2327
1832
1447
1053
569
134
-246
-609
-1006
-1386
-1551
-1829
-2028
-2347
-2525
-2603
-2909
-3061
-3308
-3455
-3636
-3875
-3948
-4100
-4140
-4250
-4195
-4098
-4111
-3927
-3779
-3359
-3319
-2917
-2601
-2180
-1789
-1451
-750
-433
112
548
1230
1771
2103
2640
3193
3641
3956
4158
4592
4737
4835
4905
4880
4895
4542
4445
4230
3976
3544
3173
2912
2506
2068
1615
1293
866
416
38
-312
-650
-1019
-1276
-1415
-1668
-1861
-2115
-2226
-2348
-2647
-2801
-3045
-3207
-3439
-3668
-3777
-3965
-4000
-4133
-4058
-4050
-4011
-3869
-3690
-3315
-3301
-2817
-2579
-2111
-1789
-1332
-683
-371
197
645
1349
1811
2146
2760
3256
3700
3991
4197
4669
4720
4868
4876
4919
4863
4519
4423
4199
3938
3461
3127
2856
2437
1970
1503
1201
755
296
-70
-441
-722
-1117
-1287
-1408
-1645
-1818
-2056
-2100
-2281
-2564
-2736
-2985
-3148
-3429
-3636
-3769
-3963
-3968
-4100
-4001
-4055
-3953
-3813
-3623
-3276
-3251
-2737
-2544
-2061
-1766
-1267
-691
-370
173
621
1276
1710
2056
2661
3124
3545
3862
4055
4545
4551
4764
4716
4801
4726
4388
4294
4043
3836
3324
3028
2730
2330
1884
1397
1097
672
212
-140
-507
-721
-1095
-1242
-1322
-1541
-1643
-1900
-1880
-2080
-2325
-2510
-2777
-2902
-3235
-3423
-3600
-3784
-3822
-4002
-3904
-3994
-3887
-3752
-3597
-3240
-3241
-2737
-2552
-2087
-1794
-1358
-768
-477
60
500
1120
1601
1946
2529
3005
3444
3798
4023
4531
4575
4821
4784
4883
4844
4520
4432
4168
3987
3485
3184
2857
2441
2036
1512
1171
744
274
-73
-444
-659
-1011
-1181
-1278
-1516
-1595
-1855
-1888
-2113
-2358
-2555
-2847
-3003
-3340
-3544
-3726
-3948
-4000
-4182
-4096
-4175
-4080
-3898
-3769
-3389
-3393
-2848
-2661
-2193
-1872
-1455
-812
-553
20
481
1084
1597
1936
2513
3012
3452
3821
4077
4598
4659
4896
4875
4972
4941
4617
4515
4252
4060
3565
3237
2909
2486
2065
1531
1167
764
290
-38
-370
-567
-913
-1083
-1184
-1409
-1491
-1751
-1827
-2063
-2303
-2522
-2800
-2990
-3300
-3518
-3674
-3895
-3962
-4109
-4046
-4085
-4000
-3819
-3706
-3339
-3338
-2797
-2638
-2174
-1861
-1458
-814
-590
-12
426
1003
1502
1839
2405
2896
3331
3715
3958
4481
4540
4751
4729
4799
4770
4439
4320
4038
3834
3353
3000
2663
2257
1806
1296
930
566
141
-164
-472
-642
-952
-1126
-1199
-1406
-1476
-1742
-1817
-2042
-2256
-2461
-2738
-2910
-3194
-3394
-3550
-3751
-3831
-3959
-3920
-3933
-3883
-3717
-3645
-3279
-3272
-2794
-2633
-2206
-1848
-1515
-859
-638
-68
362
933
1480
1838
2412
2915
3371
3797
4043
4550
4655
4835
4868
4915
4909
4585
4448
4181
3946
3486
3111
2769
2360
1898
1409
1063
714
297
-31
-350
-534
-833
-1040
-1119
-1313
-1407
-1669
-1755
-1945
-2158
-2344
-2639
-2794
-3053
-3261
-3419
-3635
-3721
-3845
-3857
-3855
-3872
-3672
-3652
-3320
-3320
-2943
-2710
-2377
-1965
-1708
-1040
-801
-288
167
753
1358
1713
2250
2811
3286
3717
3932
4421
4640
4765
4852
4850
4926
4610
4445
4202
3991
3583
3149
2850
2442
2034
1545
1178
845
415
66
-285
-486
-743
-1018
-1099
-1294
-1392
-1645
-1776
-1908
-2161
-2361
-2698
-2860
-3107
-3405
-3573
-3784
-3895
-4037
-4121
-4073
-4147
-3952
-3961
-3635
-3576
-3328
-3003
-2742
-2242
-2052
-1397
-1091
-624
-140
407
1090
1494
1985
2593
3094
3595
3795
4235
4605
4692
4847
4758
4923
4662
4498
4297
4096
3807
3303
3047
2679
2287
1823
1414
1098
670
319
-9
-259
-450
-764
-845
-1018
-1120
-1307
-1501
-1584
-1860
-2050
-2398
-2620
-2839
-3174
-3374
-3587
-3697
-3834
-3960
-3926
-4030
-3862
-3855
-3592
-3413
-3308
-2903
-2746
-2209
-2005
-1479
-1057
-731
-155
279
981
1455
1896
2527
3024
3589
3866
4199
4662
4752
4924
4837
4942
4827
4580
4457
4208
3992
3505
3153
2868
2450
1990
1523
1202
791
384
54
-240
-447
-780
-942
-1066
-1219
-1353
-1636
-1702
-1957
-2196
-2493
-2830
-3009
-3367
-3589
-3824
-3965
-4044
-4203
-4185
-4265
-4210
-4076
-3974
-3611
-3618
-3218
-3019
-2625
-2225
-1934
-1315
-1078
-469
2
618
1250
1659
2292
2852
3404
3862
4091
4604
4778
4948
4949
4954
5003
4721
4625
4368
4186
3773
3357
3067
2685
2249
1738
1377
1028
587
246
-87
-282
-593
-845
-912
-1107
-1174
-1492
-1600
-1778
-2086
-2341
-2729
-2923
-3253
-3548
-3748
-3959
-4007
-4161
-4213
-4176
-4285
-4089
-4089
-3722
-3651
-3485
-3111
-2947
-2411
-2251
-1649
-1240
-800
-193
296
1047
1535
2047
2729
3246
3839
4072
4471
4884
4966
5143
5009
5190
4978
4803
4642
4407
4182
3669
3361
2994
2601
2125
1631
1327
925
516
178
-109
-283
-639
-741
-917
-1037
-1248
-1525
-1617
-1958
-2223
-2624
-2919
-3169
-3541
-3760
-4005
-4120
-4195
-4363
-4275
-4387
-4294
-4224
-4082
-3763
-3830
-3380
-3274
-2816
-2507
-2165
-1508
-1199
-538
-70
611
1284
1703
2371
2938
3527
3963
4153
4721
4866
5077
5043
5061
5166
4839
4798
4521
4407
3997
3549
3276
2843
2489
1915
1549
1218
766
405
38
-128
-430
-697
-822
-1037
-1147
-1478
-1598
-1843
-2168
-2462
-2873
-3074
-3426
-3690
-3901
-4120
-4167
-4287
-4326
-4276
-4396
-4155
-4197
-3846
-3785
-3611
-3220
-3127
-2533
-2408
-1753
-1335
-872
-215
267
1060
1531
2091
2767
3302
3923
4162
4587
4992
5103
5306
5182
5367
5196
5025
4856
4645
4424
3905
3571
3201
2799
2305
1768
1468
1036
603
198
-83
-287
-682
-845
-1086
-1215
-1486
-1743
-1873
-2205
-2482
-2876
-3167
-3423
-3752
-3949
-4175
-4307
-4372
-4469
-4419
-4467
-4416
-4260
-4192
-3850
-3870
-3502
-3310
-2970
-2544
-2300
-1610
-1291
-649
-116
528
1223
1652
2320
2948
3542
4023
4270
4796
5040
5227
5313
5302
5429
5180
5072
4836
4657
4287
3792
3497
3082
2662
2085
1655
1343
858
467
47
-132
-444
-755
-913
-1161
-1289
-1632
-1807
-2026
-2315
-2612
-3003
-3210
-3489
-3731
-3945
-4130
-4224
-4292
-4393
-4312
-4392
-4258
-4237
-4031
-3796
-3806
-3403
-3304
-2749
-2554
-2077
-1516
-1117
-456
7
743
1312
1795
2479
3078
3646
4041
4327
4916
5030
5323
5300
5422
5456
5206
5156
4866
4725
4222
3856
3527
3118
2634
2074
1720
1324
851
439
63
-144
-511
-774
-983
-1251
-1436
-1811
-1966
-2238
-2516
-2851
-3194
-3342
-3643
-3860
-4081
-4243
-4283
-4421
-4434
-4398
-4467
-4313
-4327
-3951
-3915
-3750
-3414
-3171
-2603
-2481
-1795
-1368
-848
-287
206
1020
1470
2043
2691
3269
3853
4112
4602
5061
5216
5465
5419
5660
5528
5376
5241
5019
4779
4257
3942
3575
3141
2593
2085
1728
1260
791
362
23
-256
-660
-915
-1182
-1431
-1721
-2062
-2224
-2530
-2823
-3175
-3412
-3590
-3897
-4105
-4293
-4402
-4438
-4581
-4514
-4587
-4563
-4428
-4362
-3973
-4073
-3661
-3448
-2994
-2595
-2327
-1580
-1266
-627
-173
534
1269
1681
2352
2964
3578
4100
4338
4988
5247
5503
5608
5661
5865
5586
5511
5261
5086
4677
4170
3858
3436
2956
2362
1893
1552
1005
590
136
-150
-500
-919
-1119
-1431
-1641
-2043
-2294
-2480
-2829
-3094
-3436
-3603
-3832
-4104
-4252
-4413
-4449
-4512
-4625
-4514
-4660
-4473
-4462
-4227
-3961
-4010
-3463
-3358
-2726
-2532
-2019
-1413
-1057
-366
86
924
1510
1995
2698
3270
3914
4322
4640
5271
5412
5740
5687
5857
5881
5617
5524
5212
5034
4506
4081
3720
3268
2762
2151
1752
1351
812
417
-31
-272
-688
-1020
-1238
-1537
-1753
-2217
-2349
-2648
-2943
-3235
-3566
-3713
-3976
-4182
-4361
-4482
-4499
-4616
-4671
-4590
-4699
-4499
-4558
-4177
-4071
-3973
-3493
-3364
-2706
-2613
-1963
-1483
-996
-318
183
1053
1611
2179
2888
3478
4148
4491
4895
5463
5615
5952
5824
6053
5977
5790
5643
5367
5159
4619
4216
3833
3371
2836
2223
1815
1371
814
401
-64
-319
-769
-1093
-1355
-1653
-1930
-2373
-2508
-2839
-3112
-3450
-3762
-3888
-4135
-4334
-4507
-4559
-4564
-4675
-4663
-4557
-4636
-4447
-4458
-4039
-4001
-3844
-3422
-3243
-2623
-2575
-1882
-1441
-905
-268
255
1141
1688
2264
2997
3610
4279
4576
5010
5558
5709
5997
5862
6132
6004
5837
5682
5450
5227
4639
4251
3840
3386
2799
2164
1763
1252
708
252
-194
-463
-944
-1226
-1510
-1788
-2098
-2526
-2651
-3041
-3314
-3735
-4009
-4142
-4423
-4581
-4741
-4734
-4715
-4781
-4681
-4590
-4645
-4413
-4399
-3948
-3992
-3746
-3375
-3129
-2532
-2483
-1725
-1300
-710
-79
486
1390
1906
2513
3270
3873
4565
4788
5266
5771
5914
6176
6022
6337
6154
6021
5852
5625
5411
4757
4374
3914
3445
2803
2109
1705
1129
579
74
-371
-656
-1161
-1410
-1739
-2002
-2349
-2774
-2915
-3358
-3641
-4111
-4344
-4503
-4790
-4882
-5031
-4968
-4932
-4933
-4794
-4713
-4707
-4472
-4404
-3993
-4040
-3744
-3388
-3102
-2526
-2429
-1633
-1208
-548
80
708
1590
2096
2750
3468
4101
4715
4940
5396
5868
5999
6204
6068
6337
6160
6021
5839
5612
5385
4736
4334
3875
3393
2726
2026
1603
1033
474
-56
-501
-787
-1297
-1568
-1914
-2160
-2504
-2901
-3049
-3443
-3679
-4103
-4281
-4395
-4632
-4696
-4808
-4737
-4670
-4675
-4557
-4466
-4423
-4249
-4176
-3837
-3813
-3591
-3253
-2994
-2461
-2323
-1636
-1149
-529
111
713
1576
2149
2779
3483
4142
4746
5031
5422
5926
6060
6266
6166
6327
6241
6050
5906
5648
5408
4819
4363
3936
3437
2795
2112
1665
1121
558
3
-469
-794
-1320
-1660
-2020
-2321
-2657
-3071
-3234
-3591
-3817
-4153
-4375
-4416
-4649
-4693
-4795
-4739
-4674
-4671
-4587
-4479
-4439
-4329
-4239
-3992
-3809
-3797
-3369
-3222
-2685
-2498
-1980
-1336
-894
-135
353
1256
1911
2489
3221
3882
4569
4942
5262
5837
6043
6275
6257
6284
6390
6116
6039
5742
5520
5006
4462
4081
3556
2999
2268
1798
1285
707
127
-401
-748
-1265
-1680
-2013
-2374
-2665
-3107
-3285
-3593
-3865
-4108
-4408
-4415
-4633
-4662
-4735
-4723
-4619
-4609
-4474
-4407
-4324
-4271
-4095
-3952
-3646
-3701
-3316
-3091
-2686
-2296
-1987
-1191
-812
-87
469
1237
2009
2553
3215
3938
4552
5109
5326
5874
6244
6387
6525
6383
6584
6346
6189
5912
5648
5212
4611
4156
3673
3109
2373
1791
1280
711
48
-513
-942
-1369
-1893
-2207
-2559
-2823
-3220
-3492
-3662
-3998
-4177
-4512
-4540
-4675
-4795
-4797
-4851
-4708
-4692
-4579
-4465
-4376
-4328
-4148
-4028
-3733
-3692
-3511
-3120
-2882
-2324
-2145
-1390
-853
-267
414
1033
1898
2497
3103
3813
4449
5039
5378
5706
6261
6389
6560
6452
6497
6498
6207
5998
5660
5342
4775
4232
3758
3211
2509
1834
1262
721
57
-567
-1058
-1469
-1941
-2356
-2647
-2934
-3212
-3564
-3704
-3955
-4148
-4396
-4532
-4546
-4698
-4719
-4738
-4645
-4523
-4469
-4323
-4207
-4125
-4038
-3868
-3735
-3494
-3525
-3144
-2900
-2483
-2121
-1782
-962
-541
224
768
1556
2338
2890
3563
4225
4828
5323
5553
6017
6396
6449
6557
6398
6582
6349
6110
5849
5533
5198
4566
4102
3565
2965
2257
1605
1070
479
-163
-735
-1202
-1625
-2111
-2448
-2769
-3051
-3399
-3695
-3847
-4094
-4261
-4519
-4552
-4624
-4742
-4726
-4732
-4558
-4489
-4387
-4257
-4141
-4115
-3995
-3869
-3668
-3525
-3481
-3046
-2837
-2321
-2101
-1489
-797
-303
454
1015
1888
2570
3113
3817
4448
5023
5412
5649
6182
6381
6473
6463
6443
6534
6199
5962
5692
5391
4951
4314
3866
3296
2636
1934
1309
800
182
-435
-985
-1409
-1885
-2331
-2640
-2945
-3248
-3627
-3851
-4017
-4228
-4410
-4624
-4604
-4717
-4773
-4751
-4755
-4553
-4535
-4400
-4314
-4214
-4213
-4060
-3930
-3661
-3563
-3394
-2937
-2666
-2067
-1842
-1037
-440
157
898
1514
2409
3033
3588
4310
4899
5472
5785
6081
6578
6678
6785
6691
6756
6694
6323
6030
5729
5349
4812
4157
3671
3035
2285
1576
919
373
-299
-932
-1447
-1858
-2357
-2744
-3021
-3251
-3558
-3873
-4009
-4168
-4323
-4505
-4614
-4592
-4713
-4700
-4695
-4657
-4476
-4484
-4318
-4279
-4149
-4149
-3979
-3808
-3548
-3409
-3194
-2728
-2405
-1809
-1526
-724
-168
432
1107
1718
2562
3135
3667
4335
4882
5431
5730
6049
6484
6555
6675
6585
6667
6540
6159
5873
5535
5126
4557
3897
3397
2730
1970
1265
600
26
-675
-1290
-1758
-2173
-2646
-2998
-3216
-3395
-3666
-3895
-3963
-4083
-4193
-4340
-4381
-4370
-4481
-4454
-4465
-4401
-4278
-4290
-4126
-4086
-3935
-3908
-3759
-3517
-3314
-3078
-2927
-2429
-2101
-1558
-1216
-572
52
534
1162
1712
2493
3058
3518
4123
4673
5206
5551
5819
6270
6376
6532
6487
6535
6487
6103
5873
5508
5146
4575
3912
3429
2772
2049
1326
671
102
-623
-1208
-1689
-2109
-2544
-2929
-3100
-3302
-3503
-3715
-3777
-3857
-3980
-4105
-4182
-4194
-4310
-4367
-4393
-4387
-4336
-4361
-4254
-4170
-4070
-3974
-3891
-3589
-3433
-3142
-3038
-2567
-2213
-1755
-1331
-837
-115
305
938
1489
2235
2865
3321
3898
4499
5025
5452
5687
6145
6350
6504
6533
6509
6563
6204
5962
5597
5235
4683
3979
3452
2806
2081
1319
623
56
-673
-1286
-1804
-2229
-2615
-3042
-3208
-3404
-3557
-3754
-3849
-3868
-4003
-4108
-4214
-4218
-4283
-4403
-4408
-4420
-4380
-4379
-4313
-4156
-4075
-3894
-3824
-3503
-3290
-3012
-2836
-2474
-2019
-1649
-1147
-713
23
526
1111
1724
2411
3114
3609
4149
4774
5293
5743
6012
6354
6679
6756
6842
6728
6754
6476
6096
5752
5295
4784
4014
3369
2727
1969
1183
397
-220
-896
-1585
-2122
-2593
-2937
-3344
-3590
-3725
-3880
-4009
-4155
-4151
-4223
-4307
-4400
-4417
-4393
-4477
-4494
-4476
-4415
-4343
-4301
-4131
-3996
-3774
-3656
-3410
-3082
-2834
-2566
-2345
-1837
-1471
-999
-579
47
676
1178
1770
2397
3107
3654
4120
4680
5240
5658
5996
6186
6590
6681
6751
6634
6555
6427
5960
5598
5125
4659
3928
3167
2525
1836
1030
243
-462
-1017
-1716
-2280
-2715
-3043
-3339
-3677
-3745
-3855
-3918
-4075
-4097
-4081
-4130
-4234
-4302
-4244
-4265
-4326
-4320
-4225
-4101
-4050
-3922
-3709
-3472
-3298
-3161
-2787
-2539
-2239
-2104
-1686
-1267
-906
-497
-43
642
1114
1615
2188
2865
3471
3907
4375
4970
5403
5791
5943
6301
6508
6554
6486
6335
6258
5877
5441
4985
4544
3904
3152
2435
1854
1095
337
-399
-944
-1523
-2138
-2551
-2874
-3120
-3435
-3581
-3649
-3702
-3852
-3906
-3926
-3939
-4064
-4176
-4185
-4199
-4248
-4288
-4203
-4090
-3979
-3881
-3622
-3423
-3172
-3085
-2780
-2516
-2256
-2023
-1827
-1348
-1083
-633
-281
314
882
1321
1878
2497
3155
3685
4090
4683
5197
5618
5894
6081
6446
6467
6492
6310
6179
5954
5448
5024
4499
3967
3247
2471
1887
1201
487
-262
-874
-1338
-1966
-2408
-2783
-3016
-3281
-3550
-3619
-3728
-3812
-3945
-3980
-3975
-4081
-4156
-4228
-4198
-4193
-4224
-4129
-4029
-3821
-3693
-3459
-3181
-2979
-2732
-2625
-2282
-2098
-1789
-1622
-1336
-949
-659
-212
157
774
1252
1723
2277
2889
3498
3954
4361
4973
5374
5771
5895
6136
6324
6257
6202
5921
5813
5362
4906
4366
3850
3232
2475
1787
1199
542
-155
-815
-1285
-1764
-2287
-2657
-2958
-3129
-3438
-3562
-3670
-3706
-3815
-3889
-3846
-3886
-3910
-3970
-3931
-3867
-3857
-3793
-3682
-3494
-3308
-3171
-2886
-2683
-2456
-2314
-2168
-1859
-1732
-1422
-1357
-992
-711
-406
13
377
994
1367
1863
2392
2952
3522
3885
4346
4869
5198
5512
5550
5778
5825
5705
5594
5296
5160
4646
4186
3685
3150
2576
1813
1248
704
87
-526
-1098
-1465
-1928
-2389
-2695
-2943
-3110
-3397
-3489
-3519
-3552
-3631
-3681
-3575
-3589
-3583
-3600
-3490
-3399
-3380
-3298
-3151
-2947
-2829
-2706
-2476
-2297
-2140
-2051
-1925
-1646
-1575
-1324
-1279
-894
-638
-345
80
464
1081
1440
1963
2503
3038
3574
3936
4385
4844
5088
5357
5336
5542
5503
5354
5222
4896
4745
4195
3760
3272
2765
2228
1502
1024
519
-52
-604
-1128
-1441
-1903
-2342
-2626
-2854
-3021
-3328
-3369
-3384
-3416
-3510
-3529
-3388
-3409
-3392
-3391
-3251
-3169
-3172
-3068
-2927
-2766
-2696
-2592
-2390
-2279
-2167
-2076
-1982
-1754
-1719
-1459
-1375
-1043
-722
-449
49
401
1028
1446
1960
2509
2998
3561
3922
4318
4731
4955
5211
5203
5356
5348
5179
5060
4724
4542
4071
3621
3172
2671
2191
1537
1040
575
16
-486
-1020
-1373
-1806
-2241
-2536
-2789
-2962
-3219
-3288
-3299
-3332
-3377
-3367
-3255
-3233
-3201
-3157
-3068
-2968
-2955
-2854
-2735
-2620
-2520
-2430
-2271
-2159
-2082
-1942
-1893
-1696
-1634
-1417
-1247
-1063
-654
-459
17
330
857
1322
1742
2247
2689
3213
3583
3880
4262
4518
4722
4775
4829
4934
4742
4631
4343
4165
3834
3373
3002
2568
2166
1579
1076
683
169
-324
-841
-1202
-1571
-2019
-2317
-2547
-2689
-2903
-2995
-2955
-2953
-2957
-2942
-2825
-2737
-2731
-2683
-2636
-2518
-2522
-2493
-2380
-2318
-2218
-2191
-2068
-1943
-1904
-1784
-1745
-1595
-1510
-1404
-1193
-1111
-758
-589
-241
94
446
928
1279
1724
2129
2575
3000
3251
3583
3874
4080
4211
4191
4351
4259
4154
3951
3766
3622
3225
2893
2535
2216
1764
1214
841
416
-48
-539
-959
-1227
-1628
-1970
-2182
-2314
-2420
-2573
-2542
-2478
-2448
-2434
-2378
-2261
-2246
-2263
-2249
-2170
-2162
-2198
-2162
-2124
-2077
-2079
-2014
-1897
-1841
-1794
-1744
-1675
-1585
-1558
-1391
-1305
-1095
-895
-697
-335
-99
342
683
1081
1496
1867
2318
2644
2955
3309
3530
3774
3835
3941
4027
3923
3892
3687
3605
3365
3040
2772
2414
2083
1585
1162
793
358
-52
-482
-753
-1063
-1377
-1621
-1768
-1850
-1996
-2042
-2016
-1988
-1990
-2033
-1967
-1971
-2006
-2030
-2043
-1996
-2090
-2109
-2142
-2131
-2112
-2089
-1983
-1916
-1878
-1834
-1793
-1754
-1664
-1610
-1423
-1390
-1172
-1035
-795
-536
-288
140
430
821
1162
1593
2001
2348
2673
3040
3257
3475
3551
3711
3771
3712
3670
3539
3457
3187
2922
2666
2347
1978
1558
1195
868
435
105
-241
-464
-781
-1063
-1239
-1426
-1544
-1710
-1740
-1755
-1805
-1829
-1856
-1819
-1835
-1864
-1830
-1867
-1869
-1982
-1989
-2027
-2007
-1963
-1911
-1832
-1823
-1779
-1754
-1703
-1691
-1594
-1589
-1442
-1496
-1308
-1222
-1010
-768
-572
-144
86
526
854
1311
1737
2070
2397
2713
2939
3206
3271
3478
3540
3540
3530
3388
3380
3129
2926
2681
2411
2126
1739
1404
1135
750
473
117
-109
-403
-754
-956
-1189
-1316
-1518
-1615
-1637
-1695
-1744
-1780
-1737
-1716
-1778
-1803
-1840
-1867
-1974
-2014
-2004
-1963
-1947
-1940
-1869
-1833
-1798
-1800
-1754
-1768
-1714
-1788
-1683
-1709
-1560
-1434
-1280
-976
-798
-342
-64
375
766
1150
1563
1857
2169
2544
2746
3052
3135
3330
3434
3403
3484
3365
3383
3195
3023
2858
2624
2369
2063
1734
1501
1106
835
483
171
-135
-511
-702
-981
-1140
-1329
-1427
-1484
-1561
-1610
-1634
-1640
-1675
-1733
-1762
-1801
-1898
-1998
-2046
-2045
-2072
-2075
-2086
-2022
-2041
-2053
-2060
-2029
-2054
-2087
-2087
-2000
-1934
-1887
-1697
-1534
-1171
-974
-562
-199
181
585
909
1369
1752
2054
2408
2663
2978
3154
3264
3480
3488
3617
3548
3552
3500
3345
3208
2994
2791
2523
2138
1864
1492
1167
794
388
132
-265
-502
-789
-962
-1115
-1275
-1350
-1435
-1483
-1569
-1621
-1623
-1646
-1721
-1807
-1922
-2018
-2132
-2154
-2213
-2219
-2277
-2296
-2289
-2316
-2288
-2326
-2285
-2320
-2262
-2247
-2162
-2165
-2009
-1858
-1605
-1358
-1095
-689
-429
7
393
881
1320
1666
2074
2468
2791
3119
3309
3614
3765
3847
3952
3950
3987
3806
3706
3562
3336
3072
2688
2384
2038
1589
1236
817
512
138
-202
-415
-667
-850
-1066
-1184
-1289
-1417
-1500
-1562
-1589
-1653
-1785
-1902
-2043
-2146
-2281
-2344
-2396
-2464
-2489
-2539
-2489
-2495
-2450
-2450
-2391
-2381
-2366
-2367
-2359
-2319
-2331
-2177
-2064
-1769
-1629
-1298
-964
-584
-110
319
882
1336
1752
2219
2650
3063
3388
3625
3946
4069
4210
4194
4219
4184
4005
3882
3662
3441
3117
2711
2409
2026
1627
1240
861
604
243
-47
-325
-545
-759
-981
-1121
-1239
-1340
-1447
-1559
-1652
-1784
-1962
-2114
-2245
-2330
-2478
-2550
-2628
-2639
-2647
-2649
-2593
-2553
-2491
-2500
-2447
-2487
-2458
-2564
-2525
-2533
-2448
-2338
-2198
-1905
-1707
-1285
-935
-414
62
565
1106
1605
2065
2552
2953
3358
3643
3882
4128
4200
4315
4246
4271
4160
3985
3814
3564
3338
3011
2646
2360
1964
1617
1223
896
611
235
-49
-368
-567
-828
-1030
-1187
-1329
-1452
-1598
-1729
-1850
-1981
-2148
-2287
-2410
-2501
-2631
-2674
-2726
-2728
-2730
-2736
-2672
-2669
-2589
-2628
-2590
-2656
-2646
-2691
-2657
-2583
-2504
-2301
-2133
-1782
-1507
-1043
-625
-102
397
932
1459
1960
2382
2846
3211
3554
3834
4027
4264
4301
4422
4345
4366
4229
4070
3900
3680
3454
3125
2787
2458
2065
1686
1284
919
594
194
-111
-453
-672
-978
-1207
-1396
-1570
-1704
-1882
-1988
-2116
-2234
-2394
-2531
-2626
-2705
-2805
-2856
-2907
-2919
-2947
-2939
-2880
-2868
-2794
-2835
-2782
-2820
-2797
-2755
-2733
-2557
-2494
-2207
-2022
-1649
-1327
-894
-391
88
631
1137
1657
2132
2531
2967
3376
3694
4016
4169
4444
4495
4601
4550
4532
4476
4273
4120
3862
3648
3293
2915
2531
2149
1741
1312
890
552
152
-199
-579
-857
-1133
-1419
-1613
-1827
-1927
-2111
-2212
-2338
-2441
-2549
-2689
-2765
-2849
-2912
-2976
-3032
-3045
-3050
-3025
-2958
-2930
-2844
-2832
-2764
-2730
-2716
-2580
-2555
-2330
-2262
-1984
-1766
-1455
-1107
-748
-238
198
710
1161
1646
2110
2548
2956
3407
3721
4076
4234
4474
4568
4636
4637
4549
4503
4274
4119
3834
3575
3220
2855
2449
2064
1635
1222
802
415
21
-371
-722
-1055
-1318
-1613
-1779
-1998
-2114
-2269
-2367
-2483
-2586
-2673
-2795
-2865
-2962
-3015
-3074
-3102
-3108
-3081
-3023
-2923
-2857
-2729
-2644
-2546
-2434
-2393
-2231
-2158
-1987
-1848
-1689
-1421
-1213
-855
-569
-127
283
706
1149
1572
2053
2521
2924
3351
3699
4015
4246
4376
4553
4570
4613
4480
4387
4243
4002
3783
3457
3188
2832
2433
2049
1641
1246
810
381
-1
-415
-768
-1145
-1413
-1670
-1921
-2101
-2300
-2402
-2558
-2658
-2761
-2840
-2915
-3024
-3055
-3102
-3096
-3107
-3072
-2981
-2894
-2783
-2638
-2501
-2325
-2223
-2116
-1968
-1918
-1748
-1725
-1530
-1434
-1250
-1050
-838
-477
-244
183
504
923
1335
1753
2203
2645
2998
3386
3643
3917
4063
4191
4311
4282
4313
4151
4083
3884
3659
3426
3133
2857
2491
2122
1753
1333
929
472
71
-317
-724
-1046
-1383
-1638
-1908
-2121
-2297
-2433
-2541
-2646
-2685
-2765
-2796
-2837
-2867
-2829
-2838
-2781
-2725
-2644
-2525
-2430
-2278
-2124
-1993
-1854
-1748
-1648
-1529
-1527
-1373
-1369
-1196
-1153
-995
-775
-643
-300
-166
252
535
906
1302
1680
2103
2467
2748
3092
3292
3571
3682
3813
3965
3915
3978
3792
3772
3589
3392
3176
2901
2654
2297
1913
1556
1126
734
249
-140
-501
-896
-1228
-1574
-1794
-2070
-2247
-2419
-2495
-2554
-2651
-2654
-2692
-2676
-2670
-2673
-2565
-2517
-2440
-2356
-2260
-2094
-2009
-1855
-1700
-1561
-1424
-1357
-1249
-1152
-1155
-1063
-1062
-933
-893
-850
-674
-626
-353
-263
53
343
627
989
1254
1631
1949
2213
2550
2786
3090
3274
3382
3572
3574
3685
3573
3555
3469
3294
3120
2825
2599
2278
1884
1513
1085
715
273
-139
-455
-807
-1109
-1464
-1685
-1895
-2074
-2211
-2327
-2334
-2413
-2427
-2435
-2407
-2339
-2327
-2234
-2132
-2044
-1948
-1889
-1731
-1621
-1515
-1398
-1293
-1161
-1122
-1063
-995
-978
-970
-966
-969
-907
-985
-898
-886
-720
-595
-440
-157
43
383
618
981
1346
1690
2036
2370
2675
2975
3112
3326
3440
3543
3563
3484
3475
3304
3163
2871
2605
2297
1929
1540
1151
778
418
20
-306
-613
-907
-1198
-1457
-1633
-1817
-1941
-2074
-2114
-2145
-2140
-2101
-2056
-1971
-1905
-1814
-1692
-1578
-1461
-1369
-1266
-1162
-1108
-1013
-969
-880
-868
-857
-867
-906
-966
-1079
-1119
-1227
-1247
-1398
-1358
-1389
-1287
-1192
-1032
-738
-513
-142
164
610
1028
1439
1839
2242
2573
2900
3055
3300
3402
3478
3481
3392
3365
3151
2968
2669
2415
2103
1774
1414
1104
761
463
115
-160
-432
-705
-950
-1196
-1348
-1537
-1647
-1779
-1801
-1812
-1796
-1765
-1716
-1622
-1535
-1442
-1319
-1204
-1098
-1035
-980
-900
-873
-826
-830
-798
-818
-878
-960
-1057
-1148
-1302
-1399
-1541
-1580
-1738
-1739
-1750
-1650
-1499
-1353
-1014
-754
-350
-6
440
905
1321
1722
2128
2449
2770
2913
3109
3218
3250
3270
3164
3140
2957
2793
2569
2367
2127
1872
1576
1343
1045
783
470
177
-76
-380
-625
-891
-1066
-1254
-1391
-1506
-1546
-1574
-1560
-1551
-1470
-1381
-1291
-1197
-1124
-1024
-983
-944
-924
-909
-903
-931
-950
-987
-1041
-1109
-1225
-1324
-1437
-1567
-1648
-1788
-1834
-1921
-1934
-1875
-1834
-1628
-1495
-1193
-936
-585
-202
181
620
1039
1432
1829
2124
2437
2661
2841
3025
3085
3198
3162
3170
3100
3015
2896
2748
2564
2384
2114
1876
1578
1279
956
592
310
-34
-309
-595
-793
-979
-1128
-1254
-1313
-1346
-1354
-1345
-1291
-1222
-1194
-1159
-1135
-1086
-1086
-1113
-1131
-1157
-1188
-1235
-1281
-1320
-1381
-1476
-1578
-1658
-1740
-1839
-1959
-2020
-2103
-2112
-2161
-2103
-2061
-1930
-1802
-1606
-1321
-1029
-644
-300
158
560
997
1364
1768
2109
2455
2709
2964
3158
3310
3414
3454
3520
3478
3451
3305
3190
2988
2756
2470
2173
1852
1505
1147
811
504
193
-62
-315
-498
-698
-835
-972
-1025
-1101
-1139
-1180
-1211
-1218
-1255
-1254
-1282
-1293
-1322
-1343
-1353
-1377
-1397
-1450
-1516
-1575
-1667
-1761
-1858
-1988
-2091
-2218
-2320
-2404
-2508
-2520
-2619
-2549
-2538
-2376
-2206
-1954
-1617
-1272
-835
-408
70
553
1032
1475
1941
2319
2740
3001
3347
3536
3755
3882
3940
4011
3929
3883
3698
3539
3285
3014
2695
2374
2022
1677
1310
988
646
343
39
-229
-440
-687
-823
-1021
-1108
-1242
-1326
-1376
-1433
-1440
-1486
-1480
-1480
-1472
-1466
-1487
-1487
-1520
-1583
-1631
-1719
-1799
-1913
-2033
-2147
-2279
-2406
-2553
-2687
-2768
-2870
-2873
-2897
-2777
-2663
-2434
-2166
-1832
-1410
-989
-500
-26
503
984
1475
1919
2397
2781
3188
3459
3772
3966
4113
4206
4223
4249
4132
4023
3808
3621
3325
3034
2690
2370
1987
1625
1229
889
529
189
-99
-399
-601
-859
-999
-1174
-1274
-1384
-1452
-1498
-1531
-1547
-1554
-1541
-1543
-1550
-1567
-1584
-1634
-1678
-1753
-1804
-1911
-2001
-2132
-2243
-2376
-2531
-2646
-2773
-2864
-2937
-2999
-2949
-2933
-2793
-2628
-2385
-2048
-1748
-1285
-899
-397
63
561
1089
1571
2059
2514
2907
3292
3556
3825
4030
4149
4277
4241
4291
4150
4060
3857
3637
3397
3046
2741
2348
2003
1617
1249
891
562
230
-54
-357
-570
-803
-974
-1120
-1240
-1295
-1392
-1413
-1489
-1501
-1551
-1589
-1602
-1639
-1636
-1675
-1699
-1727
-1801
-1853
-1949
-2035
-2116
-2251
-2318
-2464
-2561
-2667
-2783
-2815
-2882
-2849
-2782
-2710
-2504
-2356
-2034
-1766
-1394
-947
-536
-2
441
993
1472
1934
2398
2816
3217
3567
3824
4122
4253
4402
4420
4413
4381
4198
4084
3803
3607
3270
2940
2598
2200
1841
1417
1053
696
344
40
-272
-532
-772
-1018
-1186
-1383
-1483
-1600
-1668
-1701
-1755
-1765
-1822
-1850
-1893
-1950
-1978
-2037
-2062
-2109
-2172
-2199
-2284
-2320
-2403
-2457
-2502
-2582
-2615
-2679
-2699
-2716
-2716
-2662
-2561
-2442
-2228
-2031
-1692
-1397
-1008
-588
-157
352
798
1330
1804
2274
2712
3110
3464
3773
3977
4204
4291
4384
4356
4307
4221
4030
3856
3580
3332
2993
2659
2306
1936
1564
1187
820
480
138
-156
-435
-673
-884
-1069
-1212
-1351
-1445
-1525
-1575
-1606
-1625
-1625
-1627
-1638
-1650
-1684
-1718
-1781
-1835
-1911
-1983
-2063
-2152
-2221
-2309
-2368
-2441
-2486
-2533
-2564
-2575
-2585
-2552
-2522
-2406
-2304
-2105
-1906
-1601
-1282
-923
-499
-93
390
812
1302
1749
2200
2609
2995
3330
3628
3829
4029
4114
4173
4145
4064
3976
3773
3618
3347
3114
2786
2468
2127
1767
1424
1079
754
437
131
-144
-396
-631
-813
-995
-1107
-1245
-1314
-1395
-1449
-1491
-1544
-1552
-1604
-1619
-1661
-1695
-1745
-1804
-1858
-1932
-2014
-2099
-2177
-2256
-2335
-2408
-2462
-2525
-2555
-2592
-2578
-2591
-2547
-2502
-2400
-2266
-2120
-1865
-1629
-1273
-959
-534
-128
312
751
1196
1643
2059
2448
2810
3142
3405
3672
3823
4000
4026
4073
4024
3945
3839
3665
3503
3260
3010
2737
2432
2137
1820
1511
1221
891
629
316
67
-190
-421
-605
-807
-950
-1102
-1227
-1342
-1462
-1555
-1659
-1766
-1843
-1944
-2008
-2099
-2159
-2210
-2293
-2336
-2404
-2433
-2487
-2532
-2557
-2605
-2622
-2646
-2625
-2609
-2577
-2534
-2445
-2356
-2215
-2053
-1834
-1569
-1309
-945
-613
-185
181
627
1051
1465
1865
2234
2593
2903
3185
3444
3668
3806
3930
3958
4018
3940
3903
3781
3645
3455
3226
3004
2725
2450
2141
1847
1515
1193
841
538
195
-87
-381
-621
-861
-1085
-1267
-1461
-1601
-1768
-1878
-2013
-2113
-2220
-2291
-2349
-2394
-2409
-2431
-2425
-2436
-2420
-2405
-2385
-2371
-2367
-2357
-2354
-2330
-2304
-2261
-2235
-2176
-2130
-2035
-1942
-1812
-1643
-1478
-1232
-1015
-678
-375
-5
357
746
1137
1501
1879
2237
2581
2899
3206
3471
3709
3847
4000
4059
4110
4081
4034
3943
3784
3600
3382
3143
2868
2554
2235
1888
1503
1124
732
380
6
-312
-619
-891
-1163
-1406
-1616
-1802
-1966
-2096
-2209
-2308
-2401
-2466
-2495
-2517
-2501
-2485
-2427
-2402
-2339
-2288
-2225
-2170
-2143
-2094
-2072
-2027
-2005
-1971
-1946
-1922
-1895
-1835
-1786
-1688
-1625
-1495
-1381
-1202
-993
-759
-453
-184
173
480
862
1215
1600
1976
2357
2711
3061
3342
3614
3805
3974
4084
4137
4173
4109
4047
3890
3744
3516
3282
2975
2659
2284
1901
1486
1079
658
249
-127
-502
-822
-1157
-1423
-1708
-1914
-2110
-2245
-2370
-2463
-2539
-2601
-2629
-2653
-2621
-2596
-2527
-2480
-2383
-2312
-2222
-2151
-2080
-2009
-1966
-1900
-1866
-1802
-1777
-1729
-1701
-1647
-1613
-1545
-1499
-1410
-1338
-1221
-1083
-929
-721
-534
-251
-5
336
666
1045
1428
1807
2192
2557
2904
3235
3512
3780
3971
4117
4205
4225
4224
4141
4052
3889
3697
3431
3121
2764
2385
1964
1553
1100
682
232
-188
-580
-956
-1268
-1591
-1819
-2054
-2218
-2371
-2476
-2548
-2603
-2625
-2637
-2611
-2577
-2515
-2431
-2321
-2212
-2097
-1986
-1874
-1770
-1683
-1587
-1509
-1417
-1354
-1281
-1232
-1192
-1173
-1155
-1131
-1100
-1067
-1029
-972
-928
-843
-774
-617
-472
-243
-5
283
607
912
1257
1566
1913
2242
2576
2902
3189
3429
3607
3725
3810
3837
3833
3768
3654
3487
3240
2968
2635
2284
1902
1494
1099
679
282
-127
-507
-858
-1187
-1463
-1715
-1910
-2090
-2240
-2351
-2437
-2481
-2504
-2491
-2451
-2396
-2306
-2206
-2065
-1931
-1781
-1641
-1504
-1373
-1258
-1155
-1064
-990
-939
-907
-895
-892
-908
-923
-947
-954
-970
-970
-975
-954
-928
-862
-774
-645
-473
-285
-47
185
465
730
1027
1326
1648
1973
2283
2578
2831
3048
3220
3353
3438
3479
3450
3377
3238
3072
2849
2597
2320
2000
1677
1319
980
615
272
-84
-415
-717
-991
-1230
-1461
-1658
-1843
-1989
-2101
-2158
-2186
-2181
-2167
-2120
-2054
-1947
-1818
-1679
-1531
-1414
-1283
-1180
-1058
-968
-892
-850
-835
-826
-835
-830
-848
-868
-918
-951
-994
-1005
-1020
-1013
-1014
-1003
-956
-903
-786
-681
-525
-384
-191
11
261
529
806
1098
1381
1681
1967
2257
2495
2719
2857
2995
3051
3106
3086
3034
2929
2768
2599
2368
2151
1867
1589
1255
939
600
294
-23
-314
-612
-882
-1134
-1364
-1540
-1706
-1796
-1890
-1918
-1953
-1925
-1890
-1805
-1706
-1586
-1473
-1361
-1246
-1130
-1006
-904
-809
-755
-700
-665
-603
-558
-513
-498
-494
-509
-513
-510
-512
-527
-559
-592
-626
-643
-653
-648
-649
-625
-591
-499
-393
-241
-84
100
310
551
820
1094
1364
1606
1842
2049
2254
2420
2562
2639
2685
2680
2650
2585
2479
2332
2129
1905
1642
1379
1091
798
483
176
-135
-428
-708
-973
-1209
-1417
-1580
-1717
-1817
-1893
-1930
-1939
-1902
-1845
-1765
-1674
-1571
-1449
-1322
-1184
-1058
-936
-819
-699
-575
-449
-341
-252
-199
-155
-128
-102
-97
-118
-158
-227
-306
-398
-495
-590
-688
-772
-837
-878
-884
-872
-813
-730
-598
-429
-224
11
262
532
807
1090
1363
1617
1855
2063
2243
2389
2497
2567
2583
2560
2490
2377
2222
2025
1797
1541
1264
978
676
369
51
-259
-549
-809
-1041
-1239
-1411
-1557
-1661
-1734
-1756
-1747
-1706
-1638
-1540
-1422
-1285
-1141
-987
-833
-672
-513
-355
-206
-75
36
114
176
210
226
210
176
111
27
-88
-218
-366
-516
-665
-810
-942
-1061
-1161
-1235
-1275
-1280
-1237
-1164
-1040
-892
-690
-469
-207
61
344
627
907
1187
1449
1698
1911
2092
2226
2329
2386
2414
2387
2323
2201
2047
1853
1642
1410
1157
894
617
344
72
-176
-408
-609
-790
-938
-1062
-1148
-1209
-1226
-1215
-1168
-1094
-1000
-880
-755
-618
-477
-332
-192
-63
58
158
237
297
323
325
293
236
150
49
-78
-225
-389
-566
-753
-932
-1111
-1276
-1430
-1565
-1678
-1766
-1820
-1845
-1825
-1779
-1676
-1548
-1364
-1168
-930
-683
-419
-137
150
451
740
1021
1274
1506
1695
1868
1997
2109
2167
2199
2176
2123
2034
1919
1789
1627
1459
1262
1070
861
672
486
319
164
28
-103
-210
-301
-360
-392
-398
-374
-345
-294
-249
-183
-124
-59
6
62
109
139
154
150
128
83
19
-63
-164
-276
-399
-537
-684
-840
-1000
-1153
-1307
-1446
-1578
-1694
-1797
-1886
-1952
-2000
-2016
-2010
-1963
-1893
-1785
-1664
-1506
-1327
-1129
-898
-651
-375
-96
192
470
744
1000
1256
1488
1710
1901
2064
2189
2285
2352
2387
2397
2368
2321
2231
2129
2000
1867
1714
1560
1390
1218
1037
859
686
519
375
238
130
22
-61
-147
-210
-274
-324
-376
-418
-457
-496
-527
-563
-599
-643
-688
-745
-804
-878
-949
-1031
-1117
-1205
-1291
-1379
-1462
-1540
-1619
-1690
-1756
-1811
-1859
-1896
-1921
-1934
-1935
-1918
-1879
-1820
-1733
-1627
-1489
-1327
-1131
-911
-666
-411
-139
139
431
727
1026
1316
1592
1853
2088
2307
2500
2672
2808
2913
2974
3000
2982
2936
2854
2744
2607
2437
2246
2026
1792
1543
1295
1049
815
588
370
164
-31
-214
-386
-547
-690
-811
-914
-998
-1068
-1126
-1183
-1233
-1286
-1334
-1379
-1420
-1460
-1495
-1526
-1554
-1573
-1594
-1600
-1610
-1605
-1610
-1605
-1608
-1607
-1611
-1617
-1618
-1620
-1613
-1599
-1566
-1520
-1445
-1353
-1227
-1088
-916
-737
-531
-315
-75
178
439
707
967
1224
1469
1716
1950
2185
2394
2585
2738
2865
2945
2999
3015
3001
2950
2861
2738
2571
2378
2150
1914
1658
1401
1132
865
591
327
58
-195
-442
-661
-861
-1036
-1187
-1319
-1429
-1529
-1608
-1677
-1721
-1756
-1767
-1769
-1747
-1717
-1667
-1606
-1536
-1456
-1370
-1283
-1202
-1124
-1063
-1010
-972
-945
-936
-937
-949
-964
-981
-995
-996
-984
-958
-917
-862
-795
-711
-609
-487
-346
-190
-25
141
320
502
694
898
1118
1344
1562
1773
1969
2147
2309
2450
2565
2653
2701
2704
2664
2595
2488
2342
2176
1988
1766
1513
1252
981
695
396
110
-171
-446
-698
-930
-1135
-1320
-1480
-1616
-1718
-1791
-1839
-1866
-1856
-1818
-1758
-1663
-1548
-1412
-1279
-1132
-982
-836
-705
-573
-455
-357
-290
-244
-214
-208
-229
-267
-312
-373
-435
-499
-550
-609
-662
-708
-743
-764
-759
-728
-692
-642
-581
-507
-423
-305
-145
37
224
424
636
848
1071
1293
1521
1735
1910
2035
2139
2234
2282
2285
2265
2226
2139
2003
1847
1689
1487
1250
994
746
483
215
-38
-282
-509
-728
-921
-1096
-1223
-1339
-1431
-1505
-1526
-1525
-1492
-1417
-1320
-1216
-1102
-963
-833
-703
-575
-422
-289
-175
-92
-6
40
44
32
17
-23
-93
-154
-230
-321
-423
-510
-621
-716
-793
-851
-911
-947
-983
-1024
-1052
-1043
-979
-893
-796
-682
-537
-383
-220
-23
223
472
694
884
1084
1284
1457
1608
1755
1887
1975
2014
2034
2045
2017
1935
1823
1696
1534
1360
1176
982
780
581
362
144
-46
-208
-385
-544
-659
-759
-846
-893
-903
-904
-879
-834
-782
-746
-693
-607
-491
-392
-294
-200
-134
-118
-105
-71
-64
-75
-87
-124
-194
-255
-318
-403
-498
-573
-675
-777
-865
-966
-1089
-1205
-1301
-1360
-1394
-1423
-1427
-1397
-1369
-1339
-1253
-1104
-926
-755
-575
-373
-160
54
292
544
799
1027
1226
1407
1587
1747
1872
1965
2022
2034
2024
1999
1929
1846
1750
1613
1423
1251
1090
892
691
526
351
169
11
-123
-241
-336
-395
-450
-508
-552
-562
-532
-473
-412
-330
-267
-231
-184
-123
-62
2
48
64
60
50
43
-1
-49
-115
-218
-335
-438
-581
-739
-905
-1071
-1229
-1382
-1501
-1612
-1704
-1791
-1869
-1921
-1913
-1866
-1789
-1707
-1587
-1448
-1302
-1095
-859
-599
-332
-77
188
459
719
997
1248
1471
1671
1844
2008
2136
2228
2325
2347
2305
2269
2194
2088
1970
1837
1675
1482
1279
1073
852
656
495
306
121
-33
-214
-363
-448
-520
-566
-587
-610
-611
-609
-579
-498
-446
-378
-290
-226
-154
-83
-39
-7
-15
-25
-37
-107
-184
-277
-408
-549
-690
-835
-967
-1131
-1288
-1447
-1607
-1739
-1854
-1940
-1999
-2063
-2104
-2091
-2062
-1999
-1892
-1755
-1624
-1451
-1224
-999
-754
-450
-160
101
400
736
1001
1251
1569
1839
1999
2195
2435
2538
2592
2703
2750
2673
2607
2564
2462
2286
2149
2019
1774
1528
1321
1069
843
638
435
267
39
-158
-307
-469
-551
-607
-659
-635
-657
-666
-584
-558
-494
-389
-300
-201
-124
-59
8
-6
-3
-2
-82
-146
-237
-383
-534
-700
-868
-1033
-1217
-1359
-1542
-1727
-1861
-2028
-2172
-2242
-2323
-2383
-2392
-2378
-2340
-2283
-2169
-2032
-1887
-1674
-1415
-1166
-867
-550
-249
74
429
757
1086
1428
1741
2009
2267
2513
2681
2813
2948
3009
2999
2984
2926
2803
2653
2502
2312
2070
1827
1576
1293
1033
784
538
326
89
-122
-303
-490
-603
-690
-751
-746
-772
-760
-701
-685
-613
-513
-442
-334
-247
-183
-122
-109
-96
-107
-166
-220
-328
-472
-621
-801
-990
-1172
-1351
-1505
-1684
-1840
-1978
-2142
-2264
-2349
-2420
-2440
-2438
-2403
-2323
-2240
-2100
-1935
-1760
-1528
-1273
-1004
-682
-357
-39
308
651
986
1320
1642
1947
2223
2465
2687
2869
2999
3092
3152
3160
3119
3045
2931
2784
2597
2388
2171
1910
1639
1394
1131
864
634
408
177
-26
-202
-374
-504
-598
-668
-713
-737
-731
-725
-716
-668
-626
-594
-527
-476
-448
-420
-408
-410
-441
-483
-533
-632
-745
-866
-1023
-1184
-1339
-1499
-1648
-1789
-1912
-2032
-2146
-2223
-2287
-2336
-2332
-2308
-2261
-2162
-2039
-1886
-1706
-1500
-1263
-1013
-746
-443
-136
169
498
821
1126
1429
1717
1980
2222
2433
2615
2766
2876
2951
2995
3000
2963
2897
2793
2654
2487
2296
2091
1862
1622
1387
1142
903
675
449
235
38
-139
-304
-444
-554
-652
-725
-771
-805
-821
-821
-810
-795
-778
-753
-734
-718
-702
-694
-692
-701
-717
-748
-798
-864
-937
-1035
-1138
-1236
-1346
-1453
-1551
-1645
-1733
-1807
-1864
-1907
-1931
-1932
-1915
-1876
-1810
-1722
-1614
-1471
-1310
-1126
-924
-702
-464
-223
28
289
544
797
1052
1291
1516
1732
1927
2096
2247
2367
2455
2521
2562
2567
2551
2504
2424
2324
2200
2059
1900
1730
1547
1358
1164
969
770
583
399
223
60
-85
-222
-346
-451
-543
-625
-685
-731
-769
-790
-810
-825
-842
-856
-869
-879
-887
-897
-905
-921
-941
-974
-1011
-1059
-1119
-1173
-1231
-1287
-1335
-1385
-1432
-1476
-1507
-1532
-1544
-1536
-1518
-1482
-1435
-1372
-1294
-1196
-1085
-955
-808
-638
-453
-257
-53
156
368
582
796
1001
1203
1399
1579
1743
1898
2028
2136
2225
2288
2326
2340
2325
2279
2213
2121
2013
1890
1755
1609
1453
1290
1121
949
777
605
435
277
130
-7
-132
-240
-337
-427
-499
-560
-614
-660
-698
-734
-767
-798
-826
-853
-880
-905
-930
-958
-984
-1020
-1061
-1107
-1157
-1206
-1253
-1298
-1339
-1371
-1401
-1426
-1445
-1461
-1468
-1460
-1442
-1409
-1364
-1306
-1235
-1153
-1060
-953
-829
-692
-541
-380
-211
-38
138
318
500
678
855
1031
1198
1354
1499
1622
1724
1807
1868
1913
1937
1943
1931
1902
1854
1791
1708
1609
1497
1374
1244
1109
977
847
720
594
473
355
240
132
31
-63
-152
-231
-304
-371
-433
-493
-545
-595
-645
-693
-745
-797
-848
-898
-946
-993
-1035
-1081
-1125
-1171
-1221
-1268
-1317
-1356
-1390
-1416
-1432
-1442
-1440
-1435
-1424
-1401
-1365
-1315
-1249
-1169
-1075
-969
-853
-724
-584
-432
-270
-99
77
258
438
618
790
954
1106
1245
1374
1488
1591
1679
1748
1803
1842
1859
1857
1839
1800
1749
1687
1615
1539
1458
1368
1272
1170
1068
962
856
752
652
553
460
369
277
188
103
23
-56
-131
-207
-284
-358
-428
-496
-563
-626
-693
-762
-833
-909
-987
-1064
-1137
-1209
-1274
-1335
-1392
-1444
-1497
-1545
-1588
-1621
-1646
-1655
-1651
-1631
-1602
-1555
-1498
-1429
-1342
-1244
-1132
-1009
-867
-722
-561
-398
-232
-65
99
267
432
599
761
917
1065
1206
1336
1453
1556
1647
1721
1782
1831
1869
1896
1907
1904
1883
1847
1795
1733
1663
1581
1491
1391
1284
1164
1037
911
781
649
516
388
257
132
8
-111
-230
-343
-452
-561
-664
-769
-865
-958
-1042
-1125
-1197
-1265
-1332
-1393
-1455
-1506
-1557
-1599
-1632
-1652
-1674
-1679
-1678
-1670
-1652
-1629
-1588
-1546
-1480
-1410
-1324
-1230
-1122
-1011
-891
-759
-625
-477
-323
-159
3
172
340
509
679
841
998
1139
1282
1406
1526
1637
1736
1822
1886
1940
1966
1983
1975
1955
1918
1867
1798
1720
1625
1522
1413
1291
1175
1043
918
787
658
527
394
266
137
13
-106
-222
-335
-435
-538
-628
-721
-805
-889
-967
-1034
-1106
-1161
-1225
-1272
-1323
-1366
-1407
-1450
-1482
-1519
-1537
-1558
-1562
-1565
-1556
-1543
-1517
-1487
-1445
-1393
-1332
-1250
-1168
-1058
-955
-829
-705
-573
-426
-288
-127
16
182
334
496
656
810
971
1105
1249
1367
1492
1589
1686
1755
1825
1865
1906
1917
1922
1911
1878
1848
1781
1726
1636
1553
1444
1337
1212
1087
951
819
675
538
399
253
126
-18
-142
-270
-386
-495
-604
-694
-787
-865
-945
-1018
-1082
-1147
-1202
-1256
-1292
-1330
-1358
-1381
-1399
-1409
-1414
-1417
-1411
-1402
-1382
-1351
-1319
-1269
-1227
-1165
-1107
-1041
-964
-896
-804
-723
-618
-524
-410
-293
-179
-49
60
206
322
456
580
713
826
953
1054
1173
1258
1346
1422
1479
1539
1559
1598
1591
1594
1560
1532
1479
1418
1343
1267
1164
1068
958
846
736
607
497
372
256
145
39
-68
-165
-255
-344
-430
-507
-579
-648
-715
-764
-814
-865
-895
-924
-954
-983
-998
-1011
-1032
-1046
-1044
-1046
-1048
-1043
-1025
-1017
-1004
-980
-962
-942
-915
-873
-843
-801
-748
-689
-632
-578
-492
-426
-350
-262
-169
-85
12
114
225
315
419
527
620
712
802
895
965
1030
1091
1146
1175
1208
1228
1233
1226
1216
1191
1156
1115
1071
1015
951
890
823
747
683
608
528
454
382
304
222
150
83
0
-80
-141
-214
-290
-353
-408
-474
-534
-584
-627
-681
-727
-749
-782
-812
-824
-829
-844
-848
-844
-836
-838
-833
-810
-802
-794
-766
-740
-720
-697
-666
-630
-603
-570
-525
-486
-446
-397
-348
-293
-235
-182
-118
-56
6
69
136
208
278
348
423
503
570
643
716
785
845
905
965
1010
1041
1076
1105
1110
1107
1102
1086
1050
1006
964
913
841
771
700
622
536
451
375
288
196
122
53
-30
-112
-174
-234
-307
-369
-416
-462
-515
-558
-586
-615
-650
-672
-687
-708
-722
-728
-731
-733
-730
-725
-720
-713
-702
-701
-698
-682
-673
-677
-667
-647
-638
-641
-626
-596
-583
-572
-535
-494
-463
-424
-365
-302
-244
-173
-91
-10
69
164
258
348
439
531
612
698
784
849
899
956
1016
1047
1055
1076
1112
1093
1054
1054
1049
986
921
898
868
769
682
670
617
491
416
403
330
205
131
124
40
-83
-142
-156
-244
-359
-401
-416
-507
-615
-633
-653
-737
-823
-823
-833
-908
-969
-942
-941
-1003
-1023
-977
-967
-1007
-990
-926
-908
-928
-876
-805
-782
-766
-693
-615
-574
-531
-437
-348
-298
-224
-109
-19
47
143
258
350
426
526
635
719
788
880
968
1026
1081
1138
1182
1209
1226
1241
1245
1231
1207
1182
1139
1091
1036
973
907
837
756
676
595
513
428
339
263
185
99
19
-47
-115
-193
-261
-313
-372
-434
-494
-533
-578
-638
-680
-708
-754
-801
-829
-851
-881
-924
-940
-952
-982
-1007
-1003
-1005
-1013
-1014
-997
-978
-969
-945
-903
-866
-833
-781
-720
-664
-600
-526
-447
-363
-284
-189
-98
-6
92
194
289
385
485
578
665
751
836
913
983
1049
1113
1159
1196
1234
1263
1274
1283
1281
1268
1251
1219
1186
1144
1087
1026
966
891
817
737
653
567
478
383
293
201
105
14
-77
-170
-256
-340
-423
-498
-575
-645
-703
-768
-823
-868
-914
-951
-983
-1015
-1033
-1050
-1062
-1063
-1067
-1062
-1052
-1037
-1016
-993
-966
-924
-889
-849
-799
-746
-691
-634
-573
-504
-435
-371
-294
-217
-143
-65
15
95
173
244
323
402
472
539
610
675
732
788
836
884
921
953
984
1007
1015
1023
1027
1019
1010
993
968
937
900
859
817
761
703
644
582
511
441
372
299
223
148
76
2
-73
-148
-217
-289
-358
-425
-483
-541
-599
-651
-696
-738
-777
-815
-843
-865
-889
-904
-911
-915
-916
-909
-900
-879
-860
-837
-803
-768
-732
-690
-637
-587
-534
-477
-411
-344
-284
-216
-141
-72
-3
69
140
211
277
343
410
472
525
583
634
677
718
756
788
818
840
857
871
875
876
872
860
844
823
795
764
731
691
647
600
550
498
439
383
323
263
200
138
77
16
-47
-110
-169
-227
-284
-337
-388
-437
-484
-527
-567
-601
-633
-663
-686
-706
-724
-735
-744
-748
-745
-739
-729
-713
-696
-675
-650
-623
-593
-559
-523
-483
-439
-396
-350
-297
-247
-196
-142
-90
-31
22
75
131
184
233
285
333
376
422
462
500
538
568
598
627
651
669
684
691
695
697
694
687
675
660
643
622
594
565
533
495
456
417
375
333
291
246
200
151
99
50
1
-47
-91
-130
-174
-213
-250
-291
-327
-366
-404
-436
-467
-495
-519
-540
-558
-570
-583
-592
-599
-603
-603
-599
-595
-587
-575
-561
-544
-522
-499
-471
-440
-408
-370
-330
-291
-248
-209
-170
-129
-89
-47
-3
40
80
123
162
200
237
269
300
332
357
382
409
429
449
464
473
480
485
485
487
488
486
482
478
470
457
442
419
399
374
347
319
293
263
233
207
174
142
110
77
46
13
-24
-54
-88
-121
-151
-182
-209
-236
-260
-282
-301
-320
-334
-350
-364
-373
-384
-391
-394
-398
-399
-395
-393
-387
-378
-367
-355
-341
-326
-307
-288
-268
-241
-217
-193
-166
-140
-115
-88
-62
-33
-3
25
57
85
113
141
166
187
208
227
245
261
279
294
307
318
327
335
341
343
344
342
339
336
329
322
312
302
289
274
260
246
229
210
192
173
153
132
109
86
63
42
20
-2
-24
-46
-67
-90
-111
-129
-151
-170
-187
-203
-218
-233
-244
-255
-265
-274
-280
-286
-290
-290
-288
-287
-286
-282
-274
-267
-256
-245
-235
-223
-208
-193
-180
-163
-145
-128
-108
-89
-71
-52
-35
-17
-1
17
35
52
68
81
97
113
126
140
152
161
170
181
189
198
205
209
213
219
220
223
222
222
222
220
217
214
207
200
195
185
177
168
156
149
135
123
111
96
82
64
47
31
13
-5
-19
-38
-54
-72
-89
-102
-118
-133
-147
-159
-172
-182
-191
-200
-208
-216
-221
-225
-230
-233
-233
-233
-233
-230
-226
-221
-213
-205
-198
-189
-180
-169
-155
-144
-129
-115
-99
-85
-69
-52
-35
-18
-1
16
33
51
70
87
104
119
135
151
168
181
195
209
220
229
238
243
249
255
261
263
264
262
262
257
251
245
237
229
214
203
188
172
157
141
123
102
84
64
42
24
4
-17
-39
-60
-81
-102
-122
-141
-160
-177
-195
-211
-226
-235
-246
-255
-264
-270
-274
-276
-277
-278
-274
-269
-264
-255
-246
-235
-223
-208
-193
-176
-159
-142
-123
-105
-86
-65
-46
-27
-7
13
31
49
67
84
101
117
129
144
156
168
179
190
198
205
211
214
218
221
221
221
221
218
216
211
208
201
195
188
178
169
159
147
134
122
107
93
82
68
52
36
20
5
-11
-25
-39
-53
-65
-80
-94
-107
-118
-129
-140
-147
-158
-167
-172
-179
-182
-184
-187
-189
-191
-190
-191
-191
-189
-188
-184
-176
-170
-162
-156
-147
-137
-124
-114
-102
-89
-74
-59
-48
-30
-13
1
20
35
49
66
82
95
108
121
134
146
158
168
176
183
191
197
202
203
205
205
203
200
193
188
180
171
162
151
139
125
110
97
80
64
48
30
10
-8
-28
-47
-64
-81
-98
-112
-125
-138
-150
-160
-168
-178
-183
-187
-190
-193
-192
-190
-184
-180
-176
-167
-159
-150
-139
-131
-122
-110
-96
-83
-69
-56
-40
-25
-10
4
16
32
45
57
71
82
95
105
116
126
134
140
149
156
160
166
169
171
168
167
165
161
155
148
143
135
128
120
110
101
89
77
64
50
35
20
4
-11
-26
-39
-51
-65
-79
-91
-101
-114
-126
-140
-153
-165
-174
-183
-191
-197
-202
-207
-208
-211
-211
-212
-210
-206
-200
-194
-190
-181
-172
-163
-150
-135
-121
-103
-85
-64
-46
-29
-10
7
27
47
66
84
104
125
146
165
184
202
218
232
244
255
264
272
277
283
286
288
289
289
289
288
282
275
268
256
244
229
212
195
177
159
138
118
99
77
56
32
11
-10
-34
-56
-80
-100
-122
-143
-164
-182
-198
-215
-229
-241
-254
-264
-274
-280
-286
-290
-291
-290
-289
-285
-277
-269
-258
-246
-234
-217
-204
-186
-169
-151
-131
-110
-88
-65
-42
-20
3
26
49
70
93
115
134
153
170
188
204
218
231
240
249
256
260
263
265
263
259
255
250
243
231
220
208
192
177
158
138
118
96
74
51
29
5
-18
-43
-67
-88
-110
-133
-154
-175
-193
-213
-231
-245
-259
-271
-284
-293
-300
-305
-310
-312
-313
-313
-311
-306
-299
-291
-281
-271
-258
-244
-231
-214
-195
-177
-158
-136
-114
-90
-67
-43
-18
6
30
55
78
104
126
149
172
192
214
232
249
264
278
291
301
309
316
322
325
325
325
324
322
314
307
298
287
274
260
245
228
212
195
177
155
136
118
99
77
57
37
16
0
-20
-37
-57
-74
-90
-106
-120
-134
-146
-158
-167
-175
-185
-190
-194
-199
-201
-202
-201
-198
-195
-191
-186
-179
-172
-162
-151
-140
-129
-115
-102
-88
-73
-58
-43
-25
-10
6
19
31
45
58
71
84
92
100
110
117
124
129
131
133
135
134
132
129
125
120
112
106
99
91
81
69
60
48
36
25
14
3
-9
-19
-27
-38
-48
-59
-67
-79
-87
-94
-101
-105
-110
-113
-114
-115
-116
-116
-116
-113
-111
-108
-105
-102
-98
-93
-88
-83
-77
-73
-68
-64
-57
-53
-49
-42
-38
-32
-27
-21
-18
-14
-9
-3
0
5
7
11
13
15
20
23
27
32
37
40
44
46
48
46
45
43
42
43
42
43
42
45
46
47
47
48
47
45
43
42
39
37
34
31
32
31
32
31
29
28
26
26
24
22
21
20
18
16
14
12
11
11
11
9
9
8
9
10
12
13
14
16
16
16
16
14
12
10
6
4
4
5
4
3
3
3
4
4
2
-1
-6
-7
-10
-12
-15
-18
-19
-22
-24
-24
-23
-21
-20
-23
-24
-24
-25
-24
-25
-22
-21
-21
-20
-19
-17
-16
-13
-12
-10
-8
-7
-1
3
7
10
13
15
18
19
19
17
17
14
13
14
15
15
16
17
18
19
18
16
16
14
12
8
6
3
0
-5
-6
-9
-10
-9
-13
-14
-16
-19
-20
-22
-28
-30
-31
-34
-36
-35
-35
-33
-31
-32
-32
-30
-30
-28
-26
-23
-20
-15
-12
-8
-6
0
1
4
8
10
11
13
15
16
22
24
27
30
32
36
40
43
43
43
42
41
40
39
38
36
36
34
34
34
31
31
28
24
22
17
12
8
6
2
0
-1
-4
-6
-8
-14
-15
-18
-24
-25
-28
-31
-32
-34
-34
-35
-35
-37
-38
-38
-40
-40
-41
-39
-39
-36
-34
-33
-29
-29
-25
-24
-21
-19
-17
-13
-12
-8
-6
-3
-2
2
5
9
11
15
17
20
22
24
25
25
27
26
28
30
31
31
32
32
32
33
32
32
31
30
30
28
28
26
24
22
20
18
15
14
12
8
6
3
0
-1
-4
-6
-8
-12
-14
-16
-19
-20
-24
-26
-28
-31
-34
-36
-38
-38
-39
-40
-40
-39
-40
-40
-39
-40
-40
-38
-39
-38
-37
-36
-34
-32
-31
-29
-26
-24
-21
-16
-11
-7
-4
0
5
7
11
15
18
22
27
31
33
37
40
45
47
50
53
55
57
57
57
58
59
59
59
58
57
58
57
56
55
54
50
47
44
41
39
36
33
29
27
24
21
15
12
7
3
-1
-7
-10
-14
-19
-22
-28
-32
-35
-38
-41
-43
-47
-50
-54
-55
-58
-60
-62
-64
-64
-66
-69
-69
-69
-69
-68
-68
-64
-64
-61
-58
-56
-53
-52
-48
-43
-40
-37
-34
-29
-25
-22
-18
-13
-8
-3
1
7
12
17
21
25
30
34
39
40
44
47
50
52
54
56
57
59
59
60
59
57
56
54
52
51
48
45
44
40
38
36
33
28
27
24
21
16
14
11
9
6
4
1
-1
-3
-7
-8
-12
-15
-17
-18
-20
-21
-22
-24
-25
-27
-26
-25
-25
-26
-25
-26
-27
-26
-24
-24
-23
-20
-20
-21
-17
-17
-16
-14
-12
-11
-7
-7
-3
-2
-2
1
2
3
5
7
7
6
8
8
8
9
9
10
10
10
8
9
10
11
9
8
7
5
7
4
2
3
2
2
2
1
1
1
-1
-1
-2
-5
-5
-5
-5
-5
-5
-6
-6
-6
-6
-9
-8
-7
-8
-8
-7
-8
-7
-6
-7
-3
-3
-1
-4
-1
-1
-2
1
1
2
5
5
5
6
6
7
7
8
8
7
9
7
7
6
4
3
4
4
3
3
3
0
-3
-3
-4
-3
-3
-5
-6
-6
-8
-8
-8
-7
-7
-5
-6
-8
-7
-8
-9
-7
-6
-6
-4
-4
-4
-3
-2
0
2
3
4
5
6
6
7
8
9
9
8
8
9
9
10
11
11
12
10
10
9
5
6
6
6
5
4
3
1
1
-2
-4
-4
-4
-5
-6
-6
-9
-9
-10
-10
-9
-8
-9
-8
-8
-6
-8
-7
-8
-7
-6
-4
-4
-4
-4
-3
-2
0
0
1
1
3
5
5
5
5
4
6
6
6
7
6
6
7
9
9
9
10
10
8
7
7
7
6
6
4
2
2
0
-1
-1
-2
-3
-2
-2
-4
-5
-5
-5
-7
-7
-8
-9
-9
-8
-7
-7
-7
-6
-8
-6
-7
-7
-7
-7
-8
-8
-6
-6
-4
-4
-3
-2
-1
-1
0
2
3
4
3
4
5
7
8
10
8
9
9
8
8
8
7
6
6
4
6
7
5
7
5
6
4
1
0
1
-1
-3
-3
-3
-2
-3
-1
-4
-5
-5
-7
-6
-6
-5
-5
-4
-4
-3
-4
-6
-7
-8
-9
-8
-9
-6
-4
-3
1
3
5
5
6
7
5
3
1
