SAMPLES:	20913
BITSPERSAMPLE:	16
CHANNELS:	1
SAMPLERATE:	16000
NORMALIZED:	FALSE
2
1
1
1
1
0
-1
-1
0
-1
1
0
1
0
0
1
0
0
0
-1
-1
0
-1
0
-1
0
0
0
1
0
0
0
-1
-1
0
1
0
0
1
1
-1
1
0
0
-1
-1
0
0
0
0
1
1
-1
0
1
0
1
2
-1
0
0
-1
0
0
0
-1
0
-1
0
1
0
0
-1
-1
0
-1
0
-1
0
0
1
1
-2
0
0
-2
-1
1
1
2
0
-1
0
0
1
0
1
0
0
0
-1
-1
-1
-1
-1
0
2
0
0
0
1
2
1
0
1
0
0
-1
0
1
0
0
-1
0
0
0
0
0
1
0
0
0
0
0
1
1
1
1
0
2
1
1
0
0
0
-1
-2
0
-1
0
0
1
0
0
0
0
0
0
1
0
0
0
1
1
0
-2
0
-1
-1
1
0
-1
0
0
-1
0
-1
0
0
2
0
1
0
-1
0
0
0
-1
-1
-1
1
0
-1
0
-1
0
-1
0
1
1
0
1
0
0
1
0
1
0
0
0
0
1
1
-1
0
-1
-1
-1
0
0
0
0
0
0
0
2
0
0
1
0
1
0
0
-1
0
0
0
1
0
0
0
0
-1
0
-1
0
-1
0
-1
-1
0
0
-1
-1
0
0
1
0
1
-1
0
-1
0
0
0
1
0
1
1
1
1
1
2
0
0
0
-1
-1
-1
0
0
0
0
0
0
0
1
0
0
0
1
0
0
0
0
0
0
1
1
1
0
1
-1
0
-1
-1
1
1
-1
0
0
0
0
0
-1
0
-1
-1
-1
1
-1
1
1
0
0
0
-1
1
2
1
0
1
1
0
1
0
0
-1
0
1
0
0
0
0
-1
0
0
0
0
-1
-1
0
1
0
-1
-1
0
0
1
2
1
-1
1
-1
-1
0
-1
1
0
0
-1
-1
0
0
0
0
1
1
1
0
-1
1
0
0
0
-1
-2
0
1
0
0
1
0
0
0
1
1
1
0
0
0
0
-1
-1
-1
-1
-1
0
1
1
1
2
2
0
0
1
1
1
0
0
-2
0
0
0
-1
0
1
0
0
-1
1
1
0
1
0
-1
0
1
1
-1
0
0
-1
-1
0
1
-1
0
0
0
0
-1
0
2
-1
0
2
1
1
0
1
-1
1
1
0
0
0
-1
0
0
0
0
-2
-2
1
0
0
1
1
1
-1
0
0
0
2
0
0
1
1
0
-1
-1
0
-1
0
0
0
0
-1
1
0
1
1
-1
0
-1
0
-1
-1
0
-2
1
1
-1
0
0
0
0
1
-1
1
0
1
1
1
-1
0
2
1
-1
-1
1
0
0
1
0
1
0
-1
-1
0
-2
-1
-1
-1
-1
0
-1
1
0
1
0
0
0
1
0
0
0
0
0
0
1
1
0
0
0
1
-1
0
0
0
0
-1
0
-1
0
0
1
0
-1
0
1
1
0
0
0
2
0
-1
0
0
0
0
-1
-1
0
1
0
1
0
0
0
0
0
0
-1
-2
0
-1
0
1
0
0
0
-1
0
1
-1
0
0
0
0
0
0
-1
0
-1
-2
-1
0
-1
0
0
0
1
1
0
-1
-1
0
-1
1
2
1
0
0
0
1
0
0
0
-1
-1
0
0
-1
0
1
1
-1
1
-1
0
0
0
-1
-1
1
1
0
-1
-1
-1
0
2
0
0
1
1
1
1
1
0
0
0
0
0
0
1
0
1
1
1
1
1
0
0
0
1
-1
-1
-1
0
0
0
0
-1
0
-2
-2
-2
0
-1
0
1
1
1
2
2
-1
0
-1
1
0
-1
0
-1
-1
0
-1
0
1
0
1
0
0
0
-1
0
0
0
0
-1
2
1
0
0
-1
0
1
-1
-1
-1
0
-1
0
0
0
0
0
0
0
-1
0
-2
0
0
0
0
0
1
-1
0
-1
1
0
1
1
-1
0
-1
0
1
0
0
0
0
0
0
1
0
0
-1
-1
1
2
0
-1
-1
-1
0
-1
-2
-1
0
0
-1
1
1
0
1
1
0
-1
0
0
0
1
0
0
0
1
0
0
-1
1
1
0
0
1
1
0
0
1
0
1
1
0
0
0
0
-2
1
0
0
1
0
1
0
1
1
-1
0
-1
0
0
-1
-1
-1
-1
0
1
1
1
1
1
1
1
-1
0
1
-1
-1
0
-1
-1
-1
-1
-1
2
0
0
0
1
0
1
0
-1
-1
-1
0
0
1
1
0
1
0
1
0
1
0
0
0
0
0
1
1
0
1
1
0
-1
-1
0
0
-1
0
0
-1
0
-1
0
-1
1
2
1
1
1
1
1
0
-1
1
0
0
0
0
0
0
1
-1
0
-1
-1
-2
-1
0
-2
0
-1
-1
-1
-1
0
-1
-1
-1
1
-1
-1
0
-2
0
0
-2
-1
0
0
-1
0
-1
0
0
0
0
1
1
1
1
1
1
0
-1
0
1
1
0
1
1
1
2
1
1
0
1
1
1
0
1
0
-1
0
0
1
1
-1
0
2
1
1
0
0
1
-1
0
0
0
0
1
0
-1
-1
0
-1
0
0
-1
-1
-3
-1
-3
-1
-1
1
-1
-2
-2
0
0
0
-1
-1
-1
-2
-1
-1
-1
0
0
1
-2
0
1
0
0
-1
-1
-1
0
0
1
1
1
1
1
1
1
1
1
-1
2
0
1
1
0
0
0
0
0
-1
1
-1
1
1
0
-1
-1
1
0
1
-1
0
-1
-1
0
1
1
2
1
1
-1
0
0
1
1
1
0
0
1
0
0
0
-1
1
1
1
1
0
0
-1
0
0
1
0
-1
0
-1
0
0
1
0
0
0
1
-1
0
0
0
0
-1
0
1
1
0
1
1
0
0
0
1
1
0
0
0
1
1
1
1
-1
-1
-1
-1
0
-1
-1
1
0
1
2
0
-1
-1
-1
-1
-1
-1
-1
-3
-2
-2
-1
-2
-1
-2
-2
-1
-1
-1
0
1
-1
0
1
0
0
0
0
1
1
-1
0
0
-2
-1
1
1
2
0
2
1
2
0
0
1
-1
1
0
0
0
0
0
1
0
0
1
1
1
0
1
1
1
1
1
1
0
1
0
0
-1
0
2
2
1
0
1
-1
0
0
-1
-1
-1
0
-1
0
0
0
-1
0
0
1
1
1
0
1
0
0
0
0
1
0
1
1
1
1
0
0
0
0
-1
0
0
0
0
0
0
0
0
0
-1
0
-2
-1
0
0
0
-1
0
0
-1
-1
-2
-2
0
0
-1
0
2
2
1
1
0
0
0
1
-1
0
-1
0
0
-1
0
0
2
0
0
0
-1
0
0
0
0
0
-1
0
0
-1
0
1
0
-1
-1
-1
0
-1
-1
0
-1
-1
-1
0
0
-1
1
1
-1
1
0
0
-1
0
0
0
0
1
1
1
1
0
0
0
1
0
0
0
1
0
-1
0
1
0
0
0
1
0
-1
-1
-1
0
1
0
1
0
1
1
1
1
1
1
0
0
0
-1
0
-2
0
-1
-1
1
-2
1
1
0
0
0
-1
0
0
1
1
-1
1
1
0
1
-1
0
0
-1
0
0
-1
0
0
0
0
1
1
0
-1
0
-1
0
0
1
1
0
0
0
1
1
2
1
0
1
0
0
1
1
1
1
-1
-1
-1
0
0
1
0
-1
1
1
1
0
1
1
0
1
0
-1
0
1
0
-1
1
0
2
1
1
1
0
0
1
0
1
-1
-2
-1
0
0
-1
1
2
1
0
2
0
0
1
-1
-1
-1
-2
-1
0
1
0
-1
0
-1
0
0
1
0
0
2
0
1
-1
-2
-1
-1
-1
-2
0
-1
-1
0
0
-1
-1
-1
-1
-1
0
0
0
0
0
-1
1
-1
-1
0
0
0
-1
-2
-1
0
1
0
0
2
0
0
-1
-1
0
0
-2
0
-1
-2
-1
-1
0
0
1
-1
1
1
0
0
1
1
1
2
0
0
0
0
-1
1
0
0
1
1
0
1
1
-1
1
1
1
1
0
0
0
1
1
1
0
0
1
2
1
0
1
0
0
0
1
-1
1
2
2
2
3
3
2
3
2
3
2
2
1
1
2
2
0
0
0
0
0
-2
-1
-2
-2
-2
-2
-2
-3
-2
-2
-3
-3
-2
-2
-3
-2
-2
-1
-1
0
0
0
0
0
1
2
2
2
1
2
1
2
2
0
1
1
1
2
2
3
0
-1
0
-2
-1
-3
-3
-2
-3
-3
0
-1
0
0
-1
0
1
1
-1
1
0
1
2
1
2
1
1
2
2
1
2
3
1
1
1
1
1
1
0
0
0
-2
0
-2
-1
-2
-1
0
-1
-1
-1
-1
-3
-3
-3
-2
-1
-1
0
0
1
1
1
-1
0
1
1
2
1
3
3
4
1
3
3
1
1
1
2
-1
-1
0
-3
-2
-3
-5
-6
-6
-6
-7
-8
-8
-8
-7
-9
-8
-9
-8
-7
-8
-7
-8
-7
-6
-6
-5
-4
-4
-3
-3
-2
0
0
1
2
2
4
5
5
7
9
9
11
12
12
13
13
14
14
15
14
11
12
11
10
8
6
4
2
1
0
-1
-2
-3
-5
-7
-7
-8
-8
-8
-9
-8
-9
-8
-7
-5
-3
-5
-2
-3
0
2
2
3
4
5
6
5
7
6
6
6
4
4
2
3
3
2
0
-1
-3
-4
-4
-4
-4
-5
-6
-7
-6
-8
-7
-8
-9
-9
-8
-9
-8
-8
-8
-7
-7
-7
-7
-6
-5
-3
-2
1
3
4
7
13
15
18
21
25
29
33
37
38
38
41
40
41
40
39
37
35
33
30
24
20
18
8
0
-8
-15
-25
-36
-44
-52
-56
-60
-61
-62
-62
-57
-51
-47
-39
-27
-16
-5
8
19
31
40
49
53
57
60
61
61
54
44
34
25
12
0
-12
-22
-34
-48
-58
-69
-80
-89
-93
-100
-106
-106
-109
-114
-121
-118
-117
-118
-113
-100
-90
-81
-63
-45
-33
-15
10
26
36
52
68
71
81
91
93
102
120
138
147
168
193
212
235
264
293
312
338
358
373
382
390
395
388
379
368
353
334
308
279
235
185
129
63
-13
-102
-195
-296
-415
-538
-655
-781
-909
-1023
-1131
-1231
-1324
-1396
-1459
-1506
-1522
-1510
-1480
-1410
-1304
-1181
-1033
-845
-643
-431
-194
59
301
536
780
1006
1207
1399
1584
1733
1864
1981
2070
2116
2147
2160
2140
2091
2026
1934
1808
1657
1497
1317
1118
919
729
533
338
170
25
-114
-241
-338
-433
-534
-626
-705
-802
-919
-1030
-1151
-1305
-1470
-1623
-1787
-1967
-2124
-2254
-2398
-2528
-2611
-2665
-2713
-2698
-2617
-2502
-2354
-2129
-1861
-1582
-1255
-875
-488
-115
286
694
1056
1396
1735
2037
2283
2518
2731
2872
2969
3039
3072
3036
2981
2905
2770
2599
2406
2178
1906
1628
1358
1066
785
525
276
46
-140
-287
-431
-540
-618
-699
-784
-848
-910
-1011
-1113
-1210
-1346
-1514
-1666
-1815
-1988
-2137
-2251
-2372
-2482
-2542
-2572
-2597
-2561
-2461
-2341
-2189
-1958
-1696
-1438
-1131
-770
-421
-96
268
634
943
1236
1539
1802
2007
2214
2407
2530
2612
2681
2712
2686
2640
2576
2463
2316
2152
1952
1719
1476
1237
983
744
530
316
118
-37
-156
-273
-363
-423
-486
-561
-623
-685
-782
-888
-998
-1133
-1304
-1472
-1627
-1804
-1958
-2080
-2189
-2294
-2351
-2364
-2387
-2349
-2256
-2134
-2004
-1803
-1548
-1314
-1039
-716
-387
-92
223
575
874
1160
1445
1719
1935
2130
2333
2465
2563
2625
2668
2649
2591
2522
2386
2234
2050
1847
1610
1343
1103
836
597
373
170
-18
-175
-273
-388
-461
-514
-560
-618
-672
-699
-786
-880
-971
-1079
-1228
-1392
-1512
-1671
-1824
-1949
-2038
-2127
-2209
-2221
-2243
-2245
-2203
-2110
-2005
-1890
-1677
-1477
-1257
-1008
-705
-424
-164
173
498
791
1069
1378
1663
1863
2093
2303
2461
2546
2627
2702
2675
2636
2555
2463
2308
2135
1954
1737
1509
1268
1040
841
646
467
314
207
115
9
-56
-116
-191
-288
-370
-450
-601
-746
-898
-1081
-1286
-1496
-1662
-1891
-2072
-2214
-2341
-2463
-2579
-2582
-2654
-2677
-2633
-2541
-2435
-2361
-2094
-1881
-1656
-1411
-1070
-702
-464
-67
313
669
935
1256
1632
1817
2036
2243
2440
2529
2548
2683
2647
2616
2514
2473
2361
2166
2044
1839
1678
1445
1261
1089
906
788
644
577
515
437
396
327
322
193
100
-13
-149
-347
-575
-768
-1050
-1339
-1616
-1859
-2137
-2410
-2606
-2788
-2981
-3127
-3214
-3273
-3324
-3267
-3148
-3006
-2840
-2568
-2251
-1930
-1558
-1106
-636
-199
280
785
1241
1629
2023
2415
2712
2946
3154
3316
3384
3392
3395
3334
3204
3051
2889
2698
2440
2201
1923
1665
1392
1144
901
674
503
340
212
117
37
-31
-110
-150
-243
-369
-481
-623
-763
-993
-1181
-1421
-1666
-1920
-2159
-2369
-2607
-2798
-2954
-3089
-3188
-3313
-3301
-3281
-3179
-3077
-2884
-2616
-2379
-2041
-1658
-1195
-793
-341
201
677
1115
1534
2005
2383
2665
2992
3241
3411
3467
3561
3590
3497
3388
3264
3114
2862
2609
2357
2052
1749
1443
1181
896
628
408
199
49
-110
-223
-317
-398
-490
-614
-716
-839
-998
-1152
-1332
-1542
-1799
-2037
-2255
-2505
-2721
-2896
-3045
-3184
-3296
-3330
-3412
-3378
-3305
-3137
-2986
-2754
-2433
-2148
-1784
-1384
-907
-497
-31
509
984
1416
1831
2278
2626
2901
3227
3461
3616
3678
3768
3776
3668
3565
3431
3250
2987
2739
2477
2151
1841
1541
1278
996
736
526
304
147
-21
-138
-247
-357
-468
-605
-726
-871
-1040
-1228
-1446
-1703
-1973
-2257
-2503
-2777
-2998
-3192
-3355
-3489
-3602
-3659
-3727
-3659
-3576
-3392
-3207
-2910
-2591
-2261
-1844
-1406
-920
-472
69
628
1123
1607
2059
2505
2848
3183
3523
3744
3903
3984
4069
4023
3924
3808
3643
3406
3144
2890
2588
2237
1928
1639
1357
1083
852
648
418
264
120
6
-119
-225
-351
-481
-632
-774
-972
-1188
-1432
-1724
-2002
-2324
-2585
-2891
-3119
-3314
-3489
-3645
-3758
-3821
-3871
-3815
-3697
-3517
-3340
-3045
-2722
-2364
-1975
-1509
-1015
-558
-23
555
1071
1536
1987
2456
2821
3160
3502
3748
3896
3962
4056
4013
3901
3741
3576
3322
3036
2758
2455
2096
1768
1487
1207
931
698
510
297
144
8
-92
-208
-299
-402
-507
-656
-767
-949
-1150
-1402
-1671
-1927
-2244
-2497
-2779
-3005
-3223
-3403
-3538
-3649
-3739
-3766
-3721
-3597
-3464
-3273
-2984
-2698
-2334
-1946
-1455
-1003
-546
3
562
1051
1498
1968
2439
2801
3168
3512
3756
3887
3967
4076
4034
3918
3758
3590
3338
3042
2760
2439
2076
1743
1443
1149
846
598
400
202
32
-137
-250
-352
-431
-522
-633
-749
-859
-1036
-1219
-1460
-1707
-1960
-2225
-2449
-2702
-2921
-3122
-3278
-3388
-3465
-3534
-3550
-3508
-3368
-3238
-3038
-2761
-2463
-2101
-1726
-1241
-809
-368
150
676
1122
1534
1971
2403
2747
3089
3391
3602
3695
3755
3832
3786
3662
3509
3346
3123
2845
2587
2282
1961
1659
1382
1118
829
615
441
289
125
-48
-154
-233
-302
-398
-519
-628
-781
-984
-1184
-1443
-1720
-2011
-2272
-2508
-2758
-2976
-3179
-3335
-3435
-3488
-3549
-3559
-3488
-3342
-3206
-2983
-2683
-2361
-2013
-1599
-1101
-665
-223
317
841
1264
1689
2144
2555
2889
3226
3527
3701
3770
3841
3889
3814
3678
3549
3370
3105
2832
2584
2266
1944
1641
1380
1096
809
618
456
313
140
-15
-110
-185
-261
-371
-494
-628
-821
-1038
-1270
-1563
-1884
-2202
-2476
-2734
-2990
-3205
-3412
-3580
-3669
-3700
-3727
-3711
-3600
-3438
-3274
-3008
-2699
-2354
-1994
-1535
-1016
-588
-124
424
926
1333
1770
2233
2613
2935
3266
3545
3689
3751
3842
3866
3766
3637
3520
3318
3021
2763
2508
2192
1866
1563
1306
996
725
537
374
221
53
-79
-171
-241
-327
-443
-565
-711
-901
-1115
-1372
-1671
-1997
-2310
-2590
-2850
-3112
-3330
-3534
-3690
-3759
-3792
-3774
-3713
-3559
-3377
-3145
-2839
-2516
-2126
-1713
-1207
-687
-230
286
822
1297
1714
2149
2588
2922
3217
3503
3710
3807
3842
3899
3864
3722
3560
3398
3149
2824
2554
2259
1942
1602
1310
1036
725
482
285
126
-27
-176
-282
-361
-429
-527
-622
-730
-871
-1027
-1218
-1457
-1727
-2000
-2269
-2521
-2759
-2990
-3174
-3340
-3450
-3498
-3534
-3481
-3385
-3213
-3038
-2779
-2482
-2158
-1773
-1359
-872
-416
39
545
1028
1461
1859
2269
2662
2934
3203
3444
3587
3650
3680
3704
3620
3467
3294
3120
2835
2530
2282
1968
1658
1349
1110
839
577
396
226
96
-32
-140
-214
-293
-372
-470
-570
-708
-870
-1033
-1250
-1509
-1783
-2050
-2331
-2598
-2849
-3075
-3259
-3422
-3501
-3568
-3595
-3540
-3427
-3253
-3072
-2797
-2486
-2130
-1750
-1304
-821
-383
98
609
1094
1519
1930
2360
2726
3001
3284
3516
3642
3710
3763
3757
3655
3501
3329
3138
2821
2546
2268
1912
1587
1285
1036
750
522
356
198
89
-12
-85
-137
-201
-254
-331
-428
-567
-727
-897
-1133
-1399
-1680
-1963
-2267
-2547
-2823
-3067
-3272
-3449
-3538
-3645
-3662
-3639
-3525
-3370
-3189
-2914
-2593
-2223
-1844
-1363
-887
-450
48
563
1052
1471
1900
2335
2677
2976
3248
3482
3597
3670
3738
3733
3651
3503
3358
3172
2893
2655
2371
2056
1751
1462
1230
956
743
557
413
298
175
97
20
-61
-141
-239
-369
-538
-732
-940
-1219
-1504
-1814
-2133
-2459
-2760
-3059
-3315
-3532
-3709
-3798
-3907
-3894
-3870
-3717
-3564
-3339
-3039
-2680
-2287
-1876
-1353
-875
-409
108
643
1138
1566
2019
2446
2793
3089
3342
3580
3659
3733
3781
3783
3673
3517
3380
3173
2903
2640
2355
2052
1719
1440
1209
922
706
507
379
231
104
30
-62
-145
-233
-331
-483
-655
-869
-1097
-1392
-1687
-2014
-2343
-2678
-2982
-3278
-3523
-3731
-3856
-3931
-3998
-3937
-3863
-3662
-3497
-3200
-2868
-2458
-2056
-1583
-1044
-571
-76
467
1006
1488
1925
2387
2787
3118
3380
3629
3809
3844
3904
3909
3871
3693
3549
3368
3122
2830
2550
2250
1933
1589
1333
1075
795
594
407
290
133
37
-37
-113
-188
-257
-370
-511
-676
-900
-1145
-1442
-1754
-2091
-2425
-2765
-3077
-3382
-3624
-3825
-3927
-4031
-4060
-3995
-3894
-3700
-3527
-3183
-2871
-2441
-2039
-1518
-1007
-543
-13
527
1062
1531
1995
2461
2842
3171
3457
3716
3864
3911
3994
3992
3920
3751
3617
3404
3135
2852
2570
2253
1917
1592
1339
1052
772
576
401
266
116
37
-24
-104
-167
-220
-340
-468
-656
-875
-1126
-1445
-1769
-2099
-2435
-2790
-3098
-3393
-3641
-3850
-3958
-4069
-4083
-4045
-3929
-3748
-3566
-3222
-2922
-2481
-2093
-1558
-1075
-612
-81
439
974
1425
1900
2356
2740
3078
3394
3658
3802
3859
3966
3950
3868
3716
3557
3339
3058
2793
2510
2189
1842
1543
1298
1002
737
554
392
263
134
79
23
-48
-83
-126
-239
-371
-573
-777
-1041
-1371
-1680
-2009
-2341
-2689
-2954
-3243
-3476
-3676
-3779
-3902
-3923
-3908
-3790
-3632
-3458
-3130
-2845
-2419
-2052
-1508
-1054
-586
-66
434
947
1376
1831
2267
2643
2974
3281
3548
3691
3761
3876
3838
3777
3615
3466
3256
2973
2711
2420
2097
1746
1451
1197
887
648
454
301
187
59
18
-42
-75
-117
-150
-261
-405
-602
-819
-1092
-1416
-1732
-2078
-2394
-2743
-2971
-3256
-3443
-3632
-3729
-3862
-3880
-3880
-3749
-3600
-3445
-3131
-2857
-2443
-2098
-1534
-1082
-583
-70
446
969
1387
1830
2283
2656
2973
3251
3551
3687
3749
3857
3836
3798
3606
3511
3323
3054
2793
2511
2214
1869
1575
1336
1046
823
611
501
391
248
197
135
94
13
-27
-165
-318
-536
-783
-1054
-1393
-1738
-2089
-2418
-2779
-3004
-3285
-3448
-3642
-3730
-3874
-3875
-3874
-3713
-3598
-3447
-3138
-2881
-2489
-2156
-1579
-1137
-620
-109
456
981
1400
1873
2354
2714
3030
3300
3611
3702
3751
3864
3822
3755
3548
3477
3247
2971
2706
2402
2110
1756
1481
1246
966
745
565
494
370
256
210
149
83
7
-39
-199
-341
-557
-781
-1047
-1395
-1736
-2077
-2431
-2783
-3022
-3298
-3476
-3674
-3756
-3907
-3899
-3894
-3713
-3622
-3439
-3133
-2879
-2488
-2150
-1587
-1157
-633
-110
484
993
1434
1923
2405
2758
3078
3343
3616
3676
3730
3841
3763
3686
3486
3403
3134
2873
2590
2285
2002
1649
1407
1165
898
667
531
457
325
236
187
123
35
-35
-96
-262
-416
-624
-811
-1095
-1441
-1758
-2091
-2463
-2815
-3065
-3346
-3556
-3756
-3838
-4001
-4020
-4031
-3848
-3757
-3549
-3246
-2952
-2547
-2185
-1621
-1178
-640
-102
517
1046
1509
1987
2492
2869
3222
3497
3753
3831
3895
4001
3939
3889
3702
3593
3341
3105
2798
2511
2230
1884
1641
1384
1130
882
735
619
489
374
287
207
109
27
-55
-215
-381
-586
-780
-1090
-1410
-1731
-2070
-2426
-2782
-3049
-3343
-3560
-3750
-3839
-4036
-4084
-4108
-3950
-3865
-3668
-3371
-3084
-2680
-2291
-1720
-1301
-789
-255
365
888
1338
1810
2321
2697
3074
3366
3605
3673
3722
3833
3778
3716
3533
3425
3204
2989
2715
2460
2193
1866
1657
1414
1175
934
765
637
498
368
272
188
104
29
-42
-188
-365
-560
-782
-1096
-1418
-1730
-2066
-2399
-2748
-3015
-3285
-3504
-3667
-3759
-3960
-4009
-4013
-3866
-3776
-3608
-3303
-3047
-2649
-2257
-1666
-1254
-771
-237
372
893
1346
1836
2362
2734
3109
3430
3675
3757
3800
3929
3881
3794
3611
3531
3321
3104
2849
2604
2337
2003
1803
1576
1322
1087
900
768
598
454
373
275
203
108
44
-114
-326
-532
-786
-1115
-1476
-1781
-2120
-2464
-2801
-3073
-3316
-3549
-3718
-3809
-4003
-4040
-4032
-3883
-3792
-3664
-3355
-3129
-2744
-2392
-1808
-1383
-934
-421
162
689
1147
1646
2177
2547
2895
3217
3485
3600
3646
3774
3740
3657
3483
3420
3231
3008
2761
2529
2278
1964
1747
1555
1298
1099
913
795
616
458
399
293
236
110
37
-145
-372
-588
-843
-1169
-1549
-1856
-2189
-2546
-2881
-3153
-3396
-3627
-3811
-3893
-4067
-4103
-4086
-3939
-3826
-3719
-3404
-3170
-2776
-2427
-1849
-1383
-925
-397
190
752
1243
1760
2301
2703
3077
3402
3693
3850
3920
4049
4031
3974
3812
3724
3550
3338
3109
2866
2616
2320
2083
1885
1629
1425
1206
1049
844
662
573
441
361
213
105
-102
-338
-567
-822
-1133
-1524
-1844
-2201
-2581
-2935
-3204
-3445
-3677
-3864
-3965
-4122
-4209
-4201
-4089
-3961
-3894
-3601
-3360
-2984
-2646
-2107
-1612
-1158
-630
-52
519
993
1483
2015
2433
2797
3111
3386
3558
3621
3767
3775
3744
3601
3515
3393
3197
3014
2787
2570
2297
2080
1895
1658
1437
1207
1040
841
648
550
433
335
198
86
-97
-331
-538
-768
-1038
-1418
-1736
-2082
-2453
-2811
-3066
-3287
-3507
-3690
-3795
-3938
-4077
-4086
-4010
-3861
-3824
-3556
-3316
-2964
-2632
-2131
-1608
-1168
-643
-67
517
984
1447
1975
2419
2777
3090
3352
3548
3592
3746
3786
3784
3655
3565
3488
3295
3123
2885
2691
2421
2185
1985
1743
1499
1244
1056
868
658
537
409
309
170
43
-110
-331
-522
-756
-1008
-1364
-1686
-2015
-2372
-2723
-2999
-3234
-3443
-3624
-3733
-3863
-4014
-4031
-3986
-3831
-3791
-3562
-3312
-3004
-2664
-2234
-1706
-1287
-777
-201
385
872
1312
1835
2321
2678
3016
3274
3511
3562
3697
3789
3791
3699
3589
3573
3401
3235
3017
2850
2612
2355
2173
1945
1670
1393
1196
1016
778
619
503
395
250
109
-1
-220
-438
-671
-915
-1267
-1635
-1944
-2300
-2665
-3000
-3242
-3480
-3715
-3861
-3975
-4134
-4209
-4177
-4041
-3962
-3828
-3537
-3276
-2942
-2587
-2051
-1609
-1131
-558
48
593
1049
1569
2118
2503
2865
3152
3440
3569
3658
3805
3826
3785
3660
3660
3560
3397
3202
3043
2828
2550
2339
2135
1829
1511
1281
1093
850
634
507
380
231
67
-30
-220
-476
-715
-952
-1263
-1650
-1941
-2276
-2622
-2968
-3219
-3444
-3726
-3907
-4008
-4152
-4270
-4234
-4129
-3991
-3908
-3605
-3336
-3028
-2682
-2180
-1675
-1255
-701
-101
473
945
1450
2010
2411
2773
3083
3379
3581
3639
3784
3840
3829
3738
3708
3696
3560
3400
3237
3045
2779
2524
2339
2047
1708
1450
1243
1030
784
628
481
338
161
36
-110
-378
-635
-889
-1156
-1535
-1838
-2163
-2490
-2834
-3138
-3351
-3650
-3871
-3999
-4110
-4274
-4263
-4199
-4043
-3960
-3724
-3406
-3125
-2755
-2333
-1780
-1377
-873
-284
323
818
1301
1864
2326
2697
3030
3344
3612
3692
3790
3908
3917
3870
3800
3846
3733
3569
3395
3204
2953
2638
2439
2165
1810
1514
1279
1078
804
617
464
321
153
-1
-95
-350
-601
-847
-1079
-1417
-1741
-2045
-2374
-2714
-3069
-3291
-3564
-3802
-3961
-4037
-4204
-4252
-4215
-4081
-3965
-3831
-3505
-3241
-2869
-2534
-2003
-1560
-1120
-568
46
582
1038
1566
2090
2509
2851
3166
3486
3648
3716
3871
3935
3945
3834
3859
3787
3610
3418
3209
2983
2648
2401
2146
1816
1490
1205
996
726
501
331
181
39
-135
-225
-436
-674
-902
-1120
-1396
-1730
-2021
-2351
-2686
-3067
-3334
-3581
-3820
-3994
-4085
-4212
-4319
-4296
-4208
-4053
-3969
-3687
-3406
-3048
-2716
-2258
-1732
-1311
-782
-166
414
900
1413
1975
2477
2854
3196
3546
3813
3921
4089
4224
4269
4172
4132
4120
3951
3748
3535
3327
3015
2732
2491
2193
1840
1527
1297
1037
769
565
386
230
36
-107
-279
-534
-769
-994
-1235
-1572
-1886
-2203
-2540
-2929
-3245
-3484
-3731
-3934
-4079
-4173
-4327
-4348
-4295
-4154
-4063
-3892
-3583
-3285
-2943
-2581
-2045
-1609
-1158
-560
27
544
1050
1593
2149
2549
2908
3255
3576
3744
3873
4050
4109
4065
3989
4020
3920
3731
3546
3367
3111
2820
2583
2336
1984
1667
1436
1201
921
693
500
317
136
-58
-200
-449
-701
-936
-1165
-1467
-1821
-2120
-2422
-2792
-3127
-3373
-3595
-3817
-4013
-4094
-4233
-4337
-4296
-4189
-4046
-3979
-3703
-3408
-3084
-2768
-2298
-1790
-1392
-845
-235
346
865
1369
1958
2430
2801
3154
3512
3773
3872
4055
4188
4205
4154
4171
4168
4025
3841
3675
3458
3164
2885
2660
2335
1988
1718
1477
1197
914
696
467
275
48
-122
-344
-633
-883
-1149
-1420
-1804
-2150
-2422
-2767
-3105
-3397
-3615
-3836
-4078
-4186
-4290
-4443
-4459
-4361
-4207
-4134
-3968
-3662
-3346
-3041
-2644
-2113
-1685
-1204
-613
14
559
1027
1588
2134
2547
2903
3271
3615
3762
3888
4094
4158
4141
4128
4151
4086
3904
3730
3539
3267
2960
2718
2447
2110
1800
1535
1291
990
754
536
331
125
-70
-224
-500
-748
-1014
-1258
-1590
-1974
-2236
-2539
-2860
-3178
-3431
-3640
-3917
-4087
-4165
-4301
-4410
-4344
-4215
-4103
-4009
-3753
-3445
-3156
-2812
-2307
-1818
-1377
-837
-198
399
867
1372
1962
2443
2841
3224
3610
3869
3951
4161
4305
4304
4280
4285
4294
4141
3940
3760
3517
3193
2890
2626
2308
1955
1622
1373
1062
752
530
311
96
-127
-267
-497
-768
-1026
-1250
-1516
-1890
-2177
-2452
-2756
-3089
-3382
-3597
-3852
-4088
-4184
-4265
-4419
-4432
-4335
-4197
-4113
-3942
-3646
-3381
-3059
-2630
-2088
-1651
-1186
-574
67
569
1028
1593
2141
2574
2990
3371
3720
3847
4002
4215
4268
4261
4237
4287
4212
4030
3863
3689
3410
3082
2805
2526
2173
1818
1541
1268
914
674
478
262
25
-140
-316
-597
-868
-1081
-1316
-1661
-1991
-2280
-2577
-2930
-3247
-3498
-3715
-3960
-4111
-4179
-4315
-4413
-4368
-4250
-4140
-4073
-3800
-3558
-3255
-2901
-2392
-1898
-1503
-940
-278
298
762
1293
1892
2371
2827
3232
3630
3872
3997
4248
4376
4419
4381
4411
4407
4267
4117
3963
3741
3411
3094
2815
2450
2072
1740
1469
1115
816
628
400
156
-61
-215
-450
-758
-979
-1201
-1509
-1861
-2190
-2479
-2836
-3165
-3449
-3657
-3883
-4076
-4179
-4275
-4414
-4427
-4344
-4204
-4181
-3993
-3709
-3441
-3118
-2707
-2152
-1755
-1280
-646
-2
500
982
1591
2145
2588
3017
3417
3765
3903
4108
4322
4403
4386
4367
4422
4341
4194
4032
3859
3559
3185
2887
2535
2133
1759
1457
1153
807
590
386
154
-84
-256
-401
-676
-937
-1157
-1419
-1756
-2119
-2420
-2753
-3082
-3395
-3626
-3845
-4066
-4222
-4322
-4435
-4526
-4481
-4349
-4268
-4195
-3915
-3644
-3343
-3004
-2484
-1998
-1581
-1009
-332
258
758
1318
1963
2463
2895
3319
3719
3990
4143
4402
4566
4597
4567
4628
4637
4507
4328
4171
3937
3560
3204
2892
2500
2090
1749
1438
1088
782
578
351
111
-104
-232
-444
-730
-985
-1237
-1558
-1949
-2279
-2594
-2938
-3277
-3563
-3791
-4046
-4247
-4385
-4487
-4617
-4632
-4519
-4398
-4333
-4155
-3859
-3591
-3268
-2857
-2315
-1898
-1400
-751
-93
451
976
1609
2207
2659
3090
3501
3869
4066
4276
4504
4579
4576
4597
4666
4584
4417
4252
4064
3750
3368
3061
2726
2293
1935
1599
1247
884
633
415
174
-50
-215
-389
-672
-948
-1211
-1503
-1890
-2243
-2539
-2875
-3220
-3533
-3754
-3995
-4226
-4375
-4456
-4587
-4646
-4536
-4391
-4280
-4166
-3855
-3575
-3264
-2907
-2376
-1900
-1473
-875
-192
393
893
1485
2134
2635
3061
3496
3912
4169
4330
4574
4691
4692
4675
4750
4723
4552
4393
4203
3951
3556
3234
2932
2502
2105
1758
1414
1031
731
508
275
55
-143
-307
-568
-868
-1144
-1421
-1770
-2173
-2481
-2805
-3157
-3500
-3751
-3954
-4215
-4399
-4487
-4590
-4717
-4658
-4526
-4374
-4308
-4042
-3740
-3458
-3134
-2675
-2135
-1748
-1221
-574
71
575
1117
1766
2332
2762
3201
3644
3976
4110
4321
4491
4541
4500
4545
4593
4451
4303
4119
3925
3565
3226
2931
2546
2129
1775
1450
1097
779
552
336
142
-52
-215
-421
-711
-985
-1253
-1541
-1936
-2272
-2581
-2917
-3260
-3557
-3758
-4010
-4240
-4356
-4450
-4623
-4654
-4575
-4421
-4359
-4202
-3894
-3647
-3347
-2962
-2410
-1981
-1505
-884
-196
388
928
1570
2208
2689
3142
3604
3998
4195
4372
4596
4711
4704
4704
4800
4721
4551
4387
4218
3907
3529
3197
2842
2409
2020
1675
1322
957
668
449
229
17
-171
-333
-588
-871
-1130
-1395
-1732
-2098
-2394
-2707
-3034
-3359
-3586
-3816
-4081
-4230
-4325
-4487
-4596
-4534
-4412
-4298
-4238
-3940
-3699
-3442
-3109
-2625
-2137
-1732
-1159
-498
122
633
1235
1874
2391
2820
3275
3672
3938
4084
4336
4497
4531
4504
4606
4622
4443
4308
4157
3922
3539
3196
2886
2490
2089
1739
1405
1030
684
477
249
19
-202
-332
-533
-844
-1096
-1370
-1661
-2062
-2381
-2690
-3014
-3367
-3641
-3855
-4141
-4331
-4429
-4526
-4682
-4612
-4504
-4330
-4291
-4041
-3740
-3503
-3170
-2751
-2183
-1777
-1252
-589
91
616
1187
1845
2438
2883
3329
3761
4116
4257
4492
4706
4774
4728
4765
4836
4683
4519
4332
4121
3742
3357
3046
2682
2264
1885
1553
1189
798
569
348
118
-136
-291
-439
-761
-1036
-1317
-1586
-1990
-2358
-2674
-2998
-3363
-3684
-3906
-4178
-4413
-4540
-4586
-4760
-4747
-4654
-4476
-4414
-4264
-3934
-3703
-3367
-3003
-2440
-1976
-1525
-877
-162
404
923
1564
2213
2697
3114
3567
4002
4190
4378
4637
4766
4756
4746
4823
4751
4586
4371
4161
3840
3441
3113
2794
2393
1998
1672
1347
956
689
490
271
24
-184
-300
-579
-891
-1170
-1419
-1778
-2194
-2514
-2835
-3181
-3536
-3790
-4029
-4292
-4456
-4518
-4659
-4759
-4689
-4550
-4440
-4381
-4074
-3808
-3485
-3134
-2642
-2087
-1683
-1094
-368
271
764
1347
2030
2576
2969
3425
3889
4164
4305
4575
4759
4782
4770
4809
4823
4672
4469
4253
3990
3637
3273
2980
2600
2188
1850
1533
1157
810
601
362
101
-153
-303
-513
-849
-1140
-1383
-1687
-2111
-2452
-2766
-3106
-3473
-3779
-4011
-4279
-4470
-4581
-4676
-4829
-4792
-4677
-4518
-4472
-4228
-3905
-3599
-3230
-2816
-2214
-1796
-1293
-597
82
594
1109
1784
2399
2803
3255
3710
4064
4206
4439
4676
4711
4710
4712
4801
4678
4488
4291
4054
3767
3373
3085
2727
2302
1954
1640
1290
873
625
390
107
-162
-362
-502
-798
-1095
-1335
-1597
-1980
-2353
-2649
-2991
-3366
-3716
-3972
-4231
-4456
-4604
-4675
-4812
-4818
-4712
-4526
-4436
-4262
-3912
-3624
-3247
-2881
-2296
-1822
-1384
-721
-34
527
1009
1647
2310
2766
3207
3663
4073
4277
4458
4728
4809
4825
4792
4898
4831
4635
4453
4217
3953
3520
3201
2853
2420
2021
1697
1382
946
630
394
128
-143
-394
-513
-735
-1029
-1271
-1517
-1839
-2238
-2527
-2842
-3211
-3576
-3862
-4100
-4342
-4520
-4591
-4695
-4763
-4693
-4522
-4395
-4291
-3971
-3711
-3372
-3052
-2540
-2025
-1630
-1022
-341
277
763
1346
2013
2547
2974
3415
3848
4128
4268
4525
4665
4729
4676
4740
4741
4571
4401
4201
3984
3572
3238
2929
2551
2125
1790
1500
1131
767
514
284
37
-230
-383
-543
-820
-1074
-1324
-1595
-2005
-2321
-2615
-2974
-3350
-3678
-3925
-4177
-4398
-4504
-4591
-4732
-4716
-4591
-4433
-4383
-4121
-3860
-3573
-3279
-2852
-2299
-1912
-1376
-699
-23
507
1068
1739
2376
2841
3306
3782
4164
4302
4548
4764
4886
4853
4855
4909
4770
4586
4390
4203
3824
3452
3130
2778
2321
1925
1586
1240
834
520
282
38
-223
-423
-557
-807
-1077
-1336
-1569
-1952
-2320
-2620
-2967
-3369
-3745
-4026
-4279
-4536
-4694
-4759
-4921
-4925
-4812
-4610
-4537
-4316
-3997
-3706
-3380
-3008
-2428
-1991
-1530
-883
-199
351
874
1514
2189
2672
3137
3622
4072
4245
4463
4738
4904
4931
4918
5024
4945
4767
4566
4390
4060
3666
3308
2954
2483
2050
1683
1338
924
580
344
112
-128
-349
-468
-686
-958
-1231
-1448
-1782
-2183
-2515
-2856
-3274
-3693
-4015
-4270
-4546
-4763
-4833
-4980
-5020
-4914
-4714
-4589
-4431
-4082
-3780
-3410
-3059
-2517
-1994
-1581
-963
-296
274
766
1359
2045
2542
2998
3476
3944
4201
4385
4694
4882
4958
4967
5082
5086
4911
4722
4531
4245
3854
3458
3101
2623
2171
1804
1459
1059
701
472
249
36
-201
-322
-513
-788
-1055
-1285
-1584
-1987
-2338
-2668
-3074
-3504
-3849
-4104
-4364
-4618
-4703
-4820
-4911
-4834
-4680
-4510
-4413
-4090
-3788
-3420
-3070
-2618
-2050
-1661
-1104
-467
130
610
1127
1808
2328
2772
3229
3674
4012
4162
4462
4660
4751
4756
4823
4894
4746
4567
4365
4122
3777
3373
3023
2581
2124
1759
1418
1055
686
435
202
14
-215
-361
-518
-782
-1029
-1269
-1541
-1917
-2279
-2605
-2988
-3405
-3777
-4049
-4302
-4583
-4718
-4812
-4947
-4940
-4853
-4664
-4582
-4335
-4035
-3699
-3350
-2964
-2391
-1964
-1452
-826
-162
381
870
1545
2153
2641
3106
3588
4038
4247
4535
4793
4934
4955
4989
5092
5011
4832
4627
4409
4094
3688
3332
2927
2460
2053
1706
1371
964
653
401
204
-24
-214
-347
-591
-849
-1111
-1362
-1709
-2101
-2442
-2814
-3223
-3642
-3945
-4192
-4464
-4651
-4728
-4852
-4888
-4823
-4627
-4505
-4338
-4056
-3750
-3416
-3078
-2544
-2092
-1642
-1064
-396
178
644
1235
1880
2400
2848
3338
3848
4139
4392
4695
4893
4945
4965
5060
5035
4860
4649
4444
4138
3728
3365
2985
2538
2088
1728
1416
1012
661
401
206
-21
-235
-368
-585
-849
-1141
-1392
-1703
-2112
-2470
-2849
-3263
-3707
-4040
-4295
-4531
-4742
-4821
-4921
-4943
-4843
-4648
-4479
-4332
-4045
-3741
-3403
-3060
-2545
-2072
-1653
-1101
-453
131
601
1138
1791
2329
2779
3258
3778
4133
4358
4677
4900
4976
4982
5051
5047
4884
4674
4481
4185
3772
3402
3039
2621
2145
1761
1450
1078
731
470
287
74
-137
-274
-462
-698
-987
-1247
-1525
-1913
-2278
-2665
-3101
-3552
-3921
-4204
-4430
-4657
-4762
-4873
-4901
-4776
-4612
-4454
-4304
-4004
-3698
-3368
-3005
-2493
-2012
-1609
-1058
-440
138
602
1118
1763
2274
2717
3161
3648
4009
4197
4498
4705
4776
4764
4799
4784
4627
4428
4241
3960
3551
3191
2840
2441
1960
1566
1257
909
595
367
190
-7
-197
-306
-467
-682
-931
-1166
-1417
-1772
-2114
-2474
-2919
-3379
-3752
-4042
-4291
-4550
-4688
-4806
-4874
-4785
-4665
-4533
-4402
-4108
-3794
-3479
-3120
-2630
-2125
-1732
-1178
-552
53
531
1071
1761
2296
2761
3230
3724
4119
4310
4616
4848
4911
4907
4936
4926
4750
4539
4358
4093
3682
3315
2975
2576
2083
1685
1372
1033
712
498
310
101
-90
-201
-349
-580
-819
-1048
-1305
-1654
-2009
-2362
-2794
-3266
-3645
-3936
-4196
-4479
-4645
-4758
-4827
-4771
-4681
-4542
-4399
-4120
-3802
-3497
-3152
-2713
-2237
-1863
-1358
-758
-182
268
795
1469
2003
2460
2943
3420
3818
4039
4346
4603
4677
4713
4769
4786
4618
4406
4250
4009
3633
3274
2961
2584
2118
1749
1437
1114
793
590
403
193
12
-114
-253
-479
-710
-947
-1242
-1595
-1972
-2349
-2778
-3239
-3628
-3957
-4236
-4524
-4698
-4831
-4890
-4822
-4727
-4580
-4412
-4110
-3765
-3442
-3067
-2605
-2131
-1736
-1239
-630
-72
369
905
1566
2086
2526
3021
3489
3858
4100
4404
4658
4726
4776
4839
4849
4673
4452
4283
4021
3657
3292
2984
2601
2154
1799
1476
1139
811
610
417
200
21
-101
-250
-456
-669
-892
-1201
-1558
-1928
-2300
-2724
-3156
-3523
-3879
-4192
-4496
-4659
-4820
-4902
-4843
-4742
-4623
-4490
-4199
-3849
-3531
-3156
-2677
-2198
-1786
-1288
-669
-125
319
856
1517
2022
2439
2934
3404
3754
4002
4306
4556
4621
4676
4749
4748
4569
4351
4163
3880
3521
3156
2872
2490
2071
1728
1423
1089
763
580
400
190
13
-88
-236
-434
-631
-834
-1139
-1497
-1859
-2207
-2627
-3049
-3406
-3752
-4083
-4398
-4556
-4718
-4809
-4764
-4643
-4547
-4455
-4193
-3847
-3531
-3167
-2685
-2205
-1776
-1267
-642
-100
358
908
1562
2065
2470
2958
3446
3786
4034
4333
4573
4652
4712
4796
4768
4564
4337
4130
3825
3446
3083
2800
2404
1970
1630
1347
1027
715
550
403
211
50
-27
-150
-345
-537
-739
-1035
-1394
-1754
-2114
-2559
-3007
-3379
-3720
-4062
-4370
-4552
-4710
-4794
-4740
-4614
-4533
-4443
-4182
-3840
-3509
-3136
-2655
-2190
-1765
-1243
-632
-110
327
870
1481
1957
2342
2806
3285
3608
3858
4160
4401
4508
4589
4698
4665
4471
4269
4081
3785
3403
3070
2766
2358
1911
1586
1320
1014
730
573
442
268
128
61
-54
-248
-450
-655
-937
-1288
-1642
-2034
-2496
-2954
-3323
-3666
-4013
-4322
-4536
-4710
-4800
-4757
-4651
-4590
-4480
-4204
-3859
-3512
-3118
-2626
-2161
-1720
-1170
-552
-47
385
925
1521
1978
2362
2820
3279
3587
3837
4142
4371
4474
4548
4648
4609
4428
4237
4046
3744
3354
3014
2686
2268
1840
1529
1269
976
716
569
438
279
147
72
-53
-255
-456
-657
-932
-1276
-1631
-2033
-2489
-2921
-3271
-3615
-3961
-4253
-4466
-4658
-4750
-4702
-4595
-4528
-4386
-4070
-3721
-3371
-2959
-2440
-1977
-1532
-968
-366
92
494
1026
1594
2006
2374
2840
3281
3553
3789
4089
4289
4360
4429
4525
4464
4270
4090
3900
3568
3150
2807
2483
2065
1656
1361
1104
816
587
469
354
198
87
29
-92
-282
-469
-656
-937
-1288
-1649
-2062
-2536
-2972
-3334
-3695
-4046
-4340
-4561
-4764
-4834
-4771
-4656
-4565
-4361
-4004
-3653
-3288
-2835
-2298
-1835
-1371
-797
-225
199
623
1177
1718
2118
2524
3013
3430
3674
3915
4197
4365
4427
4493
4550
4435
4231
4064
3860
3505
3092
2747
2404
1980
1590
1296
1026
735
537
429
304
154
71
40
-74
-237
-406
-584
-881
-1231
-1595
-2010
-2488
-2909
-3263
-3621
-3972
-4258
-4469
-4649
-4690
-4634
-4524
-4421
-4181
-3837
-3514
-3151
-2693
-2191
-1748
-1291
-746
-231
176
627
1168
1663
2056
2477
2934
3290
3506
3749
3992
4125
4175
4222
4239
4106
3918
3774
3575
3235
2860
2531
2205
1810
1466
1194
936
673
516
419
290
154
103
88
-35
-194
-350
-532
-848
-1198
-1549
-1956
-2426
-2815
-3146
-3504
-3858
-4122
-4318
-4492
-4545
-4497
-4396
-4310
-4083
-3767
-3471
-3122
-2668
-2169
-1735
-1277
-723
-192
243
722
1276
1777
2173
2599
3046
3385
3594
3838
4064
4154
4168
4201
4214
4057
3848
3683
3465
3101
2725
2426
2127
1740
1407
1155
912
672
533
454
326
201
154
130
-16
-184
-321
-511
-834
-1187
-1522
-1938
-2398
-2778
-3116
-3486
-3840
-4095
-4313
-4496
-4548
-4489
-4422
-4347
-4123
-3816
-3538
-3176
-2689
-2184
-1765
-1285
-688
-166
256
742
1324
1792
2163
2594
3048
3354
3560
3834
4059
4113
4128
4195
4205
4019
3807
3648
3403
3015
2673
2433
2119
1718
1400
1175
922
687
573
504
360
228
182
135
-36
-212
-334
-542
-870
-1230
-1568
-2000
-2462
-2851
-3188
-3555
-3911
-4186
-4407
-4555
-4594
-4534
-4500
-4399
-4169
-3861
-3566
-3172
-2664
-2160
-1728
-1202
-582
-82
342
842
1437
1872
2245
2676
3126
3404
3611
3902
4121
4178
4209
4278
4263
4062
3853
3673
3392
3003
2661
2405
2035
1640
1334
1113
858
630
534
450
315
210
177
115
-57
-237
-373
-593
-909
-1262
-1630
-2082
-2527
-2903
-3227
-3576
-3918
-4175
-4377
-4466
-4482
-4415
-4390
-4264
-4016
-3716
-3408
-3020
-2518
-2040
-1597
-1059
-442
38
465
970
1551
1965
2331
2744
3153
3390
3568
3836
4021
4069
4093
4148
4110
3916
3720
3527
3220
2849
2501
2226
1830
1470
1203
987
747
529
452
360
250
182
172
100
-52
-225
-369
-597
-893
-1231
-1629
-2097
-2525
-2882
-3224
-3568
-3895
-4127
-4348
-4426
-4426
-4355
-4334
-4217
-3971
-3705
-3412
-3046
-2563
-2130
-1686
-1144
-517
-31
430
974
1562
1998
2390
2828
3223
3459
3637
3878
4038
4070
4100
4150
4110
3925
3734
3543
3227
2877
2544
2280
1889
1541
1288
1078
845
622
542
440
321
239
231
154
7
-165
-314
-546
-857
-1194
-1589
-2046
-2471
-2822
-3168
-3505
-3822
-4034
-4263
-4360
-4369
-4289
-4256
-4159
-3932
-3689
-3405
-3053
-2597
-2194
-1763
-1230
-615
-133
341
899
1467
1907
2293
2742
3117
3345
3529
3749
3895
3912
3957
4003
3960
3767
3599
3421
3116
2774
2467
2221
1848
1531
1299
1120
893
692
617
513
389
303
294
212
71
-81
-248
-497
-832
-1162
-1551
-1998
-2414
-2769
-3130
-3483
-3793
-3998
-4247
-4379
-4408
-4348
-4322
-4249
-4026
-3796
-3518
-3147
-2679
-2267
-1826
-1276
-645
-167
304
877
1453
1899
2281
2739
3123
3359
3551
3797
3940
3961
4010
4069
4025
3813
3670
3506
3223
2859
2556
2310
1940
1623
1393
1216
973
765
684
570
434
340
325
236
79
-68
-245
-504
-853
-1168
-1543
-1977
-2375
-2728
-3093
-3447
-3746
-3944
-4190
-4329
-4366
-4330
-4313
-4258
-4037
-3810
-3528
-3146
-2668
-2238
-1786
-1232
-613
-137
310
851
1412
1847
2223
2648
3025
3268
3440
3685
3817
3860
3893
3952
3919
3735
3606
3454
3199
2851
2551
2301
1955
1632
1380
1169
920
708
611
495
372
285
253
158
14
-131
-313
-567
-895
-1194
-1574
-1995
-2376
-2723
-3084
-3429
-3704
-3905
-4146
-4274
-4301
-4285
-4276
-4227
-4004
-3773
-3499
-3126
-2648
-2206
-1761
-1201
-598
-93
346
864
1421
1848
2247
2670
3059
3302
3466
3710
3841
3894
3908
3966
3935
3775
3645
3489
3234
2901
2618
2354
2020
1694
1431
1179
918
707
594
482
358
282
230
119
-16
-161
-337
-582
-894
-1182
-1567
-1980
-2354
-2695
-3037
-3373
-3629
-3835
-4062
-4181
-4200
-4188
-4176
-4128
-3904
-3656
-3386
-3039
-2592
-2155
-1730
-1194
-621
-106
328
815
1354
1777
2174
2586
2981
3230
3383
3617
3762
3819
3816
3859
3845
3697
3548
3383
3138
2814
2530
2270
1961
1640
1373
1126
877
670
549
454
332
253
195
95
-30
-176
-336
-565
-858
-1153
-1526
-1925
-2306
-2647
-2986
-3323
-3594
-3821
-4044
-4179
-4220
-4217
-4204
-4153
-3939
-3681
-3410
-3078
-2653
-2215
-1789
-1276
-708
-183
266
751
1296
1742
2133
2550
2946
3212
3366
3593
3760
3812
3810
3848
3846
3693
3526
3373
3145
2830
2543
2314
2025
1707
1454
1245
1016
796
678
593
475
377
329
249
115
-37
-183
-401
-697
-1002
-1346
-1735
-2136
-2476
-2812
-3152
-3456
-3699
-3919
-4089
-4160
-4166
-4149
-4102
-3916
-3674
-3421
-3119
-2719
-2296
-1881
-1408
-867
-357
102
585
1118
1579
1969
2386
2763
3038
3209
3416
3572
3625
3637
3669
3659
3530
3379
3238
3026
2748
2479
2258
1993
1707
1473
1274
1060
851
731
630
522
422
374
291
157
5
-152
-378
-681
-989
-1336
-1735
-2147
-2493
-2838
-3190
-3502
-3735
-3957
-4146
-4218
-4206
-4173
-4124
-3940
-3695
-3458
-3168
-2764
-2331
-1928
-1475
-931
-413
51
554
1112
1605
2006
2437
2844
3151
3344
3553
3722
3788
3798
3830
3824
3711
3552
3406
3209
2937
2657
2419
2172
1889
1629
1409
1198
984
820
695
588
464
370
269
137
-34
-221
-439
-721
-1050
-1420
-1808
-2207
-2575
-2924
-3250
-3548
-3800
-4022
-4192
-4263
-4259
-4209
-4137
-3974
-3754
-3511
-3221
-2843
-2420
-2005
-1558
-1038
-521
-41
465
1010
1513
1926
2341
2743
3071
3288
3484
3652
3738
3763
3790
3791
3697
3545
3401
3227
2984
2724
2492
2260
1995
1736
1514
1306
1096
912
762
620
474
352
229
79
-98
-282
-496
-767
-1089
-1453
-1839
-2223
-2581
-2917
-3241
-3537
-3797
-4028
-4206
-4285
-4288
-4253
-4191
-4043
-3829
-3584
-3285
-2903
-2472
-2035
-1549
-1004
-466
35
563
1114
1615
2040
2462
2858
3167
3377
3559
3698
3756
3775
3793
3759
3632
3473
3332
3156
2913
2665
2439
2194
1925
1688
1487
1275
1062
884
731
567
416
312
215
73
-92
-253
-443
-696
-993
-1320
-1684
-2058
-2405
-2719
-3033
-3339
-3609
-3838
-4018
-4119
-4143
-4135
-4105
-3989
-3787
-3532
-3251
-2908
-2495
-2057
-1591
-1076
-547
-55
432
954
1473
1918
2319
2710
3047
3272
3430
3573
3674
3709
3709
3692
3608
3456
3295
3139
2926
2656
2394
2155
1897
1626
1390
1178
958
738
559
414
271
153
67
-34
-190
-373
-552
-761
-1030
-1343
-1683
-2029
-2369
-2683
-2975
-3257
-3522
-3743
-3901
-3986
-4020
-4027
-3992
-3864
-3644
-3379
-3098
-2759
-2355
-1930
-1492
-1005
-499
-43
407
912
1425
1853
2223
2605
2947
3176
3338
3504
3633
3676
3695
3722
3691
3559
3405
3267
3071
2795
2528
2303
2044
1752
1493
1278
1043
800
614
472
330
197
101
-2
-179
-387
-581
-791
-1057
-1372
-1705
-2057
-2412
-2742
-3040
-3330
-3601
-3821
-3975
-4074
-4121
-4120
-4077
-3941
-3709
-3431
-3137
-2779
-2356
-1913
-1471
-980
-468
-13
432
922
1417
1831
2188
2550
2880
3109
3277
3444
3564
3610
3634
3674
3655
3544
3396
3249
3037
2765
2502
2268
2011
1728
1481
1270
1049
834
674
546
418
307
218
109
-64
-263
-452
-680
-950
-1257
-1586
-1957
-2326
-2671
-2991
-3304
-3595
-3837
-4024
-4160
-4227
-4217
-4190
-4078
-3870
-3604
-3325
-2971
-2546
-2092
-1643
-1167
-640
-169
278
764
1281
1710
2096
2474
2852
3119
3314
3522
3663
3727
3757
3814
3810
3705
3560
3423
3185
2903
2634
2376
2106
1808
1543
1306
1076
855
685
542
421
286
180
74
-90
-284
-471
-671
-945
-1275
-1582
-1937
-2314
-2639
-2945
-3237
-3529
-3765
-3941
-4067
-4120
-4076
-4031
-3927
-3720
-3462
-3204
-2864
-2440
-2009
-1573
-1135
-640
-183
237
681
1188
1601
1975
2338
2709
3014
3189
3391
3558
3628
3653
3728
3764
3685
3540
3452
3257
2974
2733
2484
2203
1889
1602
1341
1082
830
647
458
320
183
48
-56
-212
-382
-564
-759
-1008
-1351
-1680
-2020
-2401
-2730
-3036
-3324
-3615
-3852
-4026
-4146
-4185
-4140
-4076
-3979
-3767
-3507
-3254
-2930
-2490
-2060
-1628
-1180
-685
-217
217
669
1175
1604
1982
2354
2698
3016
3209
3381
3554
3643
3676
3761
3814
3768
3633
3562
3428
3163
2919
2693
2403
2069
1775
1505
1219
926
741
538
358
236
114
10
-138
-294
-434
-637
-887
-1184
-1522
-1879
-2257
-2601
-2923
-3217
-3509
-3740
-3918
-4057
-4097
-4075
-3997
-3910
-3732
-3494
-3238
-2953
-2563
-2150
-1725
-1315
-841
-344
87
525
1006
1467
1848
2206
2540
2870
3092
3263
3419
3531
3590
3673
3712
3679
3541
3441
3329
3099
2829
2575
2293
1979
1674
1395
1129
825
621
430
255
128
16
-73
-192
-362
-475
-646
-898
-1185
-1506
-1836
-2215
-2568
-2886
-3175
-3455
-3678
-3856
-3982
-4046
-4039
-3933
-3858
-3708
-3476
-3205
-2921
-2590
-2192
-1752
-1366
-898
-390
57
484
928
1434
1849
2188
2571
2915
3173
3403
3561
3721
3828
3915
3951
3916
3775
3666
3511
3310
3028
2698
2414
2107
1777
1450
1183
892
659
438
293
117
-29
-117
-260
-426
-553
-720
-974
-1282
-1586
-1883
-2277
-2600
-2925
-3229
-3465
-3704
-3886
-4016
-4055
-4056
-4000
-3904
-3747
-3542
-3244
-2920
-2631
-2260
-1822
-1399
-962
-490
-34
365
764
1275
1746
2033
2462
2807
3017
3328
3509
3662
3832
3910
3966
3920
3771
3769
3543
3326
3123
2750
2482
2166
1818
1519
1219
955
755
510
393
183
7
-62
-235
-385
-509
-687
-966
-1261
-1517
-1833
-2265
-2541
-2850
-3183
-3428
-3682
-3851
-4031
-4059
-4060
-4081
-3968
-3820
-3634
-3298
-2997
-2719
-2361
-1944
-1440
-1081
-608
-114
242
658
1152
1646
2007
2374
2694
2966
3250
3453
3596
3797
3867
3879
3875
3803
3765
3537
3356
3180
2824
2535
2239
1921
1619
1291
1083
887
670
504
326
175
51
-63
-199
-347
-539
-785
-1042
-1312
-1670
-2029
-2338
-2649
-2969
-3279
-3535
-3711
-3886
-4015
-4027
-4027
-3949
-3852
-3650
-3333
-3091
-2811
-2442
-2015
-1576
-1190
-710
-262
119
543
969
1493
1899
2193
2540
2854
3107
3291
3478
3688
3726
3735
3813
3762
3641
3507
3336
3091
2798
2490
2157
1878
1576
1230
1008
807
607
392
250
138
-14
-106
-201
-351
-561
-730
-964
-1279
-1589
-1900
-2239
-2549
-2871
-3200
-3451
-3654
-3835
-4001
-4030
-4033
-4006
-3924
-3726
-3488
-3264
-2933
-2587
-2187
-1775
-1360
-897
-468
-28
388
819
1380
1796
2134
2533
2872
3147
3341
3610
3831
3875
3969
4065
4038
3928
3841
3693
3402
3132
2856
2485
2174
1867
1510
1217
962
740
471
293
173
-10
-133
-221
-367
-593
-766
-966
-1305
-1624
-1896
-2249
-2592
-2907
-3197
-3466
-3707
-3853
-3982
-4040
-4064
-4022
-3932
-3787
-3564
-3325
-3012
-2687
-2344
-1938
-1532
-1131
-698
-261
165
588
1102
1581
1950
2324
2678
2991
3207
3424
3671
3807
3892
3977
4026
3990
3868
3732
3558
3290
3001
2704
2391
2067
1711
1421
1151
868
617
392
236
63
-90
-187
-327
-527
-742
-952
-1237
-1591
-1903
-2235
-2609
-2951
-3252
-3522
-3788
-3974
-4080
-4152
-4175
-4128
-4035
-3891
-3680
-3418
-3109
-2781
-2428
-2033
-1626
-1208
-779
-335
110
531
1007
1485
1914
2310
2652
2992
3257
3473
3676
3838
3985
4039
4076
4080
3979
3833
3643
3426
3139
2821
2516
2188
1847
1534
1255
987
727
483
303
139
-8
-135
-276
-439
-663
-894
-1145
-1463
-1796
-2132
-2482
-2831
-3155
-3412
-3674
-3901
-4023
-4098
-4128
-4104
-4016
-3882
-3718
-3456
-3147
-2838
-2488
-2089
-1674
-1266
-822
-361
57
470
925
1372
1786
2191
2560
2888
3173
3415
3597
3733
3887
3963
3970
3956
3876
3721
3512
3295
3005
2661
2338
2012
1670
1355
1085
833
582
361
192
34
-96
-199
-320
-467
-648
-845
-1088
-1384
-1673
-1989
-2334
-2659
-2951
-3195
-3448
-3670
-3817
-3918
-3956
-3952
-3895
-3796
-3669
-3459
-3180
-2886
-2582
-2222
-1810
-1411
-988
-523
-75
330
761
1234
1650
2036
2432
2806
3124
3382
3606
3776
3921
4040
4094
4109
4059
3924
3751
3555
3285
2947
2605
2253
1879
1538
1228
939
682
459
258
76
-55
-173
-301
-433
-585
-769
-999
-1279
-1583
-1908
-2251
-2589
-2912
-3179
-3416
-3636
-3831
-3965
-4021
-4025
-3989
-3904
-3785
-3621
-3366
-3065
-2780
-2457
-2086
-1700
-1300
-868
-413
-2
410
870
1316
1729
2118
2497
2873
3174
3427
3651
3841
3994
4080
4159
4181
4098
3948
3794
3581
3271
2962
2640
2260
1890
1561
1229
921
699
492
266
97
-39
-188
-356
-495
-660
-900
-1158
-1454
-1791
-2136
-2460
-2795
-3132
-3389
-3588
-3802
-3986
-4081
-4104
-4103
-4037
-3903
-3769
-3563
-3258
-2952
-2639
-2293
-1909
-1529
-1137
-675
-226
172
597
1067
1525
1943
2338
2738
3080
3362
3622
3848
4032
4132
4196
4232
4189
4047
3862
3653
3351
3012
2697
2362
1996
1643
1314
1001
738
530
339
159
-15
-160
-315
-488
-655
-848
-1080
-1368
-1674
-1984
-2302
-2612
-2919
-3200
-3418
-3603
-3766
-3885
-3938
-3937
-3899
-3784
-3639
-3469
-3217
-2916
-2596
-2270
-1904
-1525
-1184
-796
-340
78
447
861
1328
1743
2120
2530
2903
3172
3423
3689
3895
4009
4099
4151
4111
3998
3841
3627
3332
2986
2641
2296
1954
1619
1286
996
737
512
343
207
48
-107
-216
-363
-555
-729
-912
-1185
-1496
-1781
-2085
-2419
-2723
-3002
-3264
-3487
-3669
-3809
-3913
-3954
-3960
-3904
-3777
-3641
-3457
-3189
-2874
-2578
-2245
-1836
-1471
-1141
-716
-242
154
535
1022
1503
1896
2308
2761
3115
3360
3637
3911
4072
4171
4281
4313
4223
4096
3941
3697
3352
3001
2654
2278
1904
1551
1241
946
676
477
325
166
2
-116
-236
-420
-598
-771
-1006
-1309
-1602
-1881
-2197
-2512
-2793
-3056
-3304
-3528
-3696
-3833
-3939
-3989
-3986
-3915
-3820
-3679
-3468
-3195
-2902
-2606
-2250
-1866
-1510
-1131
-695
-250
149
591
1100
1572
1997
2434
2887
3235
3498
3779
4026
4186
4285
4385
4402
4305
4176
4020
3774
3430
3098
2772
2386
1997
1654
1340
1008
731
529
322
119
-58
-215
-412
-619
-805
-1041
-1338
-1646
-1940
-2251
-2574
-2859
-3129
-3388
-3631
-3823
-3969
-4092
-4165
-4170
-4114
-4027
-3896
-3688
-3420
-3133
-2820
-2468
-2085
-1707
-1305
-864
-423
-2
444
942
1440
1896
2339
2783
3182
3503
3767
4012
4205
4325
4399
4435
4397
4267
4110
3911
3626
3292
2972
2650
2271
1905
1590
1274
959
696
489
261
45
-137
-332
-546
-745
-936
-1191
-1489
-1763
-2046
-2360
-2662
-2919
-3171
-3435
-3650
-3817
-3957
-4061
-4102
-4080
-4028
-3924
-3760
-3542
-3278
-2990
-2674
-2334
-1951
-1559
-1164
-728
-285
153
606
1119
1633
2082
2521
2967
3361
3656
3917
4169
4333
4410
4467
4486
4395
4223
4045
3805
3471
3123
2808
2457
2057
1704
1397
1077
762
517
306
78
-139
-331
-521
-729
-929
-1133
-1372
-1639
-1918
-2199
-2482
-2764
-3022
-3257
-3474
-3680
-3849
-3964
-4045
-4092
-4084
-4009
-3894
-3741
-3525
-3263
-2983
-2682
-2330
-1946
-1567
-1164
-722
-259
197
677
1193
1691
2156
2606
3048
3426
3734
4010
4239
4408
4517
4589
4595
4498
4346
4141
3868
3531
3181
2826
2435
2044
1689
1359
1030
743
507
279
60
-132
-320
-521
-726
-921
-1140
-1390
-1660
-1934
-2221
-2510
-2775
-3017
-3245
-3459
-3645
-3801
-3921
-3996
-4015
-3992
-3922
-3795
-3634
-3431
-3182
-2894
-2580
-2244
-1865
-1466
-1054
-605
-129
340
802
1291
1787
2244
2679
3107
3475
3768
4024
4259
4436
4545
4612
4611
4517
4334
4107
3820
3458
3071
2680
2285
1880
1507
1179
863
569
318
105
-109
-320
-510
-703
-919
-1151
-1372
-1628
-1913
-2198
-2469
-2740
-3006
-3233
-3442
-3642
-3818
-3947
-4035
-4079
-4071
-4018
-3929
-3807
-3636
-3417
-3156
-2856
-2532
-2167
-1768
-1344
-891
-415
72
547
1035
1538
2033
2496
2944
3360
3711
4005
4270
4499
4660
4765
4813
4789
4665
4467
4214
3890
3507
3108
2714
2306
1900
1538
1207
879
580
331
94
-147
-359
-554
-778
-1021
-1248
-1496
-1788
-2067
-2327
-2604
-2881
-3110
-3325
-3544
-3730
-3861
-3986
-4081
-4101
-4083
-4059
-3985
-3839
-3675
-3474
-3188
-2864
-2539
-2155
-1709
-1270
-822
-320
195
674
1169
1709
2200
2643
3090
3502
3815
4085
4359
4562
4680
4765
4809
4743
4586
4392
4127
3770
3392
3027
2632
2222
1852
1511
1166
842
572
323
66
-163
-366
-585
-832
-1067
-1303
-1580
-1868
-2128
-2382
-2665
-2929
-3149
-3365
-3584
-3757
-3890
-4018
-4121
-4157
-4155
-4139
-4073
-3943
-3775
-3563
-3288
-2966
-2617
-2229
-1804
-1354
-884
-378
145
668
1206
1746
2259
2731
3175
3569
3899
4182
4430
4624
4759
4843
4867
4811
4669
4456
4183
3854
3495
3114
2719
2327
1949
1591
1247
928
635
360
102
-139
-372
-616
-861
-1103
-1370
-1649
-1922
-2182
-2451
-2726
-2982
-3218
-3443
-3643
-3803
-3941
-4063
-4146
-4173
-4162
-4120
-4034
-3898
-3730
-3513
-3233
-2912
-2567
-2179
-1742
-1290
-818
-292
255
792
1341
1909
2439
2896
3329
3733
4056
4306
4541
4740
4854
4906
4933
4881
4709
4476
4215
3890
3492
3077
2680
2276
1868
1493
1155
821
491
195
-66
-323
-581
-828
-1067
-1324
-1613
-1889
-2142
-2400
-2676
-2942
-3181
-3420
-3655
-3835
-3967
-4103
-4224
-4279
-4275
-4261
-4209
-4087
-3937
-3782
-3550
-3240
-2903
-2543
-2109
-1625
-1151
-656
-107
451
994
1558
2133
2649
3102
3532
3923
4228
4475
4698
4864
4958
5007
5009
4919
4748
4527
4247
3886
3479
3062
2639
2219
1820
1446
1080
734
419
122
-158
-408
-644
-885
-1136
-1389
-1660
-1927
-2162
-2390
-2643
-2887
-3100
-3310
-3522
-3687
-3805
-3933
-4059
-4119
-4124
-4126
-4086
-3976
-3850
-3722
-3514
-3215
-2891
-2539
-2097
-1602
-1132
-652
-117
432
958
1508
2075
2582
3021
3444
3840
4148
4384
4599
4767
4857
4897
4891
4808
4647
4437
4166
3816
3413
3000
2578
2162
1760
1377
1010
670
365
74
-200
-446
-671
-907
-1149
-1394
-1654
-1912
-2134
-2339
-2558
-2776
-2968
-3153
-3344
-3505
-3632
-3768
-3913
-4018
-4083
-4125
-4126
-4077
-4005
-3907
-3735
-3479
-3169
-2802
-2361
-1877
-1390
-882
-340
221
784
1361
1939
2474
2968
3434
3861
4212
4501
4751
4954
5087
5159
5176
5121
4993
4801
4543
4213
3820
3398
2967
2530
2100
1682
1283
917
578
256
-50
-335
-601
-858
-1115
-1381
-1664
-1944
-2189
-2405
-2617
-2820
-3002
-3178
-3354
-3507
-3629
-3759
-3913
-4051
-4146
-4217
-4250
-4235
-4194
-4125
-3988
-3749
-3437
-3075
-2651
-2161
-1652
-1126
-552
45
629
1209
1807
2382
2898
3374
3817
4195
4492
4753
4975
5117
5178
5203
5176
5053
4856
4605
4290
3900
3482
3063
2624
2163
1718
1301
902
523
170
-162
-482
-785
-1067
-1335
-1602
-1885
-2165
-2412
-2632
-2835
-3019
-3178
-3336
-3498
-3637
-3748
-3860
-3997
-4123
-4212
-4277
-4307
-4281
-4220
-4138
-3990
-3734
-3398
-3018
-2580
-2069
-1528
-963
-353
278
878
1459
2062
2646
3156
3606
4023
4375
4643
4869
5059
5167
5198
5202
5173
5050
4839
4580
4268
3887
3474
3065
2639
2176
1720
1297
888
484
113
-223
-548
-868
-1158
-1408
-1648
-1891
-2122
-2329
-2529
-2711
-2862
-2997
-3142
-3296
-3437
-3562
-3685
-3817
-3940
-4045
-4134
-4176
-4160
-4101
-4010
-3865
-3626
-3307
-2925
-2479
-1970
-1419
-834
-217
417
1032
1619
2202
2765
3264
3694
4076
4402
4654
4844
4990
5078
5103
5090
5047
4932
4730
4468
4166
3807
3398
2976
2545
2093
1629
1187
762
340
-58
-420
-756
-1087
-1388
-1636
-1853
-2064
-2258
-2429
-2592
-2756
-2899
-3023
-3157
-3308
-3449
-3573
-3702
-3835
-3960
-4084
-4202
-4283
-4298
-4257
-4175
-4044
-3838
-3546
-3180
-2743
-2239
-1687
-1104
-490
150
788
1398
1984
2548
3066
3516
3915
4272
4562
4775
4944
5069
5134
5144
5126
5060
4905
4685
4431
4118
3729
3309
2885
2443
1979
1527
1098
665
242
-137
-480
-820
-1129
-1382
-1598
-1805
-1995
-2152
-2308
-2476
-2631
-2766
-2912
-3073
-3223
-3363
-3510
-3663
-3811
-3964
-4118
-4245
-4310
-4315
-4271
-4171
-3993
-3733
-3401
-2988
-2497
-1958
-1389
-779
-123
532
1165
1779
2372
2910
3381
3816
4206
4524
4770
4977
5128
5197
5221
5229
5175
5038
4848
4615
4290
3885
3453
2999
2503
2002
1529
1057
574
125
-267
-644
-1005
-1305
-1553
-1789
-1999
-2162
-2311
-2479
-2635
-2761
-2899
-3054
-3195
-3330
-3490
-3649
-3777
-3911
-4074
-4214
-4312
-4385
-4418
-4370
-4251
-4093
-3863
-3526
-3120
-2670
-2154
-1568
-958
-330
339
1015
1638
2225
2799
3315
3750
4146
4514
4806
5012
5177
5300
5349
5352
5333
5257
5087
4842
4545
4167
3710
3219
2720
2200
1665
1154
664
184
-266
-670
-1025
-1346
-1616
-1837
-2026
-2196
-2349
-2479
-2604
-2721
-2830
-2938
-3054
-3182
-3324
-3465
-3596
-3730
-3870
-4002
-4099
-4162
-4185
-4144
-4041
-3895
-3686
-3383
-3004
-2578
-2097
-1541
-945
-344
287
944
1564
2127
2679
3206
3655
4039
4402
4719
4933
5085
5224
5316
5336
5329
5298
5175
4949
4665
4323
3893
3405
2910
2401
1862
1330
827
335
-146
-580
-952
-1276
-1551
-1772
-1965
-2147
-2309
-2451
-2587
-2706
-2802
-2902
-3023
-3155
-3300
-3464
-3638
-3788
-3934
-4100
-4231
-4301
-4332
-4335
-4264
-4124
-3952
-3708
-3356
-2929
-2477
-1960
-1364
-755
-150
491
1143
1730
2273
2829
3345
3762
4134
4488
4759
4934
5086
5235
5309
5314
5318
5264
5085
4816
4511
4139
3670
3177
2693
2174
1617
1083
583
71
-417
-826
-1161
-1458
-1711
-1906
-2078
-2248
-2402
-2526
-2630
-2728
-2814
-2906
-3019
-3167
-3340
-3512
-3677
-3844
-4016
-4157
-4256
-4319
-4336
-4284
-4172
-4012
-3787
-3458
-3058
-2611
-2101
-1521
-914
-293
359
1018
1638
2223
2797
3338
3804
4211
4577
4877
5094
5267
5410
5495
5520
5509
5450
5295
5047
4741
4366
3914
3416
2893
2345
1763
1178
610
54
-477
-951
-1351
-1693
-1978
-2202
-2378
-2531
-2668
-2775
-2858
-2928
-2993
-3062
-3149
-3270
-3419
-3567
-3711
-3858
-3997
-4119
-4211
-4266
-4277
-4226
-4112
-3945
-3715
-3406
-3029
-2596
-2108
-1559
-968
-352
284
928
1551
2138
2708
3249
3734
4160
4537
4856
5102
5285
5427
5511
5535
5515
5447
5302
5075
4779
4417
3984
3493
2965
2406
1825
1239
660
99
-432
-921
-1352
-1714
-2002
-2228
-2404
-2530
-2633
-2721
-2790
-2836
-2878
-2948
-3038
-3144
-3280
-3431
-3567
-3691
-3818
-3938
-4020
-4065
-4081
-4046
-3937
-3769
-3553
-3273
-2922
-2523
-2087
-1584
-1025
-441
151
756
1355
1920
2456
2976
3464
3894
4269
4600
4871
5063
5201
5299
5342
5324
5260
5147
4957
4682
4348
3950
3486
2969
2430
1876
1306
756
228
-278
-747
-1162
-1515
-1809
-2037
-2203
-2334
-2446
-2526
-2588
-2653
-2716
-2777
-2874
-3015
-3168
-3314
-3476
-3639
-3769
-3883
-3998
-4083
-4097
-4072
-4016
-3881
-3666
-3415
-3124
-2749
-2314
-1856
-1347
-768
-172
397
977
1569
2112
2615
3125
3613
4021
4375
4702
4959
5135
5272
5378
5414
5377
5302
5164
4926
4606
4231
3783
3264
2713
2153
1573
1003
467
-37
-507
-932
-1301
-1611
-1867
-2069
-2234
-2370
-2475
-2567
-2653
-2726
-2801
-2910
-3049
-3194
-3356
-3533
-3691
-3819
-3942
-4058
-4121
-4136
-4127
-4064
-3923
-3732
-3509
-3215
-2844
-2437
-1994
-1475
-900
-329
253
867
1462
2009
2552
3105
3609
4042
4452
4811
5079
5284
5464
5588
5624
5608
5552
5404
5153
4840
4455
3974
3429
2858
2258
1628
1018
449
-90
-598
-1046
-1432
-1779
-2060
-2277
-2454
-2601
-2715
-2805
-2891
-2964
-3023
-3103
-3216
-3343
-3476
-3621
-3758
-3861
-3947
-4027
-4073
-4071
-4033
-3962
-3830
-3640
-3419
-3148
-2802
-2407
-1981
-1497
-943
-376
190
783
1381
1944
2484
3042
3572
4026
4431
4803
5097
5301
5470
5598
5643
5612
5553
5428
5189
4866
4490
4030
3480
2900
2315
1699
1071
492
-52
-584
-1073
-1485
-1836
-2144
-2375
-2529
-2660
-2776
-2863
-2927
-2995
-3062
-3116
-3191
-3305
-3422
-3527
-3634
-3729
-3796
-3848
-3891
-3907
-3870
-3795
-3689
-3531
-3324
-3071
-2771
-2412
-1996
-1543
-1034
-477
87
659
1237
1811
2364
2899
3423
3902
4313
4677
4990
5225
5389
5508
5581
5582
5526
5423
5236
4943
4577
4154
3655
3101
2532
1960
1369
781
230
-304
-811
-1257
-1629
-1934
-2182
-2358
-2491
-2614
-2720
-2818
-2905
-2988
-3074
-3161
-3270
-3397
-3517
-3632
-3739
-3824
-3904
-3965
-3997
-3999
-3958
-3875
-3748
-3574
-3358
-3082
-2751
-2375
-1940
-1452
-908
-348
230
826
1410
1978
2531
3067
3568
4018
4415
4765
5049
5259
5420
5530
5588
5577
5505
5358
5113
4777
4375
3904
3384
2831
2258
1685
1101
534
-7
-523
-978
-1376
-1707
-1966
-2177
-2342
-2486
-2605
-2707
-2816
-2898
-2979
-3080
-3189
-3312
-3437
-3568
-3690
-3780
-3862
-3934
-3967
-3961
-3930
-3857
-3728
-3546
-3341
-3082
-2754
-2388
-1977
-1508
-970
-412
151
753
1355
1927
2477
3024
3548
4006
4417
4784
5089
5311
5476
5597
5651
5639
5566
5423
5182
4848
4444
3972
3438
2868
2279
1673
1071
485
-69
-593
-1075
-1487
-1842
-2139
-2375
-2561
-2712
-2840
-2932
-3015
-3093
-3153
-3227
-3314
-3419
-3521
-3621
-3724
-3801
-3848
-3888
-3903
-3885
-3830
-3743
-3619
-3434
-3216
-2973
-2665
-2311
-1907
-1459
-960
-406
145
717
1311
1880
2427
2955
3474
3947
4351
4715
5028
5265
5428
5539
5594
5577
5502
5372
5157
4847
4467
4013
3495
2925
2329
1721
1109
523
-31
-560
-1048
-1482
-1854
-2163
-2408
-2595
-2738
-2855
-2938
-3002
-3067
-3121
-3178
-3246
-3326
-3411
-3486
-3562
-3621
-3657
-3684
-3702
-3695
-3662
-3594
-3488
-3337
-3142
-2919
-2641
-2308
-1928
-1496
-1022
-509
24
567
1118
1663
2183
2686
3181
3647
4064
4425
4743
5003
5192
5327
5411
5435
5393
5300
5146
4900
4572
4171
3698
3157
2574
1984
1392
809
261
-262
-751
-1195
-1581
-1897
-2156
-2363
-2524
-2648
-2747
-2823
-2893
-2956
-3016
-3089
-3176
-3273
-3364
-3451
-3525
-3579
-3629
-3686
-3729
-3739
-3725
-3669
-3555
-3389
-3183
-2934
-2610
-2232
-1812
-1343
-830
-295
242
780
1314
1824
2309
2796
3271
3699
4073
4411
4709
4943
5126
5273
5362
5380
5336
5236
5055
4773
4411
3973
3448
2868
2276
1685
1094
525
-11
-518
-981
-1385
-1722
-2005
-2238
-2424
-2569
-2678
-2756
-2816
-2870
-2916
-2969
-3045
-3142
-3241
-3340
-3436
-3511
-3571
-3649
-3733
-3777
-3786
-3766
-3685
-3529
-3324
-3083
-2771
-2379
-1948
-1481
-954
-384
174
718
1266
1794
2276
2749
3231
3667
4035
4367
4689
4954
5157
5330
5464
5518
5492
5417
5267
5010
4658
4233
3724
3134
2520
1912
1297
682
93
-452
-957
-1410
-1796
-2119
-2385
-2608
-2775
-2890
-2966
-3017
-3051
-3068
-3093
-3144
-3209
-3280
-3361
-3450
-3521
-3567
-3628
-3703
-3744
-3747
-3734
-3675
-3537
-3343
-3120
-2830
-2453
-2036
-1596
-1098
-538
20
564
1122
1669
2160
2627
3105
3551
3920
4250
4577
4859
5071
5246
5385
5444
5424
5358
5221
4979
4654
4253
3768
3202
2605
2005
1393
786
200
-355
-875
-1338
-1733
-2078
-2361
-2583
-2749
-2869
-2938
-2971
-2996
-3015
-3027
-3052
-3099
-3152
-3202
-3263
-3330
-3374
-3403
-3450
-3496
-3503
-3486
-3446
-3351
-3187
-2985
-2746
-2427
-2050
-1655
-1231
-740
-212
310
846
1396
1909
2373
2845
3310
3710
4056
4392
4701
4933
5106
5246
5314
5303
5246
5141
4932
4634
4279
3850
3328
2759
2200
1635
1054
495
-35
-555
-1039
-1450
-1802
-2125
-2389
-2579
-2725
-2839
-2905
-2945
-2995
-3044
-3076
-3109
-3166
-3223
-3270
-3323
-3376
-3401
-3417
-3462
-3498
-3485
-3444
-3377
-3251
-3064
-2849
-2591
-2254
-1879
-1490
-1065
-565
-41
481
1023
1564
2065
2532
3014
3471
3861
4213
4552
4838
5031
5169
5264
5291
5243
5150
4994
4736
4404
4006
3531
2987
2428
1885
1336
783
241
-286
-782
-1225
-1615
-1964
-2266
-2509
-2699
-2839
-2933
-2997
-3060
-3111
-3138
-3161
-3207
-3254
-3293
-3340
-3379
-3390
-3388
-3419
-3453
-3440
-3395
-3334
-3226
-3053
-2849
-2620
-2308
-1930
-1542
-1131
-649
-111
420
958
1518
2052
2536
3009
3494
3923
4274
4605
4913
5140
5270
5367
5421
5381
5272
5128
4911
4583
4176
3718
3194
2616
2039
1484
918
333
-221
-724
-1190
-1617
-1986
-2291
-2559
-2779
-2930
-3020
-3084
-3140
-3166
-3174
-3189
-3222
-3260
-3294
-3340
-3378
-3385
-3381
-3403
-3432
-3428
-3396
-3353
-3268
-3127
-2945
-2743
-2475
-2128
-1751
-1356
-904
-392
129
655
1204
1749
2248
2719
3200
3651
4024
4355
4672
4930
5105
5222
5302
5308
5239
5131
4958
4682
4311
3877
3380
2824
2245
1670
1084
493
-73
-591
-1069
-1493
-1862
-2177
-2437
-2646
-2801
-2905
-2962
-2988
-3005
-3009
-3003
-3009
-3037
-3081
-3117
-3157
-3197
-3220
-3235
-3262
-3292
-3285
-3253
-3203
-3113
-2962
-2771
-2554
-2269
-1916
-1534
-1131
-672
-169
327
836
1366
1881
2353
2816
3283
3695
4041
4364
4662
4886
5035
5145
5207
5196
5133
5032
4839
4539
4165
3727
3216
2663
2088
1503
901
320
-222
-729
-1188
-1580
-1915
-2199
-2419
-2583
-2713
-2811
-2854
-2870
-2886
-2895
-2885
-2902
-2952
-3000
-3041
-3099
-3172
-3217
-3253
-3304
-3347
-3332
-3291
-3239
-3139
-2965
-2759
-2526
-2211
-1827
-1433
-1022
-540
-36
443
929
1450
1946
2395
2853
3317
3714
4041
4352
4640
4830
4949
5063
5126
5105
5034
4940
4739
4418
4036
3611
3102
2536
1967
1397
795
203
-333
-832
-1300
-1695
-2001
-2256
-2463
-2612
-2714
-2802
-2856
-2874
-2883
-2904
-2921
-2949
-3001
-3059
-3112
-3174
-3251
-3315
-3373
-3433
-3465
-3441
-3390
-3315
-3184
-2981
-2745
-2462
-2094
-1670
-1237
-772
-257
252
740
1241
1761
2237
2683
3146
3591
3960
4275
4571
4811
4961
5074
5173
5203
5157
5080
4946
4696
4353
3964
3506
2966
2401
1828
1227
607
25
-526
-1057
-1519
-1888
-2197
-2454
-2625
-2736
-2836
-2907
-2917
-2923
-2942
-2941
-2930
-2968
-3028
-3056
-3094
-3177
-3253
-3292
-3351
-3428
-3440
-3387
-3341
-3264
-3089
-2858
-2623
-2318
-1913
-1484
-1054
-572
-43
443
915
1423
1916
2346
2762
3207
3607
3938
4240
4519
4719
4850
4971
5048
5057
5006
4923
4743
4461
4114
3711
3234
2692
2142
1565
958
354
-209
-753
-1264
-1687
-2031
-2322
-2554
-2689
-2771
-2846
-2882
-2855
-2837
-2829
-2795
-2760
-2780
-2839
-2874
-2920
-3015
-3104
-3144
-3192
-3273
-3288
-3231
-3185
-3119
-2950
-2710
-2483
-2184
-1793
-1366
-948
-494
31
507
957
1438
1913
2316
2693
3112
3504
3824
4124
4420
4642
4785
4925
5021
5053
4998
4907
4726
4434
4076
3656
3187
2636
2077
1499
906
311
-253
-773
-1259
-1667
-2006
-2265
-2470
-2604
-2681
-2734
-2765
-2745
-2726
-2704
-2669
-2646
-2662
-2727
-2790
-2867
-2970
-3065
-3125
-3164
-3243
-3257
-3218
-3176
-3115
-2964
-2731
-2521
-2222
-1849
-1428
-1030
-586
-68
401
838
1315
1789
2190
2563
2990
3397
3717
4035
4357
4613
4758
4931
5051
5094
5025
4936
4760
4445
4071
3634
3146
2544
1967
1381
777
169
-391
-895
-1383
-1782
-2089
-2328
-2515
-2633
-2700
-2756
-2786
-2767
-2757
-2755
-2726
-2708
-2733
-2799
-2852
-2933
-3032
-3091
-3130
-3149
-3201
-3171
-3118
-3067
-2968
-2786
-2543
-2327
-1990
-1611
-1198
-793
-321
188
636
1084
1571
2021
2409
2800
3221
3594
3894
4211
4490
4707
4829
4990
5058
5061
4968
4848
4633
4295
3915
3437
2904
2277
1689
1076
463
-127
-671
-1171
-1625
-1980
-2245
-2465
-2610
-2692
-2748
-2788
-2780
-2739
-2728
-2718
-2674
-2646
-2684
-2733
-2762
-2838
-2936
-2972
-2992
-3024
-3075
-3031
-2974
-2937
-2830
-2638
-2402
-2198
-1871
-1499
-1107
-716
-249
253
684
1115
1582
2009
2376
2760
3169
3532
3824
4129
4390
4598
4721
4871
4930
4925
4839
4706
4490
4157
3773
3283
2737
2116
1518
904
297
-278
-809
-1297
-1719
-2058
-2310
-2513
-2639
-2706
-2739
-2748
-2709
-2642
-2604
-2565
-2518
-2484
-2515
-2556
-2582
-2643
-2733
-2786
-2815
-2864
-2921
-2907
-2851
-2815
-2720
-2546
-2322
-2122
-1839
-1486
-1110
-732
-299
184
608
1000
1414
1813
2163
2523
2911
3292
3596
3897
4181
4430
4589
4742
4842
4867
4804
4684
4502
4195
3796
3317
2788
2186
1574
973
389
-186
-715
-1179
-1577
-1919
-2174
-2349
-2458
-2522
-2535
-2512
-2471
-2424
-2385
-2348
-2340
-2354
-2405
-2468
-2538
-2616
-2705
-2783
-2854
-2918
-2970
-2977
-2930
-2872
-2760
-2599
-2386
-2164
-1895
-1560
-1196
-811
-394
59
484
869
1252
1634
1990
2350
2726
3112
3454
3776
4082
4362
4570
4729
4841
4880
4838
4722
4536
4243
3839
3355
2811
2215
1593
973
379
-197
-731
-1203
-1608
-1946
-2201
-2375
-2475
-2516
-2518
-2494
-2451
-2410
-2375
-2352
-2353
-2377
-2436
-2509
-2575
-2637
-2714
-2779
-2830
-2875
-2907
-2897
-2832
-2749
-2633
-2468
-2259
-2034
-1779
-1463
-1116
-756
-371
49
459
828
1200
1584
1955
2316
2692
3079
3432
3753
4066
4349
4557
4705
4807
4839
4788
4663
4472
4181
3782
3309
2777
2192
1581
973
389
-170
-685
-1145
-1545
-1881
-2134
-2310
-2421
-2474
-2485
-2469
-2441
-2403
-2362
-2338
-2332
-2335
-2367
-2424
-2483
-2533
-2584
-2640
-2672
-2680
-2687
-2680
-2631
-2555
-2474
-2365
-2206
-2010
-1801
-1550
-1250
-929
-602
-244
149
521
887
1280
1696
2092
2479
2877
3270
3617
3927
4221
4462
4615
4712
4766
4742
4626
4436
4175
3813
3356
2846
2299
1714
1119
548
18
-483
-944
-1341
-1668
-1931
-2132
-2266
-2348
-2397
-2417
-2410
-2386
-2362
-2347
-2337
-2333
-2357
-2410
-2470
-2522
-2572
-2614
-2631
-2621
-2610
-2599
-2560
-2503
-2445
-2368
-2240
-2071
-1883
-1666
-1402
-1117
-823
-502
-133
244
612
1016
1443
1862
2262
2672
3077
3445
3775
4083
4346
4533
4655
4736
4743
4661
4500
4263
3929
3500
3014
2487
1918
1342
785
246
-259
-716
-1110
-1442
-1705
-1897
-2028
-2125
-2189
-2210
-2212
-2211
-2195
-2177
-2183
-2208
-2240
-2296
-2388
-2478
-2542
-2597
-2649
-2669
-2658
-2644
-2632
-2587
-2518
-2446
-2347
-2187
-1991
-1796
-1561
-1278
-982
-685
-343
49
429
812
1235
1668
2067
2456
2875
3272
3612
3924
4221
4452
4592
4686
4728
4667
4501
4275
3964
3542
3049
2535
1990
1405
836
308
-202
-676
-1074
-1392
-1651
-1853
-1973
-2043
-2111
-2148
-2137
-2119
-2116
-2097
-2078
-2095
-2137
-2177
-2229
-2312
-2382
-2422
-2460
-2497
-2497
-2473
-2455
-2434
-2382
-2318
-2255
-2161
-2009
-1842
-1667
-1438
-1164
-879
-579
-218
171
547
944
1375
1795
2185
2593
3012
3388
3716
4026
4294
4472
4572
4620
4584
4437
4208
3915
3535
3071
2572
2061
1524
981
472
-4
-445
-829
-1146
-1397
-1592
-1733
-1825
-1891
-1945
-1971
-1973
-1971
-1973
-1971
-1979
-2005
-2037
-2074
-2121
-2174
-2212
-2235
-2263
-2270
-2253
-2240
-2235
-2221
-2194
-2166
-2130
-2057
-1945
-1826
-1672
-1453
-1200
-926
-616
-244
138
518
936
1376
1792
2199
2624
3036
3391
3704
3987
4200
4319
4375
4366
4265
4075
3822
3511
3133
2707
2261
1802
1329
869
438
30
-342
-670
-950
-1181
-1365
-1514
-1634
-1723
-1794
-1844
-1876
-1903
-1924
-1943
-1962
-1982
-2004
-2039
-2081
-2127
-2164
-2196
-2232
-2248
-2252
-2264
-2283
-2286
-2278
-2265
-2230
-2154
-2040
-1918
-1742
-1497
-1221
-926
-580
-178
223
628
1074
1537
1959
2372
2800
3188
3497
3761
3996
4143
4192
4199
4153
4004
3775
3517
3214
2841
2439
2044
1632
1200
796
430
69
-277
-571
-820
-1043
-1225
-1362
-1476
-1576
-1648
-1691
-1730
-1774
-1801
-1820
-1841
-1860
-1872
-1901
-1956
-2013
-2049
-2091
-2148
-2179
-2196
-2229
-2260
-2261
-2252
-2247
-2200
-2097
-1972
-1835
-1629
-1360
-1072
-762
-388
22
417
832
1292
1746
2151
2557
2969
3315
3580
3811
4004
4097
4110
4093
4014
3829
3583
3316
2995
2604
2203
1815
1400
974
591
243
-113
-448
-726
-970
-1189
-1367
-1489
-1601
-1708
-1774
-1818
-1867
-1917
-1944
-1959
-1974
-1987
-1992
-2022
-2072
-2112
-2141
-2177
-2220
-2239
-2263
-2287
-2293
-2286
-2279
-2251
-2171
-2050
-1915
-1744
-1504
-1230
-935
-604
-224
164
553
974
1418
1837
2223
2610
2974
3272
3511
3721
3870
3932
3938
3907
3811
3627
3401
3149
2838
2472
2104
1737
1344
955
609
284
-48
-356
-612
-843
-1050
-1207
-1316
-1422
-1516
-1573
-1611
-1666
-1711
-1726
-1732
-1757
-1771
-1784
-1826
-1886
-1931
-1968
-2031
-2095
-2139
-2191
-2252
-2287
-2306
-2319
-2307
-2237
-2126
-1999
-1828
-1584
-1307
-1014
-676
-285
113
505
928
1368
1773
2144
2514
2860
3143
3369
3570
3720
3782
3794
3773
3694
3536
3337
3117
2839
2507
2163
1822
1460
1093
750
430
112
-190
-450
-676
-878
-1040
-1168
-1276
-1374
-1451
-1508
-1562
-1606
-1637
-1660
-1692
-1721
-1762
-1824
-1886
-1944
-2011
-2092
-2167
-2229
-2301
-2372
-2410
-2428
-2442
-2417
-2329
-2211
-2073
-1870
-1599
-1303
-996
-636
-224
172
560
974
1395
1767
2110
2459
2772
3013
3217
3402
3532
3575
3590
3576
3493
3337
3156
2953
2691
2388
2082
1771
1435
1096
775
468
169
-98
-337
-550
-743
-906
-1051
-1177
-1285
-1376
-1457
-1523
-1565
-1611
-1653
-1683
-1704
-1748
-1808
-1856
-1903
-1979
-2063
-2132
-2197
-2286
-2363
-2404
-2429
-2452
-2420
-2323
-2198
-2047
-1827
-1543
-1245
-931
-566
-165
217
595
996
1395
1746
2070
2392
2679
2900
3094
3268
3389
3438
3459
3448
3378
3243
3084
2905
2675
2412
2131
1843
1524
1205
891
588
288
15
-245
-489
-715
-911
-1091
-1248
-1365
-1465
-1546
-1599
-1613
-1628
-1642
-1643
-1629
-1646
-1680
-1715
-1751
-1830
-1924
-2008
-2099
-2216
-2321
-2380
-2422
-2459
-2439
-2347
-2222
-2078
-1862
-1580
-1284
-976
-612
-206
169
539
934
1326
1650
1956
2270
2550
2753
2939
3116
3241
3293
3332
3358
3322
3227
3125
3004
2806
2575
2339
2078
1763
1448
1147
827
493
186
-98
-384
-652
-878
-1073
-1252
-1391
-1484
-1552
-1604
-1621
-1618
-1616
-1629
-1624
-1639
-1687
-1749
-1811
-1900
-2023
-2137
-2236
-2351
-2469
-2542
-2577
-2603
-2586
-2489
-2336
-2167
-1944
-1645
-1324
-1012
-668
-270
101
437
795
1167
1480
1756
2045
2335
2552
2736
2939
3121
3236
3329
3441
3499
3475
3420
3350
3201
2973
2724
2462
2141
1781
1432
1085
719
360
38
-260
-552
-812
-1018
-1188
-1331
-1434
-1493
-1530
-1553
-1569
-1580
-1605
-1645
-1695
-1769
-1854
-1950
-2060
-2183
-2297
-2407
-2523
-2627
-2696
-2725
-2732
-2682
-2568
-2398
-2200
-1967
-1682
-1377
-1082
-764
-405
-57
265
596
929
1226
1500
1786
2080
2333
2566
2816
3049
3234
3393
3545
3642
3660
3622
3542
3389
3155
2890
2593
2250
1874
1506
1139
770
420
106
-194
-478
-720
-916
-1074
-1201
-1291
-1339
-1385
-1423
-1449
-1486
-1548
-1618
-1691
-1789
-1904
-2017
-2129
-2252
-2366
-2466
-2559
-2642
-2694
-2699
-2672
-2612
-2499
-2330
-2140
-1936
-1686
-1409
-1132
-842
-516
-187
116
417
728
1024
1300
1588
1903
2200
2472
2753
3027
3262
3451
3617
3729
3765
3729
3645
3497
3269
2991
2678
2328
1948
1562
1187
813
454
123
-188
-469
-706
-900
-1051
-1170
-1257
-1317
-1371
-1416
-1457
-1516
-1597
-1679
-1768
-1885
-2012
-2124
-2232
-2350
-2449
-2524
-2590
-2652
-2680
-2656
-2613
-2554
-2434
-2264
-2092
-1910
-1670
-1398
-1140
-869
-552
-232
48
338
653
960
1234
1532
1878
2206
2492
2792
3103
3356
3549
3718
3845
3881
3836
3754
3617
3385
3084
2762
2415
2017
1601
1210
827
439
84
-228
-497
-741
-942
-1086
-1200
-1301
-1382
-1431
-1480
-1539
-1608
-1672
-1747
-1842
-1951
-2055
-2150
-2257
-2359
-2436
-2504
-2576
-2631
-2650
-2641
-2618
-2563
-2458
-2319
-2169
-1992
-1761
-1513
-1264
-993
-691
-388
-97
204
523
843
1154
1486
1845
2196
2521
2851
3173
3445
3666
3849
3977
4022
4001
3916
3769
3547
3261
2934
2577
2189
1784
1382
990
617
264
-56
-335
-583
-807
-998
-1152
-1284
-1408
-1509
-1592
-1672
-1761
-1847
-1921
-2009
-2112
-2208
-2284
-2373
-2468
-2540
-2592
-2648
-2696
-2704
-2683
-2647
-2586
-2475
-2335
-2182
-2009
-1793
-1561
-1328
-1078
-802
-512
-230
70
400
741
1080
1439
1823
2200
2551
2900
3231
3511
3728
3906
4026
4055
4019
3927
3777
3551
3279
2974
2641
2272
1900
1536
1177
822
489
188
-99
-366
-604
-815
-1008
-1179
-1328
-1461
-1587
-1697
-1805
-1917
-2024
-2129
-2241
-2356
-2459
-2557
-2653
-2732
-2787
-2823
-2845
-2841
-2798
-2737
-2661
-2549
-2408
-2249
-2091
-1900
-1680
-1454
-1219
-949
-641
-333
-7
367
770
1165
1571
2007
2436
2821
3187
3527
3815
4017
4167
4257
4259
4182
4054
3873
3619
3319
2995
2650
2274
1899
1528
1161
797
453
134
-172
-457
-708
-930
-1135
-1314
-1463
-1600
-1731
-1837
-1934
-2042
-2144
-2228
-2322
-2431
-2519
-2584
-2647
-2716
-2754
-2760
-2784
-2801
-2768
-2712
-2673
-2604
-2480
-2326
-2190
-2021
-1775
-1520
-1279
-985
-622
-266
70
455
898
1310
1694
2114
2550
2921
3240
3560
3863
4055
4169
4259
4289
4212
4065
3899
3678
3372
3032
2713
2370
1982
1586
1226
861
483
131
-171
-459
-746
-988
-1176
-1364
-1550
-1689
-1801
-1905
-2016
-2123
-2197
-2268
-2363
-2443
-2497
-2549
-2593
-2637
-2654
-2652
-2701
-2745
-2723
-2698
-2703
-2663
-2553
-2401
-2275
-2106
-1848
-1598
-1360
-1042
-647
-288
35
419
877
1279
1633
2034
2457
2821
3138
3463
3774
3969
4096
4223
4277
4228
4108
3975
3783
3494
3165
2857
2514
2105
1695
1299
896
495
131
-182
-479
-775
-1016
-1205
-1410
-1601
-1718
-1826
-1931
-2026
-2139
-2221
-2286
-2368
-2433
-2484
-2544
-2573
-2599
-2621
-2600
-2639
-2712
-2702
-2676
-2689
-2662
-2560
-2378
-2231
-2086
-1834
-1565
-1323
-1008
-592
-220
80
447
924
1343
1665
2028
2460
2843
3143
3443
3753
3944
4054
4193
4269
4238
4117
4003
3847
3581
3251
2944
2615
2182
1741
1318
892
472
94
-226
-528
-848
-1105
-1299
-1508
-1703
-1806
-1902
-2012
-2098
-2207
-2298
-2364
-2439
-2508
-2556
-2625
-2658
-2669
-2699
-2682
-2697
-2778
-2782
-2742
-2750
-2719
-2619
-2438
-2271
-2132
-1886
-1584
-1319
-1013
-599
-208
99
459
946
1396
1728
2077
2523
2938
3224
3496
3797
4009
4112
4250
4352
4342
4222
4114
3992
3753
3425
3108
2790
2349
1874
1427
992
551
146
-190
-510
-861
-1153
-1367
-1568
-1763
-1897
-1997
-2108
-2197
-2284
-2364
-2425
-2478
-2547
-2589
-2622
-2655
-2665
-2688
-2698
-2705
-2781
-2806
-2758
-2756
-2729
-2638
-2477
-2297
-2142
-1899
-1578
-1291
-1002
-623
-221
112
459
926
1391
1746
2082
2500
2913
3187
3423
3715
3956
4078
4200
4323
4350
4243
4132
4034
3823
3495
3159
2842
2414
1915
1460
1034
582
155
-192
-513
-868
-1181
-1397
-1578
-1781
-1952
-2067
-2164
-2255
-2324
-2380
-2426
-2471
-2537
-2579
-2586
-2620
-2660
-2689
-2728
-2768
-2840
-2880
-2844
-2828
-2816
-2723
-2557
-2365
-2179
-1930
-1595
-1273
-977
-614
-186
186
528
972
1441
1813
2132
2504
2899
3168
3378
3659
3922
4059
4163
4294
4352
4277
4165
4069
3879
3546
3185
2855
2440
1935
1464
1043
599
160
-200
-509
-830
-1140
-1350
-1508
-1698
-1875
-1980
-2052
-2127
-2194
-2236
-2268
-2322
-2401
-2448
-2468
-2524
-2597
-2664
-2730
-2806
-2891
-2943
-2941
-2925
-2912
-2833
-2668
-2467
-2264
-2023
-1697
-1347
-1034
-691
-270
131
473
869
1322
1719
2033
2366
2758
3073
3291
3549
3834
4024
4124
4233
4332
4319
4215
4106
3947
3667
3297
2931
2542
2064
1560
1101
670
230
-183
-539
-850
-1149
-1406
-1590
-1747
-1899
-2013
-2086
-2131
-2174
-2232
-2274
-2308
-2367
-2429
-2463
-2502
-2566
-2650
-2721
-2770
-2832
-2891
-2905
-2864
-2821
-2765
-2619
-2402
-2187
-1971
-1674
-1309
-993
-698
-323
86
423
752
1170
1589
1915
2218
2599
2967
3214
3442
3734
3981
4100
4189
4311
4357
4272
4148
4022
3800
3447
3062
2685
2234
1719
1229
800
369
-80
-477
-803
-1099
-1376
-1581
-1723
-1855
-1984
-2073
-2113
-2154
-2224
-2288
-2335
-2397
-2472
-2529
-2580
-2645
-2729
-2805
-2852
-2884
-2909
-2917
-2873
-2795
-2722
-2607
-2409
-2182
-1964
-1714
-1389
-1060
-777
-471
-99
256
569
937
1359
1743
2062
2412
2807
3133
3379
3654
3950
4144
4241
4350
4432
4391
4256
4118
3937
3618
3221
2839
2416
1914
1403
958
536
81
-339
-676
-973
-1249
-1459
-1592
-1710
-1844
-1952
-2007
-2057
-2141
-2223
-2287
-2370
-2464
-2547
-2619
-2698
-2785
-2857
-2901
-2926
-2931
-2923
-2886
-2814
-2737
-2643
-2481
-2266
-2051
-1831
-1558
-1247
-958
-683
-344
19
343
686
1092
1513
1871
2212
2602
2980
3273
3548
3853
4107
4237
4328
4406
4400
4285
4136
3975
3710
3339
2955
2566
2105
1599
1137
713
271
-163
-517
-809
-1088
-1313
-1463
-1582
-1717
-1845
-1928
-1998
-2088
-2185
-2270
-2367
-2475
-2575
-2664
-2744
-2814
-2859
-2879
-2885
-2860
-2816
-2760
-2686
-2595
-2502
-2363
-2172
-1956
-1748
-1528
-1265
-993
-730
-445
-107
224
537
893
1303
1690
2023
2374
2757
3092
3366
3638
3902
4071
4150
4206
4225
4158
4015
3851
3641
3332
2969
2599
2197
1733
1263
841
440
30
-341
-648
-911
-1148
-1329
-1465
-1592
-1718
-1820
-1899
-1976
-2067
-2164
-2264
-2373
-2489
-2597
-2688
-2761
-2798
-2812
-2812
-2780
-2724
-2659
-2586
-2496
-2403
-2296
-2147
-1958
-1762
-1577
-1374
-1137
-893
-642
-352
-23
296
619
1001
1406
1765
2101
2469
2845
3159
3425
3687
3904
4023
4074
4114
4105
3994
3829
3640
3393
3062
2699
2331
1918
1463
1033
657
294
-72
-398
-668
-909
-1119
-1287
-1427
-1565
-1693
-1788
-1864
-1942
-2035
-2132
-2232
-2337
-2440
-2536
-2615
-2664
-2687
-2696
-2686
-2644
-2591
-2542
-2481
-2398
-2314
-2224
-2093
-1925
-1754
-1594
-1402
-1170
-929
-684
-390
-53
275
616
1003
1397
1752
2094
2471
2843
3143
3398
3645
3845
3952
4007
4049
4025
3898
3724
3536
3282
2953
2604
2247
1851
1420
1029
692
349
-3
-312
-571
-810
-1028
-1204
-1350
-1502
-1638
-1726
-1792
-1876
-1974
-2057
-2138
-2228
-2312
-2387
-2451
-2510
-2550
-2573
-2584
-2581
-2571
-2546
-2509
-2458
-2392
-2313
-2203
-2061
-1902
-1740
-1546
-1309
-1053
-784
-478
-132
210
560
946
1342
1708
2060
2427
2782
3081
3334
3569
3762
3876
3936
3971
3952
3846
3684
3500
3266
2971
2643
2304
1937
1550
1179
840
506
160
-167
-448
-690
-924
-1140
-1322
-1478
-1620
-1737
-1830
-1923
-2032
-2137
-2216
-2279
-2352
-2432
-2489
-2519
-2553
-2588
-2593
-2572
-2557
-2536
-2476
-2391
-2326
-2261
-2143
-1986
-1841
-1703
-1504
-1251
-1003
-747
-434
-81
244
571
969
1387
1749
2086
2462
2829
3110
3345
3582
3770
3848
3874
3905
3876
3739
3553
3367
3131
2805
2461
2147
1795
1399
1035
728
408
60
-242
-479
-712
-954
-1143
-1281
-1427
-1571
-1670
-1747
-1853
-1975
-2062
-2125
-2204
-2286
-2337
-2376
-2424
-2457
-2463
-2459
-2452
-2428
-2375
-2317
-2263
-2201
-2131
-2046
-1932
-1801
-1664
-1498
-1283
-1039
-786
-507
-189
134
464
840
1249
1629
1979
2344
2708
3013
3259
3484
3667
3763
3799
3827
3803
3687
3516
3337
3107
2793
2456
2140
1799
1417
1066
758
437
100
-192
-434
-683
-924
-1099
-1232
-1380
-1525
-1614
-1698
-1819
-1938
-2020
-2100
-2205
-2278
-2317
-2366
-2428
-2451
-2429
-2423
-2424
-2381
-2314
-2273
-2236
-2167
-2098
-2038
-1941
-1799
-1653
-1502
-1302
-1050
-791
-530
-229
99
425
771
1153
1530
1865
2200
2548
2856
3104
3323
3507
3628
3693
3732
3730
3665
3542
3389
3192
2921
2613
2300
1965
1602
1251
922
594
266
-36
-312
-576
-814
-998
-1145
-1294
-1431
-1531
-1626
-1747
-1860
-1959
-2065
-2176
-2264
-2325
-2397
-2468
-2493
-2479
-2477
-2477
-2437
-2388
-2359
-2334
-2273
-2208
-2154
-2062
-1916
-1768
-1622
-1421
-1163
-890
-614
-301
51
390
736
1112
1491
1827
2147
2486
2800
3050
3262
3456
3593
3670
3718
3734
3693
3589
3452
3278
3032
2729
2415
2080
1707
1334
990
654
316
-1
-284
-551
-801
-997
-1141
-1284
-1425
-1526
-1604
-1705
-1813
-1896
-1983
-2092
-2196
-2257
-2314
-2388
-2426
-2403
-2388
-2399
-2373
-2319
-2292
-2291
-2251
-2180
-2136
-2087
-1975
-1832
-1715
-1565
-1326
-1049
-783
-491
-127
243
582
941
1340
1713
2028
2352
2694
2975
3182
3377
3552
3657
3695
3709
3693
3610
3469
3306
3103
2827
2505
2180
1838
1467
1105
770
448
125
-178
-454
-703
-922
-1102
-1256
-1399
-1527
-1621
-1707
-1799
-1884
-1966
-2058
-2152
-2219
-2261
-2307
-2335
-2327
-2304
-2303
-2286
-2239
-2206
-2203
-2182
-2126
-2089
-2068
-1996
-1876
-1766
-1646
-1446
-1180
-920
-648
-312
52
383
723
1114
1502
1829
2141
2480
2784
3008
3207
3400
3535
3592
3612
3619
3569
3453
3314
3152
2932
2647
2343
2032
1703
1363
1033
718
410
100
-192
-451
-688
-906
-1099
-1265
-1415
-1553
-1668
-1762
-1858
-1966
-2073
-2164
-2244
-2311
-2351
-2362
-2363
-2358
-2340
-2309
-2268
-2238
-2215
-2190
-2157
-2121
-2093
-2050
-1959
-1835
-1698
-1529
-1298
-1026
-743
-448
-122
216
543
896
1281
1646
1957
2259
2575
2850
3061
3238
3398
3508
3550
3566
3560
3504
3394
3262
3103
2879
2597
2293
1989
1677
1351
1018
699
387
71
-222
-485
-731
-967
-1174
-1341
-1490
-1635
-1756
-1853
-1964
-2088
-2202
-2297
-2395
-2477
-2505
-2499
-2490
-2464
-2412
-2350
-2298
-2251
-2200
-2148
-2101
-2051
-2000
-1935
-1829
-1686
-1538
-1370
-1143
-862
-580
-308
-1
331
651
986
1355
1702
1986
2263
2570
2844
3036
3185
3337
3452
3497
3507
3502
3459
3357
3223
3063
2843
2557
2248
1956
1656
1330
994
682
376
57
-240
-498
-745
-988
-1195
-1349
-1488
-1637
-1754
-1848
-1958
-2088
-2202
-2300
-2414
-2502
-2526
-2515
-2501
-2466
-2394
-2320
-2266
-2212
-2138
-2064
-2004
-1939
-1874
-1804
-1705
-1570
-1428
-1277
-1066
-798
-531
-281
7
327
632
937
1275
1603
1872
2132
2429
2709
2897
3039
3202
3336
3389
3394
3404
3379
3276
3133
2983
2779
2497
2207
1947
1667
1338
1018
729
428
104
-187
-430
-680
-932
-1130
-1278
-1437
-1598
-1722
-1821
-1944
-2070
-2167
-2259
-2367
-2441
-2456
-2454
-2449
-2410
-2335
-2270
-2216
-2141
-2049
-1968
-1897
-1816
-1743
-1681
-1591
-1462
-1328
-1187
-993
-748
-509
-281
-17
275
551
822
1128
1436
1700
1952
2239
2514
2709
2861
3027
3174
3241
3260
3286
3277
3184
3048
2910
2731
2482
2223
1983
1709
1385
1067
775
465
139
-151
-397
-647
-894
-1094
-1259
-1432
-1605
-1745
-1860
-1984
-2098
-2186
-2266
-2346
-2397
-2409
-2407
-2390
-2345
-2275
-2204
-2134
-2040
-1934
-1847
-1768
-1684
-1602
-1536
-1460
-1345
-1212
-1073
-908
-702
-482
-269
-45
216
484
743
1016
1314
1598
1854
2111
2370
2591
2757
2911
3067
3176
3220
3245
3258
3207
3090
2957
2815
2621
2375
2115
1841
1518
1168
831
511
181
-146
-427
-678
-932
-1172
-1369
-1540
-1714
-1872
-1986
-2079
-2180
-2271
-2323
-2359
-2394
-2407
-2382
-2341
-2304
-2244
-2155
-2068
-1979
-1875
-1769
-1679
-1599
-1511
-1424
-1347
-1255
-1134
-998
-863
-711
-527
-335
-146
70
326
574
818
1087
1366
1623
1862
2106
2347
2550
2722
2889
3041
3135
3176
3213
3220
3159
3057
2945
2790
2562
2295
2013
1697
1341
991
664
336
0
-307
-580
-848
-1102
-1313
-1482
-1638
-1776
-1877
-1956
-2049
-2128
-2176
-2210
-2246
-2268
-2253
-2230
-2219
-2176
-2092
-2008
-1933
-1830
-1703
-1602
-1527
-1436
-1332
-1251
-1190
-1100
-981
-882
-797
-660
-483
-326
-174
41
284
492
700
961
1236
1469
1691
1951
2214
2415
2586
2779
2948
3031
3080
3144
3161
3083
2965
2845
2660
2382
2088
1806
1494
1136
792
483
161
-178
-480
-725
-955
-1181
-1355
-1475
-1589
-1703
-1789
-1846
-1906
-1972
-2008
-2013
-2018
-2026
-2001
-1952
-1896
-1833
-1742
-1629
-1527
-1436
-1340
-1248
-1190
-1155
-1104
-1056
-1028
-993
-925
-850
-791
-702
-569
-426
-284
-106
112
323
523
761
1030
1273
1496
1752
2020
2237
2422
2621
2799
2896
2946
2993
2995
2909
2774
2630
2429
2154
1861
1582
1279
937
602
303
-1
-312
-577
-783
-978
-1168
-1320
-1435
-1555
-1676
-1757
-1809
-1864
-1914
-1929
-1916
-1904
-1879
-1818
-1734
-1652
-1555
-1433
-1310
-1208
-1123
-1031
-970
-955
-960
-952
-951
-960
-942
-896
-852
-821
-755
-647
-526
-387
-201
15
222
431
677
946
1188
1421
1676
1930
2140
2329
2519
2682
2777
2831
2870
2861
2790
2687
2556
2365
2111
1840
1570
1278
961
653
364
71
-217
-463
-668
-857
-1038
-1189
-1322
-1449
-1564
-1646
-1707
-1765
-1813
-1835
-1835
-1831
-1808
-1760
-1682
-1600
-1506
-1388
-1271
-1176
-1099
-1019
-961
-951
-971
-986
-1006
-1041
-1053
-1027
-991
-973
-932
-840
-727
-600
-426
-206
17
231
478
766
1039
1286
1540
1807
2035
2219
2398
2566
2677
2732
2771
2785
2740
2648
2537
2383
2165
1912
1670
1426
1149
864
593
331
60
-195
-412
-603
-785
-953
-1094
-1215
-1323
-1411
-1477
-1528
-1579
-1621
-1635
-1626
-1613
-1591
-1543
-1471
-1404
-1334
-1252
-1169
-1111
-1072
-1027
-1001
-1023
-1064
-1095
-1131
-1179
-1203
-1177
-1147
-1128
-1072
-964
-838
-704
-519
-285
-64
155
425
723
988
1233
1504
1774
1979
2150
2330
2482
2557
2604
2651
2656
2589
2498
2397
2240
2028
1820
1628
1398
1136
880
639
383
116
-123
-327
-533
-734
-897
-1031
-1150
-1254
-1327
-1377
-1424
-1462
-1472
-1457
-1439
-1414
-1377
-1329
-1287
-1245
-1203
-1160
-1126
-1107
-1093
-1087
-1095
-1122
-1158
-1192
-1227
-1261
-1266
-1246
-1214
-1171
-1093
-979
-852
-706
-519
-303
-87
144
413
692
950
1209
1488
1740
1941
2130
2312
2449
2535
2601
2650
2644
2581
2504
2404
2255
2075
1890
1691
1457
1203
954
707
448
189
-51
-266
-473
-669
-835
-965
-1077
-1183
-1262
-1303
-1338
-1369
-1373
-1347
-1326
-1316
-1289
-1250
-1227
-1219
-1201
-1177
-1176
-1196
-1202
-1207
-1238
-1283
-1312
-1333
-1375
-1407
-1402
-1376
-1357
-1315
-1223
-1112
-1007
-868
-671
-467
-271
-30
256
531
785
1067
1364
1611
1818
2040
2246
2378
2467
2564
2627
2613
2568
2530
2451
2306
2143
1988
1798
1554
1314
1095
858
596
362
162
-41
-247
-416
-546
-674
-803
-899
-960
-1014
-1073
-1109
-1112
-1121
-1146
-1153
-1137
-1134
-1154
-1167
-1160
-1174
-1222
-1261
-1286
-1332
-1405
-1463
-1497
-1543
-1603
-1638
-1637
-1630
-1624
-1586
-1499
-1399
-1294
-1145
-941
-716
-490
-220
96
405
694
999
1320
1606
1844
2074
2303
2478
2594
2703
2798
2838
2818
2783
2733
2622
2456
2281
2095
1862
1601
1350
1102
841
573
327
106
-111
-327
-518
-681
-830
-973
-1095
-1183
-1256
-1331
-1388
-1414
-1427
-1448
-1460
-1444
-1429
-1432
-1436
-1418
-1411
-1433
-1453
-1454
-1471
-1516
-1552
-1567
-1596
-1642
-1663
-1651
-1643
-1631
-1566
-1457
-1337
-1191
-986
-739
-492
-228
80
397
690
979
1285
1576
1823
2051
2282
2491
2646
2774
2892
2973
2992
2972
2935
2852
2709
2533
2354
2145
1900
1642
1394
1142
873
610
372
140
-99
-326
-528
-713
-893
-1062
-1196
-1311
-1419
-1508
-1567
-1608
-1649
-1679
-1687
-1687
-1695
-1705
-1696
-1693
-1702
-1711
-1715
-1724
-1748
-1775
-1790
-1813
-1845
-1858
-1843
-1816
-1769
-1684
-1554
-1404
-1228
-1007
-753
-490
-215
91
405
704
998
1303
1596
1859
2104
2344
2560
2735
2884
3007
3089
3121
3113
3075
2999
2878
2725
2558
2361
2136
1893
1652
1406
1148
890
650
408
158
-81
-305
-514
-716
-891
-1042
-1182
-1305
-1402
-1484
-1555
-1612
-1654
-1687
-1716
-1735
-1749
-1766
-1777
-1784
-1796
-1818
-1837
-1856
-1897
-1938
-1968
-1993
-2017
-2019
-1983
-1927
-1854
-1735
-1578
-1401
-1200
-956
-684
-407
-117
204
527
834
1137
1451
1748
2013
2268
2509
2713
2869
3003
3105
3159
3165
3139
3086
2984
2839
2671
2480
2246
1992
1738
1479
1205
928
661
391
120
-138
-371
-592
-794
-964
-1115
-1252
-1372
-1462
-1539
-1604
-1644
-1669
-1694
-1713
-1718
-1720
-1730
-1737
-1731
-1739
-1769
-1796
-1826
-1877
-1934
-1975
-2005
-2042
-2058
-2032
-1989
-1927
-1827
-1680
-1508
-1316
-1085
-816
-534
-241
79
418
749
1072
1401
1731
2032
2301
2557
2790
2979
3124
3242
3326
3355
3335
3292
3216
3078
2896
2690
2457
2183
1898
1620
1333
1029
729
443
161
-116
-361
-580
-780
-956
-1106
-1236
-1347
-1433
-1501
-1547
-1578
-1598
-1612
-1625
-1635
-1640
-1655
-1668
-1676
-1693
-1734
-1778
-1822
-1880
-1952
-2013
-2061
-2112
-2154
-2164
-2148
-2110
-2036
-1916
-1759
-1576
-1364
-1111
-829
-530
-205
150
516
879
1245
1610
1959
2284
2582
2858
3096
3283
3427
3538
3602
3609
3576
3505
3377
3190
2966
2714
2433
2126
1812
1497
1168
836
522
225
-61
-324
-552
-748
-926
-1077
-1194
-1288
-1371
-1429
-1464
-1489
-1508
-1523
-1534
-1550
-1568
-1588
-1608
-1629
-1658
-1697
-1747
-1806
-1878
-1955
-2039
-2122
-2198
-2265
-2320
-2351
-2340
-2293
-2212
-2093
-1929
-1731
-1510
-1257
-954
-621
-278
94
492
889
1268
1647
2024
2374
2677
2954
3202
3391
3521
3614
3670
3659
3582
3467
3310
3095
2833
2558
2269
1943
1602
1271
942
608
288
-5
-271
-519
-740
-921
-1070
-1204
-1312
-1382
-1440
-1483
-1507
-1518
-1523
-1531
-1542
-1546
-1545
-1554
-1558
-1560
-1577
-1606
-1646
-1697
-1760
-1831
-1907
-1986
-2061
-2128
-2176
-2198
-2188
-2141
-2054
-1938
-1787
-1596
-1374
-1119
-827
-495
-139
233
621
1022
1416
1800
2177
2539
2858
3134
3375
3571
3709
3793
3831
3819
3749
3624
3466
3273
3034
2758
2474
2171
1841
1507
1178
855
535
225
-49
-298
-532
-743
-918
-1067
-1203
-1312
-1398
-1468
-1527
-1579
-1618
-1643
-1671
-1694
-1701
-1707
-1724
-1743
-1767
-1805
-1854
-1909
-1973
-2041
-2117
-2200
-2270
-2334
-2382
-2402
-2394
-2359
-2290
-2189
-2065
-1907
-1709
-1475
-1206
-902
-564
-206
169
558
956
1350
1729
2091
2434
2739
3002
3230
3415
3551
3629
3665
3662
3614
3516
3383
3215
3003
2759
2493
2216
1918
1612
1307
1007
708
417
146
-100
-332
-545
-731
-900
-1054
-1194
-1315
-1415
-1504
-1576
-1630
-1673
-1710
-1737
-1757
-1778
-1803
-1828
-1853
-1884
-1917
-1960
-2004
-2049
-2099
-2143
-2181
-2210
-2227
-2222
-2198
-2151
-2076
-1975
-1843
-1684
-1490
-1259
-998
-708
-387
-43
316
681
1051
1417
1767
2102
2413
2698
2945
3154
3323
3453
3532
3569
3566
3518
3423
3287
3119
2915
2684
2436
2178
1905
1622
1335
1053
774
500
239
-4
-232
-446
-641
-818
-982
-1135
-1274
-1399
-1510
-1609
-1693
-1765
-1832
-1889
-1936
-1976
-2015
-2050
-2082
-2111
-2139
-2171
-2201
-2229
-2253
-2275
-2290
-2294
-2287
-2264
-2225
-2162
-2072
-1957
-1817
-1649
-1452
-1223
-964
-675
-359
-21
334
697
1063
1427
1775
2108
2422
2710
2969
3192
3379
3525
3629
3690
3704
3674
3603
3486
3334
3146
2929
2687
2429
2158
1872
1577
1279
982
691
406
132
-128
-372
-597
-803
-993
-1167
-1324
-1465
-1594
-1708
-1805
-1890
-1962
-2025
-2077
-2119
-2155
-2187
-2211
-2232
-2251
-2267
-2283
-2297
-2306
-2314
-2316
-2311
-2295
-2266
-2224
-2164
-2078
-1967
-1833
-1669
-1484
-1267
-1021
-748
-447
-121
220
573
927
1281
1625
1954
2262
2548
2809
3035
3229
3386
3507
3589
3626
3621
3572
3478
3344
3177
2978
2752
2504
2238
1955
1661
1357
1051
745
446
153
-132
-401
-653
-885
-1095
-1284
-1456
-1608
-1739
-1854
-1948
-2022
-2082
-2126
-2155
-2178
-2189
-2195
-2190
-2177
-2164
-2145
-2128
-2112
-2094
-2074
-2047
-2017
-1977
-1932
-1880
-1819
-1751
-1663
-1556
-1425
-1276
-1105
-908
-684
-435
-165
125
425
736
1051
1369
1682
1986
2278
2549
2794
3008
3196
3351
3479
3567
3614
3621
3585
3508
3395
3245
3063
2852
2609
2342
2057
1756
1445
1126
801
477
152
-165
-469
-753
-1019
-1262
-1483
-1682
-1855
-2005
-2128
-2230
-2305
-2362
-2402
-2424
-2435
-2431
-2417
-2389
-2359
-2320
-2276
-2237
-2193
-2151
-2102
-2044
-1979
-1910
-1841
-1772
-1708
-1642
-1564
-1471
-1358
-1225
-1071
-892
-689
-467
-223
41
323
620
932
1253
1578
1900
2209
2499
2770
3013
3232
3417
3564
3669
3732
3756
3737
3678
3577
3432
3238
3002
2732
2436
2120
1790
1449
1095
734
367
4
-344
-675
-982
-1263
-1517
-1741
-1931
-2092
-2227
-2337
-2427
-2488
-2522
-2531
-2521
-2494
-2457
-2411
-2356
-2300
-2237
-2168
-2099
-2028
-1951
-1870
-1780
-1692
-1611
-1538
-1475
-1421
-1365
-1296
-1214
-1116
-997
-861
-708
-532
-332
-109
137
408
697
1003
1321
1640
1957
2261
2547
2820
3067
3282
3459
3593
3683
3733
3746
3718
3647
3523
3343
3111
2833
2526
2203
1863
1513
1153
776
392
15
-357
-702
-1024
-1321
-1586
-1815
-2011
-2170
-2300
-2411
-2498
-2557
-2587
-2577
-2537
-2479
-2404
-2324
-2243
-2158
-2073
-1985
-1890
-1795
-1696
-1597
-1499
-1413
-1337
-1276
-1235
-1198
-1164
-1129
-1078
-1016
-943
-853
-749
-625
-477
-307
-107
123
379
655
945
1241
1543
1840
2129
2410
2672
2909
3111
3278
3408
3501
3557
3574
3545
3464
3329
3137
2898
2629
2336
2025
1701
1362
1012
654
297
-56
-397
-721
-1018
-1289
-1527
-1731
-1905
-2052
-2177
-2277
-2353
-2396
-2403
-2380
-2334
-2269
-2197
-2119
-2038
-1956
-1870
-1786
-1697
-1607
-1522
-1441
-1370
-1314
-1267
-1231
-1203
-1174
-1142
-1103
-1053
-993
-922
-840
-742
-628
-490
-322
-129
89
323
570
825
1085
1346
1615
1873
2125
2355
2563
2749
2905
3036
3135
3198
3218
3192
3119
3000
2839
2642
2418
2164
1891
1607
1309
1006
695
379
59
-253
-552
-832
-1083
-1312
-1513
-1689
-1844
-1973
-2074
-2148
-2194
-2215
-2211
-2189
-2146
-2088
-2016
-1934
-1851
-1766
-1677
-1588
-1503
-1424
-1350
-1281
-1221
-1165
-1112
-1057
-1000
-942
-883
-820
-750
-676
-595
-497
-382
-249
-93
76
258
445
639
839
1046
1261
1482
1699
1908
2101
2280
2444
2587
2709
2804
2863
2885
2869
2818
2730
2612
2455
2267
2053
1819
1575
1319
1054
776
486
189
-108
-393
-664
-916
-1148
-1362
-1551
-1717
-1856
-1969
-2058
-2129
-2174
-2197
-2192
-2161
-2107
-2035
-1954
-1863
-1769
-1671
-1572
-1473
-1374
-1278
-1182
-1090
-1003
-914
-834
-759
-693
-628
-566
-504
-441
-373
-299
-220
-136
-46
51
143
241
347
458
585
726
877
1032
1188
1344
1499
1653
1804
1946
2072
2174
2255
2312
2345
2353
2327
2268
2173
2050
1909
1748
1572
1376
1158
921
669
408
146
-111
-360
-598
-821
-1031
-1220
-1388
-1539
-1666
-1768
-1843
-1891
-1910
-1902
-1878
-1830
-1768
-1692
-1602
-1504
-1404
-1300
-1185
-1074
-961
-850
-750
-662
-584
-514
-447
-384
-322
-268
-221
-181
-148
-119
-99
-84
-77
-72
-69
-58
-31
13
76
154
243
348
470
611
770
944
1117
1285
1442
1591
1728
1851
1948
2013
2045
2039
2007
1952
1871
1771
1645
1491
1313
1111
896
671
443
214
-12
-235
-451
-660
-849
-1015
-1161
-1281
-1375
-1449
-1499
-1530
-1541
-1530
-1495
-1442
-1377
-1299
-1214
-1121
-1021
-914
-815
-726
-647
-578
-520
-456
-394
-338
-290
-254
-230
-219
-219
-232
-263
-304
-354
-410
-457
-492
-509
-505
-490
-452
-392
-304
-190
-45
124
305
493
684
877
1070
1254
1428
1575
1693
1780
1839
1878
1894
1889
1858
1801
1713
1600
1460
1303
1131
948
754
551
344
140
-58
-244
-411
-564
-699
-816
-917
-998
-1060
-1104
-1123
-1121
-1102
-1068
-1023
-965
-901
-834
-762
-698
-640
-587
-538
-495
-454
-416
-387
-372
-366
-376
-400
-441
-500
-572
-653
-739
-818
-885
-939
-978
-997
-994
-971
-918
-837
-729
-594
-444
-276
-96
98
302
508
711
905
1082
1239
1382
1508
1619
1713
1784
1831
1847
1834
1795
1732
1647
1541
1415
1270
1113
946
777
610
448
290
138
-3
-133
-248
-349
-430
-495
-543
-574
-592
-598
-595
-586
-572
-555
-539
-524
-511
-502
-494
-491
-494
-500
-516
-542
-581
-629
-689
-758
-842
-928
-1014
-1097
-1167
-1227
-1275
-1307
-1321
-1315
-1285
-1236
-1165
-1076
-969
-844
-704
-543
-368
-182
11
206
399
588
774
956
1126
1287
1435
1561
1668
1750
1806
1839
1848
1832
1792
1729
1645
1544
1432
1310
1178
1037
894
750
607
470
341
222
115
19
-68
-142
-207
-265
-313
-354
-393
-424
-450
-474
-498
-523
-545
-567
-594
-627
-662
-706
-755
-808
-872
-940
-1010
-1085
-1158
-1227
-1290
-1343
-1386
-1416
-1437
-1440
-1428
-1401
-1357
-1299
-1228
-1139
-1033
-906
-763
-605
-436
-260
-71
118
313
508
702
893
1074
1241
1398
1539
1665
1769
1849
1906
1936
1947
1934
1900
1850
1779
1688
1585
1471
1345
1212
1077
934
791
650
511
377
250
133
18
-85
-180
-268
-347
-418
-484
-543
-594
-645
-693
-737
-778
-818
-856
-895
-938
-984
-1030
-1078
-1124
-1175
-1226
-1271
-1315
-1357
-1389
-1412
-1430
-1438
-1437
-1423
-1396
-1356
-1304
-1238
-1159
-1066
-956
-832
-694
-543
-382
-212
-34
152
342
534
725
911
1089
1260
1421
1572
1705
1820
1915
1984
2033
2060
2069
2053
2017
1962
1883
1787
1677
1554
1418
1272
1119
961
802
642
486
334
190
52
-80
-202
-317
-423
-519
-608
-690
-764
-830
-893
-948
-997
-1041
-1084
-1123
-1161
-1199
-1234
-1269
-1301
-1332
-1359
-1388
-1410
-1424
-1431
-1434
-1427
-1413
-1390
-1354
-1310
-1256
-1191
-1115
-1025
-922
-809
-685
-551
-404
-250
-88
79
251
427
600
774
942
1105
1263
1412
1550
1674
1783
1873
1946
1998
2034
2047
2044
2020
1971
1904
1817
1715
1597
1468
1327
1175
1014
851
685
520
360
202
47
-100
-243
-377
-500
-618
-723
-818
-904
-981
-1049
-1111
-1164
-1209
-1247
-1282
-1314
-1341
-1362
-1380
-1393
-1399
-1403
-1403
-1397
-1384
-1368
-1343
-1311
-1274
-1232
-1180
-1124
-1062
-991
-911
-824
-726
-619
-510
-390
-259
-122
20
169
323
476
629
780
932
1078
1222
1358
1483
1599
1701
1789
1864
1921
1960
1980
1979
1963
1923
1863
1782
1681
1563
1433
1290
1136
973
801
629
456
283
116
-46
-204
-353
-492
-620
-736
-840
-931
-1007
-1072
-1129
-1172
-1212
-1241
-1263
-1280
-1292
-1300
-1303
-1301
-1297
-1289
-1275
-1257
-1235
-1212
-1182
-1149
-1113
-1074
-1034
-990
-942
-891
-834
-771
-703
-625
-540
-450
-354
-251
-138
-16
111
242
375
512
648
783
916
1047
1173
1292
1402
1505
1594
1673
1739
1786
1818
1833
1832
1812
1771
1715
1635
1535
1421
1291
1149
1001
843
678
510
341
174
13
-144
-294
-435
-568
-687
-794
-885
-962
-1027
-1079
-1121
-1154
-1177
-1193
-1204
-1208
-1206
-1200
-1192
-1178
-1164
-1148
-1126
-1102
-1077
-1045
-1012
-977
-940
-903
-865
-825
-781
-735
-682
-626
-564
-494
-420
-339
-252
-158
-57
52
165
282
399
516
630
748
859
968
1072
1168
1258
1339
1408
1466
1514
1546
1567
1573
1566
1543
1504
1449
1376
1291
1191
1078
959
831
700
564
424
287
151
16
-113
-235
-351
-460
-556
-645
-723
-791
-847
-893
-932
-961
-985
-1003
-1019
-1028
-1036
-1039
-1037
-1033
-1022
-1014
-1001
-989
-975
-957
-935
-912
-881
-848
-814
-779
-740
-699
-652
-597
-535
-466
-394
-318
-237
-151
-60
35
135
240
345
449
552
647
740
829
913
995
1071
1142
1202
1248
1283
1304
1317
1319
1314
1300
1269
1229
1175
1107
1028
942
852
758
658
556
451
341
232
123
19
-80
-174
-262
-344
-419
-491
-555
-613
-665
-710
-746
-777
-801
-821
-840
-856
-871
-884
-896
-903
-904
-904
-897
-889
-883
-878
-868
-854
-837
-816
-786
-753
-719
-678
-637
-590
-533
-471
-400
-324
-246
-168
-85
-2
83
175
270
368
465
562
649
729
803
874
940
1002
1061
1113
1156
1183
1196
1197
1188
1171
1148
1119
1080
1031
969
899
820
736
651
566
477
388
297
205
111
16
-71
-155
-235
-310
-379
-445
-507
-564
-613
-657
-698
-728
-753
-775
-793
-807
-819
-830
-839
-845
-850
-855
-851
-844
-838
-827
-815
-801
-785
-763
-737
-709
-674
-634
-588
-541
-489
-430
-363
-292
-214
-136
-56
26
110
198
288
381
477
573
661
742
817
882
940
995
1041
1083
1112
1134
1144
1138
1119
1087
1046
1000
949
893
828
756
676
589
497
404
317
231
153
80
11
-58
-125
-188
-252
-308
-361
-407
-443
-474
-501
-527
-552
-573
-594
-608
-618
-627
-638
-653
-674
-698
-724
-752
-776
-792
-803
-810
-813
-817
-815
-811
-799
-773
-742
-700
-653
-603
-548
-487
-421
-345
-264
-175
-79
19
120
224
328
434
543
650
750
841
921
989
1044
1088
1119
1140
1149
1143
1132
1102
1062
1009
947
879
803
726
651
574
498
419
338
254
168
90
17
-41
-84
-123
-154
-184
-214
-247
-281
-313
-336
-351
-364
-377
-395
-419
-445
-469
-490
-505
-520
-541
-572
-615
-667
-726
-781
-828
-864
-887
-904
-918
-932
-942
-942
-927
-892
-840
-776
-703
-631
-561
-488
-410
-321
-219
-104
23
151
281
408
530
650
767
882
990
1087
1170
1233
1277
1301
1309
1298
1279
1244
1199
1140
1073
993
903
808
713
616
524
438
359
280
205
127
49
-28
-94
-148
-189
-218
-238
-260
-281
-306
-333
-363
-387
-408
-429
-450
-479
-515
-550
-582
-609
-634
-658
-686
-720
-767
-821
-874
-920
-957
-977
-989
-991
-991
-989
-982
-965
-928
-873
-799
-714
-623
-533
-448
-362
-270
-168
-49
79
216
357
492
619
739
851
958
1059
1158
1244
1314
1367
1396
1406
1397
1375
1338
1290
1235
1167
1094
1011
921
826
726
633
540
455
376
299
227
151
76
-1
-75
-140
-193
-239
-279
-320
-362
-402
-448
-491
-533
-571
-610
-650
-695
-740
-783
-822
-859
-896
-928
-962
-998
-1034
-1068
-1094
-1108
-1111
-1098
-1074
-1042
-1008
-974
-933
-883
-818
-740
-653
-553
-453
-349
-247
-141
-30
90
218
352
488
620
743
854
957
1046
1128
1204
1271
1332
1379
1411
1429
1429
1413
1380
1337
1281
1215
1146
1073
993
911
820
730
639
546
459
374
293
212
132
50
-36
-118
-199
-270
-337
-402
-467
-531
-592
-655
-716
-771
-821
-872
-921
-970
-1015
-1056
-1088
-1120
-1147
-1170
-1189
-1205
-1212
-1210
-1200
-1174
-1136
-1086
-1026
-956
-884
-806
-726
-644
-551
-455
-351
-243
-136
-26
89
208
328
450
574
700
821
934
1033
1122
1200
1262
1312
1347
1377
1404
1420
1425
1420
1408
1382
1340
1280
1208
1129
1048
958
862
770
677
581
481
382
286
188
93
-6
-101
-192
-285
-375
-462
-543
-615
-688
-758
-821
-881
-938
-990
-1040
-1083
-1120
-1151
-1179
-1201
-1214
-1218
-1216
-1208
-1193
-1179
-1153
-1118
-1079
-1030
-971
-900
-822
-738
-651
-558
-458
-360
-267
-171
-71
33
136
235
335
439
546
647
745
843
947
1042
1124
1200
1268
1327
1370
1392
1401
1402
1396
1380
1353
1323
1292
1253
1196
1120
1037
947
845
733
617
508
400
289
175
64
-41
-144
-254
-368
-473
-566
-656
-749
-834
-907
-963
-1019
-1072
-1119
-1153
-1179
-1200
-1220
-1235
-1234
-1228
-1218
-1205
-1177
-1139
-1097
-1051
-1003
-945
-879
-816
-750
-676
-592
-504
-411
-317
-219
-117
-19
78
173
265
357
447
534
619
701
777
847
915
976
1032
1083
1131
1172
1205
1230
1247
1254
1250
1231
1197
1157
1109
1053
992
929
863
794
716
630
538
443
347
244
142
44
-47
-137
-228
-317
-397
-475
-551
-628
-699
-757
-810
-860
-903
-936
-957
-974
-987
-995
-995
-987
-975
-962
-947
-922
-890
-854
-815
-767
-717
-662
-605
-551
-490
-428
-366
-305
-242
-172
-105
-38
32
101
164
227
289
346
401
457
510
559
605
647
686
715
745
768
786
802
816
823
825
824
819
805
787
765
736
700
660
618
572
523
473
422
367
314
257
199
141
86
31
-27
-80
-132
-180
-234
-281
-325
-368
-410
-449
-484
-516
-544
-570
-594
-615
-629
-640
-651
-658
-658
-658
-656
-648
-642
-631
-614
-596
-576
-555
-527
-501
-473
-440
-407
-374
-339
-301
-263
-222
-180
-136
-92
-51
-6
38
79
123
166
205
244
283
322
356
391
424
453
476
499
523
541
556
571
581
586
591
592
587
578
565
552
533
514
493
465
436
406
373
341
306
270
232
193
155
115
77
33
-7
-45
-89
-131
-168
-210
-243
-279
-310
-336
-367
-390
-410
-437
-454
-463
-479
-496
-498
-502
-507
-510
-499
-488
-483
-467
-445
-427
-410
-385
-356
-331
-306
-271
-242
-208
-171
-127
-95
-59
-12
23
55
96
138
170
203
249
277
303
339
376
400
406
448
473
468
484
504
505
504
508
505
503
489
484
471
441
430
414
370
352
332
305
259
236
214
171
138
98
69
40
-13
-50
-65
-109
-156
-173
-199
-246
-256
-287
-320
-333
-363
-385
-404
-420
-432
-454
-452
-460
-474
-468
-476
-471
-475
-471
-462
-460
-444
-430
-428
-393
-378
-367
-325
-303
-277
-246
-219
-184
-157
-150
-96
-63
-51
-30
54
45
85
130
147
188
189
207
265
236
270
301
294
318
323
361
346
366
360
391
376
348
367
374
329
326
307
328
282
254
267
253
221
214
202
168
170
137
87
96
71
16
20
-11
-23
-49
-60
-71
-95
-106
-104
-140
-154
-152
-151
-190
-201
-163
-183
-203
-183
-170
-172
-169
-173
-148
-145
-157
-140
-119
-127
-122
-83
-85
-83
-58
-43
-29
-42
-10
8
-6
12
24
35
41
39
43
45
69
38
36
79
48
52
56
63
73
45
61
60
36
50
30
19
32
27
15
11
30
31
14
22
28
35
22
3
26
12
2
6
-8
6
17
-23
-11
16
-13
-23
-14
-27
-21
-23
-49
-35
-23
-43
-49
-38
-27
-26
-66
-31
-13
-63
-45
-36
-31
-39
-56
-8
-8
-44
-21
16
-26
-44
23
-20
-48
8
14
-33
-25
48
5
-32
35
41
-23
18
81
-22
-39
83
146
-136
-106
383
-26
-330
223
312
-212
-205
346
222
-384
31
374
-95
-241
135
201
-139
-196
198
155
-277
-17
230
-37
-206
43
135
-85
-227
82
106
-216
-103
138
-7
-161
-9
127
-81
-129
77
8
-117
-55
49
-34
-100
13
42
-66
-20
46
-4
-26
23
9
-5
-9
11
6
-23
11
23
-13
18
24
11
25
25
24
38
38
15
30
38
19
2
33
40
10
17
60
38
15
45
60
22
31
63
34
34
52
51
26
40
62
17
4
50
26
-15
3
36
17
-22
23
49
-2
-7
28
5
-24
-30
-22
-24
-53
-49
-22
-18
-26
-20
7
11
-21
-13
-7
-20
-37
-47
-34
-31
-45
-37
-18
-12
-18
-17
2
2
-17
-12
-8
-21
-20
-31
-24
-9
-19
-24
3
7
-16
-13
8
2
-20
-4
14
-5
-13
0
10
-6
-9
14
13
0
6
22
5
-4
12
12
0
12
24
12
15
26
22
11
18
15
1
5
3
-8
-2
1
-2
5
19
17
9
16
14
-11
-10
-4
-25
-31
-16
-14
-20
-9
10
11
4
18
20
-1
-8
-8
-9
-21
-30
-14
-7
-20
-9
15
7
-5
10
25
-3
-15
13
0
-32
-13
3
-15
-17
4
10
1
2
10
7
1
-2
-4
3
-4
-12
-2
4
-4
-3
6
13
9
6
13
14
6
-2
10
11
-1
-2
13
6
-6
9
12
2
5
9
-1
-2
5
-6
-9
0
-1
-9
-3
5
-3
-6
-3
-2
-3
-11
-11
-3
-5
-16
-7
7
-5
-12
3
3
-11
-9
0
-4
-12
-5
-6
-11
-8
-6
-8
-5
-1
-1
-1
0
4
3
-6
-2
3
-2
-9
2
12
-2
-1
15
10
-3
8
11
-3
-1
6
0
1
7
7
4
11
13
6
7
14
7
1
9
6
3
5
8
3
1
6
4
4
3
5
1
0
2
-5
1
0
-2
-1
-1
4
0
-3
-1
3
-3
-7
0
0
-8
-9
-1
-2
-9
-3
1
-5
-9
1
0
-6
-5
-4
-8
-11
-7
-8
-10
-4
-6
-7
-4
-3
-4
-3
-3
-2
-2
-3
0
-2
-1
2
1
3
3
3
4
3
2
4
3
2
5
5
6
6
5
7
5
6
6
3
6
7
4
2
4
3
3
4
2
2
2
2
0
0
0
0
1
-1
0
0
-2
-1
-1
0
-2
-1
-3
-2
-3
-3
-3
-5
-3
-4
-4
-3
-6
-4
-5
-5
-4
-3
-4
-4
-3
-4
-4
-2
-3
-2
-2
-1
0
-1
0
0
-1
1
3
2
2
2
2
2
3
2
2
3
4
2
4
4
5
6
4
4
4
5
5
5
4
2
2
1
2
1
2
2
3
3
1
1
1
1
1
-1
0
-1
-2
-2
-3
-2
-3
-2
-2
-2
-2
-3
-3
-3
-4
-6
-5
-5
-6
-5
-5
-5
-5
-6
-6
-6
-5
-4
-6
-6
-6
-5
-3
-3
-4
-2
-1
-2
-1
0
-1
-1
-1
1
0
0
2
2
4
2
5
5
5
5
4
5
5
6
4
5
5
4
4
4
4
3
5
4
5
5
5
6
6
3
5
4
3
3
3
3
0
0
-1
-1
-1
-1
-1
-1
-3
-4
-1
-2
-3
-2
-3
-4
-4
-3
-4
-4
-4
-2
-2
-2
-1
-3
-2
-1
-2
-2
-2
-2
-1
-2
-1
0
-1
1
2
2
0
-1
0
-1
0
-2
0
1
0
1
2
2
2
2
2
3
1
1
1
0
0
1
1
0
0
2
2
1
2
2
0
0
0
0
0
-1
1
3
1
3
2
0
-1
-1
-1
-3
-1
0
-2
0
0
-1
0
0
0
-1
-2
-4
-3
-4
-4
-3
-3
-3
-2
-2
-1
-2
-2
0
-1
-2
-3
-3
-3
-3
-3
-3
-2
-2
-1
0
1
3
1
2
1
2
2
2
3
1
0
1
0
2
2
2
4
3
3
3
4
4
4
2
2
1
-1
-1
0
0
0
0
4
4
4
5
4
3
1
1
-1
-2
-3
-3
-2
-3
0
0
0
0
0
1
-2
0
-1
-3
-4
-2
-3
-3
0
-2
-1
-1
-3
0
-1
-2
-1
0
-1
-1
-3
-2
0
-1
0
1
1
2
2
2
1
1
0
1
0
0
1
1
1
1
3
2
3
2
2
1
1
0
-1
0
-1
0
0
2
1
2
1
0
1
0
1
-1
-2
-1
0
0
-1
1
1
2
1
2
1
0
0
0
0
0
1
-1
0
0
-1
1
0
-1
-1
-1
-2
-3
-2
-3
-1
-3
-2
-2
-2
1
0
0
0
-1
1
-2
-2
-3
-3
-2
-1
-1
-1
0
0
0
1
1
0
0
-2
-1
-1
0
-1
0
0
2
2
1
3
1
0
1
1
-2
-2
-2
-2
-1
0
-1
1
0
1
1
-1
0
0
1
1
0
0
1
0
-1
0
-2
0
1
0
0
1
0
-1
-1
1
1
1
2
1
-1
0
0
-2
-1
-1
0
1
0
0
1
1
1
2
0
0
0
1
0
-1
0
0
1
1
0
1
1
0
-1
1
0
0
0
1
1
0
1
2
1
0
1
0
-1
-1
-1
-1
-1
1
1
2
2
1
1
1
0
-1
-1
0
0
-1
1
0
-1
0
0
0
-2
0
0
0
0
-1
-2
-2
-2
-2
-3
-2
-2
1
1
1
1
2
3
1
1
0
-1
-1
0
-2
-2
-2
-2
-1
0
0
2
0
1
-1
-1
-2
-1
-1
-1
0
-2
-2
-1
-1
0
0
0
2
2
-1
1
-1
-1
0
0
0
0
-1
0
1
0
0
0
-1
0
-1
-1
0
0
0
-1
0
0
0
2
0
0
1
1
0
1
1
1
2
0
1
1
0
0
-1
0
0
1
0
0
0
1
1
0
0
0
0
0
-1
-2
-3
-2
-3
0
0
2
1
1
2
0
2
1
0
0
-2
0
-2
-2
-1
1
1
2
1
1
1
0
0
0
0
0
-1
-1
-1
-2
0
0
1
1
-1
0
0
1
-1
-1
-1
-2
-2
1
0
-1
0
0
0
1
1
1
1
0
1
1
0
-1
1
0
0
2
0
0
1
-1
0
-1
-2
-1
1
0
1
0
0
1
0
0
-1
-1
0
-1
-1
-1
1
1
0
2
1
-1
0
2
0
1
1
-1
-2
-1
-1
-1
-1
-1
-2
-1
0
-1
0
0
2
2
1
0
0
1
0
0
-1
0
-1
0
1
-1
1
1
0
1
0
1
0
-1
1
1
1
1
0
1
0
0
1
0
0
1
0
1
1
-1
0
-1
0
0
1
0
0
-1
-1
-1
0
-1
0
0
0
1
0
0
1
2
0
0
-1
-1
-1
-2
-2
-2
0
1
2
2
1
2
1
0
0
-1
-1
-1
-2
-1
0
1
1
2
0
-1
-1
-1
-1
0
-2
-1
-1
0
1
1
2
2
3
1
0
0
-1
-2
0
-1
-2
-1
-1
1
2
2
1
1
0
0
-1
1
0
-1
-1
1
0
0
-1
-2
-1
0
-1
2
1
1
1
1
1
0
-1
-2
-1
-2
-1
-1
0
0
0
1
1
1
1
0
0
-1
-1
0
-1
-1
0
2
1
0
0
1
-1
-2
-1
-2
-1
-1
-1
1
1
1
1
2
1
1
0
0
0
1
1
-1
0
0
1
1
-1
-2
-2
0
1
-1
1
1
1
1
-2
-2
-1
-1
0
0
0
1
1
3
3
2
1
-1
-1
-1
-1
-1
0
1
1
1
2
0
0
0
-2
-2
-1
-1
1
1
2
2
3
2
0
-1
-2
-2
-3
-2
-2
-1
1
1
1
1
2
0
0
-1
-2
-4
-3
-1
1
1
1
4
3
3
0
-2
-4
-4
-3
-2
-1
1
4
4
5
4
3
2
0
-3
-3
-4
-2
-2
0
1
2
4
2
1
-1
-1
-2
-5
-3
-4
-2
0
0
1
0
4
2
1
1
0
1
0
0
-1
1
0
0
0
0
1
1
0
1
-1
-1
-1
-1
-1
0
1
1
0
2
1
1
2
0
0
-1
-1
-1
-1
