SAMPLES:	18088
BITSPERSAMPLE:	16
CHANNELS:	1
SAMPLERATE:	16000
NORMALIZED:	FALSE
-2
-1
-1
-1
0
0
0
0
-1
0
-1
-2
-2
-2
-2
-2
-2
-2
0
-1
-1
-3
-1
-1
-2
-2
-1
0
0
2
-1
0
-1
-1
0
0
-1
0
0
1
0
1
1
1
1
1
-1
1
1
1
0
-1
-1
-1
-1
-1
-1
1
1
0
0
0
-1
0
2
1
1
1
1
1
1
1
1
1
0
1
2
0
0
0
0
3
2
2
1
1
2
1
2
1
1
2
2
3
1
2
1
0
-1
1
0
0
0
0
1
-1
0
1
0
0
0
-1
-1
0
0
0
1
-1
-1
1
0
1
0
1
1
-1
0
0
-1
-1
-1
-1
-1
2
-1
0
0
-1
-2
-1
0
-1
-2
-3
-3
0
-2
-2
-2
-1
-1
-1
0
0
-2
-3
-2
-1
-1
-1
-1
-3
-2
-2
-1
-1
-1
-1
0
0
1
1
0
-1
-1
0
-1
-1
1
1
-1
-1
0
-1
1
-1
0
1
0
0
-1
-2
0
2
1
0
0
0
1
1
2
0
0
-1
-2
-1
1
2
0
1
1
1
3
2
2
0
2
2
2
0
2
2
2
1
2
2
0
1
1
2
2
0
1
1
2
1
0
1
1
0
0
1
2
2
1
1
0
1
0
0
1
-1
-1
-1
0
-1
0
0
-1
-2
0
1
0
-1
-2
-2
-1
-2
0
1
-1
-2
-3
-2
-1
-1
-2
-2
-2
-3
-2
-1
-1
0
-1
-1
-1
-1
-2
-2
-3
-3
-2
0
1
0
-1
-1
0
0
2
1
0
1
1
0
1
1
0
1
1
1
1
1
0
1
1
1
1
1
-1
0
-1
0
1
-1
-1
0
1
1
2
1
0
1
2
2
0
0
1
0
0
1
1
-1
0
-1
-1
-1
-1
1
-1
2
1
0
-1
-2
0
0
-1
0
-1
0
0
-1
-1
-1
-1
-1
0
0
0
0
-2
-1
0
0
0
-1
0
1
1
2
0
0
-1
-2
0
0
0
0
-2
0
1
1
0
1
0
2
1
1
1
1
1
1
3
2
1
1
3
2
2
3
3
4
4
3
4
3
2
1
1
1
1
2
0
-1
0
0
0
0
-1
-1
-2
-2
0
-2
-3
-3
-3
-2
-2
-5
-5
-4
-4
-5
-4
-2
-3
-1
-2
-2
-2
-1
-3
-2
-1
-2
0
0
1
-1
0
-1
-1
0
-1
-1
0
-1
2
2
2
0
-2
0
1
1
2
-1
-1
1
2
3
0
0
-1
1
3
3
2
0
-1
0
2
3
0
-1
-2
1
3
2
0
0
1
1
3
1
-1
-2
0
1
3
1
0
0
0
1
1
1
-1
-3
-2
-1
2
0
-1
-2
-2
-1
1
1
-1
-2
-3
-1
2
1
1
0
1
1
2
4
2
1
0
0
1
2
1
1
-2
0
0
-1
0
-1
-3
-2
0
-1
-2
-1
-1
-1
-2
-2
-1
1
-1
0
0
-1
-2
1
2
3
0
0
0
1
1
0
0
-1
1
1
1
0
0
1
0
-1
0
0
-2
-2
-2
-1
1
0
0
0
-1
-1
1
1
1
0
0
0
2
2
0
0
0
1
1
2
1
1
1
1
1
1
0
1
1
0
1
1
1
0
1
1
-1
2
0
1
0
0
-1
-1
-1
-1
0
-1
-2
-3
-2
-1
-3
-3
-3
-2
-3
-2
-1
-2
-1
-1
-2
-2
-1
-1
0
0
1
1
1
1
1
1
3
3
3
3
2
3
3
4
2
2
1
2
3
4
4
2
3
1
3
2
0
1
0
1
1
-1
-3
-3
-5
-4
-2
-2
-1
-1
-2
-1
0
-2
-1
-2
-3
-2
-2
-2
-1
-1
-1
0
0
-1
1
0
0
1
2
2
1
1
0
2
0
1
1
1
3
1
2
-1
0
1
2
3
2
1
0
0
0
2
1
0
1
1
1
-1
0
0
-1
0
-2
-2
-3
-3
-2
-3
-1
-2
-1
-1
-1
-1
-1
-3
-2
-1
-1
-1
0
0
0
0
0
0
1
0
2
4
4
3
2
1
-2
0
3
2
0
-1
-1
0
3
1
-2
-2
0
1
1
0
-1
-1
1
3
4
2
-2
0
1
3
3
-1
-1
-1
-1
1
1
0
-3
-2
-1
2
1
0
-2
-1
0
0
0
-2
-3
-2
-1
-1
0
-2
-2
-3
0
1
0
-2
-2
0
0
1
0
0
-1
0
1
1
2
1
0
1
2
2
1
-1
-2
-2
-1
1
2
1
0
0
-2
0
-1
0
0
0
-1
0
1
0
1
1
-1
1
1
1
1
0
1
1
2
2
2
3
1
1
0
-1
1
1
-2
-1
-1
-2
0
1
0
-2
-3
-2
-2
-2
0
0
-2
-1
1
1
1
0
-2
0
0
1
2
-1
-2
-3
-1
1
0
-1
-3
-3
-2
0
-2
-2
-2
-2
0
0
0
1
1
1
2
4
4
3
2
1
2
4
3
3
4
1
2
4
2
1
1
0
0
0
-1
0
0
-1
-2
-2
-1
0
-1
-3
-3
-3
-1
-1
-1
-1
-2
-2
-2
-1
-1
-2
-3
-1
0
0
-1
-1
-2
-2
-1
0
0
-1
-2
0
-3
-2
-2
0
0
-1
-1
1
0
-1
0
0
2
1
0
0
1
3
1
2
0
0
3
2
4
4
2
3
3
5
7
6
3
3
4
6
4
6
4
5
7
6
7
6
3
3
2
3
3
-1
-2
-4
-4
-5
-6
-8
-9
-9
-10
-9
-13
-13
-15
-15
-15
-14
-13
-13
-12
-10
-9
-8
-8
-6
-5
-3
-2
-2
-1
2
4
5
7
7
11
14
15
16
18
17
18
21
22
22
23
24
26
29
32
35
34
35
38
39
40
37
30
24
15
12
7
0
-7
-18
-22
-24
-29
-36
-49
-56
-70
-81
-88
-95
-109
-125
-133
-135
-132
-128
-130
-130
-120
-108
-85
-65
-47
-32
-10
26
56
82
93
104
125
148
170
185
194
193
186
191
192
182
164
143
129
108
91
69
48
20
-10
-26
-40
-50
-65
-73
-83
-79
-66
-37
-22
-5
24
64
100
136
164
158
162
178
199
194
179
151
126
116
102
70
13
-55
-112
-153
-209
-269
-326
-387
-460
-496
-511
-541
-574
-601
-606
-614
-619
-617
-591
-552
-518
-457
-375
-300
-233
-146
-47
39
119
216
322
445
552
620
643
679
718
747
749
736
692
618
570
529
477
393
302
216
176
131
69
2
-31
-65
-88
-89
-104
-70
-21
52
82
130
163
173
245
351
405
389
418
477
558
586
587
501
420
323
261
208
100
-58
-243
-339
-435
-522
-651
-768
-927
-1036
-1123
-1204
-1317
-1447
-1528
-1571
-1545
-1553
-1549
-1535
-1479
-1391
-1267
-1114
-962
-787
-543
-202
80
270
451
742
947
1129
1298
1422
1450
1453
1520
1518
1522
1410
1315
1279
1234
1067
963
880
745
528
417
246
140
158
59
-17
-91
-91
-203
-84
59
73
56
222
390
633
793
879
935
955
958
857
985
834
634
427
373
204
4
-172
-369
-608
-865
-1063
-1248
-1405
-1768
-1984
-2156
-2217
-2415
-2522
-2567
-2652
-2681
-2627
-2456
-2310
-2142
-1895
-1511
-1128
-776
-444
8
374
675
1006
1305
1512
1650
1838
1956
2015
2051
2074
2104
2120
2036
1941
1820
1672
1445
1236
1005
738
570
402
229
28
-118
-268
-286
-260
-214
-214
-67
106
347
622
854
1032
1100
1243
1291
1349
1258
1148
984
853
652
475
256
-8
-310
-603
-793
-1098
-1368
-1721
-1958
-2213
-2392
-2571
-2711
-2856
-2978
-3027
-2989
-2894
-2835
-2641
-2437
-2126
-1844
-1434
-1019
-607
-212
188
588
878
1124
1359
1612
1717
1826
1930
2046
2063
2118
2206
2152
2033
1892
1827
1643
1414
1162
994
785
553
360
204
42
-171
-159
-127
-69
-88
94
328
580
842
1104
1307
1377
1480
1551
1626
1463
1293
1057
889
610
338
58
-309
-651
-962
-1134
-1433
-1727
-2051
-2245
-2453
-2622
-2788
-2940
-3108
-3238
-3198
-3117
-2996
-2924
-2724
-2473
-2100
-1627
-1122
-681
-287
166
610
1006
1297
1523
1631
1756
1897
2037
2094
2099
2125
2131
2149
2091
2012
1856
1666
1453
1293
1087
852
591
386
157
-59
-184
-247
-253
-262
-179
-27
208
498
800
1064
1256
1400
1553
1660
1659
1510
1274
1019
713
397
58
-297
-653
-980
-1212
-1416
-1610
-1841
-2073
-2293
-2491
-2663
-2830
-3008
-3183
-3278
-3272
-3156
-3024
-2859
-2665
-2324
-1781
-1171
-625
-164
315
797
1277
1704
1989
2088
2119
2236
2399
2493
2428
2353
2323
2331
2295
2227
2077
1816
1569
1409
1260
992
677
370
97
-151
-345
-475
-572
-649
-647
-505
-249
30
305
597
848
1064
1260
1409
1429
1286
1061
774
456
108
-270
-644
-995
-1328
-1563
-1733
-1824
-1977
-2155
-2353
-2494
-2599
-2722
-2861
-3038
-3168
-3246
-3122
-2970
-2805
-2694
-2326
-1758
-1113
-504
76
648
1123
1691
2200
2585
2646
2703
2805
2947
2936
2823
2729
2592
2510
2412
2397
2162
1875
1603
1496
1339
1076
761
436
175
-120
-302
-487
-614
-777
-758
-582
-339
-120
138
462
727
956
1108
1247
1239
1100
834
545
222
-173
-546
-887
-1264
-1684
-1944
-2088
-2211
-2374
-2489
-2611
-2718
-2798
-2859
-2912
-3013
-3113
-3153
-3034
-2950
-2839
-2545
-2077
-1599
-1047
-295
391
994
1575
2174
2549
2832
3093
3279
3323
3224
3114
2982
2906
2732
2568
2388
2178
1889
1699
1590
1354
1058
778
567
280
17
-238
-469
-691
-828
-843
-755
-584
-422
-176
154
506
770
1008
1206
1257
1159
988
736
373
-25
-407
-833
-1294
-1701
-2018
-2270
-2429
-2532
-2629
-2706
-2757
-2812
-2894
-2928
-2972
-3047
-3108
-3093
-3122
-3125
-2878
-2366
-1803
-1258
-559
235
993
1651
2323
2863
3200
3406
3677
3869
3806
3609
3500
3446
3268
3065
2875
2637
2288
2005
1823
1613
1264
882
598
359
43
-323
-594
-816
-1041
-1134
-1001
-828
-710
-462
-28
406
745
1001
1201
1259
1169
934
638
266
-227
-743
-1208
-1603
-2089
-2464
-2712
-2802
-2940
-3046
-3125
-3197
-3281
-3400
-3364
-3425
-3532
-3708
-3709
-3771
-3692
-3252
-2610
-2007
-1409
-438
437
1303
2088
2927
3398
3736
4114
4405
4523
4372
4270
4059
3974
3729
3547
3287
2984
2601
2311
2200
1908
1578
1199
985
598
228
-154
-482
-825
-1095
-1111
-1019
-835
-660
-240
259
742
1072
1381
1611
1612
1407
1099
723
132
-508
-1100
-1635
-2246
-2794
-3177
-3388
-3553
-3706
-3801
-3816
-3845
-3940
-3915
-3901
-4000
-4199
-4251
-4311
-4301
-4002
-3434
-2819
-2140
-1165
-171
860
1846
2845
3558
4145
4615
4934
5068
4963
4755
4448
4213
3821
3480
3145
2828
2444
2201
2111
1914
1700
1474
1287
921
571
140
-280
-673
-964
-1124
-1142
-970
-745
-292
243
812
1246
1690
2014
2142
2064
1808
1396
800
184
-510
-1210
-1958
-2589
-3081
-3416
-3639
-3807
-3866
-3877
-3825
-3817
-3796
-3827
-3946
-4125
-4306
-4411
-4565
-4458
-4069
-3436
-2812
-1910
-808
265
1349
2480
3504
4166
4791
5218
5425
5299
5099
4792
4402
3978
3451
3044
2616
2291
1954
1881
1721
1515
1296
1108
846
423
-33
-552
-885
-1263
-1492
-1575
-1406
-1171
-752
-142
508
1091
1552
2045
2366
2469
2253
1911
1425
835
110
-674
-1421
-2130
-2707
-3140
-3378
-3612
-3770
-3826
-3741
-3733
-3778
-3859
-4001
-4222
-4413
-4616
-4875
-4787
-4326
-3727
-3119
-2122
-1064
-25
1186
2512
3484
4211
4964
5491
5715
5727
5627
5275
4901
4432
3909
3466
3012
2497
2109
1999
1746
1404
1147
950
576
107
-353
-799
-1233
-1656
-1875
-1915
-1790
-1590
-1183
-531
167
706
1255
1879
2290
2333
2220
1976
1517
878
183
-522
-1253
-1941
-2550
-2937
-3255
-3548
-3799
-3814
-3831
-3954
-4045
-4113
-4261
-4488
-4610
-4900
-5011
-4714
-4109
-3541
-2754
-1714
-763
385
1742
2935
3703
4492
5216
5654
5887
5980
5850
5488
5150
4657
4263
3856
3304
2726
2414
2184
1700
1345
1083
712
170
-250
-662
-1136
-1597
-1921
-2054
-2056
-1900
-1672
-1158
-512
47
567
1226
1790
1960
1962
1873
1550
1013
440
-184
-843
-1468
-2043
-2504
-2868
-3188
-3516
-3646
-3730
-3920
-4080
-4149
-4264
-4497
-4601
-4795
-4949
-4746
-4197
-3659
-3032
-2060
-1136
-105
1191
2444
3256
4026
4872
5473
5810
5984
5992
5796
5571
5156
4734
4400
3908
3296
2875
2579
2024
1486
1177
784
216
-262
-680
-1173
-1648
-2018
-2209
-2239
-2121
-1972
-1581
-998
-496
-10
643
1254
1514
1590
1606
1408
1024
586
61
-478
-1010
-1541
-2003
-2356
-2723
-3114
-3307
-3445
-3719
-3959
-4068
-4223
-4481
-4638
-4816
-4987
-4839
-4370
-3870
-3361
-2482
-1593
-641
602
1914
2814
3545
4473
5227
5696
5924
5994
5902
5795
5523
5138
4825
4381
3782
3296
2990
2477
1817
1357
953
428
-108
-580
-1103
-1618
-2038
-2233
-2242
-2137
-2010
-1677
-1118
-604
-156
438
1076
1418
1526
1592
1510
1200
786
312
-151
-683
-1237
-1718
-2099
-2511
-2940
-3207
-3386
-3663
-3983
-4159
-4319
-4562
-4803
-4996
-5197
-5141
-4758
-4246
-3770
-2969
-2051
-1127
52
1408
2473
3184
4082
4910
5449
5741
5867
5854
5770
5636
5345
5095
4720
4175
3663
3332
2926
2269
1676
1181
674
75
-481
-1050
-1607
-2096
-2347
-2340
-2239
-2086
-1784
-1231
-676
-202
332
934
1336
1475
1581
1601
1355
908
423
-6
-529
-1089
-1586
-1997
-2413
-2802
-3093
-3289
-3523
-3852
-4086
-4229
-4404
-4676
-4907
-5136
-5132
-4840
-4356
-3908
-3183
-2253
-1347
-252
1062
2211
2937
3808
4655
5189
5476
5673
5725
5644
5558
5315
5127
4827
4364
3873
3546
3188
2598
2036
1530
1018
370
-222
-813
-1339
-1813
-2176
-2267
-2242
-2104
-1842
-1346
-850
-421
47
593
1005
1178
1319
1369
1194
795
348
-42
-496
-1037
-1516
-1858
-2212
-2558
-2844
-3027
-3243
-3561
-3814
-4001
-4248
-4572
-4910
-5193
-5175
-4926
-4572
-4181
-3363
-2442
-1539
-420
888
1957
2729
3698
4534
5000
5250
5479
5562
5535
5425
5205
5039
4726
4318
3912
3668
3233
2632
2138
1718
1158
456
-139
-751
-1248
-1733
-2079
-2248
-2303
-2214
-1945
-1449
-996
-600
-90
500
889
1103
1292
1309
1080
716
346
-31
-530
-1067
-1452
-1745
-2031
-2315
-2513
-2645
-2861
-3170
-3376
-3603
-4001
-4403
-4822
-5014
-4959
-4673
-4431
-3899
-2959
-2108
-1130
74
1347
2163
3053
4062
4684
4986
5177
5382
5330
5327
5133
4928
4664
4333
3944
3615
3378
2765
2200
1746
1334
665
18
-587
-1198
-1680
-2122
-2329
-2491
-2462
-2359
-1970
-1435
-1030
-550
37
605
892
1147
1260
1129
824
440
84
-414
-974
-1467
-1817
-2113
-2382
-2574
-2654
-2735
-2980
-3170
-3257
-3516
-3875
-4248
-4527
-4539
-4328
-4043
-3716
-2881
-2042
-1184
-106
1165
2145
2907
3952
4699
5112
5278
5489
5486
5416
5274
4961
4740
4379
4015
3574
3359
2854
2231
1754
1339
805
146
-392
-1022
-1538
-1998
-2253
-2411
-2436
-2377
-2172
-1673
-1250
-827
-326
231
581
837
1048
1045
814
439
98
-313
-827
-1360
-1791
-2173
-2524
-2787
-2880
-2925
-3121
-3334
-3395
-3459
-3695
-3950
-4234
-4251
-4089
-3797
-3517
-2853
-2055
-1368
-393
771
1833
2546
3520
4371
4886
5160
5373
5505
5408
5288
4931
4731
4427
4029
3585
3302
2896
2243
1824
1449
956
303
-207
-738
-1289
-1766
-2090
-2275
-2329
-2288
-2112
-1695
-1256
-873
-417
142
476
706
911
1036
846
497
174
-200
-649
-1168
-1539
-1928
-2271
-2628
-2739
-2802
-2970
-3200
-3307
-3344
-3593
-3849
-4177
-4183
-4067
-3765
-3539
-2975
-2179
-1523
-602
499
1643
2308
3221
4121
4750
5032
5196
5397
5291
5185
4792
4593
4314
3948
3490
3196
2928
2288
1857
1535
1164
452
-110
-588
-1143
-1688
-2117
-2314
-2447
-2398
-2267
-1845
-1381
-963
-503
104
576
757
962
1103
1000
583
221
-185
-698
-1252
-1662
-1953
-2269
-2591
-2768
-2754
-2839
-3031
-3122
-3134
-3369
-3743
-4114
-4196
-4058
-3793
-3551
-3073
-2253
-1492
-552
599
1802
2552
3329
4258
4978
5284
5318
5395
5267
5097
4718
4431
4127
3706
3213
2894
2732
2204
1682
1313
1034
435
-164
-627
-1141
-1690
-2167
-2336
-2444
-2414
-2337
-1973
-1452
-992
-504
86
683
925
1120
1284
1239
832
309
-135
-696
-1310
-1851
-2168
-2442
-2766
-2972
-2931
-2847
-2969
-3064
-3022
-3128
-3439
-3811
-3969
-3897
-3711
-3490
-3102
-2296
-1501
-632
501
1762
2653
3352
4299
5071
5458
5484
5538
5398
5150
4774
4390
4090
3610
3090
2688
2563
2125
1562
1185
941
483
-121
-551
-1032
-1537
-2029
-2232
-2353
-2414
-2408
-2171
-1665
-1221
-788
-241
398
748
950
1159
1188
848
328
-130
-630
-1275
-1896
-2298
-2570
-2871
-3128
-3103
-2974
-2976
-3065
-2980
-2949
-3128
-3378
-3563
-3523
-3423
-3226
-2944
-2237
-1436
-714
272
1481
2514
3178
4118
4983
5461
5582
5697
5690
5404
5039
4561
4233
3765
3188
2664
2425
2075
1477
1091
884
524
-60
-492
-900
-1382
-1893
-2210
-2391
-2536
-2601
-2485
-2080
-1642
-1251
-728
-22
488
790
1065
1247
1075
661
270
-194
-798
-1502
-1992
-2343
-2674
-3022
-3153
-3094
-3124
-3183
-3156
-3043
-3154
-3302
-3487
-3486
-3337
-3170
-2935
-2411
-1556
-915
-74
1059
2207
2927
3798
4855
5481
5781
5927
6099
5899
5580
5037
4595
4158
3479
2789
2311
1982
1312
810
562
294
-255
-704
-1032
-1457
-1945
-2379
-2564
-2719
-2778
-2754
-2401
-1935
-1534
-1028
-256
447
835
1184
1479
1506
1153
802
344
-241
-1008
-1648
-2085
-2494
-2933
-3280
-3308
-3403
-3477
-3508
-3381
-3452
-3572
-3701
-3755
-3506
-3267
-2998
-2609
-1709
-972
-211
874
2082
2917
3673
4840
5634
6062
6228
6446
6387
6143
5631
5016
4572
3879
3085
2400
1983
1276
566
208
-38
-510
-1007
-1291
-1633
-2018
-2428
-2625
-2709
-2743
-2733
-2457
-1950
-1532
-1108
-393
383
820
1130
1469
1614
1325
956
528
-13
-752
-1473
-2009
-2477
-2959
-3442
-3560
-3647
-3761
-3851
-3723
-3708
-3820
-3867
-3938
-3680
-3365
-2971
-2610
-1762
-912
-183
853
2042
3003
3650
4759
5645
6144
6361
6565
6574
6380
6003
5350
4897
4253
3492
2709
2217
1538
718
195
-125
-556
-1103
-1382
-1701
-2027
-2399
-2605
-2681
-2694
-2695
-2526
-2059
-1628
-1240
-691
38
495
767
1087
1316
1156
776
415
-23
-606
-1278
-1828
-2304
-2796
-3292
-3508
-3560
-3729
-3904
-3871
-3777
-3871
-3921
-3997
-3849
-3545
-3121
-2686
-1955
-1034
-321
682
1898
2992
3670
4635
5635
6161
6472
6697
6792
6590
6304
5725
5267
4724
3975
3161
2560
1969
1076
447
36
-454
-1133
-1520
-1833
-2239
-2618
-2888
-2993
-3019
-2993
-2853
-2407
-1933
-1507
-983
-279
284
606
964
1237
1213
885
560
185
-324
-973
-1553
-2005
-2495
-3000
-3323
-3402
-3605
-3848
-3927
-3816
-3905
-4033
-4133
-4076
-3810
-3442
-2983
-2395
-1448
-662
319
1588
2836
3675
4523
5671
6340
6724
6949
7121
6931
6649
6143
5590
5086
4338
3514
2773
2263
1377
621
150
-335
-1091
-1702
-2060
-2553
-2974
-3328
-3484
-3520
-3433
-3261
-2820
-2250
-1734
-1154
-422
316
755
1154
1473
1560
1312
1005
636
101
-582
-1244
-1743
-2261
-2791
-3252
-3444
-3629
-3882
-4036
-3984
-4008
-4195
-4313
-4325
-4044
-3694
-3244
-2752
-1891
-966
-56
1180
2487
3531
4291
5433
6363
6847
7103
7283
7231
6924
6524
5887
5354
4655
3829
3021
2458
1718
802
204
-267
-918
-1679
-2154
-2624
-3098
-3488
-3738
-3757
-3687
-3490
-3131
-2550
-1941
-1364
-644
180
789
1169
1553
1775
1649
1351
1005
498
-200
-886
-1457
-1999
-2545
-3084
-3395
-3544
-3746
-3938
-3978
-3963
-4149
-4292
-4407
-4207
-3875
-3483
-3052
-2353
-1359
-517
608
1902
3095
3869
4875
6004
6623
6958
7153
7281
7013
6717
6151
5585
4998
4212
3432
2776
2209
1283
531
25
-503
-1267
-1883
-2293
-2801
-3249
-3598
-3680
-3700
-3575
-3317
-2864
-2260
-1729
-1110
-317
413
814
1190
1548
1572
1291
986
591
-21
-728
-1330
-1865
-2373
-2924
-3308
-3458
-3646
-3849
-3951
-3893
-4052
-4226
-4423
-4336
-4024
-3714
-3342
-2753
-1762
-957
122
1465
2748
3594
4546
5792
6572
7029
7276
7516
7351
7096
6635
6054
5493
4691
3895
3173
2617
1731
899
327
-207
-927
-1610
-2047
-2575
-3107
-3549
-3751
-3862
-3854
-3668
-3276
-2730
-2200
-1596
-792
1
507
960
1418
1600
1386
1122
770
251
-448
-1121
-1687
-2210
-2762
-3242
-3428
-3652
-3899
-4057
-3985
-4072
-4288
-4482
-4542
-4308
-4056
-3727
-3251
-2293
-1408
-400
979
2390
3428
4362
5647
6612
7224
7551
7808
7756
7537
7135
6502
5912
5141
4285
3477
2872
2042
1135
489
-50
-729
-1455
-1989
-2526
-3097
-3606
-3931
-4091
-4132
-4014
-3647
-3074
-2482
-1860
-1031
-143
493
1023
1552
1856
1756
1505
1155
631
-36
-774
-1423
-2032
-2615
-3170
-3489
-3705
-3987
-4184
-4191
-4176
-4376
-4523
-4631
-4552
-4309
-4002
-3583
-2818
-1794
-874
356
1798
3069
4035
5197
6364
7086
7550
7811
7903
7711
7413
6804
6139
5489
4667
3823
3110
2446
1505
756
225
-337
-1064
-1698
-2201
-2776
-3310
-3749
-3972
-4093
-4069
-3840
-3345
-2730
-2172
-1467
-604
160
685
1207
1603
1643
1440
1121
695
82
-600
-1268
-1886
-2441
-2985
-3364
-3593
-3802
-4041
-4080
-4031
-4150
-4280
-4402
-4414
-4256
-3931
-3589
-3021
-2082
-1191
-188
1136
2516
3519
4560
5767
6665
7211
7554
7763
7658
7460
6993
6375
5788
5080
4272
3534
2934
2084
1236
644
130
-560
-1242
-1777
-2334
-2900
-3400
-3736
-3942
-4040
-3984
-3661
-3150
-2661
-2121
-1321
-497
93
594
1081
1308
1246
1046
736
249
-368
-972
-1569
-2107
-2640
-3086
-3326
-3515
-3756
-3886
-3858
-3930
-4104
-4247
-4382
-4275
-4036
-3711
-3328
-2547
-1638
-788
441
1819
2969
3911
5144
6206
6891
7323
7634
7683
7540
7281
6707
6175
5532
4800
4030
3430
2704
1811
1114
574
-62
-789
-1372
-1961
-2545
-3095
-3505
-3797
-3953
-4002
-3842
-3452
-2996
-2526
-1824
-952
-280
251
778
1160
1205
1082
835
411
-173
-779
-1379
-1952
-2485
-2992
-3277
-3463
-3674
-3876
-3898
-3907
-4080
-4256
-4460
-4402
-4210
-3898
-3592
-2962
-2023
-1222
-96
1299
2573
3488
4634
5815
6615
7106
7473
7629
7523
7353
6844
6280
5692
4994
4184
3546
2921
2070
1294
759
203
-503
-1087
-1646
-2188
-2728
-3131
-3426
-3571
-3627
-3549
-3222
-2786
-2373
-1800
-984
-293
214
696
1135
1231
1112
863
489
-57
-690
-1318
-1915
-2437
-2976
-3307
-3522
-3713
-3938
-4010
-3967
-4097
-4265
-4476
-4454
-4277
-3975
-3656
-3161
-2255
-1471
-488
846
2175
3103
4079
5305
6178
6722
7113
7374
7320
7175
6774
6195
5655
5003
4223
3526
2970
2209
1428
897
419
-242
-823
-1310
-1798
-2305
-2709
-2981
-3148
-3184
-3149
-2867
-2473
-2117
-1665
-949
-269
178
569
973
1143
1019
790
454
-34
-652
-1277
-1839
-2351
-2882
-3257
-3483
-3681
-3908
-4041
-4004
-4117
-4293
-4474
-4498
-4334
-4061
-3703
-3288
-2455
-1663
-771
447
1753
2737
3586
4788
5731
6349
6769
7130
7185
7105
6846
6321
5864
5265
4572
3847
3289
2574
1774
1191
695
51
-618
-1141
-1666
-2191
-2657
-2965
-3213
-3289
-3262
-3020
-2624
-2258
-1814
-1154
-424
76
479
862
1104
1034
828
550
79
-514
-1140
-1675
-2175
-2690
-3086
-3336
-3500
-3738
-3915
-3916
-4028
-4243
-4435
-4548
-4446
-4199
-3868
-3497
-2750
-1898
-1045
120
1443
2503
3340
4482
5527
6214
6654
7046
7180
7130
6956
6477
6059
5522
4853
4141
3560
2898
2063
1419
909
291
-429
-1035
-1592
-2162
-2707
-3066
-3338
-3480
-3487
-3284
-2850
-2413
-1946
-1305
-530
73
548
987
1279
1276
1049
772
327
-275
-922
-1525
-2055
-2571
-3019
-3333
-3484
-3701
-3956
-3993
-4051
-4277
-4488
-4688
-4671
-4452
-4134
-3781
-3136
-2197
-1333
-238
1155
2371
3260
4335
5473
6228
6679
7045
7229
7153
6987
6516
6047
5566
4901
4178
3554
2983
2161
1437
941
388
-316
-954
-1497
-2033
-2583
-2991
-3235
-3369
-3405
-3281
-2863
-2354
-1907
-1364
-612
42
505
969
1327
1399
1184
897
520
-48
-676
-1313
-1891
-2400
-2895
-3286
-3464
-3630
-3917
-4042
-4006
-4157
-4371
-4589
-4638
-4461
-4186
-3819
-3319
-2436
-1561
-603
721
2042
3012
3955
5129
5980
6451
6789
7030
6969
6798
6409
5882
5432
4836
4153
3522
3027
2324
1568
1049
592
-63
-697
-1212
-1734
-2242
-2695
-2995
-3145
-3181
-3147
-2848
-2351
-1899
-1464
-807
-98
352
764
1179
1344
1185
928
635
162
-431
-1038
-1615
-2101
-2597
-3051
-3281
-3428
-3691
-3920
-3911
-3966
-4181
-4395
-4484
-4381
-4193
-3872
-3475
-2780
-1931
-1077
59
1355
2420
3290
4418
5462
6053
6436
6765
6851
6730
6491
6035
5550
5039
4408
3790
3274
2670
1900
1281
857
276
-395
-929
-1466
-2011
-2513
-2900
-3139
-3231
-3241
-3049
-2643
-2164
-1718
-1141
-389
179
592
1035
1330
1275
1054
798
417
-164
-766
-1327
-1824
-2329
-2801
-3094
-3268
-3495
-3748
-3827
-3869
-4040
-4249
-4372
-4365
-4234
-3965
-3625
-3106
-2279
-1442
-463
769
1939
2861
3899
5093
5852
6346
6695
6921
6863
6721
6358
5809
5354
4769
4122
3489
2965
2196
1455
976
488
-223
-845
-1394
-1976
-2512
-2967
-3263
-3454
-3458
-3331
-3001
-2504
-1992
-1464
-745
-20
474
903
1285
1376
1189
931
582
29
-599
-1178
-1725
-2228
-2695
-3050
-3274
-3474
-3688
-3830
-3842
-3943
-4128
-4291
-4290
-4139
-3882
-3541
-3075
-2238
-1412
-491
715
1929
2852
3794
4988
5808
6332
6653
6914
6873
6705
6374
5847
5411
4827
4144
3468
2957
2207
1436
914
441
-266
-889
-1409
-1931
-2446
-2893
-3149
-3337
-3355
-3286
-2961
-2483
-2016
-1548
-874
-151
322
712
1099
1258
1104
846
523
38
-585
-1181
-1733
-2191
-2667
-3057
-3295
-3494
-3694
-3841
-3799
-3857
-4024
-4203
-4190
-3998
-3727
-3392
-2944
-2113
-1302
-435
740
1940
2823
3667
4794
5643
6158
6483
6748
6743
6555
6242
5784
5387
4832
4129
3469
2964
2265
1506
956
457
-241
-855
-1347
-1809
-2311
-2744
-2980
-3129
-3173
-3163
-2864
-2405
-1998
-1597
-950
-228
206
528
918
1124
1011
765
496
76
-495
-1063
-1605
-2039
-2519
-2955
-3254
-3462
-3686
-3885
-3880
-3948
-4142
-4361
-4361
-4151
-3893
-3571
-3107
-2273
-1439
-558
595
1809
2726
3579
4691
5603
6133
6473
6783
6859
6710
6385
5968
5587
5077
4382
3723
3216
2523
1750
1156
637
-75
-751
-1275
-1730
-2247
-2704
-2975
-3125
-3180
-3202
-2955
-2523
-2124
-1751
-1109
-387
63
347
728
960
857
611
353
-19
-573
-1127
-1671
-2086
-2559
-2997
-3290
-3466
-3668
-3881
-3878
-3959
-4147
-4383
-4357
-4130
-3870
-3591
-3105
-2240
-1387
-471
676
1936
2864
3753
4898
5833
6323
6627
6951
7054
6900
6515
6076
5649
5110
4391
3718
3165
2405
1584
985
432
-286
-980
-1504
-1950
-2435
-2848
-3100
-3207
-3230
-3215
-2962
-2507
-2090
-1681
-1022
-333
123
439
801
998
867
608
335
-37
-597
-1226
-1789
-2208
-2675
-3131
-3378
-3543
-3755
-3948
-3913
-3977
-4173
-4338
-4256
-3956
-3675
-3397
-2893
-1995
-1135
-215
944
2181
3083
3944
5096
5948
6367
6617
6908
6986
6787
6373
5898
5442
4848
4132
3455
2879
2070
1252
702
151
-529
-1182
-1633
-2039
-2466
-2808
-2989
-3039
-3036
-2964
-2689
-2205
-1799
-1349
-718
-72
346
674
991
1107
941
633
346
-78
-642
-1330
-1896
-2328
-2805
-3254
-3503
-3670
-3948
-4093
-4078
-4129
-4350
-4460
-4290
-3950
-3636
-3363
-2765
-1897
-1024
-88
1107
2269
3133
4075
5170
5963
6336
6621
6873
6932
6736
6296
5853
5380
4765
4039
3418
2795
1937
1164
649
73
-616
-1219
-1636
-2046
-2473
-2787
-2930
-2965
-2961
-2848
-2522
-2053
-1669
-1163
-520
61
456
814
1105
1157
974
645
302
-198
-805
-1490
-2061
-2545
-3040
-3453
-3703
-3924
-4171
-4265
-4283
-4351
-4565
-4608
-4356
-3962
-3660
-3291
-2550
-1673
-775
284
1540
2581
3462
4529
5543
6206
6556
6828
7004
6996
6742
6242
5793
5303
4613
3892
3294
2586
1673
989
486
-191
-879
-1420
-1815
-2255
-2644
-2914
-3038
-3026
-2979
-2786
-2408
-1953
-1570
-979
-302
186
550
926
1179
1153
948
621
178
-397
-1046
-1722
-2292
-2818
-3315
-3683
-3899
-4143
-4314
-4347
-4383
-4488
-4653
-4567
-4258
-3841
-3520
-3000
-2168
-1259
-273
893
2132
3111
4067
5162
6077
6609
6922
7129
7230
7103
6726
6164
5639
5055
4295
3578
2889
2093
1207
597
45
-660
-1299
-1785
-2148
-2554
-2855
-3070
-3127
-3051
-2907
-2614
-2195
-1738
-1292
-648
0
416
748
1057
1209
1109
843
463
-72
-680
-1358
-2023
-2585
-3118
-3588
-3932
-4144
-4373
-4486
-4515
-4573
-4656
-4716
-4499
-4132
-3687
-3275
-2602
-1711
-772
303
1507
2644
3586
4605
5626
6386
6799
7097
7253
7271
7032
6577
6029
5458
4790
4028
3353
2585
1733
942
398
-217
-916
-1482
-1895
-2252
-2638
-2878
-3023
-3016
-2948
-2748
-2374
-1962
-1559
-1061
-397
153
478
762
997
1043
863
543
140
-406
-1027
-1689
-2269
-2800
-3325
-3745
-4052
-4300
-4523
-4609
-4663
-4734
-4797
-4758
-4449
-4009
-3558
-3051
-2231
-1302
-358
795
2015
3012
3918
4976
5908
6506
6856
7142
7268
7216
6917
6448
5957
5373
4636
3913
3284
2442
1524
832
296
-407
-1119
-1607
-1966
-2354
-2710
-2884
-2924
-2862
-2783
-2495
-2007
-1622
-1276
-720
-55
372
606
862
1025
938
658
297
-124
-686
-1378
-2023
-2532
-3082
-3651
-4027
-4297
-4599
-4830
-4878
-4916
-5009
-5061
-4877
-4426
-3923
-3466
-2810
-1827
-891
95
1343
2541
3420
4319
5389
6218
6681
6968
7206
7278
7136
6751
6271
5784
5142
4343
3660
3023
2142
1239
650
118
-610
-1258
-1658
-1993
-2400
-2691
-2820
-2791
-2706
-2582
-2204
-1686
-1339
-988
-400
196
539
749
974
1017
804
453
51
-432
-1059
-1807
-2422
-2909
-3489
-4021
-4338
-4564
-4857
-5031
-5022
-5048
-5160
-5140
-4774
-4219
-3734
-3238
-2384
-1348
-401
678
1972
3091
3963
4930
5935
6636
7003
7237
7389
7383
7078
6579
6055
5499
4730
3882
3189
2472
1588
804
291
-266
-934
-1455
-1767
-2108
-2453
-2665
-2711
-2616
-2502
-2292
-1854
-1383
-1038
-604
-50
423
700
914
1038
918
600
192
-293
-875
-1575
-2308
-2890
-3421
-3947
-4374
-4626
-4826
-5037
-5083
-5036
-5053
-5116
-4935
-4425
-3867
-3428
-2798
-1822
-824
149
1299
2544
3551
4460
5484
6359
6882
7171
7349
7431
7266
6832
6270
5707
5073
4236
3421
2726
1945
1101
479
-3
-588
-1175
-1560
-1867
-2208
-2463
-2566
-2520
-2401
-2247
-1957
-1510
-1125
-752
-258
211
530
761
953
949
709
360
-59
-602
-1244
-1936
-2589
-3173
-3738
-4206
-4565
-4821
-5042
-5158
-5137
-5126
-5153
-5101
-4725
-4158
-3642
-3153
-2331
-1332
-370
666
1849
2982
3875
4865
5899
6622
6982
7244
7430
7429
7136
6646
6077
5455
4732
3891
3129
2390
1541
759
232
-274
-889
-1405
-1706
-2027
-2327
-2489
-2471
-2335
-2203
-1970
-1591
-1136
-774
-366
138
525
720
873
982
862
545
128
-334
-913
-1601
-2293
-2899
-3487
-4060
-4500
-4824
-5071
-5288
-5342
-5344
-5334
-5334
-5113
-4587
-3990
-3454
-2851
-1830
-846
147
1251
2461
3450
4282
5334
6252
6812
7043
7326
7471
7379
6999
6480
5922
5252
4446
3637
2894
2064
1195
493
4
-601
-1210
-1641
-1882
-2215
-2474
-2550
-2437
-2260
-2128
-1778
-1317
-879
-493
-32
448
750
843
954
977
744
353
-137
-628
-1228
-1968
-2636
-3183
-3777
-4339
-4701
-4975
-5226
-5422
-5441
-5453
-5424
-5359
-4978
-4386
-3755
-3189
-2444
-1297
-321
709
1877
3105
3961
4791
5846
6589
6964
7129
7379
7398
7193
6730
6154
5591
4871
4005
3217
2483
1619
787
207
-267
-926
-1469
-1783
-1993
-2313
-2505
-2484
-2301
-2108
-1914
-1450
-936
-523
-98
382
798
980
987
1058
932
549
69
-460
-1003
-1661
-2414
-3015
-3528
-4127
-4622
-4893
-5139
-5380
-5486
-5474
-5445
-5403
-5220
-4706
-4095
-3441
-2847
-1931
-792
188
1228
2430
3603
4379
5260
6227
6801
7033
7193
7330
7209
6869
6331
5722
5150
4350
3484
2753
2052
1220
496
60
-445
-1035
-1466
-1720
-1980
-2251
-2382
-2318
-2112
-1935
-1686
-1187
-655
-248
196
681
1034
1125
1124
1120
838
335
-191
-764
-1407
-2127
-2852
-3398
-3932
-4502
-4882
-5106
-5319
-5502
-5507
-5509
-5468
-5421
-5154
-4584
-3979
-3322
-2663
-1583
-486
545
1642
2891
4016
4834
5785
6628
7107
7273
7429
7444
7211
6717
6130
5499
4839
3949
3116
2426
1676
864
239
-145
-689
-1177
-1544
-1794
-2104
-2323
-2378
-2248
-2036
-1866
-1534
-1002
-467
-18
490
990
1301
1387
1389
1273
882
317
-253
-905
-1666
-2447
-3160
-3683
-4262
-4785
-5054
-5253
-5417
-5521
-5453
-5494
-5481
-5422
-5101
-4536
-3935
-3313
-2578
-1408
-332
727
1904
3175
4221
5099
6085
6836
7236
7380
7517
7471
7192
6635
6034
5390
4663
3771
2986
2297
1478
687
128
-281
-824
-1291
-1658
-1926
-2260
-2444
-2442
-2267
-2063
-1867
-1458
-888
-372
112
663
1158
1429
1515
1501
1278
804
234
-329
-1047
-1861
-2659
-3344
-3870
-4468
-4943
-5180
-5357
-5494
-5529
-5432
-5452
-5429
-5300
-4866
-4283
-3657
-3058
-2198
-1001
56
1112
2334
3550
4447
5335
6263
6888
7146
7288
7365
7223
6885
6307
5700
5036
4292
3449
2710
2015
1214
500
28
-420
-947
-1387
-1688
-1955
-2257
-2363
-2298
-2088
-1888
-1604
-1141
-554
-94
379
893
1290
1469
1497
1421
1053
473
-118
-665
-1414
-2213
-2980
-3610
-4122
-4689
-5090
-5305
-5448
-5554
-5510
-5405
-5357
-5274
-5048
-4509
-3895
-3223
-2599
-1625
-451
584
1637
2842
3956
4733
5601
6403
6880
7028
7169
7163
6910
6512
5947
5320
4658
3931
3120
2411
1692
957
299
-134
-625
-1141
-1545
-1759
-2005
-2241
-2277
-2167
-1913
-1713
-1354
-876
-312
65
505
976
1269
1391
1400
1294
880
304
-292
-836
-1537
-2280
-2991
-3582
-4078
-4622
-5010
-5240
-5412
-5523
-5467
-5400
-5346
-5232
-5011
-4494
-3879
-3186
-2533
-1547
-364
668
1738
2927
4018
4770
5637
6431
6863
7036
7172
7129
6855
6446
5908
5274
4655
3976
3156
2481
1760
1042
378
-76
-567
-1102
-1504
-1732
-1979
-2227
-2293
-2206
-1964
-1764
-1435
-1009
-469
-115
266
750
1066
1196
1224
1176
823
326
-218
-753
-1407
-2110
-2757
-3333
-3827
-4329
-4753
-5002
-5191
-5335
-5322
-5267
-5256
-5182
-5027
-4630
-4046
-3362
-2698
-1865
-648
421
1448
2599
3759
4566
5339
6243
6771
7007
7140
7157
6936
6551
6029
5395
4782
4174
3339
2623
1960
1242
527
22
-393
-937
-1359
-1643
-1876
-2158
-2310
-2266
-2082
-1866
-1585
-1214
-691
-231
111
564
984
1169
1171
1169
915
424
-98
-610
-1242
-1959
-2594
-3171
-3673
-4133
-4578
-4858
-5018
-5165
-5236
-5143
-5126
-5122
-4997
-4710
-4183
-3538
-2809
-2154
-1030
128
1095
2148
3311
4269
4918
5787
6482
6773
6884
6968
6850
6527
6062
5463
4835
4301
3574
2791
2188
1559
857
271
-88
-569
-1025
-1334
-1575
-1832
-2059
-2088
-1986
-1791
-1560
-1261
-822
-299
76
426
840
1094
1091
1059
908
442
-123
-629
-1197
-1895
-2532
-3126
-3624
-4035
-4433
-4727
-4840
-4919
-5050
-4965
-4882
-4923
-4850
-4667
-4238
-3694
-2966
-2373
-1529
-312
654
1612
2681
3810
4526
5202
6026
6448
6581
6657
6677
6448
6089
5599
5008
4486
3943
3193
2559
2044
1435
785
332
-58
-581
-969
-1291
-1579
-1899
-2058
-2097
-2012
-1838
-1641
-1306
-812
-351
-7
408
778
933
944
953
676
145
-386
-861
-1494
-2146
-2733
-3266
-3668
-4047
-4379
-4514
-4514
-4649
-4669
-4563
-4600
-4635
-4590
-4362
-3965
-3437
-2814
-2264
-1217
-125
805
1823
3011
4073
4659
5478
6164
6457
6526
6582
6516
6194
5806
5299
4769
4278
3662
2940
2413
1889
1298
699
324
-128
-646
-1032
-1385
-1717
-2039
-2181
-2235
-2127
-1977
-1754
-1320
-804
-398
12
464
851
971
1053
1012
635
95
-413
-937
-1638
-2235
-2817
-3285
-3649
-4037
-4308
-4354
-4410
-4512
-4471
-4444
-4526
-4563
-4493
-4244
-3887
-3325
-2779
-2111
-986
42
1001
2124
3389
4235
4864
5742
6292
6467
6506
6541
6352
5957
5552
5020
4505
3994
3291
2648
2126
1584
994
496
213
-309
-752
-1119
-1418
-1724
-1972
-2040
-2047
-1888
-1746
-1428
-938
-490
-141
245
683
943
981
1010
793
317
-242
-725
-1324
-1992
-2562
-3102
-3470
-3811
-4129
-4304
-4389
-4467
-4484
-4420
-4433
-4467
-4425
-4309
-3968
-3516
-2896
-2398
-1507
-408
476
1501
2645
3703
4306
5092
5849
6145
6270
6316
6287
6004
5646
5212
4670
4222
3643
2962
2447
1883
1372
801
521
131
-395
-765
-1127
-1367
-1662
-1784
-1865
-1796
-1666
-1500
-1131
-682
-389
-85
284
604
692
688
619
277
-211
-691
-1142
-1709
-2302
-2846
-3278
-3604
-3899
-4112
-4245
-4383
-4450
-4388
-4354
-4351
-4308
-4278
-4025
-3600
-2995
-2499
-1835
-781
132
1047
2107
3222
3940
4601
5453
5934
6135
6219
6285
6174
5887
5541
5034
4569
4105
3457
2862
2290
1751
1127
706
372
-212
-717
-1153
-1470
-1784
-2021
-2134
-2148
-2028
-1910
-1656
-1202
-862
-548
-154
234
439
503
569
422
93
-326
-719
-1158
-1687
-2233
-2717
-3079
-3419
-3693
-3863
-4005
-4129
-4159
-4146
-4135
-4157
-4181
-4105
-3728
-3241
-2730
-2239
-1350
-339
473
1469
2573
3491
4104
4881
5600
5901
6036
6139
6155
5970
5687
5257
4763
4374
3855
3151
2581
2070
1446
864
541
59
-551
-1033
-1423
-1738
-2086
-2259
-2315
-2219
-2105
-1940
-1528
-1083
-729
-322
113
443
567
677
658
409
34
-392
-825
-1339
-1879
-2406
-2812
-3172
-3524
-3762
-3898
-3985
-4070
-4125
-4096
-4145
-4189
-4201
-3891
-3455
-2946
-2487
-1797
-722
98
996
2040
3067
3772
4411
5238
5679
5844
5967
6034
5934
5684
5342
4847
4432
4046
3349
2750
2280
1711
1066
665
344
-215
-692
-1109
-1422
-1781
-2053
-2134
-2104
-2010
-1914
-1620
-1162
-789
-416
-32
345
541
623
648
433
80
-358
-803
-1310
-1848
-2373
-2808
-3156
-3527
-3807
-3946
-4034
-4106
-4188
-4161
-4185
-4198
-4210
-3988
-3557
-3051
-2558
-2029
-995
-100
723
1692
2748
3583
4173
5011
5604
5824
5966
6070
6033
5820
5525
5091
4618
4265
3655
3020
2541
1987
1364
848
531
50
-441
-863
-1214
-1539
-1878
-2034
-2069
-2027
-1981
-1823
-1460
-1097
-769
-413
-40
231
364
430
304
4
-378
-777
-1227
-1728
-2240
-2663
-2999
-3354
-3653
-3786
-3890
-3999
-4067
-4056
-4076
-4063
-4077
-3980
-3585
-3126
-2619
-2215
-1305
-338
456
1370
2453
3407
4002
4820
5576
5890
6016
6142
6169
5996
5676
5272
4789
4384
3815
3138
2607
2066
1467
896
534
104
-440
-879
-1234
-1534
-1874
-2103
-2204
-2190
-2160
-2092
-1796
-1409
-1064
-691
-264
109
320
448
436
236
-111
-500
-895
-1368
-1907
-2389
-2751
-3096
-3455
-3626
-3728
-3865
-3941
-3948
-3974
-3963
-4001
-4061
-3725
-3298
-2797
-2471
-1703
-645
191
1097
2203
3270
3894
4645
5553
5990
6102
6206
6260
6118
5763
5333
4818
4370
3813
3081
2508
2008
1439
816
437
90
-485
-939
-1285
-1558
-1871
-2151
-2271
-2268
-2208
-2169
-1891
-1435
-1056
-648
-171
289
534
681
740
599
245
-179
-592
-1066
-1651
-2236
-2676
-3043
-3453
-3738
-3850
-3969
-4065
-4085
-4096
-4080
-4095
-4226
-3941
-3488
-2975
-2636
-1994
-874
32
955
2038
3151
3850
4500
5473
6024
6179
6274
6326
6199
5854
5446
4895
4430
3913
3170
2552
2069
1509
829
376
52
-514
-981
-1346
-1639
-1924
-2238
-2349
-2342
-2238
-2158
-1906
-1409
-1024
-611
-119
371
632
768
875
760
393
-5
-427
-909
-1468
-2090
-2592
-2999
-3387
-3745
-3881
-3956
-4065
-4106
-4093
-4081
-4063
-4173
-3976
-3530
-3042
-2643
-2144
-1071
-111
782
1816
2909
3716
4282
5203
5864
6087
6195
6270
6185
5890
5534
5047
4585
4120
3446
2787
2285
1718
1017
449
80
-455
-987
-1397
-1721
-2023
-2393
-2495
-2483
-2388
-2256
-2018
-1551
-1150
-748
-291
206
517
653
804
781
452
103
-246
-692
-1215
-1785
-2293
-2741
-3114
-3476
-3703
-3814
-3924
-4039
-4066
-4082
-4054
-4153
-4088
-3693
-3245
-2801
-2421
-1461
-451
387
1381
2507
3458
4068
4961
5770
6102
6264
6416
6417
6188
5827
5389
4925
4459
3825
3102
2544
1984
1283
615
190
-287
-894
-1408
-1754
-2076
-2514
-2683
-2711
-2657
-2559
-2346
-1931
-1473
-1045
-617
-99
303
510
701
768
531
203
-107
-494
-1012
-1577
-2067
-2509
-2905
-3244
-3531
-3712
-3810
-3952
-4023
-4053
-4020
-4121
-4159
-3810
-3369
-2906
-2591
-1705
-651
170
1122
2298
3352
4007
4933
5859
6277
6466
6652
6713
6512
6128
5633
5130
4647
3977
3182
2548
1993
1274
543
90
-344
-944
-1498
-1847
-2128
-2549
-2764
-2823
-2765
-2681
-2509
-2130
-1639
-1186
-747
-214
257
525
755
859
668
335
-6
-379
-912
-1548
-2072
-2518
-2949
-3290
-3601
-3808
-3917
-4038
-4106
-4116
-4078
-4156
-4199
-3858
-3408
-2915
-2597
-1745
-659
196
1132
2305
3413
4047
4946
5911
6358
6552
6705
6778
6581
6224
5704
5152
4695
4023
3222
2553
1983
1250
474
10
-450
-1029
-1550
-1887
-2115
-2482
-2700
-2751
-2666
-2553
-2407
-2059
-1597
-1180
-758
-242
274
536
772
906
748
414
31
-317
-836
-1482
-2046
-2536
-2964
-3320
-3650
-3861
-3996
-4123
-4205
-4192
-4158
-4221
-4227
-3871
-3437
-2915
-2556
-1768
-690
191
1117
2236
3380
4001
4817
5778
6251
6472
6610
6711
6555
6249
5802
5233
4790
4159
3413
2739
2129
1395
558
44
-494
-1145
-1678
-2050
-2304
-2656
-2873
-2934
-2852
-2717
-2551
-2191
-1741
-1327
-893
-388
184
504
776
974
921
678
300
8
-456
-1052
-1611
-2160
-2582
-2984
-3371
-3632
-3827
-4012
-4180
-4204
-4209
-4267
-4313
-4001
-3569
-3067
-2685
-2003
-942
-59
831
1902
3081
3764
4519
5505
6074
6344
6493
6653
6594
6316
5941
5397
4941
4348
3635
2953
2317
1618
755
171
-372
-1064
-1651
-2069
-2385
-2758
-2989
-3071
-3023
-2872
-2710
-2359
-1881
-1429
-993
-486
100
462
773
1023
1033
854
502
208
-200
-766
-1336
-1915
-2360
-2795
-3235
-3551
-3791
-4028
-4263
-4344
-4379
-4422
-4538
-4342
-3868
-3365
-2959
-2387
-1293
-339
532
1595
2849
3667
4368
5425
6152
6489
6655
6865
6906
6650
6288
5747
5240
4707
3970
3230
2550
1866
989
289
-228
-898
-1534
-2000
-2328
-2698
-2988
-3077
-3060
-2909
-2767
-2488
-2027
-1556
-1155
-673
-79
293
573
869
929
751
429
113
-274
-802
-1369
-1959
-2431
-2859
-3290
-3628
-3830
-4032
-4264
-4351
-4376
-4380
-4501
-4419
-3948
-3432
-2996
-2529
-1495
-459
400
1417
2665
3648
4271
5291
6177
6581
6761
6975
7096
6853
6489
5964
5384
4913
4200
3422
2698
2032
1200
388
-128
-744
-1385
-1919
-2256
-2590
-2950
-3094
-3104
-2969
-2864
-2661
-2258
-1784
-1397
-963
-341
90
348
666
846
728
440
156
-192
-674
-1191
-1762
-2250
-2674
-3091
-3436
-3643
-3780
-3998
-4125
-4159
-4180
-4299
-4336
-3952
-3505
-3089
-2693
-1808
-768
80
1038
2217
3312
3991
4887
5894
6410
6637
6864
7077
6913
6564
6120
5532
5077
4439
3651
2904
2267
1490
605
41
-548
-1229
-1814
-2235
-2578
-2978
-3216
-3307
-3220
-3135
-2992
-2651
-2144
-1707
-1262
-608
-39
289
608
901
890
659
393
110
-351
-867
-1417
-1907
-2314
-2722
-3058
-3306
-3442
-3636
-3815
-3894
-3955
-4124
-4279
-4012
-3658
-3306
-2969
-2185
-1163
-338
602
1748
2894
3674
4518
5559
6167
6431
6658
6910
6839
6499
6119
5582
5127
4547
3767
3030
2408
1695
814
234
-331
-1064
-1670
-2143
-2531
-2951
-3242
-3390
-3375
-3282
-3138
-2818
-2300
-1788
-1283
-622
56
480
810
1144
1180
960
675
373
-104
-705
-1317
-1850
-2266
-2679
-3030
-3285
-3463
-3641
-3831
-3924
-3995
-4157
-4373
-4201
-3865
-3505
-3175
-2486
-1417
-564
371
1525
2736
3605
4399
5463
6148
6418
6630
6862
6845
6507
6142
5628
5142
4600
3836
3107
2461
1788
942
319
-203
-937
-1572
-2070
-2464
-2878
-3195
-3352
-3384
-3259
-3102
-2795
-2296
-1757
-1231
-609
102
566
889
1253
1350
1144
861
540
75
-547
-1194
-1782
-2233
-2658
-3053
-3333
-3545
-3700
-3895
-3999
-4070
-4190
-4400
-4349
-4020
-3651
-3291
-2762
-1757
-850
44
1152
2381
3363
4079
5104
5924
6233
6449
6653
6704
6434
6103
5650
5144
4677
3999
3309
2704
2084
1313
640
156
-506
-1185
-1715
-2139
-2522
-2884
-3072
-3157
-3054
-2900
-2672
-2239
-1735
-1261
-753
-114
360
628
964
1145
996
736
435
52
-499
-1063
-1613
-2081
-2505
-2904
-3232
-3479
-3606
-3813
-3961
-4043
-4140
-4322
-4404
-4132
-3788
-3422
-3022
-2201
-1231
-385
646
1851
2954
3686
4603
5607
6054
6297
6516
6645
6488
6180
5824
5312
4863
4306
3610
3014
2460
1759
1026
498
-50
-788
-1389
-1865
-2244
-2654
-2940
-3069
-3066
-2943
-2796
-2449
-1959
-1504
-1049
-459
105
418
731
1028
975
743
461
130
-347
-861
-1340
-1801
-2237
-2590
-2938
-3232
-3376
-3584
-3812
-3941
-4062
-4237
-4453
-4347
-4057
-3733
-3358
-2762
-1751
-859
83
1257
2460
3357
4142
5255
5962
6265
6498
6683
6654
6348
6049
5594
5083
4618
3947
3266
2715
2093
1346
669
207
-486
-1196
-1737
-2135
-2520
-2936
-3147
-3232
-3153
-3027
-2786
-2302
-1793
-1325
-755
-78
390
697
1072
1160
968
699
359
-62
-592
-1070
-1541
-2007
-2342
-2664
-2984
-3191
-3357
-3615
-3800
-3947
-4096
-4341
-4434
-4200
-3938
-3535
-3110
-2220
-1236
-368
701
1878
2953
3686
4690
5625
6063
6298
6483
6579
6364
6070
5729
5218
4786
4236
3542
2953
2402
1740
983
490
-47
-785
-1371
-1814
-2146
-2591
-2940
-3107
-3107
-2988
-2866
-2516
-2014
-1563
-1092
-464
93
405
731
954
842
588
273
-77
-562
-1024
-1472
-1948
-2291
-2575
-2848
-3083
-3181
-3362
-3543
-3668
-3776
-3921
-4118
-3970
-3729
-3364
-3009
-2382
-1418
-597
291
1339
2457
3222
3997
4974
5592
5847
6014
6181
6132
5880
5615
5208
4777
4351
3766
3165
2673
2116
1404
837
407
-231
-857
-1336
-1687
-2082
-2520
-2756
-2850
-2788
-2702
-2506
-2111
-1713
-1317
-823
-300
61
325
588
596
380
116
-158
-547
-981
-1370
-1818
-2208
-2524
-2765
-3004
-3135
-3274
-3461
-3568
-3673
-3747
-3923
-3926
-3671
-3353
-3002
-2596
-1760
-889
-108
821
1949
2861
3504
4414
5253
5614
5813
6049
6157
6000
5772
5448
5005
4616
4152
3538
3040
2547
1868
1220
752
205
-477
-1046
-1486
-1866
-2348
-2664
-2819
-2856
-2773
-2645
-2311
-1926
-1543
-1079
-560
-111
165
448
600
464
237
-22
-350
-795
-1195
-1609
-2068
-2437
-2732
-2982
-3195
-3342
-3551
-3710
-3815
-3910
-4045
-4176
-4007
-3684
-3310
-2968
-2315
-1378
-525
360
1475
2585
3324
4131
5117
5701
5950
6223
6418
6357
6150
5856
5402
4954
4549
3935
3350
2862
2213
1483
912
404
-286
-946
-1462
-1855
-2297
-2675
-2877
-2989
-2919
-2798
-2526
-2105
-1705
-1263
-723
-189
151
404
673
679
490
220
-91
-522
-991
-1382
-1871
-2276
-2604
-2891
-3141
-3308
-3478
-3701
-3819
-3922
-4050
-4213
-4219
-3934
-3561
-3190
-2726
-1895
-969
-117
894
2047
2975
3687
4616
5433
5788
6064
6296
6362
6226
5997
5621
5152
4804
4274
3654
3136
2594
1874
1189
703
89
-608
-1181
-1599
-2005
-2414
-2680
-2870
-2867
-2781
-2622
-2272
-1862
-1478
-1032
-488
-47
168
431
598
505
267
-4
-346
-811
-1190
-1615
-2035
-2350
-2634
-2894
-3080
-3191
-3416
-3595
-3682
-3828
-3979
-4116
-3965
-3655
-3270
-2909
-2317
-1429
-597
271
1304
2366
3100
3835
4755
5302
5605
5846
6022
6007
5847
5622
5199
4871
4503
3975
3424
2952
2399
1699
1138
620
-56
-720
-1225
-1661
-2132
-2506
-2798
-2936
-2886
-2811
-2611
-2263
-1879
-1489
-1017
-490
-149
100
372
492
372
190
-2
-340
-685
-1025
-1415
-1769
-2062
-2311
-2558
-2681
-2875
-3132
-3268
-3426
-3607
-3823
-3872
-3711
-3420
-3080
-2756
-2050
-1230
-458
416
1454
2384
3018
3875
4668
5116
5418
5671
5839
5765
5651
5380
5002
4707
4311
3791
3287
2809
2216
1593
1056
484
-229
-885
-1391
-1887
-2363
-2739
-3005
-3072
-3007
-2892
-2633
-2253
-1875
-1412
-882
-412
-94
179
443
475
330
178
-50
-374
-694
-1067
-1478
-1850
-2127
-2399
-2626
-2750
-3009
-3247
-3371
-3531
-3703
-3931
-3902
-3697
-3328
-3004
-2629
-1783
-980
-195
738
1814
2657
3318
4226
4927
5344
5625
5860
5984
5884
5752
5386
5008
4688
4205
3651
3148
2612
1965
1356
842
267
-445
-1060
-1523
-1950
-2374
-2686
-2856
-2828
-2754
-2628
-2292
-1892
-1517
-1025
-492
-85
168
436
624
559
367
133
-159
-517
-876
-1336
-1774
-2140
-2416
-2722
-2937
-3085
-3381
-3607
-3712
-3869
-4038
-4252
-4182
-3919
-3472
-3140
-2685
-1772
-974
-164
789
1871
2682
3359
4277
4970
5368
5630
5850
5962
5872
5717
5312
4960
4627
4119
3568
3070
2530
1873
1284
819
236
-422
-998
-1418
-1776
-2179
-2432
-2567
-2481
-2466
-2359
-1994
-1598
-1233
-772
-240
120
342
599
701
641
429
152
-159
-533
-906
-1424
-1825
-2137
-2414
-2716
-2897
-3046
-3361
-3572
-3662
-3834
-4018
-4247
-4199
-3948
-3489
-3148
-2662
-1773
-989
-204
728
1804
2599
3248
4189
4925
5301
5544
5773
5900
5840
5706
5337
5017
4678
4187
3624
3128
2589
1906
1301
811
170
-504
-1109
-1573
-1990
-2427
-2721
-2883
-2844
-2877
-2785
-2430
-1989
-1628
-1159
-583
-169
111
394
562
585
442
217
-45
-371
-711
-1197
-1533
-1775
-2047
-2340
-2494
-2624
-2924
-3147
-3267
-3477
-3698
-3970
-4003
-3843
-3449
-3110
-2667
-1804
-1023
-251
649
1755
2579
3215
4182
4950
5328
5535
5759
5901
5827
5724
5393
5099
4783
4296
3711
3204
2695
1985
1350
809
131
-582
-1237
-1768
-2256
-2743
-3069
-3250
-3227
-3214
-3077
-2676
-2136
-1718
-1208
-560
-58
267
584
824
849
729
496
220
-137
-466
-957
-1336
-1582
-1880
-2215
-2437
-2585
-2864
-3123
-3316
-3563
-3792
-4061
-4165
-4067
-3729
-3382
-2994
-2140
-1303
-517
369
1500
2418
3094
4040
4842
5277
5489
5713
5866
5792
5686
5380
5101
4833
4370
3780
3276
2822
2156
1508
940
297
-414
-1098
-1652
-2149
-2681
-3039
-3245
-3237
-3196
-3043
-2624
-2074
-1640
-1130
-462
60
398
735
992
1016
890
636
345
-27
-327
-809
-1246
-1522
-1828
-2179
-2475
-2638
-2890
-3170
-3401
-3640
-3841
-4078
-4228
-4138
-3844
-3497
-3196
-2420
-1565
-794
63
1157
2154
2842
3733
4576
5097
5371
5624
5817
5788
5691
5420
5110
4872
4449
3867
3344
2914
2328
1650
1065
475
-203
-902
-1471
-1940
-2471
-2871
-3122
-3153
-3100
-2978
-2608
-2122
-1697
-1233
-636
-127
209
543
808
887
817
610
353
48
-185
-598
-1051
-1322
-1597
-1951
-2301
-2488
-2744
-3082
-3335
-3574
-3782
-4019
-4221
-4130
-3852
-3489
-3277
-2611
-1742
-1015
-221
836
1901
2558
3390
4291
4896
5255
5575
5840
5893
5875
5663
5318
5088
4715
4132
3554
3106
2517
1775
1142
560
-136
-872
-1493
-1953
-2449
-2911
-3223
-3290
-3220
-3158
-2856
-2404
-1977
-1548
-998
-467
-109
263
589
758
799
702
512
261
83
-243
-688
-959
-1200
-1573
-1976
-2189
-2474
-2886
-3184
-3445
-3718
-3975
-4217
-4191
-3937
-3514
-3311
-2781
-1887
-1117
-395
600
1757
2444
3186
4117
4801
5190
5513
5823
5901
5913
5759
5391
5121
4797
4227
3568
3094
2503
1692
985
400
-294
-1058
-1701
-2139
-2569
-3025
-3339
-3368
-3229
-3147
-2893
-2403
-1914
-1493
-965
-371
30
394
750
965
1023
947
748
477
257
-56
-523
-871
-1106
-1507
-1941
-2189
-2458
-2877
-3219
-3457
-3773
-3999
-4231
-4297
-4096
-3656
-3363
-3010
-2122
-1259
-557
330
1514
2359
2996
3931
4720
5154
5465
5781
5926
5898
5811
5482
5170
4888
4349
3693
3147
2618
1816
1051
451
-247
-992
-1654
-2097
-2520
-2958
-3257
-3304
-3135
-3026
-2816
-2359
-1821
-1377
-867
-235
225
577
934
1188
1240
1151
965
681
409
59
-418
-880
-1179
-1591
-2056
-2362
-2638
-3012
-3404
-3635
-3963
-4191
-4395
-4558
-4472
-4110
-3702
-3480
-2723
-1761
-994
-188
931
1992
2628
3508
4456
5036
5383
5690
5959
5960
5943
5733
5405
5173
4716
4128
3526
3034
2360
1544
910
234
-475
-1167
-1738
-2174
-2628
-2950
-3135
-3061
-2940
-2817
-2478
-1994
-1522
-1072
-457
82
452
803
1113
1254
1241
1144
925
638
377
-58
-578
-962
-1325
-1799
-2205
-2439
-2815
-3224
-3549
-3812
-4152
-4370
-4602
-4767
-4575
-4149
-3882
-3553
-2599
-1686
-970
-44
1183
2064
2731
3751
4639
5093
5375
5719
5907
5910
5888
5605
5333
5059
4575
3958
3399
2906
2145
1358
753
133
-581
-1300
-1846
-2230
-2665
-2982
-3097
-2985
-2903
-2735
-2325
-1836
-1394
-882
-235
266
645
985
1262
1386
1402
1244
976
722
429
-130
-668
-1018
-1444
-1958
-2316
-2558
-2999
-3395
-3674
-3920
-4224
-4461
-4735
-4764
-4433
-4045
-3878
-3318
-2291
-1490
-746
360
1576
2319
3120
4191
4944
5273
5568
5917
6038
6014
5872
5495
5224
4872
4269
3597
3065
2474
1638
945
438
-216
-964
-1615
-2052
-2442
-2889
-3134
-3141
-3020
-2940
-2688
-2209
-1688
-1224
-641
25
517
862
1170
1425
1496
1430
1167
879
603
189
-426
-912
-1251
-1726
-2220
-2500
-2776
-3224
-3564
-3778
-4031
-4319
-4568
-4785
-4670
-4326
-4000
-3810
-3019
-2038
-1307
-433
791
1929
2614
3560
4572
5162
5481
5840
6172
6205
6129
5901
5501
5227
4787
4139
3482
2967
2306
1497
929
414
-320
-1049
-1621
-2022
-2489
-2911
-3071
-3045
-2960
-2880
-2539
-2026
-1500
-1023
-414
222
672
959
1242
1441
1438
1276
964
679
360
-137
-692
-1070
-1442
-1918
-2330
-2550
-2898
-3321
-3590
-3826
-4152
-4425
-4648
-4865
-4736
-4405
-4095
-3870
-2977
-2041
-1316
-346
942
2007
2657
3658
4617
5147
5484
5869
6166
6144
6067
5817
5423
5157
4703
4087
3472
2996
2344
1562
1038
493
-295
-1044
-1601
-2014
-2546
-2975
-3146
-3152
-3099
-2992
-2594
-2075
-1555
-1059
-415
212
686
971
1264
1438
1414
1235
948
702
371
-102
-591
-882
-1269
-1722
-2099
-2308
-2674
-3087
-3337
-3619
-4013
-4310
-4543
-4798
-4701
-4385
-4067
-3846
-2955
-2016
-1265
-276
1026
2043
2661
3668
4626
5142
5438
5809
6078
6044
5954
5686
5272
5011
4552
3934
3353
2881
2228
1446
927
359
-449
-1228
-1763
-2181
-2707
-3128
-3336
-3314
-3237
-3076
-2669
-2126
-1590
-1067
-364
294
824
1139
1436
1616
1592
1410
1123
868
524
60
-467
-784
-1194
-1674
-2097
-2325
-2667
-3076
-3355
-3635
-4032
-4358
-4588
-4848
-4732
-4437
-4099
-3854
-2967
-2009
-1240
-259
1042
2063
2693
3697
4658
5170
5438
5812
6048
6007
5888
5634
5226
4948
4503
3883
3330
2858
2222
1473
949
362
-421
-1188
-1709
-2142
-2649
-3049
-3281
-3229
-3152
-3002
-2634
-2106
-1593
-1085
-375
275
789
1115
1413
1598
1590
1401
1116
851
517
55
-475
-806
-1219
-1697
-2126
-2340
-2679
-3067
-3361
-3634
-4009
-4355
-4584
-4862
-4742
-4501
-4173
-3898
-3054
-2117
-1350
-364
876
1916
2586
3567
4524
5046
5347
5738
5975
5963
5871
5659
5298
5009
4590
3996
3448
2976
2341
1601
1051
462
-289
-1033
-1563
-1984
-2478
-2867
-3078
-3041
-2988
-2921
-2595
-2102
-1654
-1199
-535
102
577
921
1253
1499
1555
1413
1174
933
623
156
-357
-711
-1127
-1621
-2070
-2310
-2659
-3060
-3353
-3598
-3925
-4289
-4485
-4780
-4771
-4572
-4261
-3975
-3364
-2408
-1640
-726
399
1520
2300
3140
4177
4846
5215
5615
5965
6071
6014
5892
5577
5258
4878
4330
3764
3237
2645
1873
1252
696
5
-746
-1342
-1760
-2255
-2738
-2982
-3031
-3040
-3085
-2869
-2399
-1988
-1556
-955
-281
250
666
1018
1375
1563
1536
1364
1164
935
469
-38
-451
-841
-1336
-1820
-2119
-2440
-2836
-3147
-3391
-3674
-4063
-4311
-4560
-4777
-4655
-4441
-4129
-3822
-3021
-2147
-1395
-400
727
1759
2492
3485
4474
5003
5414
5841
6165
6162
6086
5873
5515
5186
4705
4149
3535
3010
2290
1588
1022
452
-265
-977
-1488
-1983
-2552
-2985
-3150
-3239
-3317
-3295
-2912
-2466
-2013
-1469
-775
-131
407
810
1192
1522
1636
1586
1375
1219
860
378
-116
-511
-931
-1440
-1829
-2104
-2454
-2829
-3119
-3397
-3775
-4159
-4369
-4705
-4771
-4643
-4377
-4143
-3658
-2727
-1993
-1124
-47
1126
2019
2880
4034
4831
5303
5758
6191
6342
6282
6201
5881
5544
5162
4638
3995
3429
2832
2104
1467
923
296
-496
-1146
-1707
-2285
-2854
-3183
-3364
-3454
-3497
-3293
-2849
-2368
-1829
-1208
-513
96
578
943
1300
1521
1553
1385
1189
915
519
28
-426
-802
-1266
-1739
-2055
-2326
-2725
-3091
-3381
-3719
-4139
-4403
-4674
-4902
-4829
-4600
-4338
-4035
-3235
-2389
-1616
-603
567
1597
2418
3503
4503
5070
5515
5974
6259
6280
6275
6099
5753
5456
5024
4422
3830
3292
2632
1955
1410
864
116
-609
-1190
-1742
-2337
-2779
-3049
-3185
-3240
-3153
-2819
-2369
-1872
-1340
-698
-105
375
752
1068
1335
1398
1275
1081
842
514
77
-366
-754
-1147
-1608
-1982
-2224
-2565
-2962
-3276
-3568
-3926
-4289
-4509
-4791
-4860
-4706
-4470
-4238
-3742
-2881
-2125
-1250
-150
939
1778
2681
3767
4496
4949
5406
5787
5945
5975
5962
5681
5400
5108
4622
4063
3562
3014
2341
1774
1280
644
-86
-707
-1225
-1801
-2334
-2705
-2921
-3048
-3081
-2879
-2512
-2063
-1616
-1041
-409
83
515
866
1199
1393
1366
1243
1079
874
511
108
-251
-614
-1010
-1437
-1704
-2001
-2401
-2767
-3095
-3387
-3816
-4133
-4429
-4693
-4695
-4567
-4385
-4181
-3555
-2767
-2027
-1094
3
992
1774
2795
3801
4414
4898
5386
5752
5869
5947
5852
5558
5308
4966
4452
3907
3437
2820
2138
1572
993
274
-463
-1062
-1629
-2235
-2748
-3076
-3283
-3427
-3413
-3165
-2771
-2332
-1847
-1201
-568
-47
430
858
1243
1446
1456
1398
1316
1124
763
420
93
-278
-714
-1105
-1383
-1785
-2216
-2633
-2982
-3376
-3850
-4189
-4571
-4804
-4820
-4704
-4578
-4313
-3610
-2836
-2013
-1054
94
1110
2000
3143
4146
4823
5374
5924
6309
6435
6501
6347
6070
5782
5360
4775
4187
3659
2946
2203
1524
819
-14
-833
-1503
-2163
-2832
-3350
-3688
-3894
-4020
-3956
-3661
-3211
-2714
-2125
-1385
-682
-34
548
1087
1551
1814
1885
1908
1867
1636
1256
881
496
11
-542
-988
-1421
-1955
-2483
-2982
-3424
-3951
-4444
-4849
-5256
-5493
-5512
-5376
-5229
-4855
-4095
-3239
-2345
-1303
-24
1112
2158
3404
4505
5287
5894
6529
6929
7069
7129
6983
6706
6358
5871
5192
4532
3894
3071
2202
1413
611
-329
-1219
-1941
-2642
-3326
-3847
-4166
-4324
-4381
-4272
-3889
-3363
-2764
-2073
-1258
-435
320
996
1601
2144
2456
2578
2626
2563
2296
1839
1347
854
236
-429
-1010
-1588
-2221
-2837
-3404
-3943
-4521
-5062
-5501
-5913
-6140
-6134
-5942
-5731
-5263
-4394
-3458
-2472
-1265
155
1390
2559
3890
5058
5842
6487
7124
7463
7569
7590
7384
6982
6524
5935
5141
4376
3622
2695
1722
874
18
-975
-1897
-2623
-3316
-4006
-4468
-4700
-4766
-4724
-4447
-3895
-3242
-2490
-1642
-692
214
1041
1750
2390
2913
3189
3287
3254
3100
2713
2137
1526
911
167
-609
-1284
-1957
-2678
-3366
-3978
-4558
-5200
-5784
-6225
-6601
-6789
-6718
-6412
-6114
-5520
-4509
-3439
-2312
-964
575
1911
3170
4551
5731
6512
7166
7751
8032
8083
7995
7661
7134
6574
5874
5000
4170
3357
2382
1387
529
-349
-1355
-2281
-2989
-3699
-4376
-4772
-4924
-4930
-4795
-4356
-3701
-2959
-2106
-1143
-150
771
1590
2278
2907
3350
3562
3577
3451
3179
2680
2047
1375
686
-117
-918
-1619
-2314
-3056
-3759
-4366
-4965
-5644
-6230
-6674
-7024
-7184
-7070
-6719
-6376
-5671
-4585
-3424
-2205
-769
840
2215
3540
4929
6056
6811
7431
7953
8176
8159
7967
7547
7006
6401
5646
4762
3952
3116
2133
1183
348
-539
-1549
-2422
-3113
-3816
-4445
-4778
-4863
-4821
-4594
-4084
-3380
-2582
-1679
-678
327
1277
2081
2775
3371
3756
3898
3796
3546
3143
2565
1858
1133
387
-442
-1264
-1985
-2684
-3410
-4085
-4677
-5287
-5953
-6509
-6964
-7272
-7357
-7170
-6815
-6374
-5498
-4336
-3087
-1744
-168
1446
2825
4227
5567
6576
7239
7800
8213
8295
8170
7845
7357
6781
6107
5267
4358
3548
2632
1647
764
-42
-982
-1953
-2731
-3411
-4093
-4633
-4870
-4938
-4842
-4534
-3951
-3198
-2333
-1370
-323
736
1701
2515
3209
3762
4047
4068
3864
3502
2974
2287
1523
757
-77
-933
-1752
-2459
-3177
-3855
-4437
-5009
-5598
-6238
-6728
-7181
-7447
-7445
-7225
-6827
-6279
-5253
-4044
-2684
-1194
467
2092
3492
4959
6210
7142
7751
8262
8561
8481
8271
7848
7303
6651
5905
4997
4037
3183
2225
1268
423
-378
-1351
-2269
-2974
-3617
-4262
-4688
-4834
-4871
-4703
-4281
-3585
-2786
-1845
-827
239
1292
2215
2973
3575
4045
4206
4098
3827
3415
2789
2000
1181
370
-556
-1446
-2268
-2995
-3718
-4401
-4939
-5499
-6022
-6633
-7054
-7385
-7604
-7557
-7288
-6724
-6138
-5094
-3791
-2357
-864
764
2464
3818
5201
6433
7359
7917
8339
8613
8434
8163
7752
7166
6440
5675
4820
3797
2915
2044
1123
236
-560
-1436
-2336
-3037
-3593
-4165
-4556
-4685
-4644
-4428
-3950
-3208
-2392
-1407
-365
712
1704
2596
3303
3814
4201
4309
4174
3836
3407
2746
1931
1072
227
-690
-1594
-2396
-3152
-3889
-4611
-5179
-5754
-6292
-6847
-7235
-7522
-7726
-7621
-7274
-6701
-6074
-5000
-3669
-2287
-822
814
2453
3778
5124
6355
7243
7773
8163
8399
8257
7987
7569
6980
6272
5519
4670
3712
2863
2000
1109
237
-548
-1382
-2202
-2867
-3408
-3909
-4260
-4376
-4304
-4039
-3574
-2885
-2070
-1101
-83
972
1930
2776
3447
3931
4250
4314
4155
3748
3238
2515
1682
772
-135
-1042
-1943
-2751
-3556
-4280
-4995
-5574
-6141
-6642
-7097
-7476
-7708
-7843
-7644
-7238
-6624
-5911
-4832
-3457
-2072
-591
1025
2652
3994
5283
6506
7371
7861
8171
8371
8243
7925
7467
6834
6108
5334
4486
3552
2725
1898
1018
184
-528
-1269
-2040
-2671
-3162
-3604
-3938
-4032
-3923
-3647
-3223
-2582
-1774
-833
157
1182
2140
2962
3601
4057
4327
4352
4143
3673
3064
2298
1439
488
-450
-1353
-2253
-3093
-3883
-4569
-5244
-5787
-6286
-6738
-7155
-7491
-7700
-7826
-7626
-7177
-6547
-5836
-4779
-3405
-2019
-567
1029
2645
3956
5180
6392
7275
7757
8052
8267
8171
7861
7426
6802
6069
5310
4499
3574
2747
1959
1074
235
-437
-1117
-1897
-2546
-2999
-3432
-3767
-3861
-3742
-3493
-3098
-2484
-1741
-856
97
1074
1978
2789
3429
3842
4101
4169
3994
3531
2943
2239
1396
481
-413
-1285
-2201
-3050
-3813
-4499
-5155
-5694
-6148
-6582
-6973
-7307
-7496
-7597
-7483
-7090
-6460
-5742
-4856
-3590
-2189
-790
667
2243
3616
4737
5896
6872
7467
7793
8090
8140
7892
7565
7040
6367
5639
4938
4073
3195
2449
1608
723
-46
-688
-1488
-2246
-2740
-3158
-3546
-3733
-3645
-3462
-3146
-2598
-1916
-1142
-236
719
1542
2304
2996
3429
3667
3811
3769
3364
2821
2243
1480
587
-283
-1127
-2059
-2922
-3703
-4441
-5140
-5719
-6182
-6643
-7008
-7319
-7541
-7621
-7549
-7263
-6722
-5962
-5180
-4099
-2722
-1293
111
1605
3141
4308
5424
6539
7335
7742
8068
8319
8143
7872
7479
6887
6164
5464
4702
3743
2948
2170
1287
408
-275
-1000
-1843
-2430
-2804
-3165
-3485
-3495
-3299
-3046
-2613
-1965
-1212
-412
487
1345
2076
2740
3267
3575
3706
3703
3445
2929
2380
1711
847
-75
-931
-1845
-2794
-3598
-4387
-5106
-5781
-6289
-6715
-7103
-7377
-7616
-7693
-7627
-7428
-7051
-6348
-5500
-4671
-3450
-2015
-574
791
2300
3747
4776
5865
6881
7513
7781
8070
8169
7889
7613
7172
6531
5801
5125
4298
3355
2617
1840
956
151
-430
-1155
-1920
-2386
-2708
-3037
-3293
-3248
-3042
-2741
-2252
-1587
-853
-55
798
1537
2223
2842
3303
3552
3608
3517
3176
2641
2071
1347
439
-450
-1292
-2229
-3147
-3921
-4681
-5360
-5963
-6406
-6810
-7152
-7351
-7521
-7552
-7407
-7168
-6753
-6010
-5121
-4246
-3047
-1604
-161
1177
2648
4082
5095
6111
7074
7699
7960
8164
8241
7993
7691
7242
6603
5850
5122
4320
3403
2611
1819
952
163
-423
-1103
-1841
-2339
-2707
-3068
-3350
-3366
-3196
-2922
-2443
-1807
-1127
-337
469
1146
1808
2423
2891
3115
3167
3098
2759
2192
1619
944
84
-753
-1549
-2398
-3248
-3986
-4653
-5253
-5753
-6145
-6526
-6813
-6944
-7110
-7203
-7031
-6773
-6415
-5760
-4845
-3959
-2942
-1561
-133
1150
2521
3961
5013
5912
6841
7512
7810
7975
8124
7942
7631
7281
6687
5926
5227
4563
3686
2859
2147
1331
533
-62
-631
-1350
-1894
-2263
-2631
-2941
-3019
-2889
-2685
-2264
-1675
-1052
-365
322
956
1545
2087
2501
2698
2755
2679
2352
1783
1200
547
-280
-1137
-1920
-2686
-3504
-4259
-4888
-5437
-5905
-6266
-6553
-6742
-6835
-6973
-7051
-6865
-6574
-6228
-5621
-4714
-3819
-2869
-1562
-155
1112
2424
3838
4931
5793
6683
7363
7676
7848
7999
7811
7472
7142
6570
5814
5174
4594
3744
2928
2300
1549
715
125
-349
-1009
-1569
-1914
-2242
-2555
-2652
-2561
-2409
-2047
-1497
-937
-369
261
862
1350
1805
2184
2370
2401
2325
2060
1579
1016
391
-370
-1187
-1938
-2655
-3401
-4118
-4758
-5324
-5771
-6104
-6376
-6559
-6628
-6710
-6797
-6691
-6418
-6128
-5640
-4801
-3896
-3037
-1868
-440
846
2047
3420
4668
5550
6392
7210
7681
7829
7946
7887
7575
7214
6744
6076
5432
4920
4189
3325
2659
2010
1170
446
-38
-629
-1303
-1768
-2081
-2420
-2642
-2636
-2529
-2280
-1829
-1340
-886
-327
291
758
1151
1544
1769
1772
1712
1573
1195
664
124
-503
-1234
-1929
-2577
-3260
-3910
-4472
-4994
-5425
-5715
-5958
-6159
-6209
-6203
-6240
-6176
-5946
-5677
-5245
-4486
-3630
-2847
-1793
-436
807
1926
3223
4478
5359
6184
7047
7591
7736
7819
7805
7529
7179
6775
6188
5555
5064
4435
3622
2940
2324
1550
818
306
-289
-989
-1489
-1827
-2214
-2514
-2563
-2529
-2408
-2069
-1654
-1308
-878
-309
172
557
923
1145
1156
1127
1061
758
292
-151
-653
-1300
-1911
-2451
-3063
-3685
-4173
-4594
-5004
-5301
-5531
-5769
-5897
-5898
-5906
-5901
-5728
-5473
-5137
-4527
-3687
-2909
-2060
-856
409
1491
2639
3911
4903
5654
6488
7205
7516
7600
7662
7552
7281
6978
6519
5930
5415
4871
4103
3365
2767
2036
1216
588
21
-723
-1366
-1772
-2162
-2563
-2760
-2785
-2759
-2545
-2195
-1853
-1459
-937
-445
-15
433
736
829
886
948
760
364
6
-386
-946
-1529
-1992
-2501
-3086
-3565
-3937
-4311
-4655
-4909
-5179
-5408
-5519
-5588
-5672
-5643
-5434
-5219
-4866
-4165
-3299
-2557
-1672
-409
807
1843
2989
4205
5088
5775
6562
7199
7463
7541
7612
7517
7329
7065
6584
6031
5581
5029
4224
3534
2954
2181
1310
665
74
-711
-1397
-1854
-2261
-2698
-2945
-3019
-2981
-2776
-2481
-2132
-1683
-1150
-711
-288
169
497
643
750
826
658
329
-5
-375
-871
-1393
-1866
-2372
-2868
-3301
-3692
-4089
-4407
-4666
-4957
-5180
-5287
-5388
-5520
-5480
-5256
-5041
-4679
-3955
-3088
-2352
-1406
-130
1049
2069
3229
4385
5176
5857
6597
7114
7297
7394
7433
7278
7094
6825
6305
5739
5321
4732
3922
3271
2685
1876
1012
380
-272
-1082
-1767
-2263
-2757
-3210
-3461
-3575
-3529
-3281
-2958
-2594
-2080
-1510
-1053
-608
-102
268
426
557
636
508
220
-77
-417
-852
-1333
-1805
-2260
-2690
-3075
-3480
-3843
-4111
-4337
-4603
-4794
-4847
-4951
-5093
-5050
-4805
-4611
-4301
-3603
-2752
-2030
-1119
161
1350
2378
3521
4677
5485
6150
6858
7328
7498
7548
7537
7338
7121
6826
6290
5726
5279
4707
3938
3308
2715
1920
1070
396
-306
-1169
-1912
-2499
-3058
-3560
-3866
-4009
-3976
-3727
-3383
-2963
-2410
-1807
-1270
-733
-169
228
425
591
704
611
343
64
-266
-690
-1170
-1616
-2022
-2443
-2839
-3227
-3551
-3837
-4095
-4354
-4570
-4683
-4850
-5042
-5101
-4945
-4806
-4581
-3968
-3129
-2360
-1501
-230
1070
2181
3331
4561
5519
6218
6928
7471
7705
7718
7655
7451
7205
6909
6406
5858
5408
4911
4214
3590
3039
2303
1452
729
10
-906
-1781
-2491
-3133
-3726
-4141
-4364
-4407
-4210
-3863
-3412
-2811
-2101
-1431
-794
-138
363
638
829
970
901
611
284
-65
-498
-994
-1449
-1831
-2214
-2610
-2985
-3284
-3559
-3848
-4125
-4359
-4535
-4768
-5046
-5219
-5187
-5106
-4981
-4507
-3677
-2827
-2007
-830
589
1829
2950
4207
5389
6197
6854
7474
7853
7879
7731
7539
7294
6980
6499
5942
5458
4991
4344
3639
3061
2406
1547
686
-45
-892
-1889
-2765
-3434
-4018
-4539
-4844
-4884
-4693
-4347
-3858
-3188
-2381
-1585
-869
-157
473
879
1084
1201
1189
932
537
154
-229
-698
-1186
-1571
-1903
-2269
-2642
-2950
-3203
-3463
-3736
-3982
-4177
-4380
-4650
-4870
-4902
-4798
-4676
-4325
-3566
-2675
-1863
-855
495
1769
2831
3983
5183
6063
6656
7236
7654
7722
7567
7363
7101
6771
6346
5780
5246
4792
4203
3443
2793
2215
1389
456
-294
-1035
-2019
-2956
-3603
-4140
-4675
-4998
-5004
-4814
-4459
-3945
-3283
-2493
-1664
-914
-228
440
940
1170
1270
1295
1115
728
354
23
-388
-847
-1245
-1557
-1890
-2226
-2562
-2860
-3121
-3396
-3681
-3962
-4157
-4405
-4668
-4804
-4726
-4587
-4392
-3828
-2978
-2100
-1264
-119
1197
2337
3390
4525
5587
6253
6789
7267
7534
7466
7244
7024
6719
6359
5826
5285
4802
4311
3645
2922
2365
1674
812
-42
-715
-1556
-2545
-3325
-3888
-4386
-4854
-4977
-4861
-4549
-4113
-3508
-2757
-1958
-1162
-479
228
809
1171
1289
1358
1319
1036
661
320
13
-433
-862
-1196
-1433
-1740
-2095
-2389
-2642
-2915
-3275
-3566
-3853
-4129
-4450
-4688
-4770
-4743
-4630
-4408
-3776
-2913
-2034
-1173
17
1367
2481
3529
4659
5685
6255
6749
7227
7434
7281
7012
6812
6475
6066
5516
4987
4491
3979
3331
2638
2088
1396
571
-250
-918
-1745
-2690
-3427
-3954
-4393
-4789
-4857
-4670
-4311
-3860
-3239
-2456
-1665
-941
-282
391
888
1133
1205
1238
1128
807
416
78
-270
-714
-1130
-1409
-1595
-1878
-2185
-2395
-2550
-2822
-3139
-3379
-3607
-3879
-4172
-4327
-4362
-4306
-4216
-3921
-3234
-2358
-1545
-663
588
1848
2858
3864
4986
5822
6264
6728
7129
7183
6934
6666
6384
6019
5591
5025
4478
4022
3522
2825
2204
1731
1055
212
-505
-1099
-1940
-2833
-3461
-3915
-4352
-4677
-4673
-4463
-4112
-3661
-3044
-2279
-1510
-837
-222
411
842
985
994
1005
856
480
92
-221
-583
-1021
-1371
-1571
-1739
-1959
-2165
-2280
-2376
-2576
-2826
-3033
-3187
-3419
-3679
-3800
-3768
-3716
-3655
-3292
-2586
-1796
-1088
-162
1023
2099
2991
3942
4916
5523
5885
6262
6551
6495
6209
5937
5678
5369
4935
4453
4036
3677
3186
2584
2108
1657
1002
239
-375
-1000
-1841
-2656
-3227
-3678
-4134
-4399
-4366
-4147
-3821
-3372
-2765
-2052
-1324
-690
-98
463
818
903
888
891
722
364
39
-203
-530
-916
-1149
-1287
-1451
-1644
-1783
-1899
-2060
-2281
-2550
-2779
-3000
-3273
-3557
-3704
-3718
-3714
-3622
-3277
-2656
-1955
-1224
-364
663
1670
2534
3379
4213
4825
5156
5473
5771
5790
5550
5356
5256
5047
4729
4418
4136
3830
3457
2984
2496
2039
1450
690
-32
-684
-1498
-2393
-3044
-3498
-3958
-4281
-4260
-4032
-3752
-3339
-2751
-2087
-1431
-811
-260
218
546
646
631
641
558
296
54
-65
-259
-549
-710
-754
-896
-1119
-1282
-1442
-1709
-2029
-2328
-2631
-2943
-3253
-3545
-3737
-3762
-3693
-3577
-3249
-2619
-1879
-1188
-390
623
1594
2377
3166
3996
4562
4850
5170
5491
5514
5318
5206
5159
5006
4739
4446
4162
3884
3509
2981
2466
2004
1353
513
-214
-860
-1716
-2630
-3246
-3663
-4108
-4393
-4329
-4085
-3795
-3378
-2799
-2156
-1520
-943
-433
33
357
451
468
545
525
332
193
182
82
-131
-229
-234
-367
-619
-831
-1032
-1342
-1727
-2078
-2403
-2735
-3080
-3395
-3582
-3612
-3571
-3483
-3180
-2584
-1915
-1321
-594
369
1263
1967
2734
3569
4114
4400
4778
5147
5202
5076
5064
5083
4948
4702
4441
4190
3917
3515
2983
2492
2021
1325
486
-194
-835
-1712
-2597
-3166
-3582
-4022
-4274
-4192
-3962
-3685
-3271
-2709
-2083
-1470
-925
-431
34
356
466
528
648
659
515
439
469
400
229
142
113
-30
-297
-559
-813
-1144
-1574
-2005
-2384
-2751
-3153
-3527
-3760
-3859
-3893
-3857
-3610
-3096
-2492
-1930
-1258
-357
536
1273
2056
2941
3593
3959
4380
4852
5044
5019
5090
5203
5150
4976
4809
4624
4363
3985
3490
2989
2483
1791
942
211
-468
-1352
-2280
-2945
-3440
-3941
-4263
-4267
-4116
-3904
-3533
-2994
-2390
-1777
-1200
-660
-138
272
490
646
857
966
909
892
975
946
778
679
644
484
183
-137
-439
-818
-1310
-1832
-2284
-2714
-3216
-3687
-3992
-4186
-4347
-4376
-4180
-3784
-3241
-2603
-1915
-1106
-154
740
1550
2450
3324
3869
4242
4757
5184
5259
5255
5402
5465
5308
5134
4984
4701
4287
3801
3237
2642
1992
1175
299
-443
-1204
-2129
-2958
-3508
-3977
-4423
-4597
-4482
-4295
-4017
-3522
-2885
-2236
-1588
-962
-374
175
588
835
1071
1331
1427
1385
1426
1484
1343
1117
1005
863
525
114
-263
-678
-1186
-1730
-2245
-2713
-3159
-3617
-4010
-4257
-4397
-4477
-4416
-4139
-3663
-3069
-2412
-1673
-790
174
1047
1887
2815
3613
4104
4544
5078
5410
5450
5498
5604
5541
5334
5136
4879
4468
3978
3422
2785
2141
1435
583
-253
-954
-1721
-2584
-3253
-3702
-4140
-4488
-4518
-4339
-4126
-3764
-3164
-2486
-1829
-1153
-488
107
634
1035
1305
1569
1806
1875
1834
1852
1828
1599
1327
1123
824
353
-133
-597
-1117
-1698
-2262
-2757
-3195
-3602
-3992
-4282
-4433
-4533
-4574
-4419
-4117
-3738
-3206
-2517
-1796
-1033
-125
783
1583
2399
3220
3826
4302
4836
5244
5408
5511
5607
5538
5368
5200
4916
4466
4006
3512
2858
2169
1528
777
-56
-754
-1411
-2159
-2811
-3260
-3641
-3947
-4018
-3918
-3749
-3419
-2904
-2344
-1756
-1085
-448
99
643
1145
1474
1736
2012
2142
2095
2038
1976
1736
1386
1075
701
202
-294
-771
-1306
-1844
-2334
-2781
-3172
-3506
-3825
-4126
-4317
-4425
-4538
-4526
-4341
-4143
-3813
-3210
-2521
-1869
-1040
-46
823
1622
2555
3405
3942
4452
5023
5347
5408
5480
5506
5338
5126
4890
4509
4054
3631
3106
2462
1885
1304
556
-155
-695
-1319
-2034
-2563
-2913
-3271
-3542
-3579
-3497
-3332
-2994
-2519
-1986
-1360
-687
-78
529
1150
1625
1927
2211
2427
2395
2204
2049
1812
1365
878
436
-57
-588
-1080
-1565
-2040
-2447
-2825
-3185
-3465
-3700
-4000
-4289
-4427
-4539
-4675
-4639
-4469
-4245
-3788
-3075
-2336
-1539
-496
566
1461
2414
3431
4134
4575
5096
5534
5594
5509
5505
5355
5044
4760
4429
3990
3576
3171
2638
2093
1622
1037
345
-201
-714
-1415
-2082
-2510
-2890
-3300
-3501
-3484
-3400
-3165
-2721
-2170
-1551
-839
-120
550
1217
1786
2158
2407
2603
2607
2359
2078
1802
1348
771
259
-230
-760
-1267
-1716
-2147
-2537
-2874
-3212
-3527
-3773
-4044
-4381
-4625
-4750
-4897
-4973
-4842
-4599
-4219
-3567
-2742
-1905
-918
223
1265
2217
3246
4142
4697
5148
5617
5847
5785
5715
5627
5378
5076
4754
4333
3901
3508
3010
2417
1905
1387
710
42
-495
-1132
-1898
-2508
-2940
-3363
-3685
-3761
-3690
-3481
-3063
-2491
-1837
-1085
-277
468
1169
1824
2288
2537
2704
2766
2581
2246
1940
1574
1037
482
-8
-502
-1003
-1471
-1916
-2342
-2713
-3083
-3488
-3834
-4123
-4492
-4857
-5053
-5187
-5333
-5306
-5068
-4752
-4255
-3448
-2535
-1637
-577
618
1683
2654
3668
4511
5038
5503
5948
6120
6057
5999
5885
5628
5333
4985
4516
4028
3574
3006
2350
1775
1201
482
-218
-798
-1458
-2210
-2809
-3229
-3601
-3857
-3884
-3731
-3435
-2954
-2327
-1600
-771
89
868
1580
2214
2642
2834
2916
2892
2635
2222
1821
1387
819
211
-335
-851
-1354
-1833
-2305
-2756
-3153
-3562
-4001
-4359
-4645
-4989
-5301
-5438
-5503
-5552
-5430
-5116
-4724
-4129
-3218
-2213
-1235
-77
1226
2373
3404
4468
5321
5814
6238
6644
6744
6571
6395
6173
5799
5394
4962
4399
3810
3277
2649
1949
1348
737
-22
-718
-1266
-1902
-2608
-3117
-3453
-3771
-3954
-3876
-3655
-3316
-2774
-2093
-1362
-529
356
1132
1820
2434
2834
2987
3036
2960
2636
2157
1683
1162
531
-107
-704
-1289
-1822
-2290
-2764
-3226
-3614
-3990
-4380
-4686
-4912
-5175
-5392
-5445
-5433
-5412
-5217
-4825
-4384
-3779
-2847
-1780
-767
365
1670
2874
3900
4880
5690
6168
6496
6781
6834
6624
6343
6011
5580
5151
4698
4118
3520
3016
2448
1769
1169
601
-118
-845
-1409
-1977
-2630
-3138
-3445
-3687
-3825
-3738
-3469
-3061
-2477
-1789
-1076
-284
539
1228
1800
2329
2679
2773
2763
2684
2389
1911
1417
924
352
-244
-814
-1379
-1892
-2335
-2773
-3213
-3585
-3909
-4253
-4542
-4733
-4922
-5106
-5159
-5100
-5035
-4870
-4488
-3987
-3422
-2625
-1596
-568
413
1520
2690
3694
4519
5223
5728
6001
6172
6241
6115
5846
5522
5146
4747
4368
3924
3375
2875
2466
1963
1365
813
248
-426
-1072
-1601
-2146
-2715
-3118
-3330
-3460
-3467
-3265
-2882
-2371
-1726
-1016
-300
430
1106
1635
2048
2383
2540
2494
2357
2148
1768
1267
781
306
-210
-746
-1271
-1774
-2229
-2636
-3039
-3424
-3751
-4047
-4340
-4564
-4703
-4826
-4894
-4825
-4680
-4515
-4218
-3720
-3149
-2509
-1636
-609
331
1229
2251
3255
4053
4715
5299
5668
5805
5873
5871
5695
5386
5052
4696
4329
3950
3487
2963
2507
2091
1572
1010
507
-47
-695
-1254
-1697
-2200
-2719
-3055
-3208
-3285
-3228
-2970
-2581
-2088
-1482
-828
-177
469
1042
1467
1799
2059
2139
2022
1826
1565
1157
672
221
-220
-687
-1151
-1605
-2033
-2400
-2727
-3052
-3350
-3597
-3834
-4059
-4196
-4260
-4321
-4303
-4140
-3936
-3723
-3369
-2849
-2280
-1658
-838
103
950
1733
2592
3425
4072
4604
5095
5416
5494
5478
5442
5269
4928
4561
4237
3909
3519
3056
2575
2133
1683
1162
639
185
-309
-884
-1367
-1709
-2087
-2512
-2795
-2885
-2905
-2847
-2614
-2249
-1829
-1346
-803
-242
303
773
1127
1412
1628
1693
1583
1398
1159
787
337
-74
-457
-869
-1284
-1669
-2009
-2294
-2552
-2800
-3008
-3165
-3312
-3451
-3514
-3513
-3522
-3492
-3335
-3115
-2889
-2579
-2124
-1596
-1055
-419
349
1095
1721
2337
2991
3533
3913
4251
4544
4639
4569
4495
4395
4138
3800
3527
3288
3005
2655
2273
1908
1555
1142
669
254
-113
-552
-1004
-1315
-1550
-1853
-2149
-2273
-2279
-2275
-2197
-1984
-1678
-1338
-964
-537
-89
312
620
877
1094
1191
1135
1018
876
628
277
-53
-343
-656
-1001
-1325
-1614
-1878
-2115
-2335
-2535
-2688
-2808
-2917
-2968
-2954
-2943
-2941
-2853
-2657
-2452
-2232
-1906
-1488
-1074
-638
-56
606
1175
1658
2206
2750
3138
3435
3746
3950
3946
3879
3860
3774
3550
3308
3120
2931
2684
2389
2093
1819
1502
1085
676
342
-27
-474
-855
-1117
-1400
-1742
-1988
-2095
-2177
-2231
-2167
-1994
-1745
-1440
-1075
-665
-253
109
403
674
886
946
896
850
757
535
263
49
-144
-409
-691
-932
-1168
-1412
-1630
-1821
-2002
-2176
-2327
-2432
-2484
-2521
-2584
-2619
-2544
-2408
-2289
-2142
-1897
-1603
-1323
-964
-423
171
669
1133
1690
2223
2605
2931
3276
3491
3500
3489
3535
3507
3333
3143
3008
2860
2649
2402
2166
1930
1625
1239
878
564
174
-288
-680
-992
-1354
-1748
-2020
-2164
-2282
-2340
-2258
-2062
-1791
-1460
-1060
-621
-196
175
496
796
1015
1073
1052
1039
943
720
480
307
129
-135
-384
-574
-775
-995
-1178
-1328
-1492
-1688
-1863
-1994
-2114
-2255
-2409
-2505
-2510
-2495
-2476
-2401
-2235
-2026
-1799
-1456
-954
-418
44
507
1059
1569
1946
2286
2637
2862
2918
2966
3067
3096
3003
2922
2903
2863
2756
2622
2489
2322
2073
1746
1413
1083
666
169
-280
-671
-1101
-1552
-1858
-2029
-2170
-2235
-2149
-1943
-1695
-1399
-1037
-652
-298
15
289
535
713
777
784
785
735
593
444
358
264
97
-57
-160
-284
-459
-620
-761
-945
-1185
-1418
-1635
-1871
-2127
-2365
-2538
-2644
-2711
-2727
-2659
-2493
-2267
-2000
-1642
-1199
-735
-306
121
585
1013
1361
1665
1963
2209
2362
2494
2661
2804
2873
2930
3023
3092
3061
2968
2848
2666
2386
2027
1637
1235
777
268
-205
-605
-998
-1384
-1641
-1754
-1827
-1856
-1753
-1540
-1323
-1110
-836
-536
-280
-66
142
340
488
573
627
682
723
708
663
647
631
532
380
245
92
-161
-459
-723
-1003
-1357
-1724
-2043
-2349
-2654
-2903
-3058
-3132
-3142
-3073
-2924
-2697
-2416
-2105
-1750
-1355
-942
-539
-132
266
654
1030
1365
1682
2004
2309
2559
2785
3022
3212
3304
3353
3380
3302
3120
2890
2611
2264
1862
1439
1016
602
190
-205
-536
-792
-1019
-1199
-1275
-1269
-1246
-1188
-1047
-870
-713
-536
-313
-96
94
278
460
626
761
864
938
994
1013
964
869
752
579
320
32
-256
-587
-964
-1337
-1692
-2063
-2418
-2718
-2962
-3159
-3284
-3332
-3323
-3251
-3121
-2940
-2713
-2436
-2115
-1764
-1396
-1006
-596
-186
205
599
1012
1395
1743
2085
2422
2695
2900
3080
3224
3271
3245
3184
3059
2864
2615
2339
2038
1723
1385
1047
738
447
156
-108
-308
-477
-647
-768
-817
-836
-843
-788
-670
-532
-372
-178
36
252
461
651
825
974
1068
1102
1094
1053
939
753
549
322
37
-289
-610
-939
-1301
-1661
-1979
-2267
-2535
-2762
-2928
-3044
-3136
-3191
-3187
-3130
-3044
-2912
-2712
-2471
-2208
-1918
-1591
-1240
-888
-520
-125
287
687
1077
1470
1842
2160
2434
2676
2872
3002
3077
3119
3110
3032
2908
2758
2576
2352
2106
1861
1608
1346
1085
829
577
328
79
-155
-364
-555
-722
-846
-911
-929
-904
-819
-668
-483
-276
-43
196
419
605
752
858
903
885
817
710
558
362
135
-113
-384
-674
-968
-1252
-1518
-1769
-2003
-2215
-2399
-2566
-2716
-2834
-2905
-2947
-2964
-2933
-2848
-2730
-2585
-2396
-2159
-1894
-1610
-1295
-936
-547
-150
259
695
1143
1562
1947
2313
2645
2897
3085
3238
3350
3392
3369
3322
3249
3118
2935
2731
2519
2275
1989
1699
1418
1125
795
460
155
-144
-458
-746
-963
-1130
-1266
-1347
-1331
-1238
-1118
-954
-726
-463
-221
-6
207
396
509
548
552
523
425
271
101
-74
-283
-525
-759
-975
-1196
-1421
-1622
-1797
-1962
-2128
-2276
-2397
-2495
-2577
-2632
-2647
-2625
-2568
-2481
-2352
-2179
-1976
-1746
-1488
-1191
-860
-510
-140
258
680
1101
1503
1891
2252
2564
2808
3004
3160
3263
3307
3310
3291
3236
3123
2974
2804
2599
2347
2065
1778
1470
1125
765
420
70
-286
-621
-907
-1144
-1343
-1480
-1531
-1508
-1437
-1306
-1108
-871
-625
-376
-121
114
290
411
497
529
495
408
298
167
1
-189
-373
-552
-740
-931
-1103
-1257
-1412
-1572
-1716
-1845
-1974
-2099
-2206
-2287
-2349
-2395
-2410
-2378
-2306
-2205
-2062
-1868
-1631
-1365
-1058
-705
-320
79
495
923
1341
1733
2084
2394
2653
2854
3000
3102
3169
3196
3183
3143
3075
2966
2803
2602
2373
2096
1776
1431
1068
682
284
-102
-469
-816
-1132
-1396
-1592
-1726
-1796
-1785
-1697
-1547
-1344
-1098
-816
-520
-237
22
253
433
553
620
640
612
540
436
317
179
27
-127
-277
-427
-582
-741
-903
-1074
-1256
-1446
-1639
-1831
-2019
-2193
-2350
-2481
-2573
-2623
-2619
-2558
-2438
-2260
-2027
-1744
-1411
-1031
-615
-172
280
743
1195
1620
2010
2359
2653
2895
3085
3226
3323
3375
3389
3369
3301
3184
3017
2796
2525
2206
1847
1451
1034
606
178
-236
-632
-997
-1326
-1607
-1826
-1980
-2064
-2064
-1979
-1818
-1587
-1297
-963
-603
-241
100
403
659
851
983
1050
1060
1020
931
811
667
503
333
160
-18
-207
-407
-621
-851
-1101
-1365
-1641
-1913
-2179
-2433
-2661
-2852
-2997
-3084
-3105
-3057
-2937
-2752
-2502
-2196
-1849
-1454
-1026
-573
-103
360
824
1268
1681
2061
2401
2694
2940
3141
3292
3405
3469
3484
3453
3363
3212
2999
2730
2407
2043
1647
1233
814
400
0
-379
-733
-1050
-1330
-1563
-1733
-1839
-1865
-1816
-1685
-1475
-1200
-872
-506
-131
237
577
871
1113
1292
1401
1444
1426
1350
1224
1061
870
660
433
196
-54
-328
-621
-930
-1256
-1590
-1922
-2243
-2539
-2811
-3048
-3240
-3378
-3453
-3460
-3399
-3268
-3070
-2815
-2506
-2146
-1762
-1349
-915
-466
-10
437
875
1299
1699
2064
2395
2685
2931
3131
3278
3377
3419
3400
3324
3193
3002
2760
2466
2138
1787
1423
1058
707
373
55
-244
-517
-768
-992
-1174
-1305
-1378
-1387
-1330
-1206
-1019
-777
-492
-176
150
465
755
1008
1209
1347
1424
1437
1386
1273
1112
914
686
435
167
-114
-408
-724
-1049
-1376
-1704
-2024
-2323
-2597
-2838
-3045
-3217
-3341
-3408
-3422
-3375
-3266
-3101
-2882
-2613
-2300
-1951
-1586
-1202
-802
-389
33
453
868
1271
1655
2014
2344
2639
2894
3103
3257
3358
3397
3366
3279
3144
2962
2744
2490
2205
1904
1594
1278
972
681
402
136
-114
-351
-572
-760
-908
-1006
-1047
-1031
-954
-818
-630
-395
-130
155
437
699
926
1101
1222
1274
1262
1187
1046
858
624
366
87
-209
-510
-818
-1134
-1452
-1761
-2053
-2331
-2584
-2810
-3010
-3182
-3323
-3422
-3475
-3473
-3415
-3304
-3133
-2913
-2647
-2342
-2005
-1649
-1280
-896
-494
-81
334
746
1146
1532
1898
2240
2554
2833
3070
3254
3375
3434
3432
3368
3260
3119
2948
2748
2522
2277
2015
1743
1470
1203
940
685
433
188
-47
-267
-455
-598
-691
-730
-714
-641
-514
-345
-143
78
299
504
678
805
882
899
858
761
614
421
191
-65
-336
-611
-888
-1168
-1445
-1720
-1991
-2240
-2469
-2676
-2859
-3015
-3147
-3250
-3318
-3343
-3320
-3243
-3116
-2941
-2721
-2464
-2175
-1865
-1534
-1193
-841
-475
-96
290
672
1040
1399
1742
2063
2362
2636
2875
3064
3192
3263
3282
3250
3176
3067
2936
2791
2623
2441
2236
2017
1795
1565
1334
1098
855
610
370
137
-82
-268
-417
-516
-566
-569
-521
-431
-312
-168
-22
112
231
316
362
367
325
244
124
-31
-213
-417
-636
-855
-1081
-1305
-1522
-1740
-1947
-2147
-2330
-2486
-2629
-2749
-2839
-2912
-2951
-2954
-2920
-2843
-2724
-2571
-2382
-2162
-1921
-1657
-1373
-1069
-755
-431
-96
243
585
924
1250
1567
1864
2141
2400
2632
2829
2978
3079
3140
3160
3137
3078
2992
2885
2767
2630
2469
2285
2079
1866
1638
1398
1146
881
616
359
102
-140
-351
-521
-644
-725
-757
-743
-686
-592
-482
-369
-259
-163
-86
-41
-32
-57
-115
-202
-318
-462
-616
-782
-947
-1112
-1280
-1443
-1597
-1751
-1896
-2035
-2160
-2264
-2354
-2426
-2478
-2518
-2526
-2504
-2453
-2370
-2265
-2129
-1973
-1803
-1605
-1385
-1139
-866
-585
-298
1
306
626
948
1259
1561
1846
2111
2359
2579
2767
2917
3029
3103
3129
3115
3069
2997
2903
2780
2625
2436
2220
1985
1733
1467
1187
899
608
323
47
-211
-437
-622
-765
-857
-908
-905
-849
-761
-641
-516
-388
-264
-155
-71
-20
-3
-19
-68
-151
-263
-390
-524
-659
-800
-944
-1086
-1230
-1370
-1513
-1654
-1779
-1897
-2001
-2091
-2174
-2246
-2297
-2327
-2323
-2294
-2242
-2161
-2064
-1941
-1787
-1606
-1385
-1137
-874
-596
-314
-19
294
615
931
1238
1531
1813
2080
2331
2556
2743
2893
2999
3055
3065
3034
2977
2892
2772
2618
2426
2202
1953
1684
1402
1110
816
528
249
-14
-259
-475
-657
-796
-896
-952
-960
-926
-853
-751
-633
-505
-381
-260
-150
-69
-16
8
-9
-60
-137
-233
-340
-456
-582
-716
-852
-989
-1132
-1275
-1414
-1550
-1683
-1801
-1912
-2015
-2104
-2181
-2233
-2252
-2246
-2210
-2149
-2066
-1949
-1802
-1622
-1404
-1155
-887
-603
-311
-10
301
617
932
1235
1525
1803
2072
2328
2565
2772
2940
3061
3125
3144
3114
3050
2958
2837
2681
2494
2274
2018
1738
1437
1127
819
519
237
-29
-273
-491
-683
-842
-964
-1049
-1097
-1101
-1064
-990
-893
-776
-649
-518
-392
-277
-181
-111
-73
-69
-92
-134
-199
-281
-377
-490
-613
-746
-882
-1021
-1169
-1318
-1465
-1609
-1746
-1874
-1992
-2101
-2189
-2253
-2289
-2293
-2273
-2224
-2144
-2034
-1892
-1716
-1507
-1269
-1004
-722
-424
-119
191
508
817
1117
1408
1688
1965
2229
2468
2680
2850
2973
3049
3076
3061
3013
2933
2828
2690
2519
2320
2082
1812
1526
1230
940
661
395
153
-69
-267
-438
-580
-691
-769
-810
-814
-779
-710
-618
-508
-390
-272
-159
-60
21
75
99
90
59
3
-77
-176
-295
-432
-583
-740
-902
-1069
-1242
-1415
-1584
-1746
-1898
-2041
-2171
-2283
-2377
-2444
-2479
-2486
-2464
-2413
-2331
-2217
-2071
-1894
-1682
-1442
-1175
-888
-589
-283
30
345
654
953
1241
1525
1796
2053
2286
2493
2663
2791
2879
2921
2927
2895
2832
2741
2618
2472
2295
2090
1862
1618
1367
1118
871
636
420
221
40
-120
-251
-354
-432
-478
-493
-479
-436
-374
-297
-215
-134
-59
-2
42
60
54
24
-34
-111
-209
-329
-465
-616
-776
-940
-1106
-1274
-1447
-1615
-1775
-1929
-2070
-2197
-2310
-2402
-2475
-2518
-2533
-2518
-2476
-2404
-2300
-2165
-1998
-1805
-1580
-1328
-1059
-769
-469
-162
149
455
760
1052
1338
1608
1867
2106
2320
2514
2672
2798
2891
2942
2955
2934
2871
2775
2651
2501
2325
2127
1914
1688
1452
1210
969
736
511
298
106
-66
-213
-335
-431
-501
-541
-558
-543
-506
-457
-391
-322
-256
-196
-148
-115
-100
-106
-135
-185
-257
-353
-465
-591
-732
-878
-1034
-1195
-1355
-1516
-1675
-1828
-1969
-2096
-2208
-2306
-2378
-2427
-2450
-2450
-2420
-2360
-2269
-2151
-2006
-1832
-1632
-1410
-1168
-908
-631
-347
-54
243
535
826
1109
1383
1643
1886
2112
2313
2487
2637
2756
2841
2895
2914
2897
2842
2757
2644
2505
2342
2161
1965
1756
1535
1312
1086
864
648
444
255
83
-67
-197
-304
-386
-446
-482
-495
-489
-464
-432
-396
-356
-326
-305
-297
-306
-331
-378
-444
-530
-630
-745
-872
-1011
-1151
-1298
-1441
-1587
-1728
-1859
-1978
-2087
-2181
-2251
-2302
-2334
-2345
-2330
-2289
-2223
-2134
-2025
-1887
-1730
-1555
-1361
-1150
-921
-681
-435
-183
77
336
589
841
1087
1321
1545
1753
1943
2117
2272
2403
2514
2602
2664
2700
2710
2693
2653
2587
2497
2389
2265
2121
1967
1799
1624
1445
1260
1075
895
720
553
395
250
116
-8
-117
-212
-297
-367
-428
-482
-533
-584
-632
-687
-745
-809
-877
-951
-1035
-1120
-1212
-1305
-1398
-1492
-1581
-1666
-1749
-1825
-1891
-1947
-1995
-2030
-2055
-2060
-2048
-2025
-1983
-1922
-1848
-1756
-1649
-1527
-1393
-1249
-1088
-921
-739
-550
-356
-159
44
248
447
646
839
1031
1211
1385
1550
1702
1844
1969
2076
2171
2248
2305
2346
2367
2371
2354
2322
2267
2193
2107
2001
1884
1755
1616
1470
1317
1156
993
827
668
507
348
196
47
-97
-233
-363
-484
-597
-699
-798
-892
-980
-1064
-1140
-1212
-1282
-1343
-1400
-1457
-1506
-1556
-1597
-1635
-1668
-1693
-1713
-1725
-1731
-1732
-1724
-1709
-1688
-1655
-1612
-1558
-1498
-1425
-1342
-1253
-1152
-1043
-928
-806
-675
-537
-390
-239
-81
80
242
406
570
729
890
1045
1193
1338
1477
1604
1723
1833
1929
2007
2075
2129
2163
2183
2189
2178
2148
2106
2045
1971
1886
1785
1671
1548
1414
1272
1128
977
821
666
508
352
195
42
-107
-254
-396
-527
-653
-768
-875
-977
-1072
-1161
-1240
-1312
-1380
-1438
-1491
-1538
-1579
-1616
-1645
-1668
-1685
-1692
-1695
-1692
-1680
-1663
-1638
-1607
-1571
-1524
-1473
-1412
-1344
-1268
-1185
-1096
-1003
-901
-796
-689
-575
-455
-330
-200
-67
72
213
354
497
638
782
924
1062
1197
1326
1452
1573
1683
1785
1879
1956
2020
2070
2107
2129
2130
2115
2081
2028
1962
1877
1774
1661
1532
1392
1242
1084
921
756
589
424
262
99
-58
-212
-356
-492
-617
-736
-844
-942
-1028
-1101
-1169
-1227
-1278
-1320
-1354
-1383
-1406
-1425
-1436
-1443
-1448
-1447
-1440
-1428
-1410
-1391
-1371
-1344
-1313
-1279
-1243
-1203
-1160
-1114
-1067
-1017
-964
-905
-841
-776
-709
-638
-560
-479
-392
-295
-195
-87
32
153
283
418
559
703
847
995
1139
1282
1421
1557
1683
1797
1899
1985
2051
2097
2125
2130
2114
2076
2017
1934
1830
1708
1567
1414
1250
1072
887
699
512
328
149
-21
-178
-323
-460
-588
-697
-790
-872
-937
-994
-1034
-1057
-1072
-1083
-1088
-1083
-1072
-1063
-1056
-1048
-1033
-1018
-1010
-1003
-993
-980
-970
-962
-956
-946
-937
-933
-930
-925
-913
-902
-897
-890
-877
-858
-834
-807
-774
-737
-686
-629
-564
-490
-401
-303
-190
-72
55
197
349
504
658
820
984
1145
1295
1439
1579
1708
1821
1916
1990
2045
2078
2085
2068
2033
1977
1899
1797
1676
1542
1391
1226
1054
873
690
507
326
149
-17
-172
-313
-443
-561
-668
-761
-842
-911
-965
-1013
-1049
-1073
-1090
-1105
-1121
-1130
-1136
-1140
-1147
-1151
-1152
-1148
-1143
-1139
-1131
-1122
-1108
-1096
-1086
-1074
-1063
-1051
-1044
-1036
-1019
-1001
-982
-964
-942
-907
-863
-815
-763
-701
-626
-535
-433
-322
-196
-57
93
247
407
580
764
946
1124
1303
1475
1638
1782
1907
2022
2118
2190
2234
2253
2246
2215
2157
2081
1983
1870
1734
1576
1404
1224
1040
847
653
464
282
106
-60
-210
-342
-455
-554
-637
-708
-770
-820
-860
-890
-906
-914
-919
-918
-917
-917
-927
-943
-955
-972
-994
-1023
-1055
-1086
-1113
-1137
-1153
-1156
-1147
-1128
-1112
-1088
-1062
-1040
-1018
-997
-974
-949
-918
-887
-855
-815
-764
-706
-644
-573
-492
-400
-308
-209
-104
11
135
266
403
545
687
824
954
1077
1199
1320
1427
1525
1614
1688
1743
1779
1799
1800
1784
1748
1692
1620
1535
1440
1338
1229
1117
998
866
723
575
431
288
148
14
-114
-234
-344
-442
-523
-590
-647
-694
-741
-788
-834
-884
-932
-971
-1002
-1022
-1035
-1044
-1054
-1072
-1094
-1118
-1140
-1161
-1178
-1190
-1208
-1222
-1232
-1236
-1223
-1190
-1143
-1082
-1012
-943
-875
-809
-742
-669
-593
-518
-436
-351
-261
-164
-61
56
179
309
441
571
701
826
949
1071
1194
1319
1439
1550
1649
1735
1804
1860
1903
1932
1948
1948
1933
1902
1851
1783
1699
1598
1485
1360
1222
1072
916
761
602
446
292
137
-18
-179
-334
-483
-621
-751
-873
-982
-1079
-1161
-1229
-1276
-1309
-1326
-1338
-1346
-1355
-1366
-1379
-1390
-1395
-1392
-1373
-1343
-1311
-1276
-1246
-1223
-1199
-1168
-1133
-1092
-1045
-1003
-962
-921
-877
-822
-755
-672
-577
-479
-380
-284
-190
-95
6
108
212
315
418
522
626
730
843
956
1067
1174
1274
1369
1451
1520
1584
1636
1678
1706
1723
1725
1714
1683
1638
1578
1502
1413
1315
1210
1092
968
834
691
542
392
240
90
-55
-199
-337
-467
-591
-708
-816
-915
-1004
-1087
-1158
-1213
-1260
-1296
-1324
-1338
-1337
-1329
-1312
-1283
-1251
-1221
-1187
-1154
-1117
-1079
-1042
-1002
-961
-915
-862
-805
-749
-693
-639
-586
-528
-465
-398
-324
-247
-176
-104
-33
40
122
210
301
398
492
580
669
752
836
925
1006
1081
1152
1214
1270
1325
1371
1412
1447
1472
1484
1488
1476
1451
1417
1374
1319
1253
1177
1087
992
889
776
663
545
418
288
162
32
-96
-220
-345
-465
-577
-684
-788
-877
-958
-1031
-1096
-1159
-1212
-1255
-1293
-1322
-1336
-1339
-1333
-1318
-1293
-1264
-1229
-1187
-1144
-1097
-1051
-1003
-955
-904
-847
-790
-726
-662
-595
-529
-460
-391
-319
-248
-178
-103
-34
32
106
181
254
335
411
486
565
642
719
795
868
937
1001
1060
1114
1167
1213
1253
1290
1314
1329
1339
1338
1328
1314
1287
1249
1207
1155
1090
1021
942
854
763
669
566
460
351
239
129
16
-101
-213
-325
-437
-542
-643
-739
-828
-913
-993
-1061
-1122
-1177
-1222
-1257
-1291
-1316
-1332
-1348
-1352
-1346
-1333
-1308
-1272
-1228
-1175
-1120
-1061
-996
-932
-867
-799
-727
-655
-576
-497
-413
-327
-236
-147
-56
34
122
212
298
384
464
543
614
684
748
810
869
922
979
1031
1080
1125
1164
1199
1224
1240
1251
1252
1248
1239
1221
1201
1172
1137
1091
1039
981
916
846
770
685
599
510
414
317
214
111
6
-97
-200
-303
-399
-494
-581
-663
-744
-817
-884
-942
-995
-1043
-1081
-1112
-1137
-1155
-1164
-1166
-1165
-1155
-1140
-1121
-1098
-1069
-1037
-997
-953
-902
-843
-778
-712
-642
-571
-501
-430
-357
-287
-214
-140
-68
7
82
155
230
305
372
438
503
563
625
682
736
784
829
868
901
927
947
965
977
987
994
994
995
987
973
953
926
894
858
817
772
724
671
616
558
498
434
371
305
235
165
93
18
-54
-129
-203
-276
-347
-416
-483
-546
-607
-662
-713
-761
-803
-844
-878
-910
-935
-956
-974
-982
-986
-985
-978
-967
-949
-925
-900
-870
-836
-796
-754
-706
-653
-598
-538
-473
-411
-346
-277
-207
-138
-69
6
75
147
219
289
358
427
492
555
615
672
725
773
816
857
891
920
945
964
977
984
983
978
970
953
934
906
874
839
796
750
701
647
590
531
469
404
340
278
215
148
79
11
-55
-121
-185
-248
-311
-370
-430
-480
-530
-576
-620
-661
-703
-738
-771
-802
-825
-845
-863
-878
-887
-891
-891
-884
-876
-863
-846
-824
-800
-772
-739
-702
-660
-617
-570
-518
-464
-406
-344
-279
-213
-147
-79
-8
64
133
203
273
340
410
473
535
595
649
702
750
794
836
870
901
924
941
956
964
968
966
954
940
920
894
863
825
779
736
687
634
575
516
451
383
314
241
170
97
20
-56
-132
-205
-276
-348
-418
-486
-548
-609
-664
-717
-763
-804
-844
-876
-903
-924
-939
-949
-957
-956
-947
-937
-917
-894
-867
-832
-796
-756
-713
-662
-607
-553
-496
-438
-375
-308
-241
-173
-105
-36
34
101
170
235
299
361
422
481
536
589
638
686
730
770
807
838
865
885
902
911
917
920
917
909
896
876
854
828
796
759
720
676
627
573
516
457
396
332
265
198
130
59
-11
-79
-148
-218
-286
-350
-411
-472
-529
-584
-636
-685
-729
-766
-803
-833
-858
-877
-891
-902
-905
-904
-899
-890
-874
-854
-827
-797
-763
-724
-683
-638
-589
-538
-484
-429
-372
-313
-249
-188
-123
-58
2
64
125
186
245
301
357
410
459
503
548
591
626
661
691
718
741
758
770
781
783
782
777
766
756
740
720
699
672
643
611
574
534
493
450
402
354
305
252
200
148
101
53
3
-44
-93
-139
-189
-237
-284
-331
-375
-417
-457
-492
-526
-557
-585
-611
-631
-648
-664
-675
-682
-685
-685
-681
-675
-666
-650
-633
-613
-590
-560
-529
-496
-460
-420
-377
-334
-289
-243
-195
-145
-94
-46
6
59
108
156
204
252
295
339
381
424
464
500
533
563
588
611
629
643
657
663
667
669
664
658
647
634
616
595
567
541
508
473
436
395
353
307
260
213
165
116
68
17
-33
-82
-130
-177
-228
-273
-315
-358
-398
-436
-472
-505
-532
-557
-579
-595
-609
-620
-627
-634
-637
-634
-629
-621
-607
-591
-571
-547
-519
-490
-457
-419
-383
-344
-302
-260
-217
-172
-129
-84
-36
11
57
100
144
188
231
269
308
342
377
411
442
470
497
519
539
556
571
579
586
589
590
587
581
572
561
545
528
508
484
458
430
398
366
332
294
257
217
175
130
86
42
-3
-46
-90
-134
-174
-216
-254
-290
-326
-361
-393
-422
-450
-475
-495
-513
-530
-541
-551
-557
-560
-559
-552
-545
-534
-522
-505
-489
-468
-443
-419
-388
-359
-327
-295
-260
-225
-189
-151
-115
-74
-34
4
44
79
117
154
190
226
258
290
320
346
372
393
413
429
443
455
465
472
476
477
477
476
467
460
448
436
422
404
386
364
341
318
293
267
239
212
182
152
123
95
65
36
6
-26
-58
-88
-118
-147
-174
-201
-225
-250
-273
-292
-310
-326
-343
-357
-371
-379
-388
-395
-399
-403
-401
-400
-395
-389
-381
-371
-358
-343
-325
-308
-290
-271
-248
-226
-203
-177
-152
-125
-102
-74
-48
-22
3
29
54
79
106
130
152
172
192
210
230
246
261
273
285
297
307
316
321
326
327
328
325
320
316
310
300
292
280
269
256
242
228
215
197
179
159
140
120
98
76
55
33
12
-6
-29
-48
-69
-90
-109
-128
-144
-163
-179
-191
-204
-214
-224
-233
-240
-245
-247
-250
-251
-249
-246
-244
-240
-234
-228
-218
-210
-198
-186
-175
-160
-145
-129
-113
-96
-81
-65
-47
-32
-17
-1
16
30
45
58
73
85
96
106
117
125
134
143
149
155
155
155
158
158
158
157
155
155
150
146
142
138
130
123
117
108
100
88
79
69
61
52
43
36
27
18
8
-1
-13
-21
-30
-40
-49
-58
-65
-73
-76
-82
-87
-90
-94
-99
-102
-104
-105
-109
-107
-106
-103
-100
-96
-92
-87
-82
-74
-69
-65
-59
-51
-44
-36
-28
-21
-15
-7
0
6
11
15
22
27
33
36
39
44
49
51
54
57
59
61
60
60
58
58
58
56
55
53
49
48
45
42
38
33
30
25
22
19
14
9
6
2
-2
-5
-9
-13
-17
-18
-22
-24
-24
-25
-24
-25
-26
-25
-23
-23
-24
-22
-22
-22
-23
-21
-20
-18
-17
-13
-12
-11
-7
-6
-6
-5
-3
-2
1
0
2
2
3
4
3
6
5
6
4
4
5
2
2
3
5
5
6
6
8
8
9
10
7
8
9
11
12
13
11
10
11
12
12
11
9
7
9
6
4
4
3
3
5
5
4
4
3
1
0
1
-1
-1
0
-3
-3
-4
-5
-6
-10
-10
-13
-13
-11
-12
-12
-12
-12
-13
-14
-16
-15
-16
-16
-14
-16
-14
-13
-14
-12
-11
-11
-11
-11
-10
-8
-6
-5
-2
-5
-1
-1
0
0
0
3
2
6
6
7
9
10
9
11
12
11
13
14
13
14
14
13
14
14
14
13
14
12
13
11
9
10
10
10
8
7
5
5
4
4
3
3
3
2
1
0
-1
-1
-3
-5
-7
-7
-8
-8
-8
-7
-7
-8
-9
-8
-10
-10
-11
-10
-11
-11
-11
-9
-9
-9
-8
-9
-8
-8
-6
-7
-7
-8
-8
-4
-3
0
2
1
1
0
2
2
2
4
3
2
2
4
6
7
8
8
10
11
11
10
10
11
11
9
8
9
8
7
9
10
8
9
8
5
4
5
4
5
4
3
2
1
0
-1
-2
-2
-2
-3
-3
-5
-6
-7
-10
-7
-9
-10
-11
-11
-11
-13
-11
-12
-10
-10
-8
-9
-9
-7
-10
-10
-9
-10
-8
-9
-8
-7
-7
-5
-6
-5
-2
-3
-2
-3
-1
-1
-2
1
1
3
5
7
7
7
7
8
8
12
12
14
13
13
13
14
13
15
16
14
14
13
13
11
11
11
10
9
9
7
5
5
4
2
2
2
0
-1
-3
-2
-4
-7
-8
-8
-8
-7
-8
-8
-9
-9
-8
-8
-9
-7
-8
-10
-10
-11
-11
-11
-13
-12
-10
-10
-9
-7
-7
-4
-5
-3
-4
-2
-3
-4
-4
-5
-4
-5
-4
-3
-2
-1
0
3
4
3
3
4
6
5
6
5
4
6
3
4
4
6
6
7
9
10
11
12
12
13
11
12
10
9
9
5
5
4
3
4
2
4
4
5
6
6
6
4
2
-2
-3
-6
-5
-6
-9
-7
-7
-7
-6
-5
-5
-5
-4
-5
-6
-7
-5
-9
-9
-9
-9
-7
-7
-8
-6
-6
-6
-4
-3
-2
-4
-1
-3
-2
-3
-3
-2
-3
-2
-2
-2
-1
-1
-2
0
1
4
4
5
6
5
5
3
4
3
2
2
1
3
5
4
6
6
6
5
4
3
3
5
3
6
5
4
2
5
3
4
5
3
0
-1
-3
-2
-2
-2
-1
-1
2
1
1
0
0
-1
-1
-5
-5
-6
-8
-6
-7
-6
-2
-3
0
1
2
1
0
0
-1
-2
-4
-5
-5
-5
-3
-2
0
1
1
0
-1
-2
-3
-1
0
-1
-2
-2
-1
-2
1
1
0
-2
-3
-4
-4
-7
-7
-6
-8
-7
-7
-7
-4
-3
-4
-3
-2
-3
-4
-5
-8
-7
-8
-7
-7
-7
-6
-4
-2
-2
-1
1
2
3
1
1
2
0
2
3
3
4
5
6
7
8
8
9
10
11
12
16
16
18
19
20
18
18
20
18
19
18
18
18
17
19
18
20
20
18
18
17
17
16
14
14
11
11
7
5
5
4
3
1
0
-3
-3
-3
-6
-8
-9
-12
-13
-17
-18
-20
-24
-24
-25
-26
-25
-24
-25
-27
-27
-29
-28
-29
-30
-30
-31
-29
-31
-30
-30
-29
-29
-28
-26
-27
-25
-23
-22
-21
-19
-17
-14
-12
-9
-9
-7
-6
-5
-3
-2
0
3
3
6
10
12
16
18
20
24
24
24
26
27
29
31
32
34
35
36
37
39
41
42
42
45
43
42
42
40
38
36
37
35
34
33
31
30
29
28
25
22
21
19
17
14
9
7
4
2
-2
-3
-6
-7
-10
-13
-18
-21
-23
-27
-28
-30
-31
-33
-37
-39
-41
-43
-46
-46
-44
-45
-46
-46
-45
-45
-45
-45
-45
-43
-44
-44
-43
-41
-41
-38
-38
-34
-30
-27
-25
-22
-21
-18
-17
-14
-11
-8
-5
-4
0
0
5
8
11
15
18
20
23
25
26
28
29
33
35
36
37
39
41
43
45
45
46
46
48
47
47
46
45
43
42
42
42
42
40
38
36
34
33
30
29
26
23
19
15
14
11
8
6
6
2
0
-1
-5
-9
-12
-14
-17
-20
-22
-26
-28
-31
-33
-33
-34
-36
-37
-36
-36
-37
-38
-38
-38
-39
-38
-40
-40
-41
-41
-38
-37
-36
-36
-35
-31
-29
-28
-26
-23
