SAMPLES:	18952
BITSPERSAMPLE:	16
CHANNELS:	1
SAMPLERATE:	16000
NORMALIZED:	FALSE
0
1
0
-1
-1
1
1
1
0
1
1
-1
-1
1
0
0
1
0
1
1
1
0
0
0
-1
-2
0
-1
-2
-1
-2
-1
-1
0
0
1
-1
-1
-1
0
-1
0
1
0
1
1
1
2
0
1
2
0
-1
-1
-1
0
1
0
1
1
0
1
0
0
1
-1
-1
0
-2
-2
-1
-1
0
-1
0
-1
-2
0
-1
-1
0
0
0
1
2
1
0
0
1
1
1
1
0
0
1
0
1
0
0
0
0
1
0
0
0
0
-1
0
0
-1
0
0
-1
0
-1
-2
0
-1
0
2
0
0
-1
0
-1
0
0
0
-1
-1
-1
0
1
0
0
1
0
1
1
1
2
0
1
1
2
1
1
1
1
0
1
0
-1
0
-1
-1
-1
0
0
1
-1
-1
0
1
0
1
2
1
1
1
0
-1
0
0
0
-1
0
-1
0
-1
0
0
-1
0
-2
-1
0
1
0
0
0
-1
1
-1
0
0
0
1
0
-1
0
-1
-1
0
0
-1
-1
0
1
1
1
2
1
1
1
1
-1
-1
-1
0
0
-1
-1
0
-1
0
-1
-1
-1
-1
-1
-1
-1
-1
0
0
1
-1
0
2
1
2
0
1
1
1
1
0
1
0
0
0
0
0
1
-1
0
0
-1
0
0
1
1
-1
-1
-1
-1
1
0
-1
0
0
-1
0
0
0
-1
1
1
0
0
0
-1
2
1
0
0
0
-1
-1
-1
-1
0
-1
0
0
0
0
0
-1
0
0
1
-1
0
1
-1
2
-1
0
0
0
0
0
0
-1
0
-2
-1
0
0
0
0
1
0
1
-1
1
1
1
0
0
1
0
-2
-1
-1
0
-1
-1
-1
0
-1
0
-1
1
0
1
1
0
0
1
0
-1
1
1
1
0
1
0
0
3
2
1
1
0
0
0
-1
0
-1
-2
-2
-2
-1
-2
-1
1
1
2
1
-1
0
0
0
-1
-2
-2
1
-2
-1
1
0
-1
0
0
-1
-1
0
-1
-1
0
1
0
1
2
1
1
0
0
0
0
0
1
1
0
1
2
1
3
0
0
1
1
1
0
-2
0
-2
-2
0
-1
-2
-2
-1
-1
-2
0
0
0
2
1
0
1
-1
1
2
0
0
-1
-1
1
1
1
0
1
0
-1
1
0
0
0
0
1
1
1
0
0
0
0
0
-2
-1
0
-1
0
-1
-1
-1
-1
-1
-1
0
0
0
2
-1
0
0
1
0
0
1
1
1
0
1
0
0
0
0
-1
0
1
0
2
1
-1
0
1
2
2
1
0
0
0
0
0
0
0
0
0
0
-1
0
1
1
1
0
0
0
1
1
0
0
0
1
0
0
1
1
1
1
1
1
1
1
0
0
-1
-1
0
-1
-3
-1
-2
-3
-1
-1
-1
-1
-2
-1
-1
0
0
0
1
0
-1
0
0
-1
0
-1
0
1
0
0
0
0
0
1
-1
0
0
0
0
0
1
0
-1
0
-2
-1
0
0
-2
-1
0
-2
0
-1
-1
0
0
0
0
0
-1
0
1
0
1
0
1
0
0
1
-1
-1
0
-1
-2
1
-2
-2
0
0
1
2
1
1
-1
0
0
0
1
1
0
1
0
2
1
0
1
0
1
0
1
0
-1
0
0
-1
-1
-1
0
1
1
1
1
1
0
0
1
0
-1
0
0
-1
-1
0
1
0
0
-1
0
0
1
0
2
0
1
1
0
1
0
1
0
0
0
0
0
-1
-2
-1
-1
-1
0
0
1
0
-1
-1
0
-1
1
1
0
2
1
2
3
2
2
2
2
2
2
0
0
2
1
1
1
1
1
1
0
0
-1
-1
0
0
-1
-1
-1
0
-1
0
0
0
-1
0
0
3
1
2
2
0
2
2
2
1
0
-1
0
0
-2
-3
-3
-3
-3
-1
-2
-3
-2
-1
-2
-3
-3
-3
-3
-4
-2
-1
-1
-2
-1
-1
-1
-1
1
1
1
1
1
1
2
2
4
5
3
3
1
2
2
2
3
2
2
1
0
-1
-2
-1
-1
-3
-4
-4
-3
-5
-3
-5
-6
-5
-5
-4
-4
-3
-3
-3
-2
-1
-2
-1
0
0
-1
-1
1
0
1
0
1
3
3
4
3
3
3
3
4
4
4
3
0
0
1
3
2
0
-1
-2
-2
-1
0
-1
-2
-2
-3
-2
-1
0
0
-1
0
1
2
2
3
4
3
2
2
2
3
5
5
4
3
3
5
7
8
7
7
4
5
5
6
5
3
3
1
3
2
0
-1
-4
-6
-8
-8
-10
-12
-14
-14
-14
-16
-14
-13
-14
-13
-11
-9
-6
-4
0
1
5
6
9
11
13
16
18
17
18
18
19
20
18
16
12
12
10
10
6
0
-9
-11
-13
-15
-18
-23
-30
-33
-30
-35
-37
-37
-40
-40
-36
-34
-34
-32
-28
-21
-11
-4
2
10
20
30
35
41
54
57
60
63
70
70
74
78
76
68
64
62
60
61
48
38
29
21
9
14
5
-24
-42
-36
-42
-52
-48
-62
-85
-88
-79
-71
-72
-79
-90
-85
-88
-90
-78
-72
-81
-91
-94
-102
-89
-76
-66
-62
-65
-67
-38
1
14
45
75
78
79
125
155
168
184
194
183
172
173
178
183
159
144
125
95
62
61
56
45
26
-17
-57
-60
-42
-39
-31
-71
-122
-129
-80
-64
-66
-97
-135
-154
-133
-103
-98
-129
-170
-169
-161
-152
-158
-155
-168
-166
-177
-171
-152
-131
-125
-56
-3
-38
-49
41
118
161
221
214
179
198
273
323
360
294
209
191
207
188
196
159
57
-2
-33
-72
-70
-44
-105
-157
-182
-204
-178
-86
-45
-50
-39
-52
1
108
178
179
232
228
191
219
300
312
306
287
204
145
127
140
118
64
-72
-163
-205
-225
-243
-268
-369
-461
-458
-437
-455
-469
-466
-480
-469
-423
-374
-355
-336
-296
-242
-194
-147
-110
-38
28
63
69
123
199
307
356
307
272
337
413
477
535
471
370
382
462
506
500
405
314
354
348
252
238
257
181
167
173
44
-46
11
62
17
-49
-181
-259
-225
-165
-208
-289
-403
-492
-485
-419
-459
-577
-642
-647
-659
-601
-561
-604
-633
-604
-582
-393
-205
-296
-354
-140
-29
15
334
454
266
268
532
621
745
799
655
563
667
679
687
705
507
348
367
348
234
232
100
-15
-6
-29
-138
-71
-17
-120
-109
-43
-41
-25
114
129
107
99
127
181
237
212
135
79
-8
-37
-44
-109
-254
-387
-513
-584
-612
-679
-780
-840
-936
-988
-932
-859
-829
-750
-649
-660
-605
-458
-188
70
165
108
167
419
609
844
981
891
713
848
1096
1173
1133
957
762
716
864
812
608
408
290
200
169
112
-54
-194
-231
-193
-246
-348
-435
-388
-320
-296
-357
-460
-508
-433
-284
-284
-384
-503
-581
-550
-435
-426
-556
-618
-732
-742
-595
-492
-628
-425
-186
-400
-579
-226
30
25
361
446
132
49
584
895
1017
967
742
602
822
1070
1137
1056
715
446
581
689
517
318
243
68
-54
-24
-96
-180
-263
-176
-221
-268
-412
-302
-162
-129
-200
-278
-361
-409
-226
-168
-287
-499
-542
-574
-497
-468
-592
-792
-825
-884
-806
-636
-600
-805
-567
-189
-302
-442
-146
139
101
494
666
462
296
751
1089
1255
1303
1090
924
1008
1293
1307
1265
954
617
494
503
475
278
110
-231
-438
-475
-418
-408
-553
-638
-769
-716
-666
-504
-437
-492
-526
-525
-446
-425
-306
-272
-353
-464
-534
-446
-393
-326
-424
-505
-704
-823
-717
-519
-472
-395
-169
-306
-517
-306
242
385
527
603
456
286
699
1209
1389
1374
1177
1009
1064
1415
1573
1534
1295
915
692
682
769
683
424
12
-367
-496
-486
-361
-418
-637
-964
-1073
-987
-770
-606
-650
-847
-966
-882
-690
-498
-442
-586
-731
-740
-617
-504
-413
-455
-611
-615
-569
-530
-590
-515
-621
-507
-37
153
-185
-340
47
246
627
1013
864
300
450
1052
1418
1559
1356
973
828
1178
1439
1491
1219
811
655
750
663
522
398
176
-109
-175
-298
-494
-515
-419
-355
-515
-725
-861
-646
-398
-289
-373
-639
-781
-623
-289
-291
-478
-715
-821
-709
-568
-497
-737
-901
-1087
-787
-593
-610
-971
-1055
-777
-531
-144
-184
-319
-640
-176
369
698
652
434
362
538
1148
1392
1293
987
929
1082
1335
1430
1304
1110
921
861
954
917
691
509
446
280
118
67
4
-54
-71
-109
-288
-334
-327
-219
-173
-188
-355
-456
-409
-367
-358
-455
-543
-680
-716
-745
-766
-871
-931
-926
-948
-1009
-1119
-1092
-1021
-899
-818
-819
-921
-1007
-616
-214
-131
-332
-309
-98
173
589
776
724
548
726
1088
1442
1517
1425
1299
1306
1503
1678
1614
1336
1237
1194
1096
940
802
649
495
400
274
97
-45
-142
-117
-154
-288
-395
-417
-419
-478
-482
-541
-574
-650
-652
-683
-718
-824
-887
-813
-877
-851
-1001
-1007
-1005
-983
-946
-1069
-1036
-1128
-836
-741
-1009
-1049
-818
-375
-495
-330
-314
-213
-13
338
655
496
563
669
1098
1158
1204
1175
1227
1310
1381
1424
1282
1227
1210
1265
1170
982
832
843
817
736
589
398
191
205
298
261
22
-188
-258
-247
-207
-259
-434
-619
-726
-743
-746
-780
-924
-1061
-1133
-1202
-1237
-1153
-1268
-1407
-1461
-1404
-1428
-1472
-1328
-1284
-1242
-1392
-1307
-856
-456
-342
-465
-417
-268
135
722
987
900
612
780
1199
1731
1842
1736
1509
1474
1676
1931
2020
1838
1714
1482
1364
1296
1394
1310
1110
829
537
383
447
511
387
117
-142
-318
-301
-173
-305
-571
-806
-930
-869
-866
-849
-1241
-1299
-1381
-1346
-1318
-1445
-1439
-1820
-1642
-1522
-1386
-1688
-1789
-1605
-1525
-1401
-742
-876
-1233
-1205
-367
50
-92
319
5
173
357
1248
1343
1286
1187
1324
1649
1789
1991
1948
2011
1767
1879
1860
1852
1797
1715
1576
1258
1157
1034
1001
886
627
449
226
185
117
95
-124
-369
-454
-496
-491
-655
-819
-1008
-1062
-1087
-1144
-1234
-1459
-1481
-1488
-1537
-1774
-1858
-1745
-1787
-1658
-1802
-1858
-2032
-1759
-1446
-1440
-1514
-1683
-1525
-1052
-312
-26
-309
-414
-161
386
966
1359
1304
958
1156
1545
2174
2331
2413
2157
2098
2270
2543
2683
2501
2355
2211
2075
1843
1852
1712
1558
1147
845
448
222
241
184
55
-361
-727
-880
-838
-685
-875
-1067
-1432
-1453
-1448
-1237
-1327
-1486
-1650
-1781
-1642
-1638
-1400
-1653
-1664
-1858
-1801
-1732
-1635
-1455
-1526
-1427
-1525
-1503
-1537
-1604
-1055
-626
-162
-509
-476
-347
104
869
1160
1284
727
949
1208
1996
2239
2190
1928
1836
2213
2498
2808
2461
2269
2178
2245
2199
2035
1970
1702
1500
1237
962
738
572
592
503
266
-253
-430
-519
-344
-550
-938
-1356
-1468
-1137
-1438
-1639
-2045
-1948
-1925
-1600
-2036
-2649
-2609
-1798
-1605
-2365
-2231
-2269
-1903
-2122
-1055
-933
-1289
-1671
-1685
-1035
-835
224
262
388
-339
-338
356
1539
2223
1561
906
338
984
1999
2729
2383
1273
863
1150
2239
2723
2402
1532
877
1192
1875
2352
1819
1256
951
1163
1408
1620
1560
1331
1229
1188
1210
1080
976
804
575
134
-194
-412
-566
-746
-1278
-1741
-2345
-2300
-2530
-2620
-3071
-3546
-3735
-3835
-3520
-3750
-3741
-3967
-3531
-3167
-2703
-2699
-2684
-2739
-2320
-1204
-362
179
-219
15
243
1505
2374
2872
2558
2172
2298
2866
3835
4015
3769
3142
3061
3079
3408
3551
3252
2506
1934
1816
1724
1577
1386
887
282
-214
-139
-154
-94
-105
-223
-360
-651
-420
-165
176
89
-41
-159
-176
69
191
103
-285
-365
-602
-755
-1050
-1245
-1488
-1926
-2312
-2885
-3114
-3468
-3542
-3701
-3926
-4241
-4229
-3924
-3865
-3953
-4045
-3660
-2922
-1643
-926
-945
-1293
-574
877
2244
2895
2805
2565
2708
3964
5160
5658
5105
4604
4472
4899
5321
5195
4445
3533
3034
2811
2616
2063
1454
713
32
-522
-935
-1146
-1229
-1054
-1451
-2010
-2351
-2011
-1405
-971
-903
-1356
-1446
-1168
-384
57
54
-469
-715
-500
-227
-59
-427
-964
-1676
-1833
-1919
-2125
-2476
-2963
-3301
-3659
-3669
-3656
-3566
-3666
-3831
-3795
-3047
-2008
-1478
-1495
-1376
-654
272
1578
2407
2482
2299
2850
4041
4863
5256
5019
4724
4731
5096
5307
4977
4376
3750
3322
2933
2500
1969
1377
751
178
-320
-834
-1199
-1409
-1472
-1651
-1918
-2132
-2114
-1832
-1549
-1389
-1441
-1457
-1405
-1109
-827
-567
-712
-1012
-1116
-1038
-803
-1005
-1176
-1864
-2289
-2317
-2291
-2319
-2618
-2942
-3340
-3536
-3272
-3472
-2106
-1167
-1778
-3149
-2643
-545
301
1593
1356
628
-75
1798
4038
4937
4380
3201
3177
3992
5329
5593
4985
3743
3168
3471
3641
3313
2581
1832
1122
598
435
76
-86
-294
-656
-1276
-1767
-1689
-1229
-779
-978
-1631
-1898
-1445
-685
-310
-605
-1201
-1384
-957
-398
-362
-927
-1522
-1660
-1477
-1524
-1846
-2333
-2832
-3075
-3024
-2786
-2929
-3236
-3634
-3598
-3571
-2919
-1671
-967
-1468
-2252
-1519
-362
1150
1995
2003
1184
1108
2659
4261
5114
4558
3865
3700
4384
5281
5393
4859
3821
3304
3130
3186
2891
2277
1489
711
243
-150
-131
-234
-612
-1222
-1734
-1804
-1548
-1083
-1073
-1594
-1948
-1779
-1119
-745
-846
-1275
-1399
-1240
-819
-598
-1042
-1445
-1725
-1484
-1638
-1875
-2440
-2948
-2957
-2894
-2666
-2968
-3320
-3855
-3745
-3434
-2429
-1230
-1175
-1992
-2299
-950
350
1639
2073
1470
914
1759
3695
4746
4825
4108
3773
4230
5108
5530
5147
4418
3684
3590
3487
3217
2620
2084
1381
702
274
-51
-134
-484
-854
-1418
-1630
-1659
-1390
-1210
-1464
-1823
-1918
-1456
-1021
-982
-1262
-1559
-1472
-1235
-854
-1003
-1533
-1768
-1786
-1660
-1967
-2288
-2744
-3033
-2905
-2822
-2830
-3249
-3728
-3785
-3619
-2423
-1555
-1215
-2108
-2116
-1075
244
1623
1955
1705
791
1753
3355
4800
4844
4290
3817
3991
4925
5581
5442
4475
3658
3379
3436
3262
2873
2148
1336
521
151
-117
-194
-437
-902
-1575
-1996
-1851
-1406
-1116
-1377
-1871
-2050
-1593
-850
-475
-893
-1368
-1533
-920
-482
-382
-1054
-1488
-1592
-1499
-1374
-1785
-2199
-2864
-2865
-2831
-2721
-2963
-3523
-3857
-3969
-3326
-2031
-1392
-1782
-2609
-1936
-710
900
1876
1711
965
761
2385
4015
5047
4545
3891
3623
4368
5399
5770
5116
4012
3379
3352
3411
3253
2629
1694
742
124
-46
-177
-264
-718
-1343
-2032
-2137
-1712
-1170
-1183
-1644
-2114
-1933
-1225
-487
-380
-1044
-1503
-1395
-456
-51
-278
-1092
-1532
-1468
-1286
-1089
-1580
-2205
-2964
-2995
-2716
-2662
-2920
-3520
-3895
-4229
-3305
-1626
-1091
-1932
-2691
-1762
-480
1226
2142
1648
645
916
2925
4418
4961
4265
3737
3838
4815
5641
5547
4706
3797
3502
3502
3344
2856
2166
1365
586
31
-264
-443
-610
-929
-1496
-2108
-2197
-1713
-1174
-1280
-1735
-2063
-1694
-1004
-389
-467
-1130
-1557
-1157
-256
16
-512
-1217
-1505
-1328
-1144
-1179
-1779
-2602
-3030
-2896
-2585
-2918
-3260
-3791
-4004
-4080
-2738
-1357
-1363
-2296
-2365
-1129
45
1574
2062
1581
780
1729
3486
4702
4776
4218
3922
4271
5190
5580
5300
4356
3763
3504
3466
3032
2417
1787
1035
408
-140
-406
-715
-905
-1103
-1574
-2025
-2142
-1596
-1169
-1284
-1686
-1772
-1307
-781
-276
-388
-997
-1419
-984
-127
-29
-633
-1405
-1614
-1471
-1358
-1401
-2147
-2985
-3416
-3044
-2791
-3161
-3549
-4181
-4292
-3965
-2326
-1365
-1681
-2434
-2248
-861
473
1945
2099
1562
1040
2116
4008
5093
5027
4330
4136
4476
5351
5904
5446
4362
3569
3455
3347
3033
2459
1686
736
76
-204
-407
-720
-1056
-1270
-1779
-2076
-2039
-1498
-1235
-1429
-1679
-1684
-1140
-634
-129
-331
-951
-1264
-753
149
47
-536
-1452
-1639
-1541
-1237
-1233
-2246
-3158
-3799
-3182
-2904
-3002
-3738
-4575
-4742
-4264
-2274
-1345
-1750
-3004
-2605
-1009
624
2175
2127
1306
579
2231
4346
5453
5123
4249
4025
4460
5702
6156
5582
4326
3543
3482
3401
3175
2533
1739
706
2
-233
-421
-653
-981
-1168
-1750
-2082
-2008
-1454
-1130
-1296
-1597
-1665
-1219
-620
-145
-185
-867
-1137
-687
27
32
-470
-1040
-1527
-1370
-1320
-1299
-2230
-2907
-3537
-3316
-3107
-3339
-3888
-4714
-4821
-4517
-2503
-1684
-2091
-3222
-2602
-1138
406
1982
1930
1161
587
2361
4296
5447
5121
4353
4150
4716
5866
6215
5681
4561
3863
3723
3596
3295
2627
1809
906
130
-212
-498
-679
-989
-1210
-1705
-2083
-2013
-1592
-1184
-1347
-1590
-1674
-1254
-733
-274
-272
-908
-1079
-666
-75
-104
-464
-987
-1383
-1354
-1263
-1467
-2165
-2941
-3498
-3322
-3140
-3337
-4033
-4719
-5083
-4464
-2402
-1559
-2264
-3311
-2577
-1092
440
1909
1751
1030
665
2489
4327
5169
4810
4280
4466
4796
5729
6025
5565
4542
4114
4082
3623
3128
2651
2005
1143
302
-66
-395
-630
-850
-1103
-1521
-2038
-1911
-1490
-1192
-1411
-1659
-1602
-1239
-748
-395
-535
-1076
-1185
-684
-157
-292
-712
-1153
-1358
-1489
-1380
-1615
-2139
-3006
-3473
-3339
-3127
-3220
-3846
-4459
-4961
-4330
-2488
-1457
-2030
-3028
-2523
-1179
353
1790
1758
1107
666
2314
4048
4952
4641
4204
4333
4570
5510
5960
5576
4503
4033
4066
3707
3269
2818
2101
1211
428
186
-140
-455
-765
-981
-1377
-1855
-1797
-1378
-1152
-1360
-1582
-1526
-1174
-740
-369
-586
-1098
-1318
-801
-219
-328
-881
-1358
-1520
-1605
-1507
-1711
-2252
-3115
-3494
-3379
-3157
-3367
-3887
-4442
-4789
-4369
-2779
-1601
-1900
-2809
-2521
-1212
298
1719
1927
1348
757
2165
3953
5140
4817
4340
4218
4601
5650
6164
5798
4565
4037
4000
3974
3507
2878
2019
1187
488
214
-154
-606
-964
-1113
-1402
-1919
-1969
-1611
-1255
-1407
-1623
-1609
-1307
-831
-436
-547
-1169
-1476
-946
-262
-236
-941
-1470
-1723
-1561
-1512
-1697
-2367
-3225
-3554
-3358
-3056
-3468
-4034
-4665
-4817
-4334
-2431
-1473
-1964
-2996
-2364
-909
704
2069
2074
1329
865
2633
4475
5523
4978
4460
4378
4995
5986
6342
5720
4514
3993
4076
3960
3406
2653
1828
991
311
51
-399
-839
-1189
-1300
-1662
-2112
-2046
-1642
-1328
-1546
-1739
-1661
-1285
-768
-522
-703
-1367
-1469
-912
-250
-451
-1202
-1646
-1735
-1622
-1714
-1921
-2701
-3441
-3645
-3199
-3178
-3628
-4289
-4676
-4778
-3809
-1762
-1389
-2167
-3062
-1713
-299
1387
2307
2013
1218
1274
3476
5051
5631
4784
4423
4575
5346
6069
6176
5302
4229
3820
3975
3735
3098
2406
1631
784
103
-43
-326
-784
-1196
-1456
-1784
-2017
-1799
-1364
-1370
-1656
-1827
-1452
-1033
-680
-649
-1026
-1511
-1390
-654
-302
-897
-1618
-1869
-1702
-1695
-1775
-2264
-3177
-3730
-3554
-2931
-3203
-3801
-4624
-4750
-4601
-2951
-1382
-1597
-2640
-2973
-1174
215
1909
2142
1697
976
1784
4098
5361
5563
4481
4330
4683
5575
6243
6154
5127
3888
3658
3911
3766
3154
2335
1353
293
-78
108
22
-722
-1458
-1874
-1943
-1765
-1365
-1172
-1612
-1999
-1866
-1122
-681
-553
-732
-1257
-1523
-1098
-287
-255
-1086
-1686
-1898
-1637
-1672
-1637
-2376
-3349
-3828
-3480
-2858
-3203
-3889
-4870
-5017
-4460
-2310
-1344
-1969
-3197
-2718
-941
709
2143
1895
1196
773
2579
4542
5526
5122
4365
4306
5028
5972
6457
5957
4828
3924
3855
3993
3675
3122
2069
960
-88
-174
-26
-193
-979
-1801
-2264
-2244
-1755
-1241
-1277
-1886
-2253
-1853
-1052
-510
-391
-751
-1339
-1472
-770
-66
-174
-997
-1588
-1733
-1599
-1530
-1614
-2361
-3286
-3827
-3433
-3046
-3225
-4061
-4935
-5171
-4273
-1979
-1353
-2131
-3393
-2368
-625
1239
2391
1850
1010
923
3328
5025
5710
4842
4241
4429
5353
6359
6309
5567
4395
3964
3958
3900
3435
2661
1735
643
-90
-332
-322
-534
-1136
-1754
-2291
-2229
-1797
-1179
-1254
-1760
-2069
-1707
-950
-414
-240
-735
-1300
-1381
-626
-47
-301
-1120
-1680
-1742
-1656
-1647
-1920
-2656
-3468
-3905
-3556
-3321
-3508
-4299
-4967
-5182
-4054
-1885
-1321
-2174
-3214
-1997
-391
1623
2580
2119
1081
1284
3686
5277
5900
4851
4313
4405
5497
6359
6154
5379
4183
3840
3792
3802
3256
2404
1585
556
-35
-364
-349
-571
-1044
-1570
-2113
-2064
-1683
-1101
-1151
-1569
-1841
-1563
-835
-343
-228
-747
-1309
-1373
-676
-108
-494
-1307
-1853
-1866
-1832
-1843
-2193
-2907
-3686
-4015
-3747
-3519
-3709
-4409
-5022
-5273
-4056
-1967
-1286
-2201
-3130
-2003
-387
1684
2730
2361
1190
1352
3683
5415
6075
5037
4453
4471
5541
6363
6250
5497
4233
3845
3756
3754
3107
2365
1585
555
-61
-476
-461
-719
-924
-1393
-1967
-2156
-1841
-1149
-1088
-1356
-1709
-1515
-951
-368
-114
-536
-1138
-1339
-729
-154
-348
-1107
-1717
-1893
-1891
-1925
-2242
-2844
-3702
-4013
-3822
-3635
-3930
-4641
-5065
-5398
-4024
-2078
-1432
-2476
-3251
-1901
-348
1823
2692
2389
1148
1523
3876
5603
6187
5110
4599
4615
5741
6512
6382
5534
4326
3890
3735
3576
2959
2211
1415
336
-350
-787
-817
-983
-1161
-1533
-2148
-2360
-2027
-1214
-1068
-1338
-1656
-1446
-863
-247
71
-293
-871
-1099
-552
4
-114
-797
-1467
-1719
-1810
-1880
-2269
-2803
-3586
-4025
-3850
-3836
-4097
-4874
-5076
-5380
-4194
-2198
-1534
-2418
-3344
-1849
-283
1822
2772
2482
1310
1514
3928
5721
6270
5248
4626
4629
5662
6567
6460
5498
4325
3764
3641
3382
2876
2116
1246
211
-535
-910
-1031
-1117
-1300
-1678
-2176
-2389
-2001
-1285
-1009
-1237
-1516
-1297
-781
-160
79
-137
-634
-922
-580
-98
-125
-708
-1331
-1635
-1893
-2024
-2323
-2748
-3434
-4057
-3936
-3901
-4036
-4714
-4985
-5239
-4443
-2259
-1310
-1962
-3280
-2083
-307
1701
2922
2621
1515
1150
3548
5583
6319
5257
4426
4421
5298
6423
6413
5601
4237
3608
3551
3445
2957
2160
1377
365
-414
-806
-869
-1000
-1218
-1534
-1969
-2264
-2065
-1338
-971
-1122
-1424
-1270
-886
-399
-56
-94
-455
-887
-810
-393
-286
-634
-1158
-1514
-1926
-2208
-2306
-2552
-3083
-3820
-3988
-3926
-3989
-4423
-4788
-5113
-4739
-2787
-1293
-1606
-3027
-2499
-753
1268
2688
2830
1735
1017
2845
5168
6226
5451
4515
4320
5073
6188
6414
5738
4640
3823
3717
3459
3113
2297
1689
819
-157
-833
-1130
-1044
-1209
-1332
-1937
-2399
-2453
-1681
-1058
-1135
-1471
-1510
-1105
-609
-118
-51
-336
-732
-811
-417
-246
-346
-844
-1155
-1593
-1973
-2155
-2340
-2665
-3373
-3689
-3873
-4033
-4372
-4697
-4891
-5075
-3537
-1732
-1426
-2709
-2893
-1174
468
2275
2802
2321
1123
2158
4596
6016
5884
4760
4510
4799
5928
6392
5964
4947
4022
3791
3557
3066
2371
1687
1022
-5
-841
-1396
-1538
-1532
-1533
-1785
-2477
-2749
-2284
-1377
-1138
-1361
-1444
-1209
-758
-236
126
39
-348
-585
-432
-105
-91
-300
-715
-1152
-1680
-1959
-2054
-2364
-2837
-3458
-3599
-3929
-4136
-4537
-4708
-4953
-4415
-2314
-1317
-1958
-3132
-1903
-155
1445
2603
2659
1737
1327
3422
5387
6008
5157
4556
4578
5166
5973
6060
5388
4231
3630
3481
3064
2453
1851
1337
313
-679
-1335
-1530
-1606
-1524
-1522
-2088
-2665
-2618
-1718
-1097
-1058
-1259
-1197
-998
-539
35
337
54
-487
-696
-397
-60
-39
-304
-896
-1553
-1980
-1926
-1980
-2407
-3039
-3553
-3661
-3863
-3962
-4394
-4592
-4780
-3579
-1572
-1214
-2237
-2890
-1204
279
1838
2677
2400
1329
1558
3883
5387
5610
4772
4434
4487
5098
5828
5826
4995
3979
3539
3229
2696
2304
1935
1217
27
-868
-1368
-1436
-1317
-1150
-1495
-2334
-2739
-2379
-1398
-1029
-1100
-1426
-1358
-1050
-430
178
226
-195
-808
-775
-342
70
23
-369
-1117
-1761
-1907
-1717
-1767
-2326
-3002
-3544
-3634
-3716
-3718
-4195
-4564
-4781
-3091
-1223
-1126
-2401
-2752
-1142
307
2222
2862
2203
784
1581
4079
5543
5529
4594
4196
4299
5210
6034
5857
4792
3853
3424
3090
2649
2422
1935
959
-189
-1055
-1497
-1471
-1124
-1040
-1755
-2646
-2958
-2228
-1254
-917
-1253
-1714
-1519
-958
-53
419
235
-438
-920
-557
91
398
124
-514
-1269
-1754
-1619
-1476
-1747
-2456
-3206
-3554
-3769
-3660
-3946
-4346
-4982
-4690
-2480
-1030
-1452
-2995
-2439
-890
965
2725
2928
1621
442
2397
4865
5901
5200
4266
4027
4484
5727
6164
5613
4217
3380
3176
2972
2728
2165
1564
325
-643
-1314
-1408
-1240
-1115
-1295
-2195
-2794
-2730
-1680
-955
-977
-1527
-1729
-1223
-512
275
435
-3
-749
-866
-216
352
377
-151
-856
-1536
-1706
-1370
-1428
-2011
-2910
-3450
-3543
-3570
-3543
-4206
-4624
-5172
-3862
-1514
-762
-2069
-3299
-1860
-50
2040
3058
2547
841
843
3587
5624
5810
4586
3898
3976
4926
5974
5933
4945
3557
3048
3024
2990
2589
1895
1095
-128
-894
-1244
-1086
-1081
-1167
-1671
-2486
-2752
-2227
-1215
-989
-1306
-1758
-1558
-953
-299
193
37
-513
-1009
-761
-118
174
62
-528
-1158
-1660
-1567
-1249
-1565
-2234
-3058
-3272
-3299
-3245
-3513
-4225
-4626
-4612
-2404
-702
-1083
-2850
-2901
-818
1017
2737
2682
1569
346
2009
4746
5762
5065
3846
3778
4276
5513
5899
5339
4164
3286
3162
3033
2879
2230
1625
607
-447
-1104
-1323
-1171
-1254
-1377
-2164
-2777
-2785
-1921
-1166
-1208
-1568
-1767
-1326
-775
-142
135
-162
-696
-917
-413
105
274
27
-583
-1168
-1541
-1287
-1180
-1648
-2369
-2960
-3107
-3334
-3397
-3910
-4295
-4733
-3594
-1433
-993
-2306
-3343
-1689
80
1800
2457
1913
548
896
3649
5391
5318
4155
3790
4149
5096
5961
5662
4760
3748
3409
3321
2953
2590
1862
1182
-79
-922
-1403
-1363
-1265
-1389
-1758
-2621
-2917
-2456
-1408
-1035
-1366
-1641
-1463
-893
-302
278
301
-249
-690
-534
154
416
405
-181
-819
-1396
-1508
-1205
-1440
-2036
-2909
-3235
-3538
-3666
-3989
-4305
-4720
-4647
-2503
-1227
-1690
-3360
-2534
-605
927
2247
2246
1359
314
2460
4822
5662
4742
3929
4091
4627
5789
5979
5432
4175
3416
3365
3126
2829
2155
1541
367
-672
-1191
-1275
-1174
-1341
-1452
-2137
-2741
-2694
-1771
-1000
-1130
-1461
-1496
-1141
-639
47
485
27
-631
-852
-228
219
312
-93
-826
-1450
-1737
-1402
-1452
-2002
-2868
-3236
-3415
-3602
-3871
-4271
-4500
-4827
-3009
-1296
-1212
-2905
-2976
-923
555
2119
2365
1912
436
1649
4247
5627
5185
4035
4009
4247
5420
5991
5780
4516
3385
3277
3205
3000
2351
1839
750
-296
-887
-1015
-1053
-1325
-1303
-1758
-2383
-2744
-2089
-1275
-1104
-1333
-1486
-1328
-1067
-374
257
119
-573
-1067
-727
-153
101
-56
-753
-1455
-1893
-1591
-1405
-1796
-2551
-3099
-3196
-3427
-3501
-3984
-4191
-4661
-3464
-1489
-1029
-2292
-3177
-1390
136
1765
2366
2077
739
1020
3635
5343
5380
4216
3930
4091
5024
5929
5904
4829
3524
3256
3352
3085
2533
1929
1063
-59
-758
-920
-1034
-1321
-1470
-1711
-2271
-2732
-2329
-1548
-1178
-1390
-1506
-1332
-1064
-467
111
220
-371
-894
-726
-119
171
55
-502
-1220
-1706
-1644
-1320
-1594
-2281
-3046
-3259
-3370
-3437
-3912
-4292
-4713
-4105
-1957
-1075
-1895
-3332
-2015
-270
1439
2452
2218
1151
660
3158
5195
5735
4575
3939
4087
4846
5922
5967
5193
3811
3292
3352
3093
2598
1911
1277
108
-815
-1139
-1191
-1336
-1600
-1691
-2263
-2792
-2574
-1673
-1098
-1342
-1502
-1357
-963
-395
189
391
-212
-753
-643
43
252
35
-496
-1122
-1572
-1682
-1393
-1725
-2445
-3231
-3399
-3359
-3584
-4200
-4650
-4883
-4164
-2046
-1084
-1964
-3399
-2143
-93
1670
2611
2268
1333
861
3268
5411
6009
4792
3933
4159
4895
5980
5902
5305
3899
3249
3195
2984
2596
1840
1380
90
-857
-1324
-1150
-1122
-1500
-1699
-2411
-2696
-2501
-1461
-1015
-1401
-1685
-1551
-844
-342
177
87
-503
-953
-706
38
82
-299
-948
-1317
-1596
-1651
-1561
-1963
-2726
-3360
-3368
-3254
-3571
-4334
-4677
-4792
-3520
-1761
-1130
-2296
-3140
-1591
321
2066
2538
2153
1142
1505
3820
5599
5796
4667
4061
4267
5143
5976
5801
5011
3821
3303
3175
2950
2508
1852
1213
-103
-960
-1272
-929
-979
-1372
-1947
-2621
-2641
-2066
-1132
-1130
-1601
-1890
-1475
-697
-154
126
-300
-848
-1007
-411
123
-83
-632
-1201
-1386
-1520
-1547
-1761
-2292
-2995
-3326
-3363
-3418
-3951
-4539
-4802
-4663
-2908
-1691
-1707
-3019
-2695
-841
735
2201
2284
1773
985
2437
4640
5681
5366
4510
4375
4694
5641
6129
5695
4677
3777
3544
3307
2911
2292
1655
639
-517
-1106
-1177
-1040
-1291
-1681
-2442
-2790
-2493
-1646
-1189
-1437
-1740
-1698
-957
-292
167
99
-410
-772
-469
271
345
-212
-825
-1122
-1198
-1282
-1577
-2119
-2788
-3239
-3297
-3542
-3890
-4757
-4897
-5126
-4286
-2552
-2036
-2599
-3575
-1835
-167
1376
2198
2072
1465
1441
3795
5425
5845
5046
4635
4877
5443
6333
6251
5477
4307
3770
3743
3331
2746
1869
1018
-230
-963
-1227
-1281
-1509
-1917
-2375
-2988
-2880
-2260
-1498
-1506
-1776
-1853
-1352
-471
132
351
-32
-568
-607
120
725
385
-449
-1101
-1210
-1115
-1157
-1693
-2473
-3258
-3468
-3434
-3639
-4276
-5087
-5064
-5059
-3542
-2275
-2153
-3198
-3206
-935
551
2020
2188
2046
1313
2376
4857
5978
5844
4824
4890
5189
6125
6653
6182
5048
3884
3721
3653
3304
2520
1488
266
-874
-1163
-1209
-1273
-1855
-2359
-2941
-3162
-2732
-1950
-1497
-1857
-2087
-1918
-1064
-291
199
116
-426
-842
-520
361
625
116
-798
-1314
-1336
-1145
-1172
-1792
-2653
-3462
-3500
-3506
-3603
-4418
-4895
-5111
-4449
-2790
-1915
-2334
-3482
-2346
-441
1333
2190
2278
1574
1304
3342
5529
6247
5381
4801
4888
5564
6530
6735
6001
4572
3730
3661
3650
3265
2387
1239
-255
-1099
-1264
-988
-1257
-1914
-2672
-3241
-3094
-2411
-1556
-1659
-2129
-2353
-1708
-741
-64
184
-287
-768
-914
-63
527
422
-334
-1056
-1245
-1306
-1142
-1526
-2057
-3050
-3475
-3615
-3677
-4087
-4864
-5043
-5105
-3581
-2423
-2109
-3304
-3324
-1493
224
1903
2078
1918
895
2181
4629
6163
5964
4944
4906
5144
6308
6878
6676
5434
4117
3771
3668
3653
3016
2136
619
-770
-1339
-1185
-918
-1380
-2133
-3172
-3451
-2913
-1819
-1434
-1924
-2482
-2267
-1236
-231
279
8
-632
-991
-405
513
769
139
-695
-1066
-1089
-1051
-1345
-1797
-2616
-3310
-3552
-3673
-4017
-4927
-5233
-5292
-4290
-2870
-2334
-3080
-3849
-2362
-472
1307
2029
1927
1202
1474
3866
5828
6325
5447
5004
5174
6048
6971
7016
6095
4725
4040
3778
3696
3301
2584
1221
-294
-1252
-1441
-1191
-1314
-1827
-2904
-3605
-3422
-2391
-1612
-1789
-2401
-2556
-1829
-727
73
160
-422
-1028
-775
149
777
478
-322
-920
-1093
-977
-1135
-1577
-2334
-3169
-3372
-3531
-3736
-4675
-5259
-5332
-4718
-2975
-2256
-2670
-3942
-2967
-904
876
2052
1975
1508
1065
3103
5377
6330
5765
5026
5126
5696
6797
7153
6430
5157
4325
4108
3792
3414
2821
1675
300
-854
-1232
-1385
-1450
-1741
-2480
-3300
-3585
-2850
-2063
-1780
-2271
-2552
-2250
-1383
-437
-38
-279
-1031
-1119
-400
421
490
-116
-754
-1123
-1085
-998
-1335
-2032
-3021
-3207
-3254
-3490
-4240
-5130
-5206
-4975
-3098
-2090
-2369
-3800
-3477
-1218
514
2002
1876
1518
765
2419
4935
6139
5802
4875
4989
5411
6529
7119
6686
5430
4452
4282
4072
3629
3070
2056
734
-567
-1057
-1159
-1277
-1551
-2262
-3054
-3509
-2911
-2063
-1637
-2013
-2479
-2300
-1530
-545
-78
-198
-781
-1115
-606
210
535
90
-662
-1035
-1216
-1131
-1389
-1812
-2770
-3368
-3464
-3749
-4120
-5070
-5228
-5219
-3730
-2436
-2462
-3513
-3748
-1747
60
1704
1897
1450
799
1962
4526
5982
5878
4944
4859
5412
6454
7094
6818
5673
4629
4327
4280
3901
3205
2271
932
-324
-1072
-1100
-1163
-1435
-2104
-3018
-3463
-3051
-2007
-1539
-1811
-2400
-2316
-1540
-538
13
-168
-607
-969
-532
202
643
299
-497
-946
-1162
-1163
-1451
-1790
-2550
-3358
-3667
-4103
-4288
-5054
-5272
-5384
-4296
-2836
-2723
-3395
-3871
-2075
-331
1409
1991
1563
953
1751
4390
5986
6059
5132
4853
5455
6543
7338
6932
5713
4719
4537
4512
3996
3243
2273
1041
-131
-808
-1130
-1378
-1574
-1897
-2698
-3384
-3194
-2220
-1537
-1625
-2140
-2257
-1735
-711
39
1
-624
-1070
-721
88
614
330
-521
-1203
-1372
-1210
-1342
-1882
-2712
-3477
-3674
-4022
-4260
-5012
-5328
-5458
-4426
-2775
-2532
-3235
-3987
-2301
-443
1426
2206
1858
1083
1460
4155
5996
6362
5257
4837
5161
6266
7304
7063
5862
4615
4580
4478
4026
3210
2476
1348
62
-588
-1109
-1403
-1678
-1630
-2320
-3234
-3427
-2573
-1616
-1502
-1877
-2265
-2000
-1091
-83
200
-497
-1157
-1077
-220
478
430
-361
-1302
-1574
-1363
-1175
-1751
-2634
-3456
-3670
-3809
-4028
-4831
-5364
-5480
-4438
-2723
-2387
-3097
-4118
-2636
-655
1425
2186
1904
1097
1207
3761
5790
6531
5338
4770
4856
5929
7101
7141
6082
4632
4260
4211
4030
3473
2668
1443
14
-719
-1000
-1134
-1384
-1660
-2350
-3188
-3279
-2477
-1537
-1398
-1764
-2107
-1820
-908
66
414
-147
-814
-894
-184
568
669
-11
-1077
-1558
-1528
-1211
-1654
-2480
-3484
-3951
-4083
-4173
-4796
-5546
-5734
-5038
-3146
-2560
-2980
-4211
-3120
-1061
1019
2092
1881
1323
1027
3322
5547
6664
5652
4938
4986
5921
6997
7287
6422
5003
4209
4092
4069
3576
2801
1370
26
-1000
-1135
-1176
-1336
-1803
-2629
-3302
-3407
-2524
-1651
-1416
-1806
-2117
-1701
-779
225
492
112
-505
-586
34
802
930
246
-757
-1343
-1405
-1189
-1500
-2376
-3437
-4079
-4216
-4362
-4870
-5680
-6007
-5491
-3554
-2555
-2951
-4177
-3462
-1317
740
2151
2097
1504
998
3033
5503
6805
6094
5245
5171
5909
7000
7400
6710
5295
4354
3976
3887
3415
2789
1455
52
-1153
-1519
-1442
-1464
-1746
-2633
-3424
-3713
-2820
-1720
-1274
-1668
-2177
-1891
-923
247
687
276
-473
-685
-41
867
1080
340
-711
-1376
-1378
-1181
-1342
-2255
-3404
-4082
-4268
-4304
-4909
-5595
-6050
-5395
-3564
-2586
-2991
-4173
-3303
-1304
844
2162
2113
1408
1018
3264
5608
6814
6047
5345
5231
5947
7189
7473
6699
5202
4514
4032
3792
3321
2761
1496
22
-1110
-1642
-1616
-1596
-1676
-2572
-3526
-3922
-3063
-1849
-1281
-1591
-2212
-2088
-1143
198
836
364
-499
-827
-101
858
1172
393
-704
-1432
-1423
-1114
-1243
-2153
-3528
-4105
-4340
-4282
-5042
-5627
-6093
-5206
-3413
-2758
-3361
-4494
-3099
-1110
1159
2087
1906
1036
1124
3801
6037
6846
5797
5240
5311
6240
7489
7604
6498
4978
4375
4207
3890
3452
2580
1242
-262
-1243
-1545
-1587
-1555
-1936
-2743
-3655
-3771
-2924
-1831
-1306
-1623
-2040
-1848
-865
415
932
564
-331
-507
89
1014
1225
461
-566
-1460
-1434
-1277
-1247
-2324
-3563
-4306
-4592
-4729
-5417
-5774
-6158
-4841
-3539
-3193
-4202
-4474
-2697
-691
1369
1828
1562
678
1829
4563
6480
6618
5612
5327
5697
6866
7844
7601
6261
4915
4502
4384
3961
3374
2255
838
-667
-1468
-1747
-1786
-1857
-2337
-3197
-4015
-3864
-2961
-1978
-1657
-1919
-2105
-1696
-613
548
866
439
-248
-125
542
1302
1277
527
-470
-1221
-1170
-1152
-1287
-2477
-3434
-4285
-4586
-5066
-5624
-5939
-5989
-4301
-3610
-3624
-4868
-4012
-2115
-118
1509
1576
1264
656
2911
5309
6729
6179
5489
5556
6271
7521
7987
7325
5870
4917
4739
4529
3884
3011
1724
385
-916
-1514
-1927
-2061
-2291
-2712
-3529
-4145
-3840
-2963
-2140
-2023
-2180
-2161
-1577
-501
520
684
123
-364
9
919
1459
1187
329
-539
-990
-904
-903
-1409
-2615
-3493
-4022
-4304
-5063
-5673
-6019
-5599
-3980
-3438
-3822
-4990
-3761
-1736
350
1510
1401
967
906
3439
5670
6700
5901
5368
5638
6623
7762
7937
7082
5713
4898
4809
4546
3893
2812
1462
98
-1019
-1543
-1868
-2043
-2437
-2965
-3749
-4049
-3612
-2741
-2161
-2108
-2259
-2106
-1398
-341
513
561
35
-337
46
979
1493
1165
176
-684
-1027
-915
-925
-1611
-2796
-3697
-4101
-4380
-5162
-5834
-6293
-5582
-3982
-3448
-4126
-5112
-3745
-1697
509
1533
1370
652
1015
3705
5975
6821
5926
5417
5591
6794
7919
8042
7175
5724
4906
4592
4574
4007
3033
1543
-73
-1205
-1766
-1622
-1788
-2212
-3185
-4004
-4097
-3346
-2327
-2002
-2074
-2358
-2002
-1131
-52
619
497
100
-178
216
911
1416
1155
219
-676
-1178
-1163
-1196
-1683
-2744
-3735
-4364
-4755
-5381
-5937
-6375
-5680
-4103
-3605
-4425
-5282
-3818
-1689
435
1547
1293
431
848
3853
6303
7027
6001
5393
5628
6968
8351
8413
7362
5767
5040
4812
4806
4205
3199
1730
46
-1153
-1747
-1628
-1734
-2170
-3123
-4136
-4378
-3566
-2405
-1974
-2286
-2649
-2372
-1322
-82
653
462
-142
-370
146
970
1427
1136
219
-704
-1199
-1204
-1197
-1609
-2680
-3668
-4471
-4746
-5357
-5771
-6286
-5872
-4214
-3574
-4018
-5235
-3947
-1978
252
1668
1590
753
573
3511
6163
7290
6326
5510
5513
6704
8359
8689
7523
5805
4991
4894
4837
4226
3195
1752
282
-986
-1596
-1784
-1846
-2224
-2888
-3875
-4402
-3870
-2772
-2006
-2281
-2646
-2653
-1717
-403
556
576
-183
-538
-191
839
1423
1235
307
-702
-1086
-1074
-958
-1484
-2547
-3532
-4211
-4372
-4970
-5562
-6098
-5987
-4251
-3317
-3453
-4964
-4340
-2301
-82
1738
1781
1156
357
2808
5691
7239
6606
5567
5420
6186
7943
8529
7599
5887
5061
4900
4601
4102
3171
1917
523
-674
-1538
-2015
-2041
-2162
-2612
-3633
-4390
-4162
-3104
-2074
-2028
-2471
-2735
-2103
-663
527
867
60
-457
-359
656
1482
1450
629
-549
-952
-992
-789
-1347
-2345
-3377
-3974
-4294
-4727
-5505
-5994
-6220
-4582
-3242
-3284
-4659
-4783
-2543
-613
1570
1814
1453
358
2071
5201
6962
6785
5598
5471
5883
7419
8231
7700
6142
5161
4885
4511
3895
3254
2237
890
-388
-1448
-2049
-2178
-1967
-2246
-3278
-4343
-4401
-3279
-2116
-1693
-2171
-2648
-2343
-963
509
1085
403
-333
-428
392
1394
1595
921
-356
-964
-1152
-889
-1243
-2062
-3205
-3998
-4487
-4777
-5337
-5906
-6419
-5362
-3525
-3175
-4191
-4962
-3092
-1261
1018
2009
1892
691
1225
4326
6606
7217
6052
5620
5714
6972
8120
8094
6916
5395
4849
4532
4171
3504
2633
1283
-201
-1201
-1929
-1962
-2036
-2081
-3093
-4110
-4421
-3543
-2249
-1819
-1965
-2615
-2338
-1306
216
1014
579
-145
-493
189
1075
1584
1009
-129
-953
-1236
-1121
-1320
-1931
-3084
-3977
-4569
-4778
-5282
-5875
-6473
-5945
-3974
-3039
-3675
-4866
-3751
-1716
495
2172
2245
1201
705
3295
6064
7395
6633
5678
5576
6418
7911
8205
7438
5712
4743
4473
4277
3782
2815
1610
37
-983
-1646
-1782
-1841
-2070
-2716
-3778
-4123
-3583
-2339
-1745
-1929
-2441
-2441
-1465
-207
758
550
-161
-636
-239
675
1252
930
-145
-970
-1297
-1175
-1374
-1871
-2890
-3716
-4204
-4466
-4930
-5736
-6155
-5962
-4056
-2829
-3112
-4484
-4155
-1981
230
2164
2327
1463
510
2369
5362
7076
6777
5541
5241
5828
7329
8060
7413
5896
4620
4386
4186
3835
2983
1778
365
-823
-1341
-1769
-1780
-1988
-2356
-3313
-3880
-3504
-2498
-1629
-1686
-2054
-2306
-1591
-388
674
868
122
-456
-426
434
1156
1125
210
-876
-1254
-1229
-1158
-1736
-2593
-3585
-4055
-4399
-4749
-5527
-6062
-6250
-4974
-3129
-2770
-3881
-4643
-2820
-613
1619
2394
1998
768
1304
4218
6588
7100
5900
5245
5449
6615
7751
7691
6502
4991
4394
4308
3870
3202
2127
987
-495
-1237
-1754
-2017
-2196
-2334
-2779
-3754
-3785
-3099
-1908
-1645
-1797
-2025
-1761
-782
258
1174
791
72
-269
243
1045
1335
1057
-76
-905
-1275
-1177
-1366
-2077
-3021
-3923
-4455
-4964
-5369
-5888
-6277
-6297
-4604
-3041
-3159
-4439
-4108
-1876
127
1992
2480
1920
903
2442
5512
7169
6880
5749
5599
6034
7186
7909
7381
5963
4617
4504
4172
3551
2583
1631
324
-1058
-1526
-2051
-2298
-2698
-2565
-3231
-3847
-3621
-2673
-1774
-1830
-1749
-1770
-1143
-368
682
1184
593
65
-4
635
1111
1262
720
-380
-1131
-1473
-1388
-1730
-2412
-3495
-4267
-4878
-5220
-5569
-5910
-6407
-6005
-3871
-2750
-3242
-4431
-3081
-1074
974
2518
2762
1805
1177
3643
6268
7286
6412
5667
5576
6166
7330
7609
6808
5212
4337
4107
3733
3207
2273
1288
-260
-1237
-1725
-2003
-2227
-2457
-2631
-3459
-3593
-3095
-2124
-1739
-1815
-1762
-1577
-846
-130
643
620
114
-154
14
584
822
730
40
-751
-1315
-1612
-1653
-2027
-2686
-3685
-4234
-4723
-5005
-5462
-5818
-6105
-4912
-2806
-2430
-3477
-4129
-2190
-229
1882
2948
2485
1140
1502
4619
6753
6966
5829
5214
5314
6292
7474
7424
6091
4619
4012
3942
3570
3006
1994
722
-665
-1415
-1671
-2000
-2198
-2474
-2878
-3493
-3299
-2603
-1906
-1774
-1798
-1602
-1209
-509
140
619
383
31
-60
284
705
733
417
-261
-897
-1351
-1605
-1745
-2294
-3067
-3951
-4400
-4777
-5180
-5688
-6137
-5987
-4157
-2466
-2645
-4044
-3804
-1667
498
2511
2928
2027
735
2399
5506
7266
6767
5650
5184
5686
6918
7893
7351
5704
4404
4080
4090
3454
2683
1353
139
-1259
-1663
-2031
-2366
-2688
-2965
-3327
-3773
-3332
-2651
-1937
-1879
-1724
-1426
-904
-149
560
970
588
260
253
729
1051
941
505
-352
-919
-1327
-1398
-1792
-2556
-3472
-4293
-4678
-5063
-5388
-6025
-6478
-6055
-3885
-2485
-2948
-4176
-3375
-1201
964
2834
2974
1970
1020
3239
6064
7451
6811
5770
5476
5948
7235
7821
7055
5456
4320
4053
3722
3067
2125
959
-290
-1544
-1937
-2423
-2652
-2893
-2984
-3380
-3767
-3308
-2536
-1781
-1686
-1474
-1191
-715
53
818
1156
672
338
399
785
932
834
418
-439
-1095
-1560
-1633
-2039
-2685
-3623
-4399
-4918
-5149
-5397
-5818
-6286
-5776
-3646
-2436
-2849
-3915
-2771
-838
1330
2929
3090
1922
1239
3594
6191
7414
6565
5583
5157
5789
7076
7492
6614
4989
3979
3740
3505
2906
1929
819
-466
-1395
-1762
-2183
-2484
-2680
-2683
-3123
-3343
-2968
-2223
-1663
-1505
-1264
-1109
-724
-94
672
891
494
195
179
374
504
613
269
-604
-1387
-1899
-1916
-2157
-2707
-3617
-4400
-4923
-5081
-5302
-5565
-6056
-5221
-3169
-2268
-3080
-3879
-2221
-324
1836
3045
2964
1428
1443
4274
6801
7370
6179
5256
4996
6044
7281
7528
6157
4530
3681
3744
3484
2782
1770
499
-757
-1592
-1693
-2054
-2422
-2710
-2814
-3204
-3199
-2621
-1907
-1550
-1518
-1310
-1023
-495
139
782
793
429
163
180
384
565
654
103
-832
-1599
-1938
-1945
-2273
-3024
-3980
-4707
-5091
-5182
-5541
-5874
-6332
-4947
-2935
-2349
-3521
-3917
-1877
28
2296
3175
2820
1173
1918
5132
7357
7456
6095
5389
5348
6592
7756
7607
5980
4378
3835
3848
3321
2500
1437
163
-1118
-1833
-1954
-2386
-2750
-2937
-3063
-3436
-3321
-2576
-1853
-1513
-1546
-1296
-879
-193
579
1120
991
499
293
369
708
830
743
-58
-1000
-1638
-1887
-1956
-2547
-3413
-4445
-4979
-5226
-5288
-5776
-6210
-6548
-4991
-2901
-2284
-3390
-3697
-1800
135
2454
3367
3068
1487
2206
5203
7370
7511
6258
5550
5495
6510
7618
7449
5975
4277
3679
3613
3042
2320
1212
105
-1256
-1809
-2036
-2357
-2703
-2870
-2887
-3217
-3047
-2557
-1763
-1436
-1335
-1111
-743
-83
550
1157
1018
522
135
176
529
630
542
-261
-1164
-1955
-2196
-2171
-2666
-3484
-4526
-4874
-5111
-5124
-5586
-5958
-6289
-4931
-2553
-1906
-2778
-3557
-1739
153
2532
3634
3284
1783
1906
4953
7106
7580
6185
5412
5213
6078
7296
7264
5892
4006
3406
3415
2979
2295
1276
219
-1060
-1620
-1850
-2221
-2531
-2624
-2515
-2884
-2940
-2642
-1810
-1337
-1142
-1022
-848
-361
244
1027
987
386
-196
-181
163
418
393
-319
-1377
-2249
-2420
-2283
-2585
-3408
-4340
-4813
-5015
-5004
-5370
-5631
-6083
-4458
-2248
-1646
-2722
-3419
-1397
366
2898
3699
3243
1545
2014
5225
7204
7573
5969
5263
5008
6120
7311
7096
5539
3738
3307
3279
2868
2124
1152
35
-1046
-1641
-1971
-2419
-2545
-2423
-2461
-2911
-3099
-2610
-1719
-1123
-981
-1045
-947
-353
477
1263
992
219
-351
-193
344
635
352
-741
-1703
-2331
-2321
-2324
-2750
-3732
-4709
-5098
-5064
-5153
-5581
-5921
-5961
-3834
-2086
-1756
-3156
-2927
-881
1133
3506
3775
3015
1387
3051
5999
7779
7458
5935
5235
5247
6674
7461
6879
5058
3553
3241
3199
2693
1776
651
-444
-1417
-1923
-2280
-2560
-2587
-2555
-2754
-3129
-3043
-2297
-1415
-947
-983
-1102
-763
74
963
1338
710
-80
-430
30
635
650
-269
-1502
-2128
-2410
-2321
-2616
-3245
-4432
-5087
-5180
-4986
-5479
-5857
-6060
-5123
-2839
-1788
-2157
-3413
-1931
119
2504
3921
3633
2352
1778
4478
6953
7947
6720
5489
5017
5685
7089
7213
6093
4116
3178
3194
3112
2501
1246
164
-1014
-1623
-1918
-2100
-2277
-2480
-2498
-2821
-2829
-2501
-1609
-1011
-805
-947
-947
-357
451
1143
946
138
-552
-532
90
463
55
-1188
-2180
-2594
-2572
-2563
-3025
-3867
-4807
-5075
-4945
-4972
-5589
-5794
-5649
-3787
-1939
-1600
-2767
-3017
-865
1242
3437
3873
3164
1668
2659
5600
7475
7368
5880
5027
4872
6119
7167
6775
5086
3384
3023
3108
2981
2288
1013
-215
-1381
-1621
-1742
-1763
-1972
-2235
-2500
-2831
-2508
-1874
-1044
-797
-843
-942
-711
65
857
1213
623
-276
-683
-383
283
377
-352
-1672
-2542
-2798
-2675
-2739
-3336
-4268
-5108
-5233
-5053
-5182
-5697
-5853
-5468
-3374
-1797
-1724
-3006
-2613
-399
1732
3689
3816
3032
1656
3350
6090
7686
7121
5727
5011
5086
6446
7244
6598
4687
3174
2959
3067
2826
2037
620
-648
-1732
-1764
-1813
-1810
-2126
-2508
-2724
-2872
-2320
-1687
-931
-846
-907
-843
-434
415
1078
1356
692
-124
-465
-91
581
521
-330
-1660
-2475
-2799
-2721
-2735
-3319
-4403
-5359
-5417
-5277
-5425
-5884
-5912
-5584
-3543
-1922
-1763
-2985
-2526
-140
1935
3874
3870
3262
1929
3689
6417
7939
7291
5722
5230
5366
6653
7187
6527
4595
3104
2918
3018
2563
1557
245
-878
-1862
-2014
-2027
-2121
-2431
-2695
-2715
-2798
-2360
-1697
-927
-777
-829
-737
-336
400
1029
1336
719
-67
-481
-109
430
292
-504
-1677
-2489
-2950
-2830
-2789
-3320
-4429
-5184
-5294
-5199
-5375
-5662
-5657
-5284
-3128
-1723
-1592
-2849
-2047
198
2231
4060
3901
3221
1947
3948
6467
7823
7002
5472
5042
5216
6502
6828
6127
4305
3037
2887
2816
2332
1312
316
-693
-1554
-1888
-2042
-2126
-2286
-2302
-2463
-2642
-2425
-1648
-879
-680
-808
-892
-548
121
825
999
318
-445
-800
-394
-53
-198
-944
-1923
-2620
-2960
-2818
-2874
-3317
-4218
-4699
-4939
-4835
-5082
-5243
-5250
-4647
-2522
-1468
-1486
-2688
-1527
491
2505
4063
3783
2961
1887
4109
6429
7539
6550
5132
4759
5047
6420
6651
5813
4028
2862
2962
2937
2551
1344
367
-578
-1290
-1467
-1746
-1861
-2251
-2154
-2259
-2297
-2199
-1604
-958
-823
-806
-864
-476
4
587
646
15
-675
-937
-540
-345
-564
-1380
-2194
-2802
-2990
-2950
-3043
-3564
-4377
-4698
-4903
-4729
-5268
-5256
-5349
-4218
-2167
-1283
-1628
-2817
-1121
785
3091
4163
3847
2663
1998
4626
6795
7709
6295
5071
4644
5294
6646
6719
5658
3704
2747
3027
3073
2473
1150
160
-787
-1396
-1439
-1726
-1933
-2431
-2211
-2220
-2167
-2042
-1455
-894
-849
-678
-642
-160
197
712
630
-131
-738
-844
-293
-276
-742
-1725
-2509
-2942
-3021
-2966
-3303
-4135
-4827
-4997
-4882
-5042
-5628
-5562
-5493
-3498
-1781
-1083
-2301
-2600
-452
1600
3923
4204
3730
2059
2793
5515
7436
7511
5860
4882
4608
5741
6693
6459
5026
3254
2673
2786
2708
2021
932
-59
-1147
-1580
-1715
-1640
-1791
-2051
-2166
-2360
-2131
-1663
-834
-606
-697
-754
-520
135
578
851
244
-572
-992
-693
-153
-468
-1268
-2334
-2837
-2990
-2909
-3043
-3751
-4543
-4956
-4844
-4754
-5255
-5505
-5475
-4539
-2397
-1261
-1417
-2681
-1455
651
2803
4106
3851
2898
1978
4108
6284
7360
6359
5125
4535
4853
6054
6344
5650
4000
2893
2638
2595
2444
1650
764
-433
-1310
-1589
-1540
-1212
-1465
-1757
-2346
-2365
-1860
-1018
-402
-607
-901
-1059
-478
251
682
401
-502
-1170
-1271
-642
-299
-843
-1902
-2793
-3013
-2935
-2742
-3101
-3876
-4583
-4753
-4512
-4608
-5022
-5111
-4891
-3267
-1579
-1010
-1975
-2214
-277
1685
3567
3834
3403
2021
2697
5107
6790
6774
5376
4653
4344
5362
6124
6036
4765
3212
2651
2466
2603
2113
1288
204
-1003
-1468
-1587
-1115
-1164
-1415
-1994
-2397
-2053
-1314
-423
-408
-703
-1062
-795
-123
496
639
-87
-906
-1350
-1053
-507
-533
-1264
-2345
-2976
-3172
-2980
-2940
-3396
-4142
-4710
-4804
-4703
-4925
-5106
-5037
-4306
-2470
-1300
-1334
-2347
-1377
638
2655
3836
3799
2934
2024
3839
6058
7230
6274
5194
4521
4842
5884
6350
5714
4064
2916
2535
2559
2429
1679
619
-544
-1364
-1637
-1530
-1265
-1486
-1793
-2325
-2256
-1805
-901
-383
-484
-806
-865
-286
303
859
558
-261
-1067
-1161
-654
-379
-682
-1707
-2628
-3190
-3181
-3071
-3228
-3834
-4541
-4938
-5010
-4982
-5382
-5242
-5015
-3567
-1992
-1237
-1861
-2292
-478
1556
3464
3912
3650
2423
2619
4926
6869
7104
5793
4895
4602
5323
6247
6230
5024
3444
2711
2600
2566
2126
1149
65
-849
-1364
-1567
-1450
-1398
-1571
-1956
-2155
-2018
-1479
-751
-360
-478
-758
-623
-124
502
798
329
-595
-1316
-1205
-683
-465
-1023
-2148
-3035
-3400
-3192
-3086
-3347
-4098
-4752
-5075
-4905
-5007
-5152
-4982
-4493
-2757
-1563
-1127
-2115
-1542
401
2318
3740
3748
3241
2102
3437
5598
6935
6398
5194
4664
4632
5587
6109
5694
4255
3005
2674
2605
2483
1825
913
-63
-934
-1273
-1372
-1145
-1313
-1576
-1952
-2048
-1702
-1105
-431
-459
-665
-832
-472
59
489
440
-297
-1105
-1489
-1072
-681
-776
-1655
-2669
-3249
-3275
-3019
-3126
-3609
-4426
-4800
-4859
-4668
-4996
-4947
-4835
-3698
-1966
-1140
-1412
-2150
-524
1194
3137
3788
3588
2565
2318
4437
6077
6805
5727
4978
4471
4876
5766
5886
5192
3647
2797
2490
2427
2227
1488
667
-541
-1222
-1412
-1210
-1110
-1477
-1733
-2157
-1871
-1333
-549
-375
-634
-685
-549
16
366
562
66
-656
-1139
-1120
-727
-776
-1221
-2233
-2943
-3253
-3162
-3084
-3463
-4141
-4759
-4881
-4769
-5029
-5210
-5192
-4580
-2792
-1495
-1211
-2308
-1484
354
2405
3754
3823
3185
2082
3585
5501
6878
6365
5491
4839
4715
5558
5944
5711
4445
3255
2668
2354
2253
1718
995
-82
-1122
-1565
-1609
-1323
-1527
-1713
-2165
-2235
-1814
-966
-360
-435
-575
-577
-174
325
752
638
-72
-788
-1090
-816
-609
-788
-1559
-2561
-3215
-3391
-3169
-3180
-3725
-4541
-4950
-5021
-5021
-5327
-5129
-5089
-3828
-2153
-1264
-1836
-2323
-415
1380
3358
3793
3715
2514
2644
4806
6453
6860
5684
5204
4662
5256
5833
5867
4947
3622
2907
2542
2336
1993
1270
384
-673
-1320
-1548
-1414
-1323
-1640
-1889
-2260
-1909
-1349
-481
-326
-473
-625
-430
159
585
842
283
-465
-1120
-1081
-731
-632
-1064
-2042
-2934
-3424
-3335
-3078
-3247
-4014
-4697
-4965
-4916
-5032
-5065
-4865
-4600
-3035
-1657
-1248
-2156
-1639
346
2096
3534
3631
3234
2177
3330
5368
6560
6148
5204
4784
4639
5349
5700
5368
4254
3233
2729
2421
2212
1818
1064
183
-808
-1255
-1314
-1029
-1055
-1425
-1863
-2073
-1550
-769
-140
-297
-598
-674
-319
288
669
653
-101
-870
-1275
-1165
-749
-807
-1257
-2371
-3111
-3521
-3236
-3024
-3356
-4112
-4940
-5034
-5014
-4816
-4954
-4691
-4477
-2800
-1572
-1147
-1938
-1353
587
2139
3663
3504
3237
2138
3563
5417
6536
6124
5041
4723
4568
5456
5651
5359
4224
3138
2624
2333
2308
1811
1040
47
-985
-1350
-1340
-922
-1092
-1507
-2006
-2055
-1443
-699
-97
-381
-609
-651
-144
438
687
601
-136
-737
-1147
-1057
-740
-735
-1148
-2244
-3010
-3503
-3235
-3049
-3298
-4094
-4975
-5284
-5287
-5045
-5064
-4851
-4699
-2992
-1668
-1208
-1968
-1355
539
2083
3663
3740
3281
2178
3536
5643
6743
6341
5230
4749
4678
5581
6071
5560
4300
3080
2644
2456
2351
1893
937
-172
-1208
-1436
-1398
-1193
-1312
-1752
-2159
-2203
-1579
-844
-285
-396
-642
-636
-206
433
707
681
23
-633
-1037
-1027
-751
-607
-920
-2001
-2940
-3455
-3276
-3009
-3071
-3864
-4790
-5351
-5202
-4992
-4917
-4738
-4834
-3429
-1892
-920
-1662
-1499
131
1689
3323
3851
3650
2314
2963
5099
6564
6415
5349
4698
4476
5188
5987
5725
4483
3094
2581
2505
2328
1942
1099
39
-1057
-1368
-1272
-1259
-1282
-1503
-1788
-1974
-1694
-1022
-472
-233
-458
-534
-381
114
473
607
263
-453
-977
-1145
-926
-678
-819
-1655
-2666
-3315
-3377
-3076
-2911
-3408
-4334
-5058
-4960
-4623
-4566
-4470
-4547
-4036
-2483
-939
-731
-1541
-763
754
2474
3603
3876
3065
2161
3654
5500
6470
5645
4723
4251
4471
5433
5646
5103
3639
2750
2492
2429
2154
1452
749
-375
-1100
-1323
-1299
-1296
-1353
-1268
-1712
-1888
-1761
-1009
-442
-301
-398
-625
-379
-159
409
525
146
-559
-1009
-1031
-949
-640
-902
-1629
-2585
-3219
-3241
-2999
-2802
-3245
-4087
-4682
-4778
-4483
-4465
-4238
-4171
-3682
-2067
-903
-815
-1756
-662
974
2593
3580
3524
2724
1894
3842
5689
6394
5277
4404
4200
4721
5719
5726
4815
3418
2835
2791
2687
2186
1461
525
-359
-1038
-1291
-1524
-1519
-1383
-1444
-1918
-2366
-2157
-1439
-613
-402
-591
-874
-719
-219
395
724
272
-417
-876
-820
-757
-534
-558
-1138
-2156
-2992
-3042
-2818
-2547
-2768
-3524
-4442
-4995
-4705
-4453
-4073
-3890
-3656
-2392
-1406
-1025
-1737
-719
896
2221
3147
3137
2776
1942
3621
5434
6027
5117
4380
4471
4766
5600
5541
4755
3534
2982
3072
2776
2269
1517
663
-221
-889
-1104
-1420
-1414
-1341
-1491
-2087
-2524
-2233
-1533
-735
-575
-810
-1192
-996
-287
431
683
229
-466
-928
-866
-583
-283
-307
-936
-1934
-2755
-2738
-2400
-2078
-2358
-3279
-4285
-4822
-4424
-4101
-3759
-3711
-3818
-2910
-1626
-833
-1465
-1038
347
1485
2569
2979
3000
1925
2794
4552
5508
5174
4507
4491
4320
4991
5246
5005
3931
3084
2973
2735
2381
1738
968
60
-691
-860
-1049
-1248
-1407
-1603
-1899
-2277
-2036
-1623
-965
-848
-961
-1209
-1122
-528
134
572
205
-482
-1059
-924
-447
-20
-113
-777
-1747
-2397
-2301
-1868
-1746
-2141
-3102
-3932
-4234
-3931
-3713
-3759
-3661
-4000
-3198
-1769
-634
-1341
-1631
-368
809
2124
2827
3135
1826
1974
3733
5287
5401
4690
4434
4112
4730
5364
5572
4498
3292
2868
2927
2737
2205
1392
340
-582
-907
-848
-1239
-1568
-1939
-2059
-2413
-2310
-1992
-1559
-1356
-1434
-1429
-1413
-931
-382
227
94
-420
-924
-827
-373
-62
44
-407
-1096
-1797
-1843
-1568
-1538
-1832
-2512
-3248
-3635
-3623
-3527
-3837
-3876
-3835
-3470
-2017
-1096
-1182
-2207
-1233
322
1683
2668
2703
2138
1363
3091
4871
5672
5009
4456
4395
4697
5529
5698
5059
3761
3079
3059
2964
2590
1684
641
-334
-885
-1014
-1371
-1593
-2069
-2241
-2598
-2566
-2392
-2079
-1643
-1549
-1449
-1510
-1039
-567
2
200
49
-327
-558
-248
5
193
70
-310
-1016
-1593
-1584
-1521
-1619
-2007
-2661
-3269
-3784
-3875
-4083
-4051
-3723
-3760
-2798
-1998
-1474
-2324
-1882
-196
930
2024
2200
2393
1337
2313
4193
5356
5222
4591
4725
4590
5227
5551
5390
4415
3451
3290
3076
2795
1914
1170
267
-632
-1118
-1431
-1524
-2019
-1975
-2332
-2652
-2863
-2444
-1698
-1396
-1200
-1468
-1262
-893
-110
487
528
104
-458
-237
119
454
518
199
-542
-1390
-1475
-1333
-1363
-1687
-2341
-3123
-3848
-4056
-4074
-4057
-3797
-4069
-3727
-2642
-1725
-1980
-2398
-963
85
1243
2020
2472
1641
1278
3310
4769
5420
4712
4689
4336
4609
5471
5654
5094
3719
3425
3157
3009
2376
1587
713
-364
-849
-1261
-1408
-1822
-1950
-2094
-2491
-2715
-2646
-1923
-1471
-1156
-1305
-1370
-1078
-473
356
599
358
-289
-376
-16
413
688
461
-209
-1083
-1356
-1118
-1091
-1416
-2128
-2941
-3548
-3769
-3772
-4086
-4077
-4238
-4107
-2798
-1738
-1809
-2867
-1843
-354
885
1912
2220
1637
660
2540
4484
5491
4828
4364
4195
4446
5552
5974
5674
4209
3475
3385
3374
2848
1923
1179
75
-763
-1151
-1386
-1743
-2134
-2073
-2408
-2825
-2971
-2423
-1724
-1422
-1329
-1519
-1314
-883
-42
645
592
84
-352
-44
338
684
782
326
-393
-1107
-1094
-1088
-1261
-1659
-2380
-3074
-3780
-3957
-4262
-4291
-3988
-4165
-3476
-2483
-1937
-2653
-2432
-686
309
1280
1718
1941
1041
1742
3871
5008
5017
4309
4383
4436
5310
5900
5780
4818
3668
3412
3412
3159
2146
1268
546
-445
-1144
-1451
-1681
-2129
-2240
-2121
-2607
-2989
-2844
-1959
-1397
-1220
-1303
-1315
-875
-299
689
970
642
21
3
431
645
933
762
249
-639
-1213
-1296
-1377
-1330
-1766
-2629
-3740
-4402
-4376
-4324
-3775
-3885
-4168
-3358
-2391
-1959
-2525
-1347
-255
526
1428
2002
1921
1081
2722
4226
5063
4632
4351
4399
4571
5435
5592
5214
4062
3309
3223
3065
2491
1451
785
62
-922
-1397
-1747
-1782
-2104
-1923
-2232
-2736
-2845
-2272
-1275
-1029
-1030
-1305
-908
-379
439
1014
816
257
-136
210
544
853
881
360
-474
-1318
-1447
-1328
-1152
-1475
-2440
-3465
-4228
-4185
-4015
-3661
-3721
-4146
-3379
-2297
-1805
-2346
-1816
-508
342
1410
1940
1840
934
1957
3834
4851
4666
4061
3987
4140
4949
5457
5165
4003
3126
3042
3117
2681
1852
862
8
-666
-1031
-1332
-1634
-1843
-1993
-2123
-2410
-2488
-2178
-1508
-1052
-1055
-1207
-1052
-550
164
733
679
145
-259
-98
365
867
879
286
-678
-1283
-1266
-997
-924
-1490
-2447
-3333
-3656
-3738
-3757
-3721
-3835
-4072
-3137
-1880
-1749
-2555
-2075
-544
475
1461
1938
1650
773
1881
3917
4873
4524
3904
3916
4152
4947
5458
5116
3900
3049
3185
3268
2720
1806
837
-124
-703
-784
-1103
-1692
-2085
-2079
-2084
-2343
-2400
-2195
-1653
-1278
-1050
-1053
-1023
-670
23
729
669
275
-124
1
344
806
855
297
-584
-1175
-1114
-1021
-1149
-1702
-2368
-3202
-3605
-3825
-3897
-4018
-3919
-4056
-3301
-2060
-1742
-2304
-2191
-506
326
1424
1923
2036
1119
1657
3697
4666
4736
4029
4155
4075
4664
5238
5105
4172
3091
3014
2984
2561
1714
849
25
-729
-941
-1144
-1601
-2055
-2065
-1943
-2248
-2377
-2188
-1593
-1199
-920
-842
-862
-639
-99
714
875
590
113
36
294
578
837
501
-284
-1119
-1298
-1199
-1303
-1575
-2178
-3004
-3652
-3870
-3860
-3988
-3766
-3957
-3560
-2369
-1605
-1859
-2263
-798
109
1201
1813
2268
1521
1255
3066
4279
4810
4046
4078
3871
4243
4818
4908
4351
3130
2779
2623
2481
1739
1009
315
-500
-984
-1216
-1370
-1717
-1800
-1727
-2011
-2222
-2065
-1378
-867
-672
-740
-812
-589
-145
703
1014
739
84
-132
176
470
802
565
-180
-1248
-1585
-1394
-1202
-1370
-2092
-2889
-3567
-3684
-3702
-3682
-3607
-3834
-3764
-2543
-1492
-1711
-2347
-1269
-37
850
1616
2116
1636
1003
2591
4050
4592
3912
3828
3811
4071
4650
4785
4364
3166
2750
2659
2641
1954
1167
513
-256
-801
-1109
-1183
-1538
-1795
-1715
-1840
-2110
-2154
-1572
-964
-737
-779
-891
-724
-362
453
1020
796
192
-212
159
478
778
674
92
-896
-1512
-1339
-1131
-1198
-1795
-2416
-3178
-3590
-3665
-3557
-3546
-3547
-3774
-3093
-2008
-1564
-2092
-1825
-464
408
1255
1823
2035
1162
1802
3434
4438
4193
3783
3841
3889
4402
4773
4660
3582
2744
2664
2801
2372
1486
702
-54
-647
-920
-969
-1279
-1856
-1932
-1781
-1913
-2161
-1903
-1298
-926
-796
-782
-682
-479
34
835
974
576
17
87
413
549
666
341
-292
-1187
-1359
-1253
-1316
-1571
-2041
-2669
-3500
-3788
-3739
-3690
-3423
-3557
-3534
-2665
-1685
-1619
-2145
-1090
1
854
1527
2078
1680
1022
2459
3909
4498
3869
3682
3710
3962
4538
4666
4167
3064
2697
2867
2754
1966
1056
430
-77
-520
-733
-1023
-1495
-1822
-1595
-1619
-1937
-2042
-1597
-999
-759
-726
-804
-608
-311
420
829
659
119
-168
70
219
453
304
-135
-894
-1363
-1381
-1396
-1445
-1781
-2372
-3152
-3642
-3728
-3651
-3386
-3217
-3554
-2791
-1858
-1404
-2090
-1559
-231
444
1370
1717
1879
733
1704
3335
4290
3945
3398
3542
3486
4165
4455
4372
3380
2739
2811
2815
2285
1491
924
464
-114
-516
-834
-1103
-1343
-1267
-1282
-1684
-1915
-1642
-960
-624
-708
-925
-812
-455
133
578
492
-22
-446
-313
-43
289
236
-181
-929
-1445
-1488
-1357
-1209
-1601
-2240
-3083
-3422
-3551
-3381
-3127
-3075
-3440
-2882
-1724
-1380
-1955
-1724
-425
279
1154
1667
1695
718
1380
3164
4169
3919
3298
3318
3373
4091
4605
4456
3456
2693
2776
2969
2670
1855
973
380
-45
-261
-622
-991
-1387
-1485
-1432
-1583
-1714
-1676
-1215
-898
-833
-919
-798
-508
-70
379
400
-39
-491
-404
-73
337
379
-52
-927
-1493
-1381
-1122
-954
-1497
-2190
-3055
-3323
-3382
-3323
-3137
-3254
-3559
-3053
-1777
-1451
-2144
-1904
-528
302
1017
1597
1683
783
1410
3254
4220
3869
3224
3389
3577
4253
4759
4474
3481
2668
2911
3091
2810
1903
865
270
-121
-126
-631
-1085
-1609
-1714
-1602
-1639
-1592
-1698
-1315
-1066
-812
-812
-659
-350
-19
393
375
64
-357
-293
4
356
428
-44
-867
-1430
-1331
-1092
-1031
-1487
-2186
-2950
-3292
-3417
-3462
-3388
-3348
-3715
-3189
-1941
-1503
-2201
-2107
-587
204
974
1574
1864
964
1334
3158
4107
3970
3326
3557
3699
4262
4704
4472
3694
2893
2997
3082
2855
1965
949
403
73
-76
-651
-1121
-1546
-1666
-1571
-1532
-1587
-1795
-1496
-1092
-759
-790
-688
-475
-212
179
306
119
-342
-423
-211
159
300
-58
-803
-1441
-1538
-1297
-1157
-1431
-2126
-2924
-3298
-3437
-3428
-3423
-3215
-3627
-3230
-1911
-1264
-1871
-2211
-718
159
1080
1704
2063
1136
1061
2855
3989
4212
3490
3583
3563
4063
4596
4568
3941
3033
2940
2957
2860
2112
1155
538
118
-86
-631
-1046
-1383
-1523
-1552
-1530
-1634
-1888
-1585
-1134
-772
-912
-867
-726
-440
27
311
161
-372
-558
-364
38
310
86
-582
-1415
-1635
-1380
-1097
-1257
-1945
-2785
-3328
-3385
-3380
-3301
-3179
-3493
-3382
-2018
-1175
-1650
-2298
-1059
81
995
1728
2013
1234
796
2568
3985
4475
3691
3584
3550
4099
4711
4849
4277
3220
2983
3011
3119
2283
1295
473
47
-260
-654
-1065
-1473
-1682
-1817
-1720
-1828
-2036
-1802
-1267
-955
-1064
-1037
-828
-494
12
393
299
-191
-416
-201
180
499
305
-283
-1205
-1523
-1372
-1066
-1189
-1869
-2719
-3396
-3442
-3544
-3497
-3460
-3579
-3775
-2453
-1362
-1541
-2441
-1543
-64
776
1713
2005
1609
709
2306
4019
4737
4058
3660
3729
4125
4900
5040
4623
3458
3043
3050
3225
2553
1389
450
-19
-254
-618
-1064
-1509
-1802
-1928
-1846
-1814
-2063
-2004
-1478
-1045
-1025
-1065
-855
-583
-88
361
425
15
-329
-198
127
494
390
-123
-1013
-1526
-1451
-1209
-1204
-1826
-2599
-3319
-3488
-3605
-3607
-3561
-3499
-3889
-2851
-1622
-1369
-2213
-1853
-211
532
1611
2028
2168
1008
1905
3773
4699
4442
3811
3950
3976
4651
4974
4813
3827
3017
2944
2978
2608
1628
653
117
-328
-565
-1055
-1346
-1687
-1832
-1844
-1883
-1950
-2082
-1560
-1153
-921
-1065
-929
-651
-217
330
410
144
-345
-341
-63
301
382
-108
-827
-1550
-1585
-1439
-1306
-1688
-2396
-3056
-3438
-3559
-3593
-3447
-3221
-3641
-3201
-1939
-1336
-1755
-1978
-523
256
1225
1966
2433
1582
1444
3226
4450
4720
4056
4020
3940
4267
4877
5043
4281
3125
2760
2965
2803
2057
1027
278
-290
-600
-835
-1209
-1622
-2019
-2021
-2007
-2035
-2210
-1925
-1484
-1215
-1214
-1123
-801
-466
94
368
219
-271
-440
-135
200
435
130
-509
-1328
-1590
-1388
-1182
-1339
-2029
-2749
-3277
-3430
-3458
-3330
-3141
-3420
-3612
-2331
-1397
-1397
-2121
-1188
-64
702
1813
2309
2059
1127
2565
4140
4901
4415
4031
4094
4161
4862
5190
4719
3456
2749
3006
3077
2457
1356
413
-162
-562
-710
-1124
-1574
-2147
-2192
-2048
-2014
-2243
-2204
-1702
-1358
-1191
-1122
-784
-535
-60
396
436
-19
-425
-198
148
454
353
-293
-1209
-1715
-1504
-1252
-1261
-1925
-2742
-3402
-3596
-3564
-3540
-3368
-3457
-3867
-2861
-1584
-1208
-2064
-1645
-236
534
1705
2248
2445
1302
2195
3909
4973
4793
4125
4268
4197
4843
5073
4881
3792
2855
2941
2994
2633
1495
552
-77
-502
-680
-1184
-1437
-2042
-2115
-2090
-1968
-2070
-2217
-1662
-1321
-1027
-1099
-758
-472
-119
353
451
153
-393
-333
20
332
353
-225
-1134
-1759
-1699
-1424
-1395
-1865
-2728
-3452
-3755
-3682
-3608
-3515
-3377
-3874
-3186
-1867
-1071
-1720
-1709
-334
473
1651
2317
2777
1715
2032
3644
4821
4974
4285
4316
4178
4652
4919
4774
3970
2950
2881
2836
2549
1612
576
13
-489
-574
-1181
-1456
-1910
-2091
-2014
-2012
-1886
-2174
-1692
-1312
-991
-1016
-871
-473
-232
273
379
192
-296
-446
-141
136
314
-135
-882
-1567
-1688
-1512
-1459
-1716
-2479
-3217
-3650
-3635
-3564
-3458
-3276
-3656
-3483
-2113
-1112
-1389
-1809
-640
325
1272
2285
2803
2102
1619
3218
4544
4995
4408
4274
4189
4383
4857
4875
4295
3187
2894
2901
2714
1929
923
207
-294
-539
-979
-1400
-1807
-2130
-2117
-2084
-2034
-2249
-2011
-1517
-1223
-1148
-1065
-659
-441
5
273
183
-243
-517
-324
-80
202
-36
-547
-1325
-1630
-1599
-1402
-1556
-2110
-2839
-3386
-3547
-3615
-3388
-3220
-3323
-3676
-2399
-1270
-1204
-1860
-992
302
925
2071
2690
2438
1460
2703
4359
4945
4541
4166
4205
4200
4700
4960
4506
3446
2773
2864
2842
2251
1247
398
-116
-518
-860
-1214
-1570
-1992
-2092
-1994
-1966
-2165
-2045
-1526
-1147
-1081
-1028
-693
-419
-87
298
277
-147
-568
-484
-215
87
-21
-529
-1338
-1859
-1790
-1539
-1554
-2111
-2783
-3374
-3530
-3641
-3440
-3238
-3206
-3635
-2720
-1310
-1004
-1630
-1258
255
874
1880
2665
2703
1674
2189
3998
4817
4647
4085
4055
4019
4360
4785
4492
3629
2714
2675
2795
2383
1456
509
36
-409
-723
-1064
-1359
-1776
-1945
-1779
-1750
-1955
-2000
-1512
-1049
-931
-957
-776
-527
-248
197
304
-96
-589
-636
-365
-20
19
-455
-1296
-1954
-1895
-1602
-1518
-1990
-2683
-3313
-3464
-3488
-3340
-3199
-3086
-3479
-2890
-1396
-794
-1236
-1454
17
712
1727
2488
2809
1869
1681
3388
4401
4683
3919
3868
3681
4022
4499
4444
3763
2732
2536
2645
2516
1700
736
140
-255
-532
-815
-1119
-1526
-1788
-1644
-1547
-1677
-1854
-1523
-1075
-853
-928
-865
-694
-496
-56
156
-50
-626
-757
-591
-188
-18
-333
-1030
-1803
-1917
-1706
-1419
-1680
-2299
-3024
-3310
-3395
-3237
-3031
-2805
-3215
-3122
-1700
-803
-858
-1499
-310
423
1363
2256
2797
2159
1332
2853
4041
4709
3989
3813
3605
3773
4467
4563
4066
2841
2467
2606
2641
2090
1022
282
-283
-441
-635
-913
-1365
-1803
-1719
-1614
-1578
-1809
-1647
-1273
-981
-937
-972
-799
-651
-250
50
-46
-531
-862
-703
-417
-132
-265
-856
-1621
-2010
-1794
-1501
-1523
-2000
-2733
-3197
-3484
-3281
-3010
-2696
-2900
-3365
-2246
-1066
-551
-1265
-708
290
872
2000
2731
2779
1502
2289
3758
4635
4366
3860
3860
3638
4224
4535
4330
3271
2421
2528
2638
2284
1309
482
-47
-444
-579
-826
-1160
-1680
-1784
-1567
-1582
-1746
-1824
-1383
-1077
-939
-961
-869
-721
-468
-7
32
-346
-867
-855
-642
-381
-292
-661
-1448
-2045
-1973
-1576
-1454
-1799
-2378
-3029
-3326
-3365
-2893
-2730
-2608
-3261
-2818
-1363
-534
-739
-1189
-3
442
1511
2485
3015
2048
1556
3084
4204
4605
3975
3884
3649
3775
4332
4426
3836
2767
2454
2689
2468
1745
814
319
-157
-474
-642
-977
-1389
-1748
-1551
-1497
-1676
-1897
-1649
-1181
-996
-951
-940
-831
-714
-304
62
-111
-681
-992
-825
-594
-351
-479
-1055
-1810
-2034
-1724
-1354
-1510
-2008
-2633
-3063
-3158
-2982
-2657
-2600
-2830
-3211
-1883
-728
-509
-1253
-793
292
798
2089
2707
2555
1249
2066
3674
4437
4247
3743
3785
3533
4039
4482
4258
3340
2570
2740
2760
2200
1349
671
284
-233
-482
-797
-1232
-1609
-1630
-1429
-1664
-2025
-2046
-1554
-1169
-1099
-1112
-1151
-1113
-779
-208
-29
-529
-1080
-1059
-787
-376
-247
-605
-1380
-1895
-1737
-1308
-1096
-1529
-2128
-2704
-2934
-2896
-2653
-2508
-2560
-3169
-2651
-1158
-428
-953
-1390
-232
360
1365
2346
2788
1632
1169
2818
4112
4463
3940
3891
3616
3753
4397
4676
3977
2962
2661
2914
2657
1926
1165
584
80
-369
-584
-991
-1471
-1682
-1542
-1552
-1959
-2215
-1944
-1470
-1228
-1218
-1203
-1281
-1136
-591
-94
-206
-828
-1121
-951
-609
-166
-221
-747
-1569
-1799
-1542
-1119
-1080
-1652
-2354
-2953
-3037
-2904
-2554
-2453
-2814
-3428
-2208
-804
-470
-1322
-1083
-37
401
1748
2604
2567
1016
1626
3315
4344
4336
3969
3895
3516
4045
4661
4630
3646
2819
2809
2908
2442
1741
1007
433
-135
-375
-665
-1149
-1574
-1635
-1564
-1769
-2129
-2154
-1792
-1420
-1293
-1285
-1274
-1288
-930
-395
-104
-451
-912
-987
-761
-352
-61
-237
-877
-1475
-1536
-1280
-934
-1060
-1682
-2525
-3001
-3006
-2747
-2446
-2425
-3122
-3302
-1810
-664
-760
-1522
-811
-157
653
1953
2592
1895
815
2116
3544
4399
4076
3848
3591
3594
4312
4655
4358
3340
2834
2905
2815
2211
1469
832
299
-175
-428
-903
-1384
-1633
-1580
-1644
-1993
-2303
-2159
-1707
-1344
-1287
-1338
-1378
-1216
-705
-196
-160
-576
-852
-764
-466
-80
76
-240
-856
-1224
-1156
-882
-705
-940
-1640
-2479
-2798
-2789
-2458
-2372
-2424
-3328
-3027
-1579
-693
-1055
-1671
-690
-272
935
1926
2359
1279
756
2375
3634
4342
3764
3606
3335
3701
4461
4625
4204
3207
2920
3006
2802
2194
1380
832
231
-202
-559
-1102
-1452
-1696
-1659
-1920
-2284
-2487
-2226
-1724
-1509
-1507
-1624
-1506
-1188
-636
-252
-363
-629
-796
-577
-298
66
93
-225
-703
-998
-902
-680
-549
-859
-1586
-2297
-2623
-2633
-2348
-2289
-2471
-3479
-2773
-1438
-702
-1426
-1703
-646
-278
1081
1882
2188
760
794
2545
3822
4274
3675
3574
3302
3926
4671
4781
4170
3217
3035
3088
2958
2292
1422
782
153
-258
-690
-1072
-1438
-1750
-1878
-2133
-2425
-2544
-2183
-1740
-1652
-1734
-1725
-1413
-1056
-516
-233
-314
-550
-627
-323
-81
255
208
-41
-600
-930
-823
-577
-480
-973
-1713
-2382
-2752
-2699
-2423
-2336
-2896
-3800
-2743
-1376
-860
-1880
-1812
-896
-367
1051
1911
1962
344
839
2700
4065
4244
3756
3669
3445
4184
4947
5061
4196
3239
3168
3296
3058
2259
1439
779
78
-308
-682
-1069
-1610
-1906
-1947
-2248
-2591
-2673
-2207
-1882
-1847
-1874
-1752
-1446
-1089
-437
-152
-264
-537
-439
-63
170
479
538
229
-467
-762
-559
-313
-344
-859
-1671
-2417
-2859
-2660
-2358
-2368
-3190
-4040
-2800
-1497
-1098
-2163
-1936
-1198
-699
825
1745
1715
62
806
2691
3984
4135
3716
3746
3489
4350
5098
5171
4191
3277
3366
3434
3124
2214
1466
728
58
-237
-609
-1130
-1801
-1988
-1989
-2313
-2684
-2713
-2333
-2097
-1998
-1882
-1764
-1533
-1118
-427
-142
-282
-415
-236
102
264
601
721
420
-222
-467
-360
-245
-273
-622
-1372
-2273
-2733
-2681
-2346
-2418
-3003
-3897
-2888
-1684
-1315
-2141
-2048
-1158
-865
570
1422
1575
84
731
2601
3837
4036
3614
3756
3565
4418
5168
5296
4320
3443
3466
3622
3266
2463
1613
839
81
-214
-563
-1157
-1756
-2044
-2082
-2511
-2797
-2850
-2485
-2270
-2106
-2016
-1916
-1676
-1195
-499
-231
-335
-438
-212
82
266
618
739
485
-38
-283
-283
-321
-253
-524
-1160
-2196
-2730
-2804
-2563
-2538
-2949
-3896
-3360
-2005
-1399
-2079
-2355
-1410
-1095
211
1252
1697
252
376
2323
3797
4276
3795
3967
3663
4396
5311
5679
4820
3675
3596
3791
3602
2881
1987
1146
171
-160
-493
-1067
-1735
-2121
-2139
-2634
-2900
-3099
-2699
-2456
-2176
-2051
-2029
-1810
-1386
-585
-215
-218
-359
-206
135
350
740
936
768
281
-71
-117
-207
-118
-311
-901
-1980
-2704
-2885
-2695
-2665
-2919
-3919
-4068
-2675
-1617
-1846
-2707
-2012
-1638
-586
838
1679
729
-207
1514
3186
4278
4068
4156
3862
4074
5158
5748
5418
4209
3801
3829
3796
3272
2450
1571
569
-40
-417
-928
-1599
-2035
-2208
-2548
-2978
-3255
-3025
-2649
-2291
-2099
-2027
-1966
-1651
-908
-234
-28
-67
-22
251
520
911
1258
1315
943
411
189
117
230
87
-365
-1375
-2416
-2839
-2766
-2558
-2943
-3514
-4538
-3830
-2461
-1792
-2464
-2968
-2224
-1832
-187
985
1298
-89
94
2024
3511
4328
4165
4165
3799
4487
5524
5787
5066
4123
3905
3885
3631
3046
2116
1153
255
-168
-584
-1232
-1847
-2197
-2415
-2808
-3194
-3253
-2937
-2511
-2229
-2073
-2039
-1920
-1359
-540
59
129
145
245
574
891
1287
1529
1391
980
488
349
278
248
28
-690
-1685
-2701
-2962
-2872
-2848
-3194
-4053
-4780
-3905
-2474
-2103
-2903
-3030
-2428
-1696
18
1176
1071
-244
524
2446
3974
4576
4425
4266
4011
4927
5872
6013
5124
4266
4067
4008
3680
2985
1988
1004
134
-235
-741
-1456
-2059
-2375
-2582
-3054
-3324
-3306
-2917
-2499
-2238
-2103
-2116
-1840
-1112
-173
297
299
297
469
910
1241
1633
1666
1450
991
630
481
278
119
-252
-973
-2046
-2926
-3314
-3246
-3370
-3687
-4656
-5317
-4168
-2855
-2601
-3614
-3365
-2770
-1757
128
1202
859
-429
906
2903
4504
4934
4735
4422
4312
5541
6468
6444
5340
4512
4302
4214
3913
3096
1957
876
43
-348
-984
-1704
-2298
-2602
-2884
-3322
-3530
-3482
-2998
-2570
-2251
-2200
-2155
-1686
-752
236
534
567
607
961
1443
1793
2122
1982
1717
1263
984
691
321
91
-399
-1113
-2272
-3071
-3571
-3583
-3755
-4140
-5043
-5799
-4531
-3272
-2975
-4115
-3821
-2956
-1862
37
1053
857
-407
1068
3270
4833
5129
4787
4581
4519
5818
6765
6585
5327
4404
4332
4194
3868
2935
1737
583
-304
-634
-1293
-1978
-2657
-2908
-3189
-3577
-3698
-3613
-3008
-2614
-2248
-2209
-2035
-1380
-388
541
748
833
998
1454
1945
2200
2432
2298
2001
1574
1166
811
249
70
-410
-1120
-2355
-3332
-3719
-3848
-3782
-4345
-5119
-6139
-4961
-3486
-3005
-3920
-4095
-2978
-2064
-38
1155
1300
59
992
3353
4907
5472
5126
4958
4798
5727
6844
6710
5639
4550
4320
4210
3730
2974
1690
606
-463
-862
-1427
-2174
-2772
-3130
-3264
-3722
-3782
-3684
-3146
-2679
-2310
-2068
-1931
-1321
-396
493
863
954
1247
1592
1985
2211
2383
2380
2056
1683
1057
589
36
-136
-465
-1233
-2462
-3699
-4166
-4228
-4067
-4563
-5398
-6569
-5697
-3961
-3137
-3862
-4380
-3329
-2426
-312
1198
1642
380
782
3176
4966
5882
5619
5501
5223
5937
7026
7148
6282
5138
4675
4483
4000
3192
1931
917
-137
-811
-1520
-2302
-2893
-3238
-3254
-3695
-3958
-4062
-3510
-2853
-2301
-1989
-1839
-1404
-574
459
1154
1377
1537
1845
2175
2453
2546
2623
2374
2011
1350
726
150
-211
-455
-1154
-2325
-3736
-4498
-4639
-4540
-4877
-5646
-6823
-6661
-4888
-3584
-3840
-4682
-3959
-2920
-1041
943
1787
931
523
2679
4826
6172
6180
5956
5653
6019
7138
7553
6959
5704
4936
4575
4180
3434
2224
1078
-19
-896
-1689
-2448
-3081
-3491
-3564
-3905
-4286
-4514
-4021
-3216
-2502
-2099
-1868
-1482
-742
399
1375
1785
1836
2079
2470
2797
2858
2866
2708
2372
1802
1144
502
-75
-464
-1039
-2073
-3472
-4510
-4893
-4931
-5174
-5775
-6709
-7309
-5987
-4254
-3697
-4547
-4516
-3341
-1849
357
1760
1758
766
1889
4306
6108
6686
6367
6051
6008
6834
7703
7511
6357
5148
4594
4320
3655
2686
1353
199
-904
-1639
-2274
-2986
-3492
-3767
-3921
-4315
-4516
-4197
-3417
-2598
-2048
-1677
-1365
-724
336
1500
2098
2156
2221
2545
2934
3038
2911
2680
2393
1919
1242
493
-260
-913
-1415
-2166
-3324
-4648
-5500
-5734
-5783
-6055
-6634
-7443
-7325
-5504
-3992
-3888
-4565
-3762
-2341
-474
1609
2562
2155
1582
3541
5762
7162
7139
6659
6312
6448
7497
7923
7202
5710
4604
4310
3877
3144
1855
456
-732
-1670
-2095
-2774
-3376
-3909
-3978
-4104
-4254
-4110
-3519
-2649
-1935
-1314
-920
-446
323
1458
2402
2678
2591
2655
2965
3162
3058
2737
2365
1917
1253
453
-408
-1282
-1933
-2482
-3302
-4583
-5815
-6471
-6577
-6515
-6752
-7177
-7908
-7200
-5154
-3650
-3786
-4215
-2940
-1423
732
2567
3387
2671
2457
4652
6703
7832
7362
6817
6349
6708
7631
7699
6725
5067
4116
3830
3409
2486
1030
-284
-1310
-2045
-2440
-3096
-3617
-4004
-3873
-3811
-3788
-3547
-2898
-1973
-1262
-576
-166
346
1014
1995
2788
2943
2831
2819
2980
2923
2660
2299
1893
1306
474
-387
-1245
-2070
-2650
-3236
-4087
-5349
-6365
-6754
-6747
-6609
-6793
-7086
-7621
-6587
-4484
-3149
-3271
-3449
-1952
-562
1487
3127
3819
3119
3060
5188
6856
7696
7095
6628
6179
6442
7145
6971
5967
4378
3593
3300
2799
1829
430
-662
-1508
-2037
-2404
-2971
-3397
-3655
-3378
-3171
-3047
-2838
-2265
-1420
-707
9
422
771
1210
2014
2804
2974
2829
2667
2595
2391
2118
1839
1366
617
-279
-1050
-1808
-2538
-3143
-3741
-4529
-5564
-6380
-6620
-6617
-6457
-6527
-6711
-7008
-6113
-4049
-2802
-2644
-2740
-1386
-173
1586
3357
4041
3481
3196
5095
6584
7385
6960
6484
5946
5957
6605
6552
5669
4159
3324
2959
2512
1620
405
-652
-1379
-1881
-2164
-2644
-3023
-3224
-2897
-2549
-2485
-2370
-1970
-1098
-332
387
694
817
1084
1846
2754
2946
2652
2285
2147
1978
1747
1421
855
73
-742
-1424
-2143
-2919
-3521
-4030
-4599
-5451
-6254
-6589
-6614
-6304
-6183
-6199
-6509
-6153
-4237
-2507
-1924
-2221
-1491
-258
1167
3197
4257
3951
3042
4180
5983
6991
7028
6353
5771
5365
5929
6353
5825
4517
3322
2974
2615
1911
929
-100
-772
-1418
-1699
-2149
-2587
-2736
-2533
-2034
-2127
-2160
-2055
-1223
-293
365
669
518
666
1234
2306
2670
2304
1729
1501
1491
1325
1052
555
-183
-910
-1575
-2163
-2893
-3483
-3867
-4316
-4950
-5834
-6305
-6412
-6056
-5709
-5654
-5805
-6058
-4676
-2593
-1352
-1539
-1621
-491
657
2590
4168
4457
3332
3236
5023
6438
6980
6499
5817
5181
5264
6067
6065
5102
3755
3091
2830
2199
1569
678
-50
-846
-1363
-1730
-2255
-2391
-2308
-1900
-1983
-2247
-2238
-1670
-662
-26
324
119
47
486
1459
2121
1772
1167
764
830
796
600
285
-395
-1020
-1605
-2032
-2613
-3197
-3520
-3829
-4281
-5081
-5651
-5868
-5567
-5191
-5025
-5117
-5473
-4932
-2933
-1276
-1036
-1581
-967
234
1638
3529
4240
3636
2633
3839
5573
6485
6500
5820
5243
4913
5671
6146
5607
4456
3504
3194
2719
2233
1629
815
51
-796
-1142
-1656
-1868
-1881
-1717
-1706
-2197
-2264
-1950
-1054
-487
-154
-257
-482
-174
601
1457
1285
724
276
317
423
262
64
-455
-1037
-1520
-1811
-2302
-2945
-3389
-3530
-3862
-4496
-5126
-5526
-5458
-5121
-4752
-4801
-5085
-5196
-3599
-1726
-992
-1456
-1375
-225
833
2740
3891
3806
2597
3028
4869
6079
6496
5973
5398
4872
5424
6176
6009
4967
3937
3469
3187
2721
2219
1364
568
-299
-779
-1153
-1581
-1671
-1756
-1603
-2029
-2276
-2175
-1535
-915
-604
-507
-776
-653
-98
824
1063
583
142
102
326
292
93
-281
-786
-1208
-1426
-1801
-2455
-3068
-3231
-3368
-3868
-4510
-5141
-5351
-5195
-4669
-4557
-4765
-5247
-4481
-2468
-1258
-1239
-1656
-795
100
1797
3426
3913
2991
2527
4104
5649
6570
6307
5771
5126
5342
6224
6468
5701
4519
3882
3588
3237
2707
1883
940
47
-547
-915
-1438
-1786
-2002
-1982
-2156
-2483
-2572
-2280
-1699
-1285
-1045
-1136
-1179
-838
-102
536
386
-2
-144
53
167
45
-233
-621
-942
-1193
-1457
-2017
-2616
-2945
-3000
-3294
-3906
-4586
-5071
-5005
-4636
-4264
-4399
-4771
-4825
-3317
-1553
-940
-1221
-1164
-202
938
2854
3936
3789
2825
3360
5017
6276
6720
6211
5647
5277
5970
6510
6284
5245
4307
3820
3501
3043
2362
1443
492
-231
-674
-1141
-1702
-1992
-2160
-2200
-2520
-2732
-2761
-2397
-1905
-1556
-1448
-1580
-1460
-976
-213
110
-94
-315
-291
-118
-60
-167
-411
-703
-946
-1239
-1593
-2126
-2520
-2727
-2900
-3377
-4004
-4582
-4794
-4548
-4280
-4196
-4521
-4747
-4277
-2501
-1253
-1031
-1415
-935
109
1546
3321
3902
3450
2811
4019
5536
6636
6685
6168
5613
5619
6345
6624
6209
5122
4271
3824
3429
2895
2188
1293
394
-377
-837
-1428
-1820
-2085
-2159
-2413
-2834
-3051
-2932
-2364
-1938
-1675
-1785
-1870
-1591
-847
-87
8
-247
-443
-285
-39
25
-81
-386
-669
-985
-1213
-1576
-2078
-2453
-2706
-2971
-3551
-4119
-4623
-4629
-4423
-4218
-4397
-4726
-4898
-3809
-2004
-1148
-1387
-1659
-746
314
2210
3607
3896
2936
2976
4634
6160
7019
6666
6173
5584
6031
6676
6908
6138
4937
4176
3764
3324
2730
2008
1063
16
-810
-1276
-1808
-2077
-2320
-2438
-2950
-3363
-3416
-2921
-2288
-2014
-1922
-2098
-1940
-1356
-400
136
-40
-298
-301
71
262
207
-16
-350
-617
-914
-1167
-1672
-2190
-2508
-2715
-3127
-3830
-4419
-4718
-4570
-4299
-4246
-4620
-4976
-4710
-2921
-1417
-1076
-1621
-1339
-205
1180
3250
4054
3770
2759
3798
5568
6885
7180
6561
6017
5672
6448
6895
6724
5538
4411
3839
3404
2909
2240
1356
330
-775
-1337
-1854
-2232
-2528
-2698
-2937
-3520
-3631
-3459
-2718
-2353
-2114
-2150
-2162
-1718
-946
-74
28
-193
-310
-55
269
271
132
-124
-361
-621
-934
-1336
-1897
-2242
-2371
-2582
-3186
-3910
-4365
-4346
-4068
-3768
-4012
-4418
-4624
-3571
-1729
-862
-1011
-1422
-563
525
2324
3861
3992
3218
2941
4609
6036
6926
6669
5979
5514
5643
6491
6515
5893
4588
3797
3421
2921
2481
1570
686
-394
-1130
-1570
-2112
-2386
-2711
-2767
-3241
-3531
-3496
-3122
-2514
-2302
-2056
-2172
-1958
-1385
-571
-20
-162
-275
-249
108
236
123
9
-213
-379
-760
-1098
-1636
-2103
-2257
-2358
-2724
-3490
-4098
-4340
-4106
-3814
-3728
-4121
-4454
-4197
-2568
-1102
-764
-1226
-1102
44
1287
3187
3974
3679
2869
3585
5312
6434
6844
6235
5685
5441
6057
6577
6261
5267
4129
3627
3300
2771
2134
1098
220
-712
-1227
-1753
-2284
-2501
-2782
-2877
-3391
-3462
-3415
-2908
-2380
-2136
-1982
-2077
-1681
-1046
-245
54
-96
-199
-107
241
268
118
-25
-215
-436
-865
-1219
-1812
-2193
-2332
-2520
-3071
-3844
-4369
-4446
-4158
-3917
-4032
-4441
-4606
-3975
-2099
-902
-750
-1374
-777
468
2024
3727
4136
3672
2984
4272
5861
6940
6841
6195
5726
5715
6394
6593
6127
4929
3904
3476
3104
2501
1630
634
-236
-1104
-1591
-2227
-2601
-2904
-3066
-3234
-3616
-3693
-3595
-2891
-2382
-2084
-2078
-2011
-1547
-840
-64
138
-7
-163
-14
319
305
117
-92
-237
-519
-888
-1256
-1842
-2151
-2304
-2502
-3121
-3834
-4299
-4270
-3921
-3716
-3889
-4266
-4264
-3473
-1639
-520
-477
-1028
-332
994
2595
4084
4320
3812
3265
4601
6057
6985
6642
6002
5581
5598
6120
6171
5682
4459
3528
3069
2659
2001
1110
241
-586
-1405
-1923
-2497
-2750
-3071
-3145
-3323
-3633
-3740
-3486
-2700
-2273
-2053
-2101
-1891
-1410
-685
3
100
-74
-186
69
340
253
12
-155
-239
-537
-857
-1263
-1763
-2015
-2087
-2288
-2945
-3660
-4070
-3938
-3590
-3412
-3700
-4009
-3963
-3132
-1453
-436
-480
-1011
-255
1046
2580
3879
4129
3620
3168
4444
5866
6716
6373
5788
5361
5358
5814
5944
5493
4368
3445
2986
2583
1939
1110
305
-536
-1383
-1928
-2449
-2700
-3032
-3107
-3335
-3653
-3746
-3419
-2687
-2292
-2094
-2091
-1872
-1397
-680
9
137
-8
-37
206
454
379
200
66
-14
-331
-695
-1074
-1534
-1779
-1876
-2084
-2793
-3548
-3962
-3862
-3596
-3457
-3713
-4055
-4015
-3310
-1721
-680
-564
-1041
-421
794
2166
3595
4046
3685
3120
4159
5558
6499
6473
5977
5473
5237
5585
5858
5549
4593
3515
2923
2433
1823
1121
338
-504
-1544
-2101
-2664
-2873
-3148
-3230
-3452
-3786
-3828
-3563
-2806
-2341
-2026
-1925
-1745
-1302
-638
126
397
347
306
376
605
611
506
266
147
-147
-626
-991
-1485
-1771
-1999
-2186
-2790
-3571
-4011
-4081
-3777
-3651
-3654
-3998
-3992
-3475
-2098
-647
-200
-500
-374
815
2063
3560
4431
4267
3538
3910
5346
6425
6700
6278
5647
5129
5187
5579
5489
4644
3409
2542
2036
1440
857
148
-691
-1764
-2432
-2852
-3120
-3277
-3350
-3464
-3725
-3791
-3524
-2853
-2255
-1915
-1690
-1517
-1167
-577
147
541
506
460
417
575
668
625
289
53
-152
-554
-903
-1393
-1767
-2113
-2279
-2669
-3277
-3754
-4000
-3803
-3602
-3391
-3543
-3593
-3276
-2369
-845
75
131
-119
609
1747
3083
4284
4506
3871
3506
4528
5767
6390
6193
5487
4744
4521
4956
5211
4641
3431
2271
1722
1333
942
370
-501
-1509
-2289
-2554
-2788
-2935
-3065
-3167
-3292
-3372
-3166
-2706
-2136
-1723
-1468
-1260
-1091
-665
-62
467
567
412
310
296
526
616
385
-68
-344
-531
-785
-1083
-1543
-1969
-2354
-2535
-2818
-3208
-3567
-3795
-3623
-3378
-3141
-3224
-3135
-2820
-1891
-422
323
246
-18
767
1896
3190
4214
4199
3510
3177
4350
5531
6048
5620
4795
4161
4123
4714
4901
4231
2935
1892
1586
1387
1104
464
-450
-1428
-2066
-2151
-2351
-2480
-2747
-2834
-2950
-2977
-2772
-2393
-1882
-1579
-1312
-1176
-1030
-704
-156
362
418
227
85
136
346
449
260
-234
-561
-674
-773
-1022
-1480
-1946
-2346
-2481
-2657
-2941
-3254
-3562
-3474
-3223
-2905
-2926
-2899
-2668
-2000
-568
409
534
26
511
1643
2889
4014
4203
3635
2972
3830
5140
5831
5549
4724
4092
3937
4453
4753
4225
3053
1934
1593
1482
1191
573
-337
-1203
-1917
-2051
-2246
-2468
-2729
-2867
-2853
-2940
-2820
-2603
-2122
-1752
-1470
-1272
-1209
-995
-585
-2
249
132
-20
-48
167
335
351
-33
-453
-603
-593
-645
-1018
-1470
-1915
-2107
-2198
-2314
-2528
-2845
-3018
-2851
-2574
-2390
-2428
-2298
-1977
-1038
73
519
298
195
1052
2024
3150
3696
3505
2882
2985
4085
4898
5110
4572
4009
3711
3935
4283
4065
3314
2351
1785
1623
1347
824
16
-715
-1366
-1772
-1981
-2315
-2548
-2747
-2707
-2748
-2829
-2743
-2478
-1994
-1694
-1439
-1389
-1332
-1019
-498
37
124
39
-44
110
412
605
535
103
-192
-209
-143
-267
-691
-1125
-1528
-1655
-1709
-1857
-2180
-2558
-2705
-2586
-2369
-2306
-2403
-2292
-2011
-1172
-362
-19
-157
-81
741
1546
2575
2969
2953
2500
2814
3726
4410
4708
4315
4021
3713
3939
4119
3968
3356
2555
2067
1686
1334
824
178
-518
-1201
-1653
-2006
-2235
-2454
-2607
-2655
-2822
-2884
-2813
-2456
-2095
-1741
-1553
-1506
-1364
-980
-358
107
276
245
273
494
823
1082
1020
620
215
169
298
149
-299
-841
-1295
-1482
-1544
-1677
-2115
-2608
-2872
-2781
-2569
-2527
-2641
-2747
-2564
-2118
-1020
-301
-179
-502
-38
944
1917
2877
3102
2873
2430
3216
4207
4850
4815
4367
3965
3733
4038
4164
3861
3024
2148
1615
1233
873
349
-320
-1109
-1807
-2210
-2479
-2606
-2749
-2828
-2934
-3095
-3092
-2837
-2376
-1985
-1650
-1455
-1284
-981
-444
206
610
718
690
813
1074
1351
1477
1319
837
376
337
432
174
-337
-921
-1419
-1659
-1756
-1929
-2364
-2828
-3120
-3001
-2782
-2659
-2802
-2799
-2614
-2130
-981
-129
39
-374
185
1148
2203
3133
3441
3095
2617
3413
4428
5058
4894
4364
3828
3590
3836
3938
3524
2584
1611
1095
732
393
-166
-856
-1662
-2297
-2573
-2782
-2851
-2986
-2955
-3054
-3065
-2962
-2589
-2090
-1657
-1253
-983
-670
-302
308
898
1250
1332
1300
1405
1586
1762
1731
1445
922
417
277
215
-77
-610
-1212
-1766
-2087
-2247
-2452
-2773
-3146
-3409
-3376
-3140
-2925
-2903
-2799
-2535
-2050
-1039
-163
190
21
480
1332
2237
3121
3458
3264
2869
3412
4212
4732
4647
4111
3597
3310
3426
3423
3026
2209
1315
806
472
194
-313
-989
-1642
-2178
-2391
-2551
-2582
-2702
-2708
-2670
-2596
-2360
-2061
-1556
-1157
-762
-437
-108
281
693
1195
1476
1599
1547
1528
1642
1713
1651
1309
868
326
-34
-115
-322
-715
-1370
-1925
-2308
-2531
-2584
-2806
-3081
-3491
-3584
-3393
-3039
-2810
-2824
-2583
-2295
-1591
-599
217
384
241
824
1628
2492
3158
3378
3051
2702
3301
3995
4411
4126
3578
3112
2900
3037
2932
2560
1774
1045
616
303
84
-427
-985
-1559
-1937
-2131
-2289
-2242
-2292
-2225
-2188
-2004
-1784
-1461
-968
-571
-197
34
295
644
1012
1397
1586
1655
1522
1454
1539
1591
1474
1062
627
98
-283
-411
-574
-941
-1623
-2178
-2514
-2718
-2752
-2918
-3153
-3611
-3742
-3498
-3069
-2777
-2856
-2664
-2402
-1829
-856
169
518
167
485
1304
2162
2909
3339
3164
2502
2798
3622
4304
4234
3665
3138
2795
2923
2983
2847
2168
1263
725
432
291
-131
-635
-1224
-1742
-1982
-2122
-2044
-2084
-2034
-2021
-1875
-1664
-1369
-873
-453
-84
150
383
705
1083
1493
1718
1777
1660
1576
1656
1734
1666
1278
827
297
-153
-383
-540
-869
-1526
-2194
-2639
-2930
-3048
-3135
-3364
-3804
-4092
-3943
-3562
-3202
-3159
-3044
-2793
-2333
-1496
-422
237
155
270
965
1809
2603
3255
3389
2914
2811
3461
4179
4387
4021
3524
3105
2996
3062
3009
2512
1626
924
540
321
-12
-456
-992
-1550
-1898
-2005
-1994
-1987
-1924
-1850
-1732
-1564
-1277
-840
-367
46
351
601
843
1174
1566
1864
1944
1848
1727
1696
1728
1682
1362
881
311
-204
-604
-865
-1181
-1696
-2331
-2910
-3277
-3497
-3565
-3677
-3947
-4231
-4258
-3967
-3557
-3286
-3131
-2867
-2389
-1819
-892
86
634
685
988
1752
2512
3289
3800
3771
3300
3321
3883
4387
4399
3961
3413
2932
2775
2805
2597
1914
994
363
21
-196
-407
-810
-1373
-1899
-2052
-1993
-1884
-1808
-1692
-1525
-1399
-1132
-735
-245
179
542
843
1078
1320
1617
1925
2067
1992
1862
1731
1601
1469
1272
895
320
-258
-810
-1275
-1741
-2071
-2475
-2964
-3466
-3827
-3980
-4036
-3990
-4041
-4118
-4083
-3799
-3306
-2853
-2544
-2258
-1737
-1124
-432
597
1360
1612
1584
2135
2852
3450
3972
4062
3678
3175
3438
3877
4063
3726
3137
2547
2143
2096
1995
1584
804
76
-283
-462
-531
-733
-1029
-1429
-1686
-1658
-1508
-1263
-1118
-851
-741
-609
-375
71
551
858
1076
1124
1200
1315
1574
1723
1596
1296
977
790
648
491
171
-363
-924
-1442
-1818
-2161
-2452
-2708
-3043
-3345
-3618
-3719
-3719
-3595
-3437
-3343
-3199
-2957
-2579
-2092
-1658
-1326
-972
-450
29
631
1445
1897
1963
1931
2399
2760
3131
3422
3323
2871
2481
2748
2940
3029
2723
2272
1805
1538
1524
1417
1150
629
189
-8
-94
-123
-246
-357
-637
-831
-828
-671
-455
-343
-174
-229
-201
-83
279
565
667
627
480
452
503
662
617
337
-10
-250
-311
-390
-551
-859
-1239
-1568
-1823
-1951
-2131
-2212
-2341
-2482
-2588
-2687
-2692
-2611
-2407
-2204
-2049
-1902
-1704
-1462
-1067
-760
-542
-288
25
254
661
1239
1518
1497
1388
1657
1866
2178
2475
2432
2076
1772
2006
2258
2493
2409
2086
1747
1572
1633
1683
1596
1208
794
619
504
416
353
154
-191
-455
-518
-475
-421
-425
-471
-558
-604
-540
-369
-253
-208
-258
-336
-317
-264
-191
-155
-274
-387
-442
-462
-481
-569
-655
-770
-974
-1167
-1289
-1394
-1358
-1384
-1549
-1782
-1897
-1957
-1896
-1734
-1632
-1652
-1679
-1591
-1420
-1117
-964
-862
-702
-422
-253
184
716
978
970
962
1292
1636
2071
2428
2502
2149
1995
2268
2680
2968
2886
2563
2179
1996
2052
2091
1910
1412
849
605
337
195
79
-295
-829
-1100
-1245
-1290
-1191
-1271
-1329
-1475
-1432
-1299
-1075
-881
-707
-601
-613
-407
-252
-55
163
246
258
227
251
274
277
298
180
-95
-410
-583
-673
-707
-784
-1136
-1536
-1693
-1751
-1752
-1682
-1728
-1916
-1964
-1898
-1664
-1452
-1385
-1268
-1158
-799
-516
-60
425
690
734
871
1324
1680
2215
2483
2570
2273
2151
2511
2822
3109
2879
2581
2187
1957
1996
1933
1707
1096
613
250
16
-113
-301
-674
-1288
-1482
-1636
-1620
-1483
-1551
-1598
-1754
-1601
-1376
-1074
-817
-630
-446
-366
-81
160
411
644
769
800
768
823
789
815
785
563
243
-109
-288
-437
-545
-737
-1138
-1523
-1692
-1731
-1778
-1806
-1950
-2113
-2133
-1979
-1740
-1609
-1527
-1439
-1269
-915
-527
-125
276
536
655
892
1299
1678
2082
2319
2348
2167
2097
2331
2569
2675
2491
2220
1889
1656
1586
1493
1211
757
333
-24
-245
-383
-565
-892
-1262
-1471
-1535
-1488
-1352
-1302
-1289
-1291
-1138
-870
-578
-275
-62
142
291
497
717
920
1096
1160
1149
1100
1038
955
888
726
444
100
-219
-437
-625
-797
-1055
-1396
-1696
-1868
-1925
-1964
-2027
-2153
-2245
-2219
-2042
-1826
-1665
-1524
-1435
-1237
-908
-511
-83
263
533
686
898
1234
1578
1916
2080
2097
1976
1921
2052
2199
2261
2136
1891
1594
1370
1250
1133
921
587
210
-122
-346
-482
-640
-835
-1067
-1239
-1273
-1208
-1042
-915
-826
-743
-614
-379
-86
231
453
613
740
853
1020
1179
1294
1313
1249
1142
1022
908
756
544
244
-92
-392
-635
-829
-1023
-1275
-1570
-1831
-2009
-2092
-2121
-2167
-2249
-2306
-2287
-2164
-1974
-1794
-1639
-1497
-1303
-1007
-619
-218
126
381
564
773
1067
1407
1701
1867
1876
1825
1830
1935
2093
2173
2091
1880
1635
1450
1340
1240
1052
762
441
147
-58
-192
-326
-495
-678
-823
-867
-790
-667
-537
-448
-390
-286
-110
125
363
552
665
728
799
889
986
1055
1038
953
815
655
503
327
104
-171
-470
-745
-970
-1145
-1325
-1522
-1740
-1935
-2060
-2126
-2147
-2170
-2186
-2184
-2125
-2014
-1874
-1713
-1554
-1361
-1112
-810
-470
-137
138
361
572
819
1093
1361
1564
1662
1682
1696
1776
1890
1999
2027
1949
1801
1651
1535
1429
1303
1107
874
643
437
283
157
15
-134
-261
-351
-371
-322
-251
-178
-129
-84
-21
82
215
339
434
479
503
532
568
602
604
553
446
308
159
-1
-176
-382
-614
-844
-1054
-1230
-1377
-1515
-1660
-1796
-1915
-2001
-2044
-2069
-2064
-2038
-1976
-1899
-1803
-1689
-1566
-1382
-1177
-917
-638
-352
-74
161
401
619
892
1140
1366
1531
1624
1699
1758
1873
1964
2044
2047
1986
1892
1780
1685
1555
1414
1219
1021
826
633
466
286
126
-25
-143
-214
-246
-246
-238
-210
-191
-152
-93
-20
70
143
195
238
280
323
371
407
403
364
289
184
74
-64
-227
-407
-604
-792
-962
-1119
-1281
-1432
-1589
-1735
-1852
-1965
-2038
-2094
-2112
-2101
-2046
-1978
-1898
-1780
-1654
-1458
-1241
-988
-723
-446
-157
110
387
624
915
1179
1422
1624
1762
1877
1953
2077
2163
2244
2257
2202
2121
2005
1904
1763
1622
1421
1209
992
755
543
316
119
-65
-210
-322
-392
-424
-461
-465
-465
-439
-381
-304
-218
-145
-88
-39
21
80
147
209
235
230
193
126
42
-65
-208
-355
-510
-667
-812
-957
-1127
-1288
-1448
-1609
-1736
-1854
-1948
-2010
-2039
-2039
-1994
-1930
-1854
-1724
-1579
-1382
-1150
-908
-645
-367
-74
199
483
734
1004
1281
1513
1725
1879
1995
2080
2189
2276
2332
2334
2256
2158
2032
1913
1771
1604
1394
1160
933
696
480
258
51
-140
-299
-415
-492
-529
-562
-571
-565
-530
-470
-395
-320
-259
-208
-166
-111
-59
-4
42
59
48
16
-43
-121
-218
-346
-475
-610
-746
-873
-1004
-1152
-1297
-1426
-1558
-1651
-1735
-1798
-1822
-1823
-1793
-1727
-1640
-1547
-1404
-1248
-1055
-829
-604
-352
-97
169
423
677
893
1101
1317
1490
1656
1779
1864
1922
1990
2043
2074
2071
1999
1906
1787
1661
1524
1365
1174
966
775
578
398
226
51
-111
-240
-343
-407
-429
-444
-440
-416
-387
-340
-273
-231
-190
-150
-134
-103
-69
-49
-36
-37
-73
-117
-176
-272
-370
-489
-621
-748
-866
-994
-1106
-1221
-1342
-1430
-1519
-1583
-1624
-1654
-1659
-1629
-1576
-1500
-1392
-1296
-1162
-1009
-835
-627
-417
-190
35
278
504
729
924
1089
1259
1394
1523
1626
1702
1746
1787
1828
1850
1855
1812
1743
1639
1521
1391
1239
1077
893
719
553
392
243
97
-40
-160
-246
-309
-342
-350
-353
-339
-320
-294
-260
-228
-206
-189
-171
-164
-142
-123
-117
-120
-143
-185
-248
-327
-431
-536
-647
-762
-867
-971
-1067
-1165
-1249
-1328
-1391
-1437
-1470
-1483
-1482
-1454
-1414
-1337
-1251
-1154
-1036
-906
-752
-571
-374
-180
37
242
449
656
839
1005
1157
1291
1402
1510
1584
1636
1674
1697
1721
1723
1696
1642
1557
1445
1326
1185
1029
873
701
538
396
252
120
8
-104
-187
-232
-274
-287
-281
-282
-262
-237
-225
-200
-180
-184
-166
-156
-156
-132
-132
-155
-166
-210
-284
-341
-443
-550
-634
-746
-845
-923
-1025
-1114
-1176
-1263
-1313
-1338
-1383
-1385
-1369
-1356
-1304
-1223
-1155
-1046
-929
-818
-664
-504
-340
-153
38
209
404
587
745
914
1045
1166
1275
1356
1423
1478
1502
1511
1519
1497
1469
1419
1338
1251
1144
1015
891
759
608
480
355
224
132
43
-45
-93
-128
-165
-166
-161
-167
-146
-130
-122
-97
-79
-78
-58
-52
-51
-37
-51
-68
-97
-151
-211
-286
-377
-465
-566
-667
-751
-849
-937
-1015
-1102
-1171
-1224
-1279
-1308
-1317
-1328
-1302
-1258
-1202
-1117
-1023
-918
-798
-666
-523
-368
-209
-42
123
289
456
613
759
900
1016
1107
1205
1267
1314
1363
1369
1363
1363
1325
1276
1234
1149
1053
977
857
739
647
520
402
325
225
137
93
32
-15
-20
-46
-65
-49
-59
-66
-40
-36
-43
-18
-21
-35
-12
-35
-63
-73
-131
-188
-238
-331
-418
-495
-602
-695
-773
-866
-947
-1019
-1093
-1155
-1204
-1245
-1274
-1285
-1285
-1272
-1233
-1173
-1105
-1009
-906
-801
-669
-535
-397
-241
-90
59
220
370
514
663
794
904
1015
1100
1171
1246
1284
1311
1335
1331
1313
1300
1254
1195
1147
1064
972
897
791
686
609
510
412
348
269
197
165
114
64
52
14
-20
-19
-40
-67
-69
-91
-122
-120
-148
-187
-204
-252
-306
-346
-414
-492
-556
-641
-726
-791
-868
-942
-999
-1054
-1109
-1143
-1172
-1195
-1202
-1197
-1186
-1154
-1104
-1050
-976
-889
-798
-693
-581
-464
-337
-209
-81
53
186
315
437
558
672
773
867
951
1025
1084
1135
1175
1201
1219
1225
1221
1206
1186
1151
1108
1063
1002
938
873
799
725
655
583
507
439
372
304
247
184
121
71
14
-44
-94
-149
-209
-263
-319
-380
-433
-488
-551
-602
-655
-712
-761
-814
-867
-912
-952
-992
-1023
-1047
-1070
-1080
-1081
-1078
-1060
-1032
-1001
-958
-905
-845
-776
-700
-620
-538
-447
-351
-258
-154
-55
45
148
250
349
449
540
623
706
782
853
914
965
1012
1049
1077
1100
1113
1119
1119
1108
1091
1069
1036
997
953
902
845
787
724
657
592
518
447
371
294
217
139
66
-14
-90
-165
-242
-315
-388
-463
-535
-603
-668
-732
-788
-840
-889
-929
-966
-994
-1019
-1039
-1054
-1062
-1062
-1057
-1042
-1024
-998
-962
-921
-870
-812
-752
-684
-613
-535
-454
-372
-284
-197
-107
-14
73
169
257
347
434
516
600
674
749
816
875
927
973
1014
1046
1071
1089
1097
1097
1092
1077
1060
1035
997
957
907
853
792
728
656
580
506
426
347
262
176
93
8
-76
-159
-243
-326
-405
-481
-553
-622
-689
-750
-804
-853
-895
-934
-965
-992
-1012
-1022
-1025
-1022
-1015
-999
-980
-954
-915
-876
-829
-777
-723
-663
-596
-525
-449
-372
-293
-212
-127
-43
41
126
205
285
360
433
502
567
630
688
742
790
834
872
905
927
945
953
956
954
942
926
901
870
838
799
756
709
658
601
536
475
409
342
270
198
127
56
-11
-79
-145
-212
-275
-336
-398
-453
-508
-560
-606
-647
-685
-718
-745
-764
-777
-785
-793
-797
-794
-788
-779
-762
-741
-717
-685
-648
-605
-561
-513
-462
-413
-359
-307
-253
-195
-136
-78
-21
40
100
159
219
276
325
374
417
456
491
524
555
581
607
628
650
665
674
676
677
671
659
641
618
593
566
538
507
477
442
405
368
328
283
237
191
143
95
51
6
-40
-81
-122
-158
-196
-235
-270
-307
-340
-372
-400
-425
-451
-471
-488
-496
-501
-507
-510
-514
-516
-517
-515
-511
-508
-496
-484
-464
-438
-411
-380
-351
-322
-290
-261
-232
-202
-174
-142
-110
-71
-33
6
46
86
131
168
202
235
265
293
317
342
365
389
412
433
454
471
489
501
508
509
508
506
496
486
473
457
441
422
399
377
349
323
293
260
233
200
167
131
92
57
16
-26
-65
-105
-143
-182
-217
-252
-285
-312
-342
-367
-390
-412
-435
-456
-478
-497
-513
-528
-537
-542
-542
-539
-527
-511
-491
-470
-451
-429
-406
-385
-360
-334
-307
-276
-241
-201
-159
-111
-62
-13
34
80
126
168
207
242
276
308
340
369
398
427
454
478
502
521
538
549
556
557
556
547
535
523
506
490
472
452
430
407
383
360
331
301
268
229
194
153
112
70
27
-13
-54
-92
-132
-170
-206
-243
-277
-311
-344
-372
-403
-430
-455
-481
-502
-519
-535
-546
-553
-555
-553
-548
-538
-523
-507
-490
-470
-450
-428
-404
-379
-351
-321
-287
-248
-206
-161
-112
-66
-17
27
71
113
149
183
215
243
273
301
327
357
385
415
440
463
481
492
500
506
506
499
487
477
465
451
442
430
418
404
388
371
348
322
292
259
218
179
142
104
69
36
6
-24
-55
-83
-113
-147
-183
-219
-256
-291
-322
-350
-373
-395
-412
-420
-432
-439
-448
-451
-453
-453
-450
-446
-437
-426
-410
-393
-371
-345
-323
-302
-277
-252
-221
-193
-161
-125
-90
-52
-12
26
61
94
124
152
176
198
217
235
255
275
293
317
337
353
368
378
382
382
378
371
362
349
336
324
315
308
299
293
283
272
259
239
219
196
167
137
105
75
48
25
2
-23
-40
-58
-79
-102
-128
-153
-183
-208
-234
-258
-277
-296
-309
-317
-323
-327
-335
-340
-345
-347
-348
-346
-341
-335
-324
-312
-299
-280
-263
-247
-232
-219
-202
-184
-163
-140
-113
-87
-56
-25
5
35
62
83
102
120
136
152
166
183
200
220
240
258
278
290
303
309
313
313
311
307
302
297
291
288
283
282
277
270
264
250
238
222
203
180
156
131
107
83
61
41
24
5
-15
-31
-52
-74
-95
-119
-142
-161
-182
-201
-217
-228
-240
-249
-255
-261
-266
-269
-272
-273
-274
-272
-266
-261
-254
-244
-235
-223
-212
-201
-188
-176
-161
-148
-132
-116
-95
-76
-56
-35
-16
4
21
38
53
68
79
92
106
116
129
140
153
164
174
182
190
194
196
199
201
200
198
196
194
189
184
180
174
167
159
152
145
134
123
111
100
87
76
63
48
37
24
10
-2
-13
-26
-39
-50
-59
-70
-78
-87
-96
-101
-109
-115
-121
-128
-134
-137
-140
-140
-138
-136
-132
-125
-120
-113
-109
-103
-97
-94
-89
-83
-79
-72
-62
-55
-45
-35
-23
-14
-5
4
10
15
20
23
29
31
33
37
42
45
49
51
54
54
54
56
56
54
54
51
45
42
38
35
30
26
23
22
22
21
20
22
22
19
20
17
11
12
7
5
4
2
2
1
0
1
1
0
1
-3
-4
-7
-9
-12
-14
-15
-15
-15
-15
-14
-15
-14
-13
-14
-15
-17
-19
-21
-21
-22
-23
-21
-19
-16
-12
-12
-10
-7
-7
-6
-7
-8
-7
-7
-6
-4
-6
-4
-2
1
4
5
8
10
11
10
8
10
10
9
9
9
9
9
8
8
8
9
8
9
8
10
11
10
11
9
7
5
1
-2
-5
-6
-6
-6
-6
-5
-2
-2
-1
-2
-5
-9
-12
-16
-18
-18
-18
-17
-13
-11
-5
-3
-3
-3
-2
-5
-6
-9
-9
-10
-5
-3
0
4
6
9
11
10
8
9
5
5
8
9
11
15
21
21
28
28
27
30
25
24
25
24
26
28
28
30
33
32
33
32
30
28
26
25
25
24
22
23
23
22
23
18
17
15
11
9
8
5
4
4
2
3
2
1
0
-1
-3
-4
-7
-10
-10
-11
-15
-14
-15
-16
-15
-14
-15
-14
-13
-15
-16
-16
-20
-22
-22
-28
-26
-25
-27
-24
-21
-22
-18
-19
-21
-19
-21
-22
-24
-22
-26
-21
-19
-20
-17
-16
-18
-16
-17
-20
-16
-16
-17
-14
-12
-14
-14
-12
-16
-12
-12
-13
-10
-8
-9
-7
-7
-10
-10
-13
-15
-13
-13
-13
-7
-7
-8
-3
-6
-8
-6
-9
-11
-10
-11
-10
-6
-4
-4
2
0
-1
2
-1
-5
-3
-6
-6
-1
-1
1
5
5
6
9
8
6
7
7
7
8
10
13
15
16
16
19
19
17
19
19
19
21
22
22
24
27
27
27
29
27
27
27
25
25
26
25
27
27
26
27
27
26
27
24
21
22
22
17
19
21
18
20
18
15
17
15
11
7
7
4
3
6
6
4
6
5
4
4
0
-1
-3
-4
-6
-5
-6
-7
-6
-4
-5
-5
-5
-7
-8
-9
-10
-10
-9
-9
-10
-13
-14
-15
-14
-14
-15
-13
-13
-14
-13
-15
-18
-16
-17
-20
-18
-18
-18
-15
-17
-15
-13
-14
-14
-15
-16
-17
-17
-18
-16
-14
-13
-12
-10
-10
-11
-9
-10
-11
-10
-9
-10
-10
-10
-8
-8
-10
-9
-9
-9
-9
-9
-10
-9
-7
-7
-5
-7
-7
-6
-6
-5
-5
-4
-4
-2
0
0
1
0
-2
0
0
0
1
0
2
4
3
3
5
4
4
2
2
3
5
6
6
7
7
6
8
10
8
9
8
8
7
6
7
10
11
12
14
15
15
11
8
8
6
6
5
6
9
11
12
14
14
12
9
6
3
2
2
3
6
8
9
10
8
6
3
-2
-3
-5
-3
-1
1
3
5
6
4
3
0
-1
-3
-3
-1
0
4
5
4
4
2
-1
-1
-1
-1
-1
1
2
2
2
2
-1
-2
-2
-2
-1
-1
1
1
0
0
-1
0
0
-1
2
1
-1
0
-2
-3
-4
-3
-3
-4
-4
-2
-2
-3
-3
-4
-5
-6
-4
-4
-6
-5
-7
-7
-6
-8
-7
-5
-8
-7
-6
-7
-7
-8
-9
-8
-6
-8
-6
-6
-6
-6
-8
-10
-12
-11
-12
-12
-9
-7
-5
-6
-5
-5
-7
-8
-11
-11
-8
-5
-4
-2
0
0
1
-1
-3
-4
-5
-5
-2
-1
2
5
5
8
9
7
7
7
8
9
11
13
14
15
15
15
15
14
16
13
14
16
17
17
19
20
17
17
15
17
16
18
17
16
16
16
16
15
14
15
14
15
15
14
13
13
12
11
9
10
7
4
5
6
6
4
3
3
2
-1
-3
-4
-5
-7
-7
-8
-9
-10
-10
-11
-12
-13
-13
-14
-16
-17
-17
-15
-18
-20
-21
-20
-22
-22
-21
-23
-23
-24
-22
-23
-21
-22
-23
-22
-23
-22
-23
-22
-22
-20
-21
-21
-19
-18
-17
-15
-15
-14
-11
-11
-10
-10
-8
-7
-7
-6
-6
-5
-4
-2
1
1
3
5
5
7
8
9
10
11
12
12
13
15
16
16
17
17
17
17
20
19
20
21
22
23
24
23
23
22
24
24
22
22
22
21
21
22
21
19
21
21
20
20
19
18
17
17
16
15
14
15
13
12
10
10
10
10
9
7
5
4
2
1
2
1
0
-2
-4
-7
-7
-6
-9
-11
-11
-12
-10
-11
-14
-13
-14
-14
-16
-16
-17
-19
-19
-18
-18
-20
-20
-21
-20
-21
-21
-22
-21
-21
-20
-20
-20
-19
-22
-22
-19
-20
-19
-19
-19
-16
-17
-15
-14
-15
-14
-14
-15
-15
-14
-14
-10
-8
-7
-6
-4
-3
-2
0
-1
0
1
1
3
4
5
6
8
8
10
12
11
11
12
12
13
13
13
15
16
16
15
17
18
18
17
16
16
17
17
18
16
17
16
17
17
17
16
16
16
16
18
16
14
16
13
12
13
12
13
11
9
8
9
8
5
5
6
5
2
2
1
2
-1
-2
-2
-4
-3
-5
-5
-5
-5
-7
-9
-8
-8
-10
-12
-8
-9
-10
-10
-9
-10
-11
-10
-10
-11
-10
-12
-11
-10
-10
-11
-9
-11
-12
-11
-10
-11
-9
-9
-7
-6
-8
-8
-6
-5
-7
-7
-5
-4
-3
-4
-5
-4
-3
-3
-4
-2
-2
-1
1
1
1
-1
0
2
2
1
2
2
3
4
1
0
3
3
3
2
3
4
5
5
1
3
5
3
2
2
2
3
3
2
2
4
4
2
3
1
3
3
2
1
-1
2
4
2
1
2
2
2
1
1
0
0
0
0
-1
0
0
-1
-1
0
1
1
1
1
2
2
2
1
1
2
3
3
-1
2
2
2
2
1
2
2
2
2
1
0
0
0
-1
0
-1
-1
-1
0
1
1
0
1
1
-1
-1
0
1
0
0
0
-2
-2
0
-3
-1
-3
-2
-1
-4
-3
-2
-1
0
0
-1
2
0
-2
0
-2
0
0
-3
0
-1
-1
1
0
0
1
-1
0
1
-1
-1
-2
-2
-2
-1
-1
-1
-1
0
1
1
1
0
1
1
0
0
0
0
1
-1
0
3
0
0
2
2
1
2
0
3
3
1
2
-1
-2
1
-1
0
1
-2
-1
0
-1
-2
-1
-1
0
-1
1
-1
0
1
1
1
0
0
-2
-1
1
-1
0
0
-1
-1
-1
-3
0
-1
-1
0
1
1
1
0
1
1
-1
-1
-2
-2
-1
0
-1
0
1
0
1
-2
-1
1
-1
0
-1
0
1
1
0
0
-1
-1
2
0
1
0
1
3
2
0
1
2
1
2
0
0
2
-1
-1
-1
0
1
-2
-3
-1
1
1
-1
-2
0
2
-1
-2
-1
2
2
1
-1
0
1
1
-2
-1
0
3
1
0
-1
2
1
-3
-1
0
1
0
0
0
1
0
-1
-1
1
1
-1
-1
-1
1
0
0
0
1
2
0
1
1
1
1
-2
-2
0
2
0
-1
0
1
0
0
1
2
2
2
0
2
1
0
-2
0
1
0
0
-1
2
2
2
1
0
3
3
-1
-1
1
0
0
-2
2
3
1
1
2
2
1
-1
-1
0
-2
-3
-2
-3
-1
-3
-3
-1
1
0
0
-1
1
1
-2
-1
-2
2
1
-2
2
1
0
-1
-1
-2
1
-3
-2
0
-1
1
0
0
0
1
1
