SAMPLES:	19357
BITSPERSAMPLE:	16
CHANNELS:	1
SAMPLERATE:	16000
NORMALIZED:	FALSE
-3
-3
-3
-5
-4
-2
-3
-3
-2
-1
-2
-1
0
0
-1
0
-1
-2
-1
-1
-1
1
3
2
3
3
3
3
4
5
4
4
4
4
2
2
1
1
1
0
1
1
1
0
1
0
1
1
2
2
0
0
0
0
-1
-3
-1
-1
-2
-1
-2
-1
1
1
0
1
0
1
2
4
4
3
5
3
4
2
0
1
1
1
2
1
1
1
0
2
2
1
2
-1
-2
-1
-2
-2
-2
-2
-2
-2
-1
-2
-1
-1
0
0
-1
1
0
-1
-1
1
1
1
1
0
0
1
0
1
1
1
0
-1
0
-1
0
0
1
1
1
1
0
2
3
3
3
3
5
5
4
5
2
1
2
0
0
1
1
1
0
-1
-3
-2
-2
-4
-4
-2
-3
-3
-3
-5
-6
-4
-4
-4
-2
-2
-3
-3
-3
-2
-3
-3
-2
-2
-3
-2
-3
-3
-3
-4
-2
-1
-1
0
2
2
1
2
3
4
4
4
3
2
2
2
2
1
2
3
1
2
2
2
1
1
2
2
4
2
2
2
1
1
1
2
2
1
2
2
0
1
1
-1
-1
-1
-1
-3
-2
-2
1
0
-1
-1
1
1
1
2
1
2
2
1
0
1
1
1
2
1
0
-1
-1
0
1
0
1
1
1
1
1
0
0
-3
-4
-5
-4
-5
-5
-5
-6
-6
-6
-5
-3
-3
-2
-2
0
-1
-2
0
0
1
0
1
1
0
2
2
4
5
4
4
4
4
6
6
5
4
2
2
2
0
0
1
-1
-2
-2
-1
-1
-2
-1
-2
-2
-2
0
-1
-2
-2
-1
1
0
0
1
-1
0
-1
-1
-2
-2
-1
-1
0
3
5
5
6
6
5
3
2
1
0
-1
-1
-2
-1
0
2
0
0
1
1
1
0
-1
-1
-4
-3
-3
-4
-4
-4
-3
-3
-2
-1
0
-1
0
2
2
1
2
0
-1
0
-1
0
0
-1
-1
0
-1
-1
0
0
-1
-1
-1
-1
-1
-1
-1
-2
-3
-3
-2
-2
-3
-1
-1
0
-1
-2
1
2
3
2
2
2
1
1
1
1
0
-1
0
-2
-1
1
0
-1
-1
-1
-1
-1
-1
0
-1
-2
0
-2
0
-2
-1
-1
-1
-2
-1
0
1
2
2
2
2
2
3
3
2
3
1
3
4
2
3
4
4
2
3
4
3
3
3
2
1
0
0
-1
-2
-1
-1
-3
-4
-3
-2
-3
-1
-3
-4
-3
-4
-2
-2
-1
-1
-1
-1
-2
-2
-2
-1
-1
-2
0
-2
-1
-2
-4
-4
-4
-1
0
-1
0
0
0
-1
-1
-1
-1
1
0
1
2
2
2
2
4
2
2
0
0
-2
-2
-1
-1
1
0
-1
1
-1
1
2
-1
-1
-1
-2
-1
0
1
2
1
1
0
0
-1
1
2
3
0
0
1
1
2
3
3
4
4
6
5
5
5
4
4
4
4
4
5
4
5
6
4
3
3
2
3
1
1
0
0
-1
-1
-2
-1
0
-1
1
-1
-1
-1
-1
-3
-5
-6
-6
-5
-4
-4
-5
-3
-2
-1
0
1
2
1
0
-2
0
0
-1
-1
0
1
2
4
3
3
3
4
3
2
2
3
0
-1
-2
-2
-1
-3
-3
-2
-2
-1
-1
0
-1
1
1
1
0
-2
-4
-3
-4
-4
-5
-5
-4
-4
-3
-5
-4
-3
-3
-2
-3
-2
-2
-2
-3
-2
-2
-4
-5
-4
-6
-4
-3
-5
-1
-2
-2
-2
-1
2
2
2
3
2
0
0
1
1
1
2
1
1
3
2
3
2
2
2
1
2
2
0
1
2
0
1
2
3
2
3
2
3
3
0
2
0
0
-1
0
-1
0
0
-1
0
0
0
1
2
1
0
2
3
4
5
5
4
3
4
3
3
3
1
0
2
0
0
0
2
0
2
3
3
2
2
2
0
1
0
-3
-2
-4
-5
-6
-4
-2
-4
-4
-3
-4
-3
-2
-1
0
0
0
2
2
1
2
3
3
4
3
4
4
3
3
1
1
1
0
0
-2
-1
-1
-1
1
-1
1
0
0
-1
-1
-2
-4
-3
-5
-6
-6
-6
-6
-4
-5
-6
-6
-7
-6
-5
-4
-3
-4
-3
-5
-3
-3
-1
-1
-1
0
1
2
0
1
3
3
5
4
3
4
4
4
5
5
5
5
4
5
5
4
3
3
4
3
3
3
4
3
2
2
1
0
-2
-1
-2
-2
-4
-3
-4
-4
-2
-2
-3
-1
-2
-3
-2
-2
-2
-2
-2
-1
0
-1
-2
-1
1
-1
-1
1
-1
0
1
2
3
3
5
2
4
3
3
4
2
2
3
1
2
1
1
1
0
0
0
0
-1
-1
0
0
1
0
0
0
-2
-1
-1
-1
0
1
0
0
0
0
0
-1
-1
0
0
-1
0
0
-1
-1
1
0
0
0
0
-1
-2
-2
-2
-1
0
0
1
1
2
0
-1
0
-1
-1
0
0
0
0
0
1
0
0
-1
0
1
-1
-1
-1
-1
-1
0
-2
0
0
1
0
0
0
-1
-1
-1
-2
-1
1
2
2
1
0
1
0
1
1
0
0
-1
1
1
1
0
1
0
-1
0
1
0
0
0
-1
0
-1
-1
-1
0
0
0
-1
0
0
1
2
0
1
-1
-1
-1
0
0
0
-1
-2
-1
-1
0
0
0
1
1
0
1
2
0
1
1
0
0
-1
-1
0
-1
-1
0
0
0
1
-1
0
0
0
1
1
2
0
0
1
1
0
0
0
-1
0
-1
0
-1
0
0
0
0
0
0
0
2
1
-1
0
1
0
0
0
0
0
-1
0
1
1
0
0
0
0
0
0
0
0
-1
-2
0
0
0
0
0
0
1
0
0
0
0
0
-1
2
0
0
0
0
0
1
0
-2
0
-1
-1
-1
0
1
-1
0
0
0
0
0
0
1
1
-1
0
1
0
0
-1
0
-1
0
0
0
1
0
0
1
0
1
0
0
0
0
0
1
0
0
-1
-1
1
0
0
1
0
0
1
1
1
1
0
-1
0
0
0
-2
-1
0
1
1
1
-1
0
1
1
1
-1
-1
0
0
-1
-1
0
0
0
1
1
-1
-1
1
1
0
-1
1
0
0
-1
-1
-1
0
0
0
1
-1
0
1
1
1
-1
-1
1
0
1
1
0
0
-1
-1
0
-1
0
1
1
0
0
0
0
0
-1
0
0
0
0
-2
0
1
0
1
1
1
1
0
0
0
-1
0
0
-1
0
1
0
1
1
-1
0
0
0
1
0
0
-1
0
0
-1
-1
-1
0
1
2
1
2
0
0
1
1
1
0
1
-1
-1
-1
-2
-3
-3
-2
-4
-5
-4
-4
-4
-5
-5
-4
-4
-4
-2
-2
-1
-1
0
1
1
2
4
3
4
5
5
6
7
7
7
6
6
5
6
5
4
4
4
2
1
-1
-4
-5
-5
-8
-9
-10
-13
-12
-12
-13
-12
-11
-11
-10
-11
-11
-12
-13
-13
-12
-11
-11
-9
-6
-6
-2
1
4
8
11
15
19
22
26
30
34
39
44
45
46
43
41
40
35
33
24
17
12
4
1
-7
-13
-14
-23
-23
-26
-31
-32
-41
-41
-43
-48
-45
-49
-47
-42
-42
-32
-29
-23
-15
-11
-2
2
10
19
18
24
24
25
30
26
30
26
24
24
18
18
14
9
7
2
1
1
-5
-7
-12
-8
-2
2
5
5
3
1
-1
-7
-14
-21
-30
-34
-36
-41
-45
-48
-45
-40
-35
-28
-31
-29
-29
-31
-23
-22
-18
-10
-4
15
29
45
61
75
98
116
131
146
151
165
174
181
187
179
177
172
161
153
130
106
76
43
16
-23
-64
-104
-147
-182
-217
-251
-283
-309
-327
-337
-345
-349
-351
-353
-347
-339
-325
-304
-282
-251
-213
-174
-125
-79
-28
29
80
135
178
219
260
282
312
330
342
359
368
384
390
387
395
392
393
391
377
364
343
330
321
304
285
258
237
220
198
177
142
100
61
16
-31
-88
-158
-223
-297
-366
-431
-505
-574
-638
-693
-737
-779
-810
-830
-845
-843
-833
-812
-771
-722
-645
-557
-464
-350
-235
-103
33
169
300
416
532
641
734
809
858
886
904
909
912
892
845
794
736
682
619
546
464
370
295
242
191
136
72
28
2
-11
0
0
-11
-16
-4
22
27
12
-11
-47
-77
-115
-165
-234
-324
-398
-471
-550
-636
-729
-818
-889
-949
-1009
-1064
-1106
-1121
-1111
-1066
-997
-929
-840
-717
-566
-411
-258
-81
87
248
416
573
701
791
879
959
1005
1039
1048
1039
1004
961
923
856
786
709
619
540
453
389
305
229
171
123
107
94
99
89
81
107
119
136
129
117
96
60
37
-20
-94
-184
-259
-332
-429
-517
-623
-717
-810
-875
-944
-1044
-1104
-1145
-1137
-1109
-1060
-982
-937
-818
-680
-516
-373
-229
-29
120
297
454
592
697
768
895
954
1001
1018
1021
1034
1001
1005
960
915
869
805
749
653
582
495
411
354
287
247
196
185
163
128
108
89
72
47
26
-12
-85
-162
-231
-324
-440
-544
-664
-777
-913
-995
-1078
-1168
-1223
-1293
-1316
-1347
-1339
-1278
-1213
-1080
-998
-850
-694
-535
-360
-219
-21
120
275
451
573
688
751
870
945
973
1025
1031
1042
1031
1064
1074
1010
992
970
930
851
772
722
597
521
466
404
317
236
231
168
92
49
-1
-41
-120
-137
-212
-333
-432
-537
-626
-782
-897
-1019
-1159
-1242
-1322
-1349
-1395
-1400
-1378
-1375
-1267
-1189
-1070
-934
-746
-550
-408
-173
37
190
335
509
716
803
939
1073
1141
1181
1230
1309
1284
1251
1249
1212
1187
1154
1136
1044
964
922
829
739
652
580
458
364
341
258
170
101
79
9
-79
-96
-147
-221
-313
-375
-462
-620
-731
-860
-999
-1157
-1303
-1409
-1557
-1632
-1701
-1741
-1757
-1767
-1742
-1728
-1647
-1541
-1460
-1318
-1156
-965
-804
-574
-304
-106
101
366
649
874
1091
1366
1550
1678
1817
1970
2030
2020
2039
2034
1967
1898
1826
1723
1551
1418
1284
1135
987
834
699
558
468
382
284
214
135
77
27
21
-4
-86
-136
-216
-288
-413
-524
-661
-869
-1041
-1224
-1409
-1618
-1807
-1935
-2107
-2196
-2298
-2371
-2445
-2460
-2395
-2368
-2287
-2173
-2029
-1854
-1628
-1318
-1065
-774
-431
-57
296
646
1044
1369
1654
1946
2216
2391
2488
2604
2666
2650
2594
2533
2407
2236
2086
1943
1771
1551
1373
1201
1046
903
767
635
491
394
310
252
216
135
78
13
-1
-69
-148
-215
-326
-458
-615
-747
-925
-1162
-1344
-1540
-1713
-1917
-2076
-2224
-2386
-2487
-2574
-2620
-2655
-2658
-2608
-2537
-2399
-2259
-2068
-1805
-1527
-1236
-948
-583
-216
138
524
897
1219
1473
1757
2045
2233
2374
2478
2566
2596
2606
2627
2574
2476
2366
2279
2176
2039
1905
1754
1605
1469
1332
1195
1053
933
806
666
548
416
276
128
20
-112
-293
-462
-590
-739
-918
-1089
-1211
-1382
-1542
-1660
-1752
-1909
-2049
-2126
-2192
-2314
-2404
-2437
-2463
-2525
-2530
-2491
-2457
-2406
-2291
-2144
-2032
-1886
-1637
-1353
-1091
-816
-512
-216
79
453
813
1108
1359
1679
2006
2268
2503
2717
2875
2966
3081
3203
3216
3166
3126
3105
3015
2886
2776
2617
2423
2212
2026
1787
1502
1245
994
740
459
210
-21
-264
-476
-692
-900
-1119
-1310
-1496
-1731
-1945
-2182
-2392
-2625
-2836
-3041
-3264
-3426
-3557
-3651
-3737
-3778
-3717
-3633
-3458
-3261
-3004
-2705
-2345
-1893
-1467
-1026
-603
-155
324
785
1242
1624
2004
2369
2720
3048
3298
3498
3611
3720
3796
3797
3743
3612
3484
3285
3084
2873
2609
2336
2038
1801
1530
1251
1010
757
540
312
151
-1
-195
-334
-485
-605
-777
-939
-1082
-1309
-1511
-1736
-1937
-2179
-2439
-2615
-2835
-3021
-3196
-3318
-3398
-3506
-3487
-3461
-3392
-3288
-3131
-2867
-2651
-2347
-2025
-1668
-1293
-914
-456
-43
367
795
1206
1650
1992
2382
2699
2993
3239
3435
3614
3694
3741
3749
3704
3635
3463
3316
3113
2901
2657
2386
2126
1802
1507
1218
941
654
344
92
-175
-442
-701
-965
-1213
-1510
-1760
-2012
-2275
-2535
-2786
-2974
-3165
-3340
-3454
-3545
-3576
-3599
-3551
-3461
-3364
-3204
-3009
-2757
-2511
-2248
-1905
-1576
-1204
-844
-436
-28
352
777
1187
1585
1935
2269
2631
2905
3157
3354
3516
3621
3663
3697
3658
3556
3412
3244
3066
2836
2585
2325
2042
1763
1488
1234
984
738
526
344
186
45
-98
-220
-347
-459
-586
-733
-876
-1052
-1235
-1419
-1601
-1797
-2020
-2211
-2389
-2577
-2746
-2891
-3001
-3125
-3215
-3243
-3258
-3251
-3188
-3075
-2925
-2768
-2505
-2206
-1883
-1540
-1145
-701
-297
148
635
1060
1469
1837
2236
2552
2808
3057
3243
3371
3429
3494
3506
3422
3345
3228
3087
2887
2684
2492
2245
1998
1758
1539
1286
1057
875
686
499
317
154
-24
-215
-377
-577
-779
-1012
-1208
-1428
-1677
-1916
-2179
-2421
-2663
-2878
-3078
-3290
-3430
-3562
-3649
-3703
-3759
-3749
-3717
-3595
-3421
-3194
-2902
-2566
-2164
-1753
-1273
-749
-274
247
768
1281
1755
2191
2627
3001
3289
3562
3805
3966
4061
4134
4156
4094
4008
3893
3746
3522
3262
3020
2707
2344
2008
1676
1345
1024
748
506
257
21
-166
-345
-548
-739
-931
-1119
-1344
-1531
-1744
-1982
-2233
-2481
-2688
-2901
-3089
-3245
-3396
-3483
-3588
-3619
-3658
-3724
-3686
-3646
-3511
-3341
-3080
-2752
-2411
-2011
-1602
-1087
-597
-121
447
958
1468
1910
2360
2809
3143
3424
3669
3901
4033
4129
4215
4196
4140
4040
3943
3789
3536
3276
2993
2612
2210
1839
1481
1129
799
496
255
5
-193
-362
-532
-739
-917
-1102
-1278
-1490
-1704
-1951
-2197
-2455
-2684
-2903
-3104
-3280
-3438
-3542
-3605
-3658
-3685
-3735
-3782
-3714
-3658
-3505
-3330
-3048
-2752
-2397
-1994
-1526
-996
-496
59
687
1245
1783
2256
2767
3213
3560
3860
4108
4336
4450
4570
4640
4611
4547
4451
4344
4130
3850
3566
3196
2761
2295
1873
1445
1039
653
298
-3
-300
-529
-736
-966
-1169
-1381
-1570
-1784
-2024
-2261
-2533
-2764
-3021
-3235
-3462
-3651
-3784
-3914
-3942
-3961
-3965
-3937
-3970
-3874
-3773
-3608
-3450
-3232
-2910
-2606
-2191
-1749
-1238
-674
-161
501
1111
1706
2212
2724
3253
3636
4010
4275
4502
4693
4769
4893
4906
4864
4783
4659
4516
4231
3977
3626
3221
2777
2301
1879
1416
1013
640
257
-43
-375
-593
-830
-1043
-1235
-1483
-1687
-1967
-2196
-2454
-2740
-2989
-3271
-3490
-3725
-3894
-4029
-4149
-4160
-4214
-4167
-4183
-4151
-4025
-3906
-3704
-3588
-3298
-2996
-2655
-2212
-1780
-1210
-690
-99
562
1159
1778
2269
2881
3369
3774
4161
4398
4677
4801
4922
5016
4988
4939
4781
4672
4448
4168
3880
3476
3109
2649
2213
1790
1342
994
593
268
-68
-374
-584
-817
-996
-1228
-1480
-1722
-1984
-2187
-2469
-2727
-3006
-3249
-3451
-3632
-3772
-3914
-3986
-4031
-4050
-4008
-4051
-3958
-3864
-3698
-3558
-3398
-3087
-2808
-2423
-2043
-1565
-1022
-532
92
719
1333
1895
2421
3025
3445
3865
4149
4456
4670
4763
4884
4912
4871
4737
4610
4501
4245
3968
3613
3267
2874
2409
1999
1576
1186
780
415
64
-267
-550
-773
-986
-1228
-1480
-1735
-1983
-2195
-2468
-2715
-3003
-3265
-3472
-3674
-3787
-3964
-4048
-4090
-4158
-4088
-4128
-4077
-3949
-3838
-3629
-3522
-3207
-2921
-2567
-2151
-1738
-1156
-654
-79
609
1223
1841
2346
2948
3434
3847
4192
4487
4774
4865
4977
5022
5029
4911
4780
4698
4504
4236
3902
3543
3164
2676
2242
1780
1379
919
513
137
-226
-520
-785
-1000
-1269
-1511
-1734
-1976
-2187
-2441
-2699
-2961
-3254
-3455
-3679
-3806
-3980
-4094
-4114
-4156
-4156
-4123
-4133
-3989
-3867
-3676
-3539
-3273
-2965
-2634
-2205
-1759
-1224
-664
-122
531
1183
1775
2310
2867
3381
3781
4163
4443
4731
4840
4945
4974
5006
4922
4769
4687
4525
4281
3986
3610
3246
2769
2327
1846
1402
963
505
148
-242
-554
-829
-1081
-1320
-1579
-1765
-2017
-2231
-2464
-2732
-2976
-3285
-3499
-3716
-3880
-4026
-4144
-4162
-4175
-4169
-4168
-4189
-4072
-3974
-3758
-3658
-3411
-3111
-2813
-2414
-1974
-1434
-906
-385
242
863
1484
1988
2580
3135
3542
3981
4284
4630
4764
4904
5014
5057
5040
4906
4840
4726
4490
4268
3936
3620
3170
2762
2319
1841
1390
929
578
176
-169
-478
-753
-988
-1267
-1465
-1703
-1991
-2220
-2510
-2748
-3069
-3325
-3562
-3747
-3915
-4053
-4070
-4095
-4081
-4061
-4120
-4041
-3968
-3799
-3650
-3525
-3218
-2986
-2630
-2276
-1787
-1257
-801
-225
372
981
1520
2016
2662
3093
3543
3894
4234
4514
4609
4789
4865
4895
4809
4718
4651
4452
4220
3947
3658
3295
2857
2481
2005
1564
1069
688
302
-85
-369
-699
-929
-1196
-1451
-1645
-1942
-2201
-2492
-2753
-3033
-3308
-3540
-3768
-3901
-4091
-4126
-4149
-4134
-4050
-4062
-3995
-3889
-3752
-3507
-3423
-3117
-2891
-2552
-2205
-1801
-1231
-763
-216
393
1009
1619
2080
2663
3205
3605
3984
4267
4603
4726
4864
4924
4977
4915
4797
4721
4551
4324
4019
3725
3406
2961
2581
2124
1678
1208
741
385
-60
-356
-677
-994
-1235
-1538
-1750
-2006
-2276
-2560
-2857
-3124
-3401
-3614
-3858
-4020
-4157
-4261
-4280
-4289
-4194
-4120
-4077
-3938
-3828
-3541
-3393
-3165
-2840
-2572
-2178
-1829
-1311
-765
-296
337
960
1587
2103
2596
3190
3601
3963
4234
4529
4713
4818
4913
4915
4931
4805
4725
4613
4363
4102
3775
3472
3065
2637
2232
1762
1334
866
495
78
-310
-595
-942
-1241
-1532
-1807
-2061
-2320
-2570
-2871
-3152
-3433
-3673
-3880
-4108
-4214
-4319
-4365
-4363
-4297
-4183
-4096
-4010
-3848
-3634
-3367
-3216
-2882
-2580
-2233
-1853
-1440
-870
-411
122
789
1408
2001
2483
3087
3593
3949
4278
4517
4789
4864
4994
5020
4978
4934
4778
4722
4499
4213
3941
3588
3256
2806
2403
1946
1497
1087
687
326
-92
-409
-723
-1036
-1311
-1601
-1869
-2163
-2384
-2651
-2962
-3234
-3524
-3734
-3988
-4142
-4241
-4340
-4343
-4308
-4202
-4099
-4045
-3909
-3721
-3472
-3273
-3077
-2756
-2475
-2113
-1760
-1255
-775
-335
246
862
1463
1973
2524
3130
3552
3927
4206
4492
4720
4813
4979
4946
4930
4828
4754
4658
4395
4174
3852
3518
3126
2671
2252
1729
1315
903
498
139
-264
-546
-868
-1139
-1393
-1685
-1946
-2222
-2454
-2730
-3040
-3323
-3560
-3808
-3997
-4092
-4225
-4249
-4273
-4193
-4084
-4071
-3978
-3822
-3640
-3387
-3290
-2988
-2746
-2438
-2106
-1678
-1154
-745
-238
344
942
1490
1968
2577
3096
3499
3856
4106
4465
4590
4798
4891
4888
4855
4779
4770
4611
4429
4219
3905
3601
3149
2750
2266
1761
1390
904
545
123
-235
-539
-879
-1133
-1448
-1733
-2001
-2293
-2535
-2844
-3166
-3425
-3665
-3897
-4009
-4119
-4163
-4173
-4176
-4034
-3985
-3970
-3807
-3669
-3427
-3297
-3118
-2810
-2573
-2262
-1898
-1368
-905
-453
131
755
1349
1855
2385
2966
3381
3785
4037
4348
4533
4660
4810
4837
4818
4745
4738
4658
4491
4326
4078
3815
3447
3029
2639
2123
1693
1268
825
426
-3
-348
-654
-1002
-1294
-1622
-1900
-2217
-2526
-2799
-3155
-3487
-3772
-4045
-4251
-4420
-4508
-4522
-4559
-4520
-4407
-4353
-4307
-4103
-3945
-3698
-3593
-3335
-3015
-2728
-2397
-1924
-1393
-895
-379
325
977
1595
2124
2710
3281
3683
4091
4356
4642
4784
4929
5055
5091
5067
5062
5042
4930
4762
4564
4327
4035
3658
3225
2788
2272
1817
1376
907
481
38
-284
-605
-944
-1248
-1553
-1877
-2203
-2534
-2859
-3235
-3608
-3899
-4201
-4411
-4597
-4671
-4693
-4724
-4689
-4547
-4543
-4402
-4210
-4004
-3782
-3693
-3346
-3035
-2684
-2314
-1813
-1287
-780
-189
532
1160
1760
2234
2875
3392
3784
4172
4416
4709
4825
5005
5097
5127
5126
5121
5068
4917
4724
4518
4268
3934
3531
3057
2590
2059
1617
1147
689
258
-158
-474
-824
-1106
-1439
-1724
-2088
-2400
-2768
-3121
-3505
-3884
-4148
-4455
-4625
-4775
-4823
-4833
-4819
-4747
-4605
-4631
-4392
-4215
-3955
-3839
-3651
-3272
-2948
-2568
-2166
-1625
-1112
-551
102
806
1403
1935
2430
3094
3528
3903
4221
4517
4739
4884
5069
5133
5162
5170
5191
5110
4947
4757
4581
4312
3908
3511
3028
2553
2032
1599
1161
709
285
-85
-432
-783
-1075
-1406
-1692
-2082
-2417
-2807
-3166
-3563
-3898
-4154
-4437
-4604
-4706
-4736
-4726
-4682
-4597
-4490
-4470
-4204
-4002
-3754
-3681
-3376
-3026
-2674
-2326
-1888
-1348
-857
-263
381
1043
1598
2061
2632
3232
3592
3954
4223
4542
4676
4847
4980
5004
5012
5004
5028
4899
4720
4517
4327
3988
3561
3173
2677
2206
1727
1316
926
467
72
-280
-649
-988
-1295
-1591
-1896
-2278
-2625
-2984
-3335
-3702
-3986
-4250
-4508
-4669
-4731
-4766
-4747
-4714
-4627
-4564
-4469
-4220
-3997
-3780
-3676
-3293
-2980
-2623
-2278
-1790
-1263
-774
-178
478
1121
1671
2152
2812
3367
3721
4135
4435
4753
4898
5078
5171
5211
5205
5217
5206
5044
4828
4584
4351
3955
3538
3129
2627
2182
1711
1326
923
449
47
-328
-690
-1046
-1386
-1677
-2000
-2377
-2705
-3026
-3357
-3719
-3987
-4261
-4488
-4643
-4694
-4725
-4689
-4680
-4581
-4556
-4416
-4214
-4016
-3802
-3677
-3275
-3011
-2633
-2288
-1772
-1244
-753
-173
534
1154
1713
2224
2919
3463
3815
4276
4591
4926
5082
5278
5377
5460
5427
5460
5415
5205
4942
4671
4414
3970
3526
3089
2603
2123
1620
1217
764
256
-175
-568
-933
-1346
-1735
-2015
-2395
-2741
-3065
-3381
-3716
-4089
-4349
-4592
-4801
-4925
-4962
-4976
-4895
-4882
-4748
-4763
-4574
-4404
-4162
-3960
-3775
-3386
-3080
-2667
-2290
-1703
-1161
-642
-33
721
1311
1872
2406
3117
3632
3991
4436
4778
5113
5251
5482
5589
5673
5617
5657
5591
5344
5097
4823
4531
4057
3575
3128
2635
2106
1595
1163
684
175
-249
-623
-986
-1408
-1787
-2051
-2448
-2745
-3086
-3411
-3749
-4101
-4332
-4536
-4730
-4820
-4849
-4833
-4711
-4691
-4550
-4595
-4358
-4198
-3929
-3782
-3543
-3217
-2857
-2473
-2035
-1417
-898
-336
303
1037
1561
2117
2666
3346
3765
4133
4506
4853
5092
5227
5446
5519
5547
5488
5555
5448
5200
5001
4711
4371
3888
3390
2949
2417
1884
1396
945
454
-37
-430
-764
-1109
-1503
-1821
-2106
-2486
-2800
-3152
-3501
-3871
-4175
-4405
-4604
-4790
-4870
-4889
-4863
-4773
-4726
-4613
-4640
-4403
-4261
-4027
-3962
-3694
-3402
-3027
-2683
-2188
-1586
-1040
-442
258
979
1524
2121
2708
3394
3775
4192
4535
4892
5052
5234
5428
5481
5502
5469
5587
5442
5240
5064
4763
4408
3929
3414
2964
2394
1877
1387
925
439
-47
-410
-741
-1062
-1465
-1741
-2081
-2458
-2828
-3192
-3581
-3968
-4245
-4492
-4672
-4825
-4882
-4895
-4848
-4787
-4667
-4597
-4546
-4342
-4205
-4039
-4006
-3695
-3433
-3061
-2737
-2192
-1611
-1025
-410
359
1086
1684
2307
2946
3615
3975
4407
4726
5101
5202
5452
5600
5671
5715
5706
5844
5657
5493
5274
4963
4564
4032
3466
2941
2312
1780
1237
770
294
-203
-539
-887
-1214
-1641
-1919
-2306
-2719
-3134
-3523
-3940
-4344
-4629
-4868
-5022
-5142
-5160
-5154
-5068
-4990
-4796
-4753
-4616
-4430
-4271
-4139
-4066
-3707
-3443
-3023
-2667
-2040
-1445
-823
-161
656
1395
2009
2631
3300
3874
4224
4627
4915
5295
5355
5658
5753
5841
5901
5908
6002
5789
5633
5361
5047
4578
4002
3416
2818
2165
1633
1062
599
133
-346
-647
-999
-1323
-1704
-1987
-2376
-2781
-3182
-3557
-3968
-4342
-4616
-4841
-4999
-5102
-5096
-5086
-4979
-4892
-4686
-4662
-4488
-4323
-4144
-4046
-3922
-3566
-3283
-2855
-2483
-1831
-1262
-648
13
824
1531
2116
2715
3376
3890
4257
4610
4901
5270
5331
5606
5677
5757
5778
5762
5787
5566
5363
5073
4776
4266
3727
3184
2606
1987
1453
926
455
-17
-471
-798
-1170
-1511
-1862
-2170
-2563
-2941
-3328
-3687
-4087
-4424
-4677
-4904
-5066
-5176
-5159
-5147
-5044
-4974
-4796
-4806
-4627
-4473
-4261
-4164
-3999
-3644
-3348
-2925
-2530
-1872
-1332
-723
-58
761
1435
2050
2691
3409
3966
4381
4777
5135
5534
5632
5908
6001
6077
6061
6037
6028
5798
5552
5261
4960
4434
3965
3462
2919
2304
1741
1261
732
215
-214
-624
-1027
-1422
-1815
-2141
-2560
-2930
-3330
-3668
-4062
-4363
-4589
-4805
-4939
-5044
-5013
-4988
-4902
-4860
-4721
-4783
-4609
-4490
-4252
-4180
-4007
-3654
-3346
-2929
-2531
-1853
-1347
-728
-58
753
1395
2036
2696
3441
3977
4400
4818
5203
5609
5701
5996
6057
6147
6075
6065
6003
5757
5449
5127
4779
4232
3772
3230
2675
2016
1442
933
361
-186
-591
-1065
-1447
-1892
-2308
-2624
-3037
-3389
-3788
-4083
-4438
-4686
-4887
-5053
-5140
-5193
-5169
-5102
-5010
-4936
-4814
-4860
-4642
-4512
-4230
-4169
-3923
-3562
-3178
-2767
-2310
-1609
-1083
-431
276
1089
1714
2342
2984
3710
4181
4610
4995
5403
5731
5847
6115
6165
6247
6162
6175
6081
5837
5483
5158
4770
4217
3729
3157
2583
1920
1345
806
219
-313
-741
-1200
-1570
-2042
-2427
-2747
-3128
-3487
-3859
-4131
-4448
-4664
-4864
-4990
-5062
-5082
-5068
-4971
-4869
-4767
-4677
-4657
-4429
-4255
-3983
-3929
-3607
-3282
-2840
-2490
-1971
-1293
-745
-115
611
1376
1960
2547
3142
3841
4248
4686
5016
5427
5640
5802
5984
6037
6081
5982
6000
5856
5626
5248
4959
4552
4028
3534
2987
2437
1832
1288
750
203
-329
-767
-1179
-1546
-2024
-2364
-2709
-3069
-3458
-3803
-4076
-4385
-4593
-4816
-4930
-5028
-5051
-5054
-4967
-4908
-4812
-4773
-4686
-4492
-4306
-4098
-4034
-3677
-3379
-2930
-2609
-2030
-1401
-808
-210
546
1260
1843
2441
3056
3768
4157
4634
4972
5403
5559
5788
5924
6014
6029
5933
5939
5734
5513
5146
4885
4447
3942
3435
2913
2365
1799
1264
736
217
-334
-754
-1139
-1506
-1959
-2275
-2640
-2994
-3394
-3717
-4009
-4304
-4505
-4715
-4839
-4926
-4937
-4941
-4858
-4845
-4732
-4743
-4606
-4463
-4300
-4150
-4065
-3719
-3397
-2966
-2614
-1988
-1394
-759
-161
639
1330
1941
2568
3242
3927
4311
4787
5166
5576
5720
5966
6092
6193
6190
6100
6075
5811
5585
5238
4945
4465
3910
3395
2833
2262
1660
1100
556
18
-564
-993
-1401
-1810
-2243
-2603
-2981
-3356
-3732
-4074
-4382
-4659
-4838
-5003
-5126
-5168
-5157
-5126
-5019
-4968
-4820
-4824
-4651
-4503
-4331
-4176
-4052
-3703
-3320
-2891
-2481
-1825
-1229
-572
60
896
1586
2214
2843
3539
4171
4541
4971
5348
5711
5825
6039
6141
6222
6195
6113
6052
5789
5556
5210
4885
4403
3812
3311
2730
2170
1558
999
483
-64
-623
-1057
-1476
-1897
-2307
-2691
-3038
-3402
-3732
-4088
-4366
-4624
-4766
-4887
-4978
-4990
-4995
-4926
-4798
-4693
-4561
-4552
-4391
-4227
-4049
-3893
-3748
-3398
-3020
-2617
-2189
-1558
-974
-333
334
1140
1816
2431
3036
3693
4270
4633
5018
5341
5657
5736
5906
5965
6019
5964
5885
5791
5545
5300
4932
4604
4138
3585
3081
2516
1967
1386
843
357
-201
-718
-1152
-1582
-1997
-2420
-2781
-3103
-3441
-3763
-4102
-4353
-4604
-4756
-4880
-4959
-4996
-5024
-4947
-4818
-4731
-4638
-4624
-4474
-4319
-4144
-4010
-3828
-3475
-3127
-2735
-2298
-1692
-1116
-463
229
1013
1686
2296
2904
3550
4123
4526
4923
5259
5590
5697
5877
5956
6044
5998
5963
5892
5682
5428
5053
4740
4285
3774
3245
2684
2115
1544
975
474
-115
-618
-1062
-1499
-1921
-2370
-2710
-3056
-3393
-3744
-4048
-4308
-4546
-4739
-4873
-4966
-5015
-5037
-4971
-4864
-4819
-4735
-4724
-4562
-4430
-4243
-4129
-3896
-3530
-3154
-2742
-2275
-1653
-1052
-371
326
1120
1785
2387
2992
3656
4236
4654
5056
5420
5743
5876
6061
6190
6285
6218
6197
6151
5942
5643
5253
4922
4443
3884
3305
2724
2120
1496
889
368
-232
-753
-1211
-1632
-2079
-2544
-2905
-3274
-3637
-4014
-4303
-4572
-4803
-5014
-5128
-5203
-5230
-5227
-5157
-5058
-5003
-4907
-4863
-4683
-4542
-4335
-4184
-3917
-3537
-3133
-2688
-2196
-1562
-946
-262
424
1186
1846
2433
3036
3680
4243
4650
5041
5375
5673
5827
6016
6156
6227
6165
6146
6109
5897
5598
5218
4866
4378
3792
3197
2610
2007
1382
790
270
-297
-793
-1223
-1609
-2036
-2473
-2833
-3186
-3541
-3895
-4178
-4439
-4667
-4861
-4957
-5013
-5027
-4997
-4912
-4809
-4718
-4624
-4538
-4370
-4211
-4010
-3836
-3607
-3250
-2879
-2442
-1983
-1391
-799
-161
492
1200
1863
2437
3021
3601
4122
4509
4881
5180
5479
5647
5837
5963
6038
6011
5992
5942
5737
5464
5101
4723
4228
3626
3005
2419
1822
1221
635
99
-429
-894
-1298
-1674
-2084
-2490
-2839
-3168
-3513
-3861
-4164
-4432
-4666
-4849
-4949
-5009
-5024
-4965
-4856
-4742
-4624
-4528
-4423
-4285
-4111
-3931
-3764
-3596
-3280
-2929
-2515
-2077
-1525
-922
-315
340
1049
1731
2297
2869
3436
3947
4354
4734
5083
5410
5619
5822
5987
6097
6102
6098
6055
5880
5620
5284
4902
4411
3806
3181
2603
1991
1369
765
215
-319
-800
-1232
-1645
-2072
-2480
-2830
-3157
-3516
-3882
-4189
-4458
-4680
-4860
-4973
-5042
-5070
-5007
-4891
-4784
-4671
-4579
-4482
-4367
-4183
-4019
-3852
-3700
-3398
-3026
-2602
-2124
-1558
-896
-275
408
1114
1805
2358
2938
3508
4033
4447
4823
5191
5503
5730
5909
6090
6196
6225
6207
6170
5992
5728
5395
5025
4531
3943
3309
2714
2074
1410
793
223
-340
-867
-1339
-1799
-2225
-2647
-3000
-3342
-3699
-4062
-4342
-4585
-4784
-4946
-5043
-5102
-5124
-5074
-4955
-4845
-4733
-4647
-4552
-4443
-4270
-4108
-3927
-3756
-3483
-3099
-2665
-2143
-1575
-897
-271
398
1064
1742
2316
2888
3445
3966
4401
4758
5104
5403
5654
5835
6009
6138
6213
6212
6169
6012
5769
5445
5077
4590
4022
3377
2750
2097
1432
812
221
-358
-903
-1370
-1826
-2224
-2629
-2958
-3299
-3632
-3971
-4221
-4439
-4632
-4778
-4868
-4920
-4941
-4885
-4768
-4645
-4545
-4451
-4353
-4247
-4125
-3965
-3794
-3617
-3407
-3050
-2646
-2144
-1610
-998
-382
234
867
1513
2131
2668
3206
3711
4176
4535
4865
5184
5470
5701
5880
6077
6207
6271
6239
6143
5950
5632
5253
4776
4223
3577
2922
2269
1619
972
369
-203
-732
-1208
-1660
-2042
-2434
-2779
-3133
-3457
-3789
-4076
-4317
-4559
-4734
-4879
-4956
-5001
-4968
-4899
-4791
-4691
-4594
-4504
-4398
-4297
-4152
-3987
-3806
-3617
-3310
-2916
-2465
-1926
-1382
-747
-133
505
1149
1796
2362
2885
3402
3890
4314
4658
5013
5334
5632
5841
6078
6269
6402
6421
6351
6213
5918
5528
5068
4526
3925
3249
2576
1929
1257
627
31
-489
-990
-1480
-1902
-2298
-2670
-3048
-3377
-3682
-3995
-4262
-4544
-4733
-4917
-5032
-5088
-5080
-5038
-4965
-4867
-4748
-4649
-4515
-4372
-4210
-4021
-3829
-3598
-3316
-2906
-2479
-1931
-1396
-787
-137
490
1146
1785
2394
2921
3443
3938
4420
4801
5148
5472
5777
6002
6192
6401
6530
6572
6463
6325
6056
5641
5184
4631
4071
3377
2664
1988
1312
637
-4
-550
-1061
-1592
-2067
-2472
-2860
-3240
-3579
-3845
-4153
-4419
-4702
-4884
-5043
-5170
-5202
-5196
-5155
-5094
-4999
-4855
-4717
-4556
-4342
-4162
-3932
-3723
-3466
-3183
-2806
-2378
-1891
-1360
-835
-197
391
1015
1626
2246
2780
3298
3805
4298
4729
5052
5383
5679
5921
6072
6269
6394
6447
6339
6189
5962
5578
5126
4591
4063
3409
2707
2022
1391
725
68
-507
-997
-1519
-2006
-2400
-2758
-3116
-3473
-3713
-3998
-4259
-4517
-4676
-4793
-4911
-4942
-4932
-4900
-4855
-4764
-4632
-4471
-4326
-4077
-3895
-3684
-3440
-3200
-2909
-2635
-2226
-1819
-1343
-914
-361
196
742
1294
1879
2434
2904
3425
3894
4367
4673
5003
5331
5607
5767
5940
6111
6192
6148
6035
5870
5571
5147
4659
4175
3570
2914
2236
1634
990
318
-306
-806
-1326
-1826
-2220
-2577
-2931
-3335
-3596
-3870
-4161
-4434
-4597
-4700
-4843
-4911
-4916
-4894
-4863
-4795
-4660
-4495
-4369
-4169
-3941
-3783
-3537
-3312
-2983
-2738
-2401
-1991
-1556
-1120
-669
-73
464
1014
1535
2139
2617
3129
3609
4097
4491
4801
5187
5513
5747
5907
6119
6261
6290
6236
6096
5870
5497
5026
4551
3967
3336
2644
2017
1355
688
2
-552
-1069
-1577
-1989
-2384
-2728
-3160
-3478
-3767
-4060
-4352
-4575
-4723
-4877
-4981
-5029
-5037
-4979
-4901
-4780
-4623
-4442
-4292
-4064
-3907
-3667
-3441
-3157
-2851
-2569
-2147
-1757
-1264
-846
-250
295
879
1419
2024
2582
3083
3624
4089
4561
4878
5259
5588
5858
6014
6187
6339
6368
6327
6185
5969
5632
5164
4670
4090
3454
2751
2101
1416
745
56
-544
-1055
-1566
-1972
-2395
-2734
-3144
-3474
-3764
-4044
-4316
-4550
-4720
-4881
-4997
-5049
-5064
-5013
-4896
-4757
-4604
-4403
-4216
-4007
-3816
-3617
-3356
-3126
-2809
-2552
-2165
-1793
-1344
-929
-430
129
658
1237
1801
2429
2903
3431
3881
4348
4682
5007
5336
5602
5789
5885
6061
6083
6056
5902
5728
5428
5004
4513
3981
3376
2689
2048
1378
731
43
-551
-1055
-1518
-1926
-2327
-2672
-3005
-3350
-3618
-3878
-4116
-4337
-4525
-4672
-4829
-4896
-4925
-4887
-4797
-4641
-4479
-4278
-4051
-3849
-3602
-3422
-3145
-2912
-2594
-2333
-2001
-1627
-1232
-825
-413
151
663
1253
1802
2441
2944
3411
3850
4295
4671
4973
5292
5539
5781
5882
6038
6082
6069
5929
5759
5522
5165
4685
4155
3597
2948
2287
1600
977
293
-342
-882
-1352
-1803
-2217
-2605
-2936
-3304
-3610
-3871
-4098
-4318
-4528
-4688
-4875
-4957
-5025
-5003
-4979
-4863
-4733
-4560
-4332
-4153
-3887
-3696
-3429
-3179
-2836
-2545
-2233
-1875
-1494
-1103
-685
-120
421
1003
1563
2172
2703
3174
3635
4096
4507
4832
5150
5396
5679
5837
5936
6003
5992
5892
5707
5529
5219
4749
4233
3705
3135
2463
1795
1193
527
-105
-665
-1149
-1638
-2064
-2467
-2821
-3185
-3518
-3772
-3979
-4197
-4412
-4573
-4756
-4816
-4900
-4911
-4899
-4843
-4722
-4553
-4317
-4142
-3870
-3654
-3407
-3133
-2774
-2428
-2152
-1805
-1421
-1021
-594
-33
518
1055
1603
2190
2758
3244
3732
4216
4656
4962
5269
5544
5816
5965
6010
6114
6083
5988
5788
5612
5288
4784
4311
3781
3239
2529
1861
1248
585
-29
-618
-1113
-1631
-2073
-2493
-2844
-3190
-3548
-3804
-4016
-4247
-4492
-4660
-4817
-4886
-4984
-5036
-4990
-4947
-4802
-4614
-4370
-4180
-3922
-3689
-3468
-3171
-2833
-2483
-2243
-1893
-1503
-1089
-666
-108
438
935
1479
2058
2632
3100
3595
4064
4503
4793
5073
5353
5595
5742
5797
5913
5887
5782
5602
5380
5071
4572
4144
3611
3062
2374
1713
1107
452
-104
-720
-1212
-1725
-2141
-2540
-2855
-3166
-3505
-3747
-3960
-4178
-4418
-4570
-4687
-4774
-4868
-4914
-4834
-4776
-4633
-4443
-4221
-4025
-3788
-3544
-3319
-3004
-2686
-2348
-2104
-1725
-1332
-892
-473
60
583
1044
1564
2099
2652
3090
3579
4024
4460
4758
5029
5323
5577
5753
5837
5950
5946
5830
5668
5419
5142
4676
4257
3728
3166
2514
1866
1283
644
97
-544
-1044
-1557
-1976
-2378
-2702
-3039
-3400
-3672
-3924
-4163
-4416
-4577
-4696
-4810
-4907
-4927
-4865
-4819
-4692
-4514
-4312
-4142
-3902
-3672
-3411
-3121
-2798
-2481
-2213
-1815
-1424
-948
-547
-30
456
929
1417
1958
2507
2962
3452
3907
4346
4651
4940
5237
5488
5630
5709
5791
5768
5617
5442
5186
4899
4445
4022
3503
2966
2345
1757
1218
611
57
-546
-995
-1488
-1894
-2290
-2618
-2973
-3322
-3585
-3835
-4070
-4301
-4454
-4566
-4676
-4763
-4762
-4727
-4658
-4539
-4352
-4182
-4034
-3811
-3617
-3333
-3085
-2740
-2477
-2169
-1785
-1382
-905
-511
29
479
1003
1495
2083
2632
3121
3643
4095
4529
4817
5143
5438
5641
5753
5812
5888
5814
5674
5485
5215
4887
4426
4020
3481
2955
2330
1767
1201
580
28
-549
-979
-1509
-1927
-2354
-2706
-3068
-3393
-3641
-3915
-4151
-4374
-4515
-4633
-4742
-4809
-4802
-4753
-4664
-4533
-4355
-4211
-4051
-3832
-3635
-3339
-3080
-2740
-2484
-2137
-1747
-1347
-879
-475
74
512
1057
1552
2121
2660
3150
3658
4063
4481
4763
5106
5365
5539
5645
5710
5785
5715
5602
5382
5119
4797
4374
3968
3431
2910
2288
1722
1132
529
-18
-574
-1026
-1572
-2009
-2448
-2796
-3145
-3452
-3719
-4003
-4235
-4452
-4575
-4713
-4807
-4873
-4847
-4789
-4699
-4573
-4438
-4285
-4124
-3890
-3701
-3395
-3141
-2809
-2534
-2178
-1782
-1406
-941
-548
12
453
1000
1479
2046
2583
3065
3547
3957
4390
4678
5041
5282
5501
5596
5710
5783
5737
5633
5416
5224
4900
4537
4096
3614
3067
2459
1893
1286
708
113
-397
-897
-1395
-1853
-2262
-2608
-2965
-3272
-3580
-3842
-4107
-4305
-4456
-4587
-4661
-4710
-4664
-4608
-4505
-4387
-4254
-4090
-3918
-3692
-3518
-3205
-2961
-2620
-2360
-2003
-1628
-1264
-822
-447
125
537
1073
1530
2108
2594
3041
3495
3897
4299
4548
4895
5115
5324
5400
5498
5559
5462
5367
5156
4980
4634
4250
3834
3333
2800
2166
1645
1021
456
-122
-595
-1042
-1542
-1940
-2339
-2656
-3037
-3347
-3639
-3925
-4195
-4423
-4567
-4703
-4773
-4804
-4767
-4703
-4609
-4460
-4316
-4133
-3955
-3743
-3533
-3231
-2951
-2611
-2336
-1969
-1596
-1183
-759
-333
239
687
1240
1728
2332
2801
3267
3699
4129
4506
4772
5087
5319
5513
5582
5669
5704
5595
5470
5261
5045
4692
4274
3861
3340
2803
2160
1643
1025
464
-86
-552
-978
-1489
-1869
-2272
-2583
-2966
-3268
-3544
-3840
-4112
-4357
-4502
-4652
-4735
-4783
-4755
-4717
-4624
-4478
-4327
-4138
-3962
-3758
-3528
-3234
-2950
-2622
-2354
-1974
-1623
-1179
-802
-327
214
686
1244
1750
2358
2785
3254
3657
4117
4445
4714
4978
5211
5359
5419
5512
5522
5433
5263
5087
4851
4511
4093
3674
3174
2618
2010
1478
891
334
-193
-652
-1073
-1553
-1943
-2307
-2617
-2968
-3247
-3517
-3788
-4057
-4294
-4456
-4612
-4701
-4752
-4716
-4691
-4585
-4441
-4279
-4085
-3891
-3700
-3444
-3167
-2873
-2574
-2313
-1926
-1606
-1186
-855
-337
171
660
1234
1759
2363
2759
3257
3685
4159
4468
4752
5032
5241
5389
5462
5596
5567
5480
5297
5132
4895
4518
4141
3692
3203
2610
2034
1493
891
340
-193
-642
-1096
-1546
-1944
-2284
-2622
-2985
-3261
-3572
-3847
-4119
-4351
-4542
-4704
-4782
-4809
-4742
-4705
-4571
-4406
-4259
-4060
-3853
-3673
-3407
-3153
-2837
-2580
-2301
-1923
-1593
-1209
-877
-324
170
690
1265
1817
2368
2790
3276
3734
4179
4475
4770
5046
5232
5371
5474
5600
5547
5454
5291
5117
4882
4488
4124
3664
3167
2580
2019
1474
870
332
-190
-636
-1084
-1505
-1879
-2217
-2585
-2977
-3287
-3635
-3953
-4235
-4494
-4705
-4873
-4963
-4955
-4868
-4787
-4634
-4443
-4289
-4089
-3873
-3697
-3421
-3180
-2861
-2611
-2267
-1862
-1461
-1046
-630
-27
507
1087
1668
2266
2756
3239
3688
4148
4539
4799
5081
5285
5455
5538
5655
5711
5646
5542
5364
5163
4876
4470
4038
3559
3017
2430
1854
1271
686
132
-375
-827
-1242
-1638
-1988
-2317
-2686
-3064
-3400
-3732
-4068
-4344
-4617
-4825
-4975
-5078
-5048
-4963
-4842
-4687
-4484
-4297
-4100
-3899
-3723
-3460
-3236
-2948
-2706
-2327
-1930
-1500
-1076
-595
-6
539
1134
1696
2302
2754
3276
3692
4126
4464
4705
4971
5118
5279
5332
5446
5460
5391
5292
5103
4899
4571
4186
3732
3257
2725
2160
1621
1026
499
-49
-507
-947
-1343
-1710
-2061
-2369
-2724
-3040
-3374
-3659
-3970
-4231
-4466
-4654
-4761
-4860
-4829
-4770
-4645
-4501
-4312
-4095
-3890
-3690
-3475
-3225
-2965
-2709
-2442
-2072
-1709
-1300
-910
-395
112
658
1203
1765
2347
2809
3347
3752
4197
4501
4786
5041
5201
5358
5413
5509
5487
5415
5286
5078
4844
4478
4106
3648
3183
2669
2127
1616
1037
549
9
-422
-870
-1274
-1648
-2024
-2337
-2698
-2990
-3335
-3616
-3920
-4181
-4393
-4581
-4676
-4777
-4767
-4735
-4646
-4530
-4381
-4182
-3993
-3808
-3560
-3325
-3022
-2779
-2452
-2099
-1736
-1332
-944
-408
41
607
1113
1709
2255
2749
3283
3707
4169
4469
4812
5068
5280
5433
5519
5601
5565
5488
5321
5098
4815
4437
4054
3595
3130
2614
2087
1571
1016
519
-15
-458
-920
-1337
-1745
-2134
-2477
-2852
-3177
-3541
-3835
-4140
-4391
-4597
-4759
-4853
-4918
-4904
-4852
-4772
-4650
-4506
-4321
-4136
-3953
-3684
-3444
-3112
-2853
-2459
-2103
-1688
-1265
-816
-274
202
794
1309
1933
2447
2985
3484
3935
4356
4671
4996
5229
5429
5562
5642
5687
5641
5552
5367
5128
4845
4477
4098
3630
3176
2655
2129
1592
1047
545
12
-440
-906
-1313
-1731
-2118
-2470
-2850
-3193
-3562
-3850
-4143
-4387
-4584
-4728
-4812
-4858
-4844
-4783
-4704
-4579
-4448
-4271
-4103
-3911
-3649
-3405
-3066
-2802
-2375
-2028
-1570
-1160
-653
-120
383
973
1483
2116
2575
3126
3564
4030
4388
4689
4969
5171
5338
5412
5475
5477
5409
5278
5075
4827
4531
4139
3759
3283
2821
2274
1764
1224
707
219
-269
-667
-1106
-1466
-1847
-2177
-2515
-2864
-3186
-3518
-3786
-4075
-4304
-4483
-4619
-4709
-4759
-4741
-4695
-4616
-4497
-4369
-4189
-4049
-3840
-3593
-3348
-3043
-2782
-2359
-2036
-1578
-1183
-641
-118
387
985
1495
2141
2573
3140
3583
4064
4410
4712
5032
5224
5432
5494
5610
5619
5552
5441
5239
5023
4686
4320
3917
3470
2974
2426
1922
1359
853
335
-124
-547
-973
-1356
-1718
-2044
-2401
-2730
-3065
-3373
-3684
-3978
-4228
-4414
-4569
-4702
-4751
-4767
-4725
-4679
-4560
-4444
-4262
-4137
-3951
-3706
-3495
-3208
-2988
-2588
-2285
-1841
-1461
-931
-399
92
693
1180
1832
2276
2837
3291
3775
4154
4458
4808
5019
5291
5389
5542
5592
5558
5498
5304
5120
4797
4465
4058
3636
3168
2641
2140
1569
1069
539
55
-396
-826
-1223
-1615
-1956
-2319
-2650
-3001
-3322
-3637
-3943
-4207
-4420
-4567
-4714
-4772
-4800
-4752
-4706
-4604
-4486
-4309
-4158
-3988
-3734
-3517
-3218
-2990
-2579
-2239
-1770
-1358
-816
-261
247
852
1352
1997
2461
3020
3475
3958
4337
4630
4962
5161
5416
5507
5639
5673
5616
5541
5333
5130
4779
4433
3998
3556
3071
2535
2022
1431
911
369
-116
-586
-1022
-1422
-1818
-2165
-2536
-2857
-3206
-3516
-3826
-4117
-4356
-4569
-4702
-4830
-4870
-4889
-4827
-4759
-4653
-4518
-4363
-4182
-3996
-3731
-3494
-3176
-2907
-2492
-2114
-1641
-1176
-638
-80
438
1014
1527
2126
2598
3140
3603
4071
4447
4751
5051
5267
5465
5568
5664
5677
5601
5497
5297
5065
4721
4344
3917
3453
2962
2422
1909
1337
809
282
-193
-649
-1072
-1465
-1846
-2185
-2537
-2842
-3176
-3470
-3772
-4039
-4276
-4477
-4626
-4748
-4805
-4829
-4770
-4711
-4615
-4501
-4364
-4204
-4033
-3788
-3564
-3261
-3007
-2614
-2236
-1796
-1336
-826
-265
246
809
1328
1917
2400
2930
3427
3897
4306
4629
4958
5218
5416
5562
5662
5709
5650
5577
5422
5212
4900
4524
4151
3688
3215
2666
2169
1607
1072
552
65
-379
-828
-1215
-1597
-1934
-2289
-2595
-2923
-3229
-3536
-3809
-4046
-4272
-4447
-4583
-4657
-4705
-4670
-4622
-4543
-4457
-4347
-4198
-4060
-3840
-3656
-3376
-3149
-2792
-2435
-2031
-1585
-1121
-547
-48
535
1058
1652
2160
2680
3211
3674
4126
4450
4818
5092
5318
5492
5597
5689
5646
5628
5484
5298
4990
4624
4271
3785
3311
2725
2223
1638
1089
555
39
-408
-898
-1283
-1690
-2037
-2407
-2729
-3052
-3385
-3685
-3977
-4203
-4453
-4628
-4769
-4845
-4883
-4855
-4777
-4695
-4590
-4479
-4306
-4163
-3941
-3748
-3461
-3204
-2851
-2469
-2057
-1592
-1130
-544
-30
569
1100
1698
2227
2744
3280
3751
4220
4549
4930
5208
5453
5617
5731
5839
5822
5809
5650
5477
5161
4808
4421
3933
3426
2821
2296
1707
1154
597
95
-364
-843
-1248
-1654
-1999
-2368
-2685
-3011
-3322
-3617
-3901
-4133
-4384
-4566
-4731
-4806
-4852
-4816
-4749
-4668
-4549
-4431
-4242
-4105
-3866
-3653
-3355
-3088
-2742
-2341
-1941
-1475
-1032
-452
46
623
1150
1724
2251
2742
3286
3747
4203
4537
4916
5203
5427
5585
5712
5814
5792
5757
5611
5420
5108
4762
4376
3889
3339
2755
2211
1631
1055
519
35
-435
-887
-1300
-1663
-2025
-2369
-2680
-2980
-3277
-3571
-3839
-4098
-4344
-4561
-4723
-4807
-4867
-4844
-4802
-4712
-4596
-4473
-4299
-4164
-3934
-3725
-3446
-3191
-2886
-2506
-2133
-1668
-1235
-664
-151
415
972
1539
2115
2596
3159
3620
4090
4473
4836
5161
5365
5581
5698
5816
5809
5773
5684
5458
5233
4876
4539
4044
3511
2956
2366
1825
1200
720
177
-277
-737
-1168
-1520
-1941
-2252
-2619
-2881
-3218
-3514
-3798
-4108
-4322
-4580
-4702
-4816
-4862
-4849
-4821
-4697
-4601
-4456
-4335
-4190
-3990
-3799
-3550
-3332
-3053
-2728
-2362
-1910
-1467
-895
-379
228
817
1406
2003
2486
3069
3537
4044
4439
4788
5112
5328
5567
5667
5795
5800
5791
5729
5531
5365
5011
4695
4206
3692
3128
2524
1990
1348
858
269
-186
-670
-1111
-1485
-1931
-2246
-2628
-2898
-3261
-3576
-3881
-4200
-4402
-4661
-4772
-4899
-4946
-4940
-4906
-4767
-4662
-4510
-4393
-4234
-4043
-3844
-3596
-3350
-3073
-2735
-2350
-1883
-1428
-865
-310
313
922
1485
2094
2587
3184
3683
4190
4595
4926
5272
5509
5741
5846
5965
5987
5965
5919
5741
5565
5202
4849
4370
3831
3267
2662
2106
1457
912
321
-171
-661
-1116
-1512
-1953
-2287
-2643
-2956
-3305
-3638
-3934
-4227
-4436
-4666
-4798
-4922
-4984
-4983
-4945
-4825
-4712
-4580
-4447
-4287
-4103
-3879
-3637
-3350
-3086
-2702
-2321
-1863
-1407
-877
-291
258
852
1366
1974
2470
3044
3568
4030
4459
4776
5156
5389
5603
5739
5831
5873
5816
5789
5599
5377
5026
4635
4208
3661
3142
2553
1983
1363
793
249
-278
-742
-1203
-1588
-1996
-2330
-2636
-2972
-3268
-3588
-3841
-4101
-4311
-4509
-4659
-4770
-4849
-4852
-4830
-4752
-4655
-4551
-4419
-4272
-4105
-3880
-3662
-3373
-3110
-2722
-2356
-1919
-1455
-950
-360
144
758
1279
1890
2405
2958
3482
3923
4378
4705
5098
5332
5569
5750
5839
5927
5868
5857
5662
5437
5126
4732
4353
3810
3335
2733
2175
1570
993
465
-100
-551
-1048
-1422
-1830
-2170
-2482
-2833
-3102
-3424
-3663
-3920
-4144
-4332
-4514
-4619
-4725
-4743
-4737
-4691
-4603
-4527
-4396
-4264
-4103
-3891
-3686
-3403
-3145
-2774
-2435
-2006
-1563
-1071
-492
27
666
1200
1830
2352
2926
3452
3926
4411
4748
5162
5398
5672
5848
5936
6033
5948
5922
5695
5477
5143
4728
4331
3761
3287
2637
2102
1459
871
314
-283
-733
-1276
-1638
-2078
-2408
-2743
-3081
-3345
-3669
-3897
-4161
-4367
-4553
-4740
-4843
-4958
-4958
-4934
-4870
-4772
-4687
-4543
-4405
-4213
-3992
-3758
-3473
-3198
-2829
-2482
-2048
-1614
-1115
-540
5
645
1189
1828
2368
2976
3528
4043
4543
4907
5324
5588
5862
6036
6121
6193
6113
6049
5836
5598
5269
4842
4429
3872
3369
2738
2178
1559
955
400
-193
-657
-1181
-1571
-1976
-2315
-2630
-2951
-3214
-3522
-3777
-4031
-4249
-4424
-4620
-4731
-4832
-4835
-4779
-4709
-4588
-4513
-4369
-4227
-4032
-3801
-3584
-3298
-3046
-2678
-2343
-1923
-1495
-1012
-442
76
692
1217
1835
2368
2949
3491
3977
4444
4784
5169
5438
5666
5820
5885
5933
5846
5759
5575
5330
5029
4608
4218
3693
3180
2582
2009
1427
825
291
-276
-737
-1232
-1631
-1995
-2335
-2623
-2933
-3197
-3496
-3763
-4015
-4256
-4440
-4648
-4765
-4859
-4866
-4811
-4748
-4631
-4557
-4407
-4286
-4100
-3882
-3677
-3408
-3171
-2802
-2473
-2052
-1610
-1108
-533
-31
583
1132
1759
2300
2874
3441
3913
4382
4732
5150
5442
5663
5851
5936
6024
5933
5897
5743
5536
5247
4852
4497
3952
3446
2825
2276
1655
1055
518
-44
-501
-1024
-1402
-1791
-2131
-2442
-2741
-3008
-3332
-3597
-3873
-4111
-4333
-4540
-4664
-4763
-4788
-4773
-4708
-4623
-4540
-4407
-4299
-4124
-3927
-3734
-3497
-3267
-2932
-2607
-2200
-1751
-1251
-692
-193
422
1010
1624
2191
2767
3372
3845
4321
4696
5119
5417
5616
5837
5925
6028
5925
5923
5781
5576
5286
4891
4542
3947
3411
2753
2196
1523
894
335
-240
-703
-1250
-1614
-2022
-2370
-2688
-2975
-3225
-3553
-3815
-4086
-4315
-4534
-4731
-4837
-4927
-4954
-4937
-4855
-4756
-4651
-4478
-4339
-4121
-3916
-3695
-3449
-3213
-2872
-2527
-2093
-1660
-1145
-588
-58
567
1171
1806
2378
2978
3569
4073
4527
4885
5271
5528
5716
5879
5969
6032
5947
5915
5771
5579
5275
4911
4528
3961
3389
2746
2173
1502
874
278
-273
-764
-1269
-1658
-2056
-2393
-2715
-2978
-3234
-3513
-3784
-4035
-4261
-4463
-4631
-4740
-4802
-4834
-4786
-4715
-4601
-4477
-4303
-4137
-3942
-3717
-3509
-3273
-3053
-2722
-2366
-1958
-1524
-1030
-460
69
681
1285
1920
2489
3056
3639
4144
4577
4905
5247
5487
5646
5773
5863
5915
5846
5772
5663
5472
5183
4812
4421
3911
3333
2741
2140
1532
872
284
-251
-743
-1218
-1662
-2005
-2352
-2654
-2944
-3189
-3437
-3730
-3958
-4200
-4379
-4583
-4717
-4779
-4830
-4798
-4786
-4668
-4570
-4438
-4293
-4137
-3902
-3730
-3498
-3281
-2965
-2625
-2263
-1808
-1344
-782
-274
338
949
1557
2146
2703
3323
3834
4308
4689
5053
5353
5541
5751
5874
5980
5958
5919
5867
5663
5416
5022
4652
4148
3603
3045
2423
1842
1158
617
56
-426
-917
-1381
-1727
-2104
-2387
-2715
-2959
-3237
-3518
-3743
-4000
-4187
-4424
-4568
-4676
-4740
-4747
-4762
-4682
-4623
-4509
-4403
-4269
-4065
-3879
-3649
-3432
-3118
-2788
-2432
-2003
-1540
-997
-488
98
708
1324
1916
2487
3104
3659
4151
4581
4977
5327
5554
5782
5951
6063
6089
6043
6012
5797
5546
5148
4754
4259
3684
3132
2475
1885
1184
627
55
-464
-960
-1457
-1824
-2240
-2543
-2865
-3133
-3399
-3693
-3899
-4168
-4349
-4557
-4707
-4790
-4878
-4845
-4847
-4751
-4670
-4548
-4385
-4271
-4036
-3843
-3578
-3339
-3053
-2670
-2347
-1889
-1468
-901
-385
172
813
1391
2048
2565
3197
3729
4217
4653
4995
5383
5567
5795
5919
6027
6061
5979
5956
5732
5514
5112
4738
4263
3686
3130
2467
1888
1188
610
24
-495
-1004
-1503
-1889
-2300
-2619
-2940
-3181
-3429
-3685
-3903
-4128
-4293
-4464
-4576
-4634
-4668
-4642
-4596
-4484
-4360
-4230
-4069
-3932
-3732
-3529
-3298
-3034
-2782
-2432
-2121
-1701
-1277
-772
-242
274
894
1443
2067
2582
3145
3662
4102
4520
4830
5184
5386
5566
5703
5767
5819
5730
5684
5507
5282
4958
4568
4163
3599
3053
2432
1844
1223
613
81
-460
-939
-1430
-1832
-2199
-2557
-2844
-3114
-3342
-3590
-3829
-4030
-4239
-4391
-4531
-4601
-4645
-4675
-4617
-4558
-4422
-4322
-4165
-4029
-3885
-3663
-3486
-3200
-2999
-2678
-2359
-1999
-1553
-1120
-548
-84
512
1060
1649
2213
2707
3296
3724
4191
4516
4893
5201
5385
5616
5681
5826
5761
5744
5643
5437
5206
4789
4470
3907
3392
2777
2193
1626
981
493
-95
-526
-1057
-1465
-1836
-2221
-2494
-2830
-3042
-3338
-3572
-3805
-4042
-4209
-4401
-4498
-4608
-4650
-4647
-4615
-4507
-4417
-4255
-4128
-3973
-3760
-3568
-3300
-3088
-2788
-2456
-2110
-1672
-1246
-693
-223
331
898
1471
2070
2570
3186
3657
4143
4514
4892
5258
5466
5731
5818
5974
5934
5904
5823
5616
5394
4969
4631
4063
3533
2895
2289
1697
1027
501
-116
-571
-1129
-1559
-1967
-2362
-2662
-3010
-3236
-3547
-3769
-4010
-4224
-4397
-4576
-4672
-4783
-4805
-4810
-4750
-4649
-4532
-4360
-4206
-4018
-3818
-3591
-3345
-3089
-2810
-2468
-2109
-1702
-1259
-764
-248
261
842
1409
2011
2548
3130
3661
4130
4547
4896
5271
5510
5755
5891
6012
6019
5959
5894
5711
5483
5107
4729
4226
3681
3068
2455
1847
1191
609
15
-495
-1029
-1486
-1897
-2280
-2610
-2933
-3178
-3452
-3686
-3925
-4118
-4290
-4446
-4558
-4654
-4684
-4688
-4620
-4521
-4394
-4231
-4068
-3866
-3698
-3482
-3286
-3034
-2793
-2508
-2160
-1825
-1392
-987
-462
8
553
1106
1670
2247
2766
3332
3787
4239
4581
4933
5240
5467
5663
5760
5832
5807
5748
5637
5426
5138
4746
4318
3823
3260
2665
2048
1438
830
246
-292
-796
-1263
-1688
-2057
-2393
-2706
-2972
-3240
-3480
-3748
-3980
-4174
-4349
-4485
-4607
-4658
-4663
-4605
-4519
-4401
-4235
-4088
-3890
-3751
-3553
-3388
-3182
-2952
-2711
-2354
-2070
-1631
-1254
-722
-247
260
848
1387
2017
2507
3114
3590
4069
4459
4805
5194
5408
5668
5780
5907
5931
5875
5842
5644
5417
5006
4621
4159
3603
3016
2375
1800
1147
556
-13
-526
-1021
-1500
-1859
-2223
-2541
-2843
-3115
-3359
-3660
-3913
-4123
-4308
-4481
-4610
-4673
-4696
-4658
-4597
-4474
-4330
-4197
-4011
-3869
-3693
-3525
-3332
-3088
-2861
-2508
-2201
-1780
-1371
-870
-336
146
765
1328
1987
2511
3102
3637
4102
4555
4866
5284
5494
5751
5887
5990
6037
5956
5937
5716
5489
5075
4670
4202
3615
3021
2357
1754
1085
459
-131
-703
-1214
-1721
-2103
-2480
-2817
-3108
-3391
-3621
-3892
-4098
-4282
-4445
-4594
-4696
-4736
-4768
-4723
-4659
-4527
-4387
-4236
-4050
-3873
-3704
-3500
-3291
-3054
-2817
-2522
-2164
-1817
-1390
-961
-421
54
617
1219
1819
2403
2907
3491
3932
4392
4727
5103
5411
5626
5832
5928
6007
5959
5908
5784
5535
5234
4809
4391
3837
3218
2622
1957
1371
673
114
-485
-1006
-1490
-1944
-2265
-2656
-2911
-3226
-3435
-3671
-3889
-4043
-4243
-4372
-4519
-4556
-4595
-4593
-4530
-4429
-4266
-4131
-3953
-3754
-3568
-3349
-3141
-2910
-2671
-2433
-2080
-1773
-1380
-1010
-528
-29
453
1036
1556
2173
2631
3173
3637
4062
4465
4785
5174
5396
5620
5738
5819
5851
5769
5735
5522
5302
4924
4506
4040
3405
2852
2179
1622
932
345
-211
-750
-1193
-1682
-1991
-2366
-2650
-2948
-3190
-3403
-3666
-3853
-4080
-4255
-4429
-4522
-4550
-4587
-4547
-4466
-4322
-4174
-4035
-3845
-3681
-3500
-3324
-3135
-2906
-2719
-2417
-2119
-1766
-1401
-981
-457
4
567
1072
1670
2175
2669
3190
3620
4080
4406
4813
5089
5341
5515
5628
5747
5717
5739
5583
5414
5099
4712
4275
3685
3130
2464
1899
1221
620
47
-500
-960
-1463
-1816
-2203
-2481
-2780
-3021
-3256
-3529
-3739
-3983
-4160
-4348
-4449
-4489
-4515
-4485
-4413
-4262
-4118
-3954
-3779
-3617
-3469
-3315
-3113
-2919
-2719
-2492
-2169
-1838
-1465
-1039
-534
-17
500
1076
1647
2208
2694
3228
3726
4170
4536
4886
5211
5455
5652
5789
5911
5938
5929
5819
5634
5339
4957
4518
3976
3382
2710
2087
1422
769
141
-450
-972
-1505
-1951
-2352
-2664
-2956
-3215
-3445
-3712
-3949
-4185
-4379
-4553
-4697
-4756
-4797
-4784
-4736
-4591
-4423
-4243
-4036
-3858
-3672
-3510
-3260
-3043
-2809
-2596
-2289
-1925
-1569
-1120
-656
-98
398
993
1592
2163
2698
3195
3765
4194
4602
4927
5268
5544
5707
5883
5948
6026
5955
5865
5676
5369
5014
4532
4077
3453
2830
2163
1528
892
215
-345
-928
-1395
-1899
-2279
-2597
-2882
-3103
-3347
-3525
-3773
-3953
-4153
-4305
-4443
-4553
-4576
-4614
-4555
-4475
-4311
-4114
-3928
-3705
-3545
-3345
-3118
-2893
-2644
-2461
-2179
-1869
-1530
-1155
-753
-259
201
752
1306
1896
2427
2910
3463
3899
4331
4654
5001
5303
5486
5657
5737
5822
5769
5678
5518
5267
4948
4505
4062
3519
2923
2299
1672
1071
423
-161
-719
-1211
-1673
-2109
-2433
-2745
-2997
-3238
-3446
-3633
-3839
-4022
-4189
-4326
-4434
-4501
-4534
-4515
-4449
-4334
-4152
-3962
-3771
-3583
-3425
-3192
-2981
-2752
-2521
-2313
-1989
-1709
-1346
-972
-543
-49
440
1025
1578
2165
2663
3192
3693
4109
4529
4839
5193
5431
5599
5753
5798
5842
5738
5628
5432
5131
4788
4290
3854
3246
2680
2045
1416
833
165
-356
-955
-1384
-1873
-2256
-2581
-2910
-3120
-3421
-3573
-3804
-3987
-4162
-4335
-4398
-4523
-4551
-4580
-4518
-4415
-4305
-4106
-3964
-3743
-3622
-3404
-3162
-2957
-2685
-2515
-2159
-1888
-1541
-1143
-716
-175
285
889
1445
2050
2580
3089
3655
4067
4522
4835
5201
5481
5634
5815
5855
5915
5809
5697
5530
5225
4910
4423
4005
3421
2827
2202
1533
952
248
-288
-898
-1360
-1829
-2232
-2534
-2886
-3088
-3386
-3542
-3758
-3950
-4097
-4290
-4340
-4463
-4494
-4508
-4469
-4342
-4260
-4059
-3930
-3709
-3562
-3372
-3107
-2915
-2632
-2478
-2142
-1874
-1554
-1162
-771
-238
175
742
1272
1846
2392
2877
3457
3871
4330
4652
5024
5311
5481
5655
5701
5768
5657
5559
5398
5115
4808
4372
3961
3413
2812
2198
1543
944
269
-279
-848
-1322
-1767
-2161
-2443
-2788
-3008
-3263
-3448
-3628
-3850
-3972
-4154
-4236
-4327
-4379
-4363
-4355
-4224
-4140
-3941
-3813
-3616
-3430
-3268
-3004
-2846
-2555
-2413
-2112
-1842
-1546
-1150
-818
-306
62
600
1081
1641
2191
2661
3247
3647
4151
4457
4857
5150
5350
5568
5607
5748
5647
5601
5445
5228
4954
4532
4166
3612
3087
2440
1840
1233
578
39
-552
-998
-1485
-1893
-2229
-2562
-2830
-3104
-3325
-3539
-3763
-3956
-4116
-4247
-4350
-4427
-4454
-4442
-4374
-4304
-4146
-4006
-3842
-3653
-3505
-3269
-3112
-2865
-2665
-2411
-2079
-1808
-1397
-1066
-598
-199
293
813
1322
1914
2366
2958
3383
3881
4251
4600
4972
5156
5439
5502
5650
5636
5577
5496
5267
5082
4666
4328
3810
3307
2725
2098
1552
874
356
-256
-732
-1211
-1670
-2026
-2394
-2659
-2961
-3190
-3423
-3637
-3833
-4018
-4134
-4277
-4339
-4415
-4421
-4373
-4331
-4186
-4040
-3858
-3672
-3501
-3288
-3077
-2857
-2593
-2347
-2004
-1711
-1358
-986
-573
-114
337
899
1400
1984
2476
3023
3524
3953
4395
4689
5068
5260
5478
5604
5661
5702
5585
5531
5303
5100
4734
4366
3915
3375
2837
2195
1639
975
409
-164
-680
-1160
-1639
-2020
-2394
-2690
-2988
-3214
-3444
-3652
-3839
-4027
-4140
-4298
-4364
-4449
-4474
-4445
-4395
-4263
-4124
-3931
-3770
-3563
-3395
-3150
-2954
-2696
-2463
-2208
-1883
-1622
-1232
-884
-393
48
576
1117
1655
2228
2695
3272
3684
4148
4462
4791
5087
5247
5440
5474
5568
5485
5397
5237
5027
4747
4351
3956
3455
2922
2308
1711
1121
531
-28
-554
-1033
-1493
-1936
-2294
-2599
-2871
-3111
-3327
-3510
-3671
-3844
-3970
-4090
-4175
-4242
-4288
-4249
-4193
-4073
-3959
-3786
-3628
-3457
-3293
-3091
-2872
-2680
-2460
-2279
-1984
-1734
-1393
-1042
-610
-140
318
877
1392
1988
2474
3027
3504
3940
4326
4629
4974
5179
5394
5503
5599
5617
5531
5437
5251
5038
4718
4341
3912
3359
2778
2145
1543
936
336
-209
-753
-1240
-1731
-2118
-2457
-2754
-3008
-3242
-3439
-3637
-3808
-3952
-4075
-4181
-4260
-4307
-4296
-4263
-4165
-4060
-3929
-3787
-3640
-3460
-3298
-3078
-2899
-2686
-2509
-2268
-1985
-1684
-1319
-948
-476
-37
477
1004
1571
2123
2625
3142
3586
4001
4334
4658
4951
5166
5340
5454
5522
5496
5398
5285
5099
4864
4519
4132
3657
3080
2482
1844
1258
629
47
-510
-1033
-1506
-1954
-2291
-2602
-2858
-3105
-3317
-3494
-3680
-3822
-3958
-4063
-4163
-4238
-4256
-4238
-4171
-4082
-3967
-3817
-3659
-3473
-3278
-3056
-2828
-2622
-2398
-2178
-1893
-1599
-1260
-881
-473
-2
466
1019
1566
2138
2666
3162
3654
4045
4443
4730
5052
5256
5423
5540
5559
5588
5447
5368
5128
4904
4560
4151
3722
3135
2604
1915
1336
669
74
-489
-1055
-1484
-1966
-2281
-2640
-2869
-3094
-3305
-3455
-3647
-3741
-3906
-3999
-4103
-4168
-4206
-4238
-4184
-4124
-4018
-3909
-3748
-3560
-3374
-3180
-2960
-2746
-2531
-2344
-2098
-1828
-1543
-1213
-859
-395
40
563
1086
1660
2201
2689
3213
3648
4103
4422
4778
5036
5248
5394
5462
5541
5463
5387
5179
4974
4662
4287
3884
3393
2886
2259
1675
1048
446
-144
-701
-1164
-1636
-2016
-2380
-2642
-2882
-3097
-3252
-3415
-3522
-3681
-3773
-3880
-3951
-4018
-4068
-4041
-4036
-3946
-3888
-3726
-3585
-3410
-3218
-3040
-2813
-2667
-2440
-2285
-2028
-1808
-1529
-1188
-843
-376
36
591
1085
1647
2169
2667
3202
3616
4073
4397
4753
5013
5220
5409
5474
5558
5463
5405
5224
5003
4726
4334
3973
3437
2942
2326
1760
1161
538
-8
-588
-1048
-1552
-1929
-2280
-2575
-2816
-3052
-3199
-3385
-3516
-3658
-3764
-3867
-3969
-4022
-4066
-4045
-4024
-3932
-3827
-3680
-3522
-3347
-3149
-2977
-2773
-2610
-2400
-2227
-1997
-1749
-1466
-1111
-743
-270
179
712
1220
1758
2282
2756
3257
3662
4082
4401
4728
4988
5183
5333
5388
5435
5367
5291
5112
4886
4566
4153
3711
3179
2652
2046
1466
863
260
-321
-893
-1367
-1827
-2188
-2530
-2789
-3016
-3231
-3402
-3571
-3683
-3825
-3927
-4030
-4088
-4142
-4161
-4119
-4034
-3916
-3801
-3618
-3432
-3224
-3058
-2833
-2622
-2415
-2230
-2024
-1735
-1488
-1148
-790
-314
140
618
1157
1681
2231
2682
3198
3662
4079
4439
4749
5069
5255
5394
5482
5522
5516
5383
5273
5033
4725
4310
3840
3388
2784
2244
1593
1028
376
-261
-804
-1366
-1759
-2228
-2491
-2796
-3014
-3223
-3423
-3520
-3708
-3778
-3913
-3962
-4045
-4106
-4098
-4087
-4002
-3922
-3786
-3624
-3458
-3263
-3083
-2888
-2678
-2507
-2290
-2130
-1876
-1630
-1333
-966
-598
-105
318
864
1365
1909
2431
2896
3432
3836
4293
4612
4949
5204
5350
5507
5507
5573
5462
5379
5182
4893
4577
4090
3691
3094
2572
1911
1274
642
-51
-585
-1213
-1610
-2085
-2390
-2701
-2960
-3124
-3355
-3420
-3608
-3645
-3786
-3847
-3917
-3983
-3954
-4000
-3901
-3889
-3740
-3641
-3473
-3291
-3130
-2920
-2784
-2557
-2430
-2236
-2075
-1848
-1594
-1337
-974
-617
-150
276
792
1321
1842
2364
2829
3354
3787
4205
4555
4860
5130
5266
5412
5456
5481
5428
5311
5199
4910
4614
4176
3760
3235
2601
1989
1280
687
-18
-570
-1107
-1575
-1956
-2333
-2541
-2833
-2983
-3166
-3254
-3363
-3514
-3590
-3727
-3778
-3879
-3880
-3888
-3874
-3818
-3717
-3556
-3417
-3240
-3061
-2882
-2738
-2567
-2417
-2251
-2129
-1933
-1709
-1453
-1143
-784
-305
110
633
1140
1720
2229
2710
3247
3692
4136
4426
4788
5034
5210
5324
5380
5444
5355
5300
5155
4966
4639
4249
3843
3297
2677
1983
1342
674
-2
-617
-1157
-1622
-2059
-2396
-2659
-2881
-3070
-3198
-3282
-3396
-3527
-3645
-3745
-3874
-3966
-4018
-4017
-4008
-3959
-3804
-3651
-3442
-3277
-3053
-2888
-2728
-2521
-2368
-2176
-2098
-1856
-1651
-1358
-1041
-659
-151
250
819
1311
1927
2415
2926
3461
3880
4318
4572
4958
5148
5327
5401
5436
5480
5351
5312
5107
4941
4589
4210
3778
3197
2604
1865
1254
552
-90
-717
-1265
-1692
-2149
-2453
-2748
-2908
-3079
-3198
-3250
-3364
-3443
-3595
-3660
-3789
-3894
-3946
-3961
-3897
-3872
-3698
-3536
-3310
-3136
-2956
-2762
-2636
-2417
-2290
-2111
-2031
-1841
-1594
-1326
-967
-612
-106
311
830
1343
1892
2407
2854
3376
3761
4130
4406
4717
4968
5079
5176
5197
5228
5143
5027
4897
4648
4343
3909
3479
2922
2278
1640
981
396
-279
-835
-1335
-1747
-2121
-2466
-2649
-2837
-2942
-3053
-3092
-3155
-3276
-3355
-3434
-3503
-3612
-3662
-3631
-3603
-3551
-3433
-3260
-3057
-2918
-2726
-2584
-2445
-2301
-2181
-2030
-1994
-1822
-1646
-1360
-1060
-709
-228
184
718
1198
1769
2262
2730
3238
3612
3986
4239
4565
4804
4938
5056
5080
5145
5058
4986
4860
4612
4329
3872
3467
2865
2260
1626
987
420
-263
-743
-1275
-1635
-2019
-2317
-2483
-2694
-2737
-2887
-2884
-3024
-3122
-3207
-3322
-3364
-3529
-3518
-3578
-3528
-3519
-3425
-3263
-3132
-2910
-2777
-2572
-2492
-2334
-2208
-2106
-2035
-1960
-1736
-1549
-1246
-948
-486
-27
485
1053
1588
2156
2616
3170
3593
3983
4278
4565
4856
4976
5115
5136
5205
5151
5054
4942
4690
4431
3985
3562
2988
2357
1731
1054
477
-201
-719
-1244
-1654
-2013
-2345
-2503
-2717
-2766
-2893
-2940
-3040
-3169
-3228
-3383
-3420
-3568
-3579
-3631
-3628
-3569
-3521
-3335
-3215
-2950
-2784
-2588
-2439
-2293
-2099
-2031
-1905
-1845
-1637
-1452
-1211
-897
-541
-52
415
997
1510
2037
2527
3018
3502
3851
4193
4453
4728
4884
4983
5059
5073
5059
4938
4813
4590
4308
3943
3501
3003
2394
1787
1154
546
-60
-623
-1097
-1531
-1888
-2190
-2394
-2547
-2662
-2729
-2797
-2860
-2957
-3046
-3135
-3237
-3316
-3391
-3428
-3459
-3451
-3372
-3263
-3097
-2914
-2701
-2519
-2363
-2190
-2030
-1885
-1808
-1710
-1561
-1383
-1169
-913
-558
-151
311
818
1333
1838
2298
2775
3239
3625
3950
4219
4487
4667
4772
4852
4876
4859
4729
4587
4380
4100
3757
3330
2886
2326
1742
1143
551
-18
-585
-1037
-1453
-1801
-2101
-2312
-2448
-2574
-2637
-2680
-2702
-2770
-2842
-2906
-2986
-3079
-3169
-3223
-3276
-3300
-3274
-3166
-3052
-2906
-2745
-2563
-2405
-2276
-2119
-1993
-1892
-1834
-1712
-1547
-1360
-1126
-806
-400
22
492
1000
1542
2038
2526
3012
3469
3839
4145
4435
4676
4844
4923
4998
4989
4907
4730
4539
4294
3949
3539
3070
2584
1991
1401
808
266
-271
-768
-1171
-1524
-1818
-2084
-2239
-2363
-2458
-2533
-2579
-2624
-2712
-2799
-2887
-2979
-3087
-3182
-3232
-3250
-3244
-3183
-3080
-2953
-2826
-2681
-2524
-2402
-2278
-2190
-2081
-2029
-1940
-1795
-1619
-1371
-1107
-695
-287
184
677
1219
1780
2256
2774
3213
3660
3980
4290
4572
4763
4909
4929
4994
4893
4778
4555
4333
4019
3592
3166
2638
2146
1515
979
415
-87
-581
-1032
-1350
-1698
-1920
-2164
-2261
-2390
-2493
-2556
-2639
-2680
-2808
-2864
-2955
-3027
-3092
-3144
-3109
-3100
-3025
-2938
-2813
-2679
-2558
-2398
-2277
-2167
-2077
-2007
-1922
-1862
-1738
-1575
-1364
-1093
-774
-359
58
537
1042
1553
2062
2501
2971
3360
3728
4034
4288
4523
4621
4732
4720
4716
4591
4434
4226
3920
3607
3159
2758
2232
1746
1195
675
187
-314
-706
-1127
-1407
-1716
-1912
-2092
-2233
-2323
-2446
-2488
-2607
-2660
-2755
-2830
-2895
-2983
-2990
-3040
-3011
-3004
-2930
-2833
-2745
-2585
-2465
-2288
-2212
-2103
-2020
-1954
-1864
-1808
-1619
-1466
-1210
-950
-574
-144
274
783
1250
1788
2199
2643
3042
3407
3721
3935
4190
4324
4454
4471
4485
4458
4312
4161
3897
3664
3303
2914
2502
2031
1590
1037
598
119
-289
-689
-1045
-1281
-1560
-1710
-1904
-1982
-2089
-2198
-2255
-2371
-2403
-2540
-2600
-2699
-2790
-2851
-2940
-2924
-2956
-2887
-2830
-2717
-2584
-2497
-2353
-2317
-2211
-2189
-2133
-2058
-1992
-1809
-1665
-1365
-1088
-681
-244
225
756
1219
1761
2171
2634
2991
3345
3654
3874
4125
4224
4380
4377
4396
4336
4207
4062
3783
3556
3168
2822
2375
1937
1490
1002
582
109
-240
-641
-919
-1185
-1391
-1537
-1705
-1772
-1901
-1948
-2046
-2115
-2195
-2302
-2388
-2541
-2623
-2741
-2783
-2834
-2841
-2776
-2737
-2619
-2564
-2441
-2362
-2339
-2281
-2271
-2188
-2173
-2050
-1893
-1695
-1424
-1152
-697
-295
218
702
1221
1748
2140
2615
2955
3355
3608
3860
4087
4189
4318
4288
4347
4252
4146
3960
3699
3444
3034
2682
2228
1838
1366
930
503
63
-286
-683
-918
-1197
-1360
-1543
-1674
-1751
-1878
-1920
-2042
-2064
-2181
-2261
-2372
-2497
-2565
-2709
-2717
-2793
-2759
-2735
-2685
-2563
-2521
-2404
-2373
-2307
-2274
-2233
-2161
-2112
-1961
-1838
-1618
-1376
-1062
-643
-238
267
740
1259
1735
2144
2597
2963
3314
3569
3814
4016
4108
4195
4198
4229
4135
3996
3838
3578
3310
2919
2600
2215
1811
1400
964
596
140
-212
-565
-822
-1079
-1308
-1435
-1614
-1703
-1853
-1904
-1991
-2083
-2155
-2271
-2335
-2499
-2573
-2673
-2722
-2755
-2761
-2674
-2649
-2540
-2490
-2391
-2332
-2314
-2247
-2222
-2154
-2135
-2011
-1870
-1682
-1418
-1104
-673
-268
218
694
1200
1667
2078
2518
2880
3210
3448
3680
3849
3944
4016
4032
4042
3968
3850
3700
3498
3253
2964
2678
2355
1989
1607
1204
807
402
27
-302
-594
-851
-1082
-1248
-1408
-1535
-1642
-1732
-1804
-1907
-1991
-2109
-2228
-2365
-2500
-2596
-2680
-2729
-2749
-2715
-2682
-2628
-2573
-2520
-2467
-2453
-2428
-2411
-2374
-2331
-2231
-2067
-1852
-1575
-1241
-828
-394
84
555
1051
1518
1949
2358
2708
3034
3271
3485
3639
3762
3832
3868
3875
3835
3763
3626
3489
3287
3072
2804
2510
2171
1792
1413
1007
641
263
-58
-363
-620
-851
-1046
-1188
-1335
-1423
-1540
-1615
-1728
-1844
-1966
-2127
-2262
-2434
-2553
-2671
-2739
-2788
-2796
-2767
-2751
-2695
-2671
-2624
-2607
-2579
-2539
-2485
-2395
-2277
-2085
-1865
-1565
-1237
-831
-406
43
512
962
1439
1831
2250
2580
2897
3156
3349
3557
3657
3788
3815
3860
3841
3771
3700
3523
3402
3138
2901
2585
2235
1900
1474
1155
736
423
58
-261
-513
-805
-955
-1175
-1261
-1404
-1502
-1580
-1720
-1785
-1971
-2067
-2252
-2389
-2524
-2672
-2713
-2824
-2806
-2848
-2812
-2789
-2782
-2713
-2715
-2617
-2605
-2502
-2413
-2294
-2091
-1902
-1576
-1288
-890
-508
-81
385
799
1286
1663
2086
2417
2731
3025
3238
3476
3609
3760
3826
3879
3895
3844
3810
3659
3519
3275
3009
2716
2364
2044
1655
1318
931
562
205
-143
-427
-715
-909
-1103
-1249
-1381
-1517
-1595
-1722
-1825
-1954
-2092
-2230
-2395
-2522
-2652
-2737
-2816
-2854
-2858
-2868
-2823
-2795
-2717
-2667
-2617
-2552
-2511
-2416
-2331
-2153
-1955
-1699
-1408
-1076
-670
-287
182
607
1062
1475
1850
2231
2540
2853
3096
3330
3513
3651
3759
3831
3886
3886
3850
3760
3612
3416
3174
2899
2618
2277
1944
1560
1180
803
398
75
-258
-493
-743
-928
-1083
-1244
-1337
-1478
-1531
-1671
-1783
-1930
-2105
-2240
-2442
-2551
-2702
-2793
-2874
-2920
-2915
-2910
-2846
-2805
-2745
-2723
-2691
-2649
-2591
-2493
-2353
-2164
-1935
-1659
-1342
-951
-571
-129
303
746
1171
1552
1952
2274
2597
2853
3106
3328
3493
3665
3768
3870
3905
3910
3882
3766
3632
3435
3215
2938
2600
2266
1866
1473
1051
664
320
-25
-282
-542
-721
-917
-1068
-1170
-1295
-1375
-1536
-1653
-1831
-2016
-2193
-2395
-2542
-2734
-2848
-2975
-3025
-3050
-3042
-2972
-2947
-2864
-2847
-2780
-2739
-2664
-2545
-2437
-2238
-2060
-1778
-1517
-1183
-806
-424
27
412
886
1270
1674
2028
2352
2705
2955
3269
3476
3697
3845
3940
4061
4058
4085
3981
3895
3725
3475
3224
2849
2530
2083
1691
1270
855
517
144
-99
-397
-595
-794
-968
-1077
-1240
-1333
-1517
-1665
-1843
-2039
-2216
-2450
-2611
-2814
-2963
-3087
-3167
-3161
-3174
-3105
-3048
-2956
-2890
-2854
-2739
-2670
-2543
-2453
-2291
-2094
-1922
-1658
-1396
-1010
-680
-285
160
582
1035
1383
1845
2213
2599
2937
3243
3579
3737
3971
4075
4224
4255
4224
4234
4078
3977
3670
3453
3113
2725
2359
1888
1560
1071
742
363
43
-230
-558
-697
-957
-1068
-1270
-1418
-1544
-1766
-1875
-2128
-2264
-2509
-2705
-2862
-3062
-3115
-3249
-3217
-3231
-3168
-3078
-3041
-2902
-2888
-2753
-2706
-2609
-2500
-2432
-2248
-2141
-1875
-1660
-1341
-985
-619
-143
244
749
1154
1636
2065
2467
2891
3179
3536
3728
3983
4119
4237
4333
4322
4360
4215
4141
3902
3679
3390
3024
2710
2249
1901
1423
1049
640
255
-33
-371
-546
-811
-943
-1125
-1281
-1409
-1611
-1720
-1958
-2115
-2346
-2551
-2732
-2941
-3042
-3188
-3220
-3269
-3251
-3197
-3157
-3056
-3018
-2926
-2886
-2823
-2749
-2681
-2553
-2440
-2239
-2025
-1731
-1381
-989
-536
-88
410
876
1373
1832
2279
2697
3054
3393
3653
3906
4077
4240
4338
4403
4429
4373
4303
4125
3958
3696
3424
3097
2718
2340
1874
1457
979
584
191
-148
-418
-689
-863
-1087
-1229
-1416
-1570
-1727
-1916
-2061
-2292
-2456
-2686
-2859
-3032
-3184
-3267
-3366
-3353
-3361
-3281
-3218
-3143
-3056
-3023
-2930
-2891
-2785
-2705
-2586
-2422
-2236
-1938
-1637
-1220
-807
-334
160
643
1170
1632
2126
2542
2940
3293
3576
3854
4033
4217
4321
4410
4462
4444
4416
4285
4165
3965
3736
3466
3116
2769
2308
1868
1376
907
480
53
-268
-600
-838
-1085
-1289
-1460
-1653
-1773
-1952
-2082
-2272
-2455
-2641
-2858
-3010
-3208
-3315
-3427
-3473
-3464
-3429
-3322
-3263
-3148
-3090
-3010
-2924
-2851
-2726
-2645
-2488
-2331
-2087
-1791
-1453
-1028
-608
-108
370
885
1394
1872
2347
2754
3154
3471
3756
3991
4158
4309
4396
4474
4498
4478
4426
4318
4198
3996
3774
3478
3118
2717
2243
1782
1277
814
361
-50
-411
-752
-1021
-1281
-1473
-1657
-1800
-1931
-2082
-2226
-2417
-2586
-2790
-2975
-3155
-3318
-3430
-3526
-3541
-3523
-3441
-3360
-3263
-3155
-3068
-2956
-2873
-2753
-2655
-2542
-2406
-2234
-1987
-1713
-1354
-963
-510
-36
465
994
1502
2014
2461
2898
3267
3585
3851
4054
4240
4337
4442
4476
4500
4479
4407
4332
4158
3983
3692
3389
3004
2569
2135
1636
1206
719
313
-100
-461
-762
-1068
-1256
-1477
-1604
-1768
-1903
-2040
-2229
-2374
-2600
-2765
-2987
-3165
-3322
-3460
-3507
-3561
-3510
-3467
-3372
-3278
-3177
-3047
-2958
-2835
-2754
-2644
-2544
-2418
-2237
-2025
-1725
-1401
-985
-540
-42
491
1010
1558
2038
2523
2935
3310
3639
3873
4117
4247
4397
4467
4519
4556
4497
4476
4303
4176
3923
3643
3336
2909
2549
2035
1633
1132
696
299
-145
-431
-804
-1003
-1273
-1441
-1586
-1776
-1862
-2073
-2170
-2394
-2565
-2767
-2997
-3135
-3347
-3409
-3516
-3519
-3514
-3479
-3364
-3300
-3147
-3056
-2922
-2834
-2748
-2636
-2552
-2399
-2247
-2006
-1735
-1394
-983
-537
-36
466
993
1499
1995
2453
2871
3246
3560
3826
4047
4230
4369
4481
4542
4565
4533
4459
4335
4161
3948
3660
3341
2954
2531
2073
1607
1149
679
275
-125
-467
-775
-1029
-1240
-1435
-1568
-1723
-1843
-1992
-2158
-2337
-2554
-2754
-2985
-3161
-3325
-3452
-3525
-3572
-3548
-3516
-3406
-3289
-3150
-3005
-2885
-2753
-2663
-2546
-2435
-2296
-2115
-1895
-1609
-1292
-914
-497
-46
440
934
1435
1920
2368
2787
3152
3481
3755
3984
4181
4312
4425
4464
4487
4451
4371
4262
4078
3893
3602
3298
2916
2500
2061
1586
1160
690
299
-99
-436
-737
-1006
-1202
-1405
-1527
-1687
-1810
-1963
-2138
-2313
-2538
-2723
-2958
-3140
-3316
-3459
-3549
-3617
-3590
-3557
-3436
-3303
-3150
-2980
-2851
-2695
-2594
-2461
-2334
-2189
-1995
-1797
-1524
-1247
-889
-493
-50
446
924
1443
1910
2377
2791
3168
3507
3770
4013
4174
4329
4403
4450
4444
4391
4315
4172
4023
3791
3545
3206
2847
2445
2006
1585
1122
720
282
-74
-438
-743
-1007
-1258
-1424
-1623
-1738
-1909
-2042
-2205
-2388
-2553
-2772
-2931
-3146
-3285
-3427
-3519
-3541
-3549
-3449
-3360
-3187
-3036
-2872
-2714
-2597
-2452
-2350
-2204
-2081
-1926
-1743
-1532
-1244
-928
-531
-110
346
820
1296
1783
2239
2676
3063
3403
3701
3939
4137
4275
4365
4402
4390
4351
4261
4149
3984
3779
3525
3217
2881
2496
2103
1674
1254
830
419
36
-340
-669
-977
-1227
-1448
-1633
-1795
-1952
-2093
-2253
-2401
-2571
-2736
-2911
-3073
-3216
-3333
-3404
-3436
-3408
-3342
-3223
-3078
-2918
-2762
-2614
-2473
-2350
-2226
-2123
-2001
-1877
-1722
-1527
-1291
-997
-681
-305
87
532
985
1451
1918
2335
2745
3077
3394
3647
3855
4016
4110
4187
4191
4190
4134
4053
3929
3748
3552
3281
3005
2664
2308
1922
1517
1122
704
317
-79
-421
-743
-1016
-1247
-1453
-1618
-1791
-1926
-2082
-2218
-2376
-2540
-2697
-2869
-3002
-3142
-3212
-3271
-3262
-3204
-3113
-2970
-2842
-2674
-2540
-2390
-2271
-2168
-2055
-1981
-1869
-1769
-1606
-1422
-1207
-918
-613
-224
171
617
1076
1511
1947
2309
2676
2972
3240
3466
3623
3782
3845
3928
3940
3940
3914
3814
3739
3555
3402
3150
2891
2594
2235
1908
1479
1119
680
297
-81
-446
-721
-1037
-1235
-1483
-1637
-1804
-1959
-2073
-2245
-2342
-2527
-2649
-2814
-2946
-3047
-3151
-3151
-3172
-3094
-3034
-2910
-2773
-2651
-2490
-2385
-2232
-2152
-2048
-1958
-1862
-1733
-1610
-1390
-1169
-867
-549
-171
249
648
1086
1465
1879
2217
2537
2829
3072
3313
3452
3629
3720
3815
3855
3852
3875
3779
3720
3553
3411
3197
2925
2675
2316
2027
1604
1247
849
449
103
-314
-583
-946
-1183
-1442
-1649
-1784
-1987
-2052
-2223
-2283
-2416
-2534
-2615
-2771
-2807
-2942
-2942
-2980
-2959
-2884
-2844
-2680
-2608
-2428
-2326
-2196
-2070
-2008
-1877
-1834
-1687
-1588
-1418
-1211
-987
-671
-391
-1
345
745
1118
1477
1849
2145
2468
2705
2962
3156
3326
3477
3575
3674
3700
3728
3696
3641
3531
3383
3206
2965
2708
2394
2074
1709
1343
958
579
220
-147
-466
-788
-1044
-1301
-1505
-1672
-1824
-1931
-2059
-2134
-2245
-2337
-2440
-2545
-2615
-2716
-2751
-2793
-2776
-2739
-2685
-2565
-2462
-2309
-2193
-2050
-1925
-1838
-1734
-1670
-1556
-1477
-1353
-1197
-1021
-780
-552
-232
79
427
778
1123
1499
1800
2126
2389
2658
2871
3044
3225
3331
3456
3493
3556
3568
3540
3490
3370
3269
3050
2833
2543
2235
1890
1486
1129
713
367
-20
-342
-633
-922
-1139
-1374
-1503
-1666
-1777
-1880
-1986
-2066
-2206
-2286
-2414
-2506
-2597
-2676
-2693
-2731
-2691
-2654
-2560
-2448
-2335
-2174
-2058
-1919
-1818
-1719
-1626
-1569
-1469
-1396
-1279
-1156
-999
-785
-568
-274
28
379
739
1093
1469
1797
2127
2394
2649
2870
3035
3192
3296
3406
3469
3513
3551
3538
3513
3415
3294
3111
2862
2578
2217
1860
1452
1057
662
287
-42
-377
-640
-900
-1099
-1291
-1450
-1569
-1710
-1810
-1949
-2053
-2190
-2311
-2419
-2529
-2587
-2657
-2662
-2668
-2613
-2548
-2450
-2324
-2209
-2055
-1949
-1817
-1727
-1631
-1563
-1510
-1437
-1395
-1302
-1227
-1077
-916
-703
-434
-143
218
553
939
1290
1635
1946
2216
2480
2673
2873
3020
3163
3278
3366
3453
3494
3520
3479
3411
3273
3072
2819
2513
2171
1788
1413
1031
670
314
-5
-294
-559
-792
-1002
-1174
-1345
-1485
-1624
-1750
-1876
-2005
-2109
-2230
-2309
-2395
-2441
-2468
-2474
-2427
-2386
-2291
-2209
-2091
-1984
-1876
-1756
-1686
-1589
-1552
-1501
-1482
-1461
-1425
-1398
-1300
-1212
-1035
-844
-587
-284
32
397
730
1109
1422
1743
2032
2293
2543
2733
2953
3101
3269
3384
3482
3564
3557
3546
3437
3317
3097
2836
2549
2198
1857
1459
1111
738
388
60
-258
-516
-798
-1013
-1227
-1404
-1561
-1715
-1821
-1951
-2041
-2144
-2218
-2275
-2339
-2347
-2362
-2330
-2296
-2236
-2150
-2084
-1973
-1891
-1782
-1696
-1631
-1564
-1546
-1518
-1534
-1518
-1507
-1478
-1404
-1320
-1163
-997
-766
-510
-214
109
428
785
1113
1446
1760
2063
2349
2599
2843
3048
3236
3375
3481
3551
3569
3540
3462
3339
3166
2945
2685
2393
2076
1735
1379
1036
680
342
14
-293
-570
-837
-1059
-1262
-1423
-1574
-1701
-1803
-1908
-1981
-2065
-2112
-2161
-2192
-2201
-2203
-2175
-2157
-2096
-2043
-1967
-1885
-1817
-1727
-1683
-1627
-1610
-1594
-1595
-1600
-1580
-1573
-1515
-1462
-1351
-1210
-1036
-805
-552
-242
66
417
766
1121
1472
1802
2135
2420
2693
2918
3117
3265
3369
3442
3461
3450
3387
3290
3146
2967
2747
2494
2210
1903
1578
1236
910
568
249
-61
-343
-599
-833
-1029
-1211
-1342
-1475
-1575
-1663
-1746
-1802
-1870
-1904
-1955
-1977
-1999
-2015
-1992
-1991
-1944
-1912
-1855
-1797
-1757
-1697
-1683
-1650
-1654
-1657
-1669
-1699
-1688
-1708
-1664
-1615
-1520
-1372
-1202
-954
-693
-368
-38
330
713
1081
1479
1823
2182
2488
2762
3008
3190
3351
3443
3518
3530
3507
3446
3330
3198
2997
2779
2522
2229
1924
1594
1262
922
594
270
-33
-310
-580
-804
-1010
-1188
-1328
-1457
-1557
-1644
-1720
-1780
-1839
-1884
-1935
-1967
-1994
-2017
-2004
-2006
-1974
-1948
-1907
-1863
-1837
-1791
-1783
-1758
-1769
-1777
-1788
-1821
-1803
-1809
-1752
-1682
-1566
-1399
-1210
-943
-677
-337
-3
367
749
1111
1500
1834
2184
2468
2733
2958
3126
3280
3359
3437
3444
3438
3385
3285
3172
2988
2799
2551
2290
1996
1684
1364
1026
711
376
85
-206
-468
-690
-894
-1052
-1194
-1291
-1388
-1452
-1522
-1577
-1627
-1692
-1739
-1803
-1837
-1884
-1903
-1920
-1925
-1908
-1896
-1861
-1846
-1808
-1799
-1788
-1792
-1815
-1827
-1861
-1861
-1866
-1830
-1776
-1675
-1531
-1355
-1111
-851
-528
-201
162
530
896
1264
1595
1929
2201
2466
2673
2852
2998
3094
3189
3215
3259
3233
3197
3120
2993
2851
2637
2422
2134
1859
1531
1202
882
531
244
-67
-304
-544
-726
-873
-1013
-1083
-1193
-1225
-1306
-1353
-1408
-1489
-1535
-1642
-1678
-1777
-1812
-1861
-1897
-1876
-1898
-1832
-1840
-1781
-1773
-1764
-1749
-1811
-1804
-1897
-1903
-1955
-1961
-1921
-1890
-1728
-1609
-1342
-1093
-762
-395
-51
383
716
1129
1443
1780
2078
2307
2565
2702
2901
2995
3116
3200
3242
3309
3267
3273
3158
3048
2870
2630
2395
2060
1775
1400
1070
726
386
119
-175
-366
-582
-721
-853
-971
-1035
-1142
-1180
-1272
-1333
-1412
-1514
-1590
-1715
-1785
-1887
-1940
-1978
-2004
-1975
-1972
-1913
-1895
-1857
-1842
-1861
-1881
-1958
-2014
-2106
-2167
-2217
-2239
-2200
-2127
-1961
-1754
-1460
-1121
-739
-320
93
527
923
1323
1680
2017
2323
2580
2823
3009
3196
3332
3467
3566
3628
3668
3636
3592
3454
3294
3059
2781
2480
2112
1767
1359
1000
628
293
7
-279
-478
-700
-845
-997
-1112
-1200
-1304
-1350
-1448
-1497
-1591
-1677
-1759
-1865
-1916
-1998
-2008
-2031
-2017
-1988
-1968
-1918
-1907
-1876
-1898
-1932
-1998
-2090
-2176
-2279
-2348
-2413
-2424
-2392
-2293
-2116
-1874
-1556
-1198
-790
-370
64
496
919
1333
1718
2082
2409
2697
2955
3179
3374
3537
3665
3759
3807
3823
3782
3699
3562
3371
3146
2858
2555
2203
1844
1469
1091
743
395
106
-179
-410
-619
-802
-936
-1072
-1151
-1249
-1303
-1368
-1437
-1498
-1596
-1668
-1771
-1833
-1897
-1943
-1962
-2003
-2007
-2034
-2037
-2052
-2080
-2124
-2210
-2296
-2409
-2514
-2615
-2702
-2757
-2780
-2733
-2609
-2407
-2119
-1774
-1371
-940
-488
-17
454
932
1381
1820
2225
2590
2931
3217
3489
3705
3879
4008
4085
4125
4107
4053
3944
3783
3578
3327
3039
2718
2366
1994
1599
1212
835
480
171
-124
-365
-589
-762
-906
-1037
-1123
-1226
-1286
-1364
-1427
-1503
-1601
-1691
-1815
-1894
-1987
-2059
-2126
-2204
-2259
-2323
-2354
-2404
-2448
-2521
-2609
-2703
-2802
-2893
-2985
-3045
-3095
-3076
-3008
-2831
-2585
-2262
-1869
-1462
-984
-517
7
511
1028
1525
1975
2437
2820
3215
3534
3835
4081
4253
4399
4453
4498
4455
4388
4260
4077
3861
3576
3290
2928
2563
2150
1728
1320
914
558
211
-76
-346
-569
-755
-914
-1046
-1179
-1284
-1392
-1471
-1556
-1654
-1756
-1876
-1992
-2108
-2202
-2297
-2388
-2467
-2544
-2594
-2639
-2681
-2720
-2777
-2833
-2897
-2955
-3009
-3067
-3093
-3100
-3050
-2936
-2751
-2480
-2170
-1786
-1372
-904
-401
113
657
1163
1667
2130
2564
2982
3335
3678
3946
4179
4356
4461
4553
4560
4548
4471
4345
4191
3948
3698
3356
3001
2597
2156
1747
1289
913
517
183
-108
-396
-587
-817
-953
-1120
-1256
-1363
-1509
-1572
-1716
-1796
-1932
-2061
-2163
-2322
-2381
-2522
-2571
-2654
-2718
-2732
-2806
-2780
-2844
-2829
-2864
-2896
-2900
-2970
-2948
-3000
-2939
-2896
-2781
-2581
-2375
-2023
-1706
-1241
-791
-273
267
766
1314
1742
2226
2596
2979
3306
3569
3847
4009
4216
4297
4408
4454
4451
4451
4330
4238
4004
3775
3455
3087
2720
2260
1877
1414
1038
650
298
20
-287
-472
-704
-843
-995
-1129
-1219
-1367
-1442
-1594
-1703
-1846
-1998
-2117
-2290
-2386
-2529
-2607
-2685
-2759
-2773
-2827
-2803
-2826
-2809
-2800
-2823
-2819
-2880
-2891
-2941
-2946
-2917
-2867
-2725
-2568
-2291
-1975
-1574
-1111
-627
-78
432
965
1443
1892
2306
2647
2982
3241
3493
3697
3878
4042
4161
4284
4351
4407
4407
4352
4245
4054
3822
3509
3163
2766
2340
1914
1469
1063
657
305
-16
-297
-516
-720
-860
-1003
-1117
-1232
-1362
-1479
-1643
-1782
-1963
-2129
-2299
-2477
-2611
-2764
-2841
-2935
-2965
-2976
-2966
-2901
-2865
-2769
-2732
-2673
-2659
-2672
-2672
-2726
-2708
-2725
-2655
-2565
-2407
-2154
-1873
-1470
-1069
-570
-79
435
945
1405
1869
2236
2603
2882
3149
3377
3563
3761
3903
4069
4179
4293
4362
4394
4388
4301
4172
3947
3680
3336
2950
2524
2072
1627
1172
757
357
14
-291
-545
-753
-927
-1065
-1203
-1320
-1458
-1587
-1741
-1902
-2070
-2257
-2423
-2608
-2753
-2897
-2993
-3055
-3093
-3063
-3030
-2928
-2833
-2706
-2584
-2494
-2393
-2365
-2317
-2323
-2309
-2285
-2255
-2153
-2050
-1838
-1614
-1300
-946
-562
-114
309
783
1202
1636
2019
2359
2675
2915
3157
3328
3502
3640
3764
3876
3950
4024
4051
4055
4008
3909
3757
3547
3281
2968
2605
2221
1809
1388
984
584
237
-106
-379
-628
-841
-1008
-1188
-1314
-1476
-1605
-1756
-1910
-2048
-2223
-2353
-2522
-2641
-2760
-2851
-2898
-2942
-2913
-2892
-2815
-2738
-2640
-2537
-2455
-2368
-2324
-2276
-2256
-2232
-2203
-2159
-2091
-1991
-1854
-1681
-1464
-1214
-914
-593
-225
153
556
960
1352
1744
2086
2423
2709
2985
3223
3425
3624
3765
3910
4000
4075
4114
4101
4070
3965
3853
3665
3441
3172
2840
2505
2110
1732
1329
940
576
213
-88
-398
-647
-895
-1120
-1318
-1534
-1694
-1888
-2030
-2189
-2337
-2453
-2591
-2660
-2754
-2783
-2816
-2823
-2797
-2790
-2721
-2696
-2617
-2572
-2519
-2455
-2429
-2353
-2332
-2251
-2207
-2131
-2036
-1959
-1819
-1713
-1520
-1332
-1082
-796
-497
-132
199
594
953
1336
1718
2068
2439
2749
3073
3339
3591
3816
3984
4144
4225
4298
4317
4296
4247
4116
3964
3721
3446
3118
2741
2357
1913
1497
1049
633
234
-157
-493
-844
-1131
-1426
-1673
-1888
-2100
-2255
-2432
-2547
-2668
-2749
-2806
-2855
-2859
-2879
-2850
-2827
-2776
-2706
-2637
-2538
-2461
-2354
-2267
-2166
-2067
-1985
-1886
-1826
-1752
-1712
-1666
-1612
-1554
-1448
-1333
-1157
-969
-736
-480
-203
115
438
804
1165
1543
1911
2259
2606
2909
3215
3467
3703
3899
4053
4200
4283
4353
4350
4307
4200
4021
3804
3494
3165
2752
2322
1868
1388
945
472
63
-361
-731
-1071
-1393
-1643
-1905
-2093
-2291
-2440
-2564
-2683
-2746
-2829
-2851
-2888
-2884
-2859
-2824
-2738
-2664
-2541
-2434
-2312
-2186
-2072
-1945
-1843
-1739
-1665
-1613
-1581
-1576
-1568
-1567
-1554
-1512
-1464
-1369
-1262
-1111
-922
-706
-424
-137
222
575
958
1343
1704
2088
2414
2757
3042
3324
3578
3786
3999
4139
4285
4342
4380
4348
4246
4108
3865
3598
3232
2855
2426
1982
1538
1071
644
197
-186
-575
-912
-1222
-1511
-1747
-1991
-2163
-2349
-2477
-2600
-2693
-2746
-2805
-2792
-2800
-2738
-2685
-2605
-2498
-2416
-2283
-2199
-2069
-1976
-1870
-1772
-1709
-1621
-1596
-1535
-1523
-1486
-1464
-1450
-1399
-1384
-1299
-1246
-1123
-993
-824
-599
-379
-73
200
549
872
1221
1576
1900
2259
2547
2869
3125
3382
3601
3771
3935
4005
4080
4058
4014
3900
3723
3518
3225
2940
2575
2222
1825
1430
1038
620
251
-150
-491
-851
-1171
-1465
-1752
-1978
-2213
-2366
-2522
-2614
-2673
-2707
-2679
-2662
-2583
-2522
-2430
-2341
-2259
-2156
-2092
-1991
-1924
-1834
-1751
-1671
-1562
-1493
-1370
-1301
-1190
-1110
-1033
-940
-899
-801
-775
-685
-637
-559
-450
-369
-190
-65
176
379
647
935
1197
1537
1782
2112
2343
2601
2819
2982
3173
3244
3369
3378
3400
3360
3268
3182
2993
2844
2593
2360
2078
1762
1455
1084
751
363
7
-364
-725
-1055
-1383
-1654
-1910
-2104
-2258
-2358
-2414
-2427
-2403
-2352
-2278
-2200
-2101
-2026
-1941
-1866
-1796
-1721
-1662
-1572
-1494
-1387
-1265
-1145
-991
-875
-723
-607
-491
-385
-334
-259
-272
-254
-292
-335
-366
-432
-411
-442
-363
-290
-159
29
195
467
661
941
1165
1406
1654
1832
2065
2192
2363
2448
2532
2605
2606
2646
2587
2577
2493
2396
2285
2089
1916
1638
1381
1064
731
396
2
-331
-703
-1003
-1277
-1526
-1691
-1841
-1901
-1936
-1919
-1878
-1814
-1740
-1667
-1572
-1510
-1425
-1374
-1309
-1241
-1188
-1088
-1019
-903
-798
-671
-525
-412
-271
-187
-88
-48
-21
-20
-77
-133
-278
-409
-588
-751
-898
-1023
-1066
-1099
-1039
-965
-819
-634
-427
-169
70
353
599
870
1113
1351
1579
1745
1921
2025
2155
2251
2324
2400
2407
2427
2376
2311
2213
2057
1888
1644
1397
1093
779
443
74
-245
-577
-835
-1047
-1218
-1319
-1389
-1399
-1377
-1320
-1263
-1178
-1118
-1045
-967
-931
-853
-826
-772
-724
-690
-606
-564
-488
-423
-344
-250
-202
-144
-133
-126
-165
-228
-299
-415
-543
-735
-931
-1144
-1348
-1520
-1657
-1706
-1718
-1661
-1551
-1392
-1166
-919
-641
-346
-41
253
546
818
1088
1334
1536
1726
1873
2029
2167
2272
2384
2433
2471
2458
2403
2338
2217
2078
1875
1658
1404
1115
810
472
183
-114
-360
-546
-700
-782
-846
-862
-833
-791
-747
-684
-641
-587
-537
-528
-488
-488
-481
-475
-487
-465
-475
-480
-478
-469
-447
-457
-478
-522
-578
-658
-764
-868
-999
-1144
-1320
-1513
-1703
-1884
-2033
-2133
-2161
-2136
-2055
-1909
-1719
-1468
-1180
-878
-548
-217
109
424
714
993
1243
1460
1660
1829
1999
2153
2284
2409
2491
2556
2578
2555
2519
2435
2335
2177
1990
1779
1530
1270
984
729
479
253
73
-82
-181
-272
-319
-333
-339
-325
-326
-330
-326
-335
-368
-407
-463
-523
-590
-657
-720
-795
-880
-947
-1003
-1043
-1074
-1131
-1181
-1239
-1302
-1365
-1445
-1531
-1634
-1747
-1859
-1973
-2072
-2153
-2189
-2181
-2116
-2007
-1847
-1639
-1396
-1094
-783
-446
-103
222
547
843
1118
1367
1584
1778
1950
2107
2250
2381
2495
2584
2662
2706
2716
2708
2653
2580
2460
2296
2117
1895
1656
1406
1153
905
666
457
267
120
-21
-119
-192
-253
-271
-318
-348
-384
-435
-483
-563
-646
-748
-861
-971
-1079
-1187
-1311
-1417
-1516
-1579
-1615
-1659
-1680
-1713
-1731
-1740
-1758
-1776
-1819
-1879
-1941
-1999
-2041
-2083
-2102
-2096
-2046
-1946
-1801
-1607
-1382
-1109
-818
-480
-127
212
567
879
1187
1479
1728
1967
2164
2333
2488
2623
2736
2842
2920
2962
3010
3007
2979
2935
2816
2686
2515
2296
2070
1814
1528
1245
960
676
432
202
3
-157
-316
-425
-512
-598
-650
-715
-783
-846
-925
-1014
-1109
-1219
-1337
-1443
-1555
-1652
-1739
-1824
-1875
-1913
-1918
-1893
-1870
-1844
-1811
-1775
-1741
-1711
-1717
-1739
-1771
-1812
-1835
-1852
-1865
-1847
-1793
-1687
-1524
-1331
-1099
-830
-536
-214
134
474
799
1117
1409
1694
1950
2171
2364
2525
2667
2794
2903
2986
3047
3080
3098
3102
3061
2988
2874
2711
2519
2303
2042
1753
1449
1128
814
511
237
-19
-243
-421
-580
-712
-827
-930
-1026
-1103
-1173
-1262
-1358
-1463
-1571
-1668
-1754
-1830
-1899
-1942
-1965
-1967
-1947
-1899
-1837
-1764
-1671
-1581
-1504
-1437
-1378
-1338
-1310
-1302
-1318
-1338
-1370
-1377
-1368
-1357
-1288
-1209
-1090
-915
-733
-514
-272
-24
243
516
774
1033
1277
1502
1729
1923
2110
2276
2413
2546
2652
2744
2818
2881
2910
2927
2919
2849
2756
2619
2431
2218
1978
1696
1393
1080
757
437
138
-119
-352
-555
-715
-876
-1023
-1150
-1261
-1372
-1461
-1536
-1642
-1732
-1815
-1895
-1945
-1969
-1968
-1956
-1910
-1846
-1769
-1665
-1551
-1431
-1325
-1221
-1133
-1060
-995
-949
-924
-921
-931
-953
-969
-988
-981
-954
-939
-869
-802
-714
-565
-428
-252
-56
122
326
537
739
962
1179
1383
1586
1771
1956
2129
2286
2428
2547
2640
2713
2781
2797
2795
2771
2668
2534
2366
2143
1898
1641
1352
1031
703
374
49
-238
-476
-691
-877
-1047
-1206
-1355
-1482
-1561
-1642
-1705
-1731
-1783
-1826
-1837
-1840
-1817
-1764
-1696
-1615
-1514
-1398
-1280
-1157
-1030
-926
-838
-753
-688
-634
-598
-588
-595
-631
-662
-691
-716
-725
-731
-736
-735
-714
-676
-608
-511
-405
-287
-155
-20
135
318
508
713
918
1107
1301
1493
1683
1872
2045
2184
2301
2384
2443
2494
2510
2497
2441
2327
2178
2002
1801
1580
1346
1081
786
489
193
-76
-299
-499
-676
-836
-1005
-1145
-1256
-1347
-1380
-1404
-1423
-1427
-1443
-1445
-1427
-1389
-1326
-1264
-1199
-1128
-1049
-951
-857
-763
-678
-616
-560
-521
-498
-479
-480
-495
-530
-586
-637
-689
-739
-769
-806
-848
-874
-896
-889
-858
-815
-740
-665
-571
-444
-304
-124
80
295
523
738
948
1161
1354
1537
1723
1886
2012
2111
2183
2224
2257
2268
2249
2188
2089
1967
1813
1634
1435
1215
971
728
490
250
44
-164
-359
-499
-647
-750
-824
-903
-948
-981
-988
-989
-995
-984
-981
-962
-942
-915
-897
-886
-838
-785
-716
-652
-613
-573
-555
-518
-502
-506
-516
-560
-595
-664
-724
-800
-905
-971
-1060
-1129
-1190
-1249
-1270
-1291
-1274
-1240
-1183
-1084
-966
-800
-620
-401
-163
78
349
579
821
1041
1225
1429
1601
1785
1931
2054
2167
2230
2304
2335
2353
2338
2266
2188
2037
1874
1686
1473
1271
1025
788
536
275
50
-149
-295
-423
-522
-606
-709
-770
-811
-819
-811
-816
-810
-829
-839
-831
-839
-833
-834
-811
-766
-721
-652
-619
-583
-540
-511
-483
-499
-524
-572
-636
-679
-761
-861
-982
-1106
-1209
-1324
-1402
-1474
-1533
-1565
-1586
-1573
-1543
-1450
-1306
-1141
-943
-736
-495
-249
18
294
537
769
986
1207
1414
1620
1817
1993
2153
2285
2403
2465
2508
2533
2518
2467
2352
2223
2052
1875
1696
1467
1234
950
694
455
234
76
-96
-224
-366
-487
-565
-641
-650
-680
-694
-723
-773
-790
-833
-842
-867
-891
-892
-899
-846
-809
-756
-710
-679
-631
-628
-617
-646
-686
-724
-794
-854
-973
-1093
-1220
-1351
-1453
-1567
-1633
-1704
-1751
-1765
-1780
-1741
-1677
-1538
-1368
-1188
-973
-764
-506
-250
24
290
519
764
988
1229
1460
1684
1909
2099
2281
2427
2555
2648
2711
2752
2727
2665
2553
2426
2280
2096
1886
1623
1342
1058
803
571
356
164
-24
-199
-353
-468
-543
-594
-631
-681
-744
-816
-873
-917
-944
-967
-987
-997
-999
-964
-918
-854
-790
-742
-692
-677
-677
-697
-738
-784
-852
-932
-1047
-1177
-1314
-1451
-1569
-1683
-1758
-1820
-1864
-1879
-1887
-1852
-1787
-1676
-1533
-1369
-1183
-972
-727
-460
-171
113
389
663
929
1198
1467
1737
1998
2232
2439
2622
2778
2915
3027
3096
3114
3084
3005
2894
2746
2565
2337
2061
1751
1431
1121
829
564
313
79
-144
-345
-504
-628
-707
-769
-837
-913
-1001
-1080
-1141
-1179
-1195
-1199
-1195
-1186
-1164
-1126
-1070
-1006
-942
-896
-871
-874
-900
-943
-996
-1059
-1132
-1225
-1339
-1466
-1598
-1724
-1834
-1922
-1987
-2029
-2052
-2048
-2014
-1951
-1851
-1725
-1579
-1406
-1202
-962
-686
-383
-64
258
584
904
1226
1544
1855
2155
2429
2677
2892
3073
3228
3351
3445
3492
3498
3459
3366
3237
3060
2842
2578
2271
1936
1581
1237
911
614
331
59
-190
-417
-596
-736
-848
-939
-1035
-1126
-1215
-1289
-1339
-1372
-1382
-1385
-1376
-1368
-1350
-1316
-1277
-1223
-1182
-1152
-1142
-1157
-1185
-1223
-1257
-1295
-1348
-1414
-1505
-1596
-1697
-1786
-1860
-1926
-1973
-2008
-2016
-1995
-1946
-1860
-1760
-1637
-1497
-1334
-1125
-882
-601
-301
12
332
657
996
1330
1665
1983
2279
2551
2790
3007
3190
3339
3455
3528
3563
3550
3508
3420
3286
3116
2894
2633
2328
1996
1652
1311
989
678
385
96
-167
-405
-611
-778
-923
-1049
-1163
-1263
-1342
-1401
-1437
-1459
-1469
-1470
-1470
-1460
-1447
-1418
-1388
-1351
-1320
-1304
-1292
-1301
-1308
-1318
-1328
-1338
-1365
-1400
-1454
-1513
-1564
-1617
-1659
-1696
-1727
-1748
-1754
-1735
-1693
-1626
-1536
-1431
-1302
-1150
-960
-739
-484
-213
70
372
677
995
1316
1630
1932
2211
2466
2700
2903
3075
3214
3313
3370
3393
3379
3328
3248
3127
2967
2762
2517
2244
1936
1622
1302
986
678
374
85
-192
-441
-665
-862
-1033
-1184
-1306
-1410
-1487
-1537
-1572
-1585
-1595
-1591
-1582
-1566
-1540
-1505
-1459
-1416
-1371
-1329
-1294
-1262
-1239
-1215
-1195
-1179
-1172
-1183
-1199
-1223
-1249
-1275
-1302
-1327
-1352
-1376
-1392
-1394
-1378
-1345
-1290
-1211
-1110
-986
-841
-673
-482
-269
-38
206
466
731
1002
1272
1527
1774
2010
2223
2415
2579
2719
2829
2908
2957
2975
2966
2925
2850
2735
2587
2403
2190
1953
1696
1433
1167
895
626
360
108
-127
-347
-545
-723
-882
-1013
-1127
-1218
-1286
-1336
-1364
-1381
-1386
-1380
-1368
-1343
-1312
-1270
-1226
-1179
-1131
-1092
-1059
-1034
-1015
-998
-994
-993
-1006
-1030
-1060
-1102
-1146
-1191
-1242
-1291
-1341
-1387
-1422
-1442
-1442
-1425
-1383
-1320
-1235
-1129
-1006
-857
-688
-498
-286
-61
178
422
671
918
1159
1396
1620
1833
2023
2196
2350
2480
2587
2664
2717
2736
2722
2670
2582
2465
2315
2142
1952
1746
1528
1305
1078
849
629
418
220
33
-140
-294
-434
-553
-660
-747
-819
-879
-922
-960
-988
-1006
-1018
-1019
-1015
-1010
-1003
-997
-993
-998
-1004
-1014
-1034
-1060
-1094
-1132
-1176
-1229
-1282
-1340
-1398
-1453
-1515
-1569
-1613
-1647
-1665
-1666
-1655
-1625
-1574
-1509
-1420
-1311
-1184
-1033
-867
-679
-469
-244
-3
250
506
762
1016
1260
1493
1714
1919
2106
2279
2434
2569
2677
2757
2812
2834
2824
2789
2722
2627
2503
2350
2172
1971
1758
1536
1308
1078
851
627
410
207
20
-152
-308
-452
-580
-698
-803
-893
-975
-1041
-1099
-1150
-1196
-1240
-1277
-1311
-1337
-1363
-1384
-1406
-1433
-1458
-1484
-1507
-1528
-1554
-1584
-1619
-1652
-1687
-1718
-1743
-1765
-1776
-1781
-1774
-1754
-1712
-1649
-1569
-1474
-1371
-1256
-1133
-991
-835
-661
-474
-276
-65
154
387
631
883
1139
1389
1627
1854
2062
2250
2421
2571
2699
2804
2885
2943
2979
2989
2972
2933
2867
2774
2655
2508
2335
2137
1912
1673
1421
1165
907
649
396
149
-85
-304
-502
-684
-849
-1003
-1142
-1267
-1375
-1466
-1541
-1601
-1653
-1692
-1723
-1747
-1764
-1770
-1764
-1754
-1746
-1737
-1729
-1721
-1709
-1689
-1667
-1650
-1639
-1631
-1624
-1615
-1601
-1580
-1552
-1521
-1481
-1431
-1363
-1277
-1174
-1051
-917
-772
-618
-454
-278
-93
102
311
522
739
958
1182
1412
1642
1866
2083
2283
2460
2612
2741
2850
2932
2989
3018
3016
2984
2923
2840
2728
2589
2425
2232
2018
1786
1536
1272
997
719
441
171
-91
-343
-581
-803
-1005
-1185
-1337
-1469
-1582
-1677
-1758
-1819
-1861
-1881
-1886
-1877
-1856
-1828
-1796
-1755
-1704
-1651
-1595
-1546
-1503
-1465
-1432
-1401
-1369
-1339
-1312
-1295
-1282
-1266
-1249
-1229
-1206
-1178
-1147
-1104
-1049
-979
-895
-796
-682
-553
-408
-245
-70
119
313
514
719
928
1146
1362
1578
1787
1985
2171
2347
2505
2646
2761
2849
2900
2926
2926
2897
2838
2747
2624
2470
2294
2093
1871
1632
1374
1101
824
548
274
8
-249
-490
-720
-927
-1111
-1275
-1419
-1544
-1649
-1726
-1778
-1808
-1821
-1827
-1818
-1801
-1767
-1716
-1656
-1594
-1534
-1473
-1414
-1346
-1274
-1209
-1155
-1117
-1090
-1067
-1042
-1016
-992
-981
-979
-977
-973
-956
-932
-906
-876
-844
-798
-734
-650
-552
-446
-333
-208
-65
95
275
463
660
851
1043
1240
1437
1632
1821
1997
2154
2298
2422
2527
2609
2671
2702
2700
2668
2601
2514
2402
2265
2105
1918
1712
1489
1251
1003
745
484
228
-22
-254
-472
-671
-854
-1023
-1174
-1299
-1399
-1474
-1531
-1575
-1599
-1601
-1585
-1556
-1521
-1482
-1447
-1407
-1358
-1302
-1245
-1196
-1163
-1140
-1122
-1098
-1067
-1045
-1038
-1047
-1068
-1090
-1103
-1105
-1110
-1121
-1140
-1155
-1152
-1129
-1092
-1046
-998
-941
-865
-766
-644
-506
-360
-214
-57
116
307
514
727
938
1141
1342
1544
1742
1933
2113
2268
2402
2515
2608
2679
2725
2743
2732
2688
2614
2507
2375
2222
2045
1850
1639
1411
1172
925
670
413
155
-92
-327
-540
-733
-903
-1052
-1187
-1305
-1404
-1482
-1537
-1570
-1585
-1588
-1578
-1559
-1534
-1502
-1467
-1432
-1393
-1355
-1316
-1277
-1245
-1224
-1215
-1212
-1208
-1201
-1198
-1199
-1208
-1222
-1235
-1240
-1239
-1229
-1214
-1191
-1157
-1106
-1035
-952
-854
-743
-616
-473
-315
-142
43
239
439
646
860
1073
1287
1498
1706
1905
2095
2270
2431
2570
2686
2782
2852
2895
2912
2903
2861
2796
2702
2576
2419
2234
2026
1800
1562
1311
1047
777
503
228
-42
-302
-551
-783
-993
-1177
-1337
-1469
-1579
-1670
-1745
-1799
-1837
-1854
-1857
-1846
-1825
-1797
-1764
-1728
-1688
-1650
-1612
-1575
-1544
-1516
-1495
-1478
-1465
-1459
-1456
-1455
-1456
-1450
-1440
-1427
-1408
-1382
-1347
-1297
-1235
-1156
-1061
-955
-831
-693
-536
-361
-173
27
235
452
675
904
1133
1362
1582
1796
1996
2182
2355
2512
2652
2769
2863
2931
2975
2995
2990
2959
2902
2817
2708
2571
2412
2228
2021
1796
1554
1302
1040
770
496
220
-53
-319
-571
-808
-1025
-1218
-1388
-1529
-1648
-1744
-1814
-1867
-1905
-1926
-1932
-1929
-1914
-1890
-1857
-1821
-1784
-1746
-1707
-1672
-1635
-1603
-1574
-1545
-1520
-1492
-1466
-1439
-1412
-1384
-1352
-1313
-1265
-1212
-1152
-1081
-1000
-908
-804
-690
-565
-427
-277
-114
61
245
441
639
843
1048
1254
1462
1661
1855
2035
2200
2347
2477
2592
2684
2754
2800
2822
2821
2798
2751
2679
2584
2465
2325
2165
1987
1792
1578
1352
1113
867
615
356
97
-162
-417
-664
-897
-1116
-1314
-1492
-1643
-1771
-1875
-1955
-2015
-2054
-2076
-2083
-2079
-2062
-2037
-2002
-1959
-1912
-1862
-1808
-1752
-1696
-1637
-1577
-1519
-1463
-1406
-1346
-1285
-1222
-1161
-1096
-1030
-959
-884
-805
-722
-638
-549
-452
-351
-241
-125
2
136
280
430
588
751
917
1083
1253
1423
1588
1749
1901
2045
2173
2289
2389
2471
2538
2584
2612
2620
2605
2567
2505
2422
2319
2193
2052
1892
1719
1530
1325
1105
875
642
398
153
-91
-333
-567
-795
-1008
-1206
-1387
-1545
-1680
-1786
-1873
-1936
-1978
-2005
-2016
-2016
-2004
-1981
-1951
-1911
-1863
-1805
-1743
-1680
-1615
-1547
-1479
-1412
-1344
-1275
-1205
-1132
-1059
-981
-900
-820
-742
-663
-588
-511
-435
-355
-269
-182
-88
12
118
229
342
461
583
706
832
962
1089
1217
1345
1467
1588
1703
1813
1912
2002
2082
2148
2200
2235
2252
2248
2226
2186
2124
2046
1947
1828
1689
1531
1356
1165
959
746
523
296
66
-163
-391
-611
-822
-1021
-1200
-1360
-1498
-1611
-1701
-1772
-1824
-1860
-1881
-1886
-1880
-1862
-1834
-1792
-1740
-1678
-1612
-1543
-1472
-1400
-1331
-1267
-1202
-1138
-1074
-1009
-942
-876
-813
-751
-694
-638
-584
-532
-476
-416
-354
-284
-207
-124
-38
51
142
235
331
431
534
645
757
873
992
1111
1233
1352
1465
1573
1675
1772
1859
1938
2001
2053
2092
2113
2117
2104
2073
2021
1950
1858
1746
1615
1471
1309
1137
955
761
560
353
147
-58
-259
-453
-635
-803
-954
-1091
-1211
-1313
-1401
-1478
-1535
-1578
-1610
-1629
-1634
-1627
-1609
-1580
-1547
-1504
-1463
-1418
-1373
-1331
-1288
-1240
-1197
-1150
-1104
-1061
-1018
-977
-934
-893
-852
-808
-758
-704
-642
-579
-508
-430
-350
-264
-174
-84
12
114
220
328
442
557
677
799
918
1034
1148
1256
1362
1462
1557
1648
1728
1798
1859
1907
1941
1963
1966
1956
1931
1884
1826
1748
1653
1542
1418
1278
1126
965
793
616
434
251
66
-114
-291
-459
-619
-769
-907
-1033
-1148
-1247
-1333
-1407
-1466
-1514
-1546
-1566
-1575
-1571
-1561
-1541
-1519
-1490
-1458
-1424
-1386
-1347
-1305
-1262
-1219
-1176
-1130
-1085
-1038
-985
-932
-875
-815
-749
-678
-606
-528
-449
-367
-278
-186
-89
11
113
214
316
422
524
629
733
839
942
1043
1141
1235
1326
1411
1491
1568
1638
1697
1747
1789
1818
1836
1838
1828
1805
1767
1714
1649
1568
1472
1363
1241
1109
966
817
660
496
334
169
4
-160
-324
-479
-629
-771
-904
-1028
-1141
-1243
-1333
-1409
-1474
-1527
-1565
-1591
-1608
-1616
-1617
-1606
-1590
-1566
-1535
-1502
-1463
-1419
-1372
-1323
-1268
-1212
-1154
-1089
-1023
-953
-880
-806
-726
-643
-556
-468
-376
-279
-182
-80
24
125
232
336
438
543
643
743
843
939
1033
1123
1209
1291
1370
1440
1506
1567
1620
1665
1701
1727
1740
1746
1738
1717
1685
1640
1583
1516
1435
1343
1239
1126
1002
871
734
591
447
298
149
0
-148
-295
-439
-578
-713
-841
-962
-1074
-1178
-1272
-1356
-1428
-1487
-1536
-1571
-1597
-1611
-1618
-1615
-1604
-1586
-1558
-1528
-1490
-1448
-1398
-1339
-1276
-1207
-1133
-1051
-969
-884
-796
-707
-618
-524
-430
-335
-239
-142
-42
55
153
248
345
437
528
615
697
780
858
934
1008
1077
1139
1201
1256
1308
1358
1398
1436
1469
1494
1514
1526
1525
1518
1502
1473
1435
1385
1326
1255
1174
1084
985
877
762
642
518
386
253
119
-13
-145
-272
-397
-520
-641
-759
-871
-974
-1072
-1162
-1244
-1320
-1386
-1445
-1488
-1522
-1546
-1557
-1558
-1545
-1525
-1493
-1455
-1413
-1363
-1308
-1245
-1175
-1098
-1013
-920
-822
-720
-619
-519
-419
-322
-226
-128
-32
60
148
239
325
410
492
569
642
707
770
831
891
947
999
1049
1090
1128
1163
1195
1223
1244
1264
1277
1288
1295
1298
1294
1283
1262
1236
1200
1159
1107
1047
977
897
808
710
609
501
389
272
151
26
-99
-225
-347
-463
-574
-677
-778
-873
-964
-1047
-1120
-1185
-1242
-1291
-1334
-1369
-1397
-1415
-1426
-1425
-1410
-1386
-1353
-1309
-1255
-1192
-1123
-1047
-970
-889
-804
-717
-625
-528
-426
-320
-212
-112
-20
69
155
236
316
391
461
523
579
630
680
721
757
787
807
824
837
850
860
866
870
868
864
858
851
840
828
813
794
776
757
740
718
692
663
627
587
549
503
453
399
339
275
207
138
70
-3
-78
-153
-224
-298
-368
-435
-496
-549
-596
-637
-674
-707
-734
-753
-765
-775
-776
-774
-767
-756
-741
-721
-695
-663
-626
-585
-543
-494
-443
-392
-337
-281
-230
-178
-130
-82
-34
15
68
117
163
200
231
261
285
309
332
349
359
365
368
366
363
355
347
334
321
301
285
268
253
237
222
205
188
176
161
147
136
124
113
106
98
92
83
74
67
58
47
40
32
20
9
-5
-18
-33
-46
-59
-71
-87
-99
-110
-121
-131
-136
-143
-143
-141
-142
-142
-137
-132
-126
-121
-112
-106
-100
-89
-81
-73
-66
-55
-47
-41
-31
-18
-10
-3
3
11
17
20
24
28
29
33
39
41
43
46
46
44
44
49
49
48
47
46
44
39
37
33
32
30
28
21
20
16
14
11
10
8
7
6
4
3
3
1
-1
-1
-3
-1
-3
-3
-2
-4
-6
-7
-8
-9
-9
-11
-13
-13
-15
-15
-15
-15
-17
-16
-16
-15
-16
-13
-12
-11
-10
-8
-7
-5
-7
-6
-5
-5
-6
-3
-3
-2
1
-4
0
-1
0
0
2
2
6
4
7
6
7
4
6
5
6
6
7
6
7
8
4
2
1
0
0
2
0
2
-6
-5
-10
-7
-15
-11
-12
-6
-14
-5
-11
-6
-13
-4
-11
-2
-8
-2
-4
0
-4
1
-4
1
-2
2
3
2
6
0
6
4
12
8
12
8
11
5
11
5
11
3
12
5
8
3
5
5
4
5
4
4
4
4
5
4
4
5
2
3
3
6
5
5
3
4
5
4
2
3
2
2
0
0
0
0
1
1
-1
-3
-3
-4
-4
-4
-5
-7
-8
-8
-11
-9
-9
-11
-12
-11
-13
-12
-10
-11
-12
-12
-10
-9
-10
-10
-10
-8
-8
-5
-3
-1
-2
-1
0
2
2
2
0
2
3
1
2
3
4
2
4
3
3
2
3
4
2
3
2
2
2
2
2
2
3
4
3
5
4
4
4
4
5
6
7
6
7
6
7
6
6
8
7
7
6
6
6
6
7
4
2
2
2
0
1
0
-2
-2
-3
-4
-6
-5
-7
-8
-7
-7
-6
-6
-6
-6
-6
-5
-7
-7
-6
-5
-6
-4
-5
-2
-3
-3
-1
-3
-3
-5
-5
-5
-6
-4
-5
-3
-3
-4
-2
-1
0
0
-1
-1
0
0
2
2
1
3
3
3
5
5
6
6
6
5
8
9
9
8
9
10
9
8
7
9
9
8
7
7
5
6
7
5
4
4
4
3
4
3
2
-1
-1
-2
-4
-5
-4
-6
-7
-4
-5
-5
-6
-4
-5
-6
-2
-1
-5
-4
-3
-2
-4
-3
-3
-5
-6
-5
-5
-9
-9
-9
-9
-10
-9
-8
-9
-7
-6
-5
-6
-5
-5
-5
-6
-4
-3
-1
-1
0
0
-1
1
3
4
4
5
6
6
6
7
8
7
6
7
7
8
9
11
12
10
9
10
10
8
9
9
7
6
7
8
5
5
5
4
1
1
1
-1
-5
-3
-2
-6
-5
-4
-3
-7
-7
-4
-6
-8
-6
-2
-5
-6
-4
-3
-8
-6
-2
-3
-7
-5
-6
-10
-11
-7
-3
-5
-3
0
-3
-3
-3
-4
-4
-5
-4
-7
-7
-5
-4
-4
0
3
-2
1
4
2
1
5
7
3
4
8
7
1
8
11
3
5
12
11
5
6
12
6
1
8
11
3
3
11
7
0
7
11
2
-3
7
5
-3
-1
3
-4
-10
-4
0
-7
-8
0
-2
-10
-6
-2
-7
-9
-1
1
-7
-7
-1
-4
-10
-5
0
-6
-9
-3
-3
-8
-7
2
0
-4
1
4
-1
-4
0
0
-7
-7
-2
-6
-11
-6
1
-2
-2
2
3
-1
1
5
4
2
6
6
3
2
5
7
4
4
8
7
6
7
8
4
3
7
8
4
6
7
6
3
4
8
4
1
5
4
2
3
3
-2
-2
0
1
-3
-2
2
-1
-5
-3
-3
-6
-5
-3
-1
-4
-4
-1
-3
-5
-3
0
-4
-6
-2
-4
-5
-2
-1
-2
-3
-1
-1
-2
-2
-1
-1
-3
-3
-3
-3
-4
-5
-3
-2
-3
-3
-1
-2
-1
-2
1
2
0
1
3
2
0
3
2
0
0
2
2
1
1
1
1
-1
2
3
2
2
3
1
-2
1
3
2
-1
1
1
-1
1
0
0
-2
0
0
0
-1
-1
-1
-2
-2
-1
0
-3
0
-1
-2
-1
1
0
-1
0
0
-1
-1
1
2
0
-2
0
-1
-2
-1
0
0
-1
1
1
1
-1
1
1
-1
0
-1
-1
-1
-1
-1
0
1
2
2
2
3
2
3
2
3
1
2
1
0
3
2
2
2
1
2
3
2
2
2
2
-1
0
2
0
0
1
1
1
1
1
0
0
0
1
-2
-3
-1
-2
0
0
0
-2
-1
0
0
-1
-1
-1
-2
-1
-3
-2
-3
-2
-2
-1
-2
0
-2
-1
-1
-1
-1
-2
-2
-1
-1
-2
-3
0
-2
0
0
-1
-1
-2
-1
-3
-2
-1
0
0
0
-1
1
0
1
2
0
-2
-1
-2
-2
-1
0
0
1
3
1
0
0
3
2
2
1
1
1
1
1
1
1
1
1
0
1
1
1
2
0
1
0
0
1
-1
-2
-1
-3
0
-2
-1
1
1
2
1
1
0
1
-2
-1
-2
-1
0
0
0
0
0
1
2
1
1
1
0
0
-2
-1
1
1
1
1
1
2
2
2
1
1
1
1
2
1
2
1
1
1
1
2
3
2
1
1
1
1
-1
2
3
0
1
0
0
1
1
0
0
-2
0
-2
-3
-1
0
-3
-1
-1
-2
-1
-1
-2
-2
-2
0
0
-2
0
0
-1
-2
-4
-3
-3
-4
-2
1
-2
0
0
-1
0
-2
-2
-5
-4
-3
-3
-2
-2
-1
-1
1
0
1
1
1
-1
-1
0
-2
1
0
1
2
1
3
3
3
2
2
1
0
1
1
2
2
3
1
2
3
2
0
1
-1
-1
-1
-1
0
1
3
2
3
4
4
4
4
3
0
-3
-3
-5
-3
-3
-1
0
2
2
4
4
2
0
-3
-2
-2
-2
-6
-6
-3
-3
0
3
3
4
3
1
-1
-2
-3
-5
-4
-3
-4
-2
-1
2
0
0
0
-1
-2
-2
-2
-1
-2
-2
-1
0
-1
-1
2
1
0
0
0
0
1
2
3
2
1
1
0
0
0
1
0
2
1
3
2
2
3
2
2
1
0
-1
-1
-1
-3
-2
0
-1
1
3
2
4
3
3
2
0
0
-1
-3
-4
-3
-3
-3
0
0
2
3
3
3
3
2
0
-1
-2
-4
-4
-4
-4
-2
2
2
2
3
4
2
1
1
-2
-1
-1
-3
-2
-1
-1
0
2
1
1
1
2
0
-1
-1
-1
-2
-1
-1
-1
1
0
0
1
2
0
1
0
0
-1
-1
0
-1
-1
1
1
-1
0
0
0
1
1
0
0
1
0
0
0
0
-1
-1
-2
-2
-2
-1
0
0
1
1
1
2
-1
-2
-1
-2
-3
-4
-3
-3
-2
-1
0
-1
-1
0
-1
1
-1
0
-2
-2
-2
-2
-2
0
0
1
1
1
1
1
0
0
0
-2
-1
1
0
1
1
2
2
2
1
3
3
1
1
1
1
0
1
1
0
0
0
2
1
1
1
1
1
2
2
1
0
-1
1
1
1
1
1
1
0
0
0
1
0
0
-1
-1
-1
-1
-1
-2
-2
-2
-1
0
-1
-1
0
-1
0
-1
-2
-1
-1
-1
-1
0
1
0
1
0
0
2
-2
-1
0
-2
-1
-1
-1
0
1
1
0
0
1
0
2
1
1
-1
-1
1
0
0
0
1
0
1
0
-1
-1
1
0
0
2
2
1
0
1
0
-1
-1
-1
0
0
0
1
-1
1
2
1
1
0
0
0
-1
-1
-1
-1
0
0
0
1
2
1
0
-1
-1
-1
-1
0
-1
-1
-2
-2
-1
-2
0
0
-1
0
0
0
0
-1
-2
0
-3
-1
-1
-1
1
1
1
2
0
1
1
0
-1
0
2
1
1
0
2
1
0
0
0
1
2
0
1
1
0
1
-1
0
1
0
-2
0
0
-1
1
0
0
0
0
0
1
2
1
1
2
1
2
1
0
0
0
0
-1
0
-1
1
-2
-1
0
0
-1
-1
0
-1
1
0
1
0
0
0
0
-1
-1
-1
0
-1
0
-1
-1
-1
0
