SAMPLES:	19576
BITSPERSAMPLE:	16
CHANNELS:	1
SAMPLERATE:	16000
NORMALIZED:	FALSE
0
0
0
0
2
1
0
0
0
0
-1
0
-1
0
0
-1
0
0
0
0
0
1
0
0
1
0
2
2
2
2
0
1
1
0
0
-1
0
0
-1
0
0
0
0
0
0
-1
0
0
-1
-2
-2
-1
-2
0
-1
-2
-1
-2
-2
-1
0
0
0
1
1
1
2
1
1
2
0
1
0
-1
-1
0
0
0
1
2
2
1
2
2
1
0
0
0
-1
0
0
0
1
1
1
0
1
1
0
-1
0
-1
-2
-2
-2
-2
-1
-1
-2
-1
-2
0
0
2
0
1
2
0
1
1
1
0
1
1
-1
1
-1
-1
0
0
0
0
-1
-1
0
1
1
0
-1
0
0
-1
-1
-1
-1
0
-1
1
0
-1
-1
-1
-1
0
-1
0
-1
0
-1
1
1
0
1
0
1
1
1
0
0
-1
0
-1
-2
-1
1
0
-1
1
1
0
0
-1
0
0
0
0
0
1
0
1
2
1
0
0
0
0
1
-1
0
0
-1
0
0
-1
1
2
1
1
1
1
2
2
0
2
1
1
0
0
-1
-1
-1
-1
-1
-2
-2
-1
-1
-1
-2
-2
-1
0
0
0
1
0
1
1
0
-1
-1
-1
-2
-1
-1
-1
0
0
1
0
0
1
0
2
0
-1
0
1
1
0
1
1
2
-1
-1
1
0
0
1
0
1
1
-1
1
1
0
0
-1
-1
-2
-1
-3
-2
-2
-3
-1
1
1
1
1
1
1
2
2
2
0
-2
-1
0
1
1
1
0
2
2
0
1
0
0
-1
0
0
2
1
0
0
0
0
0
1
1
1
1
0
-1
-1
1
0
0
-1
0
0
-3
-1
0
0
1
-1
1
1
0
1
0
0
0
0
-1
-1
-2
-1
-1
-1
1
-1
0
0
0
1
0
-1
0
0
1
2
1
2
1
1
0
0
1
0
1
2
2
0
1
1
0
-1
-1
0
-1
-1
-1
-1
-1
-1
-1
-1
1
-1
-1
-1
0
-1
-1
0
0
-1
-1
0
-1
0
-1
0
0
0
1
1
1
0
0
0
0
1
0
0
-1
0
1
2
1
1
0
0
1
0
-1
-1
0
0
0
0
0
0
1
1
0
0
0
-1
0
0
0
-2
-1
-1
0
-1
-2
-1
-1
1
1
2
1
1
1
0
1
0
0
0
-1
-1
0
0
-1
-1
1
-1
-1
-1
0
0
-1
-1
-1
0
0
1
1
3
0
1
-1
0
0
0
0
-1
1
0
-1
0
1
-1
-1
1
0
1
1
2
1
0
0
1
0
-1
0
-1
0
-2
-2
-1
-1
-1
-1
-1
0
0
0
1
0
1
1
-1
-1
0
0
0
1
1
1
1
2
2
1
1
1
1
0
1
0
1
0
-1
0
-1
1
-1
-2
-1
-1
-1
-1
-2
-1
0
1
0
2
0
0
1
1
0
0
1
0
0
1
1
1
1
2
0
-1
0
-1
-2
-2
0
-1
-2
-2
0
0
0
0
1
1
1
2
2
2
1
0
1
1
-1
-1
0
-1
1
1
1
0
0
0
-1
0
0
-1
-1
-2
-2
-1
0
1
1
-1
0
1
1
2
0
1
0
0
1
0
-1
0
0
0
-1
-1
-1
-2
0
-1
-1
1
-1
-1
1
0
1
1
1
0
0
-1
-1
1
-1
-1
-2
-1
-1
0
-1
-1
1
1
0
0
1
1
1
1
1
2
0
0
2
0
1
0
0
1
0
0
0
0
0
-1
2
0
0
0
0
0
1
1
0
0
1
-1
-1
-1
0
0
0
-1
-1
-1
0
0
0
-1
-1
-1
0
-1
0
1
1
2
0
2
1
0
2
1
0
0
0
0
0
1
1
0
-1
-2
-1
-2
-2
-1
-1
0
-1
-1
-2
0
-1
-2
-2
-1
-1
-1
-2
-1
1
0
-1
1
1
-1
-1
2
0
1
2
2
0
0
2
1
0
-1
-1
-2
-2
-2
-1
0
-2
1
1
0
1
0
0
0
1
1
0
0
0
0
0
0
1
0
1
1
1
0
2
2
1
2
1
-1
0
0
0
2
1
2
1
1
0
0
-1
-3
1
-1
-2
-1
-1
-1
-1
-2
1
0
0
0
-2
-1
0
0
-1
1
0
-1
0
0
1
0
1
1
1
0
0
-1
0
-1
-1
0
1
2
1
1
0
2
1
1
0
0
1
1
1
0
1
1
1
0
0
0
-1
0
-1
-1
-1
-2
-1
-2
0
0
0
1
-1
-1
-1
0
-1
0
0
1
1
0
0
0
0
0
0
0
0
0
1
2
1
2
1
2
2
0
0
-2
-1
-2
-3
-1
-2
0
0
1
1
0
1
1
0
0
-1
1
-1
1
1
-1
-1
0
-1
-1
0
-1
-1
-1
0
-2
-1
0
0
0
0
0
0
0
-1
1
0
1
0
1
2
1
1
0
0
1
1
0
0
0
0
1
1
0
1
0
-1
0
2
2
2
1
2
0
1
-1
-1
0
-1
-1
-1
0
-1
-2
-1
0
-1
1
-2
-2
-1
0
0
0
0
0
0
0
1
2
3
3
3
1
1
1
1
0
-1
0
-1
-1
-1
-2
0
0
0
-1
0
-1
-1
0
0
1
0
0
0
-1
0
-2
0
0
0
-1
-1
1
0
0
2
1
0
0
1
1
0
0
0
0
0
0
0
0
-1
-3
-3
-1
0
0
-1
0
0
-1
0
0
0
-1
0
1
-1
0
0
0
0
-1
0
1
0
0
0
0
-1
0
0
0
0
0
1
0
0
0
1
2
0
0
0
0
0
2
1
2
2
1
0
2
1
0
-1
-1
0
0
0
0
-1
-1
0
-2
-1
0
-2
-1
-1
-1
-1
1
0
0
0
0
0
0
1
-1
0
0
-1
-1
-1
-2
0
-1
0
-2
-1
-1
0
0
0
-1
0
2
1
2
1
2
0
0
0
0
1
0
0
0
1
1
2
0
2
2
2
1
1
0
-1
-1
-1
0
1
1
0
1
0
1
-1
1
0
0
-2
-2
-1
-2
-2
-2
0
0
0
1
0
-1
-1
-2
0
0
0
0
-2
0
0
-1
1
1
1
1
0
0
1
2
2
2
2
3
3
3
3
2
2
2
2
1
0
1
0
-1
-3
-2
-3
-2
-2
-2
-2
-3
-1
-2
-2
-3
-2
-2
-2
-2
0
0
0
1
-2
-1
0
-1
-1
0
0
0
0
0
1
0
0
1
1
2
1
1
0
1
0
0
1
0
1
1
1
1
1
0
1
2
2
4
5
5
6
8
10
11
12
11
9
7
5
2
-1
-1
-1
-2
0
2
4
8
9
8
7
5
1
-2
-8
-12
-18
-23
-26
-28
-30
-31
-31
-30
-28
-25
-24
-24
-25
-21
-21
-20
-17
-16
-11
-5
4
11
19
29
40
49
61
67
71
75
75
77
77
76
73
69
69
68
66
62
58
50
44
39
30
21
8
-4
-14
-23
-33
-43
-56
-65
-73
-85
-94
-105
-118
-131
-140
-152
-163
-172
-182
-184
-185
-183
-179
-174
-162
-147
-133
-115
-96
-75
-55
-32
-6
18
44
70
96
122
148
170
190
213
231
243
253
263
268
270
271
271
264
256
251
242
231
214
197
176
154
130
105
76
45
19
-8
-33
-56
-80
-105
-130
-152
-177
-206
-239
-272
-307
-346
-381
-412
-443
-467
-481
-483
-477
-463
-440
-410
-372
-326
-274
-219
-162
-101
-38
25
92
159
219
278
337
392
436
473
508
529
540
548
545
534
518
497
468
437
404
368
329
292
249
204
156
113
70
22
-26
-75
-121
-160
-196
-229
-264
-292
-317
-333
-346
-363
-387
-416
-441
-464
-492
-525
-557
-587
-609
-618
-610
-598
-580
-547
-492
-424
-345
-265
-188
-107
-18
80
176
263
341
411
486
563
633
680
710
734
753
767
769
754
719
680
646
616
578
526
469
417
370
329
283
231
175
130
91
53
17
-23
-71
-118
-161
-211
-271
-338
-408
-486
-566
-639
-703
-768
-826
-877
-919
-951
-968
-972
-972
-962
-939
-904
-852
-780
-701
-621
-519
-383
-226
-67
96
261
419
573
722
852
937
979
1002
1013
1005
968
902
827
760
695
634
566
490
406
336
294
249
188
124
78
48
36
32
37
54
97
170
256
340
411
472
527
573
592
565
499
412
309
178
23
-149
-335
-512
-667
-805
-950
-1090
-1207
-1297
-1369
-1427
-1476
-1525
-1551
-1549
-1536
-1517
-1473
-1395
-1280
-1106
-892
-665
-419
-120
186
462
719
944
1093
1202
1307
1361
1327
1277
1243
1193
1138
1092
1034
949
897
864
808
733
652
533
401
317
231
104
-3
-20
-11
19
114
248
361
489
665
810
886
918
915
853
748
604
398
147
-101
-330
-553
-753
-947
-1144
-1311
-1428
-1529
-1645
-1744
-1827
-1920
-2008
-2048
-2075
-2122
-2105
-1986
-1822
-1643
-1333
-960
-602
-222
238
635
906
1173
1417
1519
1527
1562
1543
1453
1385
1373
1306
1256
1255
1237
1186
1165
1125
987
848
725
551
311
151
26
-112
-197
-147
-44
69
257
495
732
920
1094
1203
1251
1212
1088
896
666
394
87
-184
-435
-683
-928
-1114
-1279
-1446
-1583
-1713
-1849
-2002
-2136
-2264
-2391
-2509
-2588
-2606
-2585
-2464
-2250
-1940
-1597
-1131
-596
-88
361
816
1209
1437
1607
1752
1804
1730
1704
1695
1666
1622
1649
1657
1641
1657
1650
1582
1471
1344
1121
882
660
421
123
-105
-236
-323
-336
-233
-63
106
351
621
854
1014
1137
1140
1037
899
707
426
106
-168
-455
-725
-938
-1103
-1286
-1432
-1524
-1623
-1743
-1864
-1985
-2158
-2327
-2474
-2599
-2718
-2778
-2724
-2571
-2297
-1913
-1386
-830
-276
274
819
1252
1552
1789
1934
1962
1909
1896
1859
1803
1741
1752
1767
1794
1820
1816
1776
1684
1549
1346
1132
861
536
186
-98
-337
-518
-594
-555
-435
-246
27
314
594
821
993
1049
1015
894
684
408
102
-210
-525
-786
-1011
-1189
-1328
-1406
-1472
-1538
-1594
-1659
-1753
-1904
-2075
-2255
-2414
-2578
-2719
-2777
-2693
-2486
-2148
-1623
-1012
-430
129
745
1293
1684
1973
2179
2222
2143
2093
2035
1908
1758
1702
1695
1702
1737
1771
1752
1687
1601
1474
1304
1048
710
329
-15
-326
-602
-774
-800
-715
-539
-243
101
431
732
1003
1176
1209
1120
935
670
339
-17
-388
-725
-1016
-1242
-1409
-1511
-1563
-1604
-1637
-1665
-1705
-1825
-2003
-2200
-2384
-2586
-2798
-2950
-3017
-2966
-2726
-2237
-1623
-991
-340
349
1000
1561
2052
2385
2490
2435
2380
2299
2147
1947
1798
1723
1707
1747
1807
1860
1861
1827
1763
1681
1501
1182
786
394
11
-371
-682
-858
-868
-746
-490
-147
249
639
994
1294
1476
1483
1332
1106
802
390
-87
-528
-932
-1300
-1577
-1746
-1868
-1948
-1962
-1956
-1972
-2026
-2144
-2343
-2540
-2711
-2915
-3144
-3298
-3364
-3305
-2962
-2331
-1630
-964
-204
582
1270
1886
2464
2759
2742
2671
2652
2542
2312
2104
1952
1880
1891
1974
2045
2099
2100
2047
1986
1890
1625
1188
757
348
-83
-511
-820
-997
-999
-805
-473
-97
306
738
1120
1411
1571
1561
1363
1093
750
284
-253
-752
-1198
-1586
-1846
-2009
-2121
-2179
-2152
-2113
-2114
-2162
-2286
-2465
-2630
-2779
-2987
-3207
-3366
-3433
-3324
-2851
-2145
-1482
-817
7
825
1476
2132
2701
2880
2780
2803
2824
2633
2355
2180
2053
1997
2065
2158
2210
2237
2221
2151
2100
1951
1580
1071
675
275
-231
-683
-970
-1148
-1185
-961
-585
-235
108
562
971
1248
1385
1360
1180
908
552
82
-437
-932
-1369
-1729
-1928
-2039
-2112
-2118
-2050
-1984
-1979
-2040
-2135
-2280
-2449
-2603
-2826
-3080
-3293
-3380
-3188
-2637
-1992
-1392
-689
196
984
1657
2380
2904
2981
2979
3110
3069
2782
2505
2328
2176
2119
2169
2204
2197
2196
2172
2126
2070
1862
1382
929
576
86
-497
-946
-1244
-1479
-1501
-1220
-870
-588
-160
362
808
1119
1272
1258
1116
869
506
28
-478
-958
-1421
-1742
-1901
-2007
-2084
-2077
-2002
-1953
-1975
-2003
-2096
-2292
-2449
-2636
-2922
-3233
-3438
-3472
-3160
-2544
-1907
-1308
-490
475
1230
1988
2776
3201
3220
3343
3491
3348
2997
2750
2575
2370
2312
2325
2291
2226
2244
2203
2147
2051
1707
1211
820
418
-159
-757
-1183
-1471
-1689
-1615
-1326
-1054
-722
-209
342
783
1068
1208
1222
1076
823
414
-75
-573
-1070
-1530
-1826
-2000
-2166
-2287
-2276
-2193
-2189
-2188
-2186
-2306
-2463
-2605
-2814
-3101
-3336
-3454
-3325
-2822
-2189
-1632
-952
30
864
1611
2467
3144
3291
3380
3628
3676
3379
3084
2921
2663
2513
2478
2440
2316
2310
2268
2186
2108
1887
1426
982
660
196
-416
-937
-1235
-1530
-1650
-1494
-1241
-1015
-628
-91
379
711
939
1077
1024
867
562
135
-344
-793
-1287
-1695
-1937
-2153
-2381
-2449
-2365
-2351
-2381
-2337
-2342
-2450
-2568
-2714
-2935
-3176
-3306
-3262
-2873
-2337
-1825
-1258
-343
529
1297
2148
2931
3246
3377
3684
3861
3683
3368
3204
2952
2753
2636
2565
2419
2341
2252
2143
2059
1850
1420
946
635
217
-372
-923
-1250
-1559
-1764
-1681
-1428
-1207
-889
-355
144
521
813
1061
1114
1028
821
489
31
-448
-933
-1388
-1696
-1982
-2259
-2402
-2385
-2412
-2500
-2490
-2462
-2508
-2637
-2754
-2948
-3178
-3331
-3266
-2878
-2388
-1896
-1346
-449
438
1284
2147
2960
3362
3561
3901
4109
3982
3624
3404
3126
2889
2665
2516
2334
2178
2041
1913
1836
1596
1177
719
392
-31
-611
-1134
-1483
-1762
-1935
-1833
-1560
-1285
-924
-395
159
582
913
1151
1248
1173
965
634
162
-392
-949
-1402
-1753
-2087
-2379
-2518
-2536
-2585
-2620
-2591
-2520
-2542
-2615
-2730
-2881
-3069
-3208
-3083
-2682
-2131
-1669
-1000
-145
807
1635
2545
3289
3692
3922
4199
4380
4149
3813
3446
3173
2818
2565
2297
2088
1890
1713
1610
1482
1265
826
462
120
-267
-794
-1233
-1554
-1797
-1892
-1761
-1477
-1190
-788
-277
260
678
1013
1221
1285
1175
929
561
77
-490
-1071
-1534
-1920
-2268
-2564
-2675
-2726
-2776
-2806
-2736
-2672
-2674
-2742
-2839
-2965
-3103
-3153
-2982
-2564
-2089
-1563
-856
45
918
1789
2651
3353
3740
4051
4342
4447
4258
3960
3684
3371
3070
2768
2509
2257
2067
1892
1763
1612
1313
919
567
258
-178
-658
-1050
-1367
-1641
-1752
-1651
-1489
-1278
-949
-498
-75
284
589
799
861
770
574
260
-130
-627
-1121
-1573
-1955
-2317
-2601
-2736
-2817
-2921
-2980
-2927
-2870
-2899
-2964
-3025
-3108
-3219
-3104
-2799
-2409
-2005
-1393
-598
225
1074
1949
2750
3288
3760
4133
4427
4455
4341
4144
3954
3730
3437
3146
2866
2619
2329
2137
1926
1625
1172
819
496
102
-377
-771
-1063
-1332
-1503
-1522
-1414
-1305
-1093
-788
-379
-70
198
429
603
618
503
317
47
-326
-797
-1226
-1667
-2065
-2466
-2742
-2912
-3099
-3248
-3326
-3275
-3293
-3316
-3378
-3368
-3448
-3352
-3024
-2600
-2190
-1691
-911
-117
743
1600
2490
3094
3641
4106
4490
4638
4612
4504
4309
4164
3907
3607
3252
2995
2644
2334
2042
1713
1218
762
432
34
-444
-876
-1155
-1398
-1537
-1547
-1449
-1334
-1115
-829
-463
-105
185
403
588
692
640
463
246
-52
-487
-934
-1356
-1789
-2231
-2596
-2839
-3097
-3328
-3488
-3545
-3597
-3637
-3703
-3750
-3776
-3720
-3397
-2967
-2467
-1987
-1254
-438
476
1357
2297
3042
3629
4162
4602
4892
4912
4870
4672
4522
4274
4006
3608
3290
2932
2554
2198
1818
1348
804
394
-42
-489
-955
-1273
-1545
-1697
-1707
-1602
-1463
-1241
-926
-590
-213
113
382
540
671
669
550
330
79
-295
-709
-1127
-1533
-1961
-2355
-2646
-2927
-3188
-3416
-3555
-3668
-3734
-3818
-3893
-3940
-3898
-3660
-3228
-2719
-2204
-1568
-749
142
1032
1947
2794
3437
3980
4475
4861
5005
5000
4913
4756
4559
4294
3961
3593
3239
2831
2446
2039
1581
1036
542
77
-389
-872
-1256
-1554
-1794
-1876
-1815
-1660
-1476
-1175
-837
-461
-137
184
390
522
557
496
351
126
-164
-539
-915
-1323
-1701
-2107
-2427
-2719
-2987
-3244
-3468
-3597
-3726
-3821
-3938
-3978
-3993
-3835
-3475
-2993
-2477
-1923
-1128
-285
618
1493
2426
3132
3737
4276
4763
5051
5135
5163
5069
4952
4713
4440
4060
3716
3279
2842
2391
1904
1353
782
279
-230
-745
-1200
-1523
-1831
-1993
-2010
-1885
-1729
-1490
-1162
-821
-489
-160
115
277
383
391
319
161
-42
-341
-704
-1092
-1476
-1880
-2249
-2558
-2859
-3151
-3421
-3590
-3756
-3884
-4015
-4095
-4124
-4031
-3741
-3333
-2816
-2283
-1552
-729
168
1058
2005
2831
3502
4109
4665
5100
5287
5414
5428
5384
5215
4994
4668
4316
3900
3425
2929
2388
1816
1180
597
39
-531
-1061
-1460
-1822
-2081
-2198
-2158
-2061
-1896
-1617
-1321
-1010
-674
-363
-143
39
158
162
70
-52
-248
-558
-908
-1278
-1675
-2060
-2380
-2675
-3000
-3290
-3490
-3648
-3812
-3960
-4098
-4158
-4130
-3907
-3562
-3091
-2570
-1893
-1072
-210
703
1633
2539
3261
3934
4529
5022
5291
5474
5571
5555
5465
5282
5023
4681
4324
3868
3385
2861
2294
1641
1021
452
-177
-765
-1231
-1642
-2006
-2226
-2276
-2264
-2184
-1953
-1670
-1392
-1083
-767
-504
-276
-100
-32
-73
-154
-290
-536
-816
-1141
-1520
-1915
-2227
-2508
-2844
-3145
-3353
-3494
-3676
-3819
-3979
-4074
-4111
-3934
-3645
-3252
-2801
-2181
-1391
-575
326
1216
2137
2872
3621
4265
4808
5131
5376
5541
5576
5556
5428
5226
4894
4586
4165
3726
3225
2675
2030
1406
834
180
-474
-1012
-1448
-1876
-2180
-2315
-2355
-2357
-2194
-1914
-1622
-1327
-1022
-712
-439
-247
-142
-122
-165
-271
-471
-679
-951
-1305
-1704
-2023
-2321
-2672
-3006
-3246
-3415
-3634
-3800
-3977
-4086
-4160
-4012
-3742
-3382
-2983
-2410
-1646
-832
69
939
1846
2597
3376
4053
4654
5036
5314
5506
5596
5624
5518
5332
5014
4706
4300
3874
3374
2825
2197
1578
982
342
-344
-932
-1390
-1823
-2156
-2342
-2388
-2415
-2308
-2049
-1735
-1427
-1120
-790
-490
-290
-178
-137
-151
-234
-407
-603
-860
-1183
-1542
-1853
-2161
-2492
-2817
-3078
-3273
-3511
-3719
-3936
-4057
-4151
-4066
-3821
-3480
-3106
-2593
-1832
-1023
-128
745
1666
2443
3230
3952
4595
5047
5358
5595
5711
5782
5680
5495
5180
4864
4458
4004
3496
2937
2306
1656
1028
379
-323
-958
-1455
-1924
-2294
-2523
-2585
-2620
-2528
-2292
-1988
-1658
-1320
-969
-650
-403
-261
-205
-198
-240
-390
-591
-852
-1158
-1478
-1766
-2065
-2382
-2673
-2924
-3117
-3350
-3560
-3799
-3933
-4047
-4002
-3801
-3477
-3119
-2637
-1882
-1092
-215
656
1606
2402
3202
3963
4625
5094
5437
5705
5824
5893
5794
5597
5273
4959
4549
4069
3562
3012
2368
1688
1056
405
-304
-941
-1462
-1981
-2402
-2646
-2750
-2809
-2701
-2469
-2204
-1872
-1492
-1141
-813
-497
-317
-251
-233
-257
-404
-601
-850
-1135
-1454
-1722
-1993
-2309
-2587
-2813
-2992
-3206
-3393
-3629
-3780
-3920
-3876
-3727
-3438
-3096
-2596
-1886
-1123
-252
619
1566
2369
3212
3982
4647
5106
5476
5728
5842
5889
5784
5565
5243
4935
4511
4039
3527
2973
2309
1640
1001
335
-361
-967
-1491
-2022
-2433
-2655
-2778
-2828
-2653
-2394
-2140
-1796
-1381
-1036
-680
-329
-139
-62
-44
-113
-283
-497
-789
-1096
-1456
-1758
-2067
-2426
-2742
-3005
-3195
-3387
-3572
-3799
-3954
-4081
-4015
-3866
-3587
-3243
-2680
-1987
-1223
-332
586
1537
2337
3232
4026
4690
5145
5543
5782
5870
5901
5783
5557
5240
4925
4487
4040
3534
2965
2315
1683
1041
349
-329
-918
-1436
-1971
-2347
-2562
-2694
-2739
-2553
-2279
-2036
-1695
-1294
-940
-566
-239
-66
27
46
-54
-228
-453
-798
-1136
-1500
-1835
-2195
-2573
-2901
-3186
-3385
-3547
-3740
-3943
-4086
-4160
-4054
-3859
-3567
-3230
-2597
-1895
-1116
-237
717
1671
2462
3376
4192
4853
5301
5718
5958
6045
6060
5926
5689
5361
5010
4526
4046
3500
2885
2227
1585
919
174
-527
-1116
-1643
-2190
-2550
-2759
-2896
-2928
-2749
-2457
-2189
-1823
-1407
-998
-588
-255
-56
62
108
30
-130
-360
-719
-1088
-1455
-1821
-2222
-2613
-2936
-3236
-3481
-3661
-3883
-4071
-4226
-4251
-4090
-3835
-3507
-3139
-2446
-1706
-878
2
970
1916
2719
3628
4438
5090
5517
5915
6141
6242
6229
6071
5802
5440
5042
4505
3971
3376
2720
2025
1354
670
-108
-831
-1417
-1955
-2487
-2830
-3012
-3128
-3134
-2956
-2647
-2342
-1962
-1517
-1068
-631
-286
-46
95
170
130
-10
-227
-535
-894
-1259
-1632
-2042
-2428
-2755
-3064
-3366
-3609
-3873
-4088
-4291
-4318
-4148
-3866
-3532
-3123
-2422
-1659
-798
114
1094
2021
2853
3757
4564
5187
5606
5975
6192
6299
6274
6112
5823
5442
5010
4459
3903
3296
2617
1892
1206
502
-291
-1015
-1598
-2150
-2647
-2942
-3068
-3134
-3076
-2850
-2512
-2174
-1779
-1323
-876
-449
-128
84
198
250
181
11
-212
-496
-870
-1256
-1632
-2041
-2446
-2797
-3107
-3437
-3734
-4016
-4252
-4466
-4491
-4309
-4012
-3668
-3185
-2460
-1655
-756
216
1218
2125
2997
3904
4679
5244
5655
5988
6177
6264
6216
6017
5705
5325
4874
4334
3786
3171
2464
1734
1050
306
-502
-1197
-1785
-2339
-2792
-3028
-3127
-3138
-2993
-2696
-2320
-1938
-1509
-1054
-597
-183
100
268
351
356
243
60
-166
-459
-843
-1232
-1599
-2000
-2419
-2798
-3121
-3461
-3806
-4113
-4366
-4578
-4595
-4404
-4109
-3750
-3185
-2405
-1553
-609
416
1431
2333
3255
4170
4905
5441
5855
6153
6308
6368
6268
6002
5663
5276
4789
4233
3665
2995
2235
1499
786
-24
-851
-1538
-2147
-2690
-3089
-3304
-3402
-3347
-3115
-2758
-2338
-1888
-1405
-916
-415
-13
246
408
493
457
322
148
-93
-412
-786
-1162
-1553
-1954
-2364
-2754
-3103
-3452
-3823
-4158
-4400
-4576
-4563
-4371
-4072
-3688
-3051
-2221
-1348
-401
643
1645
2527
3457
4354
5057
5546
5950
6223
6350
6361
6226
5938
5579
5178
4655
4081
3471
2767
1990
1263
537
-292
-1107
-1780
-2368
-2891
-3246
-3443
-3522
-3437
-3168
-2782
-2354
-1880
-1369
-848
-358
17
270
446
546
496
360
190
-62
-381
-720
-1094
-1540
-1955
-2343
-2738
-3116
-3476
-3860
-4202
-4424
-4550
-4484
-4274
-3982
-3592
-2898
-2055
-1199
-258
793
1770
2637
3576
4459
5133
5601
6017
6286
6390
6364
6222
5934
5575
5160
4594
3990
3342
2624
1833
1119
399
-427
-1217
-1846
-2402
-2925
-3238
-3387
-3450
-3381
-3089
-2696
-2286
-1806
-1279
-762
-306
68
328
511
619
570
414
236
-33
-374
-725
-1137
-1643
-2109
-2520
-2933
-3321
-3697
-4084
-4398
-4606
-4706
-4596
-4317
-4011
-3602
-2854
-2002
-1136
-169
916
1878
2757
3731
4610
5267
5755
6191
6451
6545
6496
6324
6005
5655
5210
4611
3990
3305
2536
1720
1003
246
-600
-1370
-1975
-2533
-3048
-3327
-3446
-3500
-3423
-3111
-2718
-2315
-1842
-1319
-799
-340
55
331
524
641
614
481
299
34
-312
-673
-1094
-1595
-2090
-2558
-2983
-3374
-3751
-4141
-4429
-4645
-4759
-4644
-4335
-4003
-3567
-2787
-1942
-1043
-60
1038
1996
2897
3898
4767
5431
5935
6366
6606
6696
6627
6408
6055
5686
5188
4571
3943
3228
2404
1578
843
26
-844
-1595
-2182
-2744
-3212
-3456
-3562
-3589
-3449
-3115
-2713
-2272
-1786
-1272
-750
-268
118
410
613
714
672
547
338
25
-339
-722
-1156
-1640
-2108
-2596
-3039
-3435
-3785
-4152
-4408
-4602
-4698
-4584
-4286
-3934
-3472
-2679
-1840
-937
21
1101
2050
2944
3931
4784
5431
5910
6321
6541
6619
6562
6366
6019
5643
5132
4518
3890
3191
2373
1564
825
-13
-914
-1663
-2242
-2820
-3266
-3492
-3590
-3623
-3443
-3111
-2730
-2272
-1753
-1245
-747
-256
132
433
649
772
728
615
405
66
-319
-721
-1171
-1671
-2128
-2584
-3027
-3445
-3788
-4131
-4399
-4592
-4654
-4533
-4265
-3916
-3439
-2656
-1805
-911
23
1109
2076
2952
3909
4777
5409
5848
6249
6471
6525
6460
6299
5978
5600
5093
4479
3844
3166
2374
1582
869
59
-841
-1586
-2146
-2713
-3153
-3370
-3448
-3461
-3286
-2981
-2628
-2190
-1680
-1184
-701
-244
102
365
556
665
621
504
283
-64
-464
-885
-1342
-1837
-2306
-2739
-3129
-3515
-3871
-4186
-4442
-4641
-4680
-4515
-4242
-3909
-3394
-2603
-1733
-817
163
1242
2225
3129
4054
4901
5532
5962
6315
6522
6571
6460
6270
5965
5585
5055
4446
3815
3124
2324
1539
830
24
-862
-1605
-2170
-2731
-3171
-3388
-3449
-3428
-3249
-2957
-2601
-2169
-1685
-1193
-681
-231
74
295
465
543
489
379
160
-185
-587
-992
-1440
-1895
-2334
-2770
-3146
-3498
-3846
-4175
-4419
-4599
-4643
-4481
-4176
-3835
-3322
-2528
-1632
-703
310
1404
2389
3310
4233
5060
5660
6098
6421
6578
6598
6465
6218
5863
5471
4933
4300
3664
2991
2186
1389
677
-114
-990
-1720
-2269
-2818
-3250
-3448
-3497
-3464
-3245
-2913
-2548
-2113
-1597
-1094
-593
-122
214
427
582
657
580
449
228
-124
-545
-928
-1377
-1861
-2293
-2708
-3125
-3510
-3823
-4146
-4408
-4576
-4613
-4477
-4152
-3790
-3311
-2537
-1641
-754
217
1341
2322
3206
4138
5001
5565
6001
6364
6527
6537
6428
6178
5776
5387
4853
4195
3555
2936
2128
1303
611
-145
-1025
-1739
-2231
-2757
-3197
-3397
-3441
-3425
-3208
-2857
-2483
-2052
-1534
-1034
-558
-85
280
511
692
783
702
540
324
-35
-473
-874
-1308
-1834
-2316
-2740
-3162
-3574
-3902
-4196
-4459
-4627
-4678
-4513
-4176
-3789
-3312
-2540
-1657
-791
165
1268
2251
3131
4076
4925
5507
5933
6299
6476
6513
6410
6150
5752
5314
4737
4063
3446
2804
1993
1177
499
-243
-1079
-1741
-2196
-2656
-3057
-3242
-3283
-3236
-3036
-2687
-2284
-1839
-1364
-900
-428
11
341
573
752
817
734
571
325
-61
-512
-938
-1380
-1895
-2391
-2825
-3228
-3605
-3945
-4236
-4477
-4617
-4680
-4480
-4120
-3724
-3268
-2481
-1582
-726
216
1290
2255
3120
4079
4906
5475
5896
6267
6444
6487
6413
6158
5765
5313
4747
4080
3465
2813
1995
1190
500
-254
-1118
-1775
-2250
-2721
-3146
-3333
-3390
-3372
-3175
-2822
-2419
-1987
-1512
-1041
-552
-107
214
455
636
719
655
536
308
-57
-488
-899
-1321
-1817
-2290
-2735
-3111
-3508
-3850
-4181
-4374
-4528
-4574
-4373
-3986
-3612
-3162
-2326
-1425
-542
384
1478
2380
3273
4205
5009
5529
5947
6304
6428
6480
6372
6113
5673
5260
4687
4031
3394
2742
1939
1146
491
-288
-1135
-1818
-2272
-2779
-3183
-3372
-3432
-3431
-3220
-2859
-2491
-2060
-1578
-1086
-596
-137
171
383
566
646
576
444
238
-114
-538
-937
-1359
-1845
-2338
-2762
-3176
-3556
-3939
-4238
-4426
-4547
-4579
-4346
-3952
-3587
-3065
-2208
-1283
-412
587
1654
2579
3474
4424
5173
5693
6109
6436
6565
6603
6472
6147
5709
5272
4680
3992
3332
2640
1831
1059
374
-407
-1235
-1902
-2365
-2842
-3222
-3392
-3444
-3421
-3184
-2823
-2453
-2007
-1501
-989
-490
-27
272
482
650
704
593
434
199
-192
-649
-1082
-1522
-2074
-2569
-3026
-3451
-3865
-4231
-4523
-4678
-4787
-4750
-4473
-4060
-3652
-3059
-2166
-1257
-346
672
1780
2692
3622
4555
5311
5835
6242
6552
6693
6728
6554
6207
5754
5292
4657
3961
3292
2579
1762
1000
304
-467
-1238
-1869
-2311
-2765
-3109
-3246
-3291
-3239
-2979
-2625
-2252
-1791
-1292
-802
-317
120
401
612
770
748
607
435
159
-289
-758
-1192
-1678
-2246
-2715
-3169
-3606
-3987
-4334
-4612
-4769
-4855
-4793
-4477
-4038
-3626
-3016
-2145
-1258
-389
653
1768
2633
3535
4478
5245
5758
6185
6495
6638
6671
6509
6159
5733
5282
4633
3934
3290
2574
1723
958
273
-495
-1283
-1866
-2307
-2777
-3106
-3218
-3266
-3191
-2911
-2570
-2188
-1718
-1236
-771
-278
147
407
635
791
728
579
416
106
-355
-803
-1235
-1751
-2297
-2746
-3213
-3630
-3980
-4297
-4570
-4722
-4810
-4717
-4364
-3909
-3502
-2866
-2001
-1147
-278
790
1871
2691
3587
4515
5258
5755
6192
6460
6597
6618
6429
6067
5668
5193
4524
3835
3203
2456
1575
816
140
-648
-1429
-1965
-2414
-2873
-3168
-3248
-3262
-3139
-2850
-2490
-2088
-1625
-1164
-704
-205
191
429
641
776
705
564
366
43
-403
-850
-1275
-1776
-2303
-2780
-3256
-3656
-4009
-4313
-4559
-4718
-4814
-4677
-4292
-3852
-3435
-2738
-1861
-993
-81
998
2046
2885
3793
4691
5412
5905
6318
6533
6664
6656
6417
6038
5638
5114
4427
3743
3106
2334
1436
693
-6
-822
-1564
-2078
-2558
-3000
-3261
-3310
-3282
-3125
-2804
-2416
-1983
-1496
-1016
-534
-17
356
568
751
860
771
577
321
-38
-527
-1015
-1440
-1964
-2502
-3001
-3496
-3905
-4253
-4550
-4781
-4939
-5013
-4839
-4405
-3971
-3525
-2750
-1809
-878
69
1192
2258
3128
4060
4969
5650
6107
6493
6673
6766
6712
6426
6011
5589
5055
4363
3678
3052
2280
1403
716
18
-803
-1507
-2011
-2505
-2932
-3164
-3216
-3195
-3042
-2717
-2360
-1929
-1441
-964
-469
47
372
543
715
806
692
457
206
-185
-708
-1185
-1603
-2151
-2653
-3124
-3618
-4008
-4336
-4641
-4875
-5014
-5067
-4886
-4418
-3990
-3523
-2694
-1705
-755
204
1400
2456
3339
4307
5227
5844
6274
6662
6816
6872
6777
6464
6008
5578
5040
4325
3628
2983
2151
1271
606
-110
-962
-1668
-2167
-2663
-3068
-3254
-3295
-3260
-3086
-2747
-2375
-1929
-1434
-939
-410
106
405
573
752
816
685
458
216
-222
-746
-1211
-1662
-2219
-2697
-3167
-3646
-4019
-4351
-4672
-4891
-5022
-5069
-4873
-4384
-3965
-3456
-2580
-1591
-649
360
1602
2611
3527
4520
5413
5980
6427
6787
6905
6937
6806
6458
5976
5540
4960
4229
3544
2864
1966
1099
428
-313
-1182
-1861
-2350
-2862
-3235
-3386
-3411
-3345
-3132
-2784
-2363
-1888
-1379
-867
-315
201
497
680
856
890
732
511
241
-225
-735
-1207
-1707
-2246
-2714
-3190
-3638
-3997
-4348
-4670
-4860
-5017
-5066
-4858
-4378
-3997
-3425
-2517
-1550
-610
498
1724
2695
3668
4674
5515
6047
6531
6816
6902
6890
6717
6310
5847
5395
4760
4051
3397
2701
1784
997
352
-419
-1257
-1849
-2323
-2846
-3164
-3271
-3283
-3172
-2918
-2561
-2100
-1598
-1093
-598
-59
411
654
796
916
852
608
345
-13
-512
-1028
-1520
-2054
-2564
-3009
-3460
-3845
-4170
-4515
-4781
-4943
-5119
-5115
-4829
-4348
-3975
-3289
-2327
-1342
-366
837
2010
2964
3968
4964
5747
6231
6683
6861
6915
6820
6567
6100
5658
5177
4508
3832
3197
2491
1604
927
299
-515
-1296
-1809
-2295
-2821
-3087
-3176
-3192
-3040
-2749
-2381
-1909
-1388
-901
-410
120
513
678
767
835
671
384
102
-308
-823
-1313
-1772
-2285
-2751
-3170
-3582
-3911
-4214
-4571
-4801
-4967
-5168
-5100
-4721
-4249
-3867
-3074
-2048
-1037
-12
1240
2365
3308
4315
5285
6025
6458
6842
6941
6967
6827
6507
6014
5585
5086
4385
3715
3089
2337
1444
794
120
-739
-1496
-1990
-2507
-3014
-3235
-3310
-3292
-3089
-2757
-2366
-1864
-1315
-837
-322
219
548
667
749
778
559
278
-16
-472
-1005
-1471
-1905
-2408
-2860
-3280
-3672
-3970
-4269
-4627
-4818
-4977
-5130
-4979
-4505
-4067
-3649
-2763
-1704
-700
368
1633
2677
3599
4592
5510
6154
6549
6856
6895
6879
6714
6334
5830
5411
4874
4145
3487
2882
2047
1174
549
-144
-994
-1687
-2141
-2649
-3081
-3232
-3263
-3192
-2951
-2598
-2172
-1644
-1118
-674
-153
360
612
703
779
752
497
214
-114
-601
-1146
-1596
-2033
-2521
-2969
-3395
-3768
-4047
-4333
-4660
-4812
-4947
-5008
-4776
-4243
-3868
-3386
-2446
-1397
-431
665
1902
2854
3756
4707
5554
6061
6428
6658
6680
6618
6414
5987
5504
5095
4503
3798
3186
2578
1676
899
329
-342
-1146
-1726
-2109
-2561
-2884
-2960
-2917
-2802
-2518
-2128
-1647
-1134
-662
-249
253
678
820
855
868
746
418
62
-357
-878
-1436
-1898
-2356
-2810
-3250
-3660
-3990
-4248
-4519
-4783
-4894
-5023
-4988
-4642
-4110
-3770
-3149
-2145
-1127
-162
1009
2184
3089
4007
4939
5660
6059
6401
6556
6536
6434
6162
5681
5234
4807
4181
3525
2969
2282
1395
729
176
-557
-1320
-1805
-2186
-2625
-2855
-2885
-2819
-2661
-2317
-1904
-1404
-895
-452
-37
452
775
830
840
813
615
240
-156
-622
-1133
-1660
-2104
-2546
-2947
-3376
-3727
-4011
-4252
-4542
-4744
-4861
-4981
-4848
-4415
-3964
-3585
-2757
-1744
-756
287
1537
2581
3512
4479
5346
5875
6253
6560
6587
6519
6374
6002
5473
5082
4582
3941
3329
2763
1978
1186
560
-95
-894
-1562
-1996
-2448
-2823
-2970
-2980
-2889
-2630
-2272
-1847
-1315
-792
-347
98
537
743
776
799
716
436
56
-366
-858
-1369
-1849
-2291
-2704
-3096
-3489
-3788
-4047
-4294
-4582
-4711
-4841
-4865
-4624
-4149
-3802
-3242
-2300
-1318
-333
845
2038
2964
3949
4898
5619
6023
6416
6573
6546
6466
6222
5742
5294
4910
4312
3704
3140
2493
1668
975
311
-456
-1227
-1787
-2239
-2688
-2944
-3050
-3026
-2843
-2514
-2152
-1648
-1077
-555
-90
377
713
828
877
869
674
331
-48
-514
-1046
-1565
-2030
-2495
-2900
-3321
-3696
-3993
-4253
-4552
-4782
-4884
-4993
-4920
-4554
-4102
-3765
-3029
-2044
-1062
-20
1256
2348
3274
4286
5200
5814
6221
6551
6595
6580
6445
6076
5569
5202
4733
4079
3498
2952
2218
1403
764
82
-710
-1414
-1896
-2330
-2694
-2874
-2932
-2849
-2572
-2197
-1761
-1196
-622
-121
357
812
1056
1104
1112
992
671
264
-165
-706
-1288
-1838
-2342
-2810
-3210
-3631
-4009
-4270
-4548
-4841
-5019
-5104
-5209
-5023
-4586
-4176
-3773
-2901
-1879
-884
258
1547
2600
3542
4586
5436
5993
6376
6629
6605
6555
6347
5918
5439
5076
4545
3880
3340
2776
1994
1217
616
-90
-884
-1519
-1958
-2384
-2711
-2848
-2867
-2742
-2421
-2009
-1539
-993
-457
21
507
925
1097
1096
1047
846
470
46
-425
-981
-1554
-2087
-2587
-2992
-3372
-3763
-4088
-4298
-4577
-4841
-4954
-5073
-5080
-4779
-4304
-3968
-3346
-2384
-1358
-357
898
2088
3042
4024
5011
5715
6138
6483
6560
6489
6347
6082
5575
5150
4724
4121
3505
2998
2367
1572
936
321
-408
-1131
-1633
-2091
-2483
-2722
-2798
-2770
-2573
-2207
-1801
-1308
-797
-315
148
634
950
1023
1001
912
635
224
-211
-733
-1293
-1823
-2320
-2791
-3157
-3536
-3899
-4155
-4350
-4636
-4843
-4921
-5016
-4879
-4453
-4016
-3620
-2770
-1753
-750
326
1620
2655
3554
4550
5414
5940
6281
6526
6486
6391
6192
5840
5304
4908
4395
3759
3183
2644
1919
1175
619
-43
-798
-1414
-1846
-2331
-2654
-2771
-2795
-2701
-2396
-2000
-1582
-1058
-564
-123
339
782
955
956
948
794
435
4
-464
-1041
-1588
-2092
-2589
-3042
-3422
-3823
-4144
-4348
-4571
-4843
-4966
-5026
-5045
-4734
-4232
-3850
-3251
-2241
-1214
-196
1008
2227
3162
4099
5066
5759
6159
6452
6560
6478
6330
6055
5565
5039
4619
4041
3396
2843
2241
1497
863
332
-365
-1095
-1579
-1982
-2420
-2625
-2654
-2632
-2421
-2017
-1610
-1159
-622
-138
285
735
1048
1071
1032
965
672
217
-244
-773
-1374
-1933
-2439
-2953
-3385
-3769
-4128
-4389
-4565
-4800
-5015
-5079
-5127
-5006
-4551
-4098
-3677
-2839
-1791
-800
311
1593
2676
3591
4608
5504
6025
6359
6579
6591
6472
6264
5852
5278
4823
4349
3706
3113
2564
1866
1158
607
0
-769
-1408
-1817
-2252
-2601
-2704
-2718
-2624
-2297
-1871
-1458
-943
-413
52
492
910
1063
1031
994
815
403
-44
-502
-1063
-1644
-2171
-2652
-3137
-3508
-3862
-4149
-4372
-4546
-4797
-4939
-5002
-4989
-4693
-4222
-3845
-3248
-2248
-1276
-269
946
2197
3131
4108
5126
5869
6249
6536
6653
6580
6426
6109
5569
5030
4608
3994
3370
2821
2190
1403
781
222
-499
-1244
-1742
-2147
-2573
-2776
-2819
-2772
-2581
-2193
-1794
-1313
-781
-286
155
626
932
970
955
888
583
149
-247
-746
-1309
-1851
-2310
-2781
-3170
-3523
-3844
-4105
-4294
-4525
-4728
-4828
-4894
-4751
-4338
-3921
-3516
-2685
-1671
-727
335
1631
2718
3620
4631
5536
6080
6396
6621
6613
6494
6288
5858
5266
4820
4306
3647
3048
2470
1712
940
370
-253
-1015
-1645
-2050
-2472
-2782
-2859
-2833
-2717
-2411
-1994
-1533
-991
-471
-1
480
917
1083
1072
1060
896
487
57
-380
-960
-1557
-2064
-2530
-2993
-3358
-3740
-4059
-4296
-4498
-4743
-4883
-4998
-5002
-4711
-4236
-3856
-3300
-2324
-1294
-299
890
2151
3116
4068
5044
5802
6222
6509
6605
6510
6350
6054
5504
4962
4530
3941
3293
2732
2121
1338
677
152
-501
-1223
-1721
-2090
-2474
-2686
-2703
-2647
-2457
-2085
-1633
-1115
-564
-82
400
884
1202
1230
1189
1115
823
336
-134
-663
-1304
-1891
-2375
-2850
-3276
-3633
-4001
-4261
-4438
-4651
-4862
-4980
-5086
-4976
-4560
-4106
-3724
-2971
-1914
-877
228
1533
2655
3569
4559
5469
6048
6391
6591
6551
6399
6163
5713
5126
4681
4181
3535
2960
2443
1728
994
452
-116
-846
-1488
-1909
-2301
-2646
-2786
-2768
-2671
-2400
-1985
-1506
-937
-412
60
572
1006
1174
1168
1148
996
618
146
-337
-910
-1528
-2061
-2523
-2982
-3362
-3720
-4030
-4207
-4390
-4637
-4785
-4893
-4942
-4701
-4221
-3857
-3337
-2394
-1333
-295
968
2242
3216
4148
5154
5893
6311
6591
6652
6511
6297
5936
5350
4827
4389
3776
3128
2645
2037
1250
629
110
-569
-1305
-1834
-2243
-2638
-2896
-2937
-2882
-2699
-2334
-1902
-1380
-789
-309
191
721
1055
1145
1172
1135
878
473
36
-471
-1075
-1655
-2164
-2634
-3070
-3435
-3802
-4040
-4207
-4463
-4684
-4766
-4874
-4835
-4446
-4010
-3653
-2903
-1853
-846
282
1615
2759
3660
4679
5590
6129
6472
6688
6630
6447
6199
5722
5088
4624
4124
3433
2836
2337
1612
847
312
-270
-1017
-1671
-2102
-2518
-2866
-2979
-2942
-2839
-2519
-2085
-1629
-1041
-471
1
553
1053
1278
1304
1320
1195
814
362
-97
-686
-1336
-1910
-2427
-2929
-3336
-3710
-4058
-4265
-4459
-4716
-4863
-4934
-4978
-4753
-4293
-3913
-3396
-2439
-1401
-378
852
2134
3125
4066
5096
5814
6210
6515
6634
6513
6325
6001
5407
4808
4346
3743
3048
2493
1920
1150
503
5
-636
-1342
-1843
-2211
-2601
-2833
-2842
-2782
-2571
-2140
-1697
-1184
-577
-57
452
1012
1381
1455
1426
1371
1084
601
119
-425
-1075
-1688
-2213
-2738
-3197
-3548
-3916
-4214
-4385
-4601
-4807
-4916
-5002
-4920
-4535
-4101
-3715
-2977
-1916
-905
183
1497
2665
3575
4586
5530
6046
6367
6614
6615
6456
6230
5769
5124
4608
4094
3402
2756
2228
1535
767
216
-333
-1062
-1701
-2107
-2476
-2824
-2961
-2932
-2816
-2474
-2001
-1523
-934
-343
177
734
1217
1435
1444
1418
1254
846
364
-134
-750
-1374
-1925
-2432
-2939
-3348
-3707
-4068
-4290
-4464
-4710
-4845
-4939
-5003
-4767
-4291
-3917
-3426
-2489
-1408
-413
797
2127
3158
4079
5123
5896
6271
6566
6705
6593
6405
6094
5512
4909
4455
3859
3142
2582
2004
1209
504
-15
-671
-1441
-1990
-2352
-2729
-3011
-3063
-2988
-2778
-2348
-1866
-1335
-720
-156
372
900
1278
1410
1407
1368
1099
640
196
-329
-970
-1563
-2108
-2622
-3107
-3521
-3914
-4226
-4403
-4631
-4870
-4942
-5024
-4997
-4605
-4121
-3750
-3074
-2026
-988
75
1394
2614
3561
4549
5518
6105
6452
6711
6714
6563
6373
5959
5317
4809
4335
3645
2967
2425
1721
907
271
-318
-1076
-1778
-2226
-2588
-2929
-3084
-3045
-2899
-2571
-2083
-1573
-980
-368
190
728
1211
1516
1570
1543
1449
1064
558
99
-503
-1201
-1820
-2397
-2937
-3410
-3831
-4219
-4481
-4654
-4910
-5100
-5138
-5184
-5025
-4526
-4047
-3607
-2763
-1658
-621
531
1880
3003
3927
4936
5807
6298
6627
6798
6713
6556
6314
5770
5118
4653
4086
3335
2708
2141
1362
586
3
-628
-1402
-2019
-2410
-2783
-3060
-3123
-3054
-2864
-2463
-1956
-1421
-803
-194
358
893
1349
1582
1581
1550
1399
953
448
-20
-655
-1362
-1949
-2498
-3006
-3418
-3812
-4170
-4392
-4579
-4844
-4985
-5039
-5083
-4832
-4297
-3862
-3364
-2398
-1281
-287
915
2272
3301
4197
5223
6008
6423
6732
6843
6705
6538
6222
5602
4995
4554
3919
3155
2576
1971
1120
376
-165
-858
-1665
-2225
-2605
-3000
-3221
-3232
-3168
-2946
-2491
-1982
-1450
-818
-221
291
816
1247
1418
1421
1420
1226
780
321
-145
-803
-1478
-2004
-2531
-3015
-3407
-3809
-4141
-4330
-4550
-4794
-4875
-4944
-4954
-4608
-4067
-3669
-3062
-1999
-936
19
1281
2582
3507
4427
5432
6102
6478
6777
6829
6669
6494
6121
5490
4955
4512
3835
3088
2533
1847
962
282
-280
-1067
-1860
-2367
-2784
-3177
-3338
-3338
-3276
-3004
-2522
-2034
-1476
-819
-253
245
792
1203
1328
1382
1412
1165
746
345
-148
-821
-1431
-1932
-2487
-2981
-3398
-3827
-4146
-4355
-4629
-4846
-4909
-4991
-4936
-4532
-4005
-3590
-2857
-1747
-732
253
1550
2742
3626
4588
5520
6105
6459
6712
6722
6578
6388
5974
5362
4854
4362
3647
2928
2350
1595
752
124
-488
-1266
-1965
-2424
-2825
-3147
-3256
-3249
-3131
-2772
-2296
-1807
-1186
-531
13
534
1078
1437
1517
1572
1550
1229
802
373
-175
-865
-1473
-2017
-2602
-3119
-3556
-3971
-4283
-4524
-4784
-4948
-5012
-5070
-4930
-4485
-3942
-3495
-2700
-1581
-574
440
1720
2827
3698
4664
5535
6065
6384
6595
6587
6448
6238
5791
5166
4661
4138
3399
2701
2122
1352
539
-69
-663
-1403
-2068
-2491
-2846
-3150
-3255
-3224
-3036
-2635
-2177
-1668
-1034
-400
135
641
1169
1488
1530
1557
1510
1183
736
315
-214
-899
-1498
-2033
-2599
-3104
-3520
-3910
-4230
-4462
-4684
-4843
-4922
-4948
-4759
-4272
-3757
-3326
-2489
-1373
-419
619
1895
2916
3776
4771
5605
6080
6417
6631
6596
6466
6268
5760
5126
4676
4126
3332
2652
2060
1216
386
-180
-800
-1612
-2264
-2634
-3010
-3329
-3387
-3322
-3099
-2679
-2213
-1696
-1073
-437
66
564
1104
1364
1391
1444
1382
1026
588
206
-329
-984
-1538
-2063
-2599
-3074
-3484
-3865
-4159
-4379
-4619
-4767
-4840
-4842
-4581
-4082
-3650
-3145
-2208
-1150
-207
929
2137
3082
4010
5005
5727
6176
6527
6669
6604
6498
6244
5683
5133
4713
4079
3286
2640
1979
1077
313
-245
-992
-1833
-2420
-2793
-3207
-3481
-3500
-3425
-3167
-2741
-2269
-1718
-1083
-453
37
574
1099
1283
1341
1402
1251
864
462
75
-472
-1059
-1589
-2117
-2622
-3082
-3499
-3855
-4127
-4402
-4674
-4786
-4860
-4836
-4505
-4046
-3657
-2990
-1974
-960
70
1292
2423
3372
4381
5323
5948
6391
6685
6715
6632
6493
6106
5500
5008
4501
3768
3020
2387
1642
767
113
-492
-1298
-2029
-2537
-2930
-3283
-3461
-3469
-3361
-3020
-2576
-2090
-1460
-806
-201
324
894
1340
1457
1519
1501
1219
804
392
-60
-640
-1216
-1748
-2265
-2751
-3200
-3583
-3899
-4176
-4485
-4711
-4803
-4880
-4795
-4404
-3998
-3593
-2798
-1759
-760
340
1583
2657
3609
4642
5515
6064
6485
6708
6673
6581
6383
5873
5257
4794
4211
3448
2771
2153
1360
549
-34
-701
-1515
-2151
-2622
-3037
-3357
-3513
-3538
-3394
-3003
-2570
-2073
-1401
-758
-182
389
970
1344
1445
1538
1489
1164
781
404
-73
-676
-1232
-1722
-2217
-2690
-3119
-3485
-3798
-4116
-4425
-4600
-4732
-4815
-4658
-4244
-3890
-3433
-2562
-1555
-570
574
1795
2816
3775
4805
5591
6090
6508
6697
6654
6569
6315
5740
5175
4726
4087
3325
2691
2042
1195
435
-151
-902
-1711
-2289
-2737
-3160
-3460
-3594
-3597
-3388
-2976
-2565
-2047
-1368
-764
-216
386
943
1243
1369
1509
1434
1098
766
412
-101
-701
-1219
-1703
-2192
-2635
-3070
-3464
-3785
-4127
-4440
-4589
-4731
-4804
-4580
-4152
-3809
-3287
-2359
-1377
-410
751
1946
2927
3898
4915
5632
6102
6536
6729
6689
6609
6339
5771
5252
4798
4116
3340
2701
1993
1097
352
-285
-1106
-1913
-2468
-2924
-3360
-3619
-3700
-3658
-3397
-2975
-2562
-2016
-1332
-743
-214
396
927
1179
1338
1498
1393
1062
753
385
-167
-757
-1271
-1799
-2294
-2737
-3205
-3629
-3947
-4282
-4589
-4713
-4814
-4832
-4541
-4095
-3716
-3106
-2128
-1138
-154
1036
2201
3162
4158
5142
5796
6263
6680
6821
6753
6654
6335
5757
5244
4735
3991
3208
2559
1791
894
184
-484
-1316
-2066
-2584
-3043
-3444
-3628
-3659
-3562
-3251
-2828
-2388
-1808
-1127
-552
-29
570
1051
1262
1416
1529
1377
1034
693
279
-299
-899
-1438
-1973
-2474
-2937
-3385
-3765
-4077
-4396
-4639
-4743
-4821
-4758
-4419
-4005
-3584
-2877
-1896
-928
100
1283
2359
3300
4300
5192
5792
6266
6609
6678
6629
6523
6143
5598
5127
4577
3826
3105
2452
1635
777
89
-627
-1449
-2145
-2662
-3125
-3484
-3651
-3667
-3522
-3198
-2792
-2321
-1716
-1069
-505
48
625
1043
1248
1403
1480
1312
985
655
240
-320
-903
-1418
-1915
-2420
-2892
-3305
-3662
-4013
-4352
-4563
-4687
-4775
-4661
-4309
-3931
-3458
-2664
-1702
-758
307
1469
2476
3413
4410
5222
5781
6246
6526
6565
6545
6411
5980
5454
5009
4423
3665
2989
2305
1439
613
-63
-806
-1609
-2256
-2750
-3194
-3509
-3636
-3626
-3441
-3094
-2683
-2185
-1564
-934
-375
184
712
1053
1241
1397
1422
1206
896
580
146
-406
-938
-1425
-1913
-2405
-2867
-3277
-3654
-4048
-4398
-4600
-4739
-4824
-4653
-4280
-3897
-3331
-2457
-1501
-555
542
1678
2660
3638
4616
5348
5890
6345
6569
6614
6621
6419
5929
5423
4958
4290
3532
2871
2098
1190
418
-278
-1076
-1845
-2432
-2914
-3325
-3551
-3640
-3598
-3341
-2970
-2552
-2013
-1370
-761
-207
354
821
1093
1292
1443
1393
1142
842
488
-15
-571
-1092
-1617
-2129
-2623
-3104
-3538
-3928
-4324
-4646
-4816
-4942
-4967
-4698
-4288
-3873
-3190
-2220
-1257
-291
860
1995
2982
3998
4943
5615
6135
6548
6727
6780
6743
6426
5878
5384
4856
4113
3374
2709
1864
966
260
-457
-1288
-2010
-2534
-2999
-3352
-3510
-3571
-3470
-3156
-2793
-2363
-1792
-1173
-610
-60
496
890
1111
1311
1425
1304
1028
714
301
-250
-805
-1337
-1878
-2384
-2868
-3332
-3732
-4079
-4422
-4677
-4806
-4913
-4857
-4496
-4097
-3685
-2905
-1888
-969
25
1217
2303
3260
4277
5163
5772
6269
6639
6779
6811
6710
6300
5749
5289
4719
3942
3231
2569
1682
796
115
-645
-1508
-2198
-2700
-3165
-3498
-3636
-3678
-3524
-3183
-2824
-2370
-1781
-1189
-643
-67
497
862
1075
1284
1375
1216
950
660
232
-309
-845
-1372
-1905
-2415
-2903
-3354
-3743
-4085
-4407
-4632
-4756
-4850
-4714
-4299
-3926
-3460
-2587
-1584
-676
391
1579
2597
3548
4531
5326
5893
6378
6670
6745
6740
6562
6088
5569
5122
4497
3701
3021
2332
1422
587
-81
-869
-1700
-2320
-2796
-3241
-3534
-3659
-3676
-3468
-3118
-2754
-2279
-1687
-1117
-570
26
570
915
1128
1325
1364
1149
895
610
170
-354
-880
-1397
-1924
-2458
-2952
-3400
-3811
-4178
-4503
-4722
-4865
-4932
-4715
-4295
-3921
-3347
-2424
-1446
-481
658
1818
2833
3811
4737
5468
6041
6490
6691
6730
6697
6443
5947
5472
4998
4305
3518
2846
2089
1195
426
-255
-1057
-1825
-2378
-2837
-3243
-3481
-3586
-3546
-3285
-2923
-2530
-2019
-1407
-844
-296
307
823
1122
1318
1474
1408
1137
875
531
29
-520
-1058
-1600
-2165
-2704
-3192
-3640
-4064
-4452
-4750
-4934
-5081
-5073
-4763
-4343
-3951
-3271
-2292
-1314
-294
893
2031
3046
4041
4930
5621
6171
6549
6677
6707
6648
6305
5783
5338
4806
4058
3317
2646
1840
993
292
-397
-1199
-1909
-2410
-2843
-3210
-3405
-3465
-3375
-3096
-2731
-2318
-1786
-1164
-622
-92
516
972
1194
1382
1491
1334
1058
808
408
-134
-657
-1170
-1732
-2274
-2754
-3217
-3641
-4053
-4451
-4715
-4868
-5015
-4958
-4584
-4193
-3822
-3073
-2054
-1108
-91
1107
2182
3141
4153
5033
5658
6162
6507
6606
6646
6585
6184
5647
5231
4665
3887
3197
2544
1705
872
190
-532
-1365
-2072
-2575
-3022
-3389
-3568
-3609
-3491
-3195
-2823
-2390
-1827
-1188
-652
-96
536
931
1121
1344
1425
1235
1001
768
342
-188
-659
-1163
-1717
-2208
-2661
-3114
-3526
-3937
-4351
-4590
-4726
-4866
-4763
-4351
-3985
-3591
-2771
-1749
-853
179
1370
2367
3279
4306
5154
5707
6195
6517
6588
6628
6544
6086
5550
5147
4537
3724
3076
2417
1535
703
28
-729
-1573
-2251
-2754
-3211
-3529
-3671
-3693
-3520
-3184
-2805
-2357
-1771
-1145
-624
-37
568
888
1090
1334
1354
1146
944
673
213
-289
-751
-1282
-1823
-2297
-2770
-3226
-3625
-4033
-4423
-4622
-4754
-4868
-4684
-4245
-3887
-3412
-2528
-1548
-669
422
1600
2544
3462
4483
5285
5827
6326
6608
6648
6688
6550
6037
5525
5105
4420
3601
2974
2253
1318
513
-158
-943
-1751
-2342
-2802
-3232
-3461
-3521
-3490
-3250
-2883
-2487
-2015
-1430
-848
-349
229
778
1043
1239
1458
1426
1181
931
600
92
-460
-990
-1574
-2155
-2679
-3184
-3651
-4048
-4421
-4747
-4883
-4999
-5069
-4770
-4259
-3874
-3325
-2382
-1393
-476
666
1830
2745
3675
4658
5403
5944
6414
6622
6623
6639
6431
5871
5375
4929
4203
3409
2782
2014
1077
324
-310
-1079
-1824
-2329
-2727
-3103
-3269
-3275
-3217
-2958
-2602
-2232
-1740
-1176
-661
-197
364
878
1119
1296
1506
1475
1209
933
612
95
-499
-1053
-1648
-2247
-2790
-3302
-3782
-4175
-4524
-4832
-4938
-5044
-5127
-4788
-4215
-3830
-3307
-2337
-1302
-386
745
1921
2825
3726
4692
5429
5955
6390
6577
6562
6573
6376
5814
5319
4896
4184
3373
2730
1981
1034
271
-320
-1074
-1840
-2349
-2723
-3090
-3260
-3260
-3227
-2990
-2637
-2285
-1785
-1200
-700
-242
336
859
1101
1272
1482
1473
1198
915
608
78
-530
-1078
-1670
-2274
-2802
-3302
-3799
-4174
-4509
-4827
-4922
-4996
-5086
-4763
-4157
-3753
-3266
-2291
-1214
-321
769
1983
2914
3771
4728
5490
5993
6388
6577
6553
6554
6391
5842
5326
4927
4246
3397
2748
2067
1130
325
-235
-954
-1755
-2302
-2677
-3058
-3271
-3288
-3278
-3091
-2753
-2396
-1910
-1320
-798
-330
260
791
1052
1222
1402
1412
1150
835
508
-23
-625
-1169
-1750
-2349
-2853
-3312
-3807
-4178
-4487
-4796
-4913
-4961
-5027
-4769
-4185
-3731
-3258
-2342
-1254
-342
699
1941
2935
3776
4726
5529
6018
6385
6595
6582
6529
6384
5884
5308
4891
4281
3421
2749
2138
1233
362
-204
-853
-1655
-2231
-2564
-2923
-3187
-3189
-3145
-2995
-2646
-2254
-1805
-1234
-672
-207
343
898
1185
1324
1453
1455
1184
813
439
-123
-758
-1324
-1895
-2505
-3024
-3424
-3879
-4249
-4519
-4782
-4906
-4933
-4966
-4779
-4232
-3694
-3245
-2429
-1337
-372
612
1848
2926
3753
4654
5476
5977
6310
6507
6489
6382
6215
5748
5114
4655
4136
3329
2615
2064
1242
346
-226
-794
-1550
-2160
-2472
-2770
-3077
-3101
-3029
-2926
-2593
-2164
-1729
-1198
-618
-133
367
939
1302
1442
1554
1568
1314
923
547
5
-662
-1274
-1834
-2424
-2985
-3393
-3795
-4171
-4435
-4680
-4837
-4859
-4885
-4810
-4367
-3757
-3332
-2690
-1613
-562
358
1543
2737
3600
4443
5328
5915
6271
6517
6529
6393
6250
5856
5171
4635
4185
3442
2630
2075
1381
465
-155
-656
-1378
-2051
-2423
-2694
-3036
-3143
-3084
-3029
-2751
-2295
-1831
-1313
-712
-171
319
889
1344
1519
1623
1674
1468
1066
678
207
-444
-1117
-1702
-2283
-2861
-3325
-3730
-4120
-4391
-4620
-4827
-4870
-4845
-4845
-4577
-3954
-3449
-2969
-2018
-874
30
1068
2319
3293
4069
4969
5707
6108
6413
6543
6410
6274
6042
5428
4785
4369
3769
2894
2255
1750
921
187
-264
-891
-1628
-2112
-2395
-2768
-3024
-3030
-3031
-2877
-2465
-2002
-1535
-960
-372
110
625
1155
1402
1460
1520
1417
1046
622
201
-368
-1044
-1637
-2194
-2756
-3222
-3610
-3993
-4266
-4459
-4682
-4806
-4765
-4761
-4679
-4168
-3555
-3127
-2397
-1287
-308
616
1802
2922
3723
4558
5410
5912
6229
6463
6388
6193
6059
5616
4911
4422
3963
3171
2421
1985
1356
538
16
-467
-1172
-1781
-2130
-2461
-2794
-2901
-2893
-2812
-2464
-1986
-1541
-1012
-403
97
558
1093
1446
1503
1484
1428
1154
695
221
-315
-972
-1595
-2160
-2729
-3204
-3579
-3933
-4215
-4387
-4571
-4750
-4758
-4701
-4706
-4399
-3741
-3244
-2734
-1775
-697
221
1262
2482
3436
4196
5066
5737
6078
6338
6394
6171
5992
5741
5099
4465
4058
3452
2655
2126
1659
890
192
-249
-824
-1525
-2027
-2351
-2701
-2945
-2980
-2941
-2719
-2254
-1788
-1321
-689
-108
351
896
1396
1602
1609
1582
1455
1080
584
62
-549
-1195
-1779
-2375
-2920
-3333
-3704
-4033
-4258
-4437
-4629
-4739
-4669
-4665
-4599
-4099
-3484
-3058
-2374
-1294
-267
649
1811
2997
3815
4596
5423
5929
6185
6360
6269
6004
5810
5398
4690
4166
3725
3014
2307
1863
1292
503
-58
-470
-1101
-1757
-2147
-2448
-2802
-2956
-2935
-2850
-2533
-2057
-1622
-1081
-419
92
575
1148
1551
1654
1639
1614
1374
889
374
-161
-786
-1422
-1996
-2576
-3084
-3485
-3849
-4149
-4366
-4525
-4676
-4700
-4606
-4622
-4418
-3811
-3257
-2793
-1950
-839
100
1067
2317
3358
4065
4863
5596
5982
6193
6295
6121
5867
5634
5102
4432
3991
3482
2715
2100
1693
1048
316
-122
-554
-1229
-1791
-2108
-2462
-2777
-2845
-2828
-2708
-2370
-1955
-1512
-916
-318
139
654
1211
1517
1548
1557
1487
1103
592
131
-404
-1070
-1699
-2246
-2795
-3270
-3638
-3967
-4231
-4392
-4535
-4671
-4619
-4549
-4582
-4260
-3603
-3085
-2556
-1590
-487
432
1519
2767
3679
4388
5183
5816
6120
6287
6273
6023
5775
5448
4809
4201
3789
3185
2420
1911
1487
796
148
-242
-735
-1396
-1883
-2226
-2576
-2787
-2831
-2792
-2591
-2234
-1810
-1292
-696
-165
297
833
1329
1535
1540
1552
1387
935
453
5
-575
-1268
-1895
-2425
-2919
-3339
-3675
-3954
-4132
-4257
-4433
-4522
-4428
-4415
-4453
-4074
-3427
-2955
-2387
-1376
-309
614
1748
2960
3835
4560
5343
5917
6181
6315
6219
5928
5690
5305
4609
4027
3619
2961
2217
1769
1304
573
-40
-412
-936
-1587
-2054
-2409
-2737
-2912
-2948
-2891
-2648
-2258
-1788
-1221
-603
-54
442
997
1468
1634
1652
1678
1478
987
485
2
-619
-1336
-1971
-2495
-2962
-3362
-3699
-3956
-4088
-4223
-4426
-4476
-4363
-4388
-4412
-3996
-3371
-2922
-2317
-1290
-252
681
1845
3050
3918
4663
5445
5987
6250
6378
6240
5941
5724
5300
4563
3994
3575
2869
2132
1695
1179
414
-166
-532
-1084
-1714
-2134
-2469
-2786
-2920
-2936
-2878
-2616
-2205
-1735
-1156
-515
31
515
1060
1489
1621
1656
1688
1443
927
422
-79
-717
-1412
-2018
-2542
-3010
-3405
-3754
-3994
-4107
-4272
-4469
-4463
-4344
-4377
-4333
-3868
-3259
-2802
-2171
-1168
-158
765
1883
3036
3877
4593
5338
5872
6162
6295
6165
5933
5753
5324
4622
4092
3653
2926
2210
1761
1192
425
-140
-545
-1102
-1692
-2086
-2396
-2670
-2777
-2792
-2706
-2425
-2058
-1620
-1043
-439
37
491
1006
1382
1504
1561
1570
1321
849
352
-154
-768
-1457
-2082
-2606
-3094
-3548
-3916
-4137
-4270
-4473
-4615
-4555
-4450
-4441
-4325
-3839
-3193
-2685
-2067
-1090
-55
842
1871
3013
3848
4493
5208
5783
6073
6177
6092
5917
5728
5327
4684
4149
3692
2979
2262
1797
1226
464
-135
-549
-1064
-1664
-2073
-2332
-2552
-2660
-2664
-2530
-2243
-1904
-1476
-918
-360
73
504
1011
1382
1507
1548
1540
1322
884
391
-112
-728
-1442
-2083
-2612
-3146
-3631
-4005
-4242
-4400
-4592
-4709
-4638
-4522
-4486
-4386
-3908
-3219
-2686
-2110
-1141
-78
793
1787
2961
3821
4449
5166
5779
6067
6174
6137
5963
5755
5412
4791
4198
3729
3039
2267
1767
1239
462
-204
-593
-1072
-1707
-2130
-2352
-2561
-2695
-2692
-2539
-2265
-1916
-1484
-948
-368
104
539
1053
1469
1612
1631
1620
1426
967
447
-61
-695
-1437
-2077
-2619
-3172
-3645
-3994
-4254
-4435
-4590
-4682
-4619
-4480
-4413
-4331
-3890
-3185
-2624
-2070
-1127
-66
791
1763
2925
3800
4431
5123
5719
6003
6116
6084
5866
5637
5335
4722
4078
3605
2962
2176
1670
1210
462
-216
-580
-1022
-1636
-2031
-2229
-2440
-2592
-2581
-2435
-2188
-1842
-1440
-941
-366
104
496
967
1369
1493
1482
1470
1291
833
311
-183
-781
-1469
-2080
-2615
-3120
-3533
-3866
-4134
-4312
-4448
-4530
-4481
-4333
-4242
-4169
-3791
-3114
-2531
-2007
-1140
-102
763
1692
2811
3711
4355
5015
5604
5915
6046
6016
5785
5548
5279
4711
4049
3570
3008
2272
1732
1299
615
-87
-497
-930
-1525
-1953
-2178
-2409
-2590
-2606
-2499
-2293
-1967
-1575
-1098
-534
-48
334
775
1186
1347
1333
1335
1209
792
286
-184
-742
-1374
-1956
-2486
-2967
-3349
-3659
-3918
-4092
-4221
-4322
-4313
-4174
-4062
-4024
-3738
-3108
-2512
-2034
-1274
-233
675
1558
2653
3630
4283
4903
5523
5890
6013
5976
5750
5489
5218
4700
4036
3525
3029
2366
1785
1371
784
75
-400
-782
-1332
-1827
-2106
-2347
-2566
-2625
-2561
-2411
-2127
-1747
-1289
-740
-226
161
570
1012
1234
1220
1215
1145
771
242
-230
-761
-1386
-1973
-2490
-2969
-3370
-3675
-3883
-4008
-4107
-4203
-4199
-4052
-3896
-3848
-3644
-3065
-2421
-1957
-1299
-269
701
1531
2578
3647
4345
4903
5542
5980
6101
6039
5818
5521
5217
4719
4033
3459
2959
2303
1680
1263
761
69
-449
-772
-1232
-1737
-2035
-2242
-2454
-2528
-2465
-2331
-2089
-1726
-1285
-766
-249
138
496
920
1182
1174
1128
1066
740
197
-308
-809
-1420
-2030
-2539
-2984
-3403
-3741
-3927
-3996
-4051
-4109
-4085
-3938
-3748
-3638
-3494
-3031
-2365
-1857
-1342
-433
577
1367
2265
3349
4135
4646
5254
5783
5944
5899
5742
5446
5120
4706
4079
3453
2976
2409
1754
1319
942
322
-262
-552
-887
-1399
-1738
-1890
-2082
-2221
-2190
-2090
-1934
-1643
-1263
-845
-387
-7
278
623
919
957
879
834
602
103
-405
-848
-1391
-1996
-2500
-2906
-3300
-3648
-3857
-3925
-3943
-3949
-3910
-3784
-3576
-3414
-3311
-3004
-2394
-1827
-1408
-720
253
1059
1814
2817
3707
4241
4791
5389
5682
5699
5623
5394
5071
4737
4223
3571
3085
2646
2011
1481
1183
691
42
-330
-569
-1048
-1499
-1675
-1834
-2041
-2089
-2025
-1937
-1713
-1382
-1041
-640
-236
59
347
681
831
789
755
626
227
-276
-708
-1193
-1775
-2302
-2725
-3099
-3426
-3657
-3772
-3797
-3775
-3749
-3673
-3482
-3294
-3236
-3086
-2588
-1984
-1570
-1060
-188
687
1421
2344
3319
3971
4488
5092
5533
5668
5635
5454
5152
4845
4417
3771
3215
2819
2246
1622
1272
904
281
-224
-469
-846
-1365
-1686
-1864
-2073
-2199
-2191
-2138
-1940
-1613
-1283
-889
-427
-48
256
626
917
963
916
835
553
69
-428
-926
-1496
-2070
-2560
-2962
-3291
-3537
-3693
-3753
-3734
-3703
-3665
-3524
-3306
-3207
-3161
-2806
-2178
-1679
-1281
-545
391
1164
1999
3007
3804
4307
4842
5373
5627
5628
5473
5174
4856
4505
3930
3296
2875
2401
1747
1286
1001
504
-68
-365
-611
-1080
-1513
-1737
-1929
-2103
-2167
-2163
-2036
-1764
-1465
-1135
-694
-273
23
366
741
892
840
771
613
219
-292
-784
-1302
-1856
-2377
-2799
-3122
-3365
-3531
-3607
-3585
-3535
-3493
-3379
-3162
-2995
-2958
-2749
-2202
-1641
-1283
-753
120
918
1635
2552
3444
3991
4425
4957
5330
5406
5298
5048
4747
4450
4005
3388
2908
2538
1971
1426
1133
772
223
-162
-358
-716
-1176
-1462
-1661
-1873
-2011
-2044
-1999
-1839
-1596
-1330
-973
-586
-306
-11
367
601
597
538
471
213
-230
-676
-1108
-1590
-2100
-2522
-2832
-3082
-3279
-3374
-3363
-3328
-3302
-3224
-3058
-2886
-2835
-2747
-2368
-1808
-1414
-1046
-314
539
1209
2000
2970
3664
4084
4594
5094
5305
5282
5127
4887
4621
4262
3707
3160
2801
2355
1758
1358
1059
542
32
-225
-509
-981
-1367
-1597
-1832
-2050
-2133
-2110
-2026
-1841
-1589
-1269
-878
-559
-279
92
426
517
476
452
313
-40
-468
-855
-1287
-1790
-2230
-2543
-2796
-3021
-3162
-3192
-3170
-3154
-3118
-3018
-2880
-2815
-2819
-2638
-2162
-1691
-1383
-841
26
779
1449
2416
3336
3832
4289
4886
5262
5322
5248
5059
4802
4506
4022
3407
2988
2650
2078
1545
1273
855
250
-110
-325
-768
-1276
-1570
-1799
-2060
-2207
-2221
-2172
-2018
-1777
-1494
-1094
-674
-373
-53
348
577
551
507
449
171
-258
-654
-1065
-1564
-2037
-2390
-2657
-2883
-3051
-3130
-3131
-3100
-3069
-3002
-2861
-2744
-2745
-2704
-2370
-1875
-1498
-1120
-412
412
1057
1825
2839
3543
3928
4470
5018
5206
5172
5062
4828
4559
4223
3671
3131
2823
2421
1834
1470
1233
709
182
-37
-326
-886
-1336
-1560
-1828
-2097
-2202
-2219
-2158
-1968
-1736
-1427
-998
-623
-335
18
372
481
423
412
290
-84
-502
-854
-1275
-1759
-2151
-2457
-2691
-2880
-3014
-3046
-3022
-3013
-2997
-2888
-2716
-2650
-2658
-2497
-2082
-1623
-1266
-774
-11
735
1369
2192
3098
3632
4029
4589
4989
5039
4955
4800
4555
4288
3915
3379
2930
2632
2198
1698
1420
1130
603
172
-43
-411
-979
-1376
-1582
-1870
-2156
-2263
-2275
-2198
-2021
-1777
-1431
-1039
-698
-375
-13
288
377
364
366
210
-157
-527
-849
-1229
-1664
-2015
-2286
-2492
-2685
-2794
-2777
-2781
-2816
-2816
-2723
-2604
-2590
-2612
-2436
-2021
-1607
-1316
-769
42
763
1408
2276
3121
3591
4063
4632
4932
4949
4876
4704
4482
4244
3845
3319
2938
2634
2159
1700
1445
1070
506
110
-133
-586
-1161
-1513
-1730
-2068
-2347
-2441
-2452
-2359
-2166
-1866
-1467
-1054
-705
-331
108
417
487
540
580
371
-2
-343
-676
-1083
-1529
-1883
-2156
-2373
-2585
-2687
-2658
-2675
-2749
-2785
-2698
-2633
-2688
-2744
-2550
-2139
-1792
-1520
-890
-56
664
1355
2305
3136
3579
4118
4709
4982
4975
4892
4718
4512
4247
3814
3317
2969
2629
2117
1691
1449
995
397
37
-226
-752
-1325
-1617
-1846
-2216
-2451
-2496
-2473
-2354
-2114
-1750
-1311
-873
-519
-108
370
622
649
743
766
477
75
-264
-625
-1084
-1565
-1915
-2202
-2456
-2680
-2772
-2738
-2766
-2855
-2857
-2739
-2721
-2793
-2813
-2570
-2166
-1839
-1511
-848
-59
635
1345
2315
3074
3490
4075
4678
4926
4889
4830
4688
4473
4181
3768
3311
2956
2587
2075
1686
1442
951
372
73
-198
-753
-1293
-1548
-1808
-2188
-2376
-2399
-2382
-2274
-2001
-1634
-1223
-789
-423
-14
429
637
665
751
750
451
58
-262
-635
-1130
-1600
-1913
-2211
-2504
-2712
-2777
-2767
-2815
-2875
-2824
-2717
-2729
-2769
-2747
-2497
-2102
-1752
-1387
-758
-31
621
1342
2280
2954
3376
3991
4584
4803
4791
4790
4681
4465
4195
3822
3380
3009
2625
2123
1742
1447
907
355
72
-242
-818
-1335
-1609
-1922
-2296
-2460
-2508
-2531
-2419
-2129
-1786
-1395
-964
-565
-139
316
571
644
755
809
553
199
-68
-425
-935
-1368
-1645
-1957
-2277
-2475
-2541
-2583
-2674
-2742
-2720
-2677
-2717
-2767
-2775
-2580
-2193
-1840
-1514
-920
-199
439
1185
2140
2825
3289
3922
4536
4779
4816
4860
4778
4568
4333
3982
3506
3117
2741
2232
1806
1454
887
310
-16
-352
-939
-1472
-1780
-2100
-2450
-2599
-2645
-2646
-2496
-2179
-1801
-1380
-941
-511
-40
449
727
810
939
998
729
370
105
-269
-791
-1224
-1535
-1881
-2212
-2424
-2537
-2619
-2746
-2879
-2920
-2907
-2958
-3024
-3033
-2861
-2466
-2069
-1732
-1152
-385
316
1077
2054
2826
3335
3925
4553
4852
4899
4931
4859
4659
4433
4094
3604
3202
2853
2346
1877
1513
977
368
-4
-331
-907
-1486
-1819
-2110
-2446
-2608
-2639
-2603
-2438
-2107
-1697
-1244
-809
-384
103
596
863
924
1023
1060
797
416
122
-237
-723
-1168
-1516
-1866
-2191
-2424
-2579
-2688
-2838
-3016
-3098
-3091
-3131
-3192
-3192
-3036
-2635
-2173
-1805
-1257
-453
317
1044
1976
2828
3347
3847
4463
4833
4869
4861
4809
4630
4401
4096
3632
3217
2885
2405
1898
1529
1050
422
-17
-323
-862
-1478
-1831
-2075
-2394
-2597
-2606
-2539
-2383
-2059
-1641
-1191
-738
-303
155
622
914
980
1031
1078
880
496
184
-114
-550
-1018
-1384
-1710
-2031
-2299
-2508
-2663
-2824
-3015
-3134
-3137
-3148
-3214
-3245
-3114
-2730
-2260
-1890
-1384
-593
180
858
1733
2609
3126
3586
4219
4666
4761
4778
4772
4637
4445
4187
3769
3359
3032
2570
2040
1652
1188
519
6
-315
-828
-1446
-1808
-2044
-2365
-2593
-2609
-2554
-2428
-2131
-1738
-1322
-870
-433
-9
447
789
904
970
1066
958
632
351
93
-318
-778
-1151
-1483
-1815
-2124
-2400
-2596
-2752
-2970
-3141
-3134
-3106
-3181
-3230
-3129
-2822
-2363
-1945
-1498
-811
-48
613
1408
2295
2884
3328
3937
4461
4657
4715
4755
4670
4486
4252
3894
3471
3111
2689
2160
1716
1268
625
33
-333
-778
-1359
-1744
-1946
-2215
-2450
-2468
-2383
-2270
-2008
-1605
-1188
-781
-372
30
444
801
963
1027
1116
1071
795
491
216
-188
-681
-1102
-1464
-1840
-2218
-2540
-2759
-2932
-3162
-3345
-3335
-3268
-3287
-3285
-3187
-2943
-2487
-1982
-1544
-961
-216
459
1172
2039
2736
3189
3707
4254
4549
4635
4695
4652
4463
4241
3951
3531
3120
2741
2251
1753
1331
791
172
-274
-650
-1161
-1613
-1835
-2033
-2271
-2342
-2245
-2123
-1910
-1535
-1102
-705
-316
68
442
801
1022
1082
1134
1134
923
593
288
-76
-557
-1017
-1390
-1765
-2157
-2494
-2717
-2882
-3079
-3262
-3302
-3261
-3263
-3258
-3193
-3033
-2665
-2151
-1703
-1224
-539
165
823
1622
2416
2938
3371
3904
4313
4456
4506
4494
4329
4125
3916
3548
3107
2751
2351
1865
1459
1036
477
-26
-370
-796
-1305
-1630
-1832
-2085
-2249
-2225
-2130
-1973
-1682
-1287
-872
-466
-78
300
693
995
1096
1136
1177
1054
749
421
96
-337
-816
-1203
-1548
-1916
-2237
-2467
-2632
-2783
-2938
-3046
-3064
-3065
-3104
-3123
-3064
-2857
-2462
-2029
-1636
-1080
-357
315
1017
1858
2548
2992
3488
4037
4320
4372
4401
4316
4126
3979
3726
3291
2924
2636
2222
1789
1441
976
429
58
-283
-822
-1310
-1580
-1857
-2140
-2233
-2207
-2143
-1958
-1628
-1246
-850
-442
-37
369
751
961
1024
1075
1055
838
496
177
-181
-660
-1100
-1415
-1757
-2104
-2334
-2495
-2664
-2819
-2924
-2991
-3001
-3002
-3049
-3075
-2979
-2707
-2309
-1913
-1461
-811
-82
594
1375
2186
2756
3212
3765
4208
4346
4369
4342
4186
4034
3875
3520
3110
2841
2543
2117
1752
1392
879
414
106
-331
-907
-1306
-1569
-1886
-2099
-2123
-2102
-2017
-1769
-1416
-1063
-678
-250
145
515
822
952
992
998
873
568
211
-123
-545
-1010
-1364
-1683
-2032
-2292
-2453
-2612
-2776
-2889
-2961
-2991
-2971
-2981
-3023
-3016
-2867
-2535
-2123
-1727
-1208
-500
192
880
1696
2408
2885
3371
3896
4186
4264
4291
4186
4015
3913
3699
3298
2974
2757
2402
1996
1706
1311
785
401
79
-441
-971
-1300
-1605
-1910
-2037
-2054
-2057
-1919
-1627
-1319
-970
-533
-124
224
592
863
949
985
970
771
432
106
-235
-658
-1049
-1368
-1693
-1989
-2193
-2352
-2505
-2638
-2754
-2842
-2865
-2888
-2958
-3017
-3007
-2839
-2479
-2077
-1687
-1129
-421
241
945
1756
2405
2868
3395
3873
4091
4173
4193
4076
3948
3848
3588
3204
2945
2714
2329
1977
1696
1261
761
414
53
-486
-985
-1332
-1660
-1930
-2053
-2126
-2138
-1977
-1710
-1417
-1036
-609
-245
107
488
744
828
886
876
662
354
72
-246
-628
-972
-1263
-1552
-1807
-1996
-2153
-2287
-2412
-2566
-2678
-2722
-2793
-2909
-2997
-3015
-2851
-2487
-2102
-1744
-1189
-482
156
854
1687
2354
2829
3371
3857
4072
4153
4194
4113
4002
3903
3633
3267
3036
2794
2396
2040
1744
1287
774
427
56
-510
-1037
-1391
-1708
-1980
-2118
-2191
-2197
-2028
-1738
-1408
-1014
-592
-220
154
550
813
886
935
939
740
414
128
-177
-574
-945
-1232
-1522
-1806
-2013
-2182
-2328
-2461
-2628
-2762
-2804
-2853
-2967
-3070
-3080
-2901
-2535
-2169
-1824
-1273
-568
55
747
1606
2298
2767
3307
3830
4079
4158
4194
4145
4059
3956
3696
3354
3124
2860
2444
2078
1769
1292
760
397
13
-566
-1102
-1458
-1775
-2056
-2200
-2249
-2231
-2067
-1766
-1402
-991
-578
-187
225
630
887
967
1021
1033
843
527
257
-40
-445
-816
-1099
-1404
-1713
-1941
-2132
-2308
-2462
-2648
-2808
-2854
-2899
-3029
-3129
-3121
-2964
-2640
-2286
-1945
-1425
-728
-87
598
1450
2160
2633
3176
3758
4060
4151
4221
4234
4169
4068
3853
3546
3295
3018
2600
2200
1864
1381
824
430
47
-529
-1075
-1427
-1741
-2061
-2230
-2257
-2241
-2112
-1834
-1486
-1102
-695
-299
111
521
793
902
989
1045
906
631
382
114
-247
-594
-890
-1218
-1546
-1816
-2066
-2282
-2465
-2688
-2889
-2963
-3026
-3173
-3276
-3267
-3148
-2868
-2511
-2176
-1695
-1003
-328
348
1184
1935
2439
2998
3650
4038
4170
4305
4400
4346
4248
4094
3810
3525
3263
2874
2429
2048
1586
1016
578
203
-360
-949
-1319
-1629
-2002
-2233
-2276
-2296
-2229
-1986
-1672
-1321
-909
-508
-118
313
649
794
917
1055
997
740
499
281
-33
-377
-674
-991
-1333
-1630
-1894
-2134
-2349
-2580
-2799
-2933
-3031
-3182
-3329
-3388
-3319
-3079
-2740
-2412
-1978
-1326
-631
51
870
1680
2257
2817
3500
3996
4205
4370
4497
4462
4365
4226
3934
3608
3347
2999
2547
2139
1701
1145
670
294
-226
-835
-1262
-1573
-1942
-2231
-2328
-2366
-2343
-2146
-1826
-1451
-1038
-628
-206
266
651
848
1001
1172
1173
936
677
463
152
-228
-549
-865
-1229
-1538
-1786
-2037
-2272
-2491
-2726
-2910
-3021
-3174
-3367
-3476
-3467
-3318
-3000
-2626
-2250
-1696
-967
-255
505
1374
2092
2647
3297
3923
4256
4432
4595
4622
4539
4421
4166
3807
3515
3210
2770
2322
1913
1401
856
429
-34
-637
-1167
-1523
-1871
-2212
-2396
-2465
-2482
-2365
-2062
-1662
-1262
-848
-375
117
536
831
1018
1166
1225
1090
837
599
311
-63
-420
-752
-1104
-1422
-1682
-1940
-2177
-2392
-2642
-2861
-2990
-3131
-3335
-3477
-3539
-3504
-3237
-2842
-2512
-2072
-1367
-635
65
929
1778
2371
2967
3670
4154
4399
4623
4741
4702
4636
4468
4118
3781
3498
3066
2566
2161
1690
1096
593
162
-406
-1012
-1453
-1796
-2156
-2421
-2537
-2606
-2563
-2327
-1952
-1531
-1099
-626
-134
333
741
1018
1158
1268
1286
1101
840
592
259
-140
-494
-837
-1201
-1514
-1786
-2051
-2291
-2530
-2781
-2982
-3107
-3245
-3421
-3548
-3598
-3494
-3160
-2784
-2455
-1942
-1204
-461
280
1174
1979
2545
3179
3863
4289
4535
4763
4844
4796
4725
4519
4144
3801
3479
2995
2499
2086
1562
957
490
44
-570
-1155
-1562
-1904
-2275
-2508
-2596
-2670
-2592
-2301
-1919
-1493
-1019
-545
-77
411
835
1076
1213
1366
1372
1153
928
708
347
-47
-368
-724
-1114
-1454
-1747
-2021
-2277
-2539
-2816
-3041
-3177
-3347
-3547
-3675
-3754
-3669
-3334
-2970
-2651
-2132
-1370
-606
151
1098
1912
2487
3185
3898
4336
4608
4850
4914
4878
4834
4614
4211
3872
3535
3015
2518
2091
1519
883
430
-35
-691
-1273
-1665
-2030
-2415
-2612
-2672
-2741
-2633
-2309
-1920
-1496
-1001
-511
-41
472
898
1127
1304
1492
1479
1283
1108
897
537
163
-159
-552
-981
-1354
-1674
-1978
-2277
-2577
-2887
-3147
-3317
-3526
-3732
-3858
-3949
-3857
-3507
-3138
-2799
-2261
-1481
-686
119
1104
1944
2583
3348
4096
4575
4875
5117
5198
5170
5127
4895
4469
4093
3705
3147
2605
2117
1484
797
288
-221
-895
-1498
-1912
-2291
-2663
-2847
-2905
-2938
-2800
-2460
-2060
-1630
-1103
-570
-55
498
933
1195
1436
1648
1651
1506
1344
1117
768
401
47
-405
-886
-1296
-1647
-2019
-2380
-2720
-3089
-3394
-3592
-3808
-4026
-4151
-4221
-4105
-3737
-3330
-2959
-2416
-1608
-774
67
1072
1972
2679
3475
4276
4819
5134
5389
5519
5497
5443
5231
4779
4344
3923
3335
2719
2181
1517
758
170
-344
-1013
-1667
-2105
-2459
-2815
-3015
-3057
-3053
-2921
-2571
-2144
-1706
-1158
-580
-38
536
1029
1338
1587
1817
1884
1755
1565
1344
997
589
185
-301
-835
-1291
-1682
-2125
-2561
-2934
-3333
-3692
-3889
-4077
-4300
-4433
-4484
-4381
-4017
-3543
-3144
-2628
-1810
-916
-55
964
1968
2739
3523
4381
5018
5369
5629
5793
5788
5708
5501
5039
4537
4083
3478
2807
2235
1573
767
102
-410
-1061
-1773
-2265
-2598
-2946
-3195
-3247
-3205
-3077
-2742
-2263
-1766
-1186
-555
36
652
1240
1629
1887
2144
2290
2201
1992
1770
1426
960
491
-35
-623
-1166
-1656
-2167
-2674
-3126
-3561
-3964
-4215
-4410
-4654
-4809
-4885
-4850
-4532
-4018
-3580
-3088
-2266
-1293
-366
693
1824
2709
3508
4419
5168
5601
5913
6090
6076
5987
5789
5318
4740
4251
3645
2906
2273
1627
791
41
-498
-1124
-1864
-2419
-2772
-3110
-3380
-3441
-3375
-3231
-2885
-2361
-1791
-1160
-471
185
839
1498
1976
2261
2519
2702
2672
2462
2187
1818
1311
770
202
-439
-1074
-1661
-2228
-2773
-3277
-3742
-4166
-4474
-4684
-4913
-5081
-5144
-5136
-4892
-4375
-3848
-3349
-2573
-1529
-512
536
1710
2725
3529
4397
5209
5712
6032
6231
6203
6064
5873
5443
4807
4251
3693
2941
2203
1574
814
-5
-610
-1168
-1861
-2484
-2879
-3177
-3438
-3521
-3431
-3273
-2932
-2372
-1756
-1111
-390
321
981
1653
2207
2528
2753
2939
2949
2744
2413
1995
1463
875
268
-412
-1127
-1777
-2361
-2928
-3461
-3940
-4385
-4742
-4965
-5146
-5309
-5355
-5301
-5105
-4634
-3996
-3404
-2710
-1683
-535
525
1640
2760
3656
4442
5259
5881
6201
6372
6387
6220
5977
5611
4997
4307
3706
3022
2218
1503
833
51
-670
-1209
-1764
-2388
-2855
-3101
-3289
-3409
-3335
-3131
-2826
-2316
-1671
-1022
-342
379
1055
1695
2278
2664
2872
3021
3060
2876
2510
2057
1514
888
237
-448
-1201
-1923
-2528
-3087
-3637
-4122
-4556
-4946
-5194
-5331
-5454
-5496
-5403
-5224
-4846
-4190
-3476
-2829
-1962
-803
324
1358
2467
3497
4287
5025
5744
6186
6345
6375
6268
6019
5681
5162
4452
3768
3125
2366
1594
941
254
-502
-1102
-1549
-2069
-2569
-2834
-2946
-3050
-3047
-2857
-2559
-2144
-1565
-919
-272
407
1072
1684
2253
2695
2924
3022
3061
2922
2547
2061
1522
873
163
-527
-1252
-2017
-2685
-3234
-3768
-4262
-4655
-5006
-5284
-5408
-5453
-5468
-5364
-5156
-4859
-4304
-3527
-2825
-2124
-1105
67
1079
2080
3168
4055
4710
5396
5979
6211
6233
6174
5965
5629
5195
4558
3824
3189
2523
1742
1053
463
-226
-897
-1333
-1720
-2192
-2513
-2606
-2665
-2706
-2586
-2312
-1951
-1465
-874
-258
380
1021
1601
2124
2579
2847
2911
2898
2802
2470
1944
1390
794
88
-641
-1335
-2048
-2736
-3299
-3783
-4256
-4646
-4942
-5188
-5320
-5316
-5271
-5174
-4963
-4680
-4256
-3581
-2834
-2188
-1385
-299
741
1648
2652
3625
4317
4907
5528
5906
5974
5939
5801
5506
5123
4613
3930
3268
2692
2011
1295
727
173
-473
-978
-1290
-1653
-2010
-2150
-2171
-2211
-2159
-1942
-1632
-1241
-729
-162
392
957
1496
1968
2378
2676
2766
2704
2591
2338
1863
1273
676
13
-721
-1442
-2148
-2848
-3456
-3944
-4396
-4802
-5089
-5297
-5428
-5416
-5292
-5133
-4913
-4611
-4220
-3652
-2927
-2244
-1575
-688
340
1263
2155
3110
3899
4475
5045
5540
5758
5768
5671
5440
5118
4720
4152
3487
2906
2338
1670
1071
589
44
-506
-838
-1076
-1411
-1652
-1692
-1700
-1704
-1566
-1310
-1022
-639
-139
359
811
1261
1682
2041
2344
2516
2478
2350
2182
1836
1295
709
93
-618
-1331
-1990
-2674
-3340
-3853
-4263
-4663
-4984
-5173
-5300
-5333
-5229
-5062
-4858
-4577
-4245
-3826
-3204
-2486
-1867
-1217
-337
615
1442
2288
3159
3810
4315
4858
5263
5399
5389
5273
5039
4751
4383
3841
3259
2782
2271
1680
1194
776
265
-183
-408
-642
-993
-1207
-1241
-1285
-1304
-1166
-953
-729
-397
32
428
786
1153
1478
1748
1982
2072
1973
1835
1659
1273
724
181
-417
-1115
-1760
-2333
-2947
-3520
-3927
-4253
-4572
-4792
-4905
-4963
-4919
-4771
-4614
-4413
-4118
-3802
-3406
-2791
-2103
-1544
-932
-68
814
1551
2348
3152
3707
4165
4686
5024
5085
5054
4950
4726
4456
4108
3609
3110
2712
2258
1751
1349
960
487
133
-67
-359
-721
-925
-993
-1075
-1113
-1010
-837
-644
-369
-24
312
626
921
1184
1415
1586
1611
1500
1365
1167
783
296
-192
-750
-1373
-1930
-2438
-2962
-3425
-3765
-4052
-4310
-4482
-4588
-4631
-4565
-4440
-4324
-4151
-3885
-3602
-3227
-2643
-2005
-1482
-866
-18
812
1518
2298
3059
3593
4077
4614
4927
4981
4988
4924
4732
4495
4167
3681
3222
2843
2383
1889
1508
1092
596
268
53
-304
-680
-862
-949
-1060
-1114
-1020
-846
-655
-404
-86
243
542
797
1037
1252
1370
1353
1225
1066
833
451
10
-445
-973
-1538
-2037
-2499
-2971
-3378
-3674
-3932
-4165
-4322
-4428
-4473
-4409
-4293
-4187
-4028
-3785
-3525
-3164
-2577
-1953
-1464
-862
-23
783
1489
2265
3002
3535
4037
4579
4905
4993
5042
5013
4859
4681
4391
3921
3477
3116
2661
2165
1775
1340
807
446
218
-166
-578
-792
-919
-1090
-1187
-1131
-1005
-861
-639
-333
-17
262
505
742
954
1070
1059
948
802
576
216
-188
-599
-1094
-1625
-2075
-2497
-2952
-3351
-3636
-3873
-4092
-4258
-4377
-4434
-4401
-4312
-4212
-4062
-3851
-3623
-3283
-2697
-2044
-1540
-951
-105
750
1503
2320
3118
3707
4223
4782
5177
5314
5362
5345
5204
5014
4733
4271
3789
3394
2950
2443
1999
1536
988
563
288
-93
-533
-812
-984
-1185
-1321
-1297
-1214
-1122
-934
-634
-322
-57
188
436
659
801
833
778
683
504
178
-197
-573
-1039
-1554
-1986
-2389
-2836
-3249
-3560
-3796
-4003
-4185
-4311
-4378
-4389
-4352
-4269
-4138
-3970
-3770
-3476
-2963
-2323
-1771
-1204
-407
467
1256
2076
2932
3612
4150
4716
5202
5436
5510
5529
5427
5224
4960
4571
4094
3672
3255
2757
2272
1817
1302
814
461
106
-339
-708
-927
-1124
-1302
-1343
-1293
-1244
-1119
-858
-560
-307
-66
180
397
571
667
667
623
518
271
-71
-412
-818
-1313
-1774
-2170
-2594
-3038
-3395
-3650
-3874
-4087
-4236
-4318
-4369
-4374
-4302
-4179
-4025
-3818
-3548
-3136
-2538
-1907
-1329
-629
229
1049
1830
2682
3469
4038
4541
5073
5434
5547
5564
5511
5323
5054
4729
4300
3852
3445
2972
2453
2004
1563
1045
585
240
-158
-609
-933
-1153
-1373
-1514
-1519
-1496
-1448
-1261
-978
-719
-480
-217
22
217
382
463
456
406
271
9
-305
-620
-1010
-1473
-1883
-2242
-2644
-3042
-3324
-3528
-3748
-3942
-4060
-4135
-4185
-4160
-4057
-3912
-3728
-3497
-3191
-2733
-2109
-1477
-882
-162
676
1457
2218
3044
3761
4263
4743
5244
5532
5587
5577
5501
5308
5056
4729
4295
3862
3452
2958
2441
2007
1533
971
503
138
-310
-784
-1116
-1376
-1628
-1764
-1765
-1751
-1685
-1475
-1200
-950
-698
-433
-186
29
186
250
247
201
48
-210
-491
-788
-1174
-1603
-1974
-2330
-2715
-3065
-3316
-3511
-3703
-3868
-3964
-4006
-4015
-3966
-3832
-3638
-3426
-3183
-2854
-2389
-1791
-1168
-574
108
894
1642
2361
3128
3794
4263
4706
5153
5385
5393
5364
5293
5093
4833
4519
4093
3650
3234
2759
2265
1835
1354
790
340
-12
-458
-934
-1258
-1509
-1766
-1905
-1906
-1885
-1807
-1604
-1344
-1088
-819
-548
-293
-52
119
183
200
181
52
-175
-420
-710
-1089
-1477
-1811
-2149
-2513
-2837
-3093
-3303
-3481
-3625
-3716
-3744
-3746
-3700
-3562
-3361
-3152
-2910
-2590
-2166
-1606
-977
-378
267
1018
1766
2472
3216
3887
4362
4786
5225
5484
5498
5469
5418
5236
4972
4679
4281
3810
3363
2890
2394
1936
1449
873
362
-20
-462
-972
-1356
-1632
-1922
-2138
-2188
-2175
-2129
-1959
-1699
-1428
-1130
-809
-513
-240
-8
119
157
163
88
-107
-359
-652
-1025
-1425
-1771
-2096
-2450
-2788
-3060
-3287
-3469
-3596
-3685
-3740
-3752
-3710
-3602
-3430
-3232
-3009
-2737
-2379
-1894
-1302
-692
-71
633
1392
2124
2845
3551
4120
4555
4981
5339
5478
5452
5392
5272
5050
4769
4419
3975
3509
3048
2564
2087
1625
1104
554
94
-321
-806
-1271
-1608
-1900
-2183
-2339
-2348
-2306
-2184
-1933
-1629
-1316
-956
-591
-275
3
217
312
327
297
160
-93
-390
-725
-1119
-1504
-1833
-2167
-2518
-2810
-3031
-3215
-3355
-3442
-3500
-3532
-3515
-3434
-3285
-3095
-2883
-2620
-2302
-1905
-1383
-776
-170
469
1195
1934
2622
3306
3941
4418
4798
5159
5397
5426
5336
5203
5004
4731
4387
3958
3479
3006
2518
2018
1552
1077
549
45
-380
-818
-1287
-1676
-1973
-2250
-2465
-2537
-2508
-2416
-2212
-1904
-1582
-1249
-876
-520
-218
32
187
232
224
151
-32
-296
-584
-917
-1277
-1603
-1896
-2198
-2483
-2693
-2841
-2957
-3043
-3097
-3120
-3118
-3080
-2961
-2781
-2606
-2395
-2108
-1783
-1391
-864
-276
286
903
1607
2284
2913
3553
4109
4499
4824
5117
5253
5211
5081
4886
4625
4316
3929
3462
2992
2531
2038
1563
1129
655
147
-289
-678
-1114
-1537
-1865
-2142
-2385
-2513
-2526
-2484
-2349
-2077
-1740
-1413
-1064
-694
-356
-59
167
262
265
240
135
-86
-355
-635
-971
-1321
-1615
-1885
-2168
-2405
-2563
-2681
-2769
-2831
-2885
-2919
-2923
-2880
-2759
-2601
-2458
-2282
-2028
-1726
-1338
-820
-264
270
875
1571
2236
2868
3508
4034
4387
4697
4976
5088
5030
4884
4656
4370
4063
3678
3220
2779
2351
1881
1427
1021
565
71
-338
-699
-1124
-1539
-1861
-2136
-2367
-2463
-2464
-2434
-2285
-1990
-1650
-1315
-946
-568
-226
83
305
375
358
321
191
-62
-337
-615
-960
-1306
-1581
-1833
-2097
-2309
-2449
-2568
-2656
-2711
-2773
-2833
-2848
-2801
-2691
-2547
-2409
-2240
-1996
-1686
-1265
-721
-154
394
1026
1742
2428
3074
3707
4207
4528
4806
5051
5119
5011
4814
4537
4202
3860
3457
2976
2518
2087
1615
1139
720
275
-214
-626
-974
-1379
-1787
-2101
-2344
-2535
-2601
-2569
-2495
-2310
-1992
-1626
-1261
-874
-494
-153
142
342
402
376
307
154
-87
-349
-628
-946
-1249
-1500
-1734
-1952
-2134
-2275
-2384
-2456
-2518
-2589
-2635
-2638
-2596
-2490
-2339
-2198
-2028
-1772
-1457
-1043
-501
59
589
1194
1885
2536
3128
3705
4169
4459
4690
4883
4903
4757
4543
4262
3912
3549
3160
2702
2247
1824
1380
920
505
94
-361
-772
-1123
-1502
-1899
-2202
-2408
-2563
-2612
-2542
-2410
-2203
-1879
-1496
-1119
-747
-385
-75
173
350
413
378
292
151
-56
-292
-537
-804
-1068
-1294
-1499
-1691
-1864
-2022
-2149
-2239
-2333
-2422
-2478
-2493
-2485
-2417
-2291
-2162
-2006
-1774
-1479
-1101
-613
-83
424
965
1580
2181
2727
3256
3710
4022
4245
4420
4468
4378
4224
4013
3726
3418
3109
2753
2362
1984
1609
1211
826
452
44
-368
-743
-1120
-1509
-1832
-2067
-2248
-2348
-2330
-2230
-2071
-1819
-1494
-1168
-852
-535
-259
-39
139
237
238
187
100
-47
-226
-412
-625
-848
-1035
-1209
-1396
-1578
-1745
-1905
-2035
-2132
-2241
-2341
-2391
-2416
-2410
-2323
-2202
-2084
-1915
-1656
-1332
-938
-462
26
498
1027
1598
2124
2620
3090
3462
3722
3934
4064
4064
3981
3853
3653
3413
3179
2905
2572
2228
1901
1546
1171
807
426
23
-360
-725
-1100
-1444
-1713
-1922
-2077
-2140
-2115
-2031
-1867
-1621
-1345
-1076
-799
-526
-298
-102
69
151
148
121
61
-65
-203
-339
-528
-726
-877
-1043
-1256
-1434
-1584
-1757
-1895
-1973
-2084
-2214
-2258
-2257
-2259
-2183
-2044
-1934
-1787
-1517
-1193
-862
-437
36
468
948
1496
1985
2417
2857
3229
3475
3672
3818
3820
3732
3650
3504
3285
3075
2827
2494
2158
1853
1490
1081
711
325
-102
-486
-847
-1243
-1594
-1840
-2039
-2204
-2266
-2243
-2181
-2016
-1762
-1502
-1222
-914
-636
-387
-135
76
188
251
302
298
246
182
71
-100
-253
-396
-587
-781
-961
-1169
-1361
-1512
-1668
-1845
-1988
-2080
-2148
-2167
-2115
-2055
-1993
-1865
-1656
-1390
-1069
-674
-258
160
640
1149
1633
2114
2576
2965
3263
3507
3693
3754
3753
3717
3601
3446
3230
2949
2627
2275
1925
1519
1079
661
199
-259
-660
-1052
-1452
-1829
-2100
-2289
-2453
-2525
-2507
-2420
-2229
-1980
-1685
-1337
-993
-660
-335
-32
245
462
605
717
796
808
772
675
497
319
152
-45
-283
-575
-860
-1109
-1358
-1614
-1876
-2074
-2221
-2350
-2422
-2458
-2440
-2409
-2352
-2154
-1878
-1578
-1213
-807
-371
121
697
1267
1776
2303
2796
3145
3447
3753
3913
3962
3968
3884
3721
3471
3167
2823
2426
2053
1599
1052
571
117
-364
-809
-1164
-1549
-1980
-2244
-2401
-2567
-2629
-2578
-2444
-2243
-1989
-1639
-1264
-889
-455
-70
266
639
937
1111
1260
1379
1389
1340
1226
989
730
492
230
-124
-543
-894
-1240
-1572
-1878
-2193
-2387
-2557
-2727
-2827
-2892
-2838
-2781
-2707
-2477
-2204
-1896
-1530
-1076
-552
-21
602
1216
1748
2313
2863
3272
3595
3911
4106
4163
4134
4010
3820
3536
3189
2816
2394
1973
1472
871
362
-44
-504
-973
-1320
-1685
-2074
-2324
-2487
-2607
-2636
-2561
-2394
-2195
-1929
-1543
-1146
-732
-248
183
566
983
1312
1493
1651
1769
1753
1667
1499
1212
888
560
198
-240
-689
-1067
-1457
-1825
-2130
-2412
-2619
-2819
-2978
-3049
-3091
-3042
-2958
-2864
-2660
-2383
-2067
-1683
-1184
-609
-67
508
1134
1725
2305
2879
3328
3642
3917
4143
4235
4181
4052
3857
3560
3224
2854
2404
1934
1447
912
404
4
-408
-860
-1237
-1580
-1902
-2145
-2300
-2397
-2460
-2410
-2237
-2037
-1782
-1405
-1004
-598
-127
331
739
1132
1459
1652
1787
1887
1858
1709
1483
1179
825
431
7
-448
-896
-1279
-1659
-2031
-2333
-2579
-2783
-2963
-3085
-3138
-3178
-3145
-3045
-2945
-2776
-2531
-2245
-1881
-1423
-895
-377
162
764
1386
2015
2599
3060
3407
3697
3969
4146
4156
4030
3807
3543
3263
2925
2514
2044
1566
1116
684
286
-102
-493
-857
-1191
-1467
-1679
-1859
-2003
-2104
-2115
-1996
-1785
-1534
-1240
-884
-479
-46
399
836
1224
1524
1730
1858
1912
1896
1762
1487
1143
797
420
-19
-488
-942
-1355
-1720
-2050
-2374
-2658
-2849
-2982
-3096
-3165
-3194
-3196
-3141
-3030
-2879
-2691
-2450
-2154
-1797
-1346
-812
-272
283
896
1549
2165
2694
3126
3468
3772
4024
4134
4057
3858
3615
3348
3050
2700
2276
1807
1370
985
610
237
-117
-454
-769
-1036
-1266
-1495
-1698
-1819
-1864
-1836
-1717
-1521
-1275
-964
-583
-181
214
631
1041
1376
1612
1759
1812
1787
1696
1506
1199
834
459
49
-398
-833
-1254
-1660
-2018
-2327
-2610
-2848
-3011
-3131
-3228
-3274
-3265
-3239
-3177
-3037
-2851
-2639
-2368
-2033
-1649
-1191
-648
-80
496
1115
1740
2291
2775
3217
3588
3859
4035
4080
3975
3797
3594
3331
2999
2643
2257
1836
1435
1064
682
315
-8
-308
-610
-890
-1141
-1373
-1547
-1630
-1659
-1647
-1545
-1351
-1094
-787
-438
-72
312
712
1067
1336
1526
1642
1679
1634
1501
1276
983
641
259
-151
-579
-1010
-1431
-1821
-2173
-2484
-2759
-2988
-3165
-3289
-3365
-3408
-3412
-3369
-3273
-3109
-2885
-2619
-2314
-1963
-1558
-1082
-538
31
603
1182
1759
2297
2790
3240
3608
3865
4013
4051
3984
3848
3652
3380
3046
2695
2319
1913
1501
1095
700
340
22
-292
-600
-871
-1103
-1299
-1433
-1505
-1528
-1492
-1380
-1196
-954
-655
-311
56
436
814
1138
1387
1573
1689
1729
1685
1543
1301
997
645
246
-188
-643
-1108
-1559
-1970
-2344
-2677
-2960
-3199
-3393
-3522
-3593
-3630
-3623
-3557
-3433
-3243
-2972
-2653
-2318
-1942
-1506
-1033
-498
88
660
1212
1775
2319
2817
3277
3669
3935
4083
4148
4123
3990
3786
3522
3172
2789
2414
2006
1570
1156
760
374
34
-265
-567
-852
-1077
-1244
-1378
-1456
-1472
-1457
-1386
-1226
-1002
-746
-425
-63
297
645
967
1223
1400
1525
1583
1545
1413
1196
895
534
136
-289
-743
-1200
-1632
-2042
-2416
-2731
-2999
-3220
-3386
-3504
-3571
-3587
-3557
-3463
-3302
-3085
-2809
-2479
-2116
-1723
-1292
-814
-302
232
781
1309
1812
2310
2791
3213
3571
3850
4016
4085
4085
4001
3811
3545
3231
2873
2490
2119
1726
1304
909
549
196
-133
-427
-713
-966
-1145
-1265
-1361
-1420
-1426
-1387
-1295
-1116
-879
-631
-341
-17
290
568
819
1000
1104
1160
1152
1062
894
655
347
-20
-404
-784
-1174
-1556
-1905
-2243
-2549
-2786
-2969
-3108
-3206
-3259
-3268
-3218
-3097
-2912
-2693
-2432
-2120
-1784
-1416
-1012
-591
-159
287
743
1194
1623
2045
2453
2816
3136
3402
3581
3666
3690
3646
3512
3310
3050
2741
2413
2093
1779
1439
1100
785
474
175
-84
-320
-547
-723
-845
-956
-1041
-1092
-1113
-1095
-1012
-866
-703
-522
-298
-59
166
383
561
663
719
743
706
609
453
226
-70
-397
-721
-1052
-1385
-1696
-1985
-2268
-2506
-2689
-2837
-2934
-2980
-2981
-2934
-2828
-2670
-2477
-2256
-1999
-1707
-1394
-1055
-701
-349
13
388
770
1150
1529
1902
2264
2595
2886
3126
3294
3384
3410
3362
3242
3057
2815
2535
2241
1949
1663
1367
1068
784
514
265
42
-155
-337
-494
-624
-734
-830
-909
-955
-971
-943
-865
-756
-625
-461
-266
-62
126
290
410
473
497
484
419
290
106
-134
-422
-723
-1020
-1322
-1613
-1868
-2100
-2306
-2474
-2594
-2661
-2680
-2641
-2561
-2455
-2305
-2115
-1903
-1673
-1411
-1135
-847
-548
-239
67
383
723
1067
1407
1758
2106
2423
2701
2949
3138
3246
3292
3267
3157
2981
2759
2492
2194
1900
1603
1290
982
695
421
162
-58
-263
-455
-625
-765
-889
-999
-1074
-1136
-1175
-1169
-1112
-1025
-909
-748
-565
-357
-146
49
205
315
384
403
383
307
178
-10
-241
-498
-772
-1047
-1311
-1547
-1754
-1930
-2072
-2179
-2233
-2244
-2203
-2123
-2020
-1886
-1719
-1531
-1338
-1129
-907
-680
-439
-185
69
326
608
905
1203
1518
1844
2139
2394
2622
2806
2920
2969
2960
2872
2716
2527
2298
2038
1772
1509
1228
946
688
443
207
-1
-188
-378
-554
-702
-840
-972
-1078
-1164
-1237
-1274
-1254
-1199
-1109
-970
-802
-613
-408
-199
-18
128
239
300
315
282
208
81
-82
-273
-496
-728
-944
-1136
-1303
-1442
-1560
-1653
-1707
-1725
-1714
-1675
-1614
-1535
-1443
-1330
-1208
-1079
-939
-779
-604
-414
-210
3
234
493
778
1076
1377
1667
1928
2160
2357
2506
2593
2621
2591
2506
2378
2211
2016
1798
1576
1347
1111
874
643
420
207
3
-199
-398
-586
-762
-927
-1079
-1204
-1302
-1358
-1361
-1311
-1214
-1074
-898
-697
-477
-249
-32
159
311
413
463
464
425
344
224
67
-123
-329
-528
-704
-863
-1007
-1143
-1270
-1372
-1443
-1493
-1524
-1543
-1548
-1535
-1504
-1447
-1367
-1264
-1136
-981
-806
-610
-397
-165
99
395
710
1020
1325
1615
1883
2121
2315
2450
2523
2547
2517
2437
2312
2146
1956
1748
1529
1296
1052
799
550
303
62
-179
-418
-645
-860
-1051
-1217
-1354
-1449
-1489
-1473
-1399
-1272
-1101
-894
-657
-401
-141
114
345
533
669
746
770
752
693
589
442
254
45
-164
-362
-549
-735
-925
-1108
-1271
-1408
-1520
-1613
-1690
-1755
-1796
-1803
-1774
-1710
-1614
-1485
-1327
-1140
-929
-698
-444
-162
143
466
791
1110
1417
1699
1947
2151
2302
2399
2443
2434
2374
2267
2123
1954
1768
1564
1341
1105
862
619
376
134
-104
-340
-560
-754
-925
-1069
-1176
-1244
-1265
-1233
-1152
-1025
-855
-654
-430
-189
57
293
505
673
793
861
878
851
785
675
523
336
126
-89
-308
-524
-740
-956
-1162
-1347
-1503
-1634
-1737
-1820
-1886
-1924
-1930
-1898
-1829
-1728
-1596
-1437
-1252
-1041
-810
-556
-288
-8
291
596
895
1183
1445
1674
1869
2027
2144
2211
2231
2206
2141
2045
1919
1769
1596
1408
1206
992
773
552
331
108
-104
-299
-472
-622
-747
-844
-910
-935
-918
-865
-776
-652
-500
-324
-132
65
254
426
570
679
751
778
766
714
623
498
341
160
-42
-256
-476
-698
-915
-1124
-1317
-1485
-1628
-1742
-1829
-1894
-1932
-1943
-1923
-1863
-1776
-1658
-1518
-1354
-1162
-951
-724
-485
-237
18
284
553
815
1063
1286
1493
1675
1826
1946
2024
2064
2068
2038
1976
1881
1757
1610
1442
1263
1074
874
674
469
270
80
-94
-249
-387
-504
-597
-664
-699
-700
-671
-612
-527
-418
-290
-141
14
164
304
424
523
594
629
629
586
510
405
271
112
-74
-279
-491
-701
-904
-1098
-1283
-1450
-1593
-1704
-1789
-1852
-1893
-1909
-1891
-1841
-1764
-1660
-1537
-1392
-1220
-1029
-816
-595
-368
-134
109
359
608
847
1071
1280
1468
1637
1778
1885
1956
1987
1991
1962
1901
1811
1693
1558
1406
1240
1070
891
709
527
350
185
32
-108
-229
-334
-417
-474
-506
-504
-476
-424
-349
-256
-146
-26
96
213
310
391
446
471
467
429
357
258
130
-23
-198
-388
-587
-788
-979
-1158
-1327
-1476
-1602
-1705
-1785
-1842
-1878
-1888
-1867
-1819
-1741
-1635
-1510
-1359
-1190
-1002
-800
-588
-365
-140
93
327
561
784
997
1192
1374
1539
1680
1794
1877
1928
1947
1938
1899
1833
1742
1633
1505
1363
1210
1049
879
706
534
364
205
56
-81
-201
-305
-387
-443
-469
-466
-437
-384
-312
-226
-126
-21
83
177
254
310
334
335
308
252
172
65
-67
-221
-393
-579
-774
-968
-1149
-1318
-1468
-1592
-1693
-1771
-1826
-1865
-1881
-1876
-1845
-1786
-1699
-1581
-1438
-1272
-1085
-890
-680
-466
-242
-11
224
465
700
929
1141
1340
1520
1679
1815
1924
2003
2049
2062
2043
1993
1916
1819
1702
1566
1415
1252
1075
890
700
508
323
147
-16
-162
-291
-401
-486
-546
-574
-572
-540
-482
-405
-309
-201
-87
27
132
219
285
324
331
310
263
191
95
-26
-170
-336
-516
-712
-909
-1102
-1284
-1444
-1581
-1689
-1768
-1821
-1857
-1870
-1866
-1841
-1791
-1712
-1606
-1471
-1308
-1125
-926
-719
-505
-286
-63
165
398
635
863
1083
1286
1471
1636
1779
1894
1982
2037
2061
2048
2001
1929
1833
1716
1583
1435
1269
1093
907
713
516
326
147
-16
-161
-288
-394
-480
-540
-575
-579
-556
-504
-432
-342
-237
-127
-17
86
175
246
290
304
291
248
182
95
-12
-139
-285
-448
-619
-797
-972
-1135
-1285
-1413
-1515
-1590
-1638
-1663
-1667
-1651
-1621
-1572
-1504
-1414
-1304
-1176
-1031
-873
-702
-527
-347
-162
29
226
431
640
845
1038
1218
1379
1516
1632
1718
1775
1805
1803
1773
1717
1643
1548
1439
1317
1182
1033
879
716
549
388
233
94
-32
-137
-224
-297
-350
-382
-394
-383
-350
-298
-232
-156
-75
5
79
138
181
203
205
177
127
55
-34
-139
-257
-383
-516
-654
-790
-920
-1042
-1149
-1240
-1312
-1366
-1400
-1415
-1412
-1391
-1355
-1306
-1244
-1170
-1083
-983
-873
-755
-634
-506
-373
-237
-93
63
229
402
581
759
933
1092
1236
1357
1452
1522
1567
1583
1573
1541
1488
1421
1344
1258
1164
1059
946
822
691
554
421
292
177
73
-17
-89
-149
-193
-223
-238
-236
-214
-180
-136
-80
-26
23
63
87
97
85
56
6
-64
-149
-249
-356
-468
-582
-697
-807
-909
-1003
-1085
-1153
-1210
-1251
-1282
-1297
-1300
-1292
-1270
-1239
-1189
-1132
-1062
-984
-897
-799
-693
-578
-462
-341
-213
-77
70
227
392
558
723
883
1030
1164
1283
1378
1453
1507
1537
1547
1533
1499
1446
1381
1303
1219
1130
1034
931
817
692
559
426
292
171
59
-35
-115
-177
-223
-258
-274
-275
-259
-231
-192
-147
-103
-65
-36
-24
-26
-48
-85
-139
-206
-284
-372
-463
-558
-654
-746
-836
-916
-987
-1051
-1108
-1154
-1191
-1223
-1245
-1260
-1266
-1261
-1244
-1208
-1164
-1104
-1030
-948
-852
-744
-621
-487
-336
-175
4
195
395
599
798
985
1154
1304
1432
1538
1621
1686
1723
1743
1738
1706
1652
1569
1472
1357
1230
1096
957
813
660
506
347
191
44
-90
-206
-300
-366
-410
-429
-429
-407
-372
-322
-261
-195
-130
-72
-20
15
31
30
6
-33
-90
-163
-246
-341
-441
-542
-646
-745
-842
-933
-1018
-1095
-1167
-1231
-1289
-1337
-1375
-1403
-1417
-1414
-1387
-1340
-1273
-1184
-1079
-959
-827
-683
-531
-369
-200
-22
165
357
550
739
919
1083
1226
1351
1454
1538
1601
1645
1670
1681
1676
1647
1602
1540
1465
1376
1276
1165
1045
917
784
650
516
387
264
153
56
-27
-91
-139
-171
-187
-191
-187
-177
-165
-152
-144
-138
-142
-159
-189
-232
-288
-358
-440
-530
-625
-727
-832
-931
-1028
-1120
-1205
-1282
-1352
-1412
-1464
-1500
-1521
-1529
-1520
-1493
-1447
-1383
-1303
-1203
-1090
-962
-818
-658
-484
-298
-99
104
314
524
728
925
1109
1273
1416
1534
1629
1698
1746
1766
1761
1732
1682
1610
1516
1409
1285
1151
1015
872
732
591
454
326
207
100
6
-68
-123
-157
-168
-163
-140
-106
-62
-15
33
78
119
147
162
160
142
106
52
-21
-112
-216
-334
-462
-594
-727
-858
-983
-1102
-1211
-1313
-1402
-1482
-1550
-1603
-1641
-1662
-1666
-1648
-1608
-1544
-1458
-1352
-1225
-1083
-928
-761
-586
-407
-225
-40
143
327
509
684
850
1007
1151
1279
1390
1482
1556
1607
1641
1657
1657
1638
1605
1558
1498
1427
1349
1264
1168
1068
963
858
753
653
556
468
385
308
243
182
131
90
53
23
-6
-35
-64
-97
-135
-180
-231
-289
-358
-436
-521
-612
-708
-807
-908
-1009
-1104
-1196
-1282
-1361
-1431
-1490
-1541
-1582
-1607
-1619
-1616
-1592
-1552
-1493
-1416
-1320
-1206
-1079
-939
-787
-627
-454
-271
-80
115
312
504
692
871
1036
1186
1317
1426
1516
1583
1629
1654
1659
1643
1605
1551
1484
1399
1305
1201
1088
970
853
736
620
513
412
321
240
177
129
94
79
78
92
117
147
182
214
239
257
263
252
226
178
112
29
-69
-181
-306
-439
-583
-728
-873
-1014
-1146
-1266
-1376
-1472
-1555
-1627
-1681
-1719
-1738
-1739
-1723
-1685
-1628
-1553
-1459
-1348
-1220
-1080
-928
-763
-592
-416
-238
-63
111
281
444
601
749
888
1013
1121
1215
1294
1359
1409
1444
1466
1475
1473
1456
1431
1394
1350
1300
1244
1184
1124
1062
998
935
872
808
747
684
621
560
493
425
354
283
208
129
49
-34
-120
-207
-297
-388
-482
-576
-668
-761
-848
-935
-1017
-1091
-1158
-1218
-1270
-1310
-1340
-1359
-1369
-1370
-1362
-1343
-1317
-1281
-1239
-1188
-1132
-1068
-997
-924
-843
-757
-663
-564
-459
-347
-233
-113
9
132
258
385
512
638
764
886
1000
1106
1204
1290
1366
1427
1476
1512
1533
1540
1534
1512
1477
1432
1372
1304
1227
1143
1052
955
852
745
637
529
422
317
214
116
26
-61
-142
-216
-284
-349
-407
-462
-516
-567
-618
-666
-717
-767
-817
-869
-922
-970
-1017
-1056
-1093
-1127
-1153
-1175
-1189
-1196
-1193
-1182
-1162
-1138
-1105
-1067
-1023
-970
-914
-849
-776
-695
-610
-517
-421
-317
-207
-93
24
145
266
387
506
618
727
831
930
1020
1102
1176
1235
1283
1324
1350
1363
1367
1361
1347
1319
1284
1240
1188
1126
1058
984
904
821
735
647
556
464
374
285
194
106
19
-67
-151
-235
-318
-399
-478
-556
-629
-700
-766
-829
-890
-945
-998
-1044
-1084
-1120
-1150
-1171
-1183
-1192
-1192
-1185
-1170
-1147
-1113
-1073
-1025
-972
-912
-847
-776
-701
-620
-535
-448
-358
-264
-169
-74
25
126
225
323
418
511
601
685
763
836
905
969
1030
1082
1128
1165
1191
1209
1220
1223
1214
1199
1178
1149
1112
1072
1022
966
906
838
767
692
615
535
450
367
280
192
105
17
-70
-159
-245
-330
-414
-498
-575
-652
-725
-792
-855
-915
-971
-1021
-1065
-1103
-1139
-1164
-1181
-1194
-1195
-1189
-1175
-1154
-1125
-1087
-1043
-992
-934
-872
-807
-734
-658
-579
-495
-410
-320
-227
-131
-32
70
171
273
373
471
564
652
734
811
883
947
1006
1060
1108
1151
1187
1212
1227
1234
1232
1223
1203
1177
1143
1100
1056
1002
943
878
810
735
657
574
491
405
316
225
136
46
-45
-136
-224
-311
-396
-479
-559
-634
-707
-776
-841
-901
-955
-1004
-1048
-1085
-1118
-1146
-1165
-1179
-1185
-1184
-1174
-1157
-1132
-1098
-1060
-1011
-954
-895
-830
-759
-688
-610
-529
-445
-360
-273
-183
-92
0
93
185
277
367
454
535
614
685
754
816
870
922
965
1004
1038
1064
1084
1099
1105
1105
1096
1078
1056
1026
991
951
904
854
798
739
678
612
546
475
404
332
258
188
115
41
-31
-103
-172
-241
-306
-370
-428
-486
-540
-590
-635
-678
-717
-749
-779
-802
-825
-840
-852
-860
-860
-857
-849
-833
-814
-790
-761
-728
-689
-651
-609
-565
-515
-467
-415
-362
-307
-253
-200
-146
-91
-34
22
78
133
188
237
285
332
373
416
453
488
521
550
576
598
615
633
643
651
656
656
655
649
636
621
602
581
557
530
501
469
435
398
361
323
284
242
202
159
117
74
30
-13
-57
-101
-143
-185
-226
-265
-302
-335
-368
-397
-423
-450
-472
-494
-513
-530
-543
-553
-562
-568
-571
-570
-568
-562
-553
-541
-524
-508
-487
-463
-437
-409
-377
-346
-313
-278
-242
-202
-163
-123
-81
-37
5
47
88
131
175
214
253
291
330
368
401
434
466
495
521
546
564
583
597
610
619
623
622
620
615
603
592
575
553
530
504
476
444
411
375
335
294
251
207
162
117
69
21
-27
-75
-120
-166
-211
-257
-302
-345
-385
-423
-460
-494
-527
-557
-582
-604
-622
-636
-647
-655
-655
-652
-647
-637
-624
-609
-590
-570
-542
-512
-479
-441
-402
-361
-316
-273
-228
-184
-135
-86
-37
16
68
121
170
221
271
316
361
406
447
483
520
555
583
607
633
652
666
678
686
688
686
683
672
656
636
615
589
556
523
489
449
407
364
319
271
223
175
124
73
20
-30
-83
-137
-189
-242
-294
-346
-389
-435
-479
-520
-555
-589
-621
-649
-675
-696
-715
-727
-735
-738
-743
-740
-735
-726
-710
-692
-668
-640
-612
-577
-538
-499
-457
-410
-359
-314
-259
-199
-141
-85
-26
38
91
144
202
261
309
359
417
464
508
555
605
639
669
705
733
749
766
785
792
791
795
794
782
765
753
730
697
667
637
594
549
507
462
409
356
306
250
193
137
85
26
-32
-83
-138
-191
-241
-289
-335
-383
-428
-469
-508
-545
-579
-609
-636
-660
-679
-690
-700
-707
-712
-707
-705
-700
-687
-670
-656
-634
-605
-576
-550
-517
-475
-440
-402
-357
-308
-266
-222
-167
-117
-74
-24
30
78
124
179
230
268
309
357
391
421
457
493
517
541
571
595
608
624
643
649
651
657
657
648
635
629
612
586
565
542
508
470
438
402
354
312
271
223
171
126
80
27
-22
-65
-115
-168
-212
-253
-300
-341
-377
-413
-453
-484
-509
-540
-567
-584
-596
-616
-626
-629
-635
-636
-631
-620
-613
-602
-579
-557
-536
-508
-474
-441
-409
-368
-328
-289
-245
-198
-154
-111
-61
-10
35
79
129
176
218
263
310
348
387
427
463
493
521
549
568
583
600
615
621
622
625
623
613
603
592
574
551
530
508
475
443
412
378
338
298
259
212
166
122
76
25
-21
-65
-109
-156
-198
-237
-278
-319
-354
-388
-419
-449
-477
-500
-520
-538
-555
-567
-575
-581
-585
-586
-580
-572
-561
-545
-529
-510
-486
-461
-433
-403
-370
-337
-302
-261
-222
-180
-138
-94
-50
-9
34
78
117
156
198
238
271
306
340
369
395
418
444
463
479
495
507
517
522
526
526
520
513
504
490
474
455
437
412
383
357
329
295
259
228
191
152
114
78
40
1
-32
-71
-107
-141
-172
-204
-236
-267
-293
-320
-345
-366
-383
-402
-415
-425
-433
-440
-442
-442
-441
-434
-427
-416
-407
-392
-375
-356
-335
-311
-286
-260
-231
-202
-171
-139
-105
-74
-43
-12
21
53
82
112
141
168
195
221
244
266
286
304
322
335
349
360
368
372
377
380
380
378
374
368
360
351
338
326
312
295
278
259
238
216
194
169
144
116
90
62
35
7
-20
-48
-76
-105
-132
-159
-185
-209
-232
-254
-275
-293
-310
-326
-336
-349
-358
-367
-373
-376
-379
-380
-379
-376
-369
-362
-353
-342
-330
-316
-300
-280
-262
-240
-218
-195
-172
-147
-121
-94
-67
-41
-15
12
39
63
90
116
139
164
187
208
229
249
266
282
296
308
318
328
336
340
345
345
345
346
343
340
333
325
316
306
292
277
262
244
227
208
188
168
149
128
111
90
69
48
26
5
-17
-37
-56
-77
-95
-112
-130
-146
-163
-179
-190
-203
-214
-224
-233
-240
-246
-250
-252
-253
-253
-252
-249
-243
-238
-232
-225
-217
-208
-197
-185
-175
-163
-149
-135
-121
-107
-91
-76
-61
-47
-31
-15
1
14
27
41
54
65
77
87
96
104
113
121
125
131
136
138
141
142
144
143
143
140
139
136
133
128
122
117
109
103
95
87
78
69
61
53
43
34
23
15
6
-4
-9
-19
-26
-33
-40
-45
-50
-58
-62
-65
-68
-71
-72
-73
-75
-75
-72
-71
-69
-69
-66
-62
-60
-56
-51
-49
-44
-38
-35
-29
-26
-20
-16
-12
-7
-3
2
4
7
11
15
16
18
22
20
23
23
24
24
24
25
25
24
23
22
22
20
18
19
18
15
14
14
15
15
16
18
14
16
14
12
11
12
11
8
7
4
5
2
1
-1
0
-1
-1
-2
-3
-4
-4
-5
-6
-4
-5
-5
-6
-7
-7
-9
-9
-9
-8
-10
-11
-10
-8
-9
-9
-8
-9
-7
-7
-5
-5
-4
-5
-4
-3
-1
-1
-2
0
2
2
2
3
3
5
5
4
4
4
5
3
4
4
5
5
5
4
5
6
6
5
5
8
6
6
7
6
7
7
6
6
5
7
8
6
5
5
5
4
3
4
2
1
-1
-1
-2
-1
-3
-3
-5
-6
-5
-6
-7
-8
-9
-9
-11
-11
-10
-12
-11
-10
-12
-12
-11
-11
-11
-10
-10
-11
-9
-9
-8
-7
-8
-7
-6
-5
-5
-5
-3
-2
0
0
0
0
2
1
1
3
2
5
4
5
6
5
7
7
7
7
8
7
8
8
7
8
7
9
10
9
9
8
10
10
10
10
10
8
6
8
7
5
6
4
3
2
3
2
2
2
3
2
1
0
0
0
-1
-1
-3
-2
-3
-3
-3
-3
-4
-4
-4
-2
0
-1
-2
-2
-1
0
0
-2
-1
-3
-3
-3
-3
-3
-2
-1
-2
-2
0
0
0
0
1
0
1
0
0
0
-1
1
2
2
4
3
3
4
3
3
3
2
4
5
3
2
2
2
0
1
1
1
0
0
1
0
-1
-2
-3
-3
-2
-3
-2
-4
-4
-5
-6
-6
-6
-6
-6
-5
-7
-7
-5
-6
-7
-6
-7
-7
-6
-8
-7
-8
-7
-6
-6
-6
-4
-5
-6
-5
-6
-6
-5
-3
-4
-3
-1
-1
0
-2
-2
0
0
1
1
0
2
2
2
2
4
5
5
6
5
4
5
6
6
6
5
4
7
6
5
6
6
7
6
6
5
5
5
5
6
6
6
4
5
4
3
4
2
2
1
1
0
-1
-1
0
-1
0
1
1
2
2
2
3
2
3
2
1
-1
-1
0
-2
-3
-2
-2
-2
-2
-2
-2
-2
-2
-2
-4
-3
-2
-2
-1
-2
-1
1
1
1
2
0
1
-1
-2
0
-1
1
-1
0
-1
0
0
1
0
3
3
2
2
1
3
3
2
0
2
2
-1
0
0
1
0
-2
0
1
1
0
-2
-1
0
-2
-2
-3
-5
-3
-3
-4
-5
-5
-4
-5
-5
-3
-4
-3
-5
-6
-5
-4
-5
-5
-4
-4
-5
-5
-3
-3
-3
-2
-1
-1
-2
-1
-1
-2
-1
-2
-1
-1
-1
0
1
1
1
2
3
3
3
2
3
2
2
3
4
5
5
5
5
5
5
4
4
5
5
5
6
4
4
5
3
2
3
2
1
1
2
1
-1
-2
-1
0
-2
1
-1
-2
-2
-2
-3
-3
-2
-2
-1
-1
-1
-1
-3
-1
-3
-2
-1
-2
-1
-2
0
-1
-2
-2
-3
-1
-2
-2
-1
-1
0
0
1
2
3
4
3
4
3
5
4
3
3
2
3
4
4
3
3
4
3
3
3
4
4
4
3
3
3
3
4
5
4
3
4
2
3
3
1
1
1
1
1
2
2
2
2
2
1
0
0
1
-1
0
-3
-3
-4
-3
-4
-5
-5
-3
-3
-4
-3
-5
-3
-6
-6
-7
-7
-7
-9
-8
-9
-9
-9
-8
-7
-6
-5
-6
-7
-6
-6
-7
-5
-6
-5
-5
-4
-5
-4
-4
-3
0
-2
-2
-3
-2
-2
-1
-1
-1
0
1
-1
-1
-2
-2
-5
-5
-5
-4
-4
-3
-4
-3
-3
-2
-1
-1
-2
0
1
-1
0
-1
-1
-1
-1
-1
0
2
2
1
2
0
1
2
2
2
2
3
4
5
5
5
3
4
3
3
5
5
7
8
8
7
8
8
7
7
5
8
8
8
8
8
9
10
9
8
9
8
9
11
9
9
8
10
9
8
8
5
6
7
6
7
6
6
7
7
7
6
5
6
7
4
5
5
4
3
2
2
2
0
0
0
0
-1
1
1
0
0
0
-2
-2
-1
-2
-3
-3
-4
-4
-6
-7
-6
-7
-6
-7
-9
-9
-10
-9
-11
-9
-9
-9
-10
-10
-10
-9
-8
-8
-9
-9
-8
-9
-8
-9
-9
-11
-10
-9
-10
-9
-9
-8
-8
-8
-8
-8
-7
-6
-7
-7
-6
-6
-6
-6
-4
-3
-3
-4
-4
-3
-3
-1
-3
-2
-1
-1
-1
-1
-2
-3
-3
-3
-1
0
0
0
-2
-1
-2
1
0
1
2
3
3
2
3
3
4
3
4
5
6
5
4
6
4
5
4
4
5
4
4
5
7
7
6
6
5
5
5
7
7
7
7
5
7
7
4
5
4
5
7
7
7
7
8
8
8
9
8
7
8
8
8
5
6
7
6
5
4
4
3
3
3
4
3
2
2
1
1
2
2
2
1
2
1
1
1
0
0
1
1
-1
-1
-2
-1
-2
-2
-1
-1
-1
1
0
-2
-1
-2
-2
-2
-3
-5
-6
-4
-5
-6
-4
-3
-4
-3
-3
-3
-3
-3
-5
-4
-5
-5
-7
-6
-7
-5
-4
-5
-5
-4
-4
-3
-3
-4
-3
-3
-4
-5
-3
-3
-2
-3
-2
-2
-3
-2
0
0
0
1
1
2
2
1
1
1
0
0
0
-1
-2
-2
-2
-3
-3
-1
1
0
1
1
0
1
2
0
0
2
0
1
2
2
3
1
2
1
2
1
0
0
-2
-1
0
2
1
1
1
3
0
2
3
0
0
2
3
2
1
1
1
1
1
1
0
1
2
1
2
1
2
2
0
1
-1
-1
1
0
-1
-2
-1
-2
-1
-2
-2
-1
-1
-1
-1
-1
-1
-1
-2
-2
0
-1
-2
-1
-2
-2
-2
-3
-3
-3
-3
-3
-2
-2
-2
-2
-1
-2
-2
-1
-2
-1
-2
-1
-2
-2
-1
-1
-2
-1
-1
-2
-1
-1
-1
-2
-1
-1
0
0
0
1
0
1
1
1
3
3
4
6
4
4
3
3
3
2
1
2
1
3
2
3
4
3
4
5
4
5
4
4
6
4
5
6
4
4
7
5
4
5
3
5
4
4
4
4
3
3
2
2
3
1
2
1
1
0
0
-2
0
0
-1
0
0
0
0
0
-1
-2
-2
-4
-2
-4
-4
-5
-4
-5
-5
-4
-3
-3
-3
-4
-3
-4
-5
-6
-6
-6
-6
-6
-8
-7
-8
-6
-6
-6
-6
-6
-5
-6
-5
-4
-5
-5
-4
-5
-4
-4
-3
-3
-2
-2
-2
-2
-1
-4
-4
-4
-4
-5
-5
-3
-1
-1
0
0
2
2
2
4
4
5
5
6
4
4
3
2
3
1
2
3
3
3
4
5
6
7
8
7
7
6
7
6
7
7
8
6
7
7
7
8
5
7
5
5
4
4
5
4
4
3
3
4
3
5
3
3
1
1
1
0
0
0
0
0
2
2
2
4
3
1
2
0
1
0
-2
-2
-1
-2
-2
-3
-1
-3
-2
-3
-3
-4
-6
-6
-5
-6
-7
-7
-7
-8
-7
-7
-7
-6
-7
-6
-6
-7
-6
-6
-6
-7
-4
-5
-5
-4
-4
-4
-3
-4
-3
-5
-4
-6
-4
-5
-3
-2
-2
-1
-2
0
-1
-1
0
2
1
1
1
1
1
0
2
0
2
1
2
1
2
2
3
4
3
4
3
4
4
4
4
4
4
3
4
4
4
6
5
4
5
5
4
3
4
2
3
2
2
3
2
3
3
2
4
4
3
3
1
1
3
1
1
1
1
2
2
2
1
1
0
0
-1
0
0
-2
-1
-1
-1
0
-2
-1
0
-2
-2
-1
-3
-2
-3
-3
-2
-2
-2
-2
-3
-4
-4
-3
-2
-3
-2
-3
-3
-4
-1
-2
-1
-2
-2
-1
-1
-2
-1
0
0
0
-1
-1
0
1
0
-1
-1
-2
-1
-2
-1
-1
0
-1
0
0
0
-1
0
-1
-1
-2
-2
0
0
-1
-1
0
0
2
1
2
2
1
2
3
2
1
2
4
2
3
3
2
2
2
3
1
1
1
0
-1
-2
-1
-1
-2
0
-3
-1
-1
-1
-1
2
3
2
1
1
1
0
0
-2
-1
0
-1
0
-1
-1
-1
0
1
1
0
1
-1
1
0
-1
1
0
0
0
0
1
-2
-2
-2
-2
-3
-2
-2
-1
0
0
0
0
2
2
2
2
3
3
2
0
0
0
-1
0
-1
0
0
0
2
0
-1
-2
-1
-1
-1
0
-1
1
-1
-1
0
-1
-1
-1
-1
-1
1
0
1
1
2
1
1
3
0
2
1
0
1
-1
-2
-1
-1
0
0
-1
-1
0
0
3
4
5
6
4
5
3
1
-2
