SAMPLES:	17808
BITSPERSAMPLE:	16
CHANNELS:	1
SAMPLERATE:	16000
NORMALIZED:	FALSE
1
2
2
2
3
2
1
2
0
1
1
1
2
1
1
1
1
0
0
1
-1
-1
0
-1
0
-1
0
1
1
1
0
0
-1
0
-1
1
0
-1
0
-1
0
-1
-2
-3
-2
-2
-2
-1
-2
0
-2
-1
0
-1
0
0
-1
0
-1
0
-3
-1
0
-1
0
1
-1
-1
0
-1
-1
0
-1
-1
-1
-1
0
0
0
1
0
0
0
-1
-1
-1
0
-1
0
-1
0
-1
0
-2
0
-2
-1
0
-1
0
0
1
0
-1
0
1
1
1
1
1
0
0
2
1
0
1
2
1
1
1
1
1
1
2
1
0
1
0
0
1
0
0
1
1
4
2
1
1
0
1
1
0
1
1
2
1
2
2
1
0
1
0
-1
2
-1
0
0
1
0
-1
2
1
-1
-1
-1
1
1
0
2
1
1
2
1
0
0
0
-1
0
-2
-2
0
-1
-1
-1
-1
-1
-1
-1
1
0
0
-2
-1
-1
-2
-1
-2
-1
-1
-1
-1
-1
-1
0
-1
-1
-2
0
-1
0
-1
-2
-1
0
-1
0
-1
-1
-1
-1
-2
-1
0
0
-1
-2
-1
0
-1
-1
0
0
0
0
0
-1
0
0
1
0
1
1
0
1
0
1
0
2
0
1
1
-1
1
0
0
-1
0
1
1
1
0
1
2
1
0
1
0
0
1
0
1
0
1
0
0
0
1
1
1
2
2
1
1
0
1
1
1
0
0
1
2
0
0
1
-1
0
0
0
-1
0
-2
-2
-2
-2
-1
0
-1
-1
0
-2
-2
0
0
-1
-2
-1
0
-1
-1
-2
-3
-2
-2
-1
0
0
0
0
0
-1
0
0
1
0
-1
-2
-1
-1
0
0
0
0
1
1
1
2
0
0
1
1
2
1
0
1
0
0
2
1
0
0
0
1
1
2
3
0
1
1
0
0
0
0
0
1
1
1
-1
0
0
0
0
-1
0
0
0
0
-1
-1
0
0
0
0
-1
-1
1
0
0
-1
-2
0
0
0
0
0
1
-1
-2
-2
0
-1
-1
-2
-2
-1
-1
0
0
-1
-1
-1
-2
-3
-2
-1
-2
0
1
0
1
0
0
-1
0
0
0
1
0
0
0
1
2
1
1
2
1
1
1
2
1
1
1
1
1
-1
-1
0
0
-1
1
1
1
2
0
2
1
1
0
1
0
0
3
0
0
1
2
1
0
1
0
1
-1
0
1
0
0
0
1
1
0
0
0
0
0
-1
1
1
1
2
1
2
1
0
0
0
1
0
-1
0
0
-1
0
-2
-1
-1
-1
-1
-1
0
1
0
-1
-1
-2
0
0
0
0
0
-1
0
-1
-1
1
-1
-1
-1
-1
-1
-1
-2
0
-1
0
-1
-1
-1
-1
-1
-1
0
-1
0
0
-1
-1
-1
-2
0
-2
-2
0
0
-1
0
-1
-2
-1
-1
0
-2
0
2
1
0
1
0
-1
0
1
0
0
0
0
1
1
0
1
1
2
1
1
2
1
2
1
1
1
0
0
0
1
1
1
1
1
1
2
1
0
0
1
0
0
1
0
2
0
1
2
2
0
1
1
0
1
-1
0
1
2
1
1
1
2
1
2
0
0
-1
0
-1
0
0
-1
-1
0
2
2
1
0
-1
0
0
0
0
-1
0
-1
-2
-1
1
0
-1
-2
-2
-1
-1
-2
-1
-1
0
1
-1
-2
-1
0
-1
-1
-1
0
-1
-1
0
-1
0
0
-1
-1
-2
-1
-2
-1
-2
-2
-2
-1
-1
0
-1
-1
-2
-1
1
1
0
-1
-1
1
1
0
1
1
0
-2
0
-1
-1
-1
1
0
1
1
-1
1
0
0
0
0
1
0
0
0
0
-1
-1
0
1
0
2
1
1
1
1
1
1
0
0
0
0
1
1
0
0
0
0
1
2
1
2
1
0
0
1
1
1
2
1
0
0
1
2
1
1
1
0
1
1
1
0
0
0
-1
0
0
0
0
1
-1
1
2
1
0
0
1
1
1
-1
0
0
1
0
0
0
0
1
1
0
1
1
1
2
0
0
1
0
0
1
0
1
-1
0
-1
-1
-1
-3
-1
-1
0
1
0
-1
-1
0
-1
-2
-1
0
-2
-1
-2
0
0
0
0
-1
-1
-1
-1
0
-1
0
-1
0
1
1
0
-1
0
-2
-1
-2
-1
0
-1
0
-1
0
-1
-2
0
1
1
1
1
2
2
1
0
-1
0
0
1
1
0
0
-1
0
0
0
0
-1
-1
0
0
0
0
1
1
1
0
1
2
1
0
2
1
0
1
0
2
1
1
0
0
0
0
2
1
1
2
1
1
1
-1
-1
0
1
0
0
2
0
0
0
1
0
-1
0
1
0
1
0
0
0
0
-1
0
0
0
0
0
1
0
-1
1
0
0
0
0
0
0
0
-1
-1
-1
1
-1
-1
0
0
1
0
0
0
0
-1
0
-1
-1
-1
-1
0
0
0
-1
0
0
0
1
0
0
1
-1
0
-1
-1
-2
-1
1
1
0
0
-1
-1
0
-1
0
0
0
0
1
1
1
0
0
-1
1
1
-1
-1
-2
0
1
-1
-1
0
0
0
-1
-1
-1
0
0
1
1
1
1
0
0
0
-1
0
0
0
-2
-1
-1
1
1
1
1
2
2
1
0
0
0
0
-2
0
-1
-1
0
0
0
1
0
0
0
0
0
0
1
-1
-1
-1
-2
-2
0
-1
-2
-1
0
0
0
1
0
0
-1
-1
0
0
0
0
1
1
1
1
0
2
0
0
1
1
1
0
1
0
2
2
2
0
-1
0
0
-1
0
-1
-1
0
1
1
0
0
0
-1
-1
-1
-1
0
-1
1
1
-1
1
2
1
0
1
0
1
1
2
1
0
-1
0
-1
0
1
-1
-1
-1
1
0
0
0
1
1
1
0
1
0
0
0
0
1
-1
-1
0
0
0
-1
0
0
0
-1
0
-1
0
-1
1
0
0
1
0
1
0
0
-1
0
-1
0
-1
0
-1
-2
0
0
0
1
-1
-1
0
0
1
1
2
1
0
-2
-1
-1
-1
0
0
-1
0
0
0
0
0
1
0
-1
1
1
0
0
0
-1
-2
0
0
0
0
-1
0
-1
1
-1
-1
0
-1
-1
2
1
1
1
1
-1
0
0
0
0
-1
-1
0
0
-2
0
-1
0
0
0
1
1
1
-1
0
-1
-1
0
-2
0
0
0
1
1
0
0
0
0
0
-1
0
0
-1
1
0
0
0
-1
0
0
1
0
1
0
0
1
1
-1
1
0
0
1
0
1
0
0
-1
0
1
0
0
0
1
1
1
1
1
1
2
2
0
-1
1
0
0
1
1
0
1
1
0
-2
0
0
0
0
1
1
-1
0
0
1
1
-1
0
0
0
0
1
0
-1
-1
1
-1
0
0
-1
-2
0
-1
-1
1
0
1
-1
-1
-1
-1
0
0
0
0
1
0
1
0
0
0
-1
0
0
0
0
-1
-1
-1
0
-1
0
-1
-1
-2
0
1
1
1
0
0
0
-1
-1
0
-1
0
0
1
1
1
1
1
0
0
0
-2
-1
-1
0
1
0
1
0
0
-1
1
0
0
1
0
0
1
1
1
0
0
0
0
1
0
1
1
1
-1
1
0
1
1
2
1
0
-1
0
0
0
0
-1
0
-1
0
1
0
0
0
0
0
0
1
1
-1
0
0
0
0
0
0
1
0
-1
1
-1
0
0
-1
-1
1
-1
-1
0
0
1
2
0
-1
-1
1
-1
-1
0
0
-1
-1
1
-1
1
0
0
1
1
0
1
0
-1
-1
0
0
0
0
0
0
0
-2
-1
-1
-1
-2
-1
-1
1
0
2
1
1
0
-1
2
0
-1
-1
0
1
-1
-1
-1
0
-1
1
0
0
0
1
1
1
1
0
-1
0
1
-1
-2
0
0
0
0
0
1
1
1
-1
0
0
-1
-1
0
0
-1
0
0
-1
-1
0
1
2
2
1
0
-1
-1
0
0
0
-1
-1
0
0
1
-1
0
0
-1
-1
0
1
0
0
-1
0
0
0
0
-2
0
1
1
1
0
0
0
0
1
0
1
-1
0
0
0
0
1
0
-2
1
1
1
0
-1
0
0
1
0
-2
0
-1
1
0
0
2
1
1
0
-1
-1
0
-1
0
1
1
1
2
0
0
0
0
0
0
1
1
0
0
1
-1
0
0
0
0
-1
-1
-1
-1
1
0
0
-1
-1
-1
-2
0
-2
0
0
0
0
0
-1
-2
0
0
1
0
0
0
1
0
0
0
1
0
1
1
1
0
0
1
0
1
0
0
1
2
2
0
1
1
0
1
0
0
0
0
1
-1
0
-1
-1
0
0
0
-1
-1
-1
-1
-1
-1
-1
-2
-1
0
0
0
0
1
0
1
0
0
-1
-2
-1
0
0
0
1
0
0
0
0
0
-1
-2
-1
-1
-1
-1
0
0
0
0
0
0
-1
-1
-2
1
0
-1
-1
0
0
0
0
0
0
0
2
0
1
2
1
2
0
2
1
0
0
0
0
1
1
1
0
0
0
2
1
0
1
0
-1
-1
0
-1
-2
-2
-2
-1
-1
0
0
-1
1
1
1
2
2
1
2
2
2
2
2
0
1
1
2
2
-1
-2
-2
0
1
1
0
-1
0
0
0
0
-1
-1
-1
-1
0
0
-1
-1
-1
0
0
1
0
1
1
1
2
3
1
-1
0
0
1
0
0
1
1
0
0
1
-1
-1
-2
-2
0
-3
-2
-1
-1
-3
-2
-1
-1
0
0
0
0
-2
0
2
0
2
0
0
0
0
0
-1
0
1
-1
-1
1
2
0
2
2
0
0
1
2
2
1
1
0
1
1
1
1
-1
-2
2
3
-1
-1
-3
-3
-3
-1
0
-2
-4
-4
-3
-2
-2
0
-1
-1
-1
0
1
1
0
1
2
0
2
1
1
2
2
1
2
1
2
1
2
2
1
0
0
1
3
2
3
2
0
2
1
2
2
1
2
3
1
-1
-1
-1
-1
-1
0
-2
-2
-3
-3
-2
-1
-3
-4
-4
-3
-1
0
-2
-3
-4
-4
-3
-2
-3
-5
-4
-4
-4
-2
-2
-1
-3
-4
-2
-1
0
1
0
3
6
9
12
14
13
13
14
17
15
11
10
6
1
-2
-3
-8
-14
-17
-21
-28
-31
-32
-34
-36
-39
-40
-40
-35
-30
-28
-31
-20
-14
-8
-9
-3
7
7
16
27
35
31
35
49
62
70
81
91
88
77
83
103
106
97
89
76
78
77
66
40
31
9
-16
-32
-59
-91
-112
-125
-150
-169
-188
-206
-211
-196
-188
-205
-198
-167
-156
-146
-121
-99
-51
-13
11
42
73
88
90
143
197
200
185
196
218
237
240
261
245
220
238
248
256
246
199
155
159
165
135
96
79
13
-29
-35
-65
-122
-168
-226
-299
-348
-380
-417
-435
-431
-486
-520
-540
-503
-457
-396
-376
-406
-354
-249
-219
-155
-58
-77
102
318
318
158
266
475
520
535
656
697
509
433
658
873
683
560
562
509
442
431
525
403
171
28
103
43
-93
-152
-134
-307
-462
-466
-428
-498
-649
-623
-667
-777
-809
-660
-617
-701
-792
-705
-675
-614
-502
-478
-491
-509
-358
-269
-227
-146
26
127
161
292
470
532
532
645
825
978
1001
1045
1091
1034
1109
1255
1225
1100
968
896
808
680
562
422
209
-44
-189
-320
-444
-570
-763
-930
-1006
-1116
-1160
-1157
-1165
-1209
-1215
-1148
-1073
-998
-875
-771
-745
-668
-590
-438
-315
-201
-200
-163
-100
70
293
371
411
475
564
626
797
904
995
998
1070
1156
1212
1254
1346
1330
1179
1141
1155
1122
911
762
526
348
139
-43
-221
-394
-612
-817
-975
-1144
-1246
-1291
-1318
-1415
-1415
-1375
-1341
-1252
-1095
-979
-962
-866
-661
-553
-467
-336
-205
-222
-229
-93
76
53
106
409
465
279
263
551
717
800
832
905
925
884
1103
1367
1441
1292
1328
1280
1236
1232
1342
1235
880
556
412
372
187
-9
-218
-464
-791
-917
-926
-981
-1190
-1318
-1391
-1408
-1377
-1225
-1150
-1172
-1219
-1100
-903
-781
-723
-644
-558
-616
-573
-511
-450
-377
-178
-166
-123
4
20
12
228
469
580
670
706
754
962
1191
1338
1432
1408
1344
1547
1774
1642
1403
1361
1314
1074
903
761
563
226
-37
-131
-232
-506
-732
-775
-871
-1071
-1096
-1017
-1089
-1219
-1219
-1140
-1098
-986
-897
-869
-898
-863
-754
-656
-670
-759
-738
-816
-770
-698
-567
-653
-579
-398
-120
12
-76
-39
236
670
798
978
1050
1103
1190
1562
1859
1872
1739
1603
1758
1906
1810
1418
1267
1103
852
615
427
114
-228
-400
-560
-663
-863
-1013
-1101
-1013
-1101
-1133
-1104
-1039
-1069
-1002
-897
-857
-766
-683
-616
-618
-581
-614
-572
-536
-607
-781
-932
-930
-845
-769
-830
-751
-504
-360
-418
-374
-47
258
496
681
931
1034
1101
1374
1816
2066
1930
1846
1928
2141
2116
1968
1736
1551
1292
1018
812
552
224
-136
-301
-540
-777
-984
-1026
-1126
-1209
-1253
-1271
-1276
-1265
-1167
-1102
-1067
-1105
-974
-799
-704
-743
-720
-685
-607
-564
-646
-846
-965
-886
-739
-728
-879
-766
-400
-225
-367
-314
8
283
509
793
1035
1028
1103
1431
1857
1983
1948
1899
1918
2029
2128
1972
1651
1467
1286
1049
767
543
254
-18
-350
-579
-756
-931
-1108
-1112
-1147
-1297
-1397
-1339
-1228
-1168
-1158
-1165
-1126
-1072
-911
-743
-694
-852
-826
-698
-558
-659
-741
-822
-794
-744
-699
-675
-627
-311
-71
-41
-177
-17
303
623
883
1083
1201
1153
1307
1668
1973
1945
1872
1875
1801
1878
1911
1715
1328
1218
1055
769
512
372
156
-169
-436
-637
-727
-885
-980
-982
-1031
-1227
-1306
-1153
-1067
-1103
-1136
-1092
-1067
-970
-804
-765
-831
-914
-836
-787
-721
-758
-711
-731
-854
-946
-781
-596
-521
-258
-48
-147
-253
10
404
661
870
1073
1407
1414
1192
1279
1836
2023
1863
1865
1727
1433
1340
1605
1596
1302
839
536
414
273
191
88
-157
-675
-860
-817
-762
-812
-872
-984
-1168
-1131
-972
-723
-747
-803
-866
-796
-745
-644
-576
-654
-833
-1026
-981
-911
-833
-890
-998
-1297
-1346
-1093
-954
-1034
-883
-589
-704
-814
-471
46
218
312
590
822
908
1057
1492
1802
1799
1718
1810
1954
1995
2126
2060
1804
1457
1465
1475
1334
1046
798
538
288
278
238
23
-341
-473
-526
-572
-619
-653
-702
-819
-932
-1006
-896
-819
-855
-965
-1040
-1119
-1057
-940
-970
-1105
-1174
-1238
-1284
-1210
-1180
-1126
-1065
-1136
-1378
-1086
-580
-348
-432
-293
-125
12
315
744
1124
1082
1042
1193
1708
1859
1956
2083
2134
1859
1788
2140
2252
1974
1551
1481
1303
1123
962
941
626
219
84
58
-65
-348
-445
-548
-588
-729
-738
-727
-749
-816
-786
-830
-1044
-1040
-834
-754
-996
-1198
-1355
-1440
-1557
-1598
-1641
-1750
-2134
-2382
-2194
-1977
-2079
-2204
-2276
-2377
-1864
-933
-640
-1089
-1114
-509
213
783
1214
1454
1390
1337
1898
2886
3155
2794
2676
2774
2675
2720
2934
2817
2352
1829
1459
1258
1149
1026
771
324
-141
-245
-188
-78
-77
-57
-162
-178
12
315
506
593
787
781
686
653
834
832
679
363
-9
-234
-425
-584
-840
-1352
-2016
-2397
-2628
-3058
-3379
-3586
-4099
-4537
-4553
-4399
-4569
-4680
-5073
-4453
-2635
-1378
-2077
-2678
-1696
-516
737
2071
2915
2300
1866
2719
4629
5869
5436
4870
4657
4621
4497
5399
5720
4466
2870
2253
2140
1708
1596
1178
415
-977
-1421
-1051
-515
-789
-1139
-1326
-1512
-1284
-471
314
147
-222
-237
332
676
751
756
492
-95
-400
-248
-353
-883
-1478
-2062
-2847
-3534
-3753
-3671
-4205
-5015
-5512
-5512
-5805
-5603
-5480
-4914
-3029
-1628
-2667
-3734
-1693
566
1577
2409
3636
3173
2335
3681
6573
7854
6310
5396
5653
5768
5588
6633
6693
4411
2242
1984
2406
1654
967
400
-464
-2411
-2603
-1485
-1029
-2081
-2358
-2182
-2253
-1865
-805
17
-304
-632
-488
397
637
668
746
563
-320
-440
-114
-391
-1207
-1701
-2417
-3269
-3518
-3716
-4060
-4589
-4995
-5725
-5669
-6101
-5687
-3097
-1006
-2813
-4846
-2794
-55
1284
2341
3671
2887
1609
2700
6235
8370
6829
5349
5466
5607
5207
6738
7681
5357
2385
1838
2377
1794
1302
884
-108
-2615
-3436
-2146
-1025
-1780
-2632
-2775
-3113
-2726
-1296
71
-283
-1025
-1021
-14
513
666
1055
896
-233
-579
-89
-39
-742
-1105
-1805
-2969
-3432
-3333
-3292
-3989
-4496
-5178
-5424
-6158
-5962
-3267
-485
-1202
-4669
-4614
-1396
2049
3186
3750
3106
1338
1344
4665
8846
8455
5934
4109
4556
5009
6227
7683
6644
3291
667
1343
1909
2064
1242
541
-2077
-3950
-3348
-1205
-555
-1848
-2878
-3542
-3203
-1967
160
466
-465
-1396
-700
401
1114
1304
1175
303
-702
-684
-11
52
-747
-1573
-2794
-3613
-3588
-3337
-3539
-4302
-5157
-6093
-6119
-6148
-4208
-1503
-1217
-4424
-5171
-1972
730
2031
3149
3563
1457
983
3814
7711
8259
6391
5232
4844
4818
5506
7557
7387
4567
1605
1465
2034
2078
1766
1173
-806
-3395
-3277
-1617
-519
-1362
-2203
-3224
-3229
-2314
-442
475
71
-851
-1018
124
938
1388
1468
1022
-242
-609
-262
93
-171
-800
-2203
-3517
-3693
-3621
-3593
-4037
-4930
-6229
-6576
-6979
-5279
-2127
-1518
-4871
-6018
-2922
-399
888
2568
3375
1336
465
3196
7254
8155
6500
5875
5641
5002
5358
7731
8140
5425
2536
1991
2220
2091
2115
1787
-179
-3219
-3397
-1747
-777
-1433
-2025
-3053
-3545
-2720
-727
410
29
-737
-916
59
697
1301
1713
1471
186
-341
-133
76
11
-196
-1492
-3318
-3729
-3506
-3544
-4030
-4733
-6044
-6718
-7162
-6548
-3489
-1288
-3724
-6768
-4655
-1099
433
1759
3337
2312
239
1728
6079
8815
7353
5816
5697
5499
5285
7167
8837
6738
3294
1944
2513
2330
2279
1975
760
-2412
-3777
-2338
-827
-1228
-2143
-2705
-3561
-3189
-1485
319
183
-514
-1043
-394
471
1089
1634
1647
509
-642
-356
179
107
-195
-1155
-3071
-3913
-3532
-3272
-3886
-4645
-5894
-6703
-7118
-6930
-4210
-1417
-2960
-6623
-5374
-1580
230
1276
3257
2956
403
944
5198
8792
7931
5995
5653
5596
5377
6995
8993
7580
4080
2288
2744
2723
2571
2292
1341
-1664
-3616
-2564
-1003
-1242
-2131
-2617
-3674
-3626
-2139
-261
-138
-706
-1363
-913
106
748
1257
1516
614
-677
-269
390
241
-79
-618
-2522
-3594
-3241
-2969
-3679
-4433
-5620
-6570
-6741
-7128
-5151
-2083
-2400
-6380
-6259
-2475
-289
511
2501
3020
597
354
4062
8260
8261
6327
5864
5893
5684
6986
9264
8504
5245
3183
3347
3362
3112
2900
1980
-777
-3251
-2550
-1148
-1315
-2374
-2706
-3755
-4155
-2924
-1018
-768
-1395
-1823
-1473
-489
177
754
1082
580
-590
-281
449
386
-29
-183
-1734
-3120
-3093
-2712
-3288
-4132
-5162
-6369
-6702
-7334
-5280
-2230
-2389
-6517
-6788
-3045
-780
144
2135
2797
271
66
3742
8084
8170
6404
6130
6145
5891
7153
9661
9007
5955
3892
3939
3801
3599
3505
2529
-277
-3009
-2411
-1110
-1226
-2356
-2703
-3853
-4388
-3207
-1345
-1113
-1761
-2116
-1819
-942
-232
439
773
317
-760
-515
178
261
-72
-115
-1604
-3017
-3121
-2657
-3079
-4013
-5021
-6242
-6633
-7383
-5107
-2091
-2534
-6751
-6857
-3071
-942
-14
1944
2645
45
-119
3709
8151
7910
6054
6128
6279
5806
7128
9803
8963
5923
4048
4204
3907
3713
3651
2779
-136
-2899
-2215
-807
-1092
-2245
-2535
-3656
-4222
-2999
-1114
-1022
-1716
-2068
-1612
-883
-232
428
784
123
-845
-599
-44
25
-223
-322
-1786
-3011
-3198
-2802
-3187
-4096
-5042
-5970
-6407
-7318
-5056
-2113
-2646
-6607
-6523
-2986
-1083
-197
1762
2569
107
-174
3506
7895
7630
5867
6062
6237
5662
6995
9612
8806
5917
4126
4224
3853
3774
3773
2914
-11
-2581
-1914
-638
-988
-2070
-2439
-3590
-4127
-2913
-1090
-1143
-1862
-2016
-1485
-978
-392
472
841
58
-730
-450
-13
31
-154
-365
-1607
-2652
-3159
-2934
-3158
-3867
-4937
-5749
-6544
-7374
-4751
-2041
-3263
-6932
-6217
-3077
-1491
-310
1766
1976
-533
-160
3871
7755
6979
5661
6096
6026
5611
7435
9716
8473
5751
4289
4407
3990
4098
3982
2774
-351
-2351
-1423
-423
-1085
-2130
-2743
-3851
-4029
-2696
-1122
-1487
-2187
-2128
-1371
-910
-289
542
836
-4
-468
-120
283
341
120
-404
-1615
-2410
-2840
-2659
-3037
-3857
-5285
-5956
-6553
-6976
-4507
-2292
-3953
-7378
-6197
-2864
-1308
-310
1510
1411
-770
165
4399
7919
6779
5410
5929
6062
5965
7798
9903
8290
5389
4219
4726
4300
4197
3947
2557
-674
-2425
-1211
-255
-1153
-2503
-3148
-3922
-3937
-2670
-1199
-1612
-2489
-2396
-1288
-697
-319
425
755
-168
-507
69
545
351
99
-483
-1652
-2305
-2531
-2421
-2968
-3931
-5459
-5884
-6365
-6692
-4335
-2194
-4190
-7623
-6032
-2511
-1145
-298
1422
1121
-842
367
4681
7999
6678
5252
5713
6043
6043
7965
9883
7925
5108
4312
4847
4239
4068
3856
2467
-742
-2308
-1077
-271
-1247
-2441
-2915
-3819
-3918
-2553
-1121
-1494
-2416
-2303
-1217
-704
-421
459
706
-353
-735
-70
411
165
-53
-740
-1883
-2444
-2586
-2518
-3035
-4082
-5552
-5909
-6422
-6617
-4123
-2071
-4369
-7715
-5929
-2444
-1051
-127
1356
767
-1082
356
4832
8060
6689
5215
5507
5916
6044
8278
10146
8057
5046
4282
5008
4655
4522
4201
2650
-654
-1990
-673
178
-955
-2183
-2826
-3731
-3675
-2305
-1037
-1492
-2399
-2368
-1366
-807
-411
296
432
-588
-1005
-398
259
66
-311
-919
-2030
-2687
-2732
-2497
-3184
-4352
-5622
-5873
-6654
-6655
-3843
-2022
-4820
-7916
-5698
-2372
-1262
-144
1420
455
-1435
467
5180
7950
6347
5197
5587
5851
6010
8603
10370
7916
4814
4312
5192
4884
4806
4295
2477
-934
-1842
-243
544
-949
-2378
-3032
-3793
-3437
-1928
-926
-1782
-2766
-2527
-1300
-655
-420
82
116
-845
-1083
-283
350
21
-345
-981
-2073
-2608
-2470
-2380
-3202
-4339
-5584
-5802
-6551
-6468
-3664
-1804
-4741
-7856
-5528
-2077
-1067
50
1730
614
-1366
612
5451
8086
6357
5229
5655
5824
5915
8653
10391
7733
4528
4189
5056
4636
4557
4075
2231
-1307
-2132
-344
454
-1220
-2628
-3101
-4020
-3723
-2036
-938
-1976
-3039
-2803
-1546
-808
-553
-1
2
-1040
-1359
-237
530
153
-229
-883
-1912
-2370
-2123
-2050
-2748
-3930
-5366
-5654
-6191
-5938
-3240
-1507
-4575
-7620
-5238
-1713
-685
344
1851
616
-1257
795
5555
8060
6376
5173
5497
5685
5914
8578
10142
7530
4341
3915
4756
4406
4327
3760
1873
-1590
-2365
-590
289
-1280
-2710
-3264
-4130
-3754
-2116
-968
-1961
-3067
-2956
-1733
-897
-452
43
-147
-1216
-1483
-365
452
171
-349
-1083
-1946
-2374
-2162
-1913
-2608
-3919
-5397
-5542
-6042
-5640
-3029
-1479
-4525
-7420
-4975
-1468
-366
430
1869
680
-1145
844
5617
8081
6387
5219
5455
5654
5909
8575
10104
7718
4473
3891
4739
4495
4404
3823
1978
-1540
-2406
-734
276
-1207
-2670
-3358
-4131
-3774
-2214
-1058
-1933
-3036
-2969
-1706
-882
-398
71
-79
-1079
-1316
-340
374
98
-355
-1018
-1877
-2441
-2360
-2159
-2803
-3918
-5311
-5580
-6287
-5809
-3083
-1493
-4551
-7469
-5088
-1628
-506
408
1902
602
-1233
819
5697
8062
6360
5228
5545
5700
5934
8600
10191
7761
4446
4021
4865
4579
4383
3921
1978
-1587
-2493
-788
219
-1283
-2813
-3503
-4248
-3962
-2276
-1065
-1956
-3123
-2964
-1592
-770
-356
139
57
-893
-1187
-206
498
213
-286
-966
-1902
-2498
-2408
-2260
-2869
-4053
-5445
-5706
-6454
-5887
-2958
-1445
-4824
-7674
-5034
-1526
-462
563
1960
519
-1058
1165
6154
8333
6508
5340
5797
5939
6184
8931
10380
7671
4308
4078
4866
4671
4403
3912
1807
-1764
-2619
-765
308
-1395
-3013
-3674
-4389
-4117
-2312
-1093
-2101
-3387
-3238
-1748
-863
-482
-42
-161
-1216
-1438
-220
557
127
-438
-1148
-2056
-2428
-2198
-2081
-2881
-4154
-5536
-5567
-6212
-5640
-2787
-1480
-4959
-7627
-4740
-1383
-354
576
1888
438
-905
1364
6278
8411
6471
5301
5760
6048
6297
9073
10300
7548
4286
4041
4809
4739
4527
3920
1774
-1728
-2449
-576
539
-1251
-2852
-3515
-4216
-3913
-2157
-966
-2027
-3404
-3302
-1873
-1002
-627
-204
-434
-1559
-1750
-493
296
-140
-666
-1438
-2254
-2507
-2211
-2113
-2958
-4117
-5507
-5541
-6215
-5507
-2655
-1448
-4992
-7572
-4670
-1436
-352
622
1916
206
-1165
1224
6217
8314
6288
5194
5619
5967
6232
9227
10512
7687
4439
4197
5035
4949
4854
4203
2026
-1594
-2211
-321
779
-998
-2636
-3366
-4255
-3872
-2093
-920
-2084
-3468
-3375
-1988
-1157
-741
-293
-626
-1649
-1825
-565
130
-132
-587
-1370
-2170
-2334
-2123
-2146
-2853
-3879
-5266
-5435
-6012
-5574
-2869
-1468
-4608
-7417
-4882
-1674
-489
464
1713
175
-1245
899
5564
7977
6201
5052
5330
5847
6066
8895
10510
7910
4558
4065
5067
5077
4991
4184
2158
-1380
-2221
-443
881
-709
-2670
-3467
-4266
-3899
-2225
-1010
-2047
-3470
-3514
-2106
-1117
-754
-383
-659
-1520
-1812
-603
193
-5
-473
-1261
-2117
-2390
-2097
-2022
-2671
-3876
-5282
-5417
-5859
-5594
-2896
-1297
-4311
-7360
-4929
-1493
-269
612
1869
487
-1091
889
5536
8174
6399
5063
5247
5764
5918
8625
10467
7931
4424
3763
4834
4886
4833
4072
2224
-1255
-2412
-800
781
-504
-2556
-3435
-4222
-3994
-2433
-1064
-1829
-3269
-3578
-2332
-1289
-840
-419
-520
-1418
-1925
-917
103
118
-347
-1262
-2181
-2597
-2297
-1978
-2426
-3708
-5289
-5552
-5955
-5584
-2741
-1040
-4028
-7189
-5052
-1506
-64
996
2233
872
-1021
783
5615
8486
6741
5203
5222
5501
5723
8445
10417
7897
4315
3419
4374
4580
4664
4060
2159
-1351
-2622
-1061
556
-443
-2252
-3242
-4236
-4058
-2410
-960
-1499
-2924
-3458
-2436
-1406
-742
-255
-344
-1409
-1952
-1013
-42
83
-217
-1190
-2319
-2739
-2370
-2082
-2521
-3578
-5125
-5747
-6074
-5929
-3216
-1142
-3488
-7000
-5771
-2097
-321
869
2197
1294
-1025
102
4802
8493
7263
5413
5225
5379
5609
8066
10686
8643
4897
3439
4335
4721
4892
4416
2640
-840
-2624
-1216
485
-171
-2013
-2936
-4113
-4200
-2592
-909
-1202
-2632
-3366
-2602
-1479
-686
-118
-172
-1253
-1993
-1085
-39
121
-75
-916
-2164
-2705
-2393
-2176
-2649
-3437
-4811
-5814
-6112
-6407
-4068
-1510
-2850
-6638
-6536
-2970
-853
416
1905
1647
-820
-517
3555
8022
7770
5759
5238
5334
5553
7517
10669
9446
5648
3568
4288
4759
4940
4595
3052
-238
-2664
-1653
134
15
-1906
-2877
-4049
-4426
-3018
-1079
-928
-2296
-3226
-2789
-1536
-654
42
50
-933
-1941
-1233
-92
90
-62
-808
-2101
-2805
-2561
-2349
-2840
-3539
-4648
-5804
-6177
-6661
-4470
-1638
-2447
-6222
-6542
-3163
-909
426
2095
2192
-325
-458
3210
7889
8174
6211
5535
5473
5484
7188
10435
9675
5993
3681
4140
4474
4688
4536
3194
41
-2664
-1964
-282
-142
-1858
-2831
-4046
-4624
-3367
-1368
-1036
-2200
-3109
-2884
-1677
-818
-84
24
-728
-1771
-1346
-259
-71
-207
-834
-2023
-2798
-2686
-2542
-2896
-3533
-4430
-5614
-6114
-6684
-4624
-1550
-1993
-5729
-6390
-3151
-784
621
2385
2708
142
-404
3043
7805
8445
6475
5751
5561
5312
6769
10109
9756
6117
3574
3774
4102
4315
4354
3220
277
-2667
-2266
-601
-242
-1763
-2698
-3884
-4727
-3616
-1590
-1082
-2083
-2937
-2935
-1860
-954
-196
-2
-566
-1603
-1545
-488
-126
-211
-788
-1898
-2793
-2777
-2596
-2728
-3322
-4234
-5493
-5960
-6534
-5108
-1893
-1467
-4931
-6660
-3742
-944
433
2032
2891
670
-727
2093
7119
8700
6678
5732
5571
5327
6281
9637
10306
6867
3810
3571
4214
4332
4458
3591
1058
-2313
-2543
-801
20
-1319
-2513
-3550
-4744
-3937
-1940
-907
-1768
-2725
-3044
-2143
-1139
-280
111
-367
-1451
-1785
-698
-142
-67
-487
-1526
-2697
-2876
-2510
-2431
-3019
-4002
-5375
-5909
-6371
-5763
-2642
-1174
-3959
-6898
-4802
-1453
44
1316
2728
1349
-849
889
5907
8835
7117
5742
5546
5425
5899
8859
10677
7901
4303
3354
4283
4409
4380
3714
1771
-1794
-2928
-1342
-48
-981
-2436
-3281
-4600
-4267
-2461
-867
-1314
-2334
-2983
-2262
-1185
-344
200
6
-1014
-1841
-911
-113
6
-300
-1194
-2555
-3042
-2618
-2484
-3043
-3927
-5164
-6041
-6311
-6514
-4072
-1347
-2508
-6195
-6001
-2431
-263
899
2576
2549
37
58
4178
8593
8358
6396
5791
5639
5803
7780
10548
9310
5559
3339
3908
4400
4252
3760
2446
-668
-3095
-2300
-667
-645
-2210
-3086
-4311
-4632
-3330
-1463
-1085
-1960
-2904
-2690
-1442
-547
-11
130
-367
-1583
-1330
-278
168
-89
-828
-2130
-3036
-2823
-2638
-2961
-3581
-4557
-5914
-6281
-6697
-5740
-2491
-1222
-4199
-6669
-4279
-963
612
2191
3390
1735
-111
1976
6911
9462
7798
6195
5660
5792
6755
9415
10419
7493
4057
3173
4058
4196
3883
2926
778
-2407
-3227
-1743
-564
-1498
-2891
-3937
-4806
-4159
-2507
-1209
-1540
-2589
-3130
-2041
-792
-250
82
199
-834
-1574
-721
187
227
-417
-1476
-2752
-3064
-2892
-2913
-3140
-3887
-5409
-6446
-6574
-6714
-4063
-1250
-2408
-6286
-6227
-2422
-3
1546
3085
2831
208
355
4524
9226
9127
6765
5679
5717
6479
8250
10736
9325
5588
3135
3762
4505
4334
3522
2003
-857
-3261
-2501
-807
-609
-2411
-3601
-4696
-4685
-3469
-1795
-1298
-2227
-3287
-2872
-1272
-530
-45
407
-112
-1481
-1236
-76
471
143
-778
-2270
-3150
-3008
-2743
-2610
-3271
-4746
-6415
-6512
-6805
-5085
-1850
-1574
-5242
-7114
-3913
-779
905
2352
3058
909
-217
2675
7778
9649
7496
6038
5687
6301
7380
10038
10273
7029
3839
3358
4309
4283
3807
2648
451
-2769
-3203
-1617
-590
-1914
-3336
-4331
-5031
-4241
-2606
-1383
-1870
-2940
-3181
-1803
-847
-241
458
417
-945
-1418
-402
283
318
-234
-1615
-2957
-3104
-2837
-2572
-2990
-4112
-5840
-6414
-6686
-6190
-3011
-1074
-3454
-6760
-5216
-1643
357
1800
3220
2224
107
1390
5857
9498
8507
6722
6069
6211
6738
8770
10608
8517
5002
3261
3868
4004
3790
3098
1557
-1765
-3662
-2596
-1117
-1513
-3108
-3933
-5015
-4944
-3539
-1829
-1680
-2609
-3195
-2335
-1242
-651
244
635
-244
-1308
-654
117
256
110
-781
-2314
-3070
-2901
-2727
-2867
-3628
-4882
-6071
-6306
-6797
-4975
-1735
-1620
-4995
-6261
-3168
-423
1130
2769
3486
1437
604
3423
8099
9512
7611
6526
6263
6474
7272
9806
9995
6833
3730
3298
3841
3726
3361
2401
-94
-3313
-3525
-1931
-1082
-2481
-3679
-4576
-5170
-4358
-2599
-1494
-2091
-3001
-2903
-1707
-897
-54
600
310
-930
-1043
-32
375
408
-131
-1510
-2850
-2976
-2729
-2734
-3189
-4166
-5704
-6362
-6637
-6512
-3674
-1361
-3030
-6401
-5506
-1920
261
1746
3274
2654
481
1138
5422
9522
8822
6818
6134
6338
6628
8401
10705
9054
5191
3117
3736
4084
3840
3073
1542
-1754
-3770
-2776
-1074
-1367
-3165
-4101
-4960
-4839
-3531
-1711
-1423
-2405
-3201
-2439
-1081
-164
568
710
-151
-1171
-402
558
910
541
-664
-2256
-2936
-2547
-2484
-2753
-3612
-5091
-6519
-6528
-6833
-5682
-2634
-1963
-5004
-7030
-4151
-900
800
2257
3068
1458
170
2623
7569
9804
7858
6409
6145
6511
7230
9852
10562
7333
4011
3324
4030
3933
3507
2387
125
-3088
-3643
-2169
-1160
-2386
-3745
-4582
-5225
-4552
-2810
-1324
-1682
-2805
-3102
-1715
-518
340
832
675
-570
-850
206
915
948
177
-1219
-2569
-2695
-2493
-2542
-3051
-4100
-5681
-6479
-6689
-6860
-4350
-1734
-2744
-6271
-6204
-2631
-53
1555
3010
2903
715
767
4578
9137
9380
7422
6304
6186
6568
8230
10610
9365
5833
3382
3485
3796
3675
2950
1497
-1467
-3812
-3336
-1898
-1754
-3201
-4189
-5202
-5295
-4093
-2133
-1407
-2258
-3262
-2633
-1161
-184
568
931
275
-833
-424
522
967
714
-234
-1814
-2790
-2729
-2492
-2566
-3267
-4509
-6015
-6545
-7013
-5856
-2568
-1355
-4184
-6825
-4669
-1126
983
2586
3691
2133
258
2101
6965
9973
8718
6894
5961
6083
7002
9424
10451
7851
4316
2925
3488
3705
3385
2318
213
-2970
-4085
-2863
-1594
-2281
-3766
-4829
-5501
-4916
-3211
-1495
-1696
-2926
-3302
-1912
-540
305
860
801
-263
-881
78
975
1161
353
-1023
-2491
-2796
-2463
-2237
-2685
-3823
-5459
-6608
-6629
-6628
-4303
-1846
-2625
-6142
-6435
-2869
4
1501
2941
3020
803
626
4164
8872
9594
7636
6129
5946
6647
8204
10327
9575
6193
3380
3341
3926
3834
2986
1526
-1159
-3724
-3583
-2033
-1471
-2974
-4296
-5236
-5331
-4225
-2175
-1339
-2309
-3280
-2740
-1113
-62
691
911
440
-742
-484
661
1342
921
-279
-1744
-2672
-2466
-2214
-2300
-3284
-4656
-6313
-6593
-6628
-5813
-3121
-1978
-4284
-6880
-4867
-1421
592
2031
3246
2102
356
1989
6435
9720
8768
6969
6009
6393
7313
9267
10355
8096
4764
3186
3719
3726
3346
2248
398
-2646
-4062
-3055
-1736
-2232
-3800
-4779
-5583
-5104
-3380
-1584
-1821
-2805
-3079
-1947
-721
262
844
857
-75
-760
25
917
1156
417
-747
-2225
-2662
-2432
-2205
-2797
-3839
-5291
-6424
-6503
-6570
-4619
-2113
-2309
-5572
-6226
-3141
-320
1353
3033
3406
1208
694
3789
8480
9751
8018
6410
6081
6623
7866
10053
9635
6470
3468
3210
3602
3474
2794
1473
-1121
-3871
-3990
-2455
-1729
-3164
-4390
-5361
-5574
-4493
-2355
-1546
-2346
-3076
-2644
-1307
-124
689
909
631
-375
-308
609
1205
811
20
-1240
-2388
-2551
-2212
-2439
-3280
-4315
-5707
-6334
-6495
-6153
-3722
-1669
-3230
-6163
-5198
-1699
442
2008
3542
2897
733
1457
5649
9510
9134
7027
6064
6235
6841
8474
10204
8485
4819
2836
3338
3631
3199
2260
582
-2349
-4299
-3349
-1710
-1974
-3788
-4842
-5426
-5046
-3458
-1716
-1719
-2749
-3191
-2137
-531
442
771
839
237
-506
93
1144
1293
471
-587
-1822
-2416
-2207
-2139
-2713
-3705
-5043
-6308
-6323
-6573
-5270
-2626
-2182
-5162
-6628
-3572
-511
944
2400
3222
1406
371
3082
7895
9695
7721
6142
5942
6686
7607
9681
9844
6675
3489
3062
3958
3774
2949
1590
-580
-3444
-3749
-2214
-1320
-2844
-4450
-5115
-5170
-4170
-2534
-1514
-2244
-3193
-2902
-1153
77
575
742
633
-282
-451
669
1414
993
-93
-1272
-2175
-2249
-2115
-2296
-3121
-4310
-5985
-6371
-6410
-6124
-3645
-1935
-3708
-6712
-5240
-1520
409
1659
3094
2344
394
1620
5927
9598
8732
6820
5925
6372
7185
8831
10303
8195
4696
2949
3712
3830
3287
2091
486
-2478
-4061
-3074
-1725
-2282
-4189
-4912
-5392
-4891
-3604
-1943
-1921
-2889
-3234
-1910
-441
185
644
827
289
-630
72
1056
1173
524
-489
-1699
-2361
-2206
-2110
-2477
-3513
-4974
-6261
-6100
-6367
-4863
-2216
-2187
-5284
-6389
-2987
-207
1128
2596
3262
1265
731
3697
8160
9498
7627
6346
6014
6715
7637
9745
9433
6204
3444
3300
3779
3259
2496
1247
-1020
-3795
-3830
-2498
-1996
-3635
-4745
-5154
-5374
-4546
-2839
-1771
-2495
-3138
-2522
-933
-170
422
903
880
-120
-293
744
1140
927
276
-757
-2013
-2286
-2112
-2175
-2840
-3898
-5356
-6045
-6082
-6074
-3674
-1730
-3026
-5927
-5081
-1720
257
1729
3181
2740
789
1569
5245
8968
8762
6943
6005
6155
6752
8105
9808
8145
4809
3023
3440
3471
2888
2021
509
-2215
-4102
-3308
-2030
-2392
-4110
-4782
-5246
-5161
-3867
-2046
-1773
-2703
-2993
-1871
-569
160
871
1209
589
-393
171
1122
1352
921
97
-1267
-2179
-2103
-1974
-2267
-3090
-4325
-5829
-6083
-6332
-5582
-2963
-1949
-4248
-6409
-4349
-1299
575
2056
2983
1702
414
2167
6402
9300
8052
6282
5680
6331
6998
8861
9615
7095
4016
2996
3604
3546
3034
1737
-127
-2904
-3723
-2636
-1632
-2659
-4181
-4819
-5256
-4638
-3027
-1620
-1981
-2761
-2780
-1495
-339
565
1153
1072
61
-417
544
1368
1418
695
-566
-1950
-2185
-1847
-1880
-2511
-3586
-5114
-6169
-6098
-6258
-4581
-2354
-2770
-5746
-6098
-2939
-354
1120
2434
2602
920
859
3840
8146
9057
7144
5831
5944
6682
7764
9562
8746
5678
3340
3301
3697
3440
2499
996
-1323
-3503
-3347
-2184
-1955
-3480
-4508
-5100
-5134
-4044
-2358
-1728
-2372
-2909
-2392
-1034
-8
788
1092
643
-352
-132
962
1481
1192
175
-1284
-2252
-1985
-1682
-1950
-2932
-4130
-5608
-6047
-6163
-5643
-3204
-1981
-3996
-6444
-4707
-1455
375
1742
2916
1993
494
1930
6020
9111
8172
6438
5703
6143
6983
8669
9590
7366
4272
2989
3529
3572
3011
1792
11
-2674
-3844
-2961
-2019
-2718
-4185
-4931
-5404
-4862
-3360
-1894
-1952
-2684
-2887
-1812
-516
428
1029
1060
217
-443
402
1382
1549
905
-302
-1716
-2190
-1792
-1645
-2196
-3265
-4559
-5787
-5939
-6145
-4652
-2186
-2260
-5101
-6090
-3250
-725
816
2399
2935
1175
580
3358
7568
8977
7340
6063
5659
6304
7414
9278
8992
6023
3390
3081
3699
3416
2679
1269
-956
-3480
-3575
-2381
-1964
-3255
-4508
-5199
-5369
-4334
-2657
-1639
-2267
-3004
-2684
-1234
-46
767
1148
760
-258
-225
1019
1664
1386
409
-871
-1917
-1933
-1639
-1849
-2673
-3840
-5194
-5861
-5985
-6017
-3812
-2085
-3417
-6048
-5164
-2244
-425
1153
2600
2227
493
1353
4919
8408
8215
6679
5856
6038
6747
8131
9514
7923
4907
3242
3686
3731
3211
2194
652
-1867
-3498
-2867
-1949
-2336
-3832
-4628
-5255
-4977
-3745
-2070
-1865
-2680
-2996
-2049
-643
296
1027
1067
346
-419
415
1376
1567
1035
7
-1302
-2027
-1755
-1716
-2184
-3158
-4323
-5637
-5986
-6408
-5352
-2672
-2234
-4734
-6229
-3867
-1393
351
2088
2901
1403
431
2718
6761
8853
7607
6387
5857
6225
7118
8944
9158
6528
3910
3207
3523
3223
2719
1504
-496
-3056
-3588
-2633
-2132
-3181
-4310
-5010
-5441
-4721
-3027
-1793
-2257
-2855
-2662
-1366
-225
762
1221
953
-20
-52
965
1533
1492
819
-377
-1692
-1806
-1564
-1697
-2431
-3366
-4852
-5841
-6215
-6129
-3695
-1851
-3203
-6016
-5334
-2473
-399
1377
2786
2251
397
1167
4706
8315
8362
6859
5913
5780
6472
8016
9428
7929
5026
3226
3207
3264
3040
2164
526
-2045
-3814
-3306
-2321
-2561
-3893
-4771
-5490
-5290
-3904
-2228
-1986
-2666
-3003
-2177
-790
303
976
1048
439
-215
412
1252
1573
1169
205
-1167
-1712
-1477
-1485
-1929
-2688
-3850
-5363
-5792
-6107
-4668
-2264
-2155
-4815
-6009
-3609
-1118
710
2221
2674
946
375
2939
6943
8602
7214
6043
5487
6073
7293
9054
8765
6121
3794
3201
3552
3400
2814
1340
-750
-3140
-3375
-2413
-2099
-3210
-4399
-5162
-5416
-4356
-2844
-2034
-2537
-3102
-2813
-1402
-144
576
817
582
-62
4
903
1421
1363
572
-706
-1570
-1485
-1417
-1763
-2371
-3260
-4754
-5661
-5984
-5583
-3323
-2032
-3646
-5975
-5013
-2222
-240
1407
2514
1674
123
1427
5127
8145
7710
6347
5559
5638
6699
8366
9284
7303
4705
3435
3712
3771
3356
2242
468
-2007
-3248
-2520
-1903
-2490
-3834
-4679
-5321
-4799
-3452
-2236
-2245
-2911
-3088
-2034
-596
275
766
786
306
-70
595
1243
1446
1083
1
-1192
-1613
-1497
-1683
-2169
-2888
-4072
-5460
-6019
-6232
-4495
-2351
-2746
-5231
-5967
-3505
-1214
616
2207
2366
552
403
3334
7028
8121
6910
5932
5342
6044
7443
9138
8462
5874
3881
3509
3862
3623
3008
1512
-756
-2942
-2872
-2043
-1956
-3114
-4232
-5058
-5175
-4124
-2727
-2057
-2638
-3188
-2751
-1318
-280
489
789
529
-130
101
881
1331
1333
544
-707
-1582
-1635
-1625
-1920
-2493
-3413
-4950
-5787
-6240
-5209
-2765
-2107
-4180
-6042
-4369
-1798
14
1767
2705
1324
129
2126
5797
8002
7345
6334
5404
5610
6735
8434
8915
6816
4466
3328
3602
3540
3183
2043
131
-2338
-3141
-2481
-1983
-2565
-3862
-4792
-5258
-4530
-3296
-2208
-2355
-2980
-3007
-1840
-724
68
621
675
106
-182
472
1070
1385
894
-214
-1273
-1617
-1644
-1814
-2169
-2875
-4316
-5446
-6012
-5668
-3302
-1830
-3262
-5728
-5058
-2403
-510
1184
2558
1901
106
1172
4663
7569
7501
6587
5715
5353
6293
7948
9166
7566
5140
3626
3619
3677
3413
2612
913
-1526
-2929
-2487
-2049
-2281
-3525
-4532
-5244
-4807
-3728
-2657
-2414
-2944
-3136
-2229
-1088
-417
216
535
265
-235
177
798
1231
1034
174
-878
-1394
-1496
-1606
-1943
-2566
-3800
-4969
-5621
-5806
-3795
-1934
-2831
-5422
-5431
-2972
-1084
421
1952
1871
69
449
3662
6846
7203
6421
5933
5280
5833
7521
9212
8040
5511
4032
3849
3919
3648
3142
1584
-862
-2582
-2212
-1744
-2059
-3212
-4200
-4980
-4910
-3833
-2840
-2457
-2891
-3129
-2361
-1262
-652
-86
421
326
-157
43
605
929
928
359
-597
-1292
-1568
-1564
-1866
-2474
-3612
-4636
-5281
-5876
-4347
-2130
-2428
-5010
-5545
-3308
-1347
-94
1580
2040
428
123
2902
6345
7094
6299
6061
5539
5472
6858
8901
8492
5870
4151
3851
3918
3640
3329
2149
-273
-2362
-2262
-1517
-1755
-2895
-3882
-4669
-4937
-3986
-2907
-2464
-2792
-3121
-2540
-1469
-806
-339
238
328
-141
-36
525
755
829
491
-383
-1213
-1582
-1540
-1716
-2315
-3408
-4487
-4966
-5717
-4868
-2547
-2103
-4405
-5594
-3720
-1580
-426
1108
2098
965
89
2064
5618
7069
6277
5937
5733
5434
6179
8176
8716
6473
4326
3684
3816
3613
3319
2507
494
-1925
-2417
-1624
-1440
-2457
-3509
-4331
-4888
-4244
-3082
-2441
-2603
-2994
-2792
-1821
-1005
-487
33
324
-134
-218
361
686
785
642
-152
-1112
-1580
-1561
-1534
-1999
-3013
-4357
-4848
-5454
-5221
-3079
-1972
-3796
-5628
-4312
-1919
-632
617
1801
1246
128
1319
4667
6873
6323
5688
5678
5553
5916
7563
8822
7192
4830
3846
3999
3942
3557
2877
1315
-1108
-2224
-1626
-1188
-1979
-3142
-3951
-4696
-4439
-3329
-2557
-2530
-2919
-2978
-2207
-1295
-698
-214
224
-106
-411
75
627
737
735
88
-893
-1423
-1525
-1407
-1717
-2510
-4047
-4828
-5216
-5358
-3607
-2100
-3329
-5621
-4975
-2477
-904
95
1262
1129
29
748
3696
6357
6243
5474
5505
5561
5795
7084
8753
7796
5363
4042
4111
4186
3778
3163
1872
-429
-2094
-1707
-1102
-1619
-2890
-3677
-4452
-4532
-3533
-2635
-2462
-2836
-2977
-2383
-1424
-834
-322
153
30
-429
-92
571
692
642
169
-721
-1258
-1438
-1494
-1744
-2326
-3635
-4761
-5024
-5340
-4071
-2320
-2804
-5190
-5358
-2959
-1060
-74
1028
1290
223
501
3047
6012
6473
5540
5416
5574
5774
6686
8453
8263
5905
4150
3953
4207
3867
3322
2220
132
-1965
-2010
-1209
-1357
-2598
-3551
-4256
-4620
-3856
-2848
-2488
-2852
-3080
-2672
-1727
-1064
-565
-85
16
-403
-253
424
678
620
263
-513
-1173
-1343
-1498
-1726
-2176
-3126
-4443
-4855
-5195
-4470
-2567
-2227
-4329
-5519
-3612
-1378
-178
934
1529
642
272
2315
5447
6779
5894
5363
5462
5713
6403
7922
8488
6494
4473
3794
4147
3964
3467
2504
700
-1494
-2166
-1416
-1269
-2193
-3350
-4015
-4575
-4128
-3171
-2591
-2831
-3153
-2932
-2138
-1398
-892
-398
-148
-408
-428
182
559
580
368
-267
-1062
-1343
-1422
-1650
-2025
-2724
-3988
-4690
-5036
-4846
-3110
-2014
-3483
-5436
-4406
-2032
-632
469
1449
989
99
1330
4381
6553
6211
5388
5322
5596
6191
7469
8607
7326
5136
4042
4272
4366
3913
3093
1496
-647
-1886
-1359
-1017
-1631
-2894
-3657
-4335
-4227
-3371
-2656
-2721
-3188
-3153
-2534
-1713
-1168
-627
-365
-508
-685
-56
467
562
434
11
-798
-1259
-1255
-1378
-1795
-2399
-3471
-4457
-4892
-5128
-3765
-2195
-2892
-5211
-5191
-2885
-1278
-299
926
1061
-42
387
3089
5852
6235
5386
5227
5485
5943
6939
8423
8038
5906
4429
4357
4525
4134
3525
2266
202
-1574
-1523
-998
-1334
-2487
-3349
-4026
-4341
-3645
-2766
-2547
-3020
-3193
-2697
-1898
-1288
-690
-329
-403
-723
-289
434
591
511
171
-519
-1140
-1166
-1269
-1685
-2320
-3012
-4131
-4757
-5249
-4547
-2629
-2349
-4311
-5559
-3787
-1795
-665
590
1345
400
-30
2054
5099
6520
5786
5357
5446
5783
6543
7972
8491
6695
4825
4261
4492
4163
3697
2792
1009
-1141
-1834
-1254
-1266
-2178
-3247
-3861
-4483
-4156
-3210
-2613
-2906
-3292
-3009
-2179
-1481
-907
-378
-288
-572
-526
293
642
632
384
-217
-987
-1179
-1144
-1473
-2116
-2767
-3648
-4584
-5024
-5105
-3455
-2125
-3104
-5074
-4786
-2519
-995
276
1341
1153
109
1034
3819
6297
6511
5638
5444
5500
6140
7249
8479
7672
5508
4152
4120
4238
3832
3238
1824
-260
-1883
-1702
-1239
-1663
-2821
-3727
-4381
-4544
-3754
-2879
-2690
-3139
-3277
-2629
-1721
-1120
-589
-254
-375
-611
-73
578
716
594
137
-735
-1235
-1167
-1277
-1748
-2463
-3306
-4405
-4912
-5177
-4503
-2721
-2414
-4149
-5391
-3806
-1591
-304
742
1211
544
264
2216
5082
6715
6070
5411
5372
5865
6737
7950
8460
6751
4756
3993
4400
4313
3801
2745
1037
-1018
-1795
-1245
-1091
-1942
-3235
-4031
-4504
-4126
-3269
-2636
-2814
-3277
-3106
-2181
-1332
-793
-361
-297
-567
-368
381
779
793
547
-227
-1032
-1155
-1086
-1381
-1972
-2812
-3913
-4786
-5089
-5128
-3718
-2415
-3312
-5268
-5065
-2731
-1057
-43
792
748
-34
809
3462
5942
6324
5512
5324
5560
6277
7269
8399
7791
5743
4370
4287
4455
4070
3381
2002
15
-1581
-1514
-1151
-1470
-2645
-3652
-4357
-4474
-3782
-2950
-2653
-3110
-3307
-2735
-1731
-1012
-416
-211
-414
-504
111
704
872
839
319
-601
-1129
-1087
-1160
-1544
-2239
-3181
-4302
-4902
-5272
-4546
-2679
-2466
-4326
-5569
-3932
-1728
-440
614
1151
393
37
2031
4937
6516
5925
5446
5356
5755
6635
7980
8451
6749
4914
4181
4369
4177
3790
2766
976
-1162
-1847
-1401
-1311
-2095
-3287
-4121
-4730
-4331
-3446
-2701
-2937
-3406
-3252
-2328
-1413
-716
-260
-334
-554
-356
390
707
850
595
-166
-987
-1216
-1144
-1322
-1763
-2573
-3634
-4588
-5033
-5056
-3439
-2122
-3094
-5077
-4980
-2648
-864
355
1241
1175
196
864
3560
6206
6553
5715
5456
5506
6127
7237
8499
7774
5740
4311
4142
4240
3926
3268
1851
-266
-1916
-1852
-1352
-1637
-2795
-3831
-4572
-4667
-3914
-2972
-2709
-3228
-3469
-2832
-1780
-1036
-498
-284
-424
-568
-53
550
732
681
163
-622
-1156
-1182
-1287
-1532
-2098
-3096
-4210
-4812
-5114
-4454
-2654
-2415
-4172
-5554
-4058
-1763
-360
698
1260
631
135
1930
5048
6744
6105
5492
5480
5870
6673
8061
8550
6920
4973
4186
4408
4324
3807
2751
985
-1134
-2004
-1468
-1185
-2043
-3340
-4178
-4621
-4227
-3311
-2631
-2907
-3458
-3274
-2223
-1261
-738
-394
-327
-502
-362
419
807
815
469
-187
-851
-1060
-1080
-1374
-1769
-2647
-3745
-4612
-4908
-5063
-3816
-2517
-3183
-5164
-5297
-3050
-1260
-131
824
1031
187
563
3152
5973
6535
5732
5421
5565
6128
7198
8487
8050
6046
4475
4209
4454
4169
3442
2074
57
-1749
-1906
-1267
-1422
-2652
-3780
-4448
-4567
-3836
-2910
-2601
-3155
-3480
-2837
-1680
-951
-531
-244
-247
-422
42
712
896
786
326
-411
-1050
-1150
-1220
-1486
-2144
-3168
-4248
-4812
-5140
-4748
-3062
-2398
-3896
-5545
-4343
-2005
-620
435
1258
874
118
1451
4484
6567
6304
5565
5332
5609
6413
7715
8518
7222
5143
4030
4215
4329
3853
2888
1222
-913
-2129
-1679
-1228
-1890
-3272
-4187
-4687
-4384
-3463
-2687
-2802
-3424
-3334
-2347
-1323
-796
-363
-126
-292
-306
358
806
889
677
88
-771
-1260
-1182
-1220
-1658
-2569
-3612
-4534
-4887
-5025
-3781
-2325
-2767
-4796
-5151
-2951
-1038
66
1069
1380
423
564
2970
5827
6649
5901
5405
5301
5885
6953
8150
7892
5961
4264
3912
4237
3975
3299
2011
101
-1777
-2003
-1370
-1467
-2623
-3836
-4523
-4648
-3914
-2999
-2636
-3151
-3464
-2875
-1749
-1008
-577
-251
-249
-443
-55
590
770
702
302
-400
-1138
-1256
-1157
-1410
-2112
-3010
-4036
-4667
-4917
-4567
-2962
-2321
-3685
-5336
-4270
-1951
-557
454
1260
871
107
1516
4438
6550
6305
5565
5324
5648
6552
7629
8331
7088
5126
4063
4320
4335
3764
2811
1278
-707
-1919
-1494
-1205
-1869
-3238
-4137
-4603
-4292
-3424
-2728
-2837
-3394
-3257
-2307
-1284
-792
-455
-287
-402
-358
262
716
684
454
-70
-745
-1177
-1173
-1362
-1872
-2540
-3450
-4432
-4862
-5046
-4179
-2663
-2751
-4508
-5270
-3420
-1466
-264
868
1272
430
389
2634
5562
6845
6099
5478
5461
6175
7071
8155
8207
6401
4600
4086
4428
4127
3409
2198
451
-1484
-1962
-1403
-1433
-2530
-3784
-4456
-4645
-4025
-3135
-2704
-3128
-3490
-2954
-1821
-1023
-627
-318
-244
-383
-140
552
817
672
339
-304
-945
-1164
-1181
-1578
-2108
-2882
-3926
-4728
-4969
-4809
-3384
-2379
-3379
-5036
-4530
-2337
-856
437
1340
1040
168
1257
4043
6437
6627
5709
5310
5606
6514
7496
8393
7402
5396
4090
4101
4238
3763
2859
1316
-611
-2028
-1787
-1387
-1854
-3225
-4176
-4675
-4478
-3598
-2849
-2822
-3390
-3344
-2510
-1421
-840
-389
-218
-281
-387
167
809
883
660
109
-647
-1138
-1085
-1208
-1621
-2336
-3376
-4417
-4749
-4789
-3956
-2470
-2585
-4306
-5015
-3172
-1293
-55
1075
1348
441
454
2698
5464
6659
5918
5262
5168
5898
6879
7971
7870
6059
4403
3836
4082
3885
3280
1947
160
-1587
-1978
-1468
-1471
-2491
-3758
-4395
-4609
-3921
-3044
-2630
-3014
-3294
-2868
-1860
-1007
-481
-172
-172
-326
-189
541
890
832
429
-286
-1021
-1182
-1128
-1399
-1948
-2815
-3960
-4662
-4784
-4638
-3248
-2263
-3306
-5040
-4425
-2220
-783
386
1274
946
88
1192
3877
6200
6302
5473
5122
5413
6251
7346
8213
7178
5285
4135
4099
4066
3702
2836
1294
-649
-1850
-1625
-1264
-1749
-3064
-3955
-4442
-4304
-3463
-2655
-2666
-3135
-3061
-2319
-1337
-674
-171
-57
-145
-294
137
792
909
654
93
-625
-1209
-1136
-1252
-1709
-2449
-3290
-4270
-4758
-4934
-4689
-3110
-2547
-3800
-5211
-3917
-1908
-584
622
1355
832
248
1857
4532
6595
6216
5453
5234
5804
6610
7687
8233
6797
5017
4209
4333
4052
3524
2426
794
-1064
-1845
-1531
-1401
-2202
-3491
-4148
-4508
-4175
-3287
-2605
-2861
-3266
-2937
-2033
-1163
-492
-49
-37
-250
-273
356
966
915
462
-123
-883
-1262
-1118
-1267
-1910
-2735
-3518
-4407
-4742
-4983
-4554
-3063
-2663
-4091
-5116
-3517
-1601
-358
778
1468
818
522
2330
5117
6828
6114
5316
5320
6069
6802
7770
7934
6310
4682
4241
4348
3881
3155
1977
387
-1255
-1786
-1557
-1668
-2607
-3669
-4209
-4465
-4031
-3123
-2655
-2961
-3213
-2706
-1829
-1006
-349
32
-55
-297
-93
642
1122
851
413
-262
-935
-1148
-1035
-1342
-2006
-2724
-3536
-4389
-4669
-4883
-4289
-2803
-2648
-4179
-4899
-3175
-1287
-56
1052
1514
755
671
2710
5590
6882
5869
5128
5299
5995
6718
7615
7544
5764
4265
3996
4037
3518
2761
1663
89
-1480
-1906
-1648
-1834
-2718
-3583
-4126
-4377
-3838
-2903
-2533
-2792
-2942
-2446
-1611
-786
-105
210
6
-220
90
849
1149
850
386
-333
-961
-1118
-1040
-1418
-2093
-2813
-3614
-4441
-4680
-4871
-4297
-2853
-2708
-4133
-4873
-3161
-1229
4
1042
1422
715
639
2761
5607
6789
5690
5015
5173
5890
6680
7538
7453
5585
4109
3828
3986
3458
2674
1562
-20
-1544
-1926
-1623
-1838
-2623
-3495
-4034
-4276
-3680
-2773
-2388
-2604
-2823
-2356
-1505
-596
99
335
26
-230
121
873
1258
939
381
-401
-1021
-1163
-994
-1237
-2097
-2946
-3775
-4477
-4644
-4669
-4439
-3157
-2685
-3860
-4807
-3249
-1114
-73
881
1406
978
717
2602
5351
6716
5783
4956
5200
5917
6638
7412
7584
5754
4102
3796
4054
3501
2570
1525
-18
-1527
-2041
-1771
-1895
-2627
-3612
-4117
-4297
-3845
-2943
-2400
-2612
-3018
-2562
-1583
-597
99
301
-36
-316
75
910
1473
1058
394
-330
-859
-1074
-862
-923
-1907
-2932
-3758
-4255
-4425
-4377
-4540
-3438
-2648
-3523
-4615
-3344
-1141
-307
576
1363
1292
798
2281
4904
6491
5869
5026
5351
5841
6383
7190
7696
6035
4220
3857
4041
3472
2505
1606
112
-1419
-2123
-1870
-1930
-2672
-3681
-4089
-4242
-4010
-3109
-2442
-2677
-3157
-2585
-1561
-657
19
275
7
-227
233
1059
1580
1110
477
-93
-607
-929
-730
-753
-1858
-2986
-3591
-3974
-4267
-4285
-4636
-3985
-3044
-3280
-4207
-3526
-1720
-815
71
1159
1464
1043
1930
4074
5898
5983
5355
5411
5674
6109
6897
7566
6395
4631
4007
3983
3476
2662
1792
392
-1036
-1885
-1824
-1881
-2508
-3437
-3809
-3941
-3857
-3107
-2387
-2470
-2866
-2353
-1457
-669
30
394
267
60
365
1009
1497
1263
654
-6
-615
-920
-777
-738
-1855
-3118
-3738
-4040
-4332
-4373
-4734
-4966
-3986
-3257
-3631
-3935
-2669
-1426
-649
626
1624
1622
1505
2935
5043
6223
5834
5452
5622
5948
6474
7121
7029
5433
4167
3800
3618
2841
1945
884
-369
-1541
-1990
-1905
-2313
-3003
-3532
-3573
-3685
-3289
-2557
-2169
-2293
-2121
-1431
-780
-104
360
582
482
448
740
1187
1287
804
164
-505
-909
-997
-931
-1675
-2891
-3650
-3985
-4237
-4496
-4838
-5380
-4304
-3003
-3045
-4014
-3306
-1744
-886
552
1938
2111
1194
2139
4485
6400
6331
5640
5569
5671
6146
6814
7381
5959
4214
3569
3524
2854
1960
1143
-143
-1494
-2269
-2167
-2410
-2897
-3516
-3644
-3804
-3716
-2956
-2232
-2097
-2122
-1557
-981
-398
210
731
715
551
635
978
1218
936
443
-121
-589
-973
-1114
-1497
-2408
-3185
-3566
-3897
-4425
-4787
-5319
-4534
-2862
-2335
-3598
-3893
-2302
-941
482
1972
2418
1218
1351
3640
6149
6724
5878
5399
5324
5780
6528
7346
6457
4445
3366
3299
3007
2136
1351
88
-1327
-2334
-2317
-2342
-2744
-3378
-3754
-3898
-4016
-3293
-2460
-2031
-2121
-1806
-1310
-689
97
785
928
585
525
816
1263
1187
777
255
-286
-811
-1140
-1309
-1886
-2728
-3262
-3662
-4191
-4677
-4951
-4870
-3649
-2400
-2821
-3929
-3321
-1435
44
1361
2166
1801
1175
2503
5062
6595
6242
5431
5242
5530
6218
6865
6755
5191
3652
3142
3137
2499
1495
434
-765
-1831
-2272
-2190
-2436
-2987
-3492
-3609
-3752
-3360
-2590
-1896
-1710
-1687
-1429
-817
72
788
1188
932
577
631
1164
1383
1056
579
-98
-802
-1324
-1392
-1642
-2384
-3221
-3791
-4240
-4737
-4858
-4982
-4650
-3419
-2650
-3417
-3934
-2513
-692
474
1461
2029
1667
1771
3544
5637
6424
5835
5296
5380
5849
6282
6521
6048
4585
3328
2986
2712
1802
830
-19
-976
-1910
-2271
-2304
-2528
-2948
-3208
-3341
-3301
-2850
-2064
-1375
-1276
-1376
-1087
-258
531
1135
1252
880
540
731
1150
1232
952
248
-647
-1349
-1602
-1599
-1873
-2712
-3607
-4239
-4634
-4778
-4695
-4833
-4071
-2844
-2732
-3738
-3267
-1344
-50
841
1838
2183
1600
2308
4347
6176
6208
5394
5127
5439
5756
6004
6345
5503
3833
2768
2655
2143
1249
516
-286
-1398
-2307
-2388
-2327
-2501
-2943
-3160
-3257
-3090
-2476
-1584
-1096
-1317
-1346
-769
144
804
1195
1044
588
414
754
1178
1139
526
-406
-1154
-1548
-1625
-1583
-2138
-3161
-3984
-4320
-4484
-4455
-4563
-4422
-3224
-2394
-2977
-3507
-2048
-446
395
1455
2364
1966
1628
3227
5378
6302
5596
5005
5045
5333
5589
6044
5971
4419
2912
2454
2412
1657
879
155
-881
-2004
-2371
-2151
-2266
-2646
-3070
-3118
-3101
-2691
-1972
-1301
-1270
-1493
-1106
-267
511
925
1082
695
348
546
1095
1243
704
-130
-867
-1268
-1439
-1476
-1772
-2718
-3587
-3974
-4047
-4293
-4389
-4621
-3871
-2576
-2414
-3281
-2953
-1169
-85
928
2060
2299
1492
2218
4342
5913
5844
5029
4828
5001
5346
5639
5965
5009
3292
2428
2464
2077
1107
440
-351
-1430
-2176
-2015
-2012
-2338
-2750
-2817
-2791
-2654
-2071
-1391
-1027
-1221
-1078
-422
402
883
1194
974
493
495
1019
1335
890
106
-635
-1090
-1323
-1472
-1710
-2456
-3402
-3941
-3993
-4246
-4467
-4757
-4675
-3360
-2404
-2903
-3575
-2312
-742
251
1386
2223
1723
1458
3105
5149
5982
5288
4757
4840
5156
5359
5761
5628
4064
2716
2508
2473
1577
800
271
-601
-1690
-1973
-1793
-1990
-2366
-2535
-2456
-2584
-2290
-1593
-932
-935
-1063
-673
108
638
970
1044
681
439
727
1170
973
292
-370
-786
-1110
-1384
-1699
-2143
-2990
-3668
-3920
-3996
-4364
-4581
-4936
-4320
-2883
-2353
-3156
-3284
-1742
-512
538
1662
2150
1525
1886
3663
5371
5741
5052
4854
4943
5103
5245
5745
5211
3721
2779
2557
2123
1302
903
274
-692
-1710
-1856
-1826
-1908
-2145
-2235
-2366
-2495
-2057
-1341
-780
-896
-908
-445
205
534
792
812
586
497
710
776
400
-80
-456
-833
-1239
-1677
-2058
-2489
-3136
-3603
-3800
-4052
-4450
-4670
-4820
-3799
-2445
-2274
-3216
-2889
-1394
-257
877
2002
2137
1520
2101
3868
5404
5581
4970
4726
4738
4761
5097
5614
5076
3607
2634
2220
1873
1383
1038
332
-783
-1748
-1844
-1590
-1565
-1838
-2076
-2313
-2382
-1911
-1104
-665
-895
-943
-492
3
354
711
753
451
205
335
383
220
-103
-519
-1114
-1632
-1949
-2086
-2431
-3102
-3536
-3795
-4186
-4484
-4530
-4355
-3143
-2145
-2529
-3285
-2406
-920
164
1368
2116
1773
1355
2512
4328
5505
5260
4581
4415
4478
4652
5180
5608
4552
3033
2311
2170
1776
1306
912
51
-1068
-1682
-1470
-1297
-1446
-1761
-1906
-2151
-2062
-1459
-743
-623
-880
-730
-293
173
572
869
633
234
110
370
455
205
-262
-891
-1515
-1856
-1946
-2075
-2647
-3353
-3792
-4055
-4384
-4395
-4475
-4130
-2857
-2181
-2901
-3223
-1836
-523
382
1502
2046
1508
1521
3083
4794
5419
4845
4427
4440
4515
4760
5468
5447
3911
2654
2433
2333
1632
1211
709
-197
-1230
-1451
-1208
-1230
-1555
-1813
-1900
-2132
-1834
-1198
-658
-806
-931
-684
-176
317
676
757
336
32
136
548
538
41
-600
-1227
-1618
-1775
-1823
-2113
-2903
-3641
-3999
-3999
-4175
-4234
-4591
-4224
-2895
-2125
-2737
-2970
-1698
-626
312
1504
2163
1625
1703
3149
4727
5253
4822
4593
4533
4536
4806
5512
5300
3855
2793
2622
2323
1582
1254
830
-64
-1123
-1361
-1164
-1194
-1502
-1688
-1873
-2190
-1890
-1156
-618
-794
-964
-780
-249
313
637
592
162
-81
104
521
456
-145
-837
-1338
-1550
-1655
-1796
-2164
-3003
-3702
-3892
-3728
-3931
-4219
-4624
-4304
-2952
-1987
-2392
-2899
-1925
-802
246
1418
2135
1691
1576
2756
4317
5108
4843
4514
4343
4415
4722
5357
5340
4175
3060
2682
2432
1875
1611
1231
350
-776
-1187
-976
-962
-1192
-1508
-1837
-2215
-1885
-1158
-630
-769
-1042
-947
-419
201
438
432
115
-113
-50
297
249
-249
-803
-1213
-1508
-1717
-1925
-2221
-2902
-3572
-3754
-3684
-3949
-4402
-4624
-4367
-3103
-2083
-2306
-3020
-2269
-970
78
1239
2014
1695
1317
2327
3949
5029
4918
4391
4104
4228
4643
5283
5525
4512
3132
2552
2529
2289
1981
1556
583
-580
-1117
-772
-652
-893
-1425
-1850
-2149
-1801
-1063
-578
-647
-1047
-1000
-484
226
434
500
254
-94
-202
129
263
-102
-590
-1101
-1572
-1836
-1999
-2198
-2691
-3399
-3788
-3864
-4016
-4476
-4593
-4473
-3407
-2326
-2237
-3007
-2574
-1272
-226
953
1943
1823
1213
1957
3576
4931
5133
4574
4148
4237
4677
5353
5765
4948
3385
2675
2725
2614
2229
1788
795
-420
-1039
-751
-593
-958
-1518
-1938
-2180
-2045
-1371
-835
-830
-1254
-1293
-788
-69
255
320
204
-228
-388
-36
367
123
-399
-965
-1457
-1710
-1824
-1919
-2300
-2989
-3617
-3813
-3912
-4181
-4317
-4373
-3759
-2584
-2104
-2747
-2799
-1676
-544
521
1627
1851
1357
1640
3015
4561
5247
4757
4258
4363
4766
5263
5704
5306
3868
2991
2925
2850
2352
1852
991
-25
-746
-770
-691
-1088
-1571
-1930
-2033
-2112
-1697
-1186
-1029
-1329
-1396
-979
-413
-21
78
94
-267
-424
-114
328
213
-324
-879
-1252
-1451
-1580
-1729
-1995
-2697
-3415
-3603
-3636
-3838
-4152
-4246
-4149
-2951
-2085
-2345
-2999
-2272
-1017
-29
1121
1694
1554
1282
2301
3847
5059
4899
4359
4423
4702
5101
5421
5602
4539
3447
3073
3066
2589
1961
1417
586
-227
-773
-684
-996
-1319
-1698
-1788
-1978
-1867
-1372
-1060
-1074
-1267
-1049
-652
-129
42
122
-72
-281
-168
127
200
-244
-761
-1107
-1373
-1648
-1925
-2103
-2656
-3367
-3656
-3757
-3963
-4393
-4423
-4452
-3421
-2434
-2342
-3122
-2801
-1466
-391
729
1514
1673
1202
1893
3421
4867
5080
4599
4512
4665
5037
5403
5770
5088
3830
3174
3098
2810
2175
1789
1065
143
-727
-719
-797
-1052
-1431
-1692
-1905
-1987
-1451
-1005
-850
-1110
-1108
-786
-185
107
230
134
-146
-270
-66
116
-129
-591
-939
-1375
-1799
-2088
-2214
-2506
-3173
-3581
-3915
-4133
-4534
-4406
-4406
-3828
-2834
-2446
-2988
-3099
-1824
-646
350
1215
1655
1362
1668
3006
4491
5236
4888
4615
4693
5061
5485
5822
5602
4361
3447
3144
3075
2544
2066
1382
443
-528
-838
-742
-1026
-1411
-1896
-2072
-2202
-1775
-1282
-1098
-1226
-1348
-1084
-470
3
107
106
-139
-323
-197
114
48
-355
-809
-1265
-1634
-1811
-2010
-2321
-2882
-3438
-3689
-3904
-4189
-4384
-4304
-4247
-3294
-2303
-2434
-3103
-2546
-1101
-47
1003
1707
1591
1403
2280
3848
5091
5336
4745
4579
4781
5316
5682
5797
5021
3736
3174
3051
2855
2253
1647
777
-153
-816
-813
-966
-1328
-1777
-2076
-2209
-2051
-1578
-1298
-1233
-1331
-1291
-859
-290
-28
73
-27
-314
-342
-19
156
-48
-533
-1077
-1533
-1582
-1734
-2064
-2546
-3183
-3600
-3733
-3791
-4163
-4240
-4325
-3993
-2832
-2060
-2521
-2894
-1837
-594
394
1440
1964
1688
1715
2914
4414
5373
5146
4735
4691
4861
5234
5593
5595
4404
3360
2974
2842
2341
1855
1252
364
-588
-991
-923
-1152
-1447
-1849
-2043
-2218
-1862
-1376
-1096
-1184
-1279
-1085
-564
-38
170
243
-67
-337
-180
277
311
-163
-786
-1369
-1621
-1637
-1836
-2255
-2840
-3515
-3928
-3884
-3935
-4284
-4418
-4420
-3972
-2812
-2146
-2543
-2607
-1513
-360
588
1721
2189
1942
2081
3406
4787
5482
5167
4893
4834
4925
5278
5620
5431
4157
3290
2927
2704
2180
1679
1024
138
-731
-1057
-979
-1197
-1588
-1952
-2014
-2070
-1792
-1344
-1153
-1234
-1189
-827
-342
14
156
160
-106
-218
-54
188
32
-401
-971
-1475
-1758
-1852
-2127
-2462
-2991
-3656
-3972
-4030
-4094
-4490
-4399
-4453
-3906
-2741
-2074
-2474
-2498
-1312
-128
977
1935
2400
2166
2466
3638
5030
5751
5329
4948
4849
5074
5303
5621
5355
4225
3247
2803
2621
2176
1565
857
115
-790
-1198
-1173
-1290
-1709
-1960
-2006
-2048
-1907
-1481
-1185
-1103
-1009
-744
-335
-68
65
116
-17
-149
-149
-122
-204
-516
-1032
-1574
-1890
-2056
-2376
-2585
-3041
-3637
-3961
-4084
-4162
-4490
-4291
-4320
-3619
-2523
-1958
-2330
-2198
-969
176
1321
2105
2515
2267
2701
3769
5092
5690
5219
4788
4670
4919
5114
5426
5089
3979
2972
2559
2413
1969
1395
745
42
-818
-1155
-1114
-1235
-1601
-1807
-1896
-1945
-1775
-1347
-989
-910
-894
-735
-318
-19
121
162
-17
-294
-343
-264
-255
-589
-1172
-1758
-2053
-2151
-2385
-2549
-3000
-3602
-3995
-4035
-4031
-4238
-4079
-4057
-3500
-2441
-1844
-2072
-1888
-727
265
1201
2077
2494
2327
2688
3732
4826
5417
5041
4644
4603
4770
4946
5208
5015
3830
2870
2525
2333
1845
1388
836
25
-750
-1080
-1013
-1150
-1477
-1758
-1854
-1895
-1757
-1297
-924
-908
-983
-791
-379
0
162
204
-52
-411
-465
-282
-236
-655
-1249
-1786
-2103
-2232
-2356
-2522
-2959
-3582
-3976
-3964
-3898
-4063
-3915
-3821
-3508
-2489
-1733
-1795
-1795
-712
233
1011
1966
2548
2487
2645
3620
4633
5325
5062
4745
4678
4733
4878
5136
5103
3954
2968
2504
2294
1855
1467
938
81
-797
-1236
-1082
-1179
-1494
-1812
-1860
-1980
-1836
-1323
-1009
-1044
-1095
-836
-458
-56
84
142
-111
-464
-479
-241
-203
-675
-1234
-1758
-2118
-2237
-2340
-2550
-3012
-3605
-3937
-3858
-3750
-3990
-3917
-3873
-3490
-2349
-1518
-1698
-1881
-815
217
1141
2120
2670
2449
2549
3571
4756
5496
5143
4722
4542
4656
4919
5242
5092
3910
2886
2399
2272
1910
1489
870
32
-886
-1304
-1084
-1137
-1491
-1786
-1808
-1933
-1734
-1215
-999
-1099
-1114
-864
-486
-102
30
-27
-293
-589
-488
-233
-204
-735
-1322
-1884
-2142
-2118
-2212
-2565
-3126
-3602
-3812
-3561
-3457
-3764
-3944
-3882
-3384
-2062
-1216
-1513
-1886
-960
206
1225
2252
2670
2353
2314
3342
4594
5428
5039
4474
4232
4413
4755
5074
4963
3840
2773
2325
2272
1915
1454
853
86
-733
-1112
-934
-942
-1283
-1571
-1586
-1634
-1547
-1176
-945
-997
-1074
-920
-536
-223
-116
-220
-456
-701
-633
-408
-362
-816
-1422
-1970
-2118
-2051
-2158
-2553
-3043
-3416
-3578
-3334
-3273
-3549
-3865
-3704
-3343
-2074
-1172
-1342
-1859
-1189
84
1039
2087
2534
2380
2163
3033
4195
5203
5034
4423
4218
4291
4632
4889
5025
4114
3007
2432
2280
1969
1544
1009
273
-466
-1017
-937
-916
-1142
-1482
-1529
-1551
-1665
-1379
-1064
-1041
-1118
-980
-700
-426
-233
-241
-384
-591
-654
-581
-414
-735
-1266
-1711
-1938
-2050
-2155
-2380
-2786
-3069
-3343
-3292
-3364
-3465
-3843
-3552
-3322
-2697
-1656
-1273
-1658
-1637
-236
766
1596
2213
2562
2300
2690
3713
4743
5267
4677
4394
4337
4666
4776
5010
4756
3578
2668
2267
2141
1676
1324
605
-73
-923
-1162
-1039
-1140
-1367
-1685
-1615
-1887
-1789
-1410
-1077
-1131
-1068
-875
-643
-368
-209
-132
-281
-437
-672
-560
-514
-872
-1276
-1636
-1918
-2192
-2280
-2452
-2665
-3032
-3370
-3458
-3461
-3580
-3646
-3169
-3170
-2554
-1590
-1146
-1449
-944
284
961
1698
2424
2700
2460
2973
3748
4790
5100
4574
4271
4300
4549
4547
4867
4361
3141
2299
2079
1919
1550
1125
438
-284
-1045
-1060
-1020
-1081
-1398
-1579
-1677
-1927
-1691
-1275
-959
-973
-957
-878
-618
-358
-153
-86
-278
-636
-849
-655
-641
-888
-1291
-1736
-2067
-2213
-2219
-2346
-2628
-3119
-3394
-3362
-3253
-3385
-3305
-3140
-3101
-2048
-1038
-865
-1248
-590
323
1065
2060
2716
2559
2190
2775
3723
4903
4869
4285
3901
3986
4201
4446
4790
3812
2628
1969
2024
1860
1584
1032
303
-492
-950
-782
-796
-937
-1389
-1473
-1701
-1717
-1434
-1000
-861
-993
-1046
-882
-605
-417
-188
-283
-646
-996
-896
-691
-674
-954
-1444
-1942
-2162
-2146
-2076
-2240
-2696
-3138
-3283
-3200
-3104
-3186
-3053
-3158
-2752
-1515
-685
-950
-1226
-406
445
1306
2272
2741
2264
2105
2889
4092
4979
4650
4167
3900
4055
4199
4621
4668
3472
2441
2095
2155
1840
1543
954
206
-629
-836
-728
-789
-1100
-1529
-1624
-1852
-1778
-1459
-1075
-1142
-1293
-1273
-1022
-779
-523
-371
-613
-952
-1068
-807
-564
-587
-977
-1552
-1951
-2036
-1951
-1882
-2143
-2623
-3079
-3202
-3105
-2947
-3055
-2933
-3131
-2613
-1352
-622
-1001
-1250
-263
510
1365
2330
2792
2247
2240
3103
4267
5003
4660
4290
4037
4183
4213
4661
4638
3417
2470
2210
2171
1725
1461
936
150
-723
-907
-813
-889
-1236
-1647
-1742
-2001
-1934
-1550
-1195
-1343
-1502
-1389
-1121
-868
-538
-450
-724
-991
-981
-696
-444
-563
-1026
-1566
-1815
-1817
-1756
-1752
-2074
-2538
-2965
-2997
-2853
-2749
-2979
-2900
-3093
-2556
-1233
-577
-1068
-1397
-330
438
1300
2294
2659
2056
2085
2980
4113
4894
4521
4042
3798
4055
4137
4619
4638
3406
2480
2266
2288
1879
1606
1029
203
-580
-742
-644
-753
-1150
-1597
-1635
-1851
-1854
-1549
-1296
-1479
-1618
-1408
-1194
-996
-703
-610
-808
-979
-972
-769
-550
-710
-1099
-1506
-1656
-1708
-1665
-1640
-1961
-2363
-2706
-2681
-2571
-2571
-2845
-2785
-2908
-2478
-1201
-604
-1136
-1523
-490
349
1183
2154
2394
1807
1831
2754
3873
4726
4335
3724
3584
3967
4185
4660
4731
3522
2595
2412
2513
2197
1859
1188
353
-346
-560
-467
-564
-1036
-1575
-1640
-1845
-1928
-1698
-1490
-1686
-1817
-1660
-1483
-1264
-947
-792
-900
-1051
-1159
-980
-671
-717
-980
-1312
-1497
-1636
-1542
-1405
-1645
-2031
-2436
-2495
-2466
-2461
-2706
-2621
-2755
-2650
-1537
-770
-1168
-1684
-767
70
826
1786
2201
1721
1649
2523
3607
4579
4387
3858
3735
4129
4344
4797
4990
3916
2901
2651
2730
2398
2022
1391
558
-195
-516
-506
-607
-1048
-1627
-1808
-2036
-2143
-1935
-1636
-1764
-1916
-1818
-1575
-1273
-902
-703
-814
-959
-1071
-840
-478
-417
-720
-1049
-1281
-1379
-1297
-1159
-1463
-1896
-2342
-2549
-2540
-2471
-2662
-2830
-2850
-2984
-2016
-1061
-1046
-1789
-1230
-366
416
1494
2137
1867
1476
2255
3226
4474
4697
4256
3847
4022
4350
4691
5109
4254
3131
2530
2541
2291
1935
1436
535
-247
-832
-844
-999
-1206
-1784
-2110
-2335
-2473
-2234
-1870
-1691
-1899
-1824
-1645
-1232
-793
-460
-509
-682
-747
-571
-122
82
-159
-552
-835
-933
-891
-754
-1109
-1643
-2095
-2384
-2428
-2329
-2463
-2912
-2947
-3029
-2354
-1307
-956
-1688
-1741
-791
99
1156
1930
1867
1364
1810
2872
4133
4831
4392
3809
3792
4261
4591
4949
4563
3339
2542
2353
2371
1973
1507
653
-189
-882
-1089
-1078
-1263
-1710
-2282
-2433
-2548
-2327
-1963
-1628
-1752
-1842
-1652
-1237
-735
-372
-275
-463
-539
-425
-6
304
222
-192
-574
-786
-816
-753
-924
-1493
-2006
-2421
-2518
-2478
-2496
-2884
-3082
-3159
-2818
-1712
-1066
-1454
-1957
-1206
-273
697
1667
1982
1559
1493
2448
3698
4760
4595
3990
3733
4052
4472
4869
4956
3838
2721
2309
2436
2192
1752
1057
24
-804
-1176
-1026
-1141
-1558
-2255
-2567
-2574
-2433
-2064
-1776
-1768
-2008
-1772
-1364
-909
-515
-284
-355
-479
-361
-110
299
359
82
-378
-669
-842
-851
-798
-1152
-1737
-2279
-2558
-2574
-2528
-2671
-3021
-3082
-3168
-2369
-1264
-1007
-1699
-1586
-541
267
1324
2088
2061
1557
2049
3129
4391
4954
4378
3902
3905
4324
4637
5078
4557
3182
2320
2223
2204
1757
1259
322
-650
-1363
-1393
-1256
-1474
-2030
-2546
-2643
-2610
-2274
-1886
-1677
-1782
-1795
-1436
-961
-474
-108
-9
-188
-197
-22
280
538
396
-97
-617
-827
-914
-881
-1048
-1584
-2209
-2614
-2758
-2763
-2791
-3093
-3347
-3275
-3147
-2141
-1150
-1176
-1788
-1190
-11
747
1748
2249
2059
1781
2674
3705
4773
4897
4202
3938
4154
4586
4686
4871
3914
2702
2150
2182
1902
1291
641
-302
-1046
-1566
-1443
-1460
-1751
-2306
-2502
-2433
-2324
-1979
-1604
-1452
-1507
-1312
-886
-418
-46
289
285
107
113
274
492
619
352
-248
-719
-907
-1006
-1023
-1271
-1917
-2539
-2798
-2920
-2974
-3063
-3321
-3470
-3355
-3123
-2127
-1160
-1226
-1697
-977
179
839
1705
2237
2117
1960
2769
3779
4613
4626
4065
3938
4150
4411
4389
4403
3501
2412
1978
2000
1621
929
310
-453
-1150
-1563
-1417
-1496
-1837
-2255
-2264
-2141
-2024
-1736
-1323
-1200
-1222
-975
-478
-156
101
400
456
279
221
336
481
583
283
-179
-583
-838
-1051
-1010
-1179
-1865
-2468
-2721
-2885
-2948
-2973
-3117
-3357
-3283
-3195
-2175
-1086
-974
-1577
-1124
9
650
1598
2201
2289
1876
2491
3446
4381
4556
4041
3888
3935
4145
4038
4248
3564
2474
1850
1797
1525
823
380
-297
-963
-1573
-1488
-1494
-1711
-2031
-2112
-2011
-1986
-1646
-1249
-979
-1086
-958
-573
-181
49
281
437
238
99
172
406
481
244
-202
-602
-884
-1073
-1077
-1224
-1809
-2417
-2698
-2862
-2858
-2820
-2947
-3306
-3235
-3190
-2452
-1247
-748
-1351
-1384
-293
504
1459
2187
2403
1924
2211
3095
4088
4677
4229
3802
3652
3915
3909
4170
3832
2757
1908
1614
1540
1039
631
-45
-684
-1360
-1490
-1341
-1376
-1684
-1928
-1893
-1849
-1539
-1105
-822
-879
-873
-605
-147
144
356
438
325
105
225
405
452
222
-207
-635
-923
-1048
-1209
-1403
-1873
-2372
-2657
-2752
-2863
-2880
-3011
-3262
-3308
-3049
-2814
-1860
-1055
-1139
-1535
-762
236
927
1735
2134
2050
1906
2661
3513
4351
4267
3756
3534
3638
3834
3922
3957
3130
2219
1708
1641
1447
931
414
-254
-834
-1242
-1077
-1036
-1390
-1728
-1837
-1715
-1574
-1185
-995
-930
-900
-683
-202
62
235
290
409
279
377
448
401
281
49
-270
-618
-780
-1110
-1254
-1514
-1853
-2306
-2473
-2735
-2870
-2954
-3055
-3198
-3098
-3016
-2603
-1586
-1223
-1509
-1376
-419
135
876
1615
1882
1763
2004
2773
3582
4148
3838
3630
3611
3677
3725
3850
3658
2755
2145
1800
1718
1256
799
341
-231
-793
-1026
-853
-1148
-1470
-1701
-1609
-1596
-1446
-1206
-1034
-893
-802
-412
-100
-12
36
317
433
380
419
293
171
114
50
-333
-626
-926
-1234
-1276
-1438
-1869
-2388
-2603
-2920
-2924
-2907
-3022
-3325
-3215
-3124
-2469
-1441
-1184
-1612
-1470
-526
128
1026
1744
1882
1634
2009
2828
3784
4319
3975
3713
3658
3818
3910
4115
3823
2944
2315
1962
1788
1351
1005
409
-187
-820
-999
-947
-1112
-1366
-1602
-1578
-1656
-1445
-1135
-835
-797
-698
-495
-241
-35
219
493
461
357
260
278
324
325
67
-422
-751
-979
-1155
-1259
-1558
-2136
-2634
-2891
-3053
-3015
-3114
-3387
-3745
-3573
-3511
-2703
-1684
-1460
-2032
-1853
-779
-8
959
1677
1847
1477
1990
2909
4027
4528
4142
3834
3755
4100
4236
4553
4138
3235
2496
2243
2092
1621
1233
520
-130
-885
-986
-998
-1142
-1478
-1723
-1747
-1796
-1570
-1260
-955
-970
-863
-665
-329
-59
282
548
489
421
398
488
601
570
259
-227
-541
-793
-980
-1170
-1577
-2175
-2583
-2858
-3130
-3145
-3329
-3607
-3910
-3712
-3786
-3054
-2032
-1786
-2204
-1926
-902
-244
774
1599
1938
1685
2198
3031
4118
4665
4343
4102
4047
4306
4370
4686
4323
3403
2655
2424
2240
1719
1252
579
-75
-855
-1075
-1107
-1254
-1653
-1952
-1918
-1886
-1725
-1431
-1102
-1149
-1036
-711
-247
-2
284
554
553
562
603
661
699
663
384
-19
-369
-706
-994
-1209
-1578
-2160
-2630
-2887
-3315
-3429
-3573
-3671
-4004
-3890
-3987
-3505
-2418
-1921
-2058
-1989
-1023
-494
534
1579
2269
2146
2381
3069
3929
4800
4706
4592
4347
4396
4312
4592
4611
3789
2966
2432
2150
1555
1241
686
82
-785
-1327
-1437
-1510
-1683
-1983
-1942
-1982
-1943
-1620
-1118
-992
-887
-580
-186
55
373
724
835
762
718
661
636
653
483
113
-437
-848
-1236
-1382
-1642
-2120
-2814
-3197
-3514
-3764
-3773
-3816
-4037
-4258
-4137
-3968
-2838
-1915
-1729
-2010
-1346
-499
322
1613
2519
2644
2354
2936
3744
4828
5163
4970
4655
4348
4366
4557
4962
4369
3342
2496
2027
1612
1282
960
226
-620
-1524
-1652
-1624
-1635
-1912
-1998
-2060
-2183
-1784
-1208
-872
-820
-529
-295
20
386
804
1005
958
802
664
687
678
574
292
-282
-850
-1263
-1487
-1705
-2044
-2684
-3347
-3628
-3918
-3953
-4002
-4054
-4442
-4309
-4187
-3510
-2228
-1531
-1727
-1721
-674
156
1312
2471
2981
2626
2667
3499
4600
5481
5312
4902
4525
4374
4546
4920
4932
3795
2709
1943
1681
1416
1089
472
-414
-1350
-1912
-1626
-1564
-1783
-2151
-2132
-2272
-2072
-1409
-946
-851
-768
-459
-185
274
631
888
906
802
649
639
693
507
294
-97
-602
-1103
-1464
-1715
-2020
-2431
-3071
-3476
-3839
-4045
-4067
-4022
-4148
-4261
-4023
-3891
-2895
-1778
-1279
-1464
-1029
-129
758
2009
2881
3107
2772
3123
3958
5100
5589
5198
4759
4389
4432
4575
4866
4356
3214
2155
1587
1473
1172
729
-28
-852
-1692
-1799
-1525
-1567
-1886
-2122
-2098
-2073
-1633
-1054
-689
-626
-505
-172
204
584
844
1016
934
786
632
590
489
300
40
-434
-937
-1498
-1834
-2064
-2366
-2911
-3528
-3960
-4321
-4391
-4343
-4262
-4358
-4334
-4159
-3760
-2513
-1527
-1158
-1272
-679
246
1291
2484
3177
3264
2997
3542
4455
5534
5680
5154
4645
4373
4540
4631
4752
3947
2823
1822
1476
1318
944
452
-354
-1070
-1744
-1671
-1562
-1530
-1800
-1914
-1884
-1754
-1291
-715
-264
-230
-104
129
494
878
1220
1279
1039
805
578
524
467
281
-131
-757
-1288
-1795
-1973
-2228
-2621
-3294
-3933
-4307
-4526
-4452
-4523
-4438
-4614
-4443
-4298
-3591
-2237
-1329
-1208
-1370
-456
492
1606
2698
3382
3134
2929
3719
4738
5724
5544
4948
4354
4267
4454
4644
4688
3617
2430
1547
1449
1142
808
245
-535
-1267
-1801
-1630
-1525
-1444
-1766
-1762
-1764
-1602
-1136
-414
-1
-91
24
207
588
985
1413
1340
978
671
470
541
487
223
-355
-1012
-1600
-1947
-2022
-2341
-2878
-3599
-4111
-4374
-4382
-4304
-4380
-4388
-4500
-4231
-3913
-3143
-1841
-969
-924
-1019
5
1024
2020
3031
3601
3298
3090
3932
4834
5695
5386
4726
4125
4078
4239
4351
4347
3144
1978
1162
1184
834
498
-102
-861
-1502
-1886
-1643
-1526
-1441
-1814
-1748
-1625
-1367
-916
-225
80
-81
100
391
756
1083
1398
1256
877
674
483
547
364
-7
-650
-1235
-1793
-2138
-2209
-2621
-3194
-3895
-4187
-4340
-4238
-4254
-4268
-4275
-4260
-3927
-3398
-2779
-1735
-789
-489
-513
272
1301
2133
3103
3652
3542
3228
3782
4493
5313
5294
4642
3997
3765
3905
3949
4009
3040
1878
1011
871
728
466
-16
-769
-1348
-1718
-1531
-1298
-1145
-1444
-1501
-1318
-1012
-576
20
275
156
267
608
977
1238
1403
1248
922
658
464
384
146
-306
-857
-1460
-2020
-2422
-2571
-2904
-3384
-3987
-4338
-4443
-4298
-4313
-4288
-4219
-4142
-3880
-3281
-2744
-1891
-777
-274
-267
135
1178
1934
2875
3578
3624
3259
3373
4028
4796
5209
4638
3992
3579
3600
3716
3809
3307
2102
1249
822
768
594
295
-339
-943
-1344
-1417
-1099
-855
-934
-1140
-1030
-833
-535
28
401
342
290
494
787
1049
1255
1161
826
433
141
-25
-180
-570
-1055
-1641
-2256
-2678
-2887
-3026
-3385
-3805
-4283
-4431
-4313
-4187
-4100
-3990
-3867
-3792
-3170
-2685
-1884
-708
62
-5
71
1058
1880
2751
3527
3768
3349
3235
3758
4501
5177
4720
4038
3564
3539
3607
3749
3556
2448
1505
993
944
768
563
-14
-554
-982
-1217
-983
-624
-611
-899
-882
-720
-562
-144
336
323
149
163
376
585
803
731
432
-2
-354
-586
-687
-995
-1467
-1937
-2493
-2893
-3132
-3185
-3402
-3663
-3990
-4190
-4065
-3890
-3742
-3567
-3378
-3297
-2925
-2296
-1794
-681
281
512
217
800
1722
2416
3238
3575
3376
2915
3277
3852
4688
4682
3949
3442
3247
3408
3465
3645
2912
1888
1264
1181
1205
1042
676
43
-343
-679
-574
-217
-101
-420
-644
-505
-407
-193
192
290
46
-126
-33
97
293
248
-8
-399
-739
-957
-1047
-1171
-1617
-1992
-2451
-2764
-3042
-3074
-3196
-3386
-3620
-3842
-3818
-3582
-3413
-3380
-3213
-3136
-2939
-2464
-1938
-1427
-393
220
170
136
969
1671
2286
3022
3134
2823
2636
3212
3842
4537
4269
3650
3332
3336
3569
3714
3783
2879
2039
1639
1699
1707
1521
1048
350
-49
-285
-16
157
12
-461
-625
-514
-439
-201
-17
-128
-456
-477
-344
-252
-163
-257
-542
-912
-1070
-1142
-1145
-1328
-1716
-2053
-2397
-2575
-2733
-2743
-2948
-3180
-3413
-3541
-3490
-3264
-3180
-3242
-3203
-3105
-2865
-2383
-1966
-1678
-696
-50
-36
-94
830
1465
1977
2761
3062
2839
2616
3285
3903
4661
4459
3938
3690
3725
3992
4107
4231
3353
2544
2104
2122
2039
1770
1297
517
47
-332
-119
-64
-246
-796
-1028
-981
-927
-709
-583
-631
-1001
-970
-800
-652
-621
-605
-821
-1170
-1260
-1240
-1160
-1311
-1609
-1984
-2260
-2375
-2461
-2465
-2700
-3029
-3283
-3295
-3253
-3101
-3068
-3179
-3167
-3000
-2649
-2294
-1867
-1797
-953
-94
216
81
738
1446
1843
2670
3250
3294
2882
3367
3954
4723
4817
4391
4113
3958
4141
4202
4388
3770
2909
2303
2122
2024
1692
1288
553
-44
-570
-564
-498
-651
-1091
-1448
-1508
-1481
-1296
-1102
-1012
-1253
-1373
-1184
-964
-812
-694
-757
-1084
-1221
-1118
-967
-971
-1203
-1597
-1949
-2027
-2074
-2068
-2295
-2686
-3028
-3067
-3042
-2998
-3006
-3211
-3218
-3042
-2661
-2505
-2076
-1995
-1506
-513
213
179
306
1109
1616
2403
3201
3611
3199
3271
3884
4624
5164
4923
4543
4148
4217
4281
4435
4225
3371
2508
2015
1968
1658
1258
616
-44
-690
-983
-928
-979
-1260
-1694
-1846
-1836
-1729
-1539
-1237
-1227
-1458
-1379
-1055
-772
-599
-433
-599
-835
-806
-658
-585
-738
-1073
-1559
-1703
-1811
-1889
-2085
-2412
-2826
-3074
-3041
-3162
-3139
-3322
-3366
-3312
-2988
-2854
-2618
-2188
-1967
-1036
-111
308
28
706
1539
2215
3092
3704
3640
3260
3842
4507
5287
5368
4915
4390
4220
4399
4428
4493
3752
2747
1956
1740
1590
1191
628
-173
-761
-1272
-1323
-1247
-1332
-1752
-2037
-1941
-1852
-1684
-1351
-1110
-1266
-1368
-1062
-706
-427
-292
-264
-503
-638
-573
-518
-581
-968
-1399
-1827
-1901
-2074
-2180
-2562
-2915
-3237
-3312
-3271
-3266
-3246
-3455
-3270
-3123
-2751
-2562
-2025
-1808
-1183
-82
647
702
855
1766
2347
3187
3882
4156
3797
3838
4447
5071
5499
5068
4571
4151
4184
4204
4218
3805
2746
1890
1350
1279
856
391
-360
-980
-1492
-1692
-1574
-1626
-1835
-2180
-2110
-1955
-1770
-1557
-1245
-1192
-1364
-1176
-818
-534
-391
-285
-442
-675
-627
-586
-599
-854
-1242
-1736
-1912
-2012
-2161
-2296
-2689
-3023
-3188
-3004
-2995
-2848
-2892
-3007
-2824
-2419
-1975
-1670
-1170
-1074
-456
664
1417
1416
1669
2341
2687
3386
4138
4348
3931
3855
4283
4722
5043
4682
4243
3753
3603
3576
3521
3123
2145
1379
779
668
290
-100
-696
-1246
-1707
-1881
-1693
-1754
-1884
-2115
-2055
-1974
-1784
-1541
-1280
-1247
-1371
-1194
-872
-634
-519
-422
-600
-798
-749
-633
-690
-888
-1183
-1566
-1740
-1817
-1912
-2064
-2327
-2583
-2650
-2566
-2546
-2443
-2444
-2547
-2369
-1973
-1570
-1285
-881
-840
-320
766
1464
1421
1561
2137
2407
3080
3843
4099
3624
3440
3760
4225
4696
4419
4023
3526
3289
3198
3257
3010
2136
1391
745
580
252
-18
-553
-1034
-1523
-1819
-1689
-1667
-1776
-2037
-2000
-2022
-1937
-1725
-1435
-1358
-1488
-1371
-1139
-882
-738
-555
-611
-806
-825
-707
-584
-758
-903
-1203
-1416
-1593
-1634
-1689
-1894
-2117
-2263
-2254
-2334
-2243
-2141
-2172
-2159
-1888
-1521
-1212
-850
-617
-379
588
1370
1507
1388
1928
2395
2868
3619
3985
3725
3229
3560
3926
4522
4438
3997
3491
3118
3081
3008
2989
2188
1392
655
403
129
-156
-573
-1200
-1602
-2010
-1956
-1879
-1861
-2193
-2306
-2180
-2093
-1909
-1642
-1475
-1629
-1542
-1239
-967
-758
-605
-546
-674
-638
-566
-384
-414
-638
-815
-1016
-1156
-1326
-1284
-1470
-1699
-1902
-1933
-1992
-1982
-1846
-1830
-1860
-1774
-1455
-1086
-774
-488
-367
172
1086
1544
1461
1565
2118
2476
3048
3624
3708
3142
3018
3398
3859
4220
3873
3375
2796
2679
2652
2686
2317
1448
679
196
59
-192
-465
-1054
-1549
-1898
-2056
-1907
-1815
-1988
-2319
-2234
-2034
-1901
-1651
-1452
-1458
-1507
-1193
-899
-661
-495
-386
-388
-408
-316
-214
-101
-272
-446
-627
-796
-955
-1005
-1094
-1330
-1567
-1706
-1773
-1730
-1670
-1616
-1693
-1702
-1526
-1178
-826
-684
-491
-455
338
1090
1412
1200
1437
1849
2167
2853
3295
3180
2567
2725
3050
3611
3742
3339
2828
2362
2372
2365
2420
1875
1088
474
140
39
-200
-476
-1024
-1349
-1721
-1790
-1609
-1607
-1812
-2033
-1874
-1839
-1664
-1395
-1171
-1162
-1135
-856
-650
-379
-221
-20
-94
-189
-132
6
70
-94
-203
-557
-713
-846
-870
-1062
-1304
-1588
-1793
-1741
-1724
-1690
-1756
-1819
-1852
-1598
-1232
-1069
-921
-927
-691
241
997
1025
800
1168
1462
1977
2734
3102
2686
2292
2543
3005
3615
3546
3088
2562
2289
2300
2413
2375
1704
943
407
198
68
-144
-505
-942
-1300
-1663
-1640
-1488
-1554
-1758
-1853
-1764
-1747
-1547
-1238
-983
-926
-848
-619
-409
-149
89
308
157
20
55
198
236
150
-32
-453
-629
-745
-775
-987
-1228
-1568
-1761
-1754
-1767
-1747
-1817
-1906
-1974
-1719
-1423
-1270
-1084
-1102
-800
145
832
724
598
1024
1311
1851
2624
2913
2439
2209
2534
3027
3566
3450
2979
2502
2310
2346
2423
2331
1632
881
391
240
63
-210
-580
-1018
-1384
-1724
-1620
-1550
-1669
-1883
-1878
-1759
-1719
-1502
-1201
-946
-869
-654
-418
-200
9
323
524
410
280
299
428
439
373
131
-244
-496
-584
-660
-859
-1123
-1482
-1716
-1796
-1803
-1834
-1900
-2024
-2129
-1944
-1687
-1487
-1325
-1273
-1010
-119
478
451
423
862
1200
1684
2480
2761
2459
2257
2622
3056
3540
3490
3082
2662
2409
2472
2440
2393
1746
1045
500
294
90
-220
-515
-1000
-1387
-1757
-1631
-1572
-1649
-1853
-1840
-1709
-1662
-1415
-1069
-808
-758
-522
-262
-43
201
515
713
582
476
471
588
586
423
144
-236
-512
-669
-709
-954
-1267
-1655
-1936
-2015
-2026
-2057
-2167
-2280
-2439
-2298
-1978
-1767
-1647
-1585
-1331
-502
236
377
290
702
1126
1655
2461
2866
2613
2290
2624
3068
3667
3694
3301
2774
2525
2575
2573
2609
1984
1207
555
346
113
-128
-440
-960
-1381
-1728
-1651
-1535
-1455
-1704
-1756
-1619
-1498
-1264
-862
-559
-578
-388
-103
164
428
749
852
720
627
629
714
699
423
67
-311
-588
-813
-906
-1142
-1544
-1944
-2204
-2255
-2251
-2307
-2485
-2547
-2668
-2540
-2193
-1898
-1891
-1736
-1544
-759
182
643
466
621
1214
1701
2527
3107
3020
2428
2558
3039
3628
3936
3557
2933
2471
2525
2536
2606
2204
1259
506
131
5
-243
-421
-975
-1503
-1807
-1826
-1653
-1480
-1527
-1794
-1648
-1444
-1167
-768
-376
-325
-300
56
367
659
944
1072
903
800
800
833
849
539
154
-249
-549
-820
-1013
-1219
-1607
-2007
-2310
-2407
-2471
-2444
-2648
-2723
-2822
-2752
-2437
-2055
-1960
-1830
-1550
-1117
-133
605
769
594
1112
1624
2254
2981
3220
2784
2501
2910
3336
3836
3745
3207
2567
2387
2405
2365
2240
1468
642
75
-122
-340
-467
-842
-1426
-1771
-1891
-1820
-1650
-1472
-1658
-1651
-1401
-1116
-787
-331
-93
-61
174
516
786
1041
1268
1193
1047
930
877
882
738
371
-43
-458
-829
-1058
-1223
-1491
-1921
-2313
-2558
-2682
-2635
-2660
-2831
-2916
-2983
-2693
-2287
-1932
-1866
-1584
-1358
-715
295
889
838
783
1373
1821
2564
3146
3177
2690
2603
2976
3420
3821
3506
2859
2303
2178
2146
2129
1892
1085
357
-106
-249
-366
-497
-913
-1402
-1683
-1820
-1656
-1358
-1220
-1380
-1312
-1090
-824
-406
62
222
216
391
652
888
1155
1309
1201
958
726
648
662
523
121
-378
-861
-1193
-1340
-1438
-1743
-2202
-2598
-2835
-2861
-2756
-2802
-2976
-3008
-2922
-2565
-2121
-1809
-1693
-1447
-1122
-458
609
1128
964
881
1473
2002
2681
3270
3209
2717
2544
2956
3390
3734
3342
2620
2092
1956
1999
1983
1805
1017
310
-130
-213
-297
-437
-780
-1234
-1508
-1665
-1407
-1074
-895
-1042
-998
-816
-569
-166
263
407
322
427
590
776
971
1140
1029
744
479
345
326
186
-188
-672
-1120
-1434
-1597
-1655
-1936
-2312
-2704
-2872
-2885
-2772
-2810
-2956
-2899
-2775
-2399
-2014
-1658
-1572
-1258
-935
-269
741
1288
1124
1001
1573
2075
2718
3247
3249
2725
2551
2862
3264
3565
3212
2505
1955
1848
1868
1874
1686
975
266
-171
-270
-380
-492
-803
-1195
-1464
-1568
-1317
-1004
-795
-889
-815
-636
-393
-71
331
512
447
508
620
745
880
1049
974
705
441
264
175
31
-277
-692
-1111
-1456
-1688
-1759
-1951
-2250
-2585
-2774
-2829
-2777
-2753
-2811
-2716
-2596
-2320
-1943
-1585
-1391
-1117
-733
-196
703
1278
1266
1146
1563
2066
2586
3128
3157
2741
2418
2670
3006
3304
3060
2416
1873
1672
1747
1726
1602
918
205
-278
-378
-423
-546
-828
-1263
-1455
-1487
-1226
-983
-786
-831
-765
-502
-277
-16
311
595
568
612
732
806
883
1008
1016
732
473
243
127
-3
-239
-623
-1109
-1483
-1761
-1821
-1973
-2231
-2569
-2834
-2895
-2831
-2687
-2756
-2706
-2594
-2324
-1917
-1520
-1243
-1104
-714
-327
463
1240
1501
1296
1393
1969
2401
2968
3176
2979
2447
2416
2786
3110
3155
2591
2069
1664
1711
1697
1691
1276
500
-139
-404
-327
-429
-588
-998
-1296
-1427
-1239
-949
-752
-711
-754
-589
-355
-104
163
503
621
574
624
743
787
814
881
721
394
111
-76
-186
-375
-652
-1120
-1554
-1912
-2038
-2095
-2277
-2576
-2881
-2972
-2935
-2718
-2629
-2631
-2562
-2294
-1902
-1452
-1069
-916
-719
-319
168
922
1603
1724
1465
1702
2275
2684
3060
3146
2869
2417
2508
2803
3029
2877
2339
1866
1624
1652
1553
1447
968
283
-244
-369
-335
-452
-630
-945
-1145
-1219
-1030
-786
-609
-629
-640
-477
-260
-59
196
479
514
458
505
618
605
608
571
370
52
-198
-370
-518
-707
-1019
-1370
-1743
-1993
-2131
-2172
-2337
-2547
-2680
-2676
-2568
-2408
-2252
-2191
-2009
-1701
-1363
-965
-655
-457
-252
181
559
1098
1652
1769
1629
1769
2252
2473
2681
2733
2537
2191
2140
2364
2441
2367
1942
1597
1354
1294
1203
1037
747
211
-127
-294
-233
-345
-459
-643
-789
-825
-754
-557
-473
-431
-469
-341
-202
-92
52
216
262
177
230
269
234
164
114
-45
-269
-465
-664
-776
-930
-1127
-1355
-1557
-1812
-1961
-2001
-2035
-2079
-2102
-2087
-2078
-1923
-1761
-1554
-1389
-1148
-978
-720
-372
-126
124
341
595
791
1411
1752
1731
1602
1790
2032
2148
2430
2390
2147
1691
1779
1961
2160
1996
1597
1269
1011
1039
953
947
523
101
-220
-230
-190
-292
-379
-630
-733
-828
-671
-555
-461
-494
-493
-366
-342
-264
-162
9
-36
-68
-55
-98
-144
-137
-114
-269
-444
-667
-760
-764
-869
-1027
-1196
-1412
-1667
-1645
-1587
-1609
-1667
-1691
-1739
-1685
-1470
-1310
-1145
-1022
-883
-771
-467
-149
69
231
367
476
788
1422
1676
1545
1396
1567
1782
2049
2325
2281
1896
1522
1666
1975
2178
1943
1525
1162
987
1013
1032
931
434
-56
-317
-289
-301
-418
-587
-840
-985
-1016
-870
-743
-679
-684
-630
-514
-511
-421
-223
-37
-48
-59
-51
-144
-108
0
72
-89
-278
-482
-510
-466
-556
-675
-889
-1140
-1347
-1220
-1175
-1264
-1381
-1444
-1498
-1423
-1201
-1097
-1000
-948
-850
-719
-409
-143
10
129
226
346
728
1268
1398
1216
1118
1294
1522
1821
2027
1914
1530
1315
1512
1810
1905
1619
1255
959
864
883
901
703
232
-176
-337
-316
-388
-495
-667
-839
-959
-942
-839
-724
-668
-648
-561
-489
-477
-385
-139
-1
14
25
24
-69
-34
105
169
51
-143
-270
-269
-243
-315
-386
-569
-815
-946
-838
-820
-940
-1075
-1151
-1214
-1147
-1000
-952
-935
-941
-862
-727
-445
-265
-159
-87
14
166
523
977
1058
898
786
982
1221
1512
1693
1589
1281
1112
1332
1586
1667
1409
1092
827
729
784
784
632
209
-141
-338
-348
-381
-465
-588
-789
-886
-928
-787
-677
-602
-623
-581
-482
-426
-272
-99
59
47
115
149
159
181
261
336
261
160
64
103
71
-1
-90
-230
-444
-592
-566
-595
-720
-891
-995
-1075
-1068
-999
-993
-1037
-1089
-1043
-902
-679
-515
-463
-407
-313
-140
142
571
802
718
579
671
947
1221
1489
1507
1286
1027
1100
1366
1557
1473
1138
811
604
650
701
674
365
-44
-366
-454
-410
-418
-488
-699
-864
-971
-853
-680
-534
-537
-555
-494
-371
-185
12
190
220
249
311
425
497
573
605
555
456
399
434
418
301
134
-17
-220
-395
-480
-540
-699
-894
-1024
-1114
-1163
-1177
-1165
-1232
-1275
-1270
-1157
-1010
-859
-768
-716
-605
-474
-244
43
410
533
494
469
627
889
1156
1383
1328
1131
959
1094
1326
1477
1339
1004
722
598
676
741
686
364
-16
-235
-250
-161
-151
-248
-474
-638
-662
-511
-310
-247
-282
-338
-246
-116
91
248
323
323
351
459
538
626
620
574
465
411
386
343
215
29
-138
-318
-491
-651
-766
-913
-1071
-1187
-1262
-1337
-1397
-1395
-1394
-1400
-1377
-1293
-1181
-1053
-920
-810
-700
-577
-408
-204
98
371
512
521
560
707
939
1205
1344
1301
1120
1041
1145
1358
1447
1295
1018
782
714
779
855
760
477
188
39
62
130
136
1
-192
-332
-332
-207
-98
-74
-139
-144
-97
20
144
235
282
295
340
369
418
421
398
344
284
211
92
-44
-203
-333
-475
-614
-797
-966
-1119
-1225
-1284
-1341
-1408
-1499
-1521
-1499
-1418
-1347
-1254
-1179
-1076
-940
-781
-626
-515
-393
-268
-50
205
467
605
654
681
792
992
1197
1317
1281
1174
1105
1184
1329
1400
1300
1088
888
810
844
887
804
598
358
222
202
244
229
116
-53
-187
-213
-162
-87
-83
-107
-138
-105
-37
57
147
201
231
226
243
248
256
250
236
188
85
-48
-195
-317
-447
-550
-693
-841
-1008
-1138
-1217
-1275
-1321
-1396
-1443
-1484
-1438
-1362
-1244
-1167
-1088
-1002
-883
-730
-592
-459
-379
-258
-103
144
370
540
599
632
713
873
1080
1214
1239
1159
1114
1164
1302
1403
1377
1220
1043
948
965
1000
949
772
553
386
339
349
328
214
40
-106
-171
-139
-100
-92
-155
-201
-213
-152
-65
14
57
61
67
74
105
113
111
78
34
-38
-126
-227
-348
-471
-598
-707
-822
-928
-1030
-1116
-1189
-1249
-1291
-1326
-1341
-1330
-1279
-1204
-1123
-1042
-965
-867
-766
-642
-531
-422
-310
-158
36
248
417
520
588
681
845
1036
1193
1245
1218
1180
1219
1334
1446
1462
1360
1205
1101
1075
1088
1035
883
660
470
375
350
314
207
38
-128
-212
-209
-161
-152
-194
-269
-295
-254
-155
-62
-11
-16
-27
-2
48
103
97
44
-54
-129
-179
-215
-288
-410
-564
-705
-800
-860
-911
-992
-1094
-1194
-1247
-1262
-1242
-1229
-1216
-1195
-1144
-1068
-969
-880
-793
-712
-613
-486
-341
-171
9
195
356
489
602
724
878
1058
1218
1313
1337
1322
1329
1382
1451
1483
1431
1317
1195
1119
1073
1014
882
686
478
320
229
168
86
-43
-185
-295
-340
-333
-311
-316
-338
-361
-339
-275
-179
-96
-49
-28
-10
29
79
121
115
63
-24
-102
-162
-210
-281
-390
-525
-657
-759
-829
-890
-968
-1064
-1160
-1221
-1243
-1226
-1199
-1177
-1155
-1112
-1047
-959
-860
-766
-672
-565
-424
-250
-52
145
320
462
581
707
853
1015
1174
1300
1365
1389
1394
1411
1434
1442
1412
1336
1238
1145
1064
984
872
717
532
359
219
112
21
-75
-178
-271
-337
-370
-389
-394
-397
-389
-370
-338
-286
-219
-148
-85
-43
-14
7
35
65
81
64
7
-75
-157
-230
-294
-378
-483
-606
-721
-814
-883
-948
-1023
-1100
-1165
-1191
-1179
-1142
-1107
-1073
-1042
-992
-911
-809
-690
-573
-442
-294
-118
75
267
440
585
718
850
994
1133
1254
1337
1383
1398
1399
1393
1373
1333
1266
1181
1086
988
884
768
638
494
351
213
92
-20
-117
-200
-265
-309
-336
-348
-350
-339
-314
-277
-238
-200
-161
-118
-68
-21
11
26
35
38
41
37
10
-46
-130
-223
-312
-394
-480
-580
-690
-797
-886
-953
-1004
-1052
-1098
-1129
-1133
-1106
-1056
-1006
-963
-922
-865
-775
-654
-515
-373
-223
-68
99
273
440
597
732
858
976
1085
1174
1236
1269
1282
1279
1260
1229
1178
1111
1032
945
850
740
622
497
379
268
165
60
-41
-137
-217
-269
-300
-310
-312
-295
-264
-217
-161
-105
-59
-24
11
44
75
97
101
94
83
65
44
9
-47
-128
-220
-318
-411
-502
-597
-695
-793
-882
-952
-1006
-1044
-1071
-1092
-1091
-1064
-1019
-959
-900
-846
-786
-712
-611
-488
-346
-195
-42
114
273
426
573
707
826
932
1025
1102
1155
1189
1200
1193
1172
1141
1100
1043
979
903
817
719
613
501
392
291
196
101
8
-79
-157
-216
-256
-276
-284
-277
-256
-218
-168
-118
-75
-35
-3
22
44
56
57
48
32
6
-26
-67
-121
-186
-259
-342
-429
-513
-595
-673
-750
-820
-881
-931
-966
-987
-995
-990
-968
-930
-877
-818
-752
-687
-615
-535
-438
-323
-198
-64
74
210
344
476
598
710
807
892
963
1021
1065
1088
1096
1089
1066
1035
997
949
893
827
748
664
575
486
400
320
238
158
83
15
-46
-94
-131
-158
-174
-179
-174
-160
-143
-131
-117
-108
-100
-97
-101
-117
-138
-162
-189
-220
-259
-303
-352
-406
-459
-512
-567
-623
-673
-715
-752
-786
-810
-823
-824
-817
-797
-769
-729
-679
-619
-554
-482
-408
-333
-250
-163
-65
34
135
235
333
430
519
601
672
734
783
825
861
883
897
898
889
872
847
820
783
738
687
634
578
526
469
414
359
301
246
194
145
97
54
13
-22
-54
-84
-109
-136
-162
-191
-216
-245
-273
-301
-334
-368
-405
-438
-470
-502
-532
-563
-596
-622
-644
-664
-679
-692
-699
-701
-697
-686
-669
-643
-612
-575
-533
-485
-432
-373
-307
-243
-174
-104
-33
40
112
183
254
323
387
447
505
557
603
643
673
702
722
736
745
749
746
739
724
706
683
656
624
590
555
518
479
437
392
347
301
255
209
163
116
68
22
-23
-70
-118
-167
-216
-264
-308
-353
-401
-445
-484
-522
-556
-585
-611
-636
-658
-676
-691
-700
-704
-702
-697
-688
-675
-658
-632
-603
-568
-528
-486
-443
-395
-341
-285
-230
-171
-113
-53
11
73
137
199
257
312
368
421
471
519
559
595
625
652
676
694
705
712
714
713
705
691
673
651
623
592
560
524
486
444
398
353
307
263
215
166
116
68
20
-26
-73
-121
-169
-218
-263
-307
-353
-395
-439
-476
-512
-545
-574
-601
-624
-646
-663
-677
-685
-689
-688
-684
-673
-658
-638
-611
-579
-545
-504
-460
-414
-364
-309
-253
-196
-135
-73
-8
54
118
181
241
301
355
408
458
507
549
586
618
646
668
683
693
698
698
694
685
668
646
622
592
560
524
485
444
403
358
312
267
221
174
128
81
35
-9
-53
-97
-141
-185
-227
-270
-313
-354
-396
-434
-467
-503
-533
-564
-591
-614
-633
-650
-662
-671
-679
-678
-672
-660
-642
-620
-591
-558
-522
-478
-428
-378
-323
-268
-209
-144
-80
-11
57
124
190
252
314
371
426
478
527
569
609
640
669
692
709
719
721
718
710
700
682
660
631
599
562
524
483
440
395
344
295
247
198
149
100
52
2
-46
-94
-138
-181
-226
-269
-310
-351
-390
-429
-465
-499
-532
-560
-588
-613
-635
-652
-667
-678
-682
-685
-682
-675
-661
-641
-616
-588
-554
-515
-471
-422
-370
-316
-258
-198
-135
-70
-5
62
128
193
254
313
369
422
472
521
561
597
632
661
684
701
713
717
713
709
700
687
668
642
612
577
542
503
461
415
369
321
272
221
172
122
71
19
-30
-78
-126
-171
-214
-257
-298
-338
-375
-410
-443
-471
-499
-523
-544
-562
-579
-589
-597
-602
-600
-595
-587
-574
-556
-537
-512
-483
-450
-413
-374
-334
-290
-246
-198
-149
-100
-51
-1
47
93
141
186
226
264
302
336
367
396
422
444
461
474
485
491
494
492
485
477
466
451
434
413
389
363
336
308
278
247
214
182
150
117
83
49
16
-15
-45
-75
-103
-130
-156
-178
-200
-219
-236
-252
-268
-281
-289
-299
-305
-308
-310
-311
-309
-305
-297
-290
-281
-270
-257
-241
-222
-205
-186
-168
-149
-130
-109
-86
-65
-43
-22
-4
16
34
51
68
81
95
110
123
135
145
154
163
169
173
175
177
178
179
178
177
173
167
162
154
145
136
126
114
101
89
79
67
56
44
31
18
5
-6
-15
-25
-35
-43
-52
-58
-61
-67
-71
-75
-76
-79
-80
-77
-76
-76
-76
-75
-75
-73
-70
-68
-65
-62
-57
-54
-48
-43
-39
-38
-34
-31
-26
-20
-16
-9
-7
-2
2
8
13
17
19
21
23
24
26
29
33
34
35
37
38
41
40
42
39
37
35
35
35
32
28
28
27
26
24
21
18
15
14
10
10
8
5
4
0
-3
-6
-8
-11
-15
-17
-18
-20
-20
-19
-19
-21
-23
-23
-23
-23
-23
-23
-25
-22
-21
-22
-19
-20
-21
-21
-20
-19
-18
-17
-17
-15
-15
-14
-13
-12
-11
-8
-4
-3
-1
0
2
6
9
10
11
11
13
15
19
19
19
20
20
22
22
25
26
27
29
31
33
30
30
27
27
26
24
23
18
15
13
10
9
5
2
-2
-4
-7
-8
-11
-14
-15
-17
-20
-20
-20
-21
-20
-21
-22
-20
-21
-19
-21
-22
-22
-24
-25
-25
-24
-24
-23
-22
-20
-19
-18
-15
-13
-10
-10
-7
-5
-3
1
3
6
7
11
12
11
13
14
12
13
14
17
20
22
23
26
27
28
30
30
31
29
27
25
25
21
20
18
16
15
12
12
10
9
8
5
3
0
-2
-5
-8
-12
-15
-15
-19
-20
-20
-22
-22
-18
-16
-18
-18
-17
-19
-19
-19
-19
-20
-20
-19
-17
-17
-15
-13
-11
-12
-9
-9
-7
-7
-7
-8
-8
-6
-8
-7
-5
-3
-2
1
3
5
6
7
7
8
10
11
12
11
12
12
13
12
12
13
13
12
13
14
13
14
16
17
17
16
15
17
16
16
15
13
13
13
11
10
9
6
4
4
3
2
1
-1
-2
-1
-4
-6
-6
-8
-7
-9
-10
-10
-12
-14
-14
-13
-14
-13
-12
-13
-11
-10
-9
-8
-10
-8
-9
-9
-8
-7
-6
-5
-3
-4
-1
1
1
2
2
3
2
2
1
-1
-5
-3
-5
-4
-4
-4
-3
-2
-1
1
2
4
6
5
6
7
5
3
0
-1
-3
-7
-9
-9
-11
-11
-12
-11
-10
-13
-13
-13
-16
-18
-21
-24
-24
-26
-28
-30
-32
-31
-28
-28
-25
-21
-19
-16
-14
-12
-11
-8
-6
-5
-4
-3
-4
-4
-2
-1
3
5
7
11
15
17
18
18
17
18
20
20
23
23
25
25
25
25
24
23
22
22
23
24
25
26
28
29
30
30
28
29
28
25
26
26
29
30
29
28
27
24
25
24
23
22
21
19
18
17
16
14
10
6
4
1
-2
-2
-4
-4
-5
-5
-6
-10
-13
-12
-14
-14
-14
-13
-14
-14
-12
-13
-13
-13
-15
-12
-14
-14
-12
-12
-11
-11
-9
-6
-4
-3
-1
0
2
3
4
5
6
7
9
9
9
9
9
11
13
13
11
10
8
7
8
9
7
9
11
11
11
8
6
4
3
1
-1
-1
-3
-5
-7
-7
-9
-11
-12
-15
-17
-18
-21
-24
-27
-29
-33
-33
-35
-36
-37
-38
-39
-40
-42
-46
-47
-47
-51
-49
-49
-49
-49
-48
-49
-50
-49
-49
-47
-45
-44
-42
-41
-39
-36
-37
-36
-35
-34
-31
-27
-27
-22
-17
-14
-11
-8
-5
-3
2
4
9
11
14
19
22
24
28
32
33
36
40
43
46
50
50
51
54
54
56
58
59
60
61
60
61
63
61
63
62
60
61
60
59
58
57
56
55
53
52
50
49
46
47
46
42
41
37
34
30
28
24
20
18
14
12
9
7
3
-1
-4
-9
-13
-16
-21
-23
-24
-26
-27
-28
-30
-31
-34
-34
-36
-36
-37
-37
-38
-38
-38
-36
-34
-36
-34
-34
-34
-33
-33
-32
-30
-29
-28
-27
-24
-21
-20
-18
-19
-16
-15
-15
-14
-12
-12
-10
-9
-8
-7
-5
-5
-2
-4
-3
-2
-3
-2
-2
-1
1
2
2
3
1
3
3
1
1
1
1
0
0
1
1
2
0
-1
1
0
-2
-2
-5
