SAMPLES:	19859
BITSPERSAMPLE:	16
CHANNELS:	1
SAMPLERATE:	16000
NORMALIZED:	FALSE
-1
0
0
1
1
-1
1
-1
0
0
-2
-1
-1
-2
-1
0
0
-1
-2
0
-1
1
0
-1
2
-1
-1
0
0
0
0
1
0
-1
-1
-1
0
2
0
0
0
-1
1
1
1
1
1
2
0
1
-1
0
1
0
0
0
1
0
0
0
0
0
1
0
0
0
-1
0
0
1
0
1
0
1
0
1
0
-1
1
0
0
-1
1
1
-2
0
0
0
-1
0
0
1
1
0
-1
0
-1
1
-1
-1
0
0
0
1
0
0
0
0
-1
-1
1
1
1
0
1
1
-1
0
0
1
0
1
1
1
1
2
0
0
1
1
-1
-1
-1
-1
0
0
0
1
1
0
0
-1
1
0
1
0
-2
-1
-1
-2
-1
1
0
-1
0
0
-1
-1
1
-1
1
2
1
0
-1
1
-1
0
0
0
0
0
-2
0
1
-2
0
0
0
1
-2
-1
-1
0
0
-1
-1
1
0
-1
-1
0
-2
-2
0
-1
-1
-1
-2
0
0
0
-1
-1
-1
1
2
0
1
0
-1
0
0
-1
0
1
-1
-1
0
0
0
0
0
1
-1
1
-1
0
-2
-1
0
0
1
0
1
1
0
1
1
1
0
0
0
0
-1
0
-1
0
0
1
0
0
-1
-1
-1
-1
1
-1
-1
-1
0
0
1
1
1
1
0
0
0
0
0
1
1
1
0
1
0
0
2
1
2
0
-1
0
0
0
1
1
0
0
-1
0
1
1
1
1
1
1
1
1
1
0
1
1
0
1
1
2
1
3
1
0
1
1
1
1
2
2
2
3
2
1
3
2
2
1
2
3
2
3
2
1
0
1
1
2
2
-1
0
0
0
0
-2
-3
-3
-2
-3
-3
-2
-3
-2
-3
-3
-3
-4
-5
-3
-3
-3
-2
-2
-2
-3
-2
-1
-1
-1
0
-1
-2
-1
1
-1
-1
-1
0
-1
-1
0
-2
1
0
0
-2
0
0
0
1
0
1
-1
-1
0
-1
0
0
0
-1
-1
-1
0
1
1
1
1
2
0
0
0
2
2
1
2
1
0
1
-1
0
0
0
-1
-1
0
0
1
0
-1
-1
1
0
0
1
-1
0
-1
0
0
0
-1
-1
0
1
0
0
1
0
0
1
1
0
1
1
0
0
-1
1
1
0
-1
0
0
1
1
0
0
0
-1
0
-1
-1
-1
-1
-1
0
0
-1
1
-1
1
0
0
0
0
0
1
0
0
0
0
0
0
0
-1
1
1
1
2
1
1
2
1
2
1
1
2
2
2
1
3
3
2
2
4
3
3
2
1
2
2
1
2
3
2
1
2
3
1
2
3
2
2
1
2
2
0
3
1
1
2
0
1
0
-1
2
0
0
0
0
-1
-1
-2
-1
-1
-1
0
-2
-1
-2
-2
-2
-3
0
0
-1
-2
-3
-2
-2
-4
-3
-2
-2
-4
-2
-4
-5
-5
-5
-3
-4
-3
-3
-4
-3
-4
-5
-2
-4
-2
-3
-4
-3
-3
-3
-5
-3
-4
-4
-2
-3
-2
-2
-2
-1
-2
-2
-2
-2
-2
-1
0
0
-1
-1
0
-1
-1
1
1
0
2
2
3
2
3
2
1
1
2
1
2
1
3
2
2
2
1
2
3
3
3
3
3
3
2
2
3
4
3
3
2
2
3
2
3
2
3
2
2
3
1
2
0
1
3
2
2
1
2
0
2
2
1
2
2
1
0
1
1
2
0
0
1
0
0
0
3
3
2
2
0
1
1
0
1
0
1
0
0
2
1
1
1
-1
-1
-1
0
-1
0
-1
-1
-1
-2
-2
-2
-2
-1
-1
-2
-3
-1
-1
-2
-2
-3
-2
-3
-3
-1
-2
-1
-1
-2
-2
-1
-1
-1
0
-2
-2
-2
-2
-2
-1
-1
-2
0
0
-2
-1
-1
-2
-2
-1
-3
-2
-3
-1
-3
-1
-2
-3
-1
-1
-1
-2
-1
-1
0
-1
-1
0
-1
1
0
-1
-1
1
1
0
1
-1
0
1
0
-2
-1
0
0
1
0
0
1
-1
0
0
1
-1
-2
-1
0
0
0
0
1
0
1
0
0
0
-1
-1
-1
0
0
1
0
1
0
0
1
2
1
0
1
0
1
2
1
2
1
1
2
1
0
1
1
1
1
1
1
2
2
2
2
3
3
2
3
2
1
1
1
3
1
1
1
2
1
1
0
2
3
3
3
1
1
1
2
2
2
2
3
2
2
1
0
0
0
2
0
-1
0
-1
-1
-1
0
0
0
1
0
-1
-2
-2
-2
0
0
0
0
-1
-1
0
0
-1
0
0
1
1
0
1
2
1
0
-1
-1
-1
-3
-3
-1
-1
-2
-3
-2
-2
-2
-3
-2
-4
-4
-5
-4
-5
-4
-3
-5
-5
-6
-5
-4
-5
-6
-5
-4
-3
-3
-1
-2
-3
-3
-2
-2
0
0
-1
1
0
1
1
1
1
1
2
2
1
2
3
0
1
3
3
3
2
4
5
6
5
5
3
3
3
1
1
1
0
0
0
1
1
2
1
1
3
2
3
1
0
0
-1
0
-1
0
-1
0
2
2
3
4
4
3
4
3
4
3
2
1
2
2
2
3
1
1
1
1
0
1
1
0
-1
0
-1
-1
-1
-2
-3
-4
-5
-4
-5
-5
-4
-4
-5
-7
-7
-6
-5
-6
-6
-6
-6
-4
-5
-4
-4
-1
-2
0
1
1
3
4
5
6
7
6
6
6
7
6
5
5
3
4
2
3
2
3
1
2
2
1
1
1
2
1
1
1
0
0
-1
0
-2
0
-1
-1
0
-1
-2
-1
-1
-2
-2
-3
-3
-3
-4
-5
-2
-2
-3
-1
-3
-3
-1
-1
0
1
1
2
1
2
4
2
3
1
1
1
0
0
0
1
0
-2
-3
-4
-4
-6
-7
-7
-9
-8
-9
-8
-9
-8
-8
-7
-5
-3
-3
-2
-1
1
3
1
3
1
3
4
5
6
6
6
8
6
8
9
9
9
9
9
9
9
11
10
10
9
9
7
7
6
5
5
5
2
1
0
-2
-1
-4
-4
-6
-9
-7
-7
-8
-6
-8
-9
-7
-7
-7
-7
-4
-4
-3
-1
1
2
4
4
4
6
6
5
6
5
3
3
2
1
1
-1
-2
-4
-4
-6
-8
-7
-8
-9
-11
-11
-10
-12
-11
-10
-9
-8
-7
-6
-4
-2
-2
1
5
7
10
10
12
13
13
15
15
15
15
14
13
9
9
5
2
-2
-5
-9
-12
-15
-19
-21
-23
-25
-25
-26
-25
-25
-24
-21
-21
-18
-15
-13
-9
-7
-3
3
6
10
15
18
21
25
27
29
30
33
35
35
35
36
33
32
32
30
27
26
23
18
14
11
8
4
1
-3
-5
-8
-10
-11
-14
-14
-14
-15
-14
-14
-14
-13
-14
-15
-15
-17
-17
-20
-20
-20
-21
-20
-22
-21
-19
-18
-17
-15
-15
-12
-11
-10
-9
-6
-5
-3
-2
0
1
2
3
5
6
6
5
4
6
5
5
4
3
2
2
1
0
1
0
-1
-2
-1
-1
-1
0
2
3
5
8
10
13
17
20
22
24
28
26
26
25
23
19
18
15
10
5
-1
-6
-12
-17
-21
-26
-31
-37
-40
-43
-44
-45
-45
-44
-42
-41
-37
-35
-31
-27
-22
-17
-10
-4
4
13
20
30
37
45
50
55
59
60
60
57
54
49
42
36
30
25
22
18
15
13
10
9
7
6
4
1
-2
-4
-7
-9
-8
-6
-2
2
9
15
19
24
27
29
32
32
28
25
18
11
1
-14
-28
-46
-63
-80
-95
-109
-123
-132
-137
-139
-135
-125
-111
-97
-80
-57
-35
-13
9
28
47
63
76
89
102
110
112
112
118
113
103
92
82
73
65
56
49
39
35
35
33
32
34
29
22
21
20
15
-2
-9
-14
-21
-31
-37
-43
-53
-63
-65
-66
-72
-77
-78
-76
-78
-77
-76
-78
-79
-71
-63
-50
-37
-21
-4
18
40
60
78
95
105
108
106
100
94
80
67
51
40
35
30
34
36
39
36
37
48
53
42
33
30
28
18
19
20
14
10
6
17
21
12
-1
-18
-41
-71
-94
-113
-137
-139
-136
-130
-121
-104
-91
-100
-108
-112
-124
-149
-181
-202
-219
-239
-236
-218
-182
-145
-102
-38
31
87
126
157
194
201
207
214
199
191
195
202
218
241
272
284
322
378
399
399
397
375
334
266
192
100
-7
-119
-217
-294
-366
-464
-515
-528
-551
-564
-544
-500
-494
-477
-403
-364
-354
-320
-263
-226
-218
-168
-121
-98
-71
-55
-22
9
-2
-15
-9
-14
-88
-140
-104
-98
-116
-77
-3
53
99
208
297
347
417
488
571
668
740
782
830
926
990
1029
1106
1144
1115
1084
1080
1023
869
717
573
407
235
80
-59
-206
-327
-388
-435
-461
-497
-538
-562
-580
-618
-703
-800
-900
-1049
-1181
-1288
-1415
-1547
-1631
-1667
-1681
-1645
-1564
-1479
-1327
-1146
-998
-779
-488
-313
-161
139
405
475
662
979
1070
1074
1283
1456
1433
1463
1564
1516
1422
1385
1246
1054
910
665
374
232
113
-139
-341
-348
-395
-488
-440
-312
-223
-124
54
318
530
685
826
1025
1191
1245
1292
1373
1328
1203
1091
1003
782
491
251
13
-268
-536
-788
-1045
-1324
-1514
-1657
-1819
-1961
-2080
-2147
-2186
-2204
-2194
-2202
-2193
-2134
-2072
-1959
-1859
-1726
-1569
-1383
-1095
-780
-501
-219
87
475
774
1033
1333
1564
1697
1809
1988
2136
2127
2134
2156
2133
2099
2020
1911
1763
1595
1393
1136
924
684
348
64
-143
-333
-501
-573
-542
-483
-362
-179
52
317
562
760
971
1139
1208
1213
1227
1146
957
769
604
355
65
-207
-507
-854
-1200
-1540
-1893
-2261
-2622
-2951
-3236
-3457
-3671
-3809
-3831
-3725
-3547
-3317
-3012
-2516
-1912
-1290
-665
64
711
1192
1682
2239
2589
2718
2857
3031
3034
2915
2800
2672
2556
2407
2224
2040
1884
1620
1276
1005
756
311
-148
-480
-743
-1053
-1294
-1422
-1471
-1425
-1208
-846
-369
117
605
1143
1708
2177
2460
2655
2751
2673
2436
2181
1876
1411
859
444
70
-364
-802
-1148
-1498
-1855
-2168
-2473
-2822
-3169
-3523
-3843
-4079
-4265
-4469
-4563
-4455
-4229
-3945
-3561
-3061
-2354
-1512
-672
137
986
1722
2235
2758
3317
3557
3529
3564
3628
3469
3202
3007
2773
2536
2345
2130
1880
1620
1285
891
562
243
-275
-788
-1129
-1384
-1649
-1841
-1899
-1872
-1742
-1397
-896
-314
254
838
1494
2107
2567
2867
3069
3122
2975
2719
2433
2025
1464
881
414
-48
-562
-1026
-1417
-1802
-2177
-2506
-2812
-3119
-3442
-3768
-4028
-4187
-4352
-4487
-4456
-4292
-4098
-3774
-3293
-2704
-1972
-1097
-237
570
1416
2166
2727
3257
3721
3886
3862
3857
3774
3482
3183
2906
2575
2282
2062
1789
1500
1248
974
638
366
61
-380
-794
-1106
-1385
-1648
-1847
-1975
-1999
-1850
-1523
-1071
-503
101
750
1446
2069
2530
2861
3065
3068
2897
2605
2164
1584
963
349
-241
-796
-1309
-1746
-2099
-2412
-2713
-2962
-3165
-3393
-3648
-3860
-4006
-4115
-4223
-4242
-4111
-3890
-3624
-3089
-2273
-1398
-599
379
1431
2307
3021
3784
4321
4503
4501
4492
4305
3917
3459
2992
2557
2146
1769
1452
1250
1002
763
591
523
277
-87
-422
-716
-1074
-1436
-1731
-1933
-2044
-1998
-1711
-1229
-659
-39
723
1541
2209
2693
3068
3288
3220
2919
2480
1906
1164
354
-403
-1045
-1616
-2148
-2537
-2748
-2912
-3110
-3253
-3312
-3416
-3615
-3787
-3868
-4013
-4229
-4320
-4216
-4094
-3830
-3117
-2168
-1329
-425
862
2025
2859
3693
4643
4988
4858
4818
4849
4415
3720
3219
2814
2279
1775
1519
1331
1128
828
716
703
616
219
-213
-505
-833
-1361
-1778
-1987
-2168
-2299
-2106
-1533
-925
-341
436
1406
2260
2799
3217
3582
3646
3314
2835
2305
1558
591
-285
-915
-1540
-2169
-2654
-2855
-3006
-3169
-3312
-3326
-3386
-3547
-3773
-3903
-4043
-4341
-4591
-4607
-4527
-4416
-3888
-2986
-2029
-1042
282
1611
2689
3734
4739
5334
5480
5501
5403
5065
4530
3902
3261
2756
2289
1826
1521
1333
1093
838
786
714
408
-36
-453
-878
-1302
-1785
-2182
-2433
-2492
-2424
-2104
-1454
-725
-13
879
1892
2714
3246
3651
3936
3868
3503
2955
2290
1450
505
-397
-1174
-1912
-2600
-3150
-3486
-3719
-3939
-4094
-4148
-4211
-4338
-4492
-4583
-4708
-4874
-4955
-4878
-4739
-4381
-3687
-2729
-1684
-452
912
2175
3357
4540
5439
5924
6169
6251
6040
5580
5069
4395
3676
3058
2515
1946
1518
1197
886
615
505
312
-52
-428
-796
-1176
-1588
-1929
-2210
-2349
-2336
-2136
-1732
-1073
-375
423
1341
2257
2957
3470
3856
4006
3836
3432
2832
2084
1205
229
-738
-1636
-2455
-3222
-3804
-4192
-4442
-4630
-4697
-4693
-4661
-4644
-4636
-4626
-4633
-4654
-4632
-4546
-4394
-3942
-3150
-2232
-1296
-102
1266
2481
3595
4780
5663
6046
6217
6327
6146
5633
5036
4326
3594
2919
2245
1607
1186
855
519
303
284
120
-273
-540
-780
-1080
-1482
-1767
-1978
-2098
-2089
-1859
-1429
-787
-134
675
1637
2507
3169
3692
4141
4238
3983
3593
3028
2171
1155
122
-859
-1878
-2798
-3564
-4121
-4481
-4713
-4843
-4807
-4721
-4667
-4621
-4502
-4454
-4530
-4584
-4583
-4550
-4197
-3522
-2777
-1964
-784
582
1784
3051
4393
5345
5836
6280
6586
6476
6053
5521
4785
3953
3158
2344
1596
1031
578
163
-24
-77
-283
-585
-792
-961
-1281
-1601
-1893
-2102
-2260
-2272
-2102
-1692
-1151
-496
316
1312
2253
2986
3647
4163
4380
4217
3897
3360
2480
1388
324
-723
-1812
-2833
-3661
-4298
-4747
-5036
-5189
-5186
-5139
-5114
-5039
-4881
-4822
-4896
-4843
-4769
-4592
-4112
-3356
-2591
-1662
-326
1026
2245
3624
4948
5772
6360
6913
7181
6918
6527
5967
5118
4220
3355
2447
1598
962
406
-56
-274
-396
-704
-935
-1034
-1237
-1524
-1737
-1846
-2022
-2095
-1961
-1667
-1229
-613
132
1038
2002
2851
3566
4180
4606
4615
4397
3998
3278
2233
1151
108
-1050
-2193
-3149
-3943
-4642
-5147
-5461
-5650
-5783
-5795
-5752
-5681
-5601
-5538
-5406
-5312
-5033
-4502
-3763
-2963
-1973
-668
688
1991
3420
4782
5772
6536
7155
7535
7442
7147
6609
5864
5062
4172
3154
2203
1378
606
-66
-489
-848
-1327
-1652
-1842
-2082
-2314
-2459
-2577
-2694
-2673
-2447
-2126
-1629
-985
-240
687
1721
2588
3356
4078
4605
4736
4626
4345
3671
2725
1737
690
-488
-1601
-2623
-3510
-4264
-4827
-5297
-5630
-5768
-5870
-5898
-5850
-5798
-5829
-5779
-5696
-5322
-4709
-3926
-3137
-2042
-630
698
2070
3617
4983
5861
6659
7370
7737
7605
7339
6839
6173
5440
4536
3523
2598
1765
901
181
-352
-886
-1505
-1874
-2098
-2390
-2716
-2970
-3063
-3117
-3052
-2797
-2360
-1834
-1188
-318
767
1746
2615
3503
4274
4734
4813
4726
4354
3613
2697
1746
653
-510
-1649
-2608
-3467
-4194
-4775
-5269
-5576
-5773
-5891
-5955
-5989
-6064
-6138
-6144
-5780
-5162
-4476
-3762
-2687
-1310
-46
1292
2915
4332
5245
6109
7049
7586
7610
7496
7216
6679
6029
5207
4249
3317
2428
1483
644
13
-662
-1362
-1823
-2062
-2445
-2870
-3159
-3240
-3320
-3324
-3088
-2660
-2214
-1639
-743
307
1264
2131
3093
3905
4425
4615
4618
4369
3791
2988
2114
1116
-11
-1125
-2092
-2912
-3705
-4350
-4886
-5252
-5513
-5687
-5804
-5890
-5996
-6083
-6087
-5769
-5207
-4614
-3923
-2898
-1587
-402
883
2464
3868
4821
5754
6748
7373
7487
7509
7338
6884
6282
5536
4664
3793
2895
1935
1071
371
-394
-1160
-1620
-2013
-2522
-2998
-3262
-3453
-3600
-3567
-3317
-2951
-2474
-1833
-956
41
972
1865
2745
3523
4006
4242
4264
4058
3564
2864
2032
1119
93
-931
-1827
-2631
-3379
-4080
-4609
-5042
-5359
-5639
-5840
-6007
-6100
-6202
-6085
-5617
-5012
-4441
-3609
-2349
-1130
27
1422
2933
3988
4894
5907
6743
7067
7208
7208
6944
6511
5992
5284
4502
3775
2888
1971
1211
510
-373
-1028
-1471
-2024
-2683
-3077
-3330
-3601
-3693
-3523
-3246
-2861
-2261
-1511
-618
286
1116
1895
2721
3347
3586
3666
3656
3327
2713
2071
1375
479
-443
-1180
-1874
-2579
-3232
-3797
-4266
-4651
-5022
-5394
-5655
-5849
-6070
-5962
-5468
-4993
-4560
-3617
-2310
-1210
-106
1368
2660
3521
4468
5527
6158
6356
6500
6465
6255
5951
5484
4831
4283
3681
2883
2151
1619
910
102
-430
-907
-1603
-2281
-2713
-3101
-3415
-3536
-3474
-3281
-2848
-2262
-1541
-677
183
943
1777
2586
3037
3163
3253
3141
2684
2095
1479
699
-160
-882
-1513
-2108
-2664
-3159
-3598
-3856
-4137
-4497
-4804
-5001
-5287
-5358
-5026
-4687
-4459
-3767
-2603
-1624
-640
713
2006
2847
3804
4914
5629
5866
6037
6048
5871
5604
5139
4489
3933
3401
2676
2020
1590
1024
320
-134
-487
-1068
-1702
-2147
-2517
-2853
-3033
-3074
-2989
-2682
-2213
-1596
-824
-31
670
1428
2200
2657
2790
2848
2736
2282
1682
1042
262
-619
-1374
-2008
-2573
-3068
-3486
-3787
-3926
-4030
-4172
-4280
-4365
-4436
-4285
-3939
-3650
-3286
-2534
-1650
-809
234
1460
2397
3220
4227
5142
5640
5908
6011
5875
5616
5231
4588
3828
3159
2385
1605
1014
495
-194
-732
-1028
-1342
-1777
-2115
-2360
-2554
-2627
-2581
-2424
-2183
-1822
-1338
-634
93
706
1298
1978
2467
2635
2669
2607
2274
1676
1047
337
-483
-1344
-2063
-2702
-3253
-3755
-4124
-4349
-4424
-4471
-4513
-4526
-4460
-4190
-3756
-3279
-2792
-2035
-1148
-269
705
1875
2824
3567
4414
5287
5782
6005
6153
6054
5734
5314
4728
3913
3116
2288
1407
680
77
-689
-1386
-1677
-1950
-2404
-2733
-2769
-2860
-2873
-2650
-2313
-2025
-1591
-1012
-332
368
989
1547
2133
2611
2754
2735
2641
2342
1756
1118
404
-412
-1324
-2112
-2785
-3387
-4019
-4515
-4792
-4950
-5126
-5222
-5223
-5104
-4732
-4160
-3564
-2851
-1842
-786
267
1483
2726
3653
4501
5447
6215
6604
6852
6945
6738
6373
5909
5208
4315
3446
2506
1541
700
-73
-971
-1718
-2188
-2628
-3149
-3471
-3570
-3619
-3538
-3261
-2870
-2422
-1847
-1149
-361
391
1068
1727
2366
2774
2919
2933
2787
2389
1817
1130
322
-590
-1497
-2341
-3072
-3726
-4372
-4900
-5248
-5473
-5681
-5807
-5796
-5502
-5013
-4447
-3788
-2760
-1571
-454
771
2187
3412
4358
5403
6417
7057
7364
7613
7597
7308
6844
6237
5360
4406
3411
2334
1300
389
-565
-1539
-2256
-2838
-3462
-3957
-4161
-4284
-4316
-4060
-3617
-3120
-2496
-1677
-803
50
851
1618
2356
2930
3220
3302
3275
2959
2418
1738
987
48
-919
-1830
-2625
-3377
-4071
-4680
-5181
-5545
-5891
-6114
-6213
-5999
-5641
-5145
-4540
-3542
-2369
-1178
129
1634
2982
4119
5374
6573
7400
7883
8310
8435
8269
7897
7348
6517
5554
4501
3342
2216
1129
13
-1100
-1974
-2816
-3681
-4389
-4800
-5133
-5335
-5221
-4873
-4401
-3767
-2866
-1888
-881
72
1053
1975
2791
3283
3520
3588
3452
2975
2299
1555
635
-378
-1336
-2171
-3040
-3804
-4469
-5055
-5608
-6045
-6413
-6655
-6545
-6234
-5889
-5434
-4479
-3363
-2221
-871
757
2179
3464
4946
6419
7456
8178
8810
9161
9214
8999
8575
7847
6974
5924
4773
3613
2462
1208
28
-952
-1948
-3025
-3936
-4564
-5106
-5508
-5608
-5478
-5182
-4714
-3953
-3023
-2042
-1096
-22
1082
2017
2617
3046
3341
3335
2997
2481
1846
1003
68
-854
-1669
-2555
-3397
-4183
-4808
-5450
-5999
-6519
-6720
-6637
-6426
-6219
-5703
-4776
-3829
-2772
-1357
218
1470
2820
4415
5902
6917
7786
8510
9005
9178
9093
8759
8207
7450
6454
5431
4426
3275
1998
951
39
-1047
-2191
-3039
-3724
-4424
-4899
-5062
-5074
-4981
-4670
-4045
-3272
-2513
-1701
-706
309
1074
1613
2102
2430
2405
2167
1841
1336
639
-140
-837
-1553
-2342
-3139
-3832
-4490
-5143
-5746
-6238
-6390
-6356
-6229
-6055
-5419
-4576
-3725
-2666
-1224
89
1222
2609
4148
5389
6324
7230
7930
8392
8571
8543
8233
7768
7086
6233
5363
4448
3353
2262
1432
563
-472
-1411
-2082
-2785
-3409
-3754
-3907
-3973
-3892
-3579
-3057
-2465
-1886
-1217
-445
274
739
1071
1371
1456
1242
938
561
33
-623
-1255
-1802
-2390
-2992
-3586
-4088
-4593
-5073
-5588
-5852
-5862
-5763
-5678
-5333
-4575
-3845
-3026
-1857
-568
439
1550
2924
4204
5132
6042
6826
7371
7706
7823
7684
7343
6882
6213
5433
4661
3756
2743
1905
1188
334
-535
-1183
-1746
-2344
-2739
-2924
-3017
-2980
-2738
-2332
-1804
-1253
-694
-62
592
1071
1302
1487
1576
1343
909
443
-154
-888
-1648
-2276
-2891
-3475
-4019
-4512
-4924
-5262
-5680
-5940
-5889
-5713
-5583
-5315
-4560
-3785
-3042
-1977
-680
329
1270
2519
3827
4729
5532
6312
6839
7178
7325
7225
6880
6452
5804
5017
4264
3478
2477
1595
892
166
-637
-1285
-1740
-2197
-2575
-2751
-2762
-2684
-2414
-1974
-1392
-758
-141
542
1250
1804
2099
2268
2370
2184
1699
1115
427
-426
-1350
-2187
-2919
-3686
-4309
-4881
-5401
-5786
-6207
-6506
-6441
-6181
-5942
-5706
-4953
-4024
-3231
-2175
-809
361
1258
2452
3877
4891
5618
6378
6938
7262
7397
7313
6934
6449
5785
4897
4080
3297
2310
1322
575
-156
-933
-1631
-2083
-2472
-2807
-2979
-2937
-2783
-2507
-2001
-1368
-630
62
829
1622
2291
2688
2944
3076
2998
2583
1985
1288
431
-517
-1493
-2310
-3171
-3952
-4622
-5268
-5825
-6348
-6875
-6983
-6831
-6580
-6456
-5923
-4961
-4139
-3197
-1858
-499
483
1595
3122
4434
5238
6076
6800
7300
7522
7559
7279
6838
6257
5406
4526
3732
2758
1674
871
157
-659
-1466
-2004
-2406
-2831
-3079
-3088
-2959
-2801
-2382
-1775
-1055
-385
332
1145
1885
2401
2720
2937
2989
2757
2237
1681
963
134
-782
-1546
-2292
-3080
-3786
-4408
-5012
-5585
-6236
-6613
-6594
-6438
-6341
-6131
-5310
-4491
-3751
-2644
-1229
-175
751
2115
3609
4551
5352
6229
6872
7268
7422
7341
6992
6562
5876
5054
4279
3424
2300
1401
781
14
-873
-1558
-1972
-2495
-2921
-3068
-3029
-3032
-2839
-2384
-1754
-1128
-550
208
1014
1642
2047
2369
2583
2560
2171
1744
1205
457
-363
-1060
-1681
-2405
-3083
-3632
-4116
-4650
-5215
-5769
-5913
-5855
-5687
-5613
-5156
-4350
-3690
-2902
-1666
-465
321
1317
2698
3843
4515
5323
6026
6494
6723
6779
6552
6149
5644
4959
4214
3487
2567
1571
978
413
-360
-1137
-1593
-2000
-2495
-2788
-2846
-2878
-2868
-2592
-2112
-1520
-997
-409
417
1178
1656
2022
2333
2459
2229
1793
1363
670
-166
-919
-1546
-2207
-2939
-3474
-3865
-4254
-4721
-5194
-5526
-5508
-5358
-5084
-4904
-4312
-3537
-2823
-1873
-612
458
1234
2352
3671
4582
5152
5865
6380
6655
6708
6629
6208
5663
5083
4338
3553
2767
1835
989
480
-96
-830
-1477
-1806
-2156
-2533
-2672
-2667
-2643
-2520
-2145
-1640
-1077
-591
28
805
1429
1765
2021
2191
2117
1729
1221
690
-135
-956
-1714
-2353
-3056
-3708
-4154
-4492
-4868
-5255
-5626
-5781
-5619
-5304
-4962
-4647
-3845
-2966
-2100
-997
342
1384
2265
3499
4750
5483
5974
6559
6911
6996
6884
6591
5982
5359
4647
3772
2932
2078
1103
295
-203
-813
-1535
-2077
-2288
-2565
-2786
-2767
-2623
-2453
-2178
-1666
-1046
-431
70
712
1422
1914
2080
2195
2183
1921
1387
788
107
-794
-1641
-2428
-3065
-3751
-4331
-4772
-5138
-5486
-5798
-6110
-6087
-5750
-5329
-4986
-4386
-3327
-2381
-1396
-68
1316
2299
3344
4698
5807
6372
6871
7373
7602
7570
7343
6853
6195
5503
4604
3644
2769
1798
724
-20
-566
-1306
-2081
-2541
-2756
-3078
-3242
-3178
-2960
-2736
-2316
-1672
-917
-276
322
1058
1779
2180
2301
2377
2283
1926
1289
608
-222
-1162
-2113
-2881
-3530
-4231
-4853
-5311
-5701
-6036
-6409
-6641
-6423
-6018
-5646
-5287
-4378
-3273
-2363
-1233
276
1517
2495
3773
5211
6146
6712
7354
7837
8039
7999
7751
7192
6564
5774
4814
3850
2917
1795
751
115
-591
-1464
-2236
-2638
-3012
-3416
-3589
-3523
-3358
-3090
-2541
-1784
-992
-338
424
1296
2036
2403
2618
2747
2641
2212
1581
864
-37
-1020
-1982
-2709
-3442
-4236
-4912
-5395
-5864
-6342
-6834
-6969
-6733
-6408
-6143
-5711
-4665
-3647
-2714
-1432
79
1208
2314
3784
5227
6089
6794
7556
8049
8263
8248
7994
7458
6862
6058
5140
4222
3259
2101
1212
602
-235
-1143
-1845
-2248
-2775
-3206
-3391
-3380
-3306
-3031
-2498
-1796
-1137
-553
228
1053
1665
1944
2186
2293
2126
1657
1092
399
-452
-1355
-2180
-2801
-3526
-4242
-4827
-5255
-5767
-6290
-6754
-6780
-6578
-6295
-6116
-5566
-4521
-3609
-2645
-1306
90
1120
2300
3802
5101
5846
6640
7366
7815
7998
7978
7666
7206
6675
5919
5084
4293
3361
2302
1606
994
136
-724
-1282
-1716
-2252
-2625
-2813
-2839
-2789
-2551
-2114
-1515
-1016
-507
181
869
1250
1398
1574
1564
1258
736
204
-473
-1234
-2027
-2664
-3207
-3813
-4353
-4742
-5087
-5529
-5968
-6275
-6184
-5959
-5715
-5572
-4922
-3978
-3184
-2220
-906
305
1246
2436
3878
4938
5588
6370
6986
7393
7547
7456
7103
6723
6234
5534
4828
4152
3286
2410
1870
1252
407
-363
-856
-1349
-1838
-2195
-2393
-2427
-2389
-2183
-1802
-1272
-843
-339
325
917
1158
1282
1395
1262
857
311
-250
-953
-1678
-2425
-3018
-3568
-4078
-4517
-4808
-5110
-5447
-5796
-5950
-5729
-5455
-5237
-5073
-4293
-3427
-2701
-1753
-465
578
1454
2644
3988
4818
5413
6113
6626
6986
7019
6809
6408
6051
5497
4798
4148
3515
2721
2015
1596
982
214
-448
-866
-1315
-1736
-2043
-2141
-2108
-2014
-1747
-1344
-820
-397
178
827
1354
1527
1604
1595
1344
815
154
-521
-1275
-2053
-2858
-3486
-4041
-4520
-4925
-5196
-5468
-5741
-6054
-6022
-5673
-5306
-5112
-4737
-3730
-2854
-2089
-975
342
1257
2181
3450
4638
5240
5813
6383
6794
6971
6822
6440
6004
5580
4877
4141
3477
2821
1991
1444
1059
443
-275
-772
-1058
-1416
-1760
-1910
-1820
-1691
-1482
-1129
-608
-121
327
911
1521
1913
1961
1908
1769
1357
649
-146
-905
-1698
-2579
-3368
-3982
-4520
-4984
-5318
-5591
-5837
-6148
-6391
-6200
-5787
-5441
-5260
-4552
-3472
-2621
-1694
-318
921
1810
2911
4268
5188
5675
6234
6698
6972
6947
6653
6146
5704
5133
4335
3569
2879
2076
1241
799
329
-373
-1023
-1337
-1574
-1894
-2111
-2047
-1851
-1631
-1287
-780
-143
311
842
1430
1991
2232
2201
2110
1888
1340
569
-230
-1004
-1834
-2740
-3409
-4023
-4563
-5006
-5311
-5614
-5867
-6203
-6347
-6070
-5693
-5442
-5164
-4235
-3251
-2434
-1314
180
1297
2231
3499
4840
5574
6086
6688
7092
7279
7183
6831
6299
5872
5210
4381
3626
2893
1959
1191
735
89
-724
-1320
-1612
-1965
-2290
-2433
-2342
-2174
-1944
-1577
-1001
-378
68
659
1266
1762
1946
1986
1964
1706
1172
516
-171
-925
-1735
-2582
-3195
-3858
-4415
-4852
-5228
-5614
-5874
-6203
-6271
-5941
-5591
-5379
-5010
-3992
-3081
-2306
-1142
304
1309
2217
3492
4784
5455
6032
6693
7120
7306
7238
6901
6408
5991
5292
4430
3661
2863
1875
1133
587
-162
-1015
-1575
-1898
-2291
-2585
-2700
-2586
-2392
-2157
-1779
-1179
-599
-172
448
1088
1515
1669
1782
1798
1519
1008
428
-195
-921
-1716
-2542
-3194
-3908
-4504
-4947
-5375
-5810
-6094
-6428
-6402
-5982
-5547
-5280
-4756
-3597
-2631
-1793
-552
860
1810
2728
4014
5243
5876
6499
7154
7600
7772
7671
7313
6834
6376
5600
4688
3835
2948
1902
1142
484
-322
-1173
-1712
-2044
-2423
-2701
-2798
-2623
-2424
-2164
-1757
-1120
-623
-203
440
1101
1466
1580
1718
1710
1401
846
260
-393
-1125
-1959
-2773
-3475
-4195
-4824
-5301
-5706
-6129
-6428
-6807
-6700
-6267
-5800
-5519
-4841
-3589
-2611
-1688
-340
1070
1990
2997
4336
5494
6097
6758
7369
7817
7938
7753
7340
6872
6343
5484
4575
3711
2788
1749
1027
355
-443
-1248
-1742
-2050
-2392
-2643
-2711
-2483
-2277
-2002
-1547
-885
-456
-25
640
1270
1579
1658
1777
1693
1321
729
113
-596
-1373
-2249
-3039
-3746
-4445
-5070
-5571
-5942
-6326
-6611
-7004
-6853
-6453
-6027
-5789
-5063
-3781
-2822
-1856
-432
1025
1978
3089
4529
5701
6310
7005
7617
8057
8177
7949
7523
7064
6495
5634
4758
3962
3017
1963
1235
560
-292
-1131
-1642
-1993
-2396
-2680
-2776
-2571
-2370
-2114
-1636
-956
-507
-39
679
1307
1641
1732
1841
1717
1305
724
105
-618
-1433
-2326
-3100
-3776
-4442
-5069
-5562
-5916
-6314
-6654
-7030
-6822
-6455
-6116
-5924
-5199
-3924
-3000
-2021
-546
934
1934
3117
4675
5861
6443
7152
7773
8170
8249
7990
7554
7064
6473
5650
4787
4025
3068
2008
1295
597
-311
-1192
-1689
-2092
-2560
-2875
-2981
-2782
-2570
-2287
-1767
-1032
-503
41
818
1494
1848
1921
2019
1885
1410
770
121
-649
-1535
-2471
-3245
-3915
-4592
-5242
-5684
-6026
-6437
-6850
-7165
-6809
-6434
-6129
-5907
-5004
-3739
-2844
-1758
-164
1276
2289
3579
5170
6221
6746
7481
8025
8351
8302
7977
7464
6954
6284
5425
4530
3718
2685
1656
1018
276
-631
-1497
-1917
-2330
-2769
-3076
-3089
-2854
-2621
-2254
-1622
-840
-293
357
1172
1850
2125
2205
2292
2131
1587
882
192
-652
-1600
-2582
-3348
-4070
-4792
-5464
-5878
-6288
-6724
-7217
-7449
-7016
-6669
-6387
-6096
-4985
-3782
-2879
-1626
73
1415
2466
3879
5438
6341
6900
7697
8200
8493
8397
8043
7497
7005
6238
5318
4393
3519
2397
1434
864
90
-805
-1607
-1981
-2408
-2810
-3095
-3024
-2787
-2550
-2129
-1421
-674
-164
579
1371
1961
2124
2223
2281
2028
1442
720
0
-854
-1789
-2760
-3478
-4196
-4889
-5516
-5918
-6381
-6823
-7380
-7489
-7086
-6775
-6579
-6182
-4936
-3823
-2896
-1476
245
1483
2613
4130
5636
6436
7110
7892
8397
8655
8571
8184
7690
7193
6330
5381
4450
3513
2304
1430
830
-11
-973
-1731
-2148
-2602
-3004
-3275
-3134
-2896
-2642
-2191
-1406
-700
-161
662
1468
1999
2152
2305
2340
2046
1469
768
50
-755
-1686
-2601
-3267
-3925
-4604
-5183
-5608
-6076
-6585
-7152
-7137
-6807
-6572
-6533
-5975
-4703
-3733
-2823
-1289
309
1432
2615
4213
5587
6280
7009
7698
8200
8360
8219
7781
7358
6789
5899
5008
4138
3128
1949
1224
557
-349
-1348
-1984
-2407
-2837
-3221
-3392
-3166
-2907
-2597
-2067
-1217
-583
7
861
1657
2086
2217
2339
2298
1917
1254
536
-225
-1080
-2072
-2908
-3573
-4217
-4890
-5401
-5827
-6268
-6827
-7219
-6987
-6617
-6441
-6352
-5409
-4125
-3254
-2190
-490
922
1963
3312
4974
6062
6693
7469
8097
8511
8501
8230
7723
7296
6588
5679
4844
3998
2853
1829
1229
464
-532
-1439
-1898
-2347
-2768
-3091
-3111
-2901
-2647
-2272
-1636
-849
-320
311
1147
1801
2042
2103
2129
1932
1388
645
-97
-930
-1861
-2813
-3560
-4220
-4874
-5490
-5914
-6290
-6741
-7281
-7349
-6928
-6566
-6448
-6010
-4735
-3592
-2709
-1311
400
1540
2618
4176
5656
6388
7065
7810
8332
8526
8334
7913
7384
6862
6003
5087
4298
3390
2189
1427
847
-11
-979
-1637
-1979
-2427
-2790
-2958
-2852
-2698
-2408
-1939
-1195
-549
-14
687
1459
1937
2039
2077
2006
1649
987
237
-528
-1387
-2341
-3185
-3870
-4512
-5157
-5657
-6016
-6380
-6884
-7318
-7109
-6669
-6408
-6296
-5475
-4171
-3217
-2206
-561
957
1936
3194
4860
6046
6651
7430
8113
8576
8621
8374
7887
7425
6767
5826
4938
4129
3072
1934
1311
576
-364
-1264
-1770
-2159
-2600
-2939
-3016
-2888
-2768
-2472
-1943
-1193
-665
-43
694
1430
1788
1877
1991
1875
1450
742
13
-743
-1579
-2525
-3257
-3878
-4496
-5079
-5478
-5844
-6253
-6811
-7098
-6764
-6417
-6314
-6136
-5064
-3892
-3100
-1932
-255
1003
1956
3407
5015
5918
6570
7374
8025
8412
8394
8106
7650
7230
6468
5538
4731
3863
2727
1788
1209
382
-557
-1320
-1742
-2159
-2566
-2861
-2842
-2672
-2515
-2193
-1586
-905
-422
242
974
1600
1786
1882
1973
1751
1183
380
-374
-1141
-2029
-2961
-3603
-4196
-4807
-5329
-5675
-6072
-6541
-7059
-7030
-6594
-6325
-6261
-5695
-4390
-3401
-2550
-1076
496
1506
2615
4216
5531
6178
6900
7605
8131
8289
8151
7734
7297
6771
5875
4976
4195
3225
2122
1436
850
18
-831
-1375
-1748
-2145
-2504
-2684
-2552
-2357
-2135
-1730
-1046
-481
33
696
1387
1796
1845
1920
1877
1504
768
-74
-847
-1656
-2618
-3450
-4053
-4626
-5224
-5665
-6014
-6408
-6920
-7152
-6798
-6334
-6177
-5899
-4822
-3561
-2729
-1576
75
1304
2248
3603
5114
5935
6524
7201
7742
8020
7969
7659
7150
6715
5988
5034
4189
3377
2319
1424
922
296
-490
-1136
-1455
-1784
-2126
-2402
-2385
-2218
-2017
-1696
-1147
-505
-46
529
1147
1692
1840
1824
1785
1537
977
139
-691
-1490
-2397
-3349
-4041
-4637
-5194
-5694
-6069
-6398
-6819
-7217
-7078
-6591
-6188
-6064
-5411
-4087
-3037
-2156
-678
831
1815
2935
4483
5677
6253
6968
7596
8041
8163
8001
7556
7085
6550
5647
4737
3912
2967
1904
1226
691
-39
-808
-1288
-1536
-1870
-2214
-2369
-2237
-2085
-1823
-1360
-695
-137
365
992
1581
1987
2023
2016
1867
1464
775
-100
-903
-1768
-2785
-3638
-4266
-4904
-5418
-5816
-6184
-6521
-7012
-7192
-6897
-6438
-6178
-6023
-5073
-3775
-2909
-1824
-180
1078
2031
3359
4945
5776
6364
7143
7709
8012
7991
7708
7209
6756
6010
5096
4257
3410
2335
1439
906
280
-545
-1245
-1601
-1910
-2275
-2567
-2561
-2365
-2113
-1737
-1113
-383
172
781
1450
2022
2297
2299
2299
2028
1474
641
-257
-1091
-2076
-3093
-3837
-4477
-5135
-5565
-5947
-6281
-6678
-7151
-7109
-6744
-6341
-6262
-5854
-4646
-3491
-2636
-1194
447
1527
2579
4137
5592
6172
6863
7544
8032
8123
7977
7547
7078
6533
5659
4802
3985
3104
1986
1325
795
95
-792
-1327
-1660
-2071
-2436
-2650
-2503
-2290
-1990
-1578
-844
-200
335
1001
1683
2147
2256
2283
2224
1823
1096
201
-687
-1552
-2558
-3445
-4082
-4704
-5297
-5680
-6023
-6328
-6775
-7110
-6883
-6480
-6238
-6173
-5384
-4144
-3182
-2181
-558
856
1829
3039
4699
5836
6334
7057
7638
8010
7959
7703
7182
6750
6080
5199
4359
3615
2651
1634
1107
513
-262
-1075
-1426
-1808
-2200
-2510
-2575
-2364
-2163
-1863
-1351
-611
-92
457
1145
1776
2056
2104
2132
1958
1421
617
-254
-1113
-1977
-2919
-3644
-4214
-4824
-5379
-5704
-6034
-6376
-6849
-6934
-6593
-6209
-6112
-5784
-4682
-3543
-2685
-1474
162
1312
2320
3750
5345
6095
6695
7456
8011
8217
8107
7751
7245
6774
6002
5099
4254
3442
2327
1476
886
150
-741
-1397
-1708
-2142
-2527
-2784
-2755
-2559
-2354
-1999
-1337
-687
-186
420
1140
1668
1828
1887
1895
1613
1015
251
-577
-1385
-2289
-3148
-3803
-4363
-4985
-5417
-5722
-6054
-6487
-6861
-6695
-6327
-6016
-5939
-5231
-4015
-3042
-2195
-692
773
1724
2874
4523
5772
6283
7070
7813
8230
8232
8080
7616
7141
6544
5674
4714
3865
2882
1786
1138
488
-343
-1220
-1635
-1969
-2428
-2766
-2892
-2756
-2524
-2260
-1724
-966
-422
138
828
1540
1880
1906
1979
1875
1414
721
-54
-883
-1751
-2757
-3556
-4195
-4797
-5368
-5674
-5963
-6331
-6851
-6991
-6625
-6272
-6046
-5818
-4740
-3596
-2748
-1634
36
1217
2165
3589
5236
6077
6598
7454
8051
8284
8173
7915
7375
6915
6151
5212
4262
3446
2356
1461
954
248
-628
-1360
-1634
-2073
-2476
-2749
-2725
-2507
-2254
-1914
-1199
-511
-23
621
1344
1926
2019
2020
2035
1744
1090
327
-483
-1294
-2289
-3262
-3928
-4534
-5154
-5604
-5798
-6094
-6544
-6995
-6781
-6373
-6040
-5931
-5322
-4091
-3136
-2274
-846
662
1603
2683
4289
5635
6135
6793
7549
8038
8089
7915
7500
7030
6465
5619
4693
3885
3031
1945
1311
764
-26
-930
-1466
-1759
-2205
-2565
-2766
-2613
-2388
-2148
-1673
-897
-342
185
866
1531
1897
1894
1888
1775
1323
572
-250
-1021
-1846
-2888
-3682
-4271
-4887
-5466
-5755
-5978
-6288
-6776
-6911
-6522
-6112
-5933
-5728
-4711
-3588
-2803
-1717
-133
1091
2020
3401
5069
5939
6505
7311
8020
8350
8322
8066
7585
7129
6413
5513
4615
3836
2763
1840
1273
554
-415
-1233
-1609
-2021
-2475
-2828
-2900
-2750
-2576
-2306
-1693
-1015
-500
103
812
1401
1641
1647
1674
1504
965
194
-613
-1285
-2204
-3100
-3772
-4320
-4931
-5345
-5648
-5860
-6253
-6682
-6426
-6027
-5726
-5749
-5030
-3923
-3098
-2295
-848
531
1446
2609
4253
5456
6022
6827
7559
8065
8184
8104
7621
7223
6629
5790
4854
4062
3110
2045
1464
827
-34
-940
-1383
-1746
-2183
-2529
-2713
-2620
-2434
-2218
-1785
-1135
-603
-64
594
1224
1571
1554
1570
1464
1043
323
-596
-1331
-2181
-3117
-3877
-4429
-5033
-5489
-5848
-6009
-6291
-6825
-6595
-6177
-5758
-5732
-5115
-3995
-3095
-2304
-950
465
1404
2482
3978
5304
5891
6649
7333
7854
8009
7985
7567
7160
6612
5831
4913
4078
3224
2129
1536
942
210
-636
-1119
-1411
-1805
-2079
-2249
-2169
-1948
-1663
-1283
-722
-253
271
863
1416
1714
1657
1600
1423
977
274
-681
-1577
-2456
-3414
-4179
-4769
-5389
-5841
-6158
-6302
-6492
-6981
-6748
-6269
-5809
-5646
-5062
-3913
-2983
-2151
-818
582
1469
2500
3889
5212
5794
6474
7128
7632
7801
7692
7342
6938
6394
5610
4746
3909
3087
2015
1414
866
183
-567
-1078
-1299
-1625
-1884
-2019
-1922
-1695
-1369
-938
-380
46
532
1116
1659
1900
1798
1707
1527
1054
321
-582
-1500
-2424
-3437
-4232
-4837
-5533
-6092
-6404
-6565
-6731
-7216
-7065
-6538
-6050
-5859
-5333
-4138
-3141
-2355
-1039
456
1351
2258
3630
5061
5703
6345
7021
7614
7895
7798
7462
7105
6612
5778
4883
4056
3220
2107
1416
900
210
-551
-1107
-1328
-1590
-1873
-2023
-1916
-1684
-1383
-934
-306
211
644
1218
1835
2165
2059
1936
1801
1349
596
-340
-1206
-2104
-3110
-4005
-4590
-5268
-5902
-6254
-6446
-6555
-7072
-6993
-6481
-5958
-5815
-5362
-4202
-3182
-2424
-1205
261
1203
2033
3282
4712
5374
5990
6623
7216
7516
7475
7130
6779
6349
5538
4641
3815
3000
1914
1182
691
60
-676
-1191
-1385
-1581
-1810
-1907
-1735
-1471
-1185
-738
-70
526
917
1446
2057
2437
2331
2150
1953
1413
635
-392
-1305
-2257
-3257
-4220
-4852
-5483
-6103
-6447
-6654
-6696
-7188
-7035
-6474
-5888
-5708
-5183
-3962
-2952
-2117
-836
585
1515
2427
3637
4953
5554
6128
6689
7178
7369
7254
6841
6436
5972
5170
4309
3490
2668
1603
881
372
-203
-880
-1334
-1470
-1600
-1747
-1764
-1485
-1144
-855
-409
295
912
1303
1818
2397
2765
2659
2442
2183
1558
747
-317
-1287
-2300
-3350
-4340
-5058
-5686
-6302
-6675
-6894
-6919
-7363
-7182
-6593
-5968
-5703
-5151
-3882
-2846
-1972
-661
778
1711
2642
3837
5078
5656
6181
6684
7101
7239
7068
6600
6135
5643
4860
4033
3231
2453
1399
660
130
-415
-1032
-1484
-1586
-1659
-1735
-1722
-1388
-971
-645
-205
482
1105
1525
2068
2608
2951
2858
2611
2320
1701
870
-202
-1216
-2235
-3336
-4366
-5154
-5803
-6432
-6882
-7149
-7191
-7560
-7425
-6851
-6233
-5875
-5350
-4118
-3011
-2094
-811
667
1672
2632
3827
5103
5769
6324
6851
7301
7454
7289
6857
6344
5835
5036
4179
3297
2528
1466
621
34
-528
-1133
-1618
-1722
-1765
-1803
-1782
-1432
-977
-615
-169
496
1131
1590
2157
2703
3073
3024
2798
2516
1958
1144
45
-987
-2022
-3153
-4212
-5036
-5681
-6304
-6788
-7089
-7117
-7458
-7402
-6825
-6203
-5824
-5383
-4185
-3049
-2170
-984
501
1490
2410
3555
4864
5575
6127
6651
7130
7361
7155
6753
6235
5780
4951
4058
3113
2354
1326
425
-184
-730
-1303
-1821
-1914
-1893
-1910
-1902
-1524
-1003
-600
-183
490
1192
1705
2260
2806
3241
3242
3045
2792
2250
1439
288
-804
-1884
-3096
-4186
-5069
-5752
-6389
-6874
-7211
-7211
-7522
-7604
-6996
-6298
-5848
-5497
-4265
-2979
-2096
-1008
563
1639
2499
3615
4962
5746
6220
6743
7171
7496
7294
6875
6325
5922
5110
4166
3198
2418
1434
482
-149
-733
-1266
-1827
-1996
-1949
-1939
-1945
-1629
-1076
-598
-204
411
1163
1733
2287
2794
3258
3347
3173
2945
2445
1661
541
-607
-1695
-2924
-4050
-5000
-5763
-6438
-6946
-7342
-7432
-7647
-7913
-7441
-6734
-6143
-5837
-4768
-3333
-2326
-1354
183
1475
2329
3400
4724
5677
6099
6639
7028
7396
7318
6961
6404
6007
5333
4394
3447
2628
1729
750
135
-520
-1038
-1587
-1848
-1836
-1799
-1760
-1553
-1059
-522
-63
467
1178
1759
2319
2808
3226
3378
3241
3000
2577
1842
809
-339
-1422
-2570
-3728
-4733
-5577
-6280
-6855
-7260
-7523
-7676
-8054
-7824
-7172
-6516
-6132
-5360
-3906
-2738
-1770
-372
1119
2071
3112
4401
5529
6018
6551
6972
7321
7367
7093
6575
6097
5533
4646
3700
2780
1913
897
263
-415
-988
-1507
-1834
-1863
-1824
-1759
-1633
-1216
-666
-137
383
1056
1652
2206
2750
3180
3387
3333
3091
2752
2100
1168
34
-1058
-2111
-3287
-4351
-5267
-5985
-6590
-6958
-7313
-7439
-7780
-7814
-7201
-6539
-6043
-5581
-4303
-2999
-2044
-842
705
1801
2727
3932
5164
5802
6277
6770
7114
7276
7069
6631
6086
5599
4814
3920
2934
2049
1082
332
-271
-896
-1371
-1776
-1868
-1828
-1783
-1765
-1454
-895
-361
142
780
1457
2021
2619
3119
3435
3502
3310
3014
2463
1614
495
-676
-1732
-2898
-4054
-5063
-5898
-6561
-6955
-7341
-7544
-7708
-7960
-7450
-6753
-6111
-5779
-4824
-3377
-2352
-1321
166
1502
2361
3428
4687
5597
6026
6593
6978
7276
7193
6865
6317
5833
5198
4333
3400
2425
1576
687
112
-504
-968
-1407
-1647
-1642
-1617
-1654
-1544
-1039
-534
-83
433
1127
1698
2275
2793
3194
3393
3302
3053
2612
1879
858
-344
-1437
-2521
-3702
-4747
-5663
-6392
-6885
-7245
-7569
-7629
-7922
-7657
-6945
-6254
-5851
-5214
-3792
-2616
-1673
-349
1128
2040
2948
4137
5249
5736
6230
6733
7091
7168
6933
6493
5966
5450
4645
3766
2788
1963
1091
414
-135
-634
-1059
-1416
-1474
-1455
-1478
-1470
-1108
-612
-188
278
903
1477
2008
2544
2965
3253
3282
3096
2749
2106
1221
63
-1092
-2127
-3275
-4331
-5278
-6060
-6687
-7077
-7466
-7636
-7908
-7950
-7351
-6702
-6226
-5786
-4560
-3248
-2259
-1074
464
1553
2437
3584
4836
5528
5943
6533
6971
7176
7038
6750
6255
5790
5065
4237
3297
2437
1576
829
265
-288
-766
-1194
-1354
-1385
-1410
-1463
-1249
-813
-393
39
637
1210
1732
2292
2780
3133
3282
3168
2924
2396
1618
599
-574
-1583
-2707
-3773
-4722
-5505
-6188
-6625
-6981
-7250
-7488
-7749
-7334
-6730
-6211
-5906
-5010
-3686
-2696
-1722
-285
949
1779
2837
4096
5010
5375
5976
6479
6791
6757
6579
6161
5723
5126
4314
3444
2575
1745
951
446
-103
-605
-1069
-1286
-1333
-1364
-1415
-1311
-917
-496
-104
432
1064
1596
2163
2715
3130
3352
3255
3036
2624
1905
966
-176
-1196
-2289
-3436
-4434
-5235
-5935
-6445
-6776
-7072
-7236
-7563
-7314
-6678
-6071
-5741
-5121
-3812
-2715
-1903
-636
748
1582
2485
3674
4772
5165
5657
6228
6625
6701
6547
6203
5751
5260
4482
3614
2763
1956
1087
544
84
-428
-914
-1211
-1233
-1254
-1313
-1263
-916
-507
-177
242
850
1389
1885
2442
2888
3136
3077
2850
2539
1931
1059
-29
-1051
-2067
-3234
-4281
-5133
-5834
-6431
-6774
-7105
-7266
-7558
-7509
-6867
-6218
-5761
-5312
-4110
-2855
-2016
-951
505
1481
2278
3339
4553
5147
5488
6077
6538
6779
6640
6375
5939
5549
4889
4073
3245
2517
1652
951
512
7
-495
-927
-1003
-990
-1069
-1110
-828
-451
-131
172
719
1278
1718
2195
2665
2939
2921
2708
2424
1954
1143
100
-989
-1935
-3060
-4130
-5022
-5747
-6390
-6812
-7135
-7387
-7615
-7811
-7284
-6648
-6129
-5768
-4804
-3482
-2551
-1623
-228
966
1746
2734
3971
4879
5218
5781
6304
6698
6687
6491
6133
5792
5302
4558
3775
3060
2300
1468
950
438
-96
-629
-850
-840
-919
-1042
-904
-571
-254
2
437
1038
1502
1946
2443
2824
2932
2789
2561
2236
1575
618
-465
-1399
-2412
-3516
-4413
-5155
-5822
-6332
-6650
-6947
-7121
-7470
-7286
-6647
-6118
-5810
-5210
-3929
-2891
-2124
-929
453
1299
2120
3293
4420
4899
5320
5890
6334
6489
6326
6022
5664
5296
4623
3854
3118
2416
1593
969
515
-5
-530
-888
-889
-915
-1035
-1024
-730
-363
-91
261
853
1383
1816
2333
2785
3041
2983
2763
2483
1956
1079
-8
-987
-1947
-3090
-4119
-4907
-5621
-6238
-6623
-6946
-7101
-7376
-7545
-7054
-6396
-5966
-5617
-4562
-3253
-2439
-1479
-19
1130
1870
2892
4149
4949
5287
5795
6297
6581
6512
6220
5842
5503
4944
4161
3404
2687
1905
1155
668
202
-293
-774
-934
-920
-1024
-1154
-1019
-617
-283
-5
525
1136
1587
2083
2582
2954
3077
2924
2679
2296
1613
589
-426
-1327
-2381
-3535
-4417
-5145
-5819
-6311
-6662
-6898
-7074
-7391
-7276
-6644
-6088
-5781
-5209
-3894
-2867
-2091
-867
501
1335
2203
3398
4502
5013
5422
5974
6355
6485
6294
5991
5645
5256
4566
3853
3136
2438
1662
1058
619
170
-322
-704
-762
-808
-997
-1112
-860
-481
-257
93
697
1193
1625
2099
2517
2791
2788
2572
2296
1820
979
-47
-955
-1855
-2995
-4013
-4771
-5459
-6056
-6455
-6767
-6942
-7202
-7401
-6978
-6352
-5927
-5667
-4711
-3459
-2648
-1690
-316
743
1539
2629
3890
4737
5169
5741
6240
6575
6584
6388
6084
5772
5236
4539
3828
3159
2409
1651
1149
680
156
-371
-608
-664
-839
-1077
-1054
-763
-536
-342
120
670
1113
1576
2045
2428
2623
2521
2315
2026
1405
478
-487
-1329
-2341
-3437
-4288
-4993
-5656
-6149
-6476
-6712
-6864
-7196
-7079
-6492
-5953
-5741
-5226
-4020
-3041
-2261
-1079
197
1000
1907
3154
4298
4866
5389
5959
6439
6655
6577
6324
5999
5604
4973
4226
3523
2859
2069
1466
992
476
-121
-539
-655
-782
-1040
-1145
-978
-721
-540
-239
271
793
1286
1785
2214
2528
2559
2330
2107
1649
836
-168
-1050
-1968
-3049
-4027
-4778
-5463
-6068
-6423
-6707
-6823
-7089
-7250
-6830
-6212
-5867
-5586
-4653
-3489
-2669
-1751
-408
627
1411
2488
3773
4607
5097
5657
6227
6597
6650
6492
6152
5803
5316
4614
3837
3175
2498
1838
1330
862
325
-195
-433
-513
-727
-914
-884
-642
-417
-201
153
682
1218
1732
2168
2542
2723
2532
2287
1946
1296
320
-600
-1468
-2461
-3528
-4367
-5064
-5748
-6201
-6534
-6749
-6908
-7201
-7101
-6550
-6062
-5812
-5279
-4158
-3148
-2372
-1229
39
933
1831
3037
4160
4792
5300
5899
6413
6610
6534
6248
5894
5504
4911
4172
3449
2805
2122
1533
1045
559
32
-339
-472
-633
-865
-983
-841
-606
-401
-162
282
825
1358
1841
2263
2596
2591
2399
2123
1667
835
-100
-950
-1838
-2897
-3866
-4611
-5343
-5914
-6322
-6644
-6848
-7108
-7288
-6910
-6396
-6039
-5789
-4947
-3817
-2983
-2024
-736
374
1266
2371
3634
4590
5166
5811
6423
6897
6958
6775
6454
6100
5594
4902
4178
3492
2754
2019
1441
895
347
-166
-451
-647
-899
-1156
-1191
-1017
-837
-657
-326
184
702
1213
1695
2127
2348
2281
2104
1819
1244
383
-471
-1284
-2205
-3229
-4049
-4773
-5391
-5844
-6202
-6462
-6672
-6973
-6856
-6333
-5914
-5707
-5282
-4233
-3307
-2520
-1371
-160
742
1702
2940
4092
4811
5420
6061
6621
6943
6845
6573
6216
5789
5166
4432
3780
3085
2345
1691
1162
608
76
-370
-595
-807
-1075
-1258
-1177
-948
-778
-493
-45
522
1004
1498
1948
2291
2290
2100
1895
1477
736
-192
-1058
-1935
-2898
-3862
-4617
-5285
-5790
-6184
-6474
-6661
-6910
-7091
-6694
-6152
-5832
-5583
-4853
-3773
-2961
-2046
-782
309
1197
2308
3594
4562
5181
5818
6438
6906
7011
6808
6486
6112
5600
4890
4176
3557
2850
2197
1624
1107
538
29
-338
-526
-800
-1067
-1184
-1023
-823
-628
-249
255
812
1243
1717
2114
2312
2153
2013
1752
1201
338
-568
-1437
-2336
-3293
-4176
-4869
-5471
-5920
-6270
-6503
-6712
-6981
-6970
-6459
-6030
-5774
-5391
-4454
-3471
-2666
-1638
-389
638
1590
2790
3996
4813
5390
6053
6626
6932
6858
6646
6324
5937
5356
4636
3958
3305
2653
2050
1520
965
414
-61
-344
-594
-918
-1175
-1209
-1036
-883
-621
-216
301
794
1214
1660
2003
2084
1980
1867
1537
867
-8
-852
-1688
-2588
-3527
-4330
-4986
-5533
-5964
-6280
-6529
-6766
-7008
-6856
-6385
-6041
-5809
-5288
-4285
-3372
-2522
-1447
-180
837
1893
3126
4291
5057
5658
6342
6879
7077
6945
6750
6457
6083
5461
4779
4074
3411
2756
2134
1565
978
414
-86
-414
-756
-1138
-1409
-1379
-1230
-1108
-851
-443
71
532
971
1432
1733
1794
1720
1598
1236
511
-311
-1064
-1822
-2728
-3613
-4340
-4939
-5422
-5817
-6088
-6304
-6532
-6727
-6466
-6006
-5718
-5529
-4886
-3893
-3049
-2239
-1104
140
1108
2209
3441
4580
5278
5899
6568
7071
7156
6961
6724
6463
6028
5365
4685
3951
3305
2606
1980
1406
846
266
-236
-549
-903
-1303
-1492
-1360
-1230
-1136
-850
-388
117
565
1006
1447
1661
1631
1513
1345
883
77
-721
-1424
-2223
-3200
-4035
-4731
-5289
-5749
-6097
-6307
-6473
-6712
-6801
-6379
-5930
-5726
-5469
-4642
-3674
-2914
-2040
-776
366
1314
2483
3760
4787
5433
6110
6762
7195
7158
6940
6704
6437
5876
5218
4534
3861
3213
2484
1907
1360
809
219
-196
-489
-863
-1209
-1247
-1088
-1014
-893
-505
-17
440
851
1261
1651
1724
1638
1485
1231
664
-162
-883
-1603
-2506
-3457
-4194
-4850
-5380
-5837
-6127
-6315
-6499
-6734
-6630
-6128
-5811
-5637
-5153
-4185
-3357
-2606
-1530
-283
666
1678
2951
4132
4919
5573
6269
6839
7109
7003
6805
6555
6166
5529
4917
4244
3606
2868
2175
1626
1046
434
-128
-491
-827
-1208
-1439
-1373
-1234
-1132
-873
-370
80
520
914
1348
1616
1597
1511
1330
1004
368
-406
-1099
-1902
-2840
-3654
-4330
-4938
-5469
-5869
-6151
-6391
-6656
-6775
-6489
-6071
-5865
-5570
-4807
-3881
-3116
-2183
-959
127
1061
2278
3592
4548
5245
5981
6692
7139
7238
7118
6912
6601
6075
5458
4813
4129
3409
2633
1998
1384
727
69
-445
-809
-1202
-1566
-1698
-1610
-1462
-1291
-884
-371
79
538
961
1372
1487
1481
1386
1170
735
46
-691
-1425
-2276
-3112
-3818
-4448
-4955
-5372
-5666
-5963
-6229
-6452
-6341
-5992
-5675
-5502
-5008
-4170
-3360
-2531
-1467
-312
624
1699
3017
4167
4925
5629
6370
7003
7202
7154
6957
6712
6277
5679
5028
4335
3648
2861
2169
1556
904
240
-317
-703
-1045
-1451
-1661
-1687
-1545
-1388
-1103
-629
-149
311
723
1141
1378
1380
1322
1131
760
147
-617
-1350
-2180
-3028
-3790
-4474
-5032
-5452
-5754
-6017
-6270
-6500
-6518
-6204
-5809
-5546
-5213
-4494
-3639
-2836
-1868
-715
314
1284
2512
3807
4729
5410
6120
6827
7229
7261
7125
6892
6556
6028
5372
4665
3996
3263
2500
1862
1242
559
-51
-478
-790
-1199
-1492
-1535
-1450
-1306
-1089
-706
-224
250
675
1088
1444
1550
1516
1405
1112
615
-124
-854
-1613
-2473
-3297
-4040
-4700
-5222
-5640
-5941
-6207
-6468
-6633
-6461
-6070
-5752
-5457
-4905
-4049
-3241
-2385
-1301
-193
758
1841
3135
4255
4982
5661
6382
6946
7153
7103
6943
6656
6236
5653
4975
4277
3596
2832
2140
1523
863
180
-360
-742
-1143
-1513
-1652
-1589
-1488
-1309
-1000
-565
-98
360
780
1194
1427
1456
1438
1272
914
304
-409
-1109
-1887
-2731
-3523
-4271
-4877
-5392
-5800
-6127
-6429
-6709
-6763
-6456
-6107
-5833
-5429
-4658
-3803
-2995
-2020
-889
132
1151
2392
3676
4608
5313
6085
6799
7234
7337
7255
7054
6732
6256
5665
4990
4278
3540
2810
2183
1526
818
178
-315
-756
-1186
-1474
-1572
-1534
-1446
-1217
-898
-502
-70
366
758
1078
1170
1198
1168
943
516
-121
-786
-1482
-2234
-3017
-3757
-4437
-4919
-5355
-5688
-6031
-6338
-6578
-6484
-6135
-5844
-5595
-5098
-4267
-3522
-2674
-1631
-552
378
1496
2789
3933
4707
5445
6232
6849
7121
7146
7011
6751
6404
5878
5280
4571
3866
3120
2486
1891
1212
538
-2
-413
-813
-1172
-1384
-1424
-1370
-1223
-959
-624
-271
153
537
871
1049
1065
1078
934
612
85
-599
-1277
-1971
-2735
-3469
-4170
-4752
-5160
-5484
-5771
-6087
-6323
-6422
-6200
-5844
-5535
-5258
-4660
-3832
-3080
-2152
-1045
-11
944
2117
3380
4372
5086
5832
6562
7027
7181
7184
6978
6688
6277
5698
5019
4288
3565
2821
2204
1561
859
194
-307
-686
-1065
-1415
-1564
-1536
-1434
-1255
-939
-575
-213
211
595
922
1034
1081
1056
835
483
-108
-791
-1432
-2138
-2911
-3605
-4271
-4813
-5191
-5482
-5792
-6081
-6267
-6318
-6083
-5751
-5473
-5203
-4529
-3692
-2906
-1933
-798
243
1240
2445
3661
4596
5299
6032
6697
7111
7268
7245
7020
6753
6312
5704
5024
4341
3638
2930
2328
1661
944
260
-238
-638
-1082
-1496
-1655
-1625
-1569
-1422
-1098
-731
-397
-10
394
726
813
862
817
616
240
-369
-959
-1564
-2298
-3053
-3679
-4304
-4820
-5217
-5512
-5806
-6079
-6294
-6350
-6078
-5803
-5612
-5319
-4565
-3763
-2982
-1985
-813
234
1284
2551
3763
4699
5395
6137
6804
7251
7386
7334
7148
6904
6421
5829
5206
4544
3828
3173
2618
1926
1153
461
-28
-489
-1028
-1507
-1693
-1739
-1753
-1629
-1299
-969
-651
-260
195
530
609
684
707
554
145
-400
-895
-1497
-2241
-2931
-3513
-4091
-4603
-5028
-5316
-5618
-5949
-6231
-6283
-6020
-5860
-5768
-5447
-4703
-3962
-3185
-2152
-965
104
1235
2583
3821
4750
5466
6257
6960
7374
7454
7396
7261
6988
6468
5909
5309
4608
3852
3248
2707
1957
1117
446
-48
-573
-1157
-1613
-1800
-1895
-1904
-1737
-1413
-1123
-775
-340
133
436
519
618
661
479
35
-463
-958
-1581
-2302
-2943
-3500
-4046
-4539
-4930
-5175
-5492
-5843
-6118
-6137
-5905
-5806
-5734
-5394
-4676
-3956
-3149
-2099
-942
134
1310
2684
3905
4809
5542
6359
7041
7387
7436
7396
7281
6984
6467
5931
5338
4632
3894
3300
2730
1934
1071
396
-130
-720
-1327
-1760
-1945
-2061
-2072
-1909
-1628
-1345
-983
-534
-78
225
346
458
484
298
-113
-566
-1064
-1667
-2323
-2907
-3423
-3948
-4395
-4723
-4930
-5243
-5590
-5836
-5813
-5602
-5513
-5414
-5054
-4374
-3678
-2844
-1814
-723
322
1493
2834
4006
4881
5623
6428
7043
7336
7372
7341
7202
6891
6405
5869
5270
4588
3893
3279
2682
1897
1062
371
-203
-857
-1480
-1889
-2067
-2203
-2251
-2114
-1852
-1564
-1212
-750
-296
43
209
344
366
197
-172
-587
-1077
-1648
-2257
-2800
-3293
-3824
-4260
-4587
-4807
-5160
-5529
-5799
-5779
-5632
-5551
-5453
-5109
-4480
-3801
-2969
-1972
-883
140
1303
2594
3790
4676
5482
6305
6935
7258
7364
7399
7277
7014
6581
6099
5491
4825
4142
3538
2926
2170
1359
633
-13
-740
-1385
-1816
-2038
-2230
-2316
-2203
-1974
-1728
-1387
-897
-415
-53
162
331
389
255
-45
-437
-904
-1471
-2037
-2556
-3056
-3603
-4074
-4417
-4707
-5067
-5468
-5764
-5862
-5764
-5684
-5589
-5310
-4714
-4005
-3181
-2174
-1055
16
1131
2434
3666
4642
5461
6287
6916
7299
7463
7529
7419
7157
6786
6316
5707
5000
4316
3675
3036
2261
1438
648
-65
-808
-1463
-1939
-2227
-2435
-2508
-2407
-2223
-2004
-1665
-1158
-658
-276
-55
127
209
150
-106
-480
-956
-1482
-2004
-2504
-3000
-3533
-4002
-4379
-4659
-4968
-5313
-5650
-5807
-5750
-5631
-5533
-5293
-4752
-4016
-3158
-2163
-1035
74
1205
2471
3758
4837
5681
6423
7058
7509
7714
7729
7606
7385
7050
6563
5955
5276
4561
3838
3127
2345
1453
558
-226
-943
-1626
-2191
-2551
-2733
-2795
-2743
-2570
-2301
-1922
-1438
-916
-496
-214
-16
131
140
-53
-416
-863
-1323
-1817
-2333
-2863
-3380
-3885
-4294
-4609
-4899
-5267
-5613
-5827
-5845
-5764
-5661
-5477
-5054
-4316
-3441
-2467
-1375
-152
1035
2291
3624
4851
5738
6439
7135
7697
7941
7905
7817
7655
7379
6890
6333
5693
4981
4199
3464
2696
1772
795
-66
-764
-1481
-2149
-2646
-2857
-2953
-2954
-2819
-2496
-2100
-1652
-1120
-606
-234
-19
156
221
104
-234
-637
-1050
-1485
-2014
-2573
-3088
-3567
-4012
-4384
-4708
-5099
-5510
-5836
-5973
-5981
-5947
-5885
-5597
-4986
-4159
-3261
-2191
-942
331
1604
2995
4325
5312
6077
6848
7533
7865
7930
7895
7822
7573
7196
6708
6140
5453
4703
3985
3224
2321
1303
387
-423
-1179
-1944
-2548
-2935
-3121
-3170
-3062
-2770
-2389
-1925
-1372
-760
-295
-8
170
293
252
0
-385
-799
-1223
-1736
-2296
-2852
-3329
-3778
-4175
-4545
-4933
-5380
-5791
-6063
-6134
-6118
-6071
-5897
-5394
-4618
-3709
-2687
-1444
-90
1267
2674
4090
5289
6143
6927
7658
8165
8289
8291
8211
8018
7608
7125
6547
5857
5083
4304
3529
2593
1549
512
-374
-1216
-2006
-2714
-3192
-3493
-3595
-3530
-3276
-2889
-2406
-1805
-1140
-545
-138
135
338
430
296
-20
-434
-864
-1370
-1932
-2532
-3072
-3584
-4005
-4420
-4825
-5307
-5758
-6136
-6347
-6353
-6298
-6147
-5844
-5118
-4228
-3180
-2065
-678
714
2154
3577
4956
6045
6853
7627
8248
8627
8633
8620
8458
8191
7647
7064
6349
5592
4745
3876
2945
1866
747
-310
-1190
-2044
-2815
-3458
-3810
-4006
-4027
-3895
-3524
-3018
-2421
-1743
-1048
-473
-64
280
545
627
440
111
-259
-702
-1263
-1882
-2467
-3022
-3561
-4035
-4496
-4969
-5508
-5938
-6288
-6424
-6423
-6288
-6068
-5591
-4759
-3766
-2667
-1448
-12
1381
2818
4207
5553
6548
7364
8079
8647
8909
8907
8848
8642
8272
7637
6977
6210
5421
4471
3509
2501
1402
256
-779
-1659
-2505
-3262
-3807
-4065
-4216
-4202
-4002
-3538
-2990
-2369
-1694
-1019
-462
-17
363
602
611
393
82
-279
-775
-1375
-2011
-2593
-3192
-3769
-4291
-4779
-5301
-5858
-6252
-6579
-6666
-6644
-6408
-6126
-5542
-4668
-3622
-2486
-1175
295
1693
3124
4517
5867
6821
7663
8349
8899
9101
9105
8992
8716
8237
7569
6920
6135
5264
4235
3270
2274
1155
32
-983
-1881
-2718
-3411
-3849
-4094
-4195
-4114
-3812
-3302
-2744
-2121
-1431
-730
-154
292
634
810
740
507
178
-242
-812
-1459
-2131
-2778
-3455
-4089
-4647
-5165
-5718
-6260
-6596
-6882
-6920
-6797
-6428
-6068
-5425
-4458
-3300
-2070
-670
891
2343
3797
5219
6578
7499
8308
8948
9443
9548
9447
9204
8749
8139
7399
6666
5697
4685
3599
2591
1506
326
-786
-1835
-2731
-3510
-4116
-4502
-4707
-4691
-4484
-4069
-3479
-2865
-2128
-1326
-526
108
605
967
1137
1089
888
551
81
-501
-1192
-1910
-2650
-3380
-4074
-4688
-5266
-5850
-6366
-6699
-6994
-7028
-6821
-6426
-6054
-5395
-4310
-3079
-1807
-354
1291
2794
4254
5714
7080
8007
8784
9425
9877
9951
9774
9465
8954
8325
7508
6618
5557
4499
3354
2209
1040
-205
-1395
-2516
-3392
-4146
-4808
-5198
-5351
-5247
-5006
-4557
-3915
-3209
-2371
-1494
-603
114
665
1064
1346
1395
1227
900
477
-93
-830
-1585
-2348
-3089
-3843
-4504
-5117
-5683
-6225
-6606
-6922
-6948
-6753
-6412
-6057
-5378
-4272
-3078
-1809
-338
1318
2784
4253
5738
7116
8044
8823
9484
9925
10002
9805
9543
9050
8408
7529
6646
5640
4567
3386
2208
1037
-262
-1480
-2586
-3465
-4244
-4938
-5306
-5435
-5346
-5114
-4649
-3970
-3216
-2369
-1468
-527
217
782
1201
1552
1584
1376
1039
585
-63
-873
-1661
-2467
-3253
-4031
-4679
-5278
-5795
-6339
-6714
-7015
-7064
-6871
-6540
-6170
-5546
-4456
-3252
-1951
-486
1204
2703
4228
5782
7230
8235
9009
9680
10107
10213
9974
9677
9108
8405
7466
6576
5572
4460
3282
2081
928
-385
-1592
-2705
-3611
-4380
-5033
-5418
-5547
-5463
-5193
-4674
-3932
-3093
-2215
-1261
-266
559
1161
1590
1909
1915
1653
1265
717
0
-879
-1744
-2598
-3435
-4231
-4885
-5437
-5928
-6426
-6787
-7033
-7176
-6989
-6620
-6191
-5673
-4642
-3320
-1976
-542
1226
2903
4430
6007
7541
8712
9433
10072
10475
10599
10299
9884
9236
8441
7426
6409
5343
4172
2982
1693
512
-767
-1972
-3088
-4016
-4744
-5356
-5780
-5893
-5764
-5447
-4909
-4129
-3193
-2236
-1226
-184
734
1406
1880
2182
2235
1973
1532
947
252
-647
-1595
-2466
-3300
-4114
-4814
-5343
-5832
-6310
-6694
-6897
-7095
-6985
-6624
-6111
-5621
-4714
-3346
-1942
-533
1240
3049
4551
6037
7546
8811
9509
10079
10425
10525
10219
9754
9081
8232
7216
6151
5045
3835
2650
1335
117
-1080
-2237
-3315
-4229
-4908
-5451
-5874
-5969
-5804
-5436
-4899
-4135
-3176
-2142
-1099
-69
897
1623
2141
2438
2537
2310
1811
1193
511
-371
-1378
-2279
-3088
-3905
-4658
-5204
-5676
-6153
-6579
-6808
-7009
-7008
-6714
-6179
-5632
-4857
-3585
-2134
-707
992
2817
4391
5805
7241
8539
9319
9859
10158
10242
9983
9514
8865
8049
7107
6063
4984
3817
2650
1399
202
-925
-2036
-3098
-4000
-4684
-5214
-5618
-5719
-5571
-5213
-4661
-3943
-3030
-2017
-964
40
994
1735
2242
2536
2661
2499
2015
1369
655
-182
-1202
-2150
-3002
-3791
-4569
-5169
-5630
-6077
-6494
-6766
-6933
-7042
-6832
-6350
-5766
-5105
-3997
-2609
-1176
401
2211
3900
5334
6723
8069
9046
9581
9944
10027
9854
9352
8728
7966
7093
6059
4988
3943
2816
1638
487
-546
-1646
-2692
-3624
-4331
-4926
-5340
-5510
-5443
-5150
-4638
-3939
-3117
-2145
-1168
-179
754
1531
2036
2315
2463
2402
2027
1443
741
-23
-937
-1907
-2754
-3538
-4245
-4890
-5356
-5747
-6101
-6369
-6489
-6604
-6552
-6144
-5555
-4945
-4114
-2851
-1450
0
1665
3438
4932
6238
7571
8751
9406
9731
9906
9779
9346
8675
7923
7030
6028
4932
3874
2833
1717
583
-464
-1427
-2434
-3355
-4141
-4700
-5143
-5419
-5450
-5248
-4802
-4192
-3400
-2505
-1546
-613
349
1227
1868
2246
2431
2486
2281
1808
1179
451
-368
-1326
-2266
-3058
-3814
-4508
-5110
-5522
-5866
-6155
-6321
-6353
-6397
-6176
-5625
-4974
-4310
-3350
-1979
-558
908
2563
4189
5506
6762
8013
8988
9419
9656
9696
9461
8927
8175
7324
6344
5324
4217
3166
2104
998
-115
-1084
-1973
-2905
-3728
-4376
-4803
-5171
-5357
-5278
-4988
-4478
-3841
-3032
-2169
-1241
-315
627
1465
2039
2373
2531
2548
2253
1730
1088
344
-537
-1513
-2427
-3209
-4000
-4736
-5317
-5696
-6028
-6318
-6411
-6364
-6344
-5981
-5333
-4603
-3883
-2788
-1300
133
1548
3137
4651
5872
7070
8209
9019
9334
9524
9466
9178
8550
7726
6805
5796
4738
3600
2500
1372
282
-791
-1713
-2568
-3364
-4029
-4535
-4836
-5037
-5051
-4859
-4455
-3867
-3211
-2408
-1533
-592
310
1192
1974
2457
2720
2823
2770
2354
1761
1053
225
-728
-1707
-2642
-3499
-4295
-5021
-5566
-5955
-6230
-6507
-6544
-6462
-6359
-5869
-5146
-4342
-3541
-2303
-782
608
1986
3592
5026
6139
7227
8281
8917
9070
9138
8973
8581
7808
6961
6018
5016
3914
2835
1780
699
-311
-1268
-2075
-2811
-3444
-3967
-4358
-4540
-4621
-4560
-4310
-3873
-3291
-2649
-1813
-939
-42
805
1620
2308
2698
2892
2923
2801
2285
1618
856
11
-968
-1937
-2848
-3685
-4420
-5098
-5539
-5878
-6096
-6364
-6352
-6238
-6105
-5589
-4833
-4001
-3199
-1979
-503
839
2159
3733
5104
6142
7078
8016
8546
8595
8523
8287
7879
7070
6221
5321
4412
3362
2357
1415
446
-483
-1326
-1993
-2613
-3171
-3628
-3970
-4127
-4189
-4120
-3872
-3485
-2919
-2285
-1460
-636
205
1010
1761
2395
2771
2949
2918
2749
2207
1519
746
-80
-1035
-1981
-2856
-3656
-4352
-4971
-5361
-5655
-5870
-6114
-6102
-5975
-5853
-5397
-4679
-3890
-3128
-2025
-627
659
1924
3422
4753
5760
6634
7510
8054
8107
8015
7815
7465
6726
5931
5116
4264
3310
2357
1481
572
-293
-1059
-1671
-2259
-2823
-3294
-3648
-3843
-3919
-3869
-3655
-3316
-2751
-2137
-1376
-592
166
942
1668
2297
2670
2857
2793
2564
2056
1407
669
-151
-1043
-1969
-2815
-3621
-4312
-4874
-5267
-5533
-5739
-5936
-5967
-5843
-5710
-5318
-4631
-3872
-3121
-2122
-779
521
1723
3156
4517
5539
6420
7293
7879
7965
7852
7680
7365
6702
5917
5119
4242
3324
2373
1480
619
-211
-949
-1561
-2117
-2667
-3168
-3520
-3671
-3766
-3749
-3561
-3198
-2651
-2021
-1333
-530
267
966
1725
2392
2823
2943
2865
2646
2166
1478
724
-82
-989
-1951
-2828
-3574
-4297
-4907
-5286
-5509
-5650
-5774
-5848
-5694
-5567
-5297
-4688
-3902
-3156
-2375
-1170
154
1312
2508
3875
4980
5814
6649
7382
7585
7476
7288
7022
6521
5784
5054
4208
3397
2535
1689
928
223
-471
-1075
-1561
-2021
-2487
-2887
-3085
-3154
-3278
-3243
-2999
-2589
-2071
-1482
-754
20
765
1452
2218
2722
2970
2950
2794
2447
1812
1049
210
-680
-1653
-2591
-3409
-4114
-4757
-5219
-5467
-5612
-5647
-5675
-5636
-5409
-5282
-4871
-4189
-3411
-2738
-1881
-629
560
1638
2840
4080
4984
5740
6550
7119
7102
6966
6728
6365
5744
5039
4317
3484
2728
1940
1243
559
-73
-658
-1120
-1505
-1888
-2209
-2463
-2570
-2611
-2679
-2561
-2274
-1851
-1353
-758
-51
643
1336
1995
2607
2884
3014
2917
2667
2190
1480
679
-237
-1154
-2104
-3005
-3802
-4460
-4988
-5362
-5586
-5704
-5692
-5689
-5578
-5352
-5172
-4631
-3946
-3210
-2561
-1576
-353
747
1805
3014
4116
4892
5614
6373
6798
6681
6558
6305
5914
5256
4603
3883
3127
2419
1742
1101
399
-189
-695
-1062
-1415
-1740
-1985
-2180
-2253
-2270
-2268
-2114
-1804
-1353
-860
-263
407
1041
1646
2219
2660
2802
2851
2672
2390
1867
1149
339
-541
-1404
-2328
-3192
-3915
-4496
-5019
-5386
-5605
-5746
-5761
-5744
-5591
-5406
-5129
-4511
-3821
-3098
-2408
-1321
-112
977
2015
3224
4234
4929
5598
6276
6562
6398
6267
6043
5662
4994
4383
3693
3027
2361
1722
1052
390
-151
-623
-937
-1269
-1568
-1824
-1989
-2021
-2063
-2031
-1875
-1563
-1129
-674
-79
542
1100
1621
2158
2526
2618
2604
2401
2109
1545
843
84
-725
-1572
-2475
-3274
-3921
-4462
-4984
-5313
-5493
-5631
-5668
-5650
-5466
-5312
-5024
-4429
-3712
-3023
-2371
-1308
-104
960
1917
3120
4100
4738
5355
6009
6247
6126
6023
5889
5568
4948
4415
3797
3204
2548
1902
1253
679
140
-325
-628
-967
-1303
-1598
-1750
-1799
-1885
-1848
-1695
-1418
-1034
-629
-61
491
1010
1511
2042
2391
2484
2460
2272
1946
1336
652
-74
-865
-1742
-2631
-3397
-4036
-4594
-5094
-5381
-5540
-5667
-5718
-5689
-5465
-5343
-5058
-4465
-3717
-3083
-2440
-1359
-169
820
1769
3011
3935
4540
5186
5867
6069
6014
5951
5865
5550
4993
4508
3934
3361
2701
2104
1515
999
467
48
-266
-617
-977
-1270
-1431
-1517
-1592
-1554
-1406
-1161
-816
-451
60
545
1039
1487
1928
2210
2289
2207
1971
1572
926
229
-496
-1268
-2148
-2995
-3685
-4293
-4857
-5280
-5477
-5612
-5718
-5732
-5647
-5437
-5323
-4954
-4356
-3649
-3077
-2356
-1233
-139
768
1806
3029
3846
4485
5254
5925
6064
6078
6074
5988
5628
5141
4654
4077
3517
2877
2309
1733
1223
698
284
-64
-446
-824
-1120
-1295
-1435
-1550
-1545
-1400
-1163
-870
-485
-7
477
993
1449
1860
2112
2199
2091
1827
1358
693
-57
-825
-1610
-2506
-3352
-4012
-4586
-5123
-5467
-5597
-5711
-5790
-5767
-5633
-5450
-5354
-4931
-4340
-3680
-3126
-2335
-1188
-114
817
1949
3163
3982
4691
5520
6176
6282
6276
6260
6163
5726
5215
4717
4132
3604
2996
2441
1888
1386
902
487
159
-223
-616
-943
-1110
-1293
-1514
-1563
-1428
-1204
-997
-596
-127
353
865
1358
1818
2061
2141
2044
1803
1318
640
-151
-958
-1763
-2659
-3504
-4180
-4716
-5194
-5483
-5611
-5724
-5783
-5753
-5626
-5475
-5432
-5059
-4512
-3884
-3325
-2553
-1428
-315
691
1870
3123
4032
4796
5619
6312
6455
6425
6400
6308
5848
5301
4822
4229
3681
3070
2508
1945
1415
933
498
164
-216
-635
-1013
-1187
-1385
-1635
-1692
-1576
-1348
-1146
-698
-195
302
830
1364
1876
2133
2224
2141
1915
1449
771
-29
-873
-1717
-2618
-3469
-4193
-4736
-5201
-5509
-5693
-5822
-5871
-5848
-5731
-5590
-5545
-5191
-4627
-3977
-3365
-2582
-1440
-262
815
2054
3354
4318
5133
5968
6697
6864
6843
6833
6718
6260
5699
5188
4558
3941
3282
2678
2054
1462
924
443
38
-390
-849
-1272
-1495
-1754
-2007
-2091
-2027
-1830
-1577
-1105
-591
-60
481
1022
1532
1811
1926
1857
1649
1226
562
-213
-1050
-1905
-2794
-3626
-4335
-4893
-5382
-5709
-5887
-6002
-6033
-6001
-5845
-5668
-5581
-5176
-4564
-3866
-3219
-2363
-1159
75
1196
2502
3855
4844
5698
6599
7340
7487
7495
7494
7336
6844
6269
5704
5006
4298
3559
2888
2158
1480
854
310
-182
-690
-1188
-1612
-1861
-2143
-2373
-2441
-2351
-2131
-1790
-1288
-739
-167
377
926
1420
1703
1807
1718
1509
1060
380
-406
-1222
-2081
-2971
-3778
-4469
-5044
-5560
-5885
-6023
-6094
-6119
-6076
-5898
-5674
-5564
-5116
-4475
-3757
-3121
-2212
-955
306
1441
2741
4113
5088
5934
6838
7552
7655
7628
7560
7380
6852
6245
5653
4950
4241
3481
2793
2040
1371
720
156
-335
-838
-1341
-1761
-1995
-2237
-2445
-2504
-2364
-2097
-1735
-1252
-686
-105
436
992
1488
1767
1856
1731
1495
990
261
-569
-1406
-2274
-3173
-3978
-4699
-5268
-5750
-6056
-6172
-6155
-6126
-6043
-5831
-5533
-5361
-4862
-4152
-3399
-2732
-1770
-471
828
1963
3225
4546
5501
6321
7154
7794
7843
7730
7543
7316
6715
6030
5376
4650
3911
3103
2386
1609
953
306
-257
-712
-1154
-1621
-1995
-2167
-2312
-2452
-2448
-2239
-1924
-1569
-1092
-534
36
582
1111
1600
1855
1917
1750
1471
922
145
-704
-1570
-2442
-3350
-4161
-4895
-5464
-5902
-6198
-6312
-6245
-6171
-6057
-5795
-5443
-5209
-4673
-3884
-3090
-2378
-1376
-67
1244
2330
3550
4783
5686
6444
7199
7784
7800
7645
7422
7172
6532
5844
5199
4499
3733
2919
2199
1431
770
148
-379
-817
-1228
-1676
-1986
-2124
-2244
-2340
-2280
-2062
-1780
-1462
-1008
-504
26
553
1020
1458
1668
1694
1498
1203
650
-131
-945
-1779
-2614
-3503
-4283
-4944
-5488
-5887
-6142
-6225
-6140
-6041
-5897
-5582
-5235
-4942
-4351
-3529
-2738
-2022
-976
313
1568
2615
3827
4956
5792
6518
7240
7766
7740
7589
7383
7087
6406
5717
5072
4340
3525
2741
2017
1249
578
-7
-487
-917
-1339
-1781
-2047
-2156
-2294
-2383
-2289
-2074
-1813
-1501
-1021
-549
-48
467
913
1282
1429
1418
1178
865
316
-460
-1263
-2049
-2830
-3695
-4429
-4991
-5459
-5794
-5958
-5945
-5815
-5658
-5468
-5108
-4789
-4433
-3793
-2998
-2255
-1558
-496
743
1903
2936
4145
5182
5968
6668
7358
7762
7659
7488
7272
6893
6167
5451
4753
3962
3117
2397
1690
949
303
-226
-657
-1070
-1494
-1916
-2160
-2245
-2391
-2500
-2401
-2183
-1904
-1596
-1090
-624
-154
347
802
1136
1234
1210
978
674
129
-618
-1394
-2131
-2865
-3718
-4409
-4934
-5344
-5622
-5725
-5641
-5497
-5289
-5084
-4703
-4407
-4029
-3403
-2649
-1930
-1244
-212
972
2074
3078
4262
5251
6027
6674
7323
7631
7501
7313
7079
6657
5926
5214
4477
3710
2901
2228
1552
866
261
-241
-665
-1058
-1479
-1883
-2132
-2235
-2397
-2535
-2448
-2245
-1977
-1695
-1212
-776
-356
107
540
855
955
953
781
511
9
-653
-1340
-2003
-2682
-3490
-4131
-4621
-4993
-5244
-5339
-5259
-5137
-4934
-4746
-4395
-4124
-3782
-3238
-2530
-1853
-1211
-267
846
1904
2858
3986
4940
5709
6317
6933
7238
7172
7012
6790
6370
5704
5042
4335
3669
2971
2329
1680
1077
525
32
-399
-773
-1200
-1592
-1878
-2051
-2258
-2441
-2416
-2264
-2035
-1776
-1353
-959
-574
-147
280
608
773
816
708
461
30
-530
-1146
-1751
-2360
-3058
-3688
-4160
-4539
-4818
-4970
-4980
-4927
-4784
-4653
-4418
-4167
-3924
-3485
-2839
-2176
-1599
-762
322
1410
2329
3398
4444
5241
5867
6505
6965
7015
6905
6744
6443
5866
5232
4597
3995
3370
2705
2047
1468
930
393
-81
-463
-901
-1351
-1702
-1950
-2200
-2475
-2592
-2569
-2396
-2196
-1861
-1472
-1074
-644
-177
269
562
743
755
641
322
-123
-695
-1256
-1810
-2396
-3032
-3562
-3953
-4302
-4519
-4623
-4627
-4593
-4493
-4386
-4169
-4016
-3747
-3230
-2594
-2058
-1422
-427
739
1718
2647
3804
4779
5482
6137
6806
7072
6989
6844
6697
6274
5632
5020
4444
3820
3136
2442
1817
1244
648
102
-364
-798
-1333
-1782
-2121
-2375
-2690
-2934
-3022
-2937
-2748
-2510
-2094
-1638
-1157
-650
-89
352
664
858
895
767
421
-53
-601
-1142
-1712
-2326
-2928
-3384
-3762
-4075
-4231
-4285
-4295
-4257
-4163
-4026
-3873
-3741
-3390
-2852
-2308
-1801
-1050
34
1109
1988
3022
4137
4967
5642
6344
6855
6894
6763
6642
6399
5846
5237
4683
4069
3386
2711
2058
1447
840
259
-262
-738
-1230
-1746
-2149
-2449
-2685
-2979
-3119
-3102
-2908
-2694
-2372
-1875
-1359
-829
-290
262
634
913
1026
1006
793
387
-119
-678
-1262
-1882
-2502
-3041
-3440
-3795
-4025
-4142
-4151
-4133
-4059
-3958
-3793
-3667
-3472
-3058
-2534
-1996
-1460
-608
435
1402
2287
3348
4295
5039
5703
6328
6650
6608
6530
6369
6034
5456
4924
4347
3686
3026
2386
1742
1115
550
-2
-516
-980
-1444
-1894
-2268
-2495
-2720
-2967
-3018
-2898
-2677
-2477
-2101
-1588
-1056
-540
2
502
828
1035
1091
1029
772
344
-176
-723
-1309
-1919
-2539
-3051
-3462
-3797
-4019
-4138
-4120
-4104
-4042
-3973
-3815
-3718
-3512
-3099
-2545
-1990
-1443
-560
439
1383
2273
3312
4210
4947
5584
6201
6513
6491
6454
6299
5996
5443
4931
4345
3723
3097
2459
1824
1236
720
152
-342
-776
-1246
-1724
-2118
-2367
-2656
-2932
-3001
-2923
-2781
-2591
-2206
-1713
-1183
-656
-93
431
779
1000
1091
1041
790
373
-128
-631
-1183
-1797
-2425
-2953
-3375
-3715
-3947
-4039
-4022
-4042
-4025
-3989
-3888
-3854
-3719
-3323
-2757
-2220
-1690
-832
171
1121
2015
3088
4033
4781
5429
6089
6429
6407
6366
6239
5968
5432
4927
4364
3783
3193
2592
2021
1487
988
430
-39
-465
-972
-1484
-1913
-2226
-2565
-2856
-2973
-2965
-2831
-2620
-2234
-1773
-1233
-708
-167
370
743
990
1079
1040
807
419
-58
-520
-1029
-1631
-2221
-2724
-3102
-3430
-3650
-3730
-3754
-3825
-3860
-3867
-3844
-3869
-3819
-3479
-2963
-2486
-2030
-1252
-255
686
1549
2607
3600
4340
4981
5646
6038
6055
6003
5945
5760
5307
4837
4354
3877
3379
2860
2370
1893
1375
820
354
-100
-657
-1224
-1699
-2091
-2470
-2812
-3009
-3043
-2903
-2690
-2342
-1884
-1345
-826
-290
289
692
953
1067
1076
893
523
88
-346
-816
-1371
-1909
-2356
-2690
-2996
-3214
-3317
-3397
-3504
-3601
-3661
-3707
-3799
-3833
-3600
-3194
-2809
-2446
-1780
-806
126
954
1994
3050
3813
4462
5167
5691
5810
5793
5842
5794
5453
5038
4673
4295
3876
3406
2952
2478
1941
1355
834
323
-309
-960
-1547
-2042
-2526
-2986
-3306
-3412
-3330
-3170
-2864
-2385
-1847
-1314
-714
-63
447
759
982
1101
1006
720
354
-22
-456
-951
-1448
-1896
-2250
-2576
-2846
-3002
-3129
-3270
-3433
-3572
-3710
-3853
-4025
-3975
-3707
-3343
-3045
-2558
-1676
-686
185
1174
2356
3299
4008
4772
5533
5866
5928
5998
6085
5911
5521
5191
4842
4423
3943
3468
2977
2422
1823
1216
663
30
-700
-1401
-2021
-2545
-3112
-3535
-3731
-3710
-3560
-3285
-2734
-2100
-1476
-820
-57
639
1090
1382
1612
1656
1404
1031
656
223
-315
-853
-1373
-1853
-2283
-2659
-2941
-3134
-3337
-3572
-3784
-3957
-4172
-4370
-4544
-4437
-4118
-3749
-3404
-2773
-1762
-728
230
1381
2645
3562
4327
5217
6002
6225
6278
6403
6441
6134
5691
5346
4885
4335
3783
3276
2692
2040
1394
781
199
-524
-1297
-1983
-2574
-3109
-3664
-3965
-4053
-3977
-3737
-3300
-2597
-1912
-1187
-388
447
1129
1545
1872
2087
2043
1714
1316
926
423
-175
-725
-1271
-1802
-2280
-2663
-2948
-3217
-3499
-3753
-3944
-4138
-4396
-4559
-4683
-4571
-4250
-3851
-3438
-2752
-1699
-599
436
1637
2905
3854
4674
5563
6303
6491
6538
6645
6607
6247
5774
5384
4859
4284
3713
3153
2505
1827
1164
505
-131
-880
-1643
-2336
-2889
-3384
-3881
-4136
-4164
-4017
-3728
-3245
-2539
-1838
-1083
-273
535
1185
1588
1921
2133
2105
1816
1445
1060
559
-25
-582
-1138
-1690
-2177
-2578
-2911
-3247
-3548
-3778
-3946
-4135
-4354
-4475
-4573
-4514
-4231
-3828
-3432
-2831
-1845
-721
305
1433
2692
3720
4536
5363
6117
6378
6390
6452
6422
6092
5607
5207
4741
4192
3624
3065
2458
1825
1196
560
-71
-772
-1496
-2173
-2702
-3165
-3638
-3939
-3994
-3836
-3573
-3153
-2528
-1834
-1103
-349
430
1103
1542
1859
2100
2160
1945
1585
1201
745
180
-415
-960
-1474
-1961
-2395
-2744
-3052
-3350
-3568
-3709
-3852
-4046
-4190
-4295
-4314
-4134
-3791
-3439
-2988
-2179
-1122
-116
916
2117
3226
4075
4881
5692
6132
6173
6200
6241
6023
5558
5121
4694
4136
3515
2929
2352
1728
1105
528
-26
-627
-1297
-1936
-2442
-2875
-3331
-3691
-3804
-3715
-3531
-3199
-2652
-2001
-1324
-584
219
945
1456
1821
2116
2260
2139
1818
1442
1005
456
-158
-718
-1239
-1764
-2226
-2574
-2865
-3181
-3426
-3556
-3665
-3844
-4017
-4123
-4194
-4148
-3902
-3543
-3178
-2620
-1724
-693
286
1334
2469
3464
4299
5116
5800
6095
6168
6257
6254
5971
5533
5099
4581
3958
3307
2675
2021
1377
779
200
-361
-959
-1580
-2148
-2587
-2992
-3392
-3637
-3655
-3550
-3365
-2996
-2451
-1821
-1150
-376
400
1030
1501
1902
2222
2293
2114
1826
1488
1035
472
-97
-630
-1176
-1713
-2146
-2496
-2852
-3191
-3421
-3573
-3759
-3993
-4160
-4279
-4364
-4290
-4026
-3691
-3323
-2694
-1763
-778
154
1178
2272
3242
4082
4912
5563
5878
6061
6227
6250
5977
5572
5133
4605
3982
3308
2647
1956
1290
652
44
-535
-1147
-1730
-2265
-2672
-3015
-3330
-3508
-3497
-3369
-3177
-2793
-2257
-1618
-930
-166
580
1202
1731
2192
2529
2618
2507
2253
1921
1495
965
371
-224
-809
-1400
-1936
-2419
-2877
-3261
-3536
-3790
-4052
-4326
-4522
-4661
-4762
-4654
-4390
-4064
-3692
-3010
-2026
-1043
-81
1001
2139
3127
4016
4905
5602
5920
6119
6289
6292
5965
5508
5057
4508
3883
3197
2541
1832
1163
519
-96
-659
-1281
-1843
-2349
-2760
-3088
-3365
-3543
-3559
-3363
-3122
-2723
-2141
-1468
-729
49
837
1521
2100
2591
2947
3067
3006
2768
2383
1958
1407
767
84
-577
-1232
-1879
-2441
-2983
-3452
-3791
-4095
-4406
-4717
-4973
-5116
-5278
-5227
-4951
-4596
-4216
-3608
-2569
-1474
-455
682
1963
3062
3977
4935
5798
6176
6325
6492
6533
6226
5714
5266
4727
4102
3421
2786
2069
1392
765
103
-477
-1081
-1696
-2251
-2695
-3070
-3410
-3628
-3676
-3476
-3176
-2783
-2146
-1440
-687
124
965
1708
2300
2811
3203
3364
3305
3118
2739
2289
1700
1028
326
-423
-1146
-1868
-2504
-3103
-3666
-4113
-4469
-4810
-5128
-5449
-5611
-5757
-5802
-5590
-5215
-4744
-4228
-3327
-2159
-1030
77
1391
2687
3711
4648
5645
6287
6522
6695
6807
6676
6232
5784
5302
4719
4033
3378
2672
1953
1307
606
-75
-695
-1329
-1966
-2484
-2899
-3282
-3580
-3684
-3545
-3220
-2835
-2248
-1529
-777
32
868
1664
2310
2862
3294
3559
3584
3455
3148
2710
2121
1399
685
-103
-931
-1751
-2503
-3199
-3858
-4422
-4865
-5268
-5604
-5922
-6148
-6273
-6342
-6229
-5899
-5359
-4794
-4077
-3006
-1772
-604
630
2023
3280
4274
5278
6215
6730
6962
7117
7162
6916
6479
6010
5456
4770
4039
3309
2544
1807
1075
320
-380
-1030
-1702
-2312
-2784
-3143
-3447
-3622
-3566
-3284
-2888
-2386
-1728
-984
-207
571
1382
2095
2689
3181
3559
3725
3673
3466
3088
2537
1819
1056
260
-617
-1543
-2416
-3222
-3987
-4683
-5233
-5661
-6031
-6351
-6582
-6709
-6753
-6702
-6470
-5974
-5319
-4628
-3736
-2536
-1243
-5
1313
2735
3957
4962
5968
6843
7305
7475
7584
7557
7238
6732
6196
5547
4765
3950
3168
2370
1575
795
46
-646
-1316
-1985
-2568
-2980
-3270
-3496
-3583
-3431
-3099
-2659
-2106
-1388
-602
164
945
1742
2461
3042
3526
3861
3970
3858
3580
3106
2459
1673
800
-105
-1059
-2056
-3015
-3886
-4705
-5440
-6022
-6435
-6771
-7061
-7254
-7308
-7245
-7101
-6785
-6196
-5408
-4572
-3562
-2259
-845
488
1866
3339
4626
5669
6669
7548
8002
8126
8175
8099
7703
7097
6458
5721
4836
3929
3080
2218
1346
509
-248
-948
-1635
-2308
-2865
-3247
-3514
-3704
-3736
-3543
-3183
-2703
-2072
-1281
-453
355
1174
2003
2739
3317
3754
4015
4054
3869
3490
2922
2189
1307
341
-624
-1611
-2630
-3602
-4475
-5282
-5995
-6539
-6911
-7187
-7405
-7510
-7465
-7295
-7041
-6632
-5965
-5088
-4158
-3106
-1783
-318
1077
2462
3904
5198
6247
7192
8009
8438
8511
8470
8315
7863
7171
6423
5602
4669
3728
2838
1949
1065
253
-463
-1114
-1749
-2358
-2862
-3210
-3432
-3567
-3569
-3370
-2998
-2497
-1840
-1034
-184
637
1457
2270
2976
3486
3812
3982
3964
3715
3244
2606
1817
867
-160
-1155
-2130
-3112
-4047
-4891
-5655
-6320
-6829
-7171
-7389
-7507
-7510
-7398
-7171
-6818
-6315
-5610
-4706
-3704
-2631
-1350
124
1579
2948
4317
5621
6686
7532
8244
8668
8703
8533
8263
7768
7006
6145
5246
4279
3319
2432
1572
724
-38
-697
-1294
-1851
-2361
-2807
-3145
-3339
-3400
-3365
-3195
-2868
-2388
-1759
-1008
-199
607
1398
2148
2800
3274
3549
3670
3644
3423
2972
2331
1540
616
-406
-1427
-2401
-3326
-4188
-4977
-5682
-6275
-6733
-7038
-7189
-7215
-7141
-6981
-6734
-6372
-5876
-5241
-4437
-3475
-2444
-1316
8
1431
2764
4015
5260
6359
7164
7785
8252
8382
8188
7869
7431
6750
5905
5044
4146
3232
2403
1649
901
195
-409
-952
-1461
-1908
-2298
-2654
-2914
-3013
-2996
-2911
-2723
-2374
-1849
-1217
-526
203
945
1658
2295
2819
3166
3335
3362
3242
2908
2357
1639
792
-153
-1150
-2134
-3056
-3883
-4623
-5291
-5837
-6233
-6497
-6625
-6611
-6495
-6309
-6053
-5720
-5300
-4780
-4131
-3319
-2381
-1385
-285
966
2250
3427
4542
5604
6463
7069
7519
7771
7713
7417
7005
6468
5765
4974
4164
3346
2564
1849
1177
539
-40
-559
-1033
-1438
-1784
-2108
-2395
-2568
-2592
-2537
-2420
-2190
-1789
-1263
-693
-97
539
1179
1755
2253
2643
2864
2913
2834
2607
2180
1572
839
31
-842
-1752
-2646
-3454
-4165
-4814
-5366
-5770
-6045
-6224
-6279
-6204
-6061
-5866
-5589
-5229
-4798
-4289
-3635
-2817
-1910
-973
62
1217
2358
3397
4382
5300
6021
6534
6908
7103
7030
6762
6406
5959
5373
4697
4015
3336
2661
2015
1419
860
321
-172
-599
-977
-1325
-1654
-1915
-2068
-2125
-2117
-2026
-1819
-1480
-1060
-598
-95
448
973
1441
1844
2137
2273
2263
2137
1873
1445
879
236
-457
-1200
-1976
-2720
-3396
-4014
-4573
-5024
-5356
-5598
-5754
-5794
-5731
-5608
-5434
-5173
-4816
-4398
-3907
-3281
-2511
-1695
-863
62
1085
2066
2958
3827
4643
5276
5729
6090
6293
6266
6084
5856
5534
5058
4512
3979
3429
2840
2277
1768
1264
767
327
-56
-423
-773
-1074
-1316
-1497
-1620
-1672
-1656
-1550
-1340
-1048
-698
-292
161
615
1031
1396
1680
1836
1867
1785
1579
1226
759
218
-380
-1029
-1701
-2360
-2977
-3547
-4054
-4480
-4814
-5062
-5229
-5314
-5316
-5251
-5134
-4955
-4688
-4343
-3935
-3419
-2762
-2030
-1269
-419
534
1484
2366
3230
4059
4736
5245
5667
5963
6048
5973
5838
5619
5251
4798
4348
3882
3364
2845
2364
1884
1392
937
522
112
-298
-675
-998
-1283
-1511
-1679
-1772
-1776
-1670
-1472
-1210
-867
-465
-51
339
700
996
1180
1249
1216
1060
779
392
-71
-592
-1148
-1729
-2317
-2855
-3330
-3762
-4144
-4441
-4650
-4807
-4910
-4926
-4879
-4811
-4706
-4511
-4233
-3909
-3479
-2892
-2213
-1509
-711
222
1176
2051
2920
3780
4496
5046
5529
5904
6056
6045
5996
5878
5606
5239
4864
4470
4016
3537
3072
2584
2068
1565
1083
583
56
-451
-911
-1323
-1675
-1952
-2141
-2225
-2179
-2034
-1807
-1478
-1069
-633
-208
214
591
862
1031
1109
1076
911
634
270
-158
-639
-1175
-1735
-2255
-2718
-3173
-3599
-3951
-4246
-4512
-4723
-4852
-4922
-4970
-4981
-4928
-4795
-4587
-4272
-3792
-3166
-2476
-1709
-770
282
1289
2256
3253
4172
4902
5526
6075
6406
6502
6523
6486
6299
5975
5613
5215
4750
4247
3735
3193
2616
2044
1480
907
294
-346
-968
-1531
-2017
-2439
-2763
-2950
-2999
-2926
-2726
-2377
-1917
-1409
-862
-286
266
707
1037
1284
1420
1391
1212
929
564
107
-439
-1033
-1611
-2146
-2669
-3161
-3589
-3979
-4332
-4620
-4837
-4997
-5111
-5178
-5210
-5187
-5073
-4846
-4462
-3884
-3172
-2389
-1467
-339
853
1988
3130
4277
5264
6052
6741
7258
7482
7503
7442
7255
6895
6429
5915
5344
4731
4100
3456
2788
2122
1478
842
193
-517
-1262
-1948
-2546
-3089
-3543
-3823
-3929
-3901
-3701
-3295
-2737
-2110
-1421
-660
87
709
1181
1551
1793
1840
1698
1433
1068
587
5
-643
-1302
-1919
-2502
-3059
-3544
-3973
-4360
-4673
-4914
-5093
-5222
-5288
-5304
-5285
-5193
-4994
-4653
-4119
-3396
-2577
-1681
-612
621
1853
3036
4230
5356
6268
6990
7576
7934
7999
7882
7671
7317
6795
6174
5522
4836
4112
3382
2662
1948
1254
594
-42
-717
-1450
-2153
-2779
-3345
-3834
-4169
-4317
-4306
-4122
-3735
-3170
-2495
-1750
-934
-94
653
1238
1677
1977
2089
2003
1761
1408
936
352
-305
-1003
-1674
-2287
-2869
-3406
-3860
-4244
-4558
-4802
-4981
-5097
-5160
-5158
-5097
-4979
-4781
-4486
-4027
-3365
-2565
-1696
-738
392
1623
2804
3940
5067
6060
6817
7390
7822
8011
7910
7660
7338
6863
6223
5539
4853
4129
3379
2653
1952
1265
604
-22
-617
-1244
-1901
-2521
-3067
-3543
-3931
-4168
-4216
-4097
-3817
-3363
-2766
-2068
-1311
-518
258
926
1437
1779
1958
1981
1824
1509
1098
597
-8
-668
-1310
-1901
-2460
-2984
-3438
-3811
-4124
-4371
-4552
-4684
-4766
-4796
-4751
-4640
-4497
-4275
-3950
-3491
-2864
-2106
-1273
-358
684
1818
2923
3957
4950
5827
6489
6964
7293
7421
7291
6995
6639
6169
5554
4895
4254
3589
2899
2233
1601
975
360
-220
-769
-1323
-1909
-2475
-2968
-3373
-3695
-3889
-3901
-3751
-3454
-3007
-2429
-1755
-1043
-320
373
963
1394
1650
1755
1731
1554
1224
808
335
-209
-786
-1329
-1821
-2280
-2704
-3080
-3389
-3646
-3868
-4041
-4166
-4246
-4269
-4231
-4120
-3980
-3783
-3472
-3052
-2498
-1800
-1008
-164
767
1796
2834
3783
4655
5448
6074
6496
6763
6868
6752
6454
6089
5661
5112
4495
3902
3310
2695
2096
1521
948
383
-157
-675
-1194
-1748
-2301
-2799
-3209
-3531
-3757
-3825
-3719
-3471
-3078
-2564
-1958
-1316
-675
-57
478
870
1113
1229
1249
1162
943
646
310
-70
-473
-862
-1212
-1546
-1881
-2193
-2472
-2728
-2974
-3212
-3405
-3558
-3663
-3708
-3691
-3629
-3529
-3323
-2989
-2542
-1962
-1264
-505
320
1241
2195
3093
3907
4655
5282
5726
6010
6150
6104
5889
5600
5258
4837
4346
3851
3373
2869
2357
1846
1332
819
309
-216
-748
-1312
-1908
-2478
-2977
-3380
-3696
-3884
-3882
-3708
-3391
-2955
-2418
-1812
-1202
-606
-50
408
745
974
1123
1193
1148
1009
831
606
338
54
-230
-512
-819
-1145
-1466
-1795
-2130
-2472
-2789
-3069
-3315
-3498
-3617
-3690
-3711
-3656
-3489
-3207
-2784
-2205
-1535
-810
16
943
1862
2715
3529
4284
4880
5296
5595
5750
5703
5527
5311
5049
4691
4282
3887
3472
2998
2502
2001
1479
931
359
-234
-859
-1513
-2169
-2784
-3308
-3727
-4028
-4158
-4088
-3848
-3480
-3001
-2414
-1771
-1121
-486
102
602
998
1306
1530
1650
1648
1558
1414
1207
938
623
283
-79
-472
-885
-1311
-1748
-2189
-2607
-2982
-3308
-3588
-3798
-3937
-4016
-4029
-3953
-3772
-3476
-3009
-2383
-1685
-930
-54
917
1861
2738
3597
4378
4966
5391
5721
5890
5841
5662
5460
5194
4813
4381
3950
3480
2946
2394
1842
1266
651
13
-635
-1286
-1945
-2586
-3158
-3616
-3968
-4184
-4220
-4071
-3778
-3372
-2848
-2224
-1551
-870
-201
416
940
1370
1726
1989
2123
2130
2054
1911
1679
1360
978
553
86
-405
-908
-1415
-1931
-2434
-2887
-3276
-3611
-3895
-4102
-4221
-4280
-4276
-4168
-3961
-3642
-3149
-2500
-1795
-1043
-153
829
1754
2616
3479
4242
4808
5250
5604
5771
5723
5588
5416
5131
4730
4294
3832
3304
2734
2154
1561
948
313
-341
-991
-1625
-2245
-2831
-3315
-3671
-3916
-4026
-3958
-3730
-3388
-2936
-2376
-1736
-1068
-379
307
934
1453
1883
2245
2504
2629
2641
2567
2392
2105
1712
1246
723
146
-459
-1054
-1636
-2212
-2753
-3228
-3626
-3969
-4251
-4439
-4525
-4559
-4529
-4390
-4155
-3802
-3285
-2642
-1959
-1202
-295
672
1566
2429
3300
4041
4603
5089
5469
5622
5598
5532
5388
5079
4662
4230
3759
3216
2632
2033
1413
788
169
-454
-1062
-1667
-2262
-2799
-3230
-3544
-3759
-3845
-3760
-3539
-3207
-2744
-2168
-1534
-860
-140
590
1256
1810
2270
2643
2904
3034
3054
2971
2758
2416
1952
1403
803
155
-539
-1220
-1859
-2467
-3031
-3519
-3918
-4259
-4541
-4720
-4797
-4831
-4809
-4674
-4431
-4063
-3512
-2855
-2169
-1364
-381
633
1569
2517
3472
4235
4808
5341
5746
5867
5829
5771
5589
5205
4727
4243
3718
3133
2516
1867
1198
562
-42
-646
-1239
-1826
-2410
-2934
-3343
-3637
-3847
-3925
-3824
-3591
-3240
-2738
-2102
-1402
-657
138
938
1658
2254
2731
3089
3308
3372
3311
3142
2833
2376
1792
1129
443
-273
-1023
-1750
-2406
-3006
-3551
-3998
-4350
-4634
-4858
-4976
-5001
-5006
-4961
-4794
-4516
-4096
-3482
-2764
-2017
-1133
-66
1010
2007
3028
4031
4793
5348
5873
6246
6304
6198
6069
5795
5306
4744
4190
3590
2944
2293
1614
910
259
-333
-924
-1505
-2069
-2612
-3097
-3459
-3701
-3858
-3875
-3715
-3427
-3023
-2471
-1781
-1019
-227
598
1412
2123
2693
3132
3434
3566
3509
3323
3027
2592
2010
1309
554
-210
-981
-1755
-2483
-3121
-3681
-4172
-4562
-4842
-5051
-5189
-5214
-5155
-5094
-4991
-4768
-4428
-3953
-3300
-2531
-1725
-807
282
1394
2418
3431
4414
5176
5712
6193
6539
6585
6430
6234
5929
5415
4802
4205
3590
2928
2264
1598
913
260
-342
-917
-1484
-2042
-2567
-3009
-3340
-3573
-3710
-3711
-3543
-3236
-2823
-2284
-1605
-849
-81
704
1474
2147
2682
3087
3369
3471
3368
3127
2786
2315
1708
998
240
-529
-1284
-2017
-2705
-3309
-3819
-4253
-4618
-4888
-5075
-5190
-5199
-5129
-5048
-4934
-4718
-4401
-3981
-3390
-2637
-1851
-1018
-7
1108
2136
3092
4052
4883
5463
5923
6318
6479
6359
6137
5885
5478
4913
4333
3760
3143
2516
1918
1318
714
139
-404
-942
-1481
-2013
-2490
-2857
-3136
-3347
-3440
-3377
-3161
-2812
-2359
-1767
-1058
-324
405
1140
1815
2359
2772
3059
3192
3128
2889
2535
2081
1502
820
91
-649
-1375
-2060
-2684
-3240
-3714
-4093
-4393
-4631
-4800
-4900
-4919
-4857
-4765
-4665
-4491
-4219
-3878
-3412
-2743
-1959
-1195
-344
716
1800
2739
3649
4564
5268
5735
6140
6440
6443
6201
5923
5588
5078
4483
3900
3282
2628
2019
1447
862
300
-205
-698
-1193
-1678
-2156
-2579
-2881
-3102
-3268
-3318
-3202
-2940
-2572
-2085
-1455
-746
-41
674
1381
1986
2444
2779
2974
2991
2824
2507
2082
1553
921
218
-501
-1206
-1875
-2479
-3005
-3462
-3846
-4141
-4354
-4510
-4621
-4686
-4670
-4589
-4500
-4391
-4185
-3883
-3510
-2980
-2243
-1440
-655
266
1366
2402
3299
4211
5068
5665
6067
6423
6600
6456
6140
5804
5351
4743
4117
3502
2836
2174
1571
986
402
-127
-606
-1081
-1546
-2000
-2454
-2827
-3068
-3237
-3353
-3336
-3144
-2824
-2412
-1862
-1177
-465
235
946
1613
2146
2538
2809
2915
2830
2586
2227
1754
1173
524
-152
-832
-1497
-2109
-2641
-3114
-3531
-3877
-4135
-4321
-4446
-4537
-4602
-4606
-4526
-4404
-4263
-4032
-3684
-3240
-2647
-1869
-1020
-180
774
1859
2856
3709
4563
5355
5879
6203
6467
6546
6322
5954
5579
5094
4456
3804
3185
2546
1901
1298
718
164
-344
-821
-1284
-1717
-2140
-2564
-2910
-3124
-3253
-3318
-3247
-3001
-2635
-2186
-1611
-898
-144
575
1265
1912
2424
2782
3011
3080
2942
2625
2204
1698
1076
368
-342
-1029
-1709
-2344
-2886
-3352
-3764
-4106
-4351
-4502
-4584
-4622
-4637
-4612
-4509
-4349
-4166
-3918
-3563
-3117
-2546
-1779
-910
-55
865
1926
2940
3772
4554
5323
5864
6132
6316
6380
6152
5723
5299
4846
4244
3580
2969
2379
1783
1218
672
138
-331
-755
-1189
-1600
-1960
-2328
-2692
-2944
-3058
-3108
-3064
-2840
-2466
-2023
-1494
-834
-96
639
1316
1932
2444
2797
3009
3076
2968
2657
2202
1679
1091
411
-317
-1009
-1658
-2298
-2886
-3369
-3771
-4117
-4391
-4557
-4628
-4645
-4618
-4544
-4409
-4218
-4005
-3747
-3396
-2964
-2457
-1791
-966
-125
701
1645
2658
3521
4225
4927
5528
5847
5983
6064
5951
5554
5073
4635
4124
3492
2874
2319
1770
1242
760
274
-185
-563
-911
-1276
-1609
-1904
-2220
-2516
-2680
-2730
-2724
-2598
-2298
-1880
-1411
-852
-201
473
1105
1670
2145
2471
2644
2686
2593
2328
1898
1376
815
207
-451
-1103
-1694
-2246
-2784
-3254
-3617
-3903
-4132
-4288
-4353
-4350
-4301
-4205
-4052
-3829
-3565
-3292
-2971
-2555
-2083
-1557
-892
-120
637
1381
2223
3079
3767
4332
4880
5284
5436
5465
5437
5217
4776
4297
3846
3330
2746
2197
1709
1251
843
469
105
-218
-483
-747
-1025
-1280
-1521
-1776
-2005
-2142
-2200
-2192
-2073
-1815
-1450
-1010
-500
64
634
1157
1613
1971
2180
2241
2177
1992
1664
1207
684
133
-448
-1052
-1625
-2139
-2613
-3055
-3429
-3704
-3894
-4011
-4056
-4042
-3983
-3869
-3710
-3510
-3246
-2939
-2630
-2287
-1870
-1423
-967
-408
288
976
1598
2283
3022
3623
4086
4534
4889
5014
4990
4947
4778
4389
3917
3482
3020
2487
1964
1514
1115
750
419
125
-128
-353
-579
-815
-1041
-1259
-1483
-1688
-1846
-1944
-1977
-1920
-1751
-1476
-1110
-682
-200
301
778
1200
1556
1792
1879
1842
1710
1452
1060
599
119
-398
-959
-1501
-1981
-2421
-2826
-3167
-3428
-3605
-3685
-3687
-3644
-3559
-3410
-3217
-3014
-2774
-2482
-2194
-1914
-1579
-1197
-843
-444
122
749
1285
1827
2476
3081
3523
3925
4315
4525
4533
4508
4431
4147
3710
3290
2885
2411
1916
1487
1119
773
459
187
-43
-241
-430
-628
-814
-979
-1164
-1356
-1519
-1638
-1718
-1734
-1650
-1471
-1215
-880
-479
-49
361
751
1112
1381
1519
1542
1483
1321
1026
640
214
-245
-746
-1258
-1719
-2110
-2447
-2734
-2951
-3075
-3104
-3074
-3002
-2874
-2693
-2497
-2318
-2132
-1927
-1742
-1598
-1418
-1173
-946
-714
-340
158
622
1058
1601
2192
2657
3038
3434
3739
3829
3807
3766
3602
3262
2882
2556
2228
1860
1533
1292
1082
862
658
500
359
197
5
-180
-346
-555
-817
-1067
-1278
-1475
-1641
-1698
-1645
-1524
-1329
-1025
-650
-280
78
448
778
1004
1116
1143
1092
934
670
341
-23
-412
-830
-1231
-1562
-1816
-2026
-2192
-2274
-2269
-2233
-2185
-2093
-1955
-1831
-1755
-1682
-1600
-1552
-1557
-1543
-1459
-1349
-1235
-1023
-660
-246
168
663
1254
1801
2252
2679
3069
3299
3356
3349
3272
3067
2772
2495
2253
1996
1743
1558
1423
1278
1125
987
856
694
481
245
1
-274
-606
-962
-1286
-1567
-1812
-1986
-2030
-1948
-1791
-1549
-1184
-739
-294
122
544
925
1167
1272
1308
1275
1110
836
537
227
-133
-516
-839
-1090
-1311
-1507
-1624
-1669
-1696
-1726
-1742
-1740
-1744
-1781
-1837
-1880
-1915
-1966
-2023
-2025
-1955
-1838
-1673
-1400
-994
-517
-12
550
1156
1716
2174
2562
2890
3089
3133
3094
3017
2861
2628
2392
2197
2000
1789
1623
1499
1368
1213
1061
900
691
436
163
-133
-472
-830
-1170
-1476
-1737
-1920
-1993
-1960
-1825
-1588
-1246
-824
-361
118
584
998
1315
1520
1615
1614
1507
1300
1030
722
385
41
-288
-584
-840
-1059
-1237
-1369
-1468
-1557
-1649
-1759
-1873
-1984
-2104
-2236
-2350
-2421
-2465
-2496
-2468
-2341
-2146
-1907
-1571
-1097
-559
-37
494
1056
1570
1957
2266
2546
2730
2768
2738
2719
2658
2498
2318
2196
2076
1906
1741
1633
1522
1340
1130
942
738
469
165
-119
-403
-731
-1050
-1297
-1464
-1581
-1629
-1556
-1368
-1113
-803
-416
25
447
825
1167
1448
1618
1666
1627
1509
1304
1030
736
444
145
-154
-430
-668
-887
-1097
-1283
-1440
-1595
-1765
-1943
-2112
-2270
-2433
-2592
-2710
-2778
-2797
-2774
-2690
-2524
-2287
-2003
-1669
-1250
-758
-262
201
655
1107
1496
1802
2070
2310
2462
2507
2530
2563
2544
2446
2339
2262
2162
2004
1848
1710
1539
1315
1080
861
631
371
108
-127
-365
-619
-848
-1020
-1129
-1187
-1190
-1111
-947
-721
-442
-109
247
591
909
1196
1431
1572
1604
1546
1410
1202
944
669
395
103
-202
-484
-743
-995
-1248
-1470
-1662
-1852
-2049
-2236
-2394
-2539
-2674
-2784
-2849
-2863
-2830
-2745
-2601
-2393
-2131
-1839
-1516
-1145
-723
-282
142
551
963
1345
1667
1947
2203
2393
2489
2541
2594
2609
2548
2451
2358
2248
2086
1902
1730
1549
1340
1122
916
712
498
282
81
-115
-327
-529
-704
-837
-929
-979
-972
-893
-737
-518
-251
44
346
639
916
1147
1305
1367
1337
1225
1037
802
539
261
-37
-347
-641
-906
-1158
-1395
-1598
-1769
-1933
-2097
-2246
-2366
-2468
-2552
-2612
-2629
-2607
-2546
-2446
-2298
-2101
-1866
-1603
-1316
-998
-643
-263
116
486
854
1205
1514
1783
2027
2223
2342
2412
2468
2494
2467
2401
2330
2246
2122
1968
1810
1654
1481
1289
1095
906
705
491
278
68
-152
-373
-573
-728
-840
-909
-921
-861
-728
-545
-324
-80
167
409
636
833
971
1036
1018
928
776
578
349
96
-175
-454
-725
-967
-1186
-1384
-1555
-1702
-1837
-1964
-2075
-2167
-2245
-2304
-2338
-2337
-2301
-2238
-2148
-2027
-1875
-1693
-1485
-1252
-998
-721
-417
-90
250
596
947
1284
1593
1868
2095
2262
2365
2426
2452
2442
2397
2339
2270
2175
2056
1922
1785
1637
1466
1278
1079
866
638
398
157
-93
-348
-594
-809
-974
-1086
-1136
-1111
-1007
-849
-647
-419
-179
59
286
495
674
806
870
871
813
699
546
354
145
-80
-315
-539
-751
-946
-1129
-1296
-1445
-1587
-1713
-1830
-1936
-2033
-2120
-2190
-2231
-2243
-2221
-2167
-2077
-1951
-1792
-1599
-1380
-1131
-859
-562
-242
95
451
815
1179
1526
1843
2111
2315
2460
2551
2593
2598
2573
2524
2453
2359
2251
2119
1968
1796
1597
1376
1133
875
610
340
67
-208
-484
-755
-1005
-1211
-1355
-1423
-1411
-1325
-1169
-967
-728
-469
-206
46
281
491
663
786
853
858
801
695
551
383
200
7
-188
-381
-571
-754
-926
-1084
-1230
-1369
-1501
-1623
-1742
-1854
-1965
-2067
-2149
-2205
-2226
-2209
-2150
-2047
-1899
-1706
-1477
-1209
-914
-595
-252
106
476
848
1216
1570
1887
2153
2363
2515
2614
2665
2677
2661
2614
2535
2430
2303
2151
1978
1780
1557
1312
1048
777
500
219
-63
-346
-633
-911
-1160
-1365
-1502
-1561
-1537
-1434
-1266
-1048
-798
-533
-260
6
252
470
650
777
846
847
794
689
550
391
224
56
-108
-266
-424
-575
-721
-858
-988
-1114
-1243
-1370
-1502
-1635
-1769
-1904
-2026
-2125
-2190
-2213
-2186
-2106
-1970
-1778
-1537
-1256
-941
-601
-248
109
466
815
1148
1455
1727
1951
2124
2253
2340
2388
2401
2382
2337
2264
2171
2062
1933
1788
1624
1438
1234
1016
785
546
298
40
-223
-484
-727
-937
-1098
-1194
-1222
-1179
-1070
-913
-712
-481
-246
-4
228
433
604
729
799
812
768
673
546
398
246
95
-49
-188
-326
-460
-594
-729
-866
-1006
-1160
-1317
-1477
-1637
-1789
-1936
-2067
-2172
-2249
-2280
-2259
-2186
-2059
-1885
-1671
-1418
-1142
-841
-525
-206
111
417
708
976
1218
1432
1616
1772
1898
1991
2058
2093
2102
2093
2061
2010
1939
1841
1724
1587
1425
1249
1054
845
619
382
147
-74
-275
-435
-558
-634
-653
-625
-548
-426
-273
-89
107
297
483
644
769
858
892
875
816
712
590
449
298
147
-14
-174
-337
-506
-672
-849
-1032
-1224
-1422
-1618
-1805
-1977
-2135
-2270
-2379
-2453
-2486
-2478
-2416
-2308
-2159
-1969
-1753
-1511
-1242
-959
-663
-359
-59
229
502
754
987
1202
1395
1568
1715
1831
1923
1987
2026
2043
2035
2002
1940
1851
1731
1589
1425
1241
1043
834
618
400
194
7
-149
-274
-361
-407
-409
-363
-276
-147
11
191
381
570
747
902
1023
1100
1128
1110
1044
944
818
669
501
317
116
-96
-317
-544
-771
-1001
-1234
-1461
-1683
-1894
-2089
-2264
-2416
-2538
-2628
-2676
-2682
-2642
-2550
-2411
-2234
-2022
-1782
-1518
-1232
-930
-623
-310
-7
285
558
814
1054
1268
1458
1619
1750
1853
1929
1983
2011
2010
1986
1936
1857
1753
1627
1476
1307
1119
923
722
524
342
175
29
-91
-193
-268
-313
-320
-284
-208
-89
62
237
426
616
794
953
1084
1173
1213
1201
1140
1034
897
734
549
348
130
-105
-349
-596
-847
-1091
-1328
-1554
-1770
-1970
-2152
-2312
-2454
-2565
-2650
-2705
-2718
-2690
-2612
-2489
-2320
-2112
-1870
-1605
-1322
-1024
-722
-415
-115
177
453
710
952
1178
1381
1564
1719
1846
1944
2015
2064
2086
2086
2062
2012
1939
1846
1733
1596
1439
1264
1080
891
706
532
375
234
112
5
-83
-155
-200
-213
-188
-124
-20
115
271
437
597
745
864
949
990
982
923
819
673
494
294
83
-140
-369
-600
-834
-1060
-1280
-1484
-1674
-1852
-2013
-2158
-2282
-2380
-2454
-2505
-2535
-2538
-2509
-2447
-2341
-2192
-2005
-1784
-1542
-1280
-1005
-722
-434
-143
141
411
658
888
1100
1294
1475
1638
1781
1897
1988
2052
2093
2112
2111
2089
2045
1980
1891
1788
1663
1519
1359
1189
1010
831
656
490
339
203
77
-36
-133
-206
-252
-260
-232
-165
-64
59
195
327
446
539
598
619
593
525
417
271
99
-89
-288
-490
-692
-894
-1087
-1271
-1436
-1587
-1720
-1840
-1949
-2038
-2112
-2164
-2194
-2204
-2196
-2165
-2107
-2021
-1897
-1744
-1557
-1352
-1131
-898
-656
-404
-143
120
377
620
843
1042
1222
1389
1544
1683
1806
1905
1981
2031
2056
2058
2045
2013
1962
1892
1800
1689
1557
1412
1253
1086
912
738
568
408
259
125
6
-100
-191
-261
-307
-328
-318
-280
-217
-133
-43
42
112
157
173
154
108
31
-73
-194
-330
-477
-629
-783
-936
-1083
-1219
-1341
-1447
-1536
-1613
-1678
-1728
-1762
-1781
-1784
-1770
-1739
-1693
-1629
-1545
-1438
-1310
-1168
-1012
-849
-678
-498
-308
-107
105
318
526
726
912
1088
1251
1402
1534
1651
1746
1823
1879
1913
1932
1933
1919
1886
1833
1755
1654
1533
1394
1241
1077
908
741
580
430
289
157
36
-71
-163
-234
-287
-316
-323
-308
-274
-230
-181
-137
-107
-96
-108
-142
-203
-279
-370
-464
-564
-670
-778
-891
-1004
-1115
-1218
-1309
-1390
-1457
-1508
-1546
-1568
-1574
-1565
-1543
-1512
-1470
-1411
-1338
-1250
-1145
-1027
-900
-765
-620
-469
-308
-137
42
228
411
596
777
954
1122
1278
1416
1535
1635
1715
1778
1823
1847
1857
1851
1821
1772
1698
1602
1482
1346
1194
1032
865
700
539
390
246
114
-4
-110
-197
-267
-318
-348
-357
-351
-327
-296
-261
-229
-207
-196
-204
-231
-275
-336
-407
-485
-564
-649
-736
-826
-919
-1010
-1095
-1175
-1243
-1301
-1346
-1378
-1397
-1399
-1391
-1370
-1340
-1295
-1239
-1168
-1080
-978
-862
-736
-600
-456
-300
-137
32
204
380
554
722
885
1037
1175
1295
1395
1476
1537
1579
1604
1613
1606
1585
1548
1496
1428
1347
1246
1135
1012
883
746
606
469
336
212
96
-5
-91
-162
-217
-256
-282
-294
-294
-288
-273
-257
-240
-226
-219
-222
-236
-266
-305
-356
-413
-478
-539
-604
-667
-730
-792
-848
-901
-945
-983
-1017
-1040
-1058
-1069
-1072
-1067
-1051
-1027
-994
-947
-889
-817
-734
-641
-543
-436
-324
-210
-93
25
147
265
381
493
601
704
797
885
961
1027
1086
1133
1168
1189
1199
1197
1183
1159
1125
1083
1031
977
917
851
779
703
623
538
456
371
290
219
151
89
32
-19
-68
-117
-164
-209
-254
-297
-337
-377
-416
-454
-494
-535
-579
-627
-673
-723
-771
-815
-859
-892
-917
-934
-941
-938
-928
-907
-879
-842
-801
-752
-696
-637
-570
-504
-432
-361
-279
-193
-107
-14
80
176
271
361
450
532
603
664
716
756
785
803
813
817
817
810
803
794
785
771
753
731
706
671
633
589
537
483
425
368
312
262
217
179
149
122
99
80
62
46
28
7
-18
-46
-78
-112
-150
-192
-234
-282
-330
-376
-422
-469
-513
-553
-592
-628
-665
-697
-722
-746
-763
-779
-790
-801
-806
-805
-798
-785
-762
-732
-696
-648
-596
-535
-469
-399
-325
-249
-169
-90
-10
66
143
218
288
357
423
485
541
595
647
691
730
759
783
800
812
816
813
805
791
771
746
715
677
632
583
531
475
417
363
309
256
204
154
105
59
12
-34
-80
-126
-169
-210
-246
-280
-308
-333
-354
-375
-395
-413
-433
-450
-468
-484
-495
-504
-509
-509
-503
-493
-479
-461
-440
-417
-390
-360
-328
-296
-263
-230
-197
-165
-133
-99
-61
-20
20
60
101
139
176
208
236
257
274
285
289
292
291
288
282
278
273
268
265
260
254
248
239
226
210
191
173
154
133
112
96
80
69
62
56
55
57
58
59
61
62
63
61
54
48
37
23
8
-6
-24
-42
-57
-70
-82
-95
-106
-118
-131
-145
-155
-160
-167
-173
-180
-188
-193
-195
-194
-190
-183
-175
-164
-150
-139
-124
-108
-89
-74
-58
-41
-26
-12
1
15
27
36
46
51
53
57
63
65
67
68
70
71
69
69
69
68
66
64
60
58
54
49
43
40
38
36
35
32
30
27
25
23
22
21
17
14
11
7
2
-1
-4
-6
-8
-12
-16
-20
-24
-26
-28
-29
-29
-32
-33
-37
-38
-36
-34
-32
-30
-29
-29
-26
-20
-16
-11
-9
-6
-5
-3
1
4
9
13
16
18
19
21
25
27
30
30
32
35
37
38
40
40
45
49
51
51
51
53
52
51
50
48
45
42
37
33
27
23
17
9
3
-4
-13
-18
-24
-29
-33
-41
-44
-49
-53
-57
-65
-71
-75
-82
-83
-83
-83
-81
-82
-81
-82
-82
-79
-76
-70
-66
-60
-56
-53
-50
-45
-38
-32
-23
-17
-10
-3
4
13
21
27
33
39
43
50
54
61
67
71
79
83
87
89
92
96
97
98
98
101
101
102
103
101
100
99
94
89
85
79
73
69
64
58
53
45
40
32
22
14
6
-5
-14
-22
-31
-41
-48
-59
-67
-76
-83
-90
-98
-103
-111
-117
-120
-127
-131
-133
-137
-138
-138
-139
-140
-137
-136
-134
-128
-123
-117
-112
-105
-97
-91
-81
-72
-62
-54
-42
-31
-22
-12
-1
11
22
34
45
56
64
75
87
96
106
114
123
131
138
144
148
153
156
159
159
162
164
164
163
159
157
153
147
141
136
129
121
112
103
94
83
71
60
45
34
23
11
-3
-13
-24
-37
-49
-62
-73
-84
-96
-106
-115
-124
-133
-140
-146
-153
-159
-162
-163
-165
-168
-166
-167
-167
-166
-164
-162
-156
-150
-144
-138
-131
-125
-117
-108
-100
-88
-76
-65
-52
-38
-25
-12
0
12
27
40
54
67
81
93
106
118
128
137
144
153
160
170
175
180
183
186
187
186
184
182
180
176
171
165
158
151
140
129
119
108
96
82
68
55
43
28
11
-5
-21
-37
-51
-66
-82
-95
-108
-119
-132
-145
-155
-164
-172
-180
-187
-191
-194
-197
-197
-199
-197
-198
-194
-190
-184
-177
-169
-158
-145
-135
-124
-110
-98
-84
-71
-58
-40
-25
-8
7
22
37
50
64
78
92
107
120
135
146
155
163
171
178
183
189
194
199
201
204
205
203
198
193
187
177
171
164
156
147
136
126
113
99
84
67
49
36
21
5
-12
-28
-44
-59
-75
-91
-105
-120
-132
-144
-157
-167
-176
-183
-191
-200
-208
-212
-212
-212
-211
-207
-203
-199
-195
-190
-187
-179
-168
-157
-142
-130
-116
-100
-85
-71
-57
-43
-27
-11
6
24
41
59
75
90
104
116
125
137
151
162
173
183
190
197
202
207
208
208
206
205
203
201
196
192
187
182
173
161
147
135
121
110
95
80
66
54
41
25
7
-10
-27
-43
-56
-73
-89
-101
-115
-127
-141
-153
-163
-172
-180
-188
-194
-197
-200
-202
-204
-205
-205
-204
-198
-192
-185
-173
-165
-158
-149
-137
-128
-118
-105
-92
-75
-59
-42
-26
-11
4
15
29
40
51
66
82
96
110
121
133
144
152
158
163
169
176
181
185
187
189
192
193
192
188
182
176
169
162
153
145
138
132
121
110
99
84
71
58
42
25
12
-1
-10
-24
-37
-49
-62
-73
-85
-99
-113
-125
-133
-141
-151
-159
-162
-165
-170
-175
-179
-182
-180
-182
-180
-179
-176
-168
-164
-155
-148
-140
-133
-124
-116
-107
-97
-85
-73
-61
-46
-32
-21
-6
6
16
28
38
49
60
71
82
96
107
117
124
129
135
140
144
147
152
155
158
158
158
158
155
153
150
144
137
130
124
117
110
100
93
85
78
68
55
45
32
23
10
-1
-10
-21
-29
-38
-47
-55
-64
-74
-81
-90
-98
-102
-107
-111
-114
-118
-119
-121
-123
-124
-125
-123
-121
-119
-114
-112
-107
-101
-95
-91
-84
-79
-72
-65
-58
-52
-46
-36
-29
-19
-12
-3
5
12
18
25
31
37
43
51
54
59
64
69
73
76
78
79
81
82
82
82
82
81
80
77
75
71
69
65
61
57
54
49
44
42
37
31
26
22
16
11
6
2
-3
-8
-12
-18
-21
-23
-24
-27
-31
-32
-32
-35
-38
-37
-38
-39
-39
-38
-38
-36
-35
-32
-32
-30
-29
-28
-25
-23
-21
-18
-15
-12
-11
-10
-7
-5
-3
0
1
3
2
5
5
5
6
6
7
7
6
6
6
8
8
6
6
5
5
6
5
4
5
4
4
4
4
3
2
2
2
3
2
3
2
2
2
2
1
1
0
1
0
1
-1
-3
-3
-1
-2
-2
-4
-2
0
-1
-1
-3
-3
-3
-3
-3
-4
-4
-2
-2
-4
-4
-3
-2
-4
-2
-3
-2
-3
-2
-1
-2
-2
-3
-2
-2
-2
-1
-2
-2
-1
0
-1
1
0
0
-1
-1
0
0
1
2
3
2
2
3
1
3
1
2
0
2
3
3
3
3
2
3
4
2
2
2
2
2
2
3
3
2
1
0
0
1
2
4
2
2
2
2
1
2
2
4
3
2
1
1
1
1
1
2
4
1
0
0
1
1
0
0
1
0
1
0
0
0
0
0
1
0
0
0
-1
-1
-1
-3
-4
-2
0
1
0
-2
-2
-2
-1
-1
-1
0
1
0
-1
-1
-1
-1
-1
-2
0
0
-2
-2
-3
-2
-3
-1
0
1
-1
-2
-2
-1
-1
-1
-1
-2
-2
-3
-1
0
-1
-1
0
0
-1
0
-1
0
0
0
-2
-3
-3
-2
-1
-1
0
0
0
0
0
0
-1
-1
0
-2
-1
-1
-2
-2
-1
-2
-1
0
2
0
0
0
0
0
-1
1
-1
1
1
1
1
-2
1
2
0
2
0
0
-1
-1
0
2
4
6
4
3
2
0
1
3
5
5
4
4
3
2
1
2
4
5
4
3
2
2
2
2
1
2
1
1
0
2
1
1
2
0
-1
-1
-2
-1
0
0
-1
0
-1
-4
-3
-4
-4
-3
-4
-3
-3
-3
-4
-4
-5
-6
-6
-5
-5
-6
-7
-7
-6
-5
-5
-7
-7
-6
-6
-5
-4
-6
-6
-6
-8
-7
-5
-6
-3
-2
-3
-5
-3
-4
-5
-3
-1
1
0
0
-1
-1
0
2
4
4
4
3
4
3
5
6
7
8
7
7
8
8
8
9
8
10
11
10
10
10
11
11
10
10
10
9
10
10
9
10
10
9
9
8
8
9
9
9
9
9
9
9
9
7
7
6
5
5
6
4
5
5
3
3
3
0
-2
-2
-3
-1
-2
-4
-4
-3
-5
-4
-6
-7
-7
-8
-7
-10
-10
-11
-11
-11
-9
-10
-11
-11
-13
-15
-16
-15
-16
-16
-16
-14
-15
-14
-15
-14
-15
-15
-16
-17
-14
-14
-14
-14
-13
-13
-12
-12
-13
-12
-13
-12
-10
-10
-10
-8
-8
-6
-8
-7
-5
-3
-2
-1
-1
-1
2
2
4
4
4
4
3
6
7
9
9
11
13
12
13
14
15
14
15
15
16
17
17
17
18
19
18
19
18
17
18
19
18
19
18
19
17
16
17
18
17
17
18
16
16
14
14
14
13
12
9
8
10
8
8
8
8
6
5
4
2
3
1
0
-2
-3
-4
-4
-3
-5
-6
-8
-8
-9
-9
-9
-11
-12
-13
-14
-13
-14
-14
-16
-17
-17
-18
-18
-17
-18
-18
-18
-19
-17
-18
-17
-17
-17
-18
-18
-17
-18
-17
-15
-15
-15
-14
-14
-14
-12
-10
-11
-11
-11
-9
-8
-7
-6
-7
-7
-7
-5
-3
-1
0
0
1
2
3
3
3
4
4
3
4
6
6
8
7
8
8
10
11
10
11
10
12
13
13
13
14
15
13
14
14
14
14
14
14
12
12
11
11
11
12
12
12
13
12
11
10
9
9
8
6
6
6
6
7
6
6
7
5
4
5
3
2
3
1
1
0
-1
0
-2
-2
-1
-3
-3
-2
-3
-3
-3
-5
-5
-7
-8
-7
-7
-8
-9
-8
-8
-8
-7
-6
-7
-7
-7
-8
-8
-7
-6
-5
-7
-7
-7
-6
-7
-7
-6
-7
-8
-6
-6
-3
-4
-3
-4
-4
-4
-4
-3
-2
-2
-2
-1
-2
0
0
-1
-1
-1
0
-1
0
0
0
2
2
1
2
1
4
3
1
2
1
2
2
2
2
2
3
2
2
2
2
2
3
3
2
2
1
2
1
2
2
0
0
0
1
1
-1
-1
2
2
3
2
3
0
0
1
0
-1
0
0
0
2
1
1
0
0
0
-1
0
-1
-1
0
-1
-1
1
-1
-1
-1
-1
-2
0
0
1
1
0
0
-1
0
-1
-1
0
-1
0
-1
0
0
0
0
-1
1
1
1
2
0
1
0
0
1
0
1
1
0
0
1
2
1
0
1
0
0
0
1
0
-2
0
1
-1
0
-1
0
0
1
2
1
2
1
0
1
1
-1
-1
-1
0
-1
-1
-1
-2
-1
0
0
2
2
3
2
1
1
-1
0
0
1
0
0
0
-1
-1
-2
-1
-1
-2
-2
-1
0
-1
0
0
0
0
1
1
0
-1
-1
-1
-1
-1
0
1
0
1
0
-1
-2
-2
-1
-1
0
2
1
3
3
2
1
1
2
2
1
2
1
2
1
1
0
1
1
1
0
0
0
1
1
2
0
0
0
-2
0
-1
0
-1
0
-1
0
1
-2
-1
0
0
-1
1
0
1
1
0
-1
-1
-1
-2
-1
-1
-1
-1
0
0
0
1
0
1
-1
0
0
-1
1
1
2
1
1
0
-2
-2
-1
-1
-1
-2
-2
-1
-1
0
0
-2
0
1
0
0
1
0
1
0
-2
-2
-2
0
-1
-1
-2
-2
-2
-1
1
0
3
2
2
3
4
3
0
0
0
-1
-1
-2
-2
-1
-2
-1
-1
-1
1
0
0
1
1
1
-2
-2
-1
0
-1
-2
-3
-3
-2
1
1
1
1
1
0
1
1
1
1
-2
-2
-1
-2
-1
1
1
1
2
3
1
2
3
2
2
1
1
1
0
2
1
0
0
0
2
-1
0
1
0
1
1
-1
0
0
-1
0
0
1
1
1
1
1
1
1
1
1
1
0
0
0
-1
0
0
1
0
0
0
0
-1
-2
-3
-1
-2
-2
-4
-2
-1
1
3
1
0
0
-1
-1
-2
-1
0
-2
0
0
0
2
1
0
0
1
-1
0
-1
-1
-1
-1
-2
-2
-1
0
1
1
1
-1
0
-1
0
1
0
2
0
-1
1
0
0
-1
0
1
2
1
1
1
0
0
1
0
0
1
0
-1
0
-1
0
0
0
-1
0
1
1
0
1
1
0
2
1
1
1
-1
-1
0
1
-1
-1
-1
2
1
0
1
0
0
0
1
0
-1
1
-1
0
-2
0
0
-2
0
-2
-1
-1
0
1
-1
1
0
-1
0
1
2
0
0
-1
1
1
1
0
0
1
